,DOY,INSgdmax,RADmax,RAINmax,RHmax,TMAXmax,TMINmax,Tmax,WINDmax,YEAR,DOY,INSgdmin,RADmin,RAINmin,RHmin,TMAXmin,TMINmin,Tmin,WINDmin,YEAR,DOY,INSgdmean,RADmean,RAINmean,RHmean,TMAXmean,TMINmean,Tmean,WINDmean,YEAR,NDVI,EVI,RED,NIR,BLUE,MIR,pixrel
0,113.0,29.41,29.92,13.42,93.06,25.92,10.59,17.27,8.18,2000.0,113.0,2.66,22.86,0.0,38.68,2.47,-3.64,0.18,2.84,2000.0,113.0,17.417333333333335,26.302000000000003,2.372,63.602,16.698666666666664,4.63,10.63533333333333,4.339333333333333,2000.0,3771.61,2306.16,1139.21,2526.31,573.43,1578.98,0.1
1,129.0,29.12,33.12,15.7,87.02,30.55,19.05,23.67,7.07,2000.0,129.0,5.4,27.14,0.0,24.77,13.72,5.96,10.04,1.69,2000.0,129.0,20.491333333333337,29.785333333333327,3.0353333333333334,49.514,24.516666666666673,12.126666666666667,18.418666666666663,4.719333333333333,2000.0,4293.88,2629.01,1036.93,2592.86,527.98,1940.67,0.21
2,145.0,30.6,32.58,20.99,93.29,30.25,17.99,22.61,6.57,2000.0,145.0,2.95,24.37,0.0,27.68,14.2,4.79,9.06,1.78,2000.0,145.0,17.833333333333332,29.63733333333333,3.781999999999999,65.06800000000001,22.68666666666667,11.446,17.090666666666667,4.145999999999999,2000.0,5033.81,3340.06,1002.67,3017.97,517.02,2119.31,0.08
3,161.0,30.1,34.31,23.36,90.2,37.73,20.06,27.91,8.46,2000.0,161.0,7.2,28.69,0.0,39.01,19.01,7.22,13.62,2.67,2000.0,161.0,20.520666666666667,30.993333333333336,3.1106666666666665,62.284,25.799333333333333,13.81733333333333,19.792666666666666,4.788666666666667,2000.0,6848.25,4769.43,665.76,3493.2,349.82,1877.18,0.05
4,177.0,32.58,34.92,26.67,81.5,32.97,19.26,25.24,7.16,2000.0,177.0,5.72,26.64,0.0,33.91,24.23,10.9,17.85,1.62,2000.0,177.0,26.02466666666667,30.176,5.688666666666666,59.05666666666666,28.141333333333343,14.946,21.292666666666666,3.8099999999999996,2000.0,8154.63,6204.6,408.63,4117.53,222.35,943.81,0.0
5,193.0,31.39,35.93,24.54,90.74,33.1,22.14,26.43,5.73,2000.0,193.0,6.73,30.56,0.0,59.04,22.34,12.0,16.86,1.1,2000.0,193.0,22.463333333333335,33.07866666666667,6.938,75.31800000000001,29.61466666666667,18.414,23.429333333333332,3.0260000000000002,2000.0,8442.69,6477.93,346.56,4211.84,190.07,1404.11,0.0
6,209.0,29.2,34.38,10.8,74.11,35.4,21.44,26.54,5.65,2000.0,209.0,13.43,28.8,0.0,46.53,26.18,10.47,17.85,1.05,2000.0,209.0,21.814000000000007,31.730000000000004,1.8506666666666667,59.052666666666674,29.570666666666668,16.160666666666668,22.160000000000004,2.8646666666666665,2000.0,8491.42,6357.39,325.76,4078.52,174.81,684.65,1.0
7,225.0,27.54,34.88,8.88,79.18,33.54,22.19,25.96,5.19,2000.0,225.0,6.3,28.8,0.0,54.88,25.84,12.23,18.06,1.24,2000.0,225.0,20.73,32.242,1.5033333333333334,67.19933333333333,30.780666666666672,17.17666666666667,23.187333333333335,3.44,2000.0,7426.73,4760.41,450.29,3131.32,240.33,955.12,0.1
8,241.0,21.02,35.35,7.36,79.14,35.14,20.18,26.47,5.24,2000.0,241.0,6.77,31.14,0.0,52.23,23.53,12.9,18.77,1.3,2000.0,241.0,14.451333333333334,32.994,2.576,68.40066666666668,30.592666666666663,16.434,22.709999999999994,3.1533333333333333,2000.0,5254.44,3203.08,820.11,2660.76,429.87,1837.17,0.0
9,257.0,22.18,33.19,10.02,68.58,33.19,19.82,26.18,7.69,2000.0,257.0,4.28,27.32,0.0,30.55,18.81,6.49,13.7,1.83,2000.0,257.0,17.541999999999998,30.011333333333326,1.4706666666666666,46.698,27.497333333333337,13.322666666666667,20.323333333333334,4.438000000000001,2000.0,4567.33,2765.25,995.03,2660.3,472.78,1789.29,0.0
10,273.0,17.93,30.67,6.34,84.21,30.8,15.15,21.22,7.41,2000.0,273.0,3.71,25.56,0.0,33.81,7.97,-3.38,1.95,2.11,2000.0,273.0,11.078666666666665,28.270000000000003,1.9853333333333334,54.64666666666667,19.316000000000006,7.568666666666668,12.849333333333334,4.269333333333334,2000.0,3754.43,2315.02,1164.18,2556.27,580.06,1748.93,0.3
11,289.0,17.96,31.07,5.21,78.19,28.14,14.05,19.74,6.45,2000.0,289.0,2.95,22.68,0.0,31.81,6.13,-5.44,0.8,1.88,2000.0,289.0,12.702666666666666,27.101999999999997,0.6986666666666665,51.583999999999996,19.61533333333334,6.066,12.803333333333335,3.6719999999999997,2000.0,3297.32,1679.67,968.45,1914.91,483.15,1977.17,0.01
12,305.0,13.25,32.47,24.21,99.17,21.0,16.79,18.61,7.33,2000.0,305.0,1.87,23.18,0.0,48.88,2.83,-8.53,-3.54,2.4,2000.0,305.0,7.188666666666665,27.628666666666668,4.048,78.09333333333333,15.04,7.138,11.02,4.950666666666667,2000.0,3414.56,1766.34,955.95,1953.95,475.94,1940.68,0.0
