,DOY,INSgdmax,RADmax,RAINmax,RHmax,TMAXmax,TMINmax,Tmax,WINDmax,YEAR,DOY,INSgdmin,RADmin,RAINmin,RHmin,TMAXmin,TMINmin,Tmin,WINDmin,YEAR,DOY,INSgdmean,RADmean,RAINmean,RHmean,TMAXmean,TMINmean,Tmean,WINDmean,YEAR,NDVI,EVI,RED,NIR,BLUE,MIR,pixrel
0,113.0,28.87,29.99,4.63,81.76,28.24,16.19,20.18,6.36,2000.0,113.0,4.03,25.7,0.0,30.99,8.67,0.01,4.03,1.86,2000.0,113.0,17.615333333333336,28.417333333333332,1.29,53.289333333333346,20.128666666666668,7.779333333333333,13.97733333333333,3.89,2000.0,3089.29,1996.29,1458.17,2755.25,685.98,1634.88,0.01
1,129.0,28.73,33.37,11.07,83.8,31.3,18.89,23.19,6.25,2000.0,129.0,2.92,26.82,0.0,32.78,16.67,6.13,12.58,1.69,2000.0,129.0,18.831333333333337,30.637999999999998,2.4433333333333334,55.400666666666666,24.637333333333334,13.062666666666667,18.961999999999996,4.182666666666666,2000.0,3589.35,2317.28,1314.86,2789.14,620.63,2650.79,0.12
2,145.0,31.39,33.44,17.22,86.92,35.88,23.71,28.04,5.56,2000.0,145.0,7.2,27.58,0.0,25.23,14.16,5.74,10.32,1.86,2000.0,145.0,21.70733333333333,30.834000000000007,2.5366666666666666,57.83266666666666,26.734,14.494666666666667,20.238666666666667,3.784,2000.0,3813.1,2477.34,1297.36,2873.63,618.63,2549.93,0.11
3,161.0,30.82,34.45,23.25,84.37,36.23,21.73,27.42,7.81,2000.0,161.0,12.1,29.02,0.0,37.14,21.46,8.48,16.76,2.36,2000.0,161.0,23.561999999999998,31.37333333333333,5.048,60.75066666666667,27.254666666666665,15.956666666666667,21.40466666666667,4.8340000000000005,2000.0,5721.92,3984.3,923.04,3371.27,463.79,1844.69,0.0
4,177.0,32.22,34.13,24.56,80.62,32.23,21.13,25.5,6.36,2000.0,177.0,11.92,27.54,0.0,49.96,22.88,9.27,17.32,1.08,2000.0,177.0,23.88266666666666,31.104,9.471333333333332,67.57533333333333,27.879333333333328,15.517333333333333,21.455333333333332,3.145333333333333,2000.0,7090.9,4962.54,597.88,3526.72,312.71,1327.25,0.0
5,193.0,30.53,36.07,24.97,85.39,35.67,23.12,27.3,4.73,2000.0,193.0,9.29,31.28,0.0,58.02,23.55,15.14,19.37,1.27,2000.0,193.0,24.179333333333332,33.91333333333333,3.686666666666666,72.95533333333333,31.264,20.288666666666664,25.164666666666665,2.631333333333333,2000.0,8380.73,6176.18,340.7,3954.68,186.67,1777.4,0.0
6,209.0,28.58,34.42,24.75,82.44,33.9,21.1,25.6,4.94,2000.0,209.0,10.33,30.49,0.0,46.85,26.69,13.7,20.88,1.11,2000.0,209.0,20.747333333333337,32.385333333333335,2.833333333333334,62.86466666666665,29.889999999999997,17.615999999999996,23.14266666666667,2.56,2000.0,8112.45,6591.12,464.12,4529.14,254.47,959.53,0.79
7,225.0,26.32,36.68,13.94,79.59,37.7,22.22,28.9,4.58,2000.0,225.0,2.41,32.18,0.0,44.83,27.11,14.91,20.26,2.03,2000.0,225.0,19.714000000000002,33.868,2.1393333333333335,62.055333333333344,33.08533333333334,19.53466666666667,25.783333333333335,3.392666666666666,2000.0,7913.83,5790.32,446.95,3842.16,264.91,1700.7,0.48
8,241.0,23.65,35.86,8.89,61.52,41.13,23.15,31.09,4.89,2000.0,241.0,11.99,32.36,0.0,36.78,30.36,15.49,24.37,1.4,2000.0,241.0,19.84733333333333,34.122,1.66,48.41,35.898,20.186000000000003,27.779333333333334,2.8933333333333335,2000.0,4929.42,3161.81,977.97,2909.66,466.13,1756.93,0.0
9,257.0,23.98,33.91,17.26,78.25,33.23,21.53,26.51,6.58,2000.0,257.0,5.65,27.54,0.0,25.88,19.19,8.67,14.86,2.31,2000.0,257.0,19.70066666666667,30.288666666666664,1.8086666666666666,49.38999999999998,28.466666666666676,15.023333333333333,21.743333333333336,3.986,2000.0,3623.25,2122.03,1214.43,2572.06,507.35,1881.88,0.0
10,273.0,19.04,31.72,10.53,86.34,31.92,16.57,22.35,7.02,2000.0,273.0,3.35,24.98,0.0,33.63,7.89,-0.15,3.14,1.29,2000.0,273.0,12.998000000000001,28.445333333333338,1.7113333333333332,53.922000000000004,21.47266666666667,9.491333333333333,15.035333333333334,4.435333333333333,2000.0,3295.33,2120.15,1450.43,2856.03,660.05,2233.61,0.03
11,289.0,18.43,32.08,15.75,82.95,26.72,14.34,20.61,6.48,2000.0,289.0,3.46,23.36,0.0,32.77,6.88,-5.11,0.93,1.81,2000.0,289.0,14.290000000000003,27.22733333333333,1.91,53.77733333333334,20.81600000000001,7.443333333333332,14.185333333333336,3.2253333333333334,2000.0,2697.02,1811.22,1491.14,2576.99,718.55,1850.62,1.51
12,305.0,14.11,31.86,17.06,99.96,21.69,17.05,18.62,6.89,2000.0,305.0,2.02,23.15,0.0,51.52,1.49,-3.4,-1.2,1.89,2000.0,305.0,7.965333333333333,28.245999999999995,3.772,77.33866666666667,17.089333333333332,9.096,12.899333333333335,4.261333333333334,2000.0,2949.47,1392.91,937.86,1722.85,431.6,2154.74,0.0
