,DOY,INSgdmax,RADmax,RAINmax,RHmax,TMAXmax,TMINmax,Tmax,WINDmax,YEAR,DOY,INSgdmin,RADmin,RAINmin,RHmin,TMAXmin,TMINmin,Tmin,WINDmin,YEAR,DOY,INSgdmean,RADmean,RAINmean,RHmean,TMAXmean,TMINmean,Tmean,WINDmean,YEAR,NDVI,EVI,RED,NIR,BLUE,MIR,pixrel
0,113.0,28.22,29.38,17.05,96.89,21.66,11.1,15.79,5.56,2000.0,113.0,1.73,22.43,0.0,31.57,6.06,-0.17,3.22,0.96,2000.0,113.0,17.733999999999998,26.18666666666667,2.074,63.30933333333333,16.241333333333333,4.922666666666667,10.551333333333337,3.000666666666667,2000.0,4577.2,1983.47,620.81,1651.99,318.66,1493.37,0.0
1,129.0,28.01,33.77,21.5,82.81,30.03,20.71,23.82,5.59,2000.0,129.0,4.86,26.14,0.0,33.71,13.3,4.16,9.91,2.38,2000.0,129.0,18.122,30.040666666666667,3.9106666666666667,55.839333333333336,23.345333333333333,12.776666666666666,18.014666666666667,3.644666666666667,2000.0,6311.37,3186.0,487.01,2158.95,266.39,1050.27,0.21
2,145.0,32.04,32.36,12.68,90.99,31.07,17.91,21.92,6.08,2000.0,145.0,3.49,25.56,0.0,26.92,15.21,3.79,9.44,1.43,2000.0,145.0,16.298666666666666,29.462666666666667,4.916666666666667,62.50066666666667,23.031333333333333,11.664666666666667,17.057333333333332,3.395999999999999,2000.0,7249.52,4079.68,405.06,2592.88,223.59,1627.41,0.0
3,161.0,29.48,34.16,44.73,94.88,35.8,22.47,27.61,6.01,2000.0,161.0,2.74,27.9,0.0,37.68,17.48,6.86,14.97,1.14,2000.0,161.0,19.043999999999997,31.484666666666666,8.538666666666668,60.33133333333333,25.62466666666667,15.206,20.401333333333334,3.8299999999999996,2000.0,7388.31,4596.28,509.2,3017.12,339.34,682.67,0.28
4,177.0,32.18,33.66,36.67,77.14,33.27,20.68,25.55,6.3,2000.0,177.0,8.39,26.82,0.0,35.94,21.62,9.34,16.89,1.65,2000.0,177.0,23.199333333333335,30.078666666666674,8.932,57.43666666666668,27.95133333333333,15.560666666666666,21.556666666666665,3.4000000000000004,2000.0,8185.9,5041.27,296.58,3048.53,167.94,658.67,0.19
5,193.0,31.28,35.35,21.62,83.21,32.36,22.8,27.02,3.9,2000.0,193.0,4.28,29.34,0.0,49.8,23.45,14.5,19.02,1.17,2000.0,193.0,20.783333333333335,32.724,5.883333333333334,66.088,29.916,19.292666666666666,24.287333333333333,2.592,2000.0,8190.39,5274.64,312.2,3225.93,178.97,594.89,0.0
6,209.0,25.92,33.73,12.74,74.11,34.06,19.34,25.92,4.0,2000.0,209.0,6.05,27.9,0.0,42.51,26.27,12.42,19.64,0.99,2000.0,209.0,20.30733333333334,31.42733333333333,1.5919999999999999,56.97533333333334,28.708000000000006,16.892,22.534666666666666,2.78,2000.0,8394.73,4672.84,227.73,2670.68,135.49,822.84,0.13
7,225.0,27.76,35.32,20.83,75.44,34.08,21.82,26.65,4.16,2000.0,225.0,3.28,28.94,0.0,45.21,23.79,12.03,18.36,1.61,2000.0,225.0,19.058666666666667,32.062,4.416666666666667,59.554666666666684,30.514666666666667,17.52933333333333,23.709333333333337,2.722666666666667,2000.0,8065.71,4532.97,281.02,2681.78,158.69,1127.25,0.2
8,241.0,22.03,35.03,12.08,84.4,32.2,22.4,25.56,3.57,2000.0,241.0,4.54,30.49,0.0,58.51,20.86,14.86,18.04,0.76,2000.0,241.0,14.087333333333335,32.971333333333334,3.4846666666666666,73.86999999999999,28.956666666666663,18.390666666666664,23.183333333333334,2.432,2000.0,7946.78,4013.95,261.35,2327.18,144.45,1873.06,0.11
9,257.0,23.58,34.24,22.93,83.24,32.84,21.48,24.33,5.23,2000.0,257.0,2.3,26.28,0.0,33.96,19.13,2.62,12.58,1.73,2000.0,257.0,17.385333333333335,29.962,4.149333333333334,57.32866666666667,25.676666666666666,13.043333333333333,19.19666666666667,3.292,2000.0,7186.36,3626.95,363.43,2246.65,202.15,818.77,0.0
10,273.0,18.79,30.67,16.81,81.45,27.62,16.84,21.4,5.02,2000.0,273.0,1.3,23.83,0.0,37.66,8.22,1.5,4.5,1.4,2000.0,273.0,11.597999999999997,27.903999999999996,3.541333333333333,53.88066666666666,19.059333333333335,9.036666666666667,13.711999999999998,3.280666666666667,2000.0,5585.88,2406.51,487.45,1725.33,243.53,1953.41,0.0
11,289.0,17.14,32.51,6.56,65.14,27.3,14.76,20.56,4.78,2000.0,289.0,8.24,24.44,0.0,30.57,7.62,-1.88,3.29,1.19,2000.0,289.0,13.231333333333334,27.534000000000002,1.2979999999999998,47.42666666666666,19.861333333333334,7.1593333333333335,13.546,2.8206666666666664,2000.0,5190.67,1945.5,449.24,1411.2,236.4,1241.11,0.74
12,305.0,13.07,31.82,36.61,86.95,23.95,16.95,20.08,6.75,2000.0,305.0,2.3,23.18,0.0,45.64,11.17,-0.79,4.99,0.98,2000.0,305.0,8.052666666666665,28.32266666666667,3.92,63.916000000000004,17.765333333333334,8.979333333333335,13.370666666666667,3.8426666666666667,2000.0,4940.89,2078.5,603.72,1667.62,353.0,882.92,0.31
