,DOY,INSgdmax,RADmax,RAINmax,RHmax,TMAXmax,TMINmax,Tmax,WINDmax,YEAR,DOY,INSgdmin,RADmin,RAINmin,RHmin,TMAXmin,TMINmin,Tmin,WINDmin,YEAR,DOY,INSgdmean,RADmean,RAINmean,RHmean,TMAXmean,TMINmean,Tmean,WINDmean,YEAR,NDVI,EVI,RED,NIR,BLUE,MIR,pixrel
0,113.0,29.41,29.52,11.08,96.31,22.45,10.05,14.52,7.99,2000.0,113.0,3.6,22.07,0.0,39.33,0.81,-5.33,-1.21,2.13,2000.0,113.0,17.297333333333334,25.086,1.8159999999999998,70.81333333333332,14.388,3.072,8.749333333333334,4.2780000000000005,2000.0,1873.86,871.69,1012.8,1480.49,567.06,1885.38,0.03
1,129.0,29.52,32.47,21.39,86.07,30.48,17.65,23.92,7.48,2000.0,129.0,6.08,27.11,0.0,30.4,12.69,5.42,9.04,2.09,2000.0,129.0,21.206666666666663,29.484000000000005,3.045999999999999,50.150666666666666,23.75733333333333,11.226666666666665,17.598,4.748666666666666,2000.0,2421.8,1150.76,958.75,1576.87,532.41,2005.49,0.01
2,145.0,31.0,31.86,26.14,90.89,29.82,14.91,22.24,7.14,2000.0,145.0,3.02,24.08,0.0,28.55,14.19,2.77,8.35,1.34,2000.0,145.0,18.06466666666666,28.738000000000003,4.3,65.13,21.220000000000006,10.332,15.878000000000002,4.226666666666667,2000.0,4609.55,2438.38,762.94,2093.69,410.37,1384.23,0.09
3,161.0,31.28,33.73,26.8,91.81,37.73,19.71,27.89,8.54,2000.0,161.0,3.92,28.33,0.0,39.16,17.81,6.62,12.72,2.41,2000.0,161.0,19.687333333333335,30.728666666666662,4.172666666666667,63.310666666666656,24.833333333333336,13.001333333333331,18.992666666666665,4.617999999999999,2000.0,7705.39,5625.52,460.12,3816.75,241.88,1684.5,0.65
4,177.0,32.54,33.62,20.64,82.16,33.2,18.83,25.35,7.78,2000.0,177.0,3.6,26.6,0.0,34.99,24.01,9.5,17.25,2.01,2000.0,177.0,25.55666666666667,29.696666666666665,4.331999999999999,55.687999999999995,28.067999999999998,14.651999999999997,21.125333333333334,4.108,2000.0,7820.65,6001.48,493.52,4174.97,250.73,1476.9,0.78
5,193.0,31.21,35.32,18.99,88.0,33.35,21.78,26.25,6.02,2000.0,193.0,5.29,28.91,0.0,51.47,19.57,12.03,15.31,1.43,2000.0,193.0,23.848666666666666,32.302,6.472666666666666,70.97800000000001,29.48,17.758666666666667,22.935999999999993,3.164666666666667,2000.0,7691.97,5683.41,502.32,3905.27,266.3,802.34,0.0
6,209.0,27.79,33.7,5.82,73.47,32.41,21.24,24.97,5.95,2000.0,209.0,11.92,28.3,0.0,45.85,25.27,9.51,17.29,0.94,2000.0,209.0,23.358666666666668,30.884,0.8366666666666667,60.02066666666668,28.79133333333333,15.357999999999999,21.432666666666663,2.9059999999999997,2000.0,6995.62,4714.13,579.18,3351.27,288.51,1003.54,0.0
7,225.0,27.79,34.24,24.32,80.38,33.1,21.92,25.26,5.16,2000.0,225.0,5.29,27.54,0.0,52.62,25.36,10.35,17.3,1.28,2000.0,225.0,19.895333333333333,31.543333333333337,2.79,68.25466666666667,29.639333333333333,15.939333333333332,22.052,3.375333333333334,2000.0,3524.95,2196.63,1230.69,2558.32,632.55,1097.62,0.0
8,241.0,22.54,34.34,8.78,82.44,33.94,18.05,23.57,5.45,2000.0,241.0,5.18,30.31,0.0,63.95,20.68,11.56,17.17,0.95,2000.0,241.0,13.886000000000001,32.215333333333334,1.8766666666666663,74.462,28.276666666666664,15.121999999999998,20.834666666666656,3.226666666666666,2000.0,3639.52,2047.64,1099.25,2340.7,484.64,1249.36,0.06
9,257.0,23.08,33.12,4.59,64.83,33.03,19.81,25.85,8.09,2000.0,257.0,6.05,25.78,0.0,34.9,17.08,5.56,12.83,1.59,2000.0,257.0,17.024000000000004,29.61799999999999,1.242,45.280666666666654,26.56533333333334,12.556666666666665,19.471333333333334,4.540666666666667,2000.0,3486.74,1964.15,1062.75,2208.52,541.55,1331.32,0.04
10,273.0,16.85,31.28,11.66,83.77,28.76,14.28,20.87,7.25,2000.0,273.0,2.59,24.59,0.0,34.54,7.58,-3.18,1.71,2.09,2000.0,273.0,10.482666666666667,27.43,3.0173333333333336,57.59866666666667,17.912666666666667,6.385333333333333,11.643333333333334,3.925333333333333,2000.0,2695.7,1328.04,963.89,1705.27,504.32,1444.55,0.04
11,289.0,17.28,31.25,7.04,75.97,28.44,13.91,19.46,6.05,2000.0,289.0,4.14,22.46,0.0,33.06,5.45,-5.6,0.23,1.76,2000.0,289.0,12.371333333333332,26.587333333333337,0.9373333333333334,53.39999999999999,18.478,5.3953333333333315,11.736666666666668,3.704,2000.0,2358.46,1124.74,956.98,1570.52,523.28,1778.72,0.18
12,305.0,12.67,32.47,20.55,99.67,20.7,16.67,18.44,7.58,2000.0,305.0,2.84,22.57,0.0,48.24,4.04,-8.83,-2.57,2.27,2000.0,305.0,6.6659999999999995,27.446666666666662,4.285333333333333,79.66133333333333,14.053333333333336,6.172666666666668,10.172,4.992,2000.0,-266.74,-407.77,8034.66,7614.28,7954.4,338.0,2.0
