,DOY,INSgdmax,RADmax,RAINmax,RHmax,TMAXmax,TMINmax,Tmax,WINDmax,YEAR,DOY,INSgdmin,RADmin,RAINmin,RHmin,TMAXmin,TMINmin,Tmin,WINDmin,YEAR,DOY,INSgdmean,RADmean,RAINmean,RHmean,TMAXmean,TMINmean,Tmean,WINDmean,YEAR,NDVI,EVI,RED,NIR,BLUE,MIR,pixrel
0,113.0,29.2308,29.7744,16.6064,91.688,25.897599999999997,10.4556,17.27,8.168800000000001,2000.0,113.0,2.1168,23.1848,0.0,37.0784,2.0724,-4.3064,0.03999999999999999,2.7392000000000003,2000.0,113.0,17.700693333333334,26.297520000000006,2.497813333333333,64.57266666666666,16.665813333333332,4.5553333333333335,10.60248,4.393840000000001,2000.0,3428.68,2130.93,1232.44,2522.42,632.37,1640.29,0.17
1,129.0,28.7616,32.9576,10.4752,86.62799999999999,30.281200000000002,18.378,23.412399999999998,7.1652000000000005,2000.0,129.0,4.3304,26.4568,0.0,24.6244,14.0112,5.573600000000001,10.000800000000002,1.6228,2000.0,129.0,20.838906666666666,29.56693333333333,2.3558666666666666,49.42738666666666,24.443493333333336,11.814933333333334,18.28165333333333,4.715226666666666,2000.0,4098.57,2589.48,1092.51,2622.4,572.4,2169.75,0.19
2,145.0,31.0424,32.9832,24.238,91.80600000000001,30.5188,17.542,22.598799999999997,6.766,2000.0,145.0,2.7876000000000003,24.509999999999998,0.0,27.8872,14.709599999999998,4.2356,9.0656,1.5615999999999999,2000.0,145.0,17.93301333333333,29.604853333333335,4.392026666666667,65.32597333333334,22.84944,11.045413333333332,17.04288,4.1482399999999995,2000.0,4579.36,3094.5,1108.21,2984.73,588.46,2219.3,0.09
3,161.0,29.534399999999998,34.1252,25.7232,89.1752,37.6012,19.886400000000002,27.9436,8.6784,2000.0,161.0,6.091200000000001,28.550000000000004,0.0,39.3572,19.3124,7.752,13.6312,2.614,2000.0,161.0,20.936933333333336,30.992213333333332,3.07744,60.78357333333334,26.035653333333336,13.815466666666666,19.921093333333335,4.815173333333333,2000.0,6248.73,4371.86,794.72,3394.43,436.09,1772.03,0.13
4,177.0,32.2552,34.4776,35.8708,79.39439999999999,32.6508,18.812,24.943199999999997,7.4008,2000.0,177.0,4.975199999999999,26.1976,0.0,33.378,24.4428,10.519200000000001,18.0796,1.4127999999999998,2000.0,177.0,25.852933333333333,30.106186666666666,6.179226666666667,57.98296,28.30522666666667,14.787333333333333,21.392346666666665,3.7928266666666666,2000.0,7658.64,5658.96,479.83,3809.41,277.03,1213.71,0.11
5,193.0,31.474000000000004,35.946799999999996,22.613599999999998,90.71199999999999,33.2792,21.804000000000002,26.4804,5.9315999999999995,2000.0,193.0,6.73,30.806399999999996,0.0,60.4624,22.765600000000003,11.9944,17.0952,1.0608,2000.0,193.0,22.33565333333333,33.19104,5.969946666666667,75.05106666666667,29.86069333333333,18.26578666666667,23.51296,3.1010399999999994,2000.0,8133.85,6171.13,398.11,4042.41,234.77,1561.8,0.05
6,209.0,28.2704,34.5032,6.852,72.9396,35.0864,21.014400000000002,26.461599999999997,5.9076,2000.0,209.0,12.321199999999997,29.444000000000003,0.0,47.745200000000004,26.2304,10.514800000000001,17.8668,1.0724,2000.0,209.0,21.654959999999996,31.977520000000005,1.0648,59.63096000000001,29.70693333333334,16.115119999999997,22.1768,2.80792,2000.0,7906.73,6374.9,512.57,4320.61,347.3,968.67,1.56
7,225.0,27.500799999999998,34.6784,8.236,80.9048,34.156000000000006,22.1508,25.652,5.2628,2000.0,225.0,4.362399999999999,28.66,0.0,57.1592,25.386400000000002,11.9388,17.7352,1.3352,2000.0,225.0,20.830053333333332,32.264026666666666,1.5037066666666667,68.72290666666666,30.57944,17.17144,23.08578666666667,3.534453333333333,2000.0,7333.9,4941.65,485.35,3292.56,280.38,821.77,0.5
8,241.0,21.423199999999998,35.3108,6.0608,79.8456,36.2152,19.485599999999998,26.217999999999996,5.5032,2000.0,241.0,7.273999999999999,31.0616,0.0,50.7124,24.700400000000002,12.1384,19.117200000000004,1.2888000000000002,2000.0,241.0,14.530106666666669,32.97757333333333,2.1347199999999997,67.65736,30.73117333333333,16.04648,22.64728,3.220533333333334,2000.0,5254.75,3288.3,841.29,2737.61,451.82,1823.43,0.04
9,257.0,22.1968,33.173199999999994,7.623200000000001,63.483999999999995,33.7556,20.2232,26.628,7.824399999999999,2000.0,257.0,4.0392,27.8072,0.0,31.5972,18.8212,6.1204,13.867999999999999,1.6172000000000002,2000.0,257.0,17.635333333333328,30.02589333333333,1.2212800000000001,44.976933333333335,27.938613333333333,13.351040000000001,20.541733333333333,4.5612,2000.0,4506.97,2779.9,1030.93,2715.71,491.81,1707.21,0.02
10,273.0,18.0476,30.6924,10.2992,84.1204,31.1864,14.758,21.1192,7.2028,2000.0,273.0,3.5252,25.5992,0.0,33.5412,7.8748000000000005,-3.6712000000000002,1.698,1.9811999999999999,2000.0,273.0,11.138026666666665,28.18264,2.4038400000000006,55.1992,19.240213333333337,7.109466666666668,12.618986666666666,4.22752,2000.0,3443.65,2214.47,1365.59,2748.91,681.12,1939.23,0.14
11,289.0,18.044,30.7284,5.1204,80.42439999999999,28.2464,14.1172,19.7568,6.4948,2000.0,289.0,2.8492,22.657600000000002,0.0,31.6532,6.074,-5.9216,0.5144,1.9192,2000.0,289.0,12.568639999999998,27.060560000000002,0.78304,52.00661333333334,19.610480000000003,5.831173333333334,12.622266666666668,3.7313600000000005,2000.0,3066.01,1831.63,1271.98,2383.22,638.46,2065.89,0.16
12,305.0,13.188400000000001,32.307599999999994,16.65,99.41640000000001,20.462400000000002,16.442800000000002,17.982799999999997,7.481199999999999,2000.0,305.0,1.5059999999999998,22.9784,0.0,48.583200000000005,1.122,-9.386800000000001,-4.6544,2.6296,2000.0,305.0,7.1532,27.444240000000004,3.2132266666666665,79.29658666666666,14.672640000000001,6.644826666666667,10.586186666666665,5.020480000000001,2000.0,3175.93,1700.64,1088.6,2058.63,582.02,2049.09,0.08
