,DOY,INSgdmax,RADmax,RAINmax,RHmax,TMAXmax,TMINmax,Tmax,WINDmax,YEAR,DOY,INSgdmin,RADmin,RAINmin,RHmin,TMAXmin,TMINmin,Tmin,WINDmin,YEAR,DOY,INSgdmean,RADmean,RAINmean,RHmean,TMAXmean,TMINmean,Tmean,WINDmean,YEAR,NDVI,EVI,RED,NIR,BLUE,MIR,pixrel
0,113.0,29.23,30.53,5.67,89.38,26.89,12.28,18.82,7.2,2000.0,113.0,3.42,23.69,0.0,31.73,5.5,-0.99,1.84,2.05,2000.0,113.0,17.63533333333333,27.399333333333335,1.1853333333333331,56.48533333333334,18.408666666666665,6.232666666666665,12.526666666666667,3.784666666666666,2000.0,4393.51,2754.61,1021.56,2649.56,530.2,1541.65,0.0
1,129.0,28.04,33.37,12.76,84.92,30.51,19.59,23.75,6.27,2000.0,129.0,8.68,28.12,0.0,26.69,14.59,5.8,11.0,1.49,2000.0,129.0,19.06133333333333,30.58,3.1593333333333335,52.876,24.761333333333333,13.072000000000003,18.918,4.245333333333333,2000.0,5350.11,3241.28,789.99,2635.87,414.87,1617.56,0.03
2,145.0,29.95,33.44,19.18,89.58,33.85,21.29,25.92,5.58,2000.0,145.0,2.7,27.11,0.0,25.48,13.83,5.8,9.68,1.96,2000.0,145.0,18.033333333333335,30.634,3.3719999999999994,60.64133333333334,24.72266666666667,13.538,18.712000000000003,3.845999999999999,2000.0,5382.89,3394.2,838.67,2813.43,444.77,2058.49,0.1
3,161.0,30.96,34.42,31.59,89.29,37.2,21.89,28.01,7.37,2000.0,161.0,10.76,28.69,0.0,36.49,19.85,6.58,15.69,2.08,2000.0,161.0,22.40333333333334,31.598000000000003,4.818666666666666,62.244666666666674,26.409333333333333,15.223333333333333,20.694666666666663,4.605333333333332,2000.0,6436.68,4552.64,749.63,3472.01,402.0,1726.41,0.0
4,177.0,32.04,34.42,31.86,80.12,33.19,20.33,25.61,6.48,2000.0,177.0,7.38,26.78,0.0,36.97,24.07,9.17,16.96,1.69,2000.0,177.0,24.276666666666664,30.44133333333334,7.438,63.458666666666666,27.945333333333334,15.195333333333332,21.351333333333333,3.364666666666666,2000.0,7674.46,5627.13,498.5,3819.35,276.08,1041.98,0.36
5,193.0,30.49,35.86,19.49,89.78,33.21,22.85,26.7,4.4,2000.0,193.0,4.1,30.82,0.0,60.54,23.04,13.06,18.11,1.39,2000.0,193.0,20.348000000000003,33.68,6.63,75.86599999999999,29.842666666666663,19.733999999999998,24.256000000000004,2.7159999999999997,2000.0,8270.92,6152.81,367.07,3977.6,206.71,1423.63,0.0
6,209.0,29.7,34.45,22.73,76.42,35.11,20.83,26.52,4.99,2000.0,209.0,11.95,29.02,0.0,46.22,26.64,11.78,19.25,0.98,2000.0,209.0,20.298666666666666,31.922000000000004,4.321333333333333,59.854,29.526,16.847333333333335,22.59133333333333,2.669333333333334,2000.0,7984.83,6241.96,487.21,4216.05,333.18,969.76,1.28
7,225.0,26.89,35.14,10.4,74.35,35.71,21.84,27.89,4.47,2000.0,225.0,5.76,29.34,0.0,50.47,26.65,13.92,19.32,1.46,2000.0,225.0,19.71333333333333,32.95466666666667,2.5033333333333334,62.61066666666668,32.14,18.334000000000003,24.61733333333333,3.1679999999999997,2000.0,7685.31,5081.1,421.51,3289.64,233.08,915.79,0.7
8,241.0,22.32,34.81,17.82,75.77,37.6,22.01,28.97,4.53,2000.0,241.0,10.37,31.28,0.0,48.43,24.6,15.84,20.01,1.36,2000.0,241.0,17.214666666666666,33.40866666666666,1.8579999999999999,62.79733333333333,32.58066666666668,18.52266666666667,24.936,2.824666666666667,2000.0,5229.15,3223.25,841.88,2697.71,446.79,1783.51,0.0
9,257.0,23.72,33.37,10.33,77.51,33.65,20.56,26.11,6.43,2000.0,257.0,3.28,27.47,0.0,27.85,19.13,7.19,14.34,2.21,2000.0,257.0,18.607333333333333,30.164666666666665,1.8366666666666667,50.092000000000006,27.59133333333333,13.964,20.708000000000002,3.8593333333333333,2000.0,5024.36,3108.06,943.83,2838.62,426.64,1736.99,0.0
10,273.0,18.61,32.04,13.24,86.01,30.61,16.47,21.67,6.69,2000.0,273.0,2.52,25.38,0.0,36.25,7.87,-1.39,2.69,1.81,2000.0,273.0,12.265999999999998,28.478,2.4026666666666667,53.58599999999999,20.61466666666666,8.957333333333333,14.298,4.244,2000.0,4344.57,2733.91,1082.65,2711.1,553.88,2130.54,0.06
11,289.0,18.04,31.61,8.86,77.37,27.51,13.51,20.37,6.18,2000.0,289.0,4.03,23.44,0.0,35.57,6.88,-4.61,1.21,1.64,2000.0,289.0,13.67333333333333,27.389333333333333,1.6186666666666665,52.09466666666667,20.210666666666665,6.81,13.588,3.1766666666666667,2000.0,3825.08,2352.2,1138.91,2548.49,583.39,2095.09,0.0
12,305.0,13.72,31.57,14.98,97.46,22.13,17.72,19.53,6.95,2000.0,305.0,2.7,23.26,0.0,49.53,4.34,-3.61,-0.92,1.83,2000.0,305.0,8.180666666666665,27.845333333333336,2.914,75.05533333333332,16.658666666666665,8.841333333333331,12.569333333333335,4.374666666666667,2000.0,3997.94,2231.24,929.72,2191.58,483.25,1911.58,0.12
