,DOY,INSgdmax,RADmax,RAINmax,RHmax,TMAXmax,TMINmax,Tmax,WINDmax,YEAR,DOY,INSgdmin,RADmin,RAINmin,RHmin,TMAXmin,TMINmin,Tmin,WINDmin,YEAR,DOY,INSgdmean,RADmean,RAINmean,RHmean,TMAXmean,TMINmean,Tmean,WINDmean,YEAR,NDVI,EVI,RED,NIR,BLUE,MIR,pixrel
0,113.0,28.3,29.52,9.55,94.8,22.06,9.46,15.24,5.83,2000.0,113.0,1.94,22.28,0.0,30.71,4.09,-1.98,0.76,1.14,2000.0,113.0,17.402,25.71533333333333,1.5826666666666669,65.83466666666665,14.026000000000002,3.32,8.549333333333331,2.8893333333333326,2000.0,4077.88,1956.37,756.06,1838.42,377.01,1571.33,2.56
1,129.0,29.05,33.55,18.2,80.43,29.95,20.59,23.83,5.78,2000.0,129.0,6.37,26.28,0.0,29.72,11.67,4.6,8.98,2.58,2000.0,129.0,19.137333333333334,29.454666666666657,4.046,52.80333333333333,22.390666666666664,12.136,17.316666666666666,3.6226666666666665,2000.0,6419.97,3632.61,543.71,2520.68,303.73,987.22,0.1
2,145.0,31.1,30.71,29.66,92.03,27.74,15.22,20.48,6.2,2000.0,145.0,2.41,23.8,0.0,29.48,15.08,3.05,8.58,1.44,2000.0,145.0,16.077333333333332,28.27466666666667,7.795999999999998,63.17000000000001,21.54,10.196,15.476666666666665,3.2673333333333336,2000.0,7179.54,4409.88,433.84,2885.7,237.59,1550.65,2.55
3,161.0,29.23,33.52,47.97,84.94,34.63,21.67,26.6,5.37,2000.0,161.0,1.48,27.65,0.0,39.43,15.85,6.57,13.72,1.06,2000.0,161.0,18.87133333333333,31.077999999999992,7.810666666666666,61.919333333333334,24.480000000000004,14.094666666666667,19.25133333333333,3.563333333333334,2000.0,6762.8,4782.25,662.08,3377.2,483.44,1486.88,1.25
4,177.0,31.5,33.84,32.31,75.52,32.74,20.11,25.35,6.32,2000.0,177.0,6.98,26.5,0.0,43.34,21.77,10.97,16.85,1.77,2000.0,177.0,23.140666666666664,29.942666666666664,8.668,54.60466666666668,27.499333333333333,15.585999999999997,21.263333333333335,3.622666666666668,2000.0,8097.73,5419.62,328.33,3371.31,192.76,690.72,0.11
5,193.0,30.67,34.78,19.39,78.77,32.06,22.49,26.65,3.94,2000.0,193.0,5.62,27.76,0.0,48.57,18.94,12.83,15.48,1.41,2000.0,193.0,21.336666666666666,32.13733333333333,5.572666666666667,65.066,28.952,18.19133333333333,23.252000000000002,2.6599999999999993,2000.0,8132.95,5587.33,331.47,3488.66,195.49,1194.99,0.07
6,209.0,26.78,34.2,23.9,74.52,32.47,19.43,24.91,3.83,2000.0,209.0,11.45,27.94,0.0,44.41,25.04,11.88,18.28,1.04,2000.0,209.0,20.291333333333334,31.252666666666663,2.453333333333333,58.33266666666666,27.827333333333335,16.451333333333334,21.77266666666667,2.8633333333333337,2000.0,8228.59,5306.66,289.81,3222.94,174.12,1143.13,0.47
7,225.0,27.72,36.04,16.04,79.01,32.42,21.34,25.99,3.74,2000.0,225.0,2.38,28.04,0.0,46.29,21.51,9.9,17.01,1.52,2000.0,225.0,19.78666666666667,31.21933333333334,3.8666666666666667,62.35999999999999,29.002666666666663,16.606666666666666,22.437333333333335,2.7480000000000007,2000.0,7967.6,5104.48,330.22,3162.25,189.58,1158.45,0.29
8,241.0,20.84,33.95,16.0,85.38,31.66,22.13,24.76,3.58,2000.0,241.0,5.8,29.66,0.0,60.79,20.55,13.31,16.64,0.91,2000.0,241.0,14.062000000000001,32.154,2.9426666666666663,75.15266666666668,27.14866666666667,17.277333333333335,21.67,2.4506666666666663,2000.0,7981.37,4444.64,288.72,2646.44,162.14,1880.73,0.08
9,257.0,22.93,33.52,20.67,83.13,31.55,19.88,23.59,5.42,2000.0,257.0,4.39,26.32,0.0,34.86,18.25,3.26,12.88,1.68,2000.0,257.0,17.426,29.616666666666664,4.429333333333333,54.88733333333334,24.77466666666667,12.653333333333334,18.52333333333333,3.3220000000000005,2000.0,7360.61,4187.79,362.19,2630.38,194.56,1076.44,2.55
10,273.0,19.12,30.71,11.75,82.58,26.98,16.3,20.77,5.39,2000.0,273.0,1.84,23.76,0.0,37.44,7.83,1.34,4.29,2.07,2000.0,273.0,11.37266666666667,27.684666666666672,2.682666666666667,53.327999999999996,17.697333333333333,8.348,12.560666666666666,3.196,2000.0,5613.69,2799.47,573.03,2084.65,282.83,1805.03,0.0
11,289.0,16.74,31.79,3.73,69.93,27.19,14.45,20.19,4.43,2000.0,289.0,9.5,24.34,0.0,27.95,6.47,-1.64,2.65,1.05,2000.0,289.0,13.252,27.076666666666664,0.40333333333333327,47.40266666666666,18.848666666666666,6.655333333333333,12.645333333333332,2.8906666666666667,2000.0,4784.4,1803.35,463.35,1383.08,230.38,2254.43,2.64
12,305.0,12.71,32.18,38.21,89.8,22.9,15.97,19.06,6.29,2000.0,305.0,2.81,23.54,0.0,44.97,7.43,-1.38,4.92,1.06,2000.0,305.0,8.132,27.886666666666667,4.183333333333334,65.87133333333333,16.284666666666666,7.6800000000000015,12.033333333333333,3.8,2000.0,4802.68,1865.68,493.94,1459.66,237.7,-289.65,3.14
