,DOY,INSgdmax,RADmax,RAINmax,RHmax,TMAXmax,TMINmax,Tmax,WINDmax,YEAR,DOY,INSgdmin,RADmin,RAINmin,RHmin,TMAXmin,TMINmin,Tmin,WINDmin,YEAR,DOY,INSgdmean,RADmean,RAINmean,RHmean,TMAXmean,TMINmean,Tmean,WINDmean,YEAR,NDVI,EVI,RED,NIR,BLUE,MIR,pixrel
0,113.0,28.5683,30.069200000000002,13.054400000000001,94.54660000000001,22.0058,12.6903,16.509199999999996,6.3007,2000.0,113.0,2.5658000000000003,22.3383,0.0,27.372500000000002,2.3424,-2.4066,-0.1986000000000001,1.4876,2000.0,113.0,17.81820666666667,25.7916,2.187326666666667,64.67012666666668,14.97761333333333,4.238566666666666,9.525986666666668,3.254246666666666,2000.0,4342.51,1941.53,660.57,1683.66,341.41,1444.55,0.0
1,129.0,28.1682,33.5502,28.1184,81.8159,30.54,20.7468,24.4244,6.3642,2000.0,129.0,7.013599999999999,26.719,0.0,31.4625,12.4788,4.7011,9.2853,2.4688,2000.0,129.0,19.3139,29.768400000000007,4.605093333333333,52.51362,23.23211333333333,12.411893333333332,17.927899999999998,3.946393333333333,2000.0,6543.29,3271.17,446.27,2150.02,249.64,1493.49,0.02
2,145.0,31.0357,31.9245,18.5302,91.8177,29.645300000000002,16.0549,21.6918,6.3766,2000.0,145.0,2.6388999999999996,24.0771,0.0,28.8882,14.705100000000002,4.1585,8.6812,1.6783,2000.0,145.0,16.103360000000002,28.94943333333333,4.81862,62.78648,22.238713333333337,11.508586666666666,16.403466666666667,3.527366666666667,2000.0,7233.19,4381.66,438.19,2847.7,246.38,1647.74,0.0
3,161.0,28.5223,33.6754,37.4981,90.12559999999999,35.926,21.547599999999996,27.332900000000002,6.044499999999999,2000.0,161.0,5.0654,27.979,0.0,39.7579,17.380300000000002,6.1824,14.4119,1.1185,2000.0,161.0,19.300906666666666,31.38362,6.419813333333333,62.961679999999994,24.9399,14.3006,19.556153333333334,3.9392133333333343,2000.0,7571.79,4837.72,406.1,3096.09,230.46,762.61,0.0
4,177.0,31.6406,34.1912,37.1819,77.40769999999999,33.417699999999996,19.602899999999998,25.439700000000002,6.562200000000001,2000.0,177.0,12.207,26.707299999999996,0.0,40.1219,22.8146,10.572,17.5214,1.3982999999999999,2000.0,177.0,23.48644,30.00539333333333,8.284566666666667,57.661319999999996,27.84617333333333,15.174319999999998,21.21806,3.6624999999999996,2000.0,8027.37,5108.2,327.41,3147.46,190.02,622.06,0.21
5,193.0,30.243499999999997,35.0754,21.3537,86.29299999999999,31.8659,22.8504,26.269199999999998,4.2676,2000.0,193.0,8.3896,29.086999999999996,0.0,50.513400000000004,19.624700000000004,13.310199999999998,16.441899999999997,1.3361,2000.0,193.0,21.154313333333334,32.50728,5.92506,69.54248,28.85671333333333,18.361886666666667,23.272999999999996,2.709293333333334,2000.0,8098.1,5201.27,316.12,3205.14,180.38,843.89,0.04
6,209.0,26.814099999999996,34.0292,10.290899999999999,73.7984,34.4611,20.4001,25.739199999999997,4.1081,2000.0,209.0,13.3553,26.987699999999997,0.0,44.4264,25.6666,11.4643,18.669700000000002,0.8320000000000001,2000.0,209.0,21.47850666666666,31.172066666666666,1.9381733333333333,58.97150666666666,28.461213333333333,16.355306666666664,21.958346666666667,2.865473333333333,2000.0,8202.07,4844.57,266.75,2875.38,151.12,491.77,0.21
7,225.0,27.4456,35.1704,21.038899999999998,78.0018,33.3861,21.1665,26.761,3.8552999999999997,2000.0,225.0,5.5864,27.732799999999997,0.0,48.5839,23.1,10.8489,17.761100000000003,0.9646000000000001,2000.0,225.0,19.264273333333332,31.513506666666668,4.094773333333333,63.09331999999999,29.633133333333333,16.57658,22.74926666666667,2.7764533333333334,2000.0,7982.47,4347.29,274.15,2551.73,157.45,887.39,1.0
8,241.0,21.277,34.331199999999995,17.707,85.596,32.2789,21.615500000000004,24.6588,3.7969,2000.0,241.0,6.858700000000001,30.435200000000002,0.0,63.1837,20.535700000000002,13.7987,17.0477,0.9571000000000001,2000.0,241.0,14.395766666666667,32.47757333333333,2.0978600000000003,76.58114666666667,27.885753333333337,17.12814666666667,21.922086666666665,2.540953333333333,2000.0,7850.09,4172.31,280.83,2467.23,155.02,1960.83,0.03
9,257.0,23.2046,32.5831,14.195699999999999,81.3775,32.5841,19.469500000000004,24.2533,5.684699999999999,2000.0,257.0,3.9144,26.7562,0.0,34.45269999999999,18.357200000000002,3.2898,12.6167,1.7229,2000.0,257.0,17.611533333333334,29.78528666666667,2.3619866666666662,54.71654666666666,25.27319333333333,12.265333333333333,18.63166,3.4367799999999997,2000.0,6722.61,3333.89,401.16,2131.62,222.22,1100.33,0.0
10,273.0,18.6346,31.1856,18.629,82.93260000000001,27.826900000000002,16.4449,21.033500000000004,5.9613,2000.0,273.0,2.1176,23.8425,0.0,37.81519999999999,7.9031,0.2751,3.8358000000000003,1.9301,2000.0,273.0,11.443500000000004,27.839186666666667,3.771953333333334,54.78715999999999,18.32496666666666,8.328899999999999,12.82128,3.4263666666666666,2000.0,5216.89,2233.25,524.11,1687.44,257.65,1353.3,0.0
11,289.0,17.173099999999998,32.1564,5.3993,69.4815,27.646299999999997,13.8705,20.180100000000003,5.0394000000000005,2000.0,289.0,6.5257,24.0258,0.0,31.2841,6.503900000000001,-3.0172000000000003,2.2002999999999995,0.8958,2000.0,289.0,13.18008,27.233420000000002,0.8529733333333334,49.46396666666668,19.05294666666667,6.598259999999999,12.8324,2.9368066666666666,2000.0,4791.44,1676.28,439.3,1285.56,214.97,1741.26,2.99
12,305.0,12.923300000000001,32.5644,30.6525,92.9058,24.0427,18.4106,20.3979,6.5204,2000.0,305.0,2.88,24.0835,0.0,50.2672,9.3355,-2.3198999999999996,2.9393000000000002,1.2466,2000.0,305.0,7.906019999999999,28.132833333333334,3.8329600000000004,70.84268,16.119619999999998,7.848906666666666,12.03496666666667,4.151986666666668,2000.0,4534.17,1987.26,618.68,1654.94,320.32,1031.22,1.06
