,DOY,INSgdmax,RADmax,RAINmax,RHmax,TMAXmax,TMINmax,Tmax,WINDmax,YEAR,DOY,INSgdmin,RADmin,RAINmin,RHmin,TMAXmin,TMINmin,Tmin,WINDmin,YEAR,DOY,INSgdmean,RADmean,RAINmean,RHmean,TMAXmean,TMINmean,Tmean,WINDmean,YEAR,NDVI,EVI,RED,NIR,BLUE,MIR,pixrel
0,113.0,28.885199999999998,29.895199999999996,10.5184,95.7776,23.466800000000003,13.1832,16.8748,6.634399999999999,2000.0,113.0,3.0524000000000004,22.878800000000002,0.0,25.743199999999998,4.297599999999999,-1.1412,1.4956,1.6115999999999997,2000.0,113.0,18.237280000000002,26.446239999999996,1.7182133333333334,61.33285333333333,16.937253333333334,5.45016,11.27608,3.48664,2000.0,1362.32,-101.86,-83.67,498.03,-242.95,636.6,104.56
1,129.0,27.763600000000004,33.9356,24.954800000000002,83.5928,30.5324,20.282799999999998,24.1824,6.273999999999999,2000.0,129.0,6.9596,27.1616,0.0,30.0764,14.002400000000002,5.1232,10.2848,2.0376,2000.0,129.0,18.655866666666665,30.291839999999997,4.271013333333332,54.05599999999999,24.095013333333334,12.92629333333333,18.535519999999998,4.086373333333333,2000.0,2089.97,418.99,-112.82,727.68,-239.23,455.39,102.03
2,145.0,29.390000000000004,33.416799999999995,14.121199999999998,90.49279999999999,32.275200000000005,18.4384,23.7208,6.169599999999999,2000.0,145.0,3.1672,25.357200000000002,0.0,25.8888,13.9924,5.055200000000001,9.335199999999999,1.7016,2000.0,145.0,17.119813333333333,30.11845333333333,3.1347466666666666,61.61946666666667,23.690906666666663,12.777439999999999,17.798506666666665,3.7448533333333334,2000.0,3183.6,1622.36,498.44,1467.85,357.01,975.48,18.77
3,161.0,30.125600000000002,34.40560000000001,33.536,94.45799999999998,37.0884,22.0756,27.96,6.6216,2000.0,161.0,7.9208,28.4716,0.0,37.108399999999996,19.6556,5.8068,15.207999999999998,1.3452,2000.0,161.0,20.499546666666664,31.70466666666666,6.6985600000000005,61.883359999999996,25.935359999999996,15.096160000000001,20.438373333333335,4.263680000000001,2000.0,3126.78,1689.49,1300.78,2189.55,1192.68,1681.73,4.65
4,177.0,32.456399999999995,34.631600000000006,36.5192,79.5836,33.6704,20.0128,25.77,6.6028,2000.0,177.0,9.528400000000001,26.9232,0.0,35.1592,23.257199999999997,9.676400000000001,17.5876,1.422,2000.0,177.0,23.32962666666667,30.409866666666662,8.940453333333334,60.356880000000004,28.116480000000003,15.367066666666663,21.496426666666668,3.5117866666666666,2000.0,2555.87,775.48,-185.65,852.63,-266.58,-59.18,104.56
5,193.0,30.6464,35.9956,19.333199999999998,88.5312,32.588,23.0324,26.5892,4.2084,2000.0,193.0,6.7852,30.025600000000004,0.0,54.6816,22.970399999999998,13.845600000000001,18.411199999999997,1.3508,2000.0,193.0,19.315146666666667,33.339173333333335,6.361466666666667,72.60176,29.41632,19.35386666666666,24.004479999999997,2.681093333333333,2000.0,3068.41,1243.64,-159.66,1066.03,-239.11,495.35,91.87
6,209.0,27.692,33.9856,13.7876,74.5764,35.0584,20.475199999999997,26.424400000000002,4.3671999999999995,2000.0,209.0,10.968399999999999,28.1468,0.0,43.366400000000006,26.2076,11.4832,19.3264,0.7688,2000.0,209.0,21.593626666666665,31.302133333333334,2.4501600000000003,58.259066666666676,29.11674666666667,16.66528,22.463466666666665,2.8023733333333336,2000.0,3130.4,1269.99,-194.79,1066.13,-257.27,76.1,97.22
7,225.0,27.592,35.3312,14.193999999999999,76.5788,34.8772,22.0908,27.8008,4.2668,2000.0,225.0,7.4239999999999995,28.84,0.0,47.77719999999999,25.303200000000004,12.9548,19.1244,1.314,2000.0,225.0,19.644373333333334,32.30421333333334,3.391093333333333,60.86853333333334,31.29338666666667,17.747946666666667,24.101733333333332,2.8750133333333334,2000.0,5784.21,2521.18,264.74,1552.25,166.0,1126.54,0.91
8,241.0,22.8236,35.2352,7.919200000000001,83.99,33.6712,22.183200000000003,26.340000000000003,3.9268,2000.0,241.0,6.748799999999999,31.0044,0.0,59.67359999999999,21.1152,15.221200000000001,18.4036,1.094,2000.0,241.0,14.98208,33.32725333333333,1.5522133333333334,72.81397333333334,30.001653333333334,18.13224,23.47488,2.6059466666666666,2000.0,3002.6,942.84,-221.84,882.46,-294.98,839.12,102.03
9,257.0,23.3768,33.0292,16.5404,79.01400000000001,33.7456,20.6296,25.216,5.8096000000000005,2000.0,257.0,3.0812,27.218,0.0,31.123199999999997,19.1256,3.8552000000000004,13.3324,1.7776000000000003,2000.0,257.0,17.77936,30.166746666666665,2.8322666666666665,53.30069333333333,26.620746666666662,13.078079999999998,19.694746666666664,3.56416,2000.0,4372.82,1785.05,205.44,1250.15,96.95,662.56,25.72
10,273.0,18.8136,31.0376,19.218,80.6352,28.974,16.9112,21.5844,6.186800000000001,2000.0,273.0,2.774,24.237599999999997,0.0,37.4764,8.064,-0.23160000000000003,3.5944000000000003,1.9464000000000001,2000.0,273.0,12.011946666666667,28.07208,4.358506666666666,54.01434666666667,19.767973333333334,9.038266666666665,13.922533333333334,3.79224,2000.0,3067.63,887.63,210.02,894.04,63.92,255.37,41.02
11,289.0,17.9216,31.8612,5.1284,69.6372,27.7252,13.6984,20.4652,5.5996,2000.0,289.0,4.21,23.7352,0.0,33.0868,7.118399999999999,-3.6048,2.1555999999999997,1.1348,2000.0,289.0,13.442933333333334,27.403706666666665,1.1129600000000002,50.395360000000004,19.82512,6.7901066666666665,13.41672,2.9751466666666673,2000.0,1661.49,-69.77,-97.0,401.41,-220.21,799.49,91.88
12,305.0,13.364799999999999,32.6868,32.0644,93.8412,23.9,18.504,20.404400000000003,6.6152,2000.0,305.0,2.7944000000000004,24.412,0.0,48.53,8.929200000000002,-2.3988,1.7364,1.2907999999999997,2000.0,305.0,8.03688,28.36754666666667,4.1722399999999995,71.32005333333333,16.868346666666667,8.832559999999999,12.79632,4.283093333333333,2000.0,1768.91,571.12,704.88,1247.54,556.86,605.32,42.3
