,DOY,INSgdmax,RADmax,RAINmax,RHmax,TMAXmax,TMINmax,Tmax,WINDmax,YEAR,DOY,INSgdmin,RADmin,RAINmin,RHmin,TMAXmin,TMINmin,Tmin,WINDmin,YEAR,DOY,INSgdmean,RADmean,RAINmean,RHmean,TMAXmean,TMINmean,Tmean,WINDmean,YEAR,NDVI,EVI,RED,NIR,BLUE,MIR,pixrel
0,113.0,28.5808,30.9248,15.9484,95.36000000000001,23.9352,12.3756,17.891999999999996,5.8668,2000.0,113.0,3.8324,22.966800000000006,0.0,32.268,10.787999999999998,1.2208,6.9872,0.9148000000000001,2000.0,113.0,17.68597333333333,27.193786666666668,2.1954133333333328,59.37282666666667,19.379093333333334,7.565973333333333,13.281893333333333,3.1982666666666666,2000.0,4577.33,1791.26,492.71,1396.45,273.16,1180.96,0.01
1,129.0,27.4956,33.7628,25.6472,89.5352,30.142399999999995,20.3276,23.6408,6.008,2000.0,129.0,3.1084,27.7656,0.0,38.330799999999996,14.2656,3.6092,11.421999999999999,1.9059999999999997,2000.0,129.0,17.367866666666664,31.15237333333333,3.058533333333334,62.35565333333333,24.03882666666667,13.654240000000003,18.919653333333336,3.550053333333333,2000.0,6036.04,2362.91,346.98,1510.94,211.23,1687.88,0.0
2,145.0,29.916400000000003,34.8284,25.018,85.25,34.7416,22.9976,26.5156,5.0168,2000.0,145.0,2.784,27.436799999999995,0.0,24.343599999999995,14.693200000000001,4.2848,10.8876,0.9207999999999998,2000.0,145.0,16.79466666666667,30.945306666666667,3.51776,60.53362666666666,25.68757333333334,13.631920000000001,19.286853333333333,3.50576,2000.0,6175.37,2962.44,404.82,1929.65,250.51,1262.02,0.03
3,161.0,31.2924,35.3596,26.233600000000003,85.3308,35.854,23.572000000000003,27.4004,6.0992,2000.0,161.0,5.9216,28.8436,0.0,32.8012,21.678800000000003,8.56,17.038800000000002,1.0688,2000.0,161.0,20.57472,32.01013333333333,5.513120000000001,57.25634666666666,27.52589333333333,16.737679999999997,22.039973333333336,3.8691466666666665,2000.0,6860.49,3044.98,284.4,1795.41,188.9,1605.86,0.0
4,177.0,31.858,35.134800000000006,27.6232,79.7352,33.214400000000005,22.144399999999997,26.289599999999997,5.9708,2000.0,177.0,9.0096,28.074399999999997,0.0,38.6448,24.0884,11.181999999999999,18.8756,1.3984,2000.0,177.0,21.791146666666666,31.47637333333333,7.692933333333334,59.77749333333334,28.821306666666672,16.602106666666664,22.64757333333333,3.0556799999999997,2000.0,6946.23,3632.45,332.92,2235.71,215.44,571.94,0.09
5,193.0,30.6004,36.82,20.6684,87.0208,33.4156,23.391599999999997,27.2524,3.4436,2000.0,193.0,5.15,31.096800000000005,0.0,50.581199999999995,27.0988,16.228399999999997,22.8144,0.8016,2000.0,193.0,18.126400000000004,34.17130666666666,5.832346666666667,68.50242666666668,31.182426666666665,20.881226666666667,25.649440000000002,2.3565066666666663,2000.0,7414.79,3678.46,269.94,2202.24,155.56,536.21,0.0
6,209.00000000000003,26.292,34.339200000000005,11.668400000000002,78.0752,32.821999999999996,21.1168,26.047599999999996,3.8735999999999997,2000.0,209.00000000000003,11.3768,29.166,0.0,42.324799999999996,27.136000000000003,13.667599999999998,20.711999999999996,0.9823999999999999,2000.0,209.00000000000003,20.761226666666666,32.025279999999995,1.7129866666666667,56.79338666666666,29.539786666666664,17.754746666666662,23.382426666666667,2.4145066666666666,2000.0,7177.39,3358.39,258.25,1933.78,188.72,1010.77,0.18
7,225.0,26.9756,35.958,18.0096,72.3092,37.14,24.714,30.6852,4.652799999999999,2000.0,225.0,8.068800000000001,30.1216,0.0,40.3496,26.462799999999998,14.148800000000001,20.7268,1.3463999999999998,2000.0,225.0,20.142026666666666,33.18074666666667,2.7729599999999994,54.84154666666667,33.37674666666666,19.693280000000005,26.147706666666664,2.6224266666666662,2000.0,7249.35,3253.38,256.63,1890.18,166.06,796.21,0.13
8,240.99999999999997,24.094,36.2796,13.3208,82.8948,34.373200000000004,23.1564,28.2196,3.634,2000.0,240.99999999999997,9.1632,31.8348,0.0,48.5196,22.5464,16.278,20.452399999999997,1.2659999999999998,2000.0,240.99999999999997,15.856506666666668,34.26365333333333,2.9330133333333333,69.6148,31.744560000000003,20.53109333333333,25.653359999999996,2.402826666666667,2000.0,7249.83,3055.9,242.74,1772.7,143.05,2058.42,0.0
9,257.0,24.4864,34.162,30.0836,80.9984,33.4352,22.473999999999997,25.703999999999994,5.7795999999999985,2000.0,257.0,3.7904,26.931999999999995,0.0,30.510399999999997,19.4312,4.824,13.648799999999998,1.2848,2000.0,257.0,18.192666666666664,30.74013333333333,4.2473600000000005,55.706746666666675,27.14474666666667,14.147173333333335,20.698293333333336,3.171733333333334,2000.0,6306.27,2547.34,308.6,1566.69,192.98,1176.87,0.0
10,272.99999999999994,19.862000000000002,32.0864,27.463599999999996,85.278,28.15,17.9368,22.5728,5.444800000000001,2000.0,272.99999999999994,1.7952000000000004,24.034399999999998,0.0,37.760000000000005,8.8628,1.6179999999999999,5.361999999999999,1.6912,2000.0,272.99999999999994,12.435866666666666,28.61264,3.7947466666666667,59.34874666666668,20.82101333333333,10.620026666666666,15.456853333333335,3.41,2000.0,5419.74,1876.38,333.65,1248.15,189.07,1102.18,0.0
11,289.0,18.344,31.660799999999995,12.138399999999999,62.0792,27.0176,15.377600000000001,20.9356,4.505599999999999,2000.0,289.0,4.7736,24.578799999999998,0.0,33.35039999999999,8.452,-2.8076,3.2175999999999996,1.0828000000000002,2000.0,289.0,13.348533333333332,27.557173333333335,1.9835733333333334,50.866266666666675,20.816266666666667,7.790000000000001,14.30474666666667,2.5164000000000004,2000.0,5158.67,1620.43,311.51,1080.34,180.02,840.98,0.02
12,305.0,13.761199999999999,32.743599999999994,18.190800000000003,86.4868,25.8792,18.766,21.6108,6.7892,2000.0,305.0,2.0024,25.889200000000002,0.0,41.1876,13.282399999999999,1.5504,5.7088,0.8687999999999999,2000.0,305.0,9.126373333333333,29.105920000000005,4.020853333333334,63.12258666666666,19.847173333333334,11.015973333333337,15.235120000000002,3.5571466666666662,2000.0,5073.82,1951.05,446.67,1420.64,248.52,623.75,0.72
