,DOY,INSgdmax,RADmax,RAINmax,RHmax,TMAXmax,TMINmax,Tmax,WINDmax,YEAR,DOY,INSgdmin,RADmin,RAINmin,RHmin,TMAXmin,TMINmin,Tmin,WINDmin,YEAR,DOY,INSgdmean,RADmean,RAINmean,RHmean,TMAXmean,TMINmean,Tmean,WINDmean,YEAR,NDVI,EVI,RED,NIR,BLUE,MIR,pixrel
0,113.00000000000001,28.443900000000003,30.461199999999998,15.2945,96.3715,23.4375,12.640300000000002,17.3061,5.711500000000001,2000.0,113.00000000000001,3.0033000000000003,22.985999999999997,0.0,29.380200000000002,9.041,0.5822,5.7873,0.8560000000000001,2000.0,113.00000000000001,17.564866666666667,27.100953333333337,2.2354866666666666,59.46798,18.88628666666667,6.920866666666666,12.814119999999999,3.1917800000000005,2000.0,4787.65,1706.48,412.25,1251.63,237.26,1707.52,0.0
1,129.0,27.540899999999997,33.916,24.9785,87.14780000000002,29.9899,20.3448,23.576500000000003,5.8233,2000.0,129.0,3.9945,27.655199999999997,0.0,36.950500000000005,14.476300000000002,3.8568,11.0379,1.9764999999999997,2000.0,129.0,17.526253333333333,30.938860000000005,3.420046666666667,60.33279333333333,23.965113333333335,13.323620000000002,18.703933333333335,3.631053333333333,2000.0,6067.78,2399.67,326.05,1546.42,168.04,1640.6,0.0
2,145.0,30.246600000000004,34.5964,21.1486,85.3178,34.587,21.9291,25.8463,5.3219,2000.0,145.0,2.6973000000000003,27.383500000000005,0.0,24.3457,13.812999999999999,4.2935,10.2354,1.1415000000000002,2000.0,145.0,17.177599999999998,30.803846666666672,3.710813333333333,60.477293333333336,25.25614666666667,13.41976,18.90072,3.5318333333333336,2000.0,5610.27,2677.41,434.02,1761.13,320.05,655.77,0.0
3,161.0,30.928200000000004,35.0306,30.8176,89.17660000000001,36.232600000000005,23.228,27.5338,6.2837,2000.0,161.0,6.4081,28.7969,0.0,34.2251,21.5522,7.5920000000000005,16.4028,1.022,2000.0,161.0,20.797346666666666,31.96344,5.395020000000001,58.81779333333334,27.03460666666667,16.337733333333333,21.591746666666666,3.9467933333333334,2000.0,5977.37,2435.15,337.65,1513.34,253.47,1713.11,0.24
4,176.99999999999997,31.9905,34.8742,27.035,80.53739999999999,33.247299999999996,21.435200000000002,26.0962,6.0592,2000.0,176.99999999999997,7.9516,27.593099999999996,0.0,36.9968,23.4648,10.0574,18.2095,1.3115999999999999,2000.0,176.99999999999997,21.85649333333334,31.069879999999998,7.786553333333334,60.74070666666667,28.440713333333335,16.16604,22.197219999999998,3.1125399999999996,2000.0,6328.62,2937.7,342.38,1810.07,243.11,549.29,0.01
5,193.0,30.530900000000003,36.7979,19.1059,87.7578,33.135,23.2695,27.097599999999996,3.499,2000.0,193.0,5.6198999999999995,30.867800000000003,0.0,51.74209999999999,26.4322,15.839300000000001,21.622099999999996,1.0629000000000002,2000.0,193.0,18.07852666666667,33.95595333333333,6.3965,70.08543333333333,30.623933333333333,20.578026666666666,25.21801333333334,2.43974,2000.0,6712.23,3024.68,276.18,1790.11,187.91,1331.9,0.0
6,209.0,26.711499999999997,33.872299999999996,10.695300000000001,76.35900000000001,33.214200000000005,20.6854,26.0291,4.0204,2000.0,209.0,9.9156,29.397,0.0,42.4337,26.7389,13.114399999999998,20.4897,0.9667999999999999,2000.0,209.0,20.840139999999998,31.828999999999997,1.8713800000000003,57.01069333333334,29.427266666666668,17.436086666666668,23.17694,2.5218733333333336,2000.0,6521.16,3019.71,290.34,1715.04,282.25,961.85,0.05
7,225.0,27.089299999999998,35.6776,18.5432,73.96260000000001,36.24980000000001,23.9011,29.6429,4.527699999999999,2000.0,225.0,7.235799999999999,29.9799,0.0,41.5629,26.0973,13.7238,20.2772,1.5335999999999999,2000.0,225.0,20.14969333333333,32.92675333333333,3.456893333333334,56.181366666666676,32.83354,19.236446666666666,25.65157333333333,2.662433333333333,2000.0,7027.7,2904.18,226.82,1639.8,175.9,325.42,0.0
8,241.0,23.485599999999998,36.0252,11.956,82.8059,34.07769999999999,22.774300000000004,27.3759,3.6492,2000.0,241.0,7.2424,31.4985,0.0,50.58930000000001,22.055500000000002,16.1003,19.883499999999998,1.1915,2000.0,241.0,15.312899999999999,34.08412,2.565173333333334,70.03816,31.46051333333333,19.977426666666666,25.185946666666666,2.4514133333333334,2000.0,7105.06,2870.07,225.82,1637.62,148.1,2137.18,0.0
9,257.0,24.2885,33.9583,20.1329,81.0837,33.499700000000004,22.158599999999996,25.4916,5.6933,2000.0,257.0,3.2640000000000002,26.9651,0.0,30.6366,18.8208,3.8523,13.5334,1.3440999999999999,2000.0,257.0,18.201500000000003,30.51614,3.3441400000000003,54.879200000000004,27.114853333333333,13.83126,20.444606666666665,3.2446,2000.0,6916.04,2756.65,262.21,1614.58,165.18,538.66,0.0
10,273.0,19.6498,31.598699999999997,24.6333,82.4183,28.5515,17.6492,22.381,5.5198,2000.0,273.0,2.0758,24.0261,0.0,37.5546,8.5502,1.0469,4.678100000000001,1.7506000000000004,2000.0,273.0,12.706573333333331,28.410459999999997,4.2391266666666665,57.037753333333335,20.696733333333334,10.171686666666666,15.092526666666668,3.501766666666667,2000.0,5607.2,1809.57,310.78,1173.81,196.37,395.66,0.05
11,289.0,18.0748,31.6788,10.098199999999999,64.55680000000001,27.1137,14.831700000000001,20.645200000000003,4.843,2000.0,289.0,4.4789,24.2975,0.0,33.2217,8.096,-3.1715,2.8832999999999998,1.0979999999999999,2000.0,289.0,13.362973333333333,27.595866666666662,1.6429333333333331,50.986113333333336,20.58057333333333,7.37094,14.011173333333335,2.6124066666666668,2000.0,5522.53,1632.74,279.45,1051.85,160.06,982.83,0.07
12,305.0,13.6753,32.7646,18.1079,88.0563,25.2924,18.3947,21.1107,6.717499999999999,2000.0,305.0,1.7754,25.1458,0.0,43.299400000000006,11.767299999999999,0.20590000000000003,4.399800000000001,0.9105000000000001,2000.0,305.0,8.754306666666668,28.86638,3.4531333333333336,65.53787333333332,19.048820000000003,10.285606666666668,14.513373333333334,3.72708,2000.0,4830.05,1911.76,536.24,1505.53,357.58,583.51,1.41
