,DOY,INSgdmax,RADmax,RAINmax,RHmax,TMAXmax,TMINmax,Tmax,WINDmax,YEAR,DOY,INSgdmin,RADmin,RAINmin,RHmin,TMAXmin,TMINmin,Tmin,WINDmin,YEAR,DOY,INSgdmean,RADmean,RAINmean,RHmean,TMAXmean,TMINmean,Tmean,WINDmean,YEAR,NDVI,EVI,RED,NIR,BLUE,MIR,pixrel
0,113.0,29.293599999999998,29.3994,12.0136,95.2516,22.489,12.33,16.0258,7.1228,2000.0,113.0,2.7154000000000003,22.0812,0.0,28.929000000000002,1.4274,-3.6208,-1.3226,1.9956,2000.0,113.0,17.86113333333333,25.514053333333337,1.584226666666667,66.72249333333333,14.681146666666667,3.8214933333333336,9.276333333333334,3.70936,2000.0,3948.04,1724.88,643.9,1630.28,297.46,1759.35,10.2
1,129.0,28.621000000000002,33.2322,27.1752,83.977,30.8356,19.732799999999997,24.4104,6.9972,2000.0,129.0,8.1536,26.6196,0.0,32.2202,12.52,5.2958,9.0994,2.0732,2000.0,129.0,20.203426666666665,29.591319999999996,4.510040000000001,51.551386666666666,23.593786666666666,12.246746666666667,17.954426666666663,4.341666666666667,2000.0,5084.68,2308.77,508.53,1779.28,246.18,1733.39,10.21
2,145.0,29.646399999999996,32.4336,21.163800000000002,92.285,29.6118,15.602,21.816399999999998,6.5318,2000.0,145.0,3.4514,24.2604,0.0,29.183200000000003,13.767999999999999,3.8574,8.292599999999998,1.7964,2000.0,145.0,16.938039999999997,28.95704,3.792253333333334,64.79112,21.579413333333335,11.28937333333333,16.066306666666666,3.7721466666666656,2000.0,5851.64,3228.72,576.12,2326.18,309.85,1420.41,0.07
3,161.0,29.8486,33.7526,31.322,91.068,36.569399999999995,21.2134,27.119000000000003,6.811599999999999,2000.0,161.0,4.955,28.705400000000004,0.0,41.064800000000005,16.956599999999998,5.134799999999999,13.479,1.3350000000000002,2000.0,161.0,19.503946666666664,31.078919999999997,6.058826666666667,65.22702666666669,24.580266666666667,13.547813333333334,19.074119999999997,4.2412399999999995,2000.0,6255.5,3602.32,465.49,2502.82,234.68,779.1,10.47
4,177.0,32.464,34.165400000000005,19.79,78.2802,33.5918,19.5286,25.7104,7.1028,2000.0,177.0,8.9096,26.515,0.0,38.3388,23.249,10.552599999999998,17.3644,1.4586000000000001,2000.0,177.0,24.663173333333337,29.968826666666665,6.5699466666666675,57.90838666666667,27.89924,14.895933333333332,21.080426666666664,3.8880399999999997,2000.0,6919.58,3967.05,355.86,2540.03,186.99,585.33,7.65
5,193.0,30.780000000000005,35.1186,28.9544,84.9476,32.4068,22.691599999999998,26.1162,4.949,2000.0,193.0,7.971,29.186400000000003,0.0,51.364799999999995,18.9756,12.700800000000001,15.3826,1.3963999999999999,2000.0,193.0,21.78501333333333,32.59084,5.53108,71.76076,28.65161333333333,18.102240000000002,22.94436,2.8580533333333333,2000.0,7285.93,4428.8,351.94,2780.77,195.8,1058.01,2.76
6,209.0,26.619799999999998,33.6458,11.2596,75.0352,34.3232,20.5066,25.430999999999997,4.970599999999999,2000.0,209.0,13.906199999999998,26.811799999999998,0.0,44.830799999999996,25.6104,10.6892,18.118,0.8901999999999999,2000.0,209.0,22.303146666666667,30.796,1.847493333333333,59.40718666666666,28.554733333333342,15.908266666666668,21.69429333333333,2.9434533333333333,2000.0,7478.83,4271.13,322.45,2595.91,192.21,1135.28,0.41
7,225.0,28.125,34.9272,20.431,77.0998,33.443,22.702800000000003,26.934400000000004,4.6058,2000.0,225.0,8.8494,27.159,0.0,49.510600000000004,24.1884,11.1548,17.9098,1.4966,2000.0,225.0,19.644146666666664,31.461080000000006,5.037253333333333,64.62543999999998,29.73077333333334,16.222533333333335,22.51768,2.9999066666666665,2000.0,7097.79,3766.81,340.65,2370.58,186.41,815.05,8.61
8,241.0,21.842999999999996,34.32,8.6062,86.2864,32.9622,20.8078,24.705600000000004,4.4642,2000.0,241.0,6.7882,30.176199999999998,0.0,63.97260000000001,19.879800000000003,13.841800000000001,16.8536,1.157,2000.0,241.0,14.00816,32.56610666666667,1.8516133333333338,76.90390666666667,27.882333333333335,16.310093333333334,21.43217333333333,2.791,2000.0,6838.36,3546.97,296.64,2238.08,139.51,1674.93,12.75
9,257.0,22.2044,32.5646,10.7344,78.30279999999999,32.919200000000004,18.485200000000003,24.8724,6.4368,2000.0,257.0,4.2456000000000005,26.950000000000003,0.0,33.508,17.8896,5.4528,12.5776,1.8808,2000.0,257.0,17.355973333333335,29.73632,2.14108,51.58602666666667,25.750453333333333,12.244599999999998,18.858106666666664,3.78784,2000.0,6144.75,2892.09,372.42,1934.12,180.3,899.4,10.2
10,273.0,17.8636,30.6632,11.526,82.245,28.486399999999996,15.8108,21.0628,6.936400000000001,2000.0,273.0,2.0526,24.9264,0.0,36.7672,7.934200000000001,-0.5362,3.3,2.0524,2000.0,273.0,11.382520000000001,27.774586666666664,2.947533333333334,55.60013333333334,18.26449333333333,7.838293333333334,12.491986666666667,3.72604,2000.0,4329.65,1827.97,583.37,1571.34,285.66,878.25,5.18
11,289.0,17.229,30.446400000000004,3.349,71.16860000000001,27.943,13.6338,19.7358,5.4756,2000.0,289.0,6.207199999999999,23.2254,0.0,33.17659999999999,6.0948,-3.9581999999999997,1.3986,0.9508000000000001,2000.0,289.0,13.109160000000003,26.85058666666667,0.6466133333333334,50.93553333333333,18.812626666666667,6.1697999999999995,12.488586666666667,3.1926666666666663,2000.0,4204.24,1569.93,493.8,1362.44,212.55,1978.38,10.2
12,305.0,12.769,32.5982,23.232599999999998,96.0112,22.773799999999998,18.17,19.726999999999997,6.5382,2000.0,305.0,2.4022,23.6512,0.0,50.943400000000004,7.8102,-4.1542,1.0782,1.5018,2000.0,305.0,7.295106666666666,27.872759999999996,2.9611466666666666,74.96593333333334,15.259453333333335,7.493053333333332,11.4668,4.62928,2000.0,3645.49,1752.64,961.76,1917.61,597.9,1171.32,1.44
