,DOY,INSgdmax,RADmax,RAINmax,RHmax,TMAXmax,TMINmax,Tmax,WINDmax,YEAR,DOY,INSgdmin,RADmin,RAINmin,RHmin,TMAXmin,TMINmin,Tmin,WINDmin,YEAR,DOY,INSgdmean,RADmean,RAINmean,RHmean,TMAXmean,TMINmean,Tmean,WINDmean,YEAR,NDVI,EVI,RED,NIR,BLUE,MIR,pixrel
0,113.0,28.5702,29.045199999999998,15.310000000000002,95.7228,22.164,13.165600000000001,16.671799999999998,6.399,2000.0,113.0,2.7194000000000003,22.9222,0.0,26.009,3.6448,-1.1709999999999998,1.1594,1.403,2000.0,113.0,18.40134666666667,26.061493333333328,2.3456800000000007,62.42213333333335,16.147,5.1732933333333335,10.69596,3.337306666666666,2000.0,5058.86,2354.81,621.54,1867.19,313.13,1407.63,0.0
1,129.0,27.206599999999998,33.6658,21.312800000000003,81.7522,30.5468,20.802400000000002,24.4008,6.2412,2000.0,129.0,6.5874,26.7836,0.0,29.4574,13.649600000000001,5.010800000000001,10.0584,2.4104,2000.0,129.0,18.607866666666666,30.185973333333337,4.11668,53.51737333333333,23.849373333333332,12.880759999999999,18.38378666666667,3.9868266666666665,2000.0,6042.65,2970.67,519.48,2084.13,272.2,1224.3,0.05
2,145.0,30.1836,32.88139999999999,14.3376,91.51219999999999,31.6206,17.810599999999997,22.679599999999997,6.3427999999999995,2000.0,145.0,3.5636,24.023000000000003,0.0,26.683,14.7446,4.869400000000001,9.334,1.6647999999999998,2000.0,145.0,16.058453333333333,29.796866666666663,4.010173333333333,61.617226666666674,23.332520000000002,12.478026666666665,17.448333333333334,3.6522666666666668,2000.0,6797.26,3741.17,469.69,2479.71,252.88,1455.56,0.04
3,161.0,28.906000000000002,34.198600000000006,33.569,95.6344,36.793400000000005,22.051799999999997,28.0092,6.391,2000.0,161.0,7.433599999999999,28.050200000000004,0.0,37.698,19.0634,6.256800000000001,15.141000000000002,1.2162,2000.0,161.0,20.004786666666664,31.681239999999995,5.771226666666666,61.439146666666666,25.71454666666667,15.105066666666666,20.304280000000002,4.123866666666667,2000.0,6915.39,4180.69,521.34,2777.58,332.21,1110.57,1.53
4,177.0,31.9858,34.8406,42.74679999999999,78.31360000000001,33.684599999999996,19.6688,25.583199999999998,6.557799999999999,2000.0,177.0,12.902800000000001,26.7564,0.0,35.361,22.909199999999995,9.847,17.6802,1.3831999999999998,2000.0,177.0,23.573733333333333,30.144213333333333,8.807920000000003,59.01305333333333,28.14332,15.384866666666664,21.471359999999997,3.554266666666666,2000.0,7892.61,4698.68,332.84,2872.46,186.58,512.52,0.0
5,193.0,30.642800000000005,35.5994,19.447000000000003,87.3528,32.3636,23.0648,26.439000000000004,4.1804,2000.0,193.0,8.1564,29.8756,0.0,51.843,22.499399999999998,14.011999999999999,18.376799999999996,1.3334000000000001,2000.0,193.0,19.607226666666666,33.009213333333335,7.14,70.51618666666667,29.26537333333334,19.047666666666668,23.856426666666664,2.6893466666666668,2000.0,7970.98,4756.38,325.67,2907.95,180.12,1253.62,0.02
6,209.0,28.145,33.6108,11.1594,74.1434,35.376,20.1632,26.5182,3.9970000000000003,2000.0,209.0,9.2968,27.255,0.0,43.0744,26.2354,11.6688,19.4058,0.7101999999999999,2000.0,209.0,21.486373333333333,31.206333333333337,2.00036,58.01906666666666,28.966186666666673,16.659626666666668,22.428359999999994,2.8421600000000002,2000.0,8045.74,4340.67,276.28,2550.81,155.13,1162.26,0.43
7,225.0,27.479400000000002,34.793600000000005,13.3804,78.3504,34.5998,21.395799999999998,27.316399999999994,4.0292,2000.0,225.0,6.6622,28.647,0.0,48.0152,24.3372,11.794400000000001,18.673000000000002,1.0576,2000.0,225.0,19.19872,32.0568,2.5904666666666665,60.92441333333333,30.666226666666663,17.319546666666664,23.646133333333342,2.7858133333333335,2000.0,7689.17,4146.01,329.5,2510.12,181.55,490.62,0.84
8,241.0,22.693599999999996,34.9914,6.868,85.8436,32.604400000000005,21.891000000000002,25.240199999999998,3.632,2000.0,241.0,7.0556,30.8494,0.0,62.4854,20.910000000000004,14.6158,17.9188,0.8946,2000.0,241.0,15.088586666666666,33.01752,2.0224133333333336,75.51638666666666,29.038200000000003,17.850440000000003,22.88226666666667,2.519613333333333,2000.0,7643.02,3961.31,317.87,2384.27,172.66,2109.95,0.0
9,257.0,23.2822,32.7592,20.576399999999996,80.2444,33.3232,20.697799999999997,24.5576,5.533599999999999,2000.0,257.0,3.2706,27.114199999999997,0.0,33.148999999999994,19.254200000000004,2.6169999999999995,12.943999999999999,1.7930000000000001,2000.0,257.0,17.43698666666667,30.025626666666668,3.362386666666666,55.833253333333325,25.919826666666665,12.636079999999998,19.084960000000002,3.4447600000000005,2000.0,6980.1,3187.42,358.16,1987.2,191.14,1371.41,0.0
10,273.0,18.715600000000002,31.794200000000004,18.570400000000003,81.25840000000001,28.274,16.9922,21.4268,5.7782,2000.0,273.0,3.2386000000000004,23.709400000000006,0.0,37.620999999999995,8.0796,0.30720000000000003,3.9566,1.6909999999999998,2000.0,273.0,11.558813333333333,28.041786666666663,4.956786666666668,54.001279999999994,19.204293333333325,8.877826666666664,13.601546666666664,3.5741066666666668,2000.0,5802.79,2346.37,440.01,1634.51,211.38,658.71,0.0
11,289.0,17.3572,32.586,5.2902000000000005,67.02120000000001,27.7546,13.8378,20.536199999999997,5.3314,2000.0,289.0,5.6518,24.1456,0.0,32.0394,7.114,-2.7262000000000004,2.6535999999999995,1.0296,2000.0,289.0,13.42688,27.458519999999993,1.21648,49.40044000000001,19.651666666666667,6.917253333333332,13.373746666666667,2.91712,2000.0,5597.42,2148.36,434.26,1513.45,211.64,2113.54,0.0
12,305.0,13.210800000000003,32.5422,38.4592,92.49600000000001,24.5826,18.735999999999997,20.7558,6.737,2000.0,305.0,2.8922,24.48,0.0,49.35860000000001,10.773599999999998,-1.9915999999999998,2.8179999999999996,1.2147999999999999,2000.0,305.0,8.131559999999999,28.48462666666667,4.524213333333333,69.43273333333333,16.969306666666668,8.666506666666667,12.777386666666667,4.193146666666666,2000.0,4200.79,2143.31,1156.97,2329.24,854.24,1204.11,1.5
