,DOY,INSgdmax,RADmax,RAINmax,RHmax,TMAXmax,TMINmax,Tmax,WINDmax,YEAR,DOY,INSgdmin,RADmin,RAINmin,RHmin,TMAXmin,TMINmin,Tmin,WINDmin,YEAR,DOY,INSgdmean,RADmean,RAINmean,RHmean,TMAXmean,TMINmean,Tmean,WINDmean,YEAR,NDVI,EVI,RED,NIR,BLUE,MIR,pixrel
0,113.0,29.152,30.471999999999998,6.412000000000001,89.71199999999999,27.019999999999996,12.16,18.884,7.268,2000.0,113.0,2.9960000000000004,23.964000000000002,0.0,31.772000000000002,5.486000000000001,-1.1179999999999999,1.8640000000000003,2.1879999999999997,2000.0,113.0,17.578799999999998,27.40426666666667,1.2505333333333333,56.55080000000001,18.448933333333333,6.245733333333333,12.530000000000001,3.8603999999999994,2000.0,4421.07,2747.4,1020.82,2640.99,532.21,1542.1,0.0
1,129.0,28.134,33.327999999999996,12.862,84.83000000000001,30.51,19.496000000000002,23.696,6.314,2000.0,129.0,8.442,27.788,0.0,26.226000000000006,14.624,5.938,11.05,1.468,2000.0,129.0,19.191866666666662,30.481600000000004,3.038933333333333,52.421733333333336,24.8156,13.02346666666667,18.939866666666667,4.293200000000001,2000.0,5668.95,3499.63,753.52,2751.62,397.03,1566.5,0.01
2,145.0,30.108,33.47,18.114,90.086,33.678,21.445999999999998,25.886000000000003,5.544,2000.0,145.0,2.8520000000000003,26.988000000000003,0.0,25.664,13.928,5.9239999999999995,9.698,1.932,2000.0,145.0,18.244,30.602133333333335,3.158266666666666,60.80706666666667,24.753733333333336,13.4604,18.723333333333336,3.860266666666666,2000.0,6021.79,3935.71,752.92,3041.16,400.86,1615.21,0.01
3,161.0,30.722,34.376000000000005,31.49,88.916,37.212,21.758000000000003,28.03,7.528,2000.0,161.0,10.537999999999998,28.712000000000003,0.0,36.650000000000006,19.816000000000003,6.877999999999999,15.588,2.14,2000.0,161.0,22.42466666666667,31.554133333333336,4.680933333333333,62.08706666666667,26.451066666666662,15.181333333333331,20.690799999999996,4.650933333333333,2000.0,6608.18,4752.51,732.69,3593.06,391.53,1730.88,0.01
4,177.0,32.126,34.368,34.026,80.14200000000001,33.116,20.248,25.530000000000005,6.524000000000001,2000.0,177.0,6.868,26.932,0.0,36.988,24.04,9.252,16.998,1.6199999999999999,2000.0,177.0,24.366799999999998,30.47813333333334,7.476666666666666,63.42333333333334,27.963733333333334,15.170266666666667,21.343599999999995,3.3804,2000.0,7843.66,5734.46,459.04,3839.57,250.48,917.39,0.33
5,193.0,30.592,35.92400000000001,20.554,89.726,33.318,22.742,26.692,4.518,2000.0,193.0,4.302,30.84,0.0,60.66799999999999,23.125999999999998,12.998000000000001,18.098,1.3299999999999998,2000.0,193.0,20.700000000000003,33.676,6.505599999999999,75.84759999999999,29.927466666666668,19.65,24.24626666666667,2.748133333333333,2000.0,8142.77,5919.52,382.73,3845.45,209.7,1450.14,0.0
6,209.0,29.764000000000003,34.306,23.082,76.328,35.212,21.007999999999996,26.555999999999997,5.032,2000.0,209.0,12.382000000000001,29.048,0.0,46.438,26.708,11.766,19.22,0.958,2000.0,209.0,20.483066666666666,31.980133333333335,4.172533333333332,59.99733333333333,29.596133333333334,16.856133333333336,22.611866666666664,2.6802666666666672,2000.0,8164.45,5920.59,379.3,3835.41,214.29,707.26,1.01
7,225.0,26.867999999999995,35.153999999999996,11.656,74.794,35.588,21.742,27.772,4.569999999999999,2000.0,225.0,5.624,29.548,0.0,51.42,26.596,13.882,19.252,1.486,2000.0,225.0,19.795466666666666,32.96040000000001,2.3909333333333334,63.128533333333344,32.096,18.331333333333337,24.57,3.223466666666666,2000.0,7676.93,5041.89,422.38,3269.62,229.65,884.86,0.71
8,241.0,22.477999999999998,34.918000000000006,17.389999999999997,75.178,37.87,21.934,29.023999999999997,4.632000000000001,2000.0,241.0,10.325999999999999,31.310000000000002,0.0,47.214,25.056,15.55,20.214000000000002,1.342,2000.0,241.0,17.252799999999997,33.40533333333333,1.9918666666666667,62.074,32.70573333333334,18.422133333333335,24.9644,2.862,2000.0,5831.29,3632.25,734.22,2803.12,395.72,1781.19,0.01
9,257.0,23.648,33.428,9.42,77.15,33.568000000000005,20.42,26.174000000000003,6.5680000000000005,2000.0,257.0,2.9619999999999997,27.433999999999997,0.0,27.914,19.136,7.214,14.38,2.174,2000.0,257.0,18.4836,30.146533333333338,1.6730666666666667,49.83853333333334,27.659733333333328,13.965866666666667,20.75906666666667,3.929066666666667,2000.0,5451.33,3430.8,853.05,2891.67,412.19,1753.42,0.0
10,273.0,18.574,31.932,12.42,86.22200000000001,30.844,16.33,21.696,6.712000000000001,2000.0,273.0,2.7439999999999998,25.465999999999998,0.0,35.886,7.880000000000001,-1.5059999999999998,2.6119999999999997,1.7880000000000003,2000.0,273.0,12.263066666666667,28.514533333333336,2.3032000000000004,53.62853333333334,20.598666666666666,8.843866666666667,14.2276,4.279866666666667,2000.0,4612.81,2894.58,1016.12,2731.48,525.12,1620.0,0.0
11,289.0,17.982,31.466,8.148,78.108,27.520000000000003,13.588,20.304000000000002,6.2219999999999995,2000.0,289.0,3.7640000000000002,23.404,0.0,34.958,6.814,-4.764,1.144,1.6899999999999997,2000.0,289.0,13.669066666666662,27.365599999999997,1.532933333333333,52.094933333333344,20.22293333333333,6.796800000000001,13.574533333333333,3.2304,2000.0,3906.47,2218.82,1025.81,2318.86,522.94,2075.37,0.0
12,305.0,13.612000000000002,31.708,14.606000000000002,97.826,21.971999999999998,17.601999999999997,19.358,6.991999999999999,2000.0,305.0,2.584,23.201999999999998,0.0,49.788000000000004,3.824,-3.944,-1.2600000000000002,1.952,2000.0,305.0,8.079333333333333,27.850800000000007,2.9664,75.53853333333333,16.558266666666665,8.700399999999998,12.447333333333333,4.4337333333333335,2000.0,3857.95,2020.89,894.45,2023.37,458.34,1818.2,0.0
