,DOY,INSgdmax,RADmax,RAINmax,RHmax,TMAXmax,TMINmax,Tmax,WINDmax,YEAR,DOY,INSgdmin,RADmin,RAINmin,RHmin,TMAXmin,TMINmin,Tmin,WINDmin,YEAR,DOY,INSgdmean,RADmean,RAINmean,RHmean,TMAXmean,TMINmean,Tmean,WINDmean,YEAR,NDVI,EVI,RED,NIR,BLUE,MIR,pixrel
0,113.0,29.1509,30.0288,12.936399999999999,91.56899999999999,26.5342,10.9367,17.9673,7.962400000000001,2000.0,113.0,2.3736,23.8044,0.0,35.5554,3.2508,-3.3593,0.7422,2.7674,2000.0,113.0,17.604006666666667,26.70256666666667,2.05666,61.78605333333334,17.424886666666666,5.205,11.32676,4.328826666666666,2000.0,3743.54,2374.8,1213.91,2648.85,627.56,1622.14,0.07
1,129.0,28.5909,33.1172,12.6603,85.7311,30.331200000000003,18.6693,23.389499999999998,6.982200000000001,2000.0,129.0,5.439900000000001,26.754800000000003,0.0,24.4316,14.3768,5.9291,10.5031,1.5451,2000.0,129.0,20.392386666666667,29.80796,2.5098200000000004,49.7416,24.67022666666667,12.190626666666667,18.569913333333332,4.660186666666666,2000.0,4657.45,2959.32,989.64,2719.63,520.08,1813.45,0.05
2,145.0,30.959400000000002,33.2555,19.6358,92.3682,31.3266,19.2036,23.673,6.2041,2000.0,145.0,3.2969,25.1791,0.0,27.421599999999998,14.5596,5.0889,9.3457,1.6892,2000.0,145.0,18.455093333333334,29.958613333333332,3.60436,63.98867333333333,23.615313333333333,11.835946666666668,17.7053,4.053939999999999,2000.0,5299.36,3668.12,983.53,3191.54,528.07,1756.59,0.02
3,161.0,29.5561,34.24550000000001,25.9971,88.68780000000001,37.4531,20.2643,28.0024,8.530999999999999,2000.0,161.0,7.598700000000001,28.679299999999998,0.0,38.6816,19.3945,7.873899999999999,14.1292,2.5105,2000.0,161.0,21.51938666666667,31.129693333333336,3.35242,61.04811333333333,26.26192,14.240733333333331,20.193546666666666,4.83494,2000.0,6213.04,4413.61,823.76,3457.64,456.02,1763.0,0.02
4,177.0,32.393100000000004,34.3828,35.245000000000005,79.6911,32.7171,19.2486,25.0275,7.1814,2000.0,177.0,6.168200000000001,26.651,0.0,34.9473,24.1203,10.3324,17.757,1.4172000000000002,2000.0,177.0,25.60617333333333,30.296039999999998,6.67404,60.09270666666667,28.19202666666667,14.911853333333333,21.352146666666666,3.66956,2000.0,7332.03,5162.31,533.8,3521.07,304.37,1109.14,0.02
5,193.0,31.203500000000002,35.9707,22.587699999999998,89.99709999999999,33.5503,22.0207,26.533299999999997,5.6174,2000.0,193.0,6.3062000000000005,30.9212,0.0,60.644200000000005,23.151899999999998,12.259699999999999,17.4953,1.0601,2000.0,193.0,22.291579999999996,33.36752,5.915939999999999,75.26090666666667,30.021213333333336,18.617853333333336,23.765819999999998,3.019973333333333,2000.0,8039.27,5807.34,393.79,3760.46,227.23,1693.71,0.01
6,209.0,28.7534,34.4209,13.1127,74.8051,35.321,21.2564,26.532,5.6633000000000004,2000.0,209.0,13.133600000000001,29.382799999999996,0.0,47.4606,26.4672,11.004800000000001,18.3063,1.0518,2000.0,209.0,21.42484,32.05152,2.12124,60.16836666666667,29.76366,16.386853333333335,22.360206666666667,2.7882599999999997,2000.0,7439.31,5887.17,648.57,4161.11,479.29,994.81,1.84
7,225.0,27.388399999999997,34.887100000000004,10.2892,79.5333,34.47,21.9208,26.262600000000003,5.1962,2000.0,225.0,4.635400000000001,29.380200000000002,0.0,55.7894,25.7058,12.6006,18.156399999999998,1.4285,2000.0,225.0,20.560006666666666,32.552506666666666,1.58802,67.62167333333332,31.052153333333337,17.60618666666667,23.550973333333335,3.5135999999999994,2000.0,7213.16,4723.09,503.02,3159.7,289.51,920.92,0.73
8,241.0,22.2047,35.426,8.4985,76.88570000000001,37.182700000000004,20.3311,27.410300000000003,5.3788,2000.0,241.0,8.408199999999999,31.179500000000004,0.0,47.5376,25.4533,12.839500000000001,19.8978,1.2691000000000001,2000.0,241.0,15.5595,33.14474,2.278086666666667,64.34710666666668,31.689146666666666,16.757926666666666,23.564933333333332,3.146486666666667,2000.0,5166.82,3148.12,846.46,2645.71,452.64,1771.34,0.02
9,257.0,22.585,33.2285,8.1664,68.40549999999999,33.4887,20.0836,26.5591,7.6021,2000.0,257.0,3.3795,27.6659,0.0,30.3202,18.935299999999998,6.5906,14.0644,1.7735999999999998,2000.0,257.0,17.772199999999998,30.076466666666665,1.2681466666666668,46.46990666666667,27.963906666666666,13.561066666666669,20.704933333333333,4.45102,2000.0,4518.18,2685.0,1000.29,2595.22,476.14,1834.91,0.0
10,273.0,18.1466,31.0433,8.5384,85.2534,31.5398,15.1294,21.4334,7.1137,2000.0,273.0,3.6483,25.594299999999997,0.0,33.6102,7.8937,-3.0221,1.9240999999999997,1.8629,2000.0,273.0,11.545873333333333,28.354306666666666,2.0358933333333336,54.621759999999995,19.740133333333336,7.589466666666667,13.106633333333335,4.315313333333334,2000.0,3746.05,2386.41,1291.53,2760.07,658.06,1789.35,0.05
11,289.0,17.9605,30.8358,6.2195,80.8717,27.959400000000002,14.060300000000002,19.8098,6.5066,2000.0,289.0,2.7229,22.855,0.0,31.7198,6.209,-5.7286,0.6448,1.9199,2000.0,289.0,12.998506666666666,27.140099999999997,0.9246333333333334,51.93866666666668,19.867860000000004,6.18338,12.968373333333332,3.6439199999999996,2000.0,3336.05,2065.15,1261.12,2505.45,637.65,2091.3,0.44
12,305.0,13.258700000000001,32.225699999999996,17.2426,99.436,20.735799999999998,16.6218,18.1806,7.3445,2000.0,305.0,1.7139,23.051699999999997,0.0,49.699799999999996,1.2519,-7.917699999999999,-3.9052,2.5187999999999997,2000.0,305.0,7.345786666666665,27.57204,3.42952,78.77261999999999,15.192300000000001,7.153453333333333,11.07295333333333,4.903446666666667,2000.0,3308.36,1764.54,1014.7,2022.03,509.06,1956.41,0.09
