,DOY,INSgdmax,RADmax,RAINmax,RHmax,TMAXmax,TMINmax,Tmax,WINDmax,YEAR,DOY,INSgdmin,RADmin,RAINmin,RHmin,TMAXmin,TMINmin,Tmin,WINDmin,YEAR,DOY,INSgdmean,RADmean,RAINmean,RHmean,TMAXmean,TMINmean,Tmean,WINDmean,YEAR,NDVI,EVI,RED,NIR,BLUE,MIR,pixrel
0,113.0,28.603,30.1818,12.659199999999998,94.432,22.0198,12.633000000000001,16.472199999999997,6.3266,2000.0,113.0,2.5678,22.2618,0.0,27.569999999999997,2.1642,-2.59,-0.3926,1.5204,2000.0,113.0,17.757333333333335,25.755813333333332,2.137866666666667,64.98637333333333,14.841386666666667,4.120333333333333,9.390173333333333,3.2640399999999996,2000.0,4697.4,2164.37,649.64,1789.99,341.0,1441.46,0.0
1,129.0,28.3054,33.5334,28.9656,81.9208,30.552399999999995,20.700000000000003,24.427200000000003,6.4032,2000.0,129.0,7.1192,26.712,0.0,31.684399999999997,12.352,4.6916,9.1948,2.4572000000000003,2000.0,129.0,19.42994666666667,29.714040000000004,4.66284,52.35702666666667,23.179186666666666,12.355386666666664,17.880786666666665,3.958346666666667,2000.0,6721.57,3352.11,418.3,2156.14,235.48,1936.97,0.03
2,145.0,31.078599999999998,31.8426,19.033800000000003,91.8956,29.4144,15.8366,21.587199999999996,6.3866,2000.0,145.0,2.5627999999999997,24.097800000000003,0.0,29.1388,14.6638,4.08,8.595,1.6866,2000.0,145.0,16.14732,28.856919999999995,4.855893333333333,62.99176,22.09449333333334,11.394493333333331,16.277186666666665,3.524106666666667,2000.0,7544.82,4674.85,405.05,2982.16,229.91,1657.47,0.0
3,161.0,28.543599999999998,33.6194,37.6526,89.54639999999999,35.859,21.4774,27.252799999999997,6.035800000000001,2000.0,161.0,4.8145999999999995,27.9986,0.0,40.023799999999994,17.1804,6.1284,14.3004,1.1184,2000.0,161.0,19.231786666666665,31.341359999999998,6.4983466666666665,63.215986666666666,24.84262666666667,14.18277333333333,19.45624,3.9322000000000004,2000.0,7878.75,5166.9,367.03,3240.22,220.34,830.94,0.0
4,176.99999999999997,31.6372,34.11260000000001,36.065,77.35799999999999,33.39679999999999,19.592799999999997,25.4338,6.5832,2000.0,176.99999999999997,11.968399999999999,26.7016,0.0,40.5858,22.823,10.6558,17.5,1.4039999999999997,2000.0,176.99999999999997,23.515093333333333,29.992466666666665,8.203346666666667,57.533586666666665,27.814199999999996,15.139453333333332,21.184226666666664,3.6831199999999993,2000.0,8404.99,5515.95,272.53,3330.31,164.97,525.46,0.18
5,193.0,30.2166,35.019,21.787399999999998,86.1584,31.829,22.8188,26.2458,4.3034,2000.0,193.0,8.3934,29.0004,0.0,50.4468,19.285800000000002,13.2036,16.1848,1.3406000000000002,2000.0,193.0,21.346973333333334,32.45676,5.7532000000000005,69.5414,28.804133333333333,18.27684,23.1958,2.7170133333333335,2000.0,8473.06,5527.97,265.03,3327.93,157.13,1058.4,0.02
6,209.0,26.660000000000004,34.0802,10.274999999999999,73.79679999999999,34.3622,20.438799999999997,25.6446,4.1564,2000.0,209.0,13.848,26.957600000000003,0.0,44.5956,25.5996,11.405,18.5638,0.847,2000.0,209.0,21.510826666666663,31.156399999999998,1.9347733333333332,59.09446666666666,28.409853333333334,16.305226666666666,21.896213333333332,2.8712533333333337,2000.0,8427.85,5155.1,243.87,3017.7,151.08,667.28,0.71
7,225.0,27.4674,35.2152,21.827199999999998,77.917,33.2552,21.195,26.709999999999994,3.8636,2000.0,225.0,5.559,27.607800000000005,0.0,48.697599999999994,23.0076,10.772599999999999,17.668,0.9745999999999999,2000.0,225.0,19.287786666666662,31.45348,4.301733333333334,63.397199999999984,29.526373333333332,16.48417333333333,22.64384,2.784866666666667,2000.0,8173.7,4615.58,262.7,2699.65,153.71,486.08,0.98
8,241.0,21.148199999999996,34.260000000000005,18.610599999999998,85.5904,32.272800000000004,21.564400000000003,24.612,3.842,2000.0,241.0,6.832,30.382599999999996,0.0,63.29279999999999,20.4696,13.715199999999998,16.9466,0.9728,2000.0,241.0,14.300119999999998,32.422266666666665,2.0850933333333335,76.68550666666667,27.765253333333337,17.020573333333335,21.802373333333335,2.5532799999999995,2000.0,7943.92,4442.17,299.19,2656.94,170.31,949.82,0.0
9,257.0,23.163199999999996,32.5628,13.3282,81.3682,32.5226,19.292199999999998,24.2502,5.731799999999999,2000.0,257.0,3.9864,26.725599999999996,0.0,34.538199999999996,18.2424,3.4572,12.583,1.7218,2000.0,257.0,17.623893333333335,29.759000000000004,2.2401999999999997,54.45106666666666,25.224573333333332,12.227959999999998,18.595666666666666,3.4505199999999996,2000.0,6999.41,3461.3,374.37,2149.05,219.8,984.48,0.0
10,273.0,18.6016,31.085600000000003,18.352800000000002,83.0574,27.806600000000003,16.3622,20.989,6.0214,2000.0,273.0,1.9925999999999997,23.901000000000003,0.0,37.8088,7.8844,0.2324,3.798,1.9678,2000.0,273.0,11.431920000000003,27.814186666666664,3.5978933333333343,54.89525333333332,18.22973333333333,8.251133333333332,12.724466666666665,3.424,2000.0,5056.72,2098.7,518.5,1590.49,268.05,742.79,0.0
11,289.0,17.159999999999997,32.0376,5.333200000000001,69.8492,27.645999999999997,13.866,20.1264,5.028000000000001,2000.0,289.0,6.5834,23.980200000000004,0.0,31.2752,6.421800000000001,-3.0942000000000003,2.1168,0.8824,2000.0,289.0,13.15092,27.194386666666666,0.8015733333333335,49.52261333333334,18.979426666666672,6.546799999999999,12.761386666666667,2.9497466666666665,2000.0,5021.18,1872.17,462.08,1395.32,236.32,1703.73,0.06
12,305.0,12.8884,32.569399999999995,29.6232,93.08439999999999,23.9288,18.365599999999997,20.33,6.495,2000.0,305.0,2.8749999999999996,24.0286,0.0,50.3986,9.0948,-2.4292,2.8704,1.2606,2000.0,305.0,7.858026666666666,28.084400000000002,3.735226666666667,71.17401333333333,15.98909333333333,7.746013333333331,11.929640000000001,4.16632,2000.0,4639.16,2119.22,644.53,1761.03,332.77,1043.85,1.0
