,DOY,INSgdmax,RADmax,RAINmax,RHmax,TMAXmax,TMINmax,Tmax,WINDmax,YEAR,DOY,INSgdmin,RADmin,RAINmin,RHmin,TMAXmin,TMINmin,Tmin,WINDmin,YEAR,DOY,INSgdmean,RADmean,RAINmean,RHmean,TMAXmean,TMINmean,Tmean,WINDmean,YEAR,NDVI,EVI,RED,NIR,BLUE,MIR,pixrel
0,113.0,29.0428,30.112399999999994,7.7732,93.4268,25.5928,14.0776,18.550799999999995,5.844799999999999,2000.0,113.0,2.7184,23.8784,0.0,23.9816,6.978,0.542,3.5688000000000004,1.4287999999999998,2000.0,113.0,17.540506666666666,27.44658666666667,1.484,56.24661333333334,19.10010666666667,6.61768,12.987253333333335,3.30744,2000.0,6197.78,3898.18,676.82,2897.14,362.11,1493.75,0.66
1,129.0,26.757199999999997,34.071600000000004,23.8412,84.248,29.766,20.136,23.3688,6.1491999999999996,2000.0,129.0,6.0688,27.3768,0.0,33.4788,14.824000000000002,4.2628,10.8916,1.6867999999999999,2000.0,129.0,18.155786666666668,30.767946666666667,4.357893333333333,57.79165333333333,24.223706666666672,12.945626666666664,18.694159999999997,3.8125333333333336,2000.0,6858.15,4961.77,666.81,3622.9,365.79,1520.8,0.99
2,145.0,28.9656,33.48,12.5792,84.608,34.6588,21.1428,26.4064,5.233599999999999,2000.0,145.0,3.2996,27.36,0.0,23.9592,13.253599999999999,4.6436,9.9784,1.4396,2000.0,145.0,18.895813333333336,30.729840000000003,2.6863733333333335,58.784800000000004,25.36208,13.915493333333336,19.167839999999998,3.6676,2000.0,7097.17,4817.5,565.71,3346.01,309.48,1087.18,0.0
3,161.0,31.000000000000004,34.7616,27.273600000000002,89.56479999999999,36.49680000000001,22.356,27.6168,6.334,2000.0,161.0,9.526399999999999,28.856800000000003,0.0,35.2804,21.11,5.9324,15.878799999999998,1.3832,2000.0,161.0,22.00272,31.838719999999995,6.366,60.932,26.796213333333327,15.77904,21.20797333333334,4.215120000000001,2000.0,7456.22,5190.94,517.62,3530.96,284.99,1810.8,0.15
4,177.0,31.788000000000004,34.7008,30.1132,81.1832,33.00919999999999,21.052,26.0532,6.0696,2000.0,177.0,10.4464,27.2776,0.0,40.9016,23.741600000000002,9.249600000000001,17.5568,1.4256,2000.0,177.0,22.423173333333335,31.080533333333328,8.158533333333333,63.77138666666667,28.073306666666667,15.684773333333332,21.729466666666667,3.13152,2000.0,7754.03,5591.45,469.54,3732.39,264.31,1050.63,0.02
5,193.0,30.5168,36.7592,16.512,87.4388,32.9092,23.4588,27.044800000000002,3.8196,2000.0,193.0,5.0944,30.8076,0.0,60.369200000000006,23.933999999999997,14.808,19.584400000000002,1.0632,2000.0,193.0,19.54616,34.068346666666656,4.624479999999999,74.19165333333333,30.215919999999997,20.429733333333335,24.884,2.4365066666666673,2000.0,7775.06,5912.94,499.49,4043.34,277.21,953.21,0.01
6,209.0,27.54,34.552800000000005,14.6812,76.31360000000001,34.0428,20.964399999999998,25.9744,4.0964,2000.0,209.0,11.607199999999999,29.679199999999998,0.0,45.227999999999994,26.27,12.45,20.0124,0.9252,2000.0,209.0,20.38314666666667,31.9728,3.175253333333333,59.285466666666665,29.41717333333333,17.227173333333333,22.863466666666667,2.510906666666667,2000.0,8187.88,5690.31,355.72,3607.8,197.36,738.93,0.67
7,225.0,26.9248,35.9308,14.148799999999998,75.3152,36.3928,23.5092,29.3076,4.174,2000.0,225.0,6.2856,30.491999999999997,0.0,43.5556,26.870799999999996,14.135200000000001,19.9828,1.3987999999999998,2000.0,225.0,19.649146666666667,33.12730666666667,3.4480266666666664,59.24469333333333,32.736693333333335,19.040533333333336,25.457706666666667,2.837013333333334,2000.0,7951.68,5534.83,407.18,3577.16,230.75,873.59,1.02
8,241.0,22.7528,35.5392,8.8732,75.7144,37.1004,22.69,28.5812,3.9795999999999996,2000.0,241.0,8.1672,32.0236,0.0,49.088,23.9508,15.9992,20.5872,1.0948,2000.0,241.0,16.80664,34.02173333333333,1.0270666666666668,62.89709333333334,32.99221333333334,19.66021333333333,25.783093333333333,2.5584,2000.0,7619.19,5194.59,462.52,3433.06,256.54,869.14,0.0
9,257.0,23.9668,33.6076,15.855599999999999,78.5872,33.9148,21.6564,25.7208,5.5656,2000.0,257.0,4.8632,27.2192,0.0,27.969599999999996,18.8156,4.942,14.6692,1.4924,2000.0,257.0,18.939680000000003,30.33416,2.6381600000000005,50.909306666666666,27.80810666666666,14.19917333333333,20.851173333333332,3.42784,2000.0,6922.99,4456.69,565.44,3124.73,287.1,1713.08,0.0
10,273.0,19.5812,31.7736,29.5432,84.3624,29.947200000000002,17.2212,22.176000000000002,6.038,2000.0,273.0,1.6531999999999998,24.2116,0.0,36.620000000000005,8.1292,0.028400000000000092,3.6904000000000003,1.6280000000000001,2000.0,273.0,12.60304,28.323279999999997,4.766159999999999,54.77890666666666,21.147493333333337,9.792666666666666,14.983093333333331,3.861813333333334,2000.0,6428.35,4027.98,617.91,2907.4,329.97,1697.8,0.0
11,289.0,18.8784,31.815599999999996,7.5280000000000005,71.9924,27.160800000000002,13.5164,20.478,5.5552,2000.0,289.0,3.6384,23.716,0.0,33.992399999999996,7.338799999999999,-4.2492,1.5688,1.4127999999999998,2000.0,289.0,13.623813333333331,27.64642666666667,1.6087466666666668,52.72826666666667,20.45624,7.006853333333333,13.769733333333331,2.7949600000000006,2000.0,5462.54,3379.09,798.03,2741.39,425.34,2085.79,0.32
12,305.0,13.899999999999999,32.9792,22.8328,95.1584,23.441200000000002,17.52,20.0696,6.1288,2000.0,305.0,2.4984,24.7392,0.0,46.97,6.331199999999999,-1.4704000000000002,1.2272,1.2572,2000.0,305.0,7.975493333333334,28.557706666666665,3.760373333333333,72.0788,17.697360000000003,9.6284,13.498613333333335,3.91272,2000.0,5650.96,3195.09,657.23,2437.31,338.22,1369.98,0.0
