,DOY,INSgdmax,RADmax,RAINmax,RHmax,TMAXmax,TMINmax,Tmax,WINDmax,YEAR,DOY,INSgdmin,RADmin,RAINmin,RHmin,TMAXmin,TMINmin,Tmin,WINDmin,YEAR,DOY,INSgdmean,RADmean,RAINmean,RHmean,TMAXmean,TMINmean,Tmean,WINDmean,YEAR,NDVI,EVI,RED,NIR,BLUE,MIR,pixrel
0,113.0,28.964600000000004,30.133,5.3824,81.11760000000001,28.041999999999998,16.1526,20.1448,6.243400000000001,2000.0,113.0,3.9508,25.6692,0.0,30.780999999999995,8.5666,0.2278,4.0564,1.7412,2000.0,113.0,17.429360000000003,28.423786666666665,1.2922,53.129173333333334,20.133213333333334,7.739879999999999,13.982026666666666,3.7989200000000003,2000.0,3158.9,1970.13,1356.11,2609.63,634.89,1624.46,0.02
1,129.0,28.538600000000002,33.403,12.0402,84.00899999999999,30.919400000000003,19.0528,23.1438,6.338,2000.0,129.0,3.1092,26.6066,0.0,33.312400000000004,16.527,5.8286,12.4282,1.69,2000.0,129.0,18.79012,30.60089333333333,2.6048133333333334,55.928520000000006,24.589520000000004,13.066040000000001,18.94454666666666,4.104786666666666,2000.0,3696.97,2230.61,1159.92,2525.09,549.13,2626.98,0.01
2,145.0,31.4692,33.4884,16.179399999999998,86.2226,35.851400000000005,23.7056,28.002599999999997,5.449999999999999,2000.0,145.0,6.962400000000001,27.650399999999998,0.0,24.9704,14.0016,5.5442,10.322199999999999,1.7830000000000001,2000.0,145.0,21.46973333333333,30.811706666666666,2.5403333333333333,57.67734666666666,26.678853333333333,14.531626666666666,20.20508,3.770653333333333,2000.0,4045.99,2545.58,1167.86,2742.35,560.67,2386.74,0.02
3,161.0,30.7408,34.641400000000004,22.244600000000002,84.8298,36.1838,21.791600000000003,27.391400000000004,7.620799999999999,2000.0,161.0,11.758999999999999,28.9628,0.0,36.8518,21.512800000000002,8.1654,16.694000000000003,2.2609999999999997,2000.0,161.0,23.438799999999997,31.468813333333333,4.53408,60.780586666666665,27.239266666666666,15.968253333333333,21.417720000000003,4.760960000000001,2000.0,5562.32,3897.32,980.05,3389.02,488.79,1650.68,0.01
4,177.0,31.9516,34.1938,27.169199999999996,80.90820000000001,32.282799999999995,21.176199999999998,25.5858,6.243400000000001,2000.0,177.0,12.4172,27.4762,0.0,49.7268,23.1044,9.278799999999999,17.364,1.1438000000000001,2000.0,177.0,23.773106666666664,31.116173333333336,9.351946666666667,67.38364,27.900306666666662,15.554733333333335,21.494786666666663,3.1193733333333333,2000.0,8043.45,5738.06,398.63,3724.5,218.76,923.04,0.09
5,193.0,30.5058,36.158,24.039399999999997,85.4846,35.3004,23.2498,27.2956,4.6244000000000005,2000.0,193.0,8.7114,31.258000000000003,0.0,58.691,23.4466,15.223600000000001,19.407400000000003,1.303,2000.0,193.0,23.798440000000003,33.96862666666666,4.000826666666667,73.21317333333333,31.187,20.3862,25.18564,2.5909999999999997,2000.0,8604.76,6748.07,326.14,4386.29,177.91,1435.04,0.0
6,209.0,28.716399999999997,34.6092,23.6148,81.6524,33.886799999999994,21.049400000000002,25.613200000000003,4.841000000000001,2000.0,209.0,9.9978,30.6418,0.0,46.96,26.6064,13.7286,20.869,1.0704000000000002,2000.0,209.0,20.548160000000003,32.422000000000004,3.0196,62.55432,29.854506666666662,17.619079999999997,23.142226666666666,2.5303733333333334,2000.0,8459.48,7198.94,408.56,4936.23,223.78,1104.9,1.0
7,225.0,26.342000000000002,36.6404,13.427399999999999,79.33260000000001,37.6912,22.446599999999997,29.0672,4.4876000000000005,2000.0,225.0,2.3000000000000003,32.1492,0.0,43.8664,27.189199999999996,14.8044,20.308400000000002,1.9485999999999997,2000.0,225.0,19.73306666666667,33.88912,2.3060933333333336,61.50885333333334,33.15162666666667,19.54918666666667,25.838480000000004,3.3231466666666654,2000.0,7405.23,6300.41,729.24,4665.29,498.48,1306.97,1.52
8,241.0,23.6038,35.8754,8.868,62.07000000000001,40.934200000000004,23.1632,30.9624,4.8064,2000.0,241.0,11.4818,32.4634,0.0,36.978,30.045399999999997,15.5428,24.1434,1.3801999999999999,2000.0,241.0,19.678079999999998,34.148399999999995,1.6732,49.12265333333333,35.801346666666674,20.266520000000003,27.741786666666666,2.85168,2000.0,4731.84,2914.6,969.11,2714.95,472.31,1812.99,0.0
9,257.0,24.0108,33.8154,17.387600000000003,78.3116,33.3092,21.598200000000002,26.4264,6.4084,2000.0,257.0,5.3178,27.485,0.0,25.8998,19.1702,8.318,14.926,2.1714,2000.0,257.0,19.548133333333336,30.314919999999997,1.9792400000000003,49.47946666666666,28.444080000000007,15.00412,21.70534666666667,3.899026666666667,2000.0,3596.13,2124.5,1240.14,2610.99,515.71,1869.18,0.0
10,273.0,19.183,31.6562,13.414200000000001,86.1618,31.6978,16.6404,22.345600000000005,6.914399999999999,2000.0,273.0,2.8352,24.8392,0.0,33.9842,7.940599999999999,-0.04219999999999999,3.25,1.2988,2000.0,273.0,12.885506666666668,28.464693333333337,2.3251333333333335,54.126599999999996,21.50552,9.594,15.096346666666665,4.366986666666667,2000.0,3315.25,2014.82,1378.17,2728.85,563.24,2351.21,0.0
11,289.0,18.5642,31.952399999999997,14.683,81.67620000000001,26.7398,14.2982,20.6298,6.3832,2000.0,289.0,3.3566,23.393,0.0,33.546600000000005,6.959199999999999,-4.949400000000001,0.9783999999999999,1.7814,2000.0,289.0,14.237346666666667,27.319586666666666,1.9409466666666666,53.78114666666667,20.819813333333336,7.431599999999998,14.183866666666669,3.1600666666666672,2000.0,2691.22,1949.23,1642.58,2843.16,770.19,2213.95,1.72
12,305.0,14.125399999999999,31.97,20.162,99.57939999999999,21.9276,17.008200000000002,18.796000000000003,6.806399999999999,2000.0,305.0,2.1454,23.3876,0.0,50.903999999999996,1.886,-3.147,-0.9271999999999999,1.8504,2000.0,305.0,7.927493333333333,28.33825333333333,3.9783599999999995,76.74804,17.209159999999997,9.226386666666668,13.030893333333335,4.17656,2000.0,2920.96,1413.24,974.38,1779.21,451.15,2110.03,0.02
