,DOY,INSgdmax,RADmax,RAINmax,RHmax,TMAXmax,TMINmax,Tmax,WINDmax,YEAR,DOY,INSgdmin,RADmin,RAINmin,RHmin,TMAXmin,TMINmin,Tmin,WINDmin,YEAR,DOY,INSgdmean,RADmean,RAINmean,RHmean,TMAXmean,TMINmean,Tmean,WINDmean,YEAR,NDVI,EVI,RED,NIR,BLUE,MIR,pixrel
0,113.0,28.84,31.14,14.4,94.4,24.45,12.49,18.38,5.92,2000.0,113.0,4.39,23.04,0.0,32.17,11.26,1.44,7.38,0.97,2000.0,113.0,17.772,27.340666666666667,1.8566666666666665,58.47933333333332,19.81,7.920666666666666,13.611333333333333,3.211333333333333,2000.0,5215.21,1825.38,400.94,1288.11,223.05,1844.01,0.0
1,129.0,27.47,33.59,27.29,90.03,30.08,20.25,23.52,6.18,2000.0,129.0,2.84,27.97,0.0,38.92,14.34,3.55,11.61,1.82,2000.0,129.0,17.352,31.31533333333333,2.9253333333333336,63.32,24.054666666666666,13.70666666666667,19.003333333333334,3.5146666666666664,2000.0,6108.46,2310.32,349.57,1466.56,211.3,1626.5,0.01
2,145.0,29.77,34.92,28.88,84.84,35.06,23.68,27.02,4.74,2000.0,145.0,2.81,27.58,0.0,23.95,15.15,4.26,11.21,0.84,2000.0,145.0,17.244000000000003,31.05333333333333,3.239333333333333,60.04066666666667,26.043333333333337,13.878666666666668,19.6,3.5326666666666657,2000.0,6240.36,2772.54,399.95,1774.44,253.08,1206.82,0.0
3,161.0,31.46,35.5,25.54,83.34,35.7,23.64,27.25,6.03,2000.0,161.0,5.36,29.16,0.0,32.0,21.91,8.71,17.3,1.02,2000.0,161.0,20.710666666666665,32.08133333333333,5.818666666666667,56.713999999999984,27.828666666666667,16.882666666666665,22.24866666666667,3.841333333333333,2000.0,6589.98,2658.09,323.95,1611.88,212.47,1490.28,0.01
4,177.0,31.57,35.32,27.7,79.95,33.13,22.34,26.4,5.91,2000.0,177.0,9.79,28.26,0.0,40.12,24.6,11.73,19.14,1.37,2000.0,177.0,21.753333333333334,31.745999999999995,7.182,60.24066666666667,28.938666666666677,16.828,22.81666666666666,3.003333333333333,2000.0,6713.79,3121.85,361.27,1926.07,234.26,718.02,0.02
5,193.0,30.71,36.9,21.45,87.81,33.52,23.53,27.34,3.34,2000.0,193.0,4.82,31.21,0.0,52.08,27.22,16.33,23.19,0.69,2000.0,193.0,18.12066666666667,34.389333333333326,5.868666666666667,68.96266666666669,31.369999999999994,21.084666666666667,25.835333333333335,2.2773333333333334,2000.0,7346.2,3380.52,282.0,1992.11,169.17,988.18,0.0
6,209.0,25.78,34.49,13.83,78.9,32.66,21.35,26.08,3.78,2000.0,209.0,13.36,29.23,0.0,42.55,27.19,13.86,20.81,0.95,2000.0,209.0,20.74333333333333,32.129333333333335,2.016,56.924,29.61933333333333,17.913999999999998,23.483333333333334,2.338,2000.0,7606.79,3254.28,229.96,1801.44,165.64,943.37,0.07
7,225.0,27.0,36.25,18.75,71.62,37.9,25.37,31.43,4.68,2000.0,225.0,9.25,30.35,0.0,38.94,26.89,14.43,21.13,1.2,2000.0,225.0,20.202,33.425333333333334,2.5846666666666662,54.128000000000014,33.82733333333333,20.081333333333337,26.560666666666666,2.6026666666666665,2000.0,7683.84,3323.16,230.72,1865.16,151.13,390.17,0.0
8,241.0,24.37,36.36,13.21,82.19,35.01,23.44,28.96,3.57,2000.0,241.0,9.97,32.26,0.0,46.55,23.09,16.51,20.9,1.39,2000.0,241.0,16.240000000000002,34.434666666666665,2.7960000000000003,68.46000000000001,32.24666666666667,20.910666666666668,26.08733333333333,2.4013333333333335,2000.0,7548.37,3158.04,233.13,1780.45,147.13,2098.79,0.0
9,257.0,24.66,34.13,33.56,80.13,33.38,22.57,25.84,5.77,2000.0,257.0,4.1,26.93,0.0,29.73,19.99,5.3,13.93,1.22,2000.0,257.0,18.403333333333332,30.88133333333333,4.218666666666667,54.998666666666686,27.404,14.359333333333334,20.947333333333333,3.1413333333333338,2000.0,6981.95,2846.61,289.41,1670.69,184.87,1532.31,0.0
10,273.0,20.05,32.26,30.79,86.98,28.23,17.98,22.68,5.44,2000.0,273.0,1.3,24.05,0.0,37.51,8.99,1.81,5.6,1.59,2000.0,273.0,12.369333333333334,28.75133333333333,3.5980000000000003,60.229333333333344,21.11933333333333,10.855333333333332,15.711333333333332,3.4093333333333335,2000.0,6083.33,2051.08,299.62,1280.93,171.55,447.63,0.1
11,289.0,18.79,31.79,13.34,62.52,26.97,15.08,20.98,4.41,2000.0,289.0,4.32,24.59,0.0,33.36,8.47,-2.96,3.11,1.09,2000.0,289.0,13.334666666666665,27.550666666666665,2.2373333333333334,51.54866666666667,20.909333333333333,7.834666666666666,14.349333333333336,2.4560000000000004,2000.0,5971.7,1770.78,274.37,1105.17,155.63,1090.77,0.01
12,305.0,13.93,32.65,19.47,86.91,26.11,18.94,21.76,6.7,2000.0,305.0,2.09,26.1,0.0,40.59,13.13,1.84,5.67,0.84,2000.0,305.0,9.268666666666668,29.136000000000003,4.5520000000000005,63.48666666666667,20.11,11.292000000000003,15.446666666666667,3.4773333333333327,2000.0,3532.06,1600.93,1448.84,2258.89,1361.48,1093.27,1.98
