,DOY,INSgdmax,RADmax,RAINmax,RHmax,TMAXmax,TMINmax,Tmax,WINDmax,YEAR,DOY,INSgdmin,RADmin,RAINmin,RHmin,TMAXmin,TMINmin,Tmin,WINDmin,YEAR,DOY,INSgdmean,RADmean,RAINmean,RHmean,TMAXmean,TMINmean,Tmean,WINDmean,YEAR,NDVI,EVI,RED,NIR,BLUE,MIR,pixrel
0,113.0,29.157200000000003,29.7146,17.9151,91.12449999999998,25.8884,10.4004,17.27,8.1642,2000.0,113.0,1.8937,23.3182,0.0,36.4206,1.9091,-4.5801,-0.0175,2.6978,2000.0,113.0,17.817073333333333,26.295680000000004,2.5494866666666667,64.97133333333333,16.65232,4.524666666666667,10.588986666666667,4.416226666666668,2000.0,3178.26,1888.98,1199.03,2336.1,610.5,1546.91,0.07
1,129.0,28.614400000000003,32.890899999999995,8.3293,86.46699999999998,30.170800000000003,18.102,23.306600000000003,7.204300000000001,2000.0,129.0,3.8911000000000007,26.1762,0.0,24.564600000000002,14.1308,5.414899999999999,9.9847,1.5952,2000.0,129.0,20.98166,29.47723333333333,2.0768000000000004,49.39181333333333,24.41344,11.6869,18.225379999999998,4.71354,2000.0,3746.04,2235.13,1095.21,2418.22,558.02,2279.38,0.22
2,145.0,31.2241,33.148799999999994,25.571999999999996,91.19650000000001,30.6292,17.358,22.5942,6.846499999999999,2000.0,145.0,2.7209,24.5675,0.0,27.9723,14.9189,4.007899999999999,9.0679,1.4718999999999998,2000.0,145.0,17.973953333333334,29.59151333333333,4.642573333333334,65.43192666666666,22.916293333333332,10.880886666666669,17.023253333333333,4.14916,2000.0,4509.24,2926.23,1067.39,2833.25,553.95,2129.26,0.12
3,161.0,29.302100000000003,34.049299999999995,26.693799999999996,88.7543,37.5483,19.8151,27.9574,8.7681,2000.0,161.0,5.635800000000001,28.4925,0.0,39.4998,19.4366,7.9704999999999995,13.6358,2.591,2000.0,161.0,21.1079,30.991753333333335,3.0637933333333334,60.16732666666667,26.132713333333335,13.814699999999998,19.97384,4.826059999999999,2000.0,6510.29,4269.79,664.47,3138.29,353.71,1822.12,0.26
4,177.0,32.1218,34.295899999999996,39.6497,78.5296,32.5197,18.628,24.8213,7.499700000000001,2000.0,177.0,4.6693,26.015900000000002,0.0,33.1595,24.5302,10.3628,18.173900000000003,1.3277,2000.0,177.0,25.7824,30.07751333333333,6.380706666666667,57.54197333333333,28.37254,14.722166666666666,21.433286666666667,3.7857733333333337,2000.0,7391.44,5234.32,527.8,3594.14,285.23,1681.52,0.02
5,193.0,31.508499999999998,35.9537,21.822400000000002,90.7005,33.3528,21.665999999999997,26.5011,6.0144,2000.0,193.0,6.730000000000001,30.9076,0.0,61.0466,22.940400000000004,11.9921,17.1918,1.0447000000000002,2000.0,193.0,22.28321333333333,33.23719333333334,5.572353333333334,74.94143333333334,29.96174,18.204913333333334,23.54730666666666,3.1318599999999996,2000.0,8360.75,6234.93,352.39,4026.83,194.07,1515.62,0.01
6,209.0,27.888599999999997,34.5538,5.2305,72.4589,34.9576,20.839599999999997,26.429399999999998,6.013400000000001,2000.0,209.0,11.865799999999998,29.7085,0.0,48.244299999999996,26.2511,10.5332,17.8737,1.0816,2000.0,209.0,21.589639999999996,32.07918,0.7420333333333333,59.868473333333334,29.762900000000005,16.09641333333333,22.183699999999998,2.7846133333333327,2000.0,7648.6,6072.49,639.84,4255.51,512.58,1046.62,1.66
7,225.0,27.4847,34.595600000000005,7.971500000000001,81.6132,34.409,22.134700000000002,25.5255,5.2927,2000.0,225.0,3.5665999999999993,28.602500000000006,0.0,58.0953,25.200100000000003,11.819199999999999,17.6018,1.3743,2000.0,225.0,20.87114666666666,32.273073333333336,1.50386,69.34866,30.496793333333333,17.169293333333332,23.044080000000005,3.5732466666666665,2000.0,7266.56,4618.69,466.76,3066.29,249.98,942.04,0.47
8,241.0,21.5888,35.2947,5.527200000000001,80.1354,36.656800000000004,19.200400000000002,26.1145,5.6113,2000.0,241.0,7.481,31.0294,0.0,50.0891,25.1811,11.825600000000001,19.2598,1.2842000000000002,2000.0,241.0,14.56246,32.97082666666666,1.9534799999999999,67.35207333333332,30.788059999999998,15.88732,22.621520000000004,3.2481333333333335,2000.0,4947.95,3037.13,906.77,2687.7,461.26,1809.15,0.0
9,257.0,22.203700000000005,33.1663,6.6388,61.391000000000005,33.9879,20.388799999999996,26.811999999999998,7.8796,2000.0,257.0,3.9403000000000006,28.007300000000004,0.0,32.027300000000004,18.8258,5.9685999999999995,13.937000000000001,1.5297999999999998,2000.0,257.0,17.673666666666662,30.03187333333333,1.1188533333333333,44.270066666666665,28.11985333333333,13.362693333333334,20.631433333333334,4.611800000000001,2000.0,4388.64,2794.14,1143.33,2911.04,517.91,1606.82,0.0
10,273.0,18.0959,30.701600000000003,11.925300000000002,84.0836,31.3451,14.597,21.077799999999996,7.117699999999999,2000.0,273.0,3.4493,25.615299999999998,0.0,33.4308,7.835699999999999,-3.7907999999999995,1.5945,1.9282999999999997,2000.0,273.0,11.162406666666666,28.14676,2.575726666666667,55.426133333333325,19.20908666666667,6.920866666666668,12.524379999999997,4.210346666666666,2000.0,3164.34,1987.95,1365.55,2613.13,671.56,2351.07,0.12
11,289.0,18.078500000000002,30.5881,5.083600000000001,81.3421,28.2901,14.1448,19.7637,6.513199999999999,2000.0,289.0,2.8078,22.6484,0.0,31.5888,6.051,-6.119400000000001,0.3971,1.9352999999999998,2000.0,289.0,12.513593333333333,27.04354,0.8176933333333332,52.18018666666667,19.608486666666668,5.734726666666666,12.547900000000002,3.7557400000000003,2000.0,2817.73,1486.88,1096.55,1959.39,553.62,2031.01,0.08
12,305.0,13.1631,32.240899999999996,13.545000000000002,99.51759999999999,20.2416,16.3002,17.725199999999997,7.5432999999999995,2000.0,305.0,1.3565,22.895599999999998,0.0,48.4613,0.4205000000000001,-9.7387,-5.112100000000001,2.7239,2000.0,305.0,7.138633333333333,27.368493333333337,2.870373333333333,79.79077999999998,14.521760000000002,6.442273333333334,10.408013333333331,5.049153333333333,2000.0,3045.9,1551.66,985.56,1864.26,492.47,2048.63,0.02
