,DOY,INSgdmax,RADmax,RAINmax,RHmax,TMAXmax,TMINmax,Tmax,WINDmax,YEAR,DOY,INSgdmin,RADmin,RAINmin,RHmin,TMAXmin,TMINmin,Tmin,WINDmin,YEAR,DOY,INSgdmean,RADmean,RAINmean,RHmean,TMAXmean,TMINmean,Tmean,WINDmean,YEAR,NDVI,EVI,RED,NIR,BLUE,MIR,pixrel
0,113.0,29.587600000000002,30.0776,8.6016,94.68919999999999,24.8304,12.2164,16.683999999999997,7.8912,2000.0,113.0,2.0140000000000002,22.466400000000004,0.0,35.373999999999995,3.3968,-2.9084000000000003,-0.0708,2.4723999999999995,2000.0,113.0,18.304346666666664,26.118106666666662,1.360266666666667,63.343199999999996,16.410186666666668,4.67784,10.588026666666666,4.088186666666666,2000.0,4736.5,2218.37,690.37,1875.69,348.8,1531.9,0.01
1,129.0,28.9424,33.1864,23.018,86.196,30.843200000000003,19.7376,24.127200000000006,7.0476,2000.0,129.0,8.9168,27.824799999999996,0.0,26.5008,13.639200000000002,5.9908,10.0168,1.7192,2000.0,129.0,20.160933333333332,29.85709333333334,4.404773333333334,50.69311999999999,24.421946666666663,12.568533333333335,18.50461333333333,4.586453333333334,2000.0,5739.24,2726.87,547.79,1981.19,287.33,1937.86,0.0
2,145.0,30.042400000000004,32.6856,22.1984,94.21480000000001,30.3572,17.237199999999998,22.6232,6.360399999999999,2000.0,145.0,3.5100000000000002,24.6232,0.0,27.4648,13.953199999999997,5.3944,9.030800000000001,2.222,2000.0,145.0,17.789013333333337,29.685679999999998,3.811973333333334,64.32677333333334,22.699946666666666,12.020373333333334,17.13357333333333,4.049786666666667,2000.0,6647.37,3755.4,517.95,2558.73,280.55,1309.22,0.18
3,161.0,30.1732,34.13,29.1992,92.7012,37.68920000000001,21.0612,27.8964,7.7396,2000.0,161.0,6.4807999999999995,28.779999999999998,0.0,38.504000000000005,18.537599999999998,6.0584,13.936399999999999,2.0536000000000003,2000.0,161.0,20.668186666666667,31.476853333333338,3.509013333333333,63.68589333333334,25.493653333333334,14.087999999999997,19.747680000000003,4.6519200000000005,2000.0,4998.32,3387.99,1416.91,3304.67,1282.38,1613.98,2.37
4,177.0,32.7968,34.08560000000001,36.4876,82.076,33.606399999999994,19.6468,25.648000000000003,7.0228,2000.0,177.0,4.6624,26.7756,0.0,34.6164,23.8292,10.659199999999998,17.598,1.8252000000000002,2000.0,177.0,24.48949333333333,30.283813333333335,8.03456,60.036346666666674,28.015386666666668,15.016639999999999,21.221626666666666,3.79936,2000.0,7608.31,4329.39,357.79,2665.33,205.64,982.94,0.0
5,193.0,30.8444,35.6988,28.1576,89.09560000000002,32.862,22.497199999999996,26.353200000000005,5.196000000000001,2000.0,193.0,6.064,30.028,0.0,56.68959999999999,21.8696,12.3756,16.8076,1.5,2000.0,193.0,21.240000000000006,33.05365333333334,6.5549599999999995,74.95986666666667,29.143253333333334,18.65624,23.38752,2.8867466666666672,2000.0,7875.43,4493.53,323.47,2725.4,181.58,788.58,0.0
6,209.0,28.0012,33.6364,10.4844,74.8896,35.7068,21.5092,26.503600000000002,5.3268,2000.0,209.0,14.837599999999998,28.3004,0.0,44.884,25.9732,10.6484,18.176399999999997,1.3088000000000002,2000.0,209.0,22.10664,31.388239999999996,1.632746666666667,58.76525333333334,29.262079999999997,16.17744,22.091439999999995,2.9239199999999994,2000.0,7821.9,4501.55,340.77,2750.43,199.54,664.94,0.94
7,225.0,27.571999999999996,34.8344,18.9104,76.56880000000001,33.8908,22.2804,26.9124,5.0044,2000.0,225.0,7.2668,28.4424,0.0,51.239599999999996,26.063200000000002,12.8704,18.4796,1.0804,2000.0,225.0,19.944160000000004,32.174506666666666,3.16648,64.67269333333333,30.895413333333337,17.135546666666666,23.357786666666666,3.224906666666667,2000.0,8002.14,4060.13,268.98,2377.46,144.82,1890.65,1.0
8,241.0,22.8632,34.968,8.7292,82.1652,34.184,21.194799999999997,26.552,4.7168,2000.0,241.0,6.1408000000000005,30.7832,0.0,59.24720000000001,21.441200000000002,14.6976,18.0348,1.3224,2000.0,241.0,14.614880000000003,33.03802666666667,2.1367733333333336,71.62306666666667,29.913173333333333,16.98533333333333,22.691680000000005,2.9348,2000.0,7655.61,3792.88,304.29,2262.95,165.85,1268.64,0.0
9,257.0,22.6332,32.5912,9.648800000000001,74.6012,33.5744,19.4168,25.695999999999998,7.000400000000001,2000.0,257.0,3.7024,27.4212,0.0,30.081999999999997,18.7952,6.5944,13.3884,2.0964,2000.0,257.0,17.334293333333335,30.150106666666662,1.65256,49.60368,26.880826666666668,13.11093333333333,19.887253333333334,4.09616,2000.0,6798.93,3050.6,371.03,1921.22,199.3,1591.13,0.01
10,273.0,17.9388,30.888800000000003,13.685199999999998,81.1956,29.760399999999997,15.9384,21.205599999999997,7.231199999999999,2000.0,273.0,3.6024,25.4236,0.0,35.406800000000004,8.0232,-2.1164,2.6008000000000004,2.2116,2000.0,273.0,10.97186666666667,28.23525333333334,3.53008,54.16503999999998,19.351173333333335,8.157040000000002,13.17618666666667,4.16376,2000.0,5440.89,2178.87,477.18,1590.36,229.17,696.18,0.0
11,289.0,17.5444,31.251200000000004,11.6684,74.2176,28.044399999999996,13.5828,19.8808,6.0924,2000.0,289.0,3.4856,23.108799999999995,0.0,33.0292,6.452,-4.6724000000000006,1.3164000000000002,1.5803999999999998,2000.0,289.0,13.018266666666669,27.077759999999998,1.3323733333333334,50.81242666666666,19.560640000000003,6.3474666666666675,13.027493333333334,3.431733333333334,2000.0,5293.05,1986.0,457.12,1453.19,226.3,2038.6,0.0
12,305.0,13.148800000000001,32.879999999999995,42.300399999999996,97.3124,22.347600000000003,17.693600000000004,19.508000000000003,6.9395999999999995,2000.0,305.0,2.3676,23.587600000000002,0.0,50.0308,5.728400000000001,-5.9596,-1.218,1.8639999999999999,2000.0,305.0,7.35168,27.90456,5.470933333333334,75.91904000000001,15.527546666666666,7.908506666666667,11.684773333333334,4.767360000000001,2000.0,2157.17,1506.94,1841.19,2703.85,1701.59,629.73,2.23
