,DOY,INSgdmax,RADmax,RAINmax,RHmax,TMAXmax,TMINmax,Tmax,WINDmax,YEAR,DOY,INSgdmin,RADmin,RAINmin,RHmin,TMAXmin,TMINmin,Tmin,WINDmin,YEAR,DOY,INSgdmean,RADmean,RAINmean,RHmean,TMAXmean,TMINmean,Tmean,WINDmean,YEAR,NDVI,EVI,RED,NIR,BLUE,MIR,pixrel
0,113.0,28.9966,29.6598,6.9129000000000005,96.2584,22.765800000000002,11.357899999999999,15.202,7.781300000000001,2000.0,113.0,2.3461000000000003,22.115000000000002,0.0,37.7577,2.1359000000000004,-4.0395,-1.2216,2.4548,2000.0,113.0,17.617573333333333,25.41286666666666,1.4997,67.61588666666667,14.925773333333332,3.662373333333333,9.322333333333333,4.082166666666666,2000.0,3218.36,1613.97,953.13,1871.53,467.96,1638.24,0.04
1,129.0,29.2284,32.8716,23.4167,85.8218,30.7986,19.202499999999997,24.189700000000002,7.3322,2000.0,129.0,5.5376,27.003,0.0,30.714599999999997,12.8189,5.9058,9.3093,1.9001,2000.0,129.0,20.290453333333335,29.689873333333338,4.18898,50.462706666666655,23.957019999999996,11.996506666666667,17.997286666666668,4.624606666666668,2000.0,4783.33,2542.41,743.82,2154.97,379.52,1939.45,0.05
2,145.0,30.8176,31.998999999999995,20.7016,93.31089999999999,29.943599999999996,15.7658,22.143900000000002,6.639799999999999,2000.0,145.0,3.5383000000000004,24.178400000000003,0.0,28.624000000000002,13.480799999999999,3.8268000000000004,8.4159,1.7463,2000.0,145.0,17.795146666666668,28.965920000000004,4.578326666666667,65.51861333333333,21.50221333333333,11.116526666666669,16.153146666666665,4.036653333333333,2000.0,6219.68,3861.04,635.62,2840.82,332.16,1173.78,0.27
3,161.0,30.9028,34.254200000000004,31.372700000000002,91.642,37.2684,20.271700000000003,27.4139,7.8169,2000.0,161.0,4.8979,28.579200000000004,0.0,39.5129,17.4091,5.6156,12.904,1.9827,2000.0,161.0,20.212600000000002,30.968900000000005,4.661413333333333,65.08566666666667,24.73852,13.344426666666667,19.025073333333335,4.50624,2000.0,6404.89,4209.89,731.45,3122.41,514.72,1760.11,1.04
4,177.0,32.55159999999999,33.6322,35.4179,82.14269999999999,33.3937,19.5948,25.7642,7.450899999999999,2000.0,177.0,7.0372,26.846600000000002,0.0,36.0321,23.6837,10.217,17.3209,1.7741000000000002,2000.0,177.0,24.92525333333333,29.988660000000003,7.4323466666666675,57.69562666666668,27.985620000000004,14.858913333333334,21.114179999999998,4.001753333333333,2000.0,7377.81,4393.36,395.61,2804.01,217.91,1024.22,0.0
5,193.0,30.85,35.0131,29.779799999999998,86.321,32.89,22.3734,26.149899999999995,5.516,2000.0,193.0,7.1337,29.3148,0.0,52.308099999999996,19.6589,12.3307,15.4038,1.4655,2000.0,193.0,22.56350666666667,32.584826666666665,6.128259999999999,72.70480666666667,28.916206666666668,18.103846666666662,22.945993333333334,2.996993333333333,2000.0,7497.36,4615.98,413.82,2976.27,221.98,757.63,0.0
6,209.0,27.016399999999997,33.4534,7.369999999999999,74.6019,33.9643,21.569999999999997,25.4543,5.3424,2000.0,209.0,15.520199999999999,27.148699999999998,0.0,44.9938,25.5077,10.1394,17.743599999999997,1.4221,2000.0,209.0,22.433753333333332,30.97332,0.8761600000000002,59.37608666666667,28.826393333333332,15.679206666666666,21.65139333333333,2.9692866666666666,2000.0,7472.05,4682.63,432.21,3039.03,237.27,918.21,0.57
7,225.0,27.988500000000002,34.45570000000001,13.7847,77.42320000000001,33.1745,22.400399999999998,26.304899999999996,5.1466,2000.0,225.0,7.6826,27.583,0.0,50.845600000000005,25.3258,11.3351,17.7807,0.9947999999999999,2000.0,225.0,19.529846666666668,31.63025333333334,2.4873399999999997,66.11792,29.977333333333334,16.24496,22.47310666666667,3.2187,2000.0,7620.08,4614.7,392.43,2940.84,204.37,1612.64,0.64
8,241.0,22.6958,34.2355,12.6649,83.36179999999999,33.846000000000004,19.4602,24.606599999999997,4.9808,2000.0,241.0,5.1623,30.007199999999997,0.0,61.867000000000004,20.253500000000003,13.7761,17.111600000000003,1.3054999999999999,2000.0,241.0,13.56172,32.46799333333333,2.5815333333333332,75.02827333333332,28.45534,15.939680000000001,21.395033333333334,3.0202866666666663,2000.0,7335.39,4250.85,415.85,2731.42,221.83,765.03,0.01
9,257.0,22.037300000000002,32.7801,6.9941,73.5896,32.677499999999995,19.124,25.3129,7.359800000000001,2000.0,257.0,4.125,26.5606,0.0,32.7362,17.7519,6.2018,12.851099999999999,2.0272,2000.0,257.0,17.207160000000002,29.883519999999997,1.4817400000000003,48.60116666666666,26.28564,12.595179999999996,19.323519999999995,4.187479999999999,2000.0,6208.31,3314.52,539.37,2348.19,271.56,1581.39,0.01
10,273.0,17.4691,30.5474,9.2781,82.73479999999999,29.0917,15.2383,21.165499999999998,7.4042,2000.0,273.0,2.743,24.765500000000003,0.0,34.9961,7.8751,-1.9125999999999999,2.5469,2.141,2000.0,273.0,10.806180000000001,27.702526666666664,2.445433333333333,55.89522666666666,18.354513333333337,7.424226666666668,12.336533333333335,3.9689733333333335,2000.0,4546.38,2241.92,731.07,1978.85,342.75,1116.16,0.0
11,289.0,17.0815,31.28,9.6107,73.1945,28.2018,13.459600000000002,19.467399999999998,5.834,2000.0,289.0,4.6744,23.1007,0.0,32.7209,5.833500000000001,-4.8611,0.8697999999999999,1.6713999999999998,2000.0,289.0,12.784566666666668,26.761179999999996,1.1533133333333332,51.653220000000005,18.86484666666667,5.924626666666667,12.351186666666665,3.4928466666666664,2000.0,4113.39,1720.25,649.84,1575.85,295.7,2351.49,0.0
12,305.0,12.767399999999999,32.830999999999996,36.617399999999996,97.82950000000001,22.0768,17.4406,19.2944,7.1287,2000.0,305.0,2.4425,23.855,0.0,49.658100000000005,5.819800000000001,-6.5564,-0.838,1.8793,2000.0,305.0,6.956046666666666,27.84741333333333,4.997886666666666,76.97546666666668,14.861366666666665,7.159439999999999,11.070266666666665,4.895320000000002,2000.0,1000.08,819.16,3245.24,3764.25,2960.15,598.73,2.27
