,DOY,INSgdmax,RADmax,RAINmax,RHmax,TMAXmax,TMINmax,Tmax,WINDmax,YEAR,DOY,INSgdmin,RADmin,RAINmin,RHmin,TMAXmin,TMINmin,Tmin,WINDmin,YEAR,DOY,INSgdmean,RADmean,RAINmean,RHmean,TMAXmean,TMINmean,Tmean,WINDmean,YEAR,NDVI,EVI,RED,NIR,BLUE,MIR,pixrel
0,113.0,28.51,30.13,13.26,96.95,23.62,12.65,17.07,5.77,2000.0,113.0,3.17,22.5,0.0,25.57,6.83,0.28,3.87,1.0,2000.0,113.0,17.740000000000002,26.986,1.897333333333333,59.17666666666666,18.40666666666667,6.424666666666666,12.394666666666668,3.2473333333333327,2000.0,3734.77,1346.01,394.13,1091.34,214.78,1831.44,5.19
1,129.0,27.61,33.88,25.18,84.72,30.09,20.38,23.7,5.72,2000.0,129.0,4.14,27.86,0.0,34.75,14.76,4.58,10.82,2.01,2000.0,129.0,17.481333333333335,30.8,3.3846666666666665,57.45,24.059333333333328,13.100000000000001,18.630666666666666,3.792,2000.0,5073.16,2150.29,362.44,1460.8,221.82,1386.03,2.57
2,145.0,30.17,34.38,22.51,86.14,34.58,20.84,25.43,5.76,2000.0,145.0,2.45,26.78,0.0,24.21,13.27,4.71,9.66,1.43,2000.0,145.0,17.67533333333333,30.656000000000002,3.63,60.181333333333335,24.869999999999994,13.377333333333333,18.61,3.616000000000001,2000.0,5167.76,2251.76,377.01,1536.32,234.73,991.04,5.12
3,161.0,30.28,34.88,46.46,93.27,36.85,22.93,27.85,6.49,2000.0,161.0,5.87,28.69,0.0,35.43,21.61,6.62,15.9,1.02,2000.0,161.0,20.840666666666667,31.851333333333333,6.076000000000001,60.13866666666668,26.667333333333335,16.003999999999998,21.18466666666667,4.082,2000.0,4329.45,2031.66,699.79,1699.2,618.04,1592.16,1.55
4,177.0,32.47,34.63,26.23,80.41,33.49,20.66,25.97,6.24,2000.0,177.0,6.7,26.75,0.0,34.14,23.26,9.23,17.63,1.22,2000.0,177.0,21.898000000000003,30.715999999999994,6.401333333333334,61.138000000000005,28.24,15.817333333333329,21.849333333333334,3.229333333333332,2000.0,5307.75,2343.86,366.49,1532.08,257.94,703.28,0.25
5,193.0,30.64,36.79,21.29,90.36,32.93,23.22,26.96,3.59,2000.0,193.0,5.72,30.56,0.0,51.93,25.13,15.14,20.43,1.29,2000.0,193.0,17.818,33.776666666666664,8.097999999999999,72.08333333333333,29.92866666666667,20.231999999999996,24.706000000000003,2.562666666666667,2000.0,5939.59,2785.16,306.86,1722.75,191.12,1380.92,0.04
6,209.0,26.75,33.41,13.03,74.56,34.06,19.96,26.4,4.1,2000.0,209.0,11.3,29.63,0.0,42.13,26.38,12.52,20.22,0.83,2000.0,209.0,21.375999999999998,31.468666666666664,2.380666666666667,57.312666666666665,29.363333333333333,17.072666666666667,22.938666666666666,2.6600000000000006,2000.0,5918.3,2661.91,247.12,1617.27,205.1,789.75,13.54
7,225.0,27.4,35.57,22.5,75.29,35.28,22.72,28.42,4.39,2000.0,225.0,8.35,29.81,0.0,43.19,25.93,13.38,20.01,1.42,2000.0,225.0,20.478666666666665,32.66733333333333,4.293333333333334,57.526,32.269333333333336,18.779333333333334,25.164666666666665,2.7319999999999998,2000.0,6579.19,2809.1,246.3,1647.83,150.84,530.03,0.56
8,241.0,23.26,35.64,10.83,82.96,33.69,22.61,26.56,3.65,2000.0,241.0,5.26,31.07,0.0,53.36,21.44,15.59,19.19,1.21,2000.0,241.0,14.889999999999997,33.832,2.175333333333333,71.62466666666667,30.913333333333334,19.278000000000002,24.542666666666666,2.506,2000.0,6273.49,2518.54,259.87,1525.67,158.16,1977.28,2.64
9,257.0,24.26,33.77,14.55,81.54,33.61,21.79,25.21,5.6,2000.0,257.0,2.92,27.0,0.0,30.36,19.21,2.79,13.43,1.45,2000.0,257.0,18.10666666666667,30.454,2.5286666666666666,54.121333333333354,27.074666666666666,13.435333333333329,20.122,3.3426666666666667,2000.0,5857.11,2337.68,248.34,1432.27,145.92,686.25,5.23
10,273.0,19.4,30.82,26.57,80.16,29.11,17.31,22.18,5.73,2000.0,273.0,1.66,24.08,0.0,37.31,8.2,0.51,3.98,1.87,2000.0,273.0,12.946000000000002,28.182,4.531333333333333,54.55466666666666,20.544,9.782666666666666,14.761333333333335,3.6653333333333338,2000.0,4735.56,1586.15,335.3,1107.51,185.03,483.06,0.12
11,289.0,18.4,32.29,7.3,68.31,27.44,13.64,20.55,5.26,2000.0,289.0,2.95,23.9,0.0,33.07,7.66,-3.57,2.55,1.18,2000.0,289.0,13.389999999999997,27.541999999999998,1.37,51.02533333333333,20.292666666666666,6.948666666666667,13.725333333333333,2.730666666666666,2000.0,4218.87,1195.03,258.39,903.6,113.44,1616.95,12.86
12,305.0,13.5,32.76,18.36,90.2,24.98,18.69,20.87,6.66,2000.0,305.0,1.51,23.83,0.0,45.01,10.22,-1.16,2.95,1.05,2000.0,305.0,8.694,28.365333333333332,2.9826666666666664,68.24733333333333,18.121333333333336,9.552666666666665,13.755333333333333,3.9673333333333334,2000.0,1943.74,1034.73,1585.64,2129.21,1530.16,1133.12,2.84
