,DOY,INSgdmax,RADmax,RAINmax,RHmax,TMAXmax,TMINmax,Tmax,WINDmax,YEAR,DOY,INSgdmin,RADmin,RAINmin,RHmin,TMAXmin,TMINmin,Tmin,WINDmin,YEAR,DOY,INSgdmean,RADmean,RAINmean,RHmean,TMAXmean,TMINmean,Tmean,WINDmean,YEAR,NDVI,EVI,RED,NIR,BLUE,MIR,pixrel
0,113.0,28.58,30.74,11.51,93.79,21.92,12.39,16.4,6.25,2000.0,113.0,2.48,21.96,0.0,28.25,1.5,-3.21,-1.08,1.55,2000.0,113.0,17.446666666666665,25.619999999999994,2.072666666666667,66.12066666666666,14.229333333333335,3.6366666666666663,8.776666666666667,3.206666666666666,2000.0,4487.69,2097.3,701.66,1830.61,349.16,1863.09,0.0
1,129.0,28.8,33.48,32.58,81.89,30.54,20.7,24.44,6.45,2000.0,129.0,7.31,26.68,0.0,32.73,11.73,4.51,8.79,2.5,2000.0,129.0,19.778000000000002,29.498000000000005,4.923333333333333,51.854000000000006,22.84133333333334,12.111333333333329,17.637999999999995,3.9253333333333336,2000.0,6666.03,3567.67,474.15,2382.9,250.92,970.61,0.01
2,145.0,31.57,31.32,21.19,92.04,28.37,14.92,21.06,6.4,2000.0,145.0,2.05,24.12,0.0,30.3,14.67,3.71,8.26,1.69,2000.0,145.0,16.146,28.40733333333333,5.316,63.553999999999995,21.53333333333334,10.886666666666665,15.732666666666665,3.450666666666667,2000.0,7512.42,4546.98,404.95,2914.66,215.61,1599.13,0.04
3,161.0,28.3,33.34,39.92,86.6,35.38,21.22,26.9,5.83,2000.0,161.0,3.56,27.94,0.0,41.08,16.3,6.12,13.94,1.06,2000.0,161.0,18.852666666666668,31.192000000000004,6.849333333333331,63.95799999999999,24.441999999999997,13.777999999999997,19.073333333333334,3.8253333333333344,2000.0,7729.84,4983.59,394.33,3194.71,213.0,1446.29,0.0
4,177.0,31.43,33.77,33.59,76.85,33.25,19.56,25.35,6.57,2000.0,177.0,11.7,26.68,0.0,43.16,22.76,11.04,17.42,1.41,2000.0,177.0,23.436,29.91933333333333,7.968666666666667,56.80799999999999,27.655333333333328,15.036,21.053999999999995,3.734,2000.0,8232.16,5424.76,316.65,3356.8,174.94,533.85,0.14
5,193.0,29.99,34.74,22.59,85.63,31.55,22.71,26.16,4.33,2000.0,193.0,8.53,28.58,0.0,49.71,17.78,12.85,15.19,1.34,2000.0,193.0,22.149333333333335,32.188,5.1240000000000006,68.958,28.59333333333333,17.920666666666666,22.896,2.7233333333333345,2000.0,8270.82,5483.78,311.41,3410.77,166.13,1104.51,0.09
6,209.0,25.96,34.31,9.78,73.58,33.88,20.56,25.24,4.19,2000.0,209.0,15.98,26.82,0.0,45.3,25.3,11.32,18.19,0.91,2000.0,209.0,21.482666666666663,31.148666666666667,1.9033333333333333,59.58666666666667,28.13933333333333,16.156666666666663,21.654666666666667,2.881333333333333,2000.0,8374.06,5007.79,245.86,2941.51,139.85,569.3,0.01
7,225.0,27.43,35.42,25.91,77.76,32.61,21.03,26.41,3.75,2000.0,225.0,4.9,27.14,0.0,48.97,22.32,10.26,17.18,0.91,2000.0,225.0,19.31133333333333,31.16666666666667,5.0713333333333335,64.502,28.97533333333333,16.099999999999998,22.174666666666667,2.773333333333334,2000.0,8102.82,4635.0,285.5,2762.12,156.86,1060.17,0.86
8,241.0,20.38,33.91,24.61,85.44,32.08,21.44,24.3,3.91,2000.0,241.0,6.73,30.17,0.0,63.64,20.29,13.28,16.49,1.0,2000.0,241.0,13.944666666666665,32.13333333333333,2.1340000000000003,77.24466666666667,27.15333333333334,16.660666666666668,21.30666666666667,2.557333333333333,2000.0,7993.21,4380.41,287.37,2611.89,150.8,1944.27,0.05
9,257.0,23.15,32.47,10.05,82.06,32.12,18.67,24.07,5.79,2000.0,257.0,4.32,26.53,0.0,35.26,17.78,3.75,12.41,1.68,2000.0,257.0,17.723333333333333,29.63266666666667,1.7166666666666666,53.952666666666666,24.86733333333333,12.031333333333329,18.348000000000003,3.4359999999999995,2000.0,7050.41,3560.79,385.67,2250.16,204.12,868.98,0.0
10,273.0,18.58,30.78,18.59,83.97,27.55,16.09,20.78,6.09,2000.0,273.0,1.4,23.94,0.0,37.94,7.79,0.24,3.75,2.09,2000.0,273.0,11.372000000000003,27.70866666666667,2.9953333333333334,55.28999999999999,17.764666666666663,7.974,12.32,3.3366666666666664,2000.0,5490.21,2555.54,553.64,1917.73,263.87,1796.0,0.0
11,289.0,17.06,31.86,5.45,71.1,27.58,13.89,19.95,4.86,2000.0,289.0,7.06,23.94,0.0,30.82,6.11,-3.22,1.9,0.81,2000.0,289.0,13.022,27.086000000000002,0.6153333333333334,49.51466666666667,18.668666666666674,6.39,12.484000000000002,2.9526666666666666,2000.0,4868.07,1916.89,508.83,1484.36,254.75,1368.52,0.85
12,305.0,12.74,32.58,25.68,93.21,23.68,18.2,20.16,6.38,2000.0,305.0,2.88,23.83,0.0,50.86,8.38,-2.55,2.99,1.27,2000.0,305.0,7.755999999999998,27.90533333333333,3.3920000000000003,71.8,15.563999999999997,7.322666666666666,11.552666666666669,4.130666666666667,2000.0,4570.69,2019.05,662.9,1727.35,357.99,1140.25,0.87
