,DOY,INSgdmax,RADmax,RAINmax,RHmax,TMAXmax,TMINmax,Tmax,WINDmax,YEAR,DOY,INSgdmin,RADmin,RAINmin,RHmin,TMAXmin,TMINmin,Tmin,WINDmin,YEAR,DOY,INSgdmean,RADmean,RAINmean,RHmean,TMAXmean,TMINmean,Tmean,WINDmean,YEAR,NDVI,EVI,RED,NIR,BLUE,MIR,pixrel
0,113.0,28.882499999999997,30.2893,9.089300000000001,90.91760000000001,27.531499999999998,11.6579,19.106,7.5791,2000.0,113.0,1.8066,25.0039,0.0,32.1423,5.2141,-1.8612000000000002,1.8835000000000002,2.7502,2000.0,113.0,17.44877333333333,27.386713333333333,1.4756333333333334,57.25455333333334,18.60456,6.251760000000001,12.502306666666666,4.20028,2000.0,3082.35,1940.21,1349.19,2563.26,665.55,1586.91,0.15
1,129.0,28.363799999999998,33.2144,13.4264,84.3357,30.4165,18.9925,23.378,6.593700000000001,2000.0,129.0,7.1534,26.643600000000003,0.0,24.2425,14.894300000000001,6.413500000000001,11.258500000000002,1.3851,2000.0,129.0,19.77270666666667,30.08607333333334,2.5064466666666667,50.433986666666655,25.01532666666667,12.748073333333334,18.99820666666667,4.520933333333334,2000.0,3925.66,2439.2,1119.42,2584.92,564.36,2170.42,0.17
2,145.0,30.8624,33.705600000000004,13.8908,92.2953,32.8761,21.8728,25.583399999999997,5.4068000000000005,2000.0,145.0,3.6912,26.4133,0.0,26.5615,14.420300000000001,6.3145999999999995,9.7768,1.8064,2000.0,145.0,19.182546666666667,30.48384666666667,2.449533333333333,61.696666666666665,24.882533333333328,13.040633333333332,18.74815333333333,3.9132533333333335,2000.0,4844.92,3335.44,1093.46,3152.03,567.87,2238.87,0.09
3,161.0,29.586399999999998,34.2612,29.612699999999997,87.43190000000001,37.2192,21.041300000000003,28.110000000000003,8.2603,2000.0,161.0,9.563300000000002,28.8068,0.0,37.4957,19.6732,8.170300000000001,15.069500000000001,2.3562,2000.0,161.0,22.55726,31.364386666666668,3.9796066666666663,61.16959333333334,26.66265333333333,14.968453333333333,20.677033333333334,4.85192,2000.0,6366.47,4598.6,820.73,3600.66,438.4,1708.47,0.0
4,177.0,32.4649,34.105599999999995,40.973,79.79310000000001,32.7588,19.8384,25.131800000000002,6.8037,2000.0,177.0,6.0083,27.380199999999995,0.0,37.0991,23.835,9.6973,17.2367,1.3349000000000002,2000.0,177.0,24.898466666666664,30.59847333333333,7.649919999999999,63.12084000000001,28.05966,15.054586666666665,21.322186666666664,3.4538733333333336,2000.0,7784.09,5539.19,451.77,3657.85,254.74,991.21,0.0
5,193.0,30.9252,36.112,23.501,89.2431,33.8775,22.2658,26.6515,5.0852,2000.0,193.0,5.331,31.0424,0.0,61.349999999999994,23.6706,12.7177,18.1248,1.0696,2000.0,193.0,22.13089333333333,33.67484666666667,5.748239999999999,75.64593333333332,30.316419999999997,19.225146666666667,24.204386666666664,2.8979733333333337,2000.0,8596.61,6602.41,314.73,4218.73,180.63,1720.83,0.0
6,209.0,29.628999999999998,33.9867,23.0722,76.4649,35.5877,21.6027,26.660899999999998,5.2833,2000.0,209.0,14.0182,29.336800000000004,0.0,47.4222,26.9307,11.744,19.0592,0.9363,2000.0,209.0,21.125466666666664,32.241566666666664,3.50718,60.863746666666664,29.892873333333338,16.84962666666667,22.67779333333333,2.7269466666666666,2000.0,8042.54,6826.66,528.92,4731.41,373.23,1048.09,1.72
7,225.0,26.951700000000002,35.1726,15.2384,77.24149999999999,35.1612,21.4299,27.206500000000002,5.034599999999999,2000.0,225.0,4.6992,30.4055,0.0,55.0075,26.2202,13.6348,18.8491,1.6019,2000.0,225.0,20.148933333333336,32.996026666666666,1.8496466666666669,65.78344,31.82797333333333,18.30536666666667,24.31878666666667,3.478313333333333,2000.0,7338.15,4938.81,490.41,3303.08,276.01,927.95,0.59
8,241.0,23.3191,35.4486,14.0278,72.71650000000001,39.05200000000001,21.5059,29.206000000000003,5.1505,2000.0,241.0,10.2605,31.3875,0.0,42.1494,27.0024,14.055100000000001,21.133699999999997,1.2547000000000001,2000.0,241.0,17.322826666666664,33.39472000000001,2.4319066666666664,59.032766666666674,33.22504000000001,17.88343333333333,25.033686666666664,3.0323,2000.0,4507.38,2753.14,1016.53,2671.87,491.83,1809.73,0.0
9,257.0,23.2937,33.513799999999996,6.658899999999999,74.89059999999999,33.2791,19.939899999999998,26.5252,7.2016,2000.0,257.0,1.9161,27.448099999999997,0.0,28.435200000000002,19.143,7.2454,14.5026,1.9840999999999998,2000.0,257.0,18.005666666666666,30.110606666666662,1.1043466666666666,48.48477999999999,28.04746,13.944093333333333,21.004133333333336,4.26104,2000.0,3684.78,2189.72,1247.29,2651.11,526.36,1841.42,0.0
10,273.0,18.3994,31.5425,8.5127,87.03429999999999,31.984,15.669699999999999,21.8323,6.8323,2000.0,273.0,3.6875999999999998,25.725,0.0,34.083200000000005,7.903,-2.0414,2.2422,1.666,2000.0,273.0,12.234786666666668,28.628139999999995,1.8016333333333334,53.87199333333335,20.514833333333335,8.280859999999999,13.869840000000003,4.427413333333334,2000.0,3035.2,2013.76,1571.16,2905.63,760.15,2132.1,0.03
11,289.0,17.7993,30.871299999999998,6.3761,81.7026,27.560000000000002,13.9425,19.9822,6.4546,2000.0,289.0,2.6082,23.2158,0.0,32.1955,6.485399999999999,-5.4922,0.812,1.9103999999999999,2000.0,289.0,13.633979999999998,27.260126666666658,1.1880733333333335,52.06823333333334,20.270413333333334,6.6947,13.481226666666666,3.4823933333333335,2000.0,2725.53,1731.77,1439.48,2519.05,701.31,2059.11,0.6
12,305.0,13.246300000000002,32.1614,13.7492,99.41069999999999,21.1632,16.9685,18.474500000000003,7.177,2000.0,305.0,2.0163,23.012500000000003,0.0,51.0223,1.3044,-5.586,-2.8817999999999997,2.4451,2000.0,305.0,7.65598,27.795373333333334,3.26032,77.90290666666667,16.02304666666667,7.963833333333331,11.823899999999998,4.70434,2000.0,2714.99,1368.32,1128.54,1915.42,604.57,2062.08,0.31
