,DOY,INSgdmax,RADmax,RAINmax,RHmax,TMAXmax,TMINmax,Tmax,WINDmax,YEAR,DOY,INSgdmin,RADmin,RAINmin,RHmin,TMAXmin,TMINmin,Tmin,WINDmin,YEAR,DOY,INSgdmean,RADmean,RAINmean,RHmean,TMAXmean,TMINmean,Tmean,WINDmean,YEAR,NDVI,EVI,RED,NIR,BLUE,MIR,pixrel
0,113.0,29.59,30.06,8.7,94.63,24.96,12.11,16.72,7.94,2000.0,113.0,1.87,22.46,0.0,36.15,3.44,-2.97,-0.09,2.51,2000.0,113.0,18.28733333333333,26.116666666666664,1.364,63.334666666666664,16.437333333333335,4.663333333333333,10.587333333333332,4.116666666666666,2000.0,2999.01,1570.34,1017.97,1898.1,545.88,1839.93,0.01
1,129.0,28.98,33.12,22.43,86.36,30.84,19.72,24.1,7.07,2000.0,129.0,8.96,27.9,0.0,26.34,13.64,6.03,10.02,1.7,2000.0,129.0,20.211333333333336,29.851333333333336,4.39,50.56666666666665,24.445999999999994,12.54666666666667,18.504666666666665,4.6066666666666665,2000.0,4328.0,2374.36,834.49,2147.94,455.3,1988.95,0.06
2,145.0,30.1,32.62,23.02,94.27,30.33,17.27,22.62,6.35,2000.0,145.0,3.49,24.62,0.0,27.52,13.95,5.4,9.03,2.25,2000.0,145.0,17.84666666666667,29.677999999999997,3.924666666666667,64.42933333333333,22.685333333333332,11.994666666666667,17.124666666666666,4.0633333333333335,2000.0,6186.61,3880.51,656.79,2859.19,356.35,1212.72,0.23
3,161.0,30.13,34.13,29.42,92.47,37.71,21.01,27.89,7.81,2000.0,161.0,6.34,28.8,0.0,38.54,18.52,6.14,13.87,2.1,2000.0,161.0,20.714000000000002,31.468000000000007,3.213333333333333,63.72866666666667,25.492000000000004,14.054666666666668,19.729333333333336,4.67,2000.0,6551.88,4917.36,955.25,3873.26,733.4,1620.69,1.25
4,177.0,32.8,34.06,36.17,82.26,33.58,19.65,25.64,7.03,2000.0,177.0,4.36,26.75,0.0,34.59,23.87,10.7,17.59,1.85,2000.0,177.0,24.533333333333324,30.278,7.842666666666668,60.052666666666674,28.01,15.009333333333334,21.213999999999995,3.805333333333333,2000.0,7423.59,4998.84,484.54,3364.43,266.21,1136.35,0.0
5,193.0,30.85,35.71,28.8,89.15,32.89,22.47,26.35,5.24,2000.0,193.0,5.94,30.06,0.0,56.8,21.86,12.31,16.77,1.5,2000.0,193.0,21.34266666666667,33.04666666666667,6.6659999999999995,75.09266666666667,29.14666666666667,18.640666666666668,23.37333333333333,2.8953333333333338,2000.0,7044.19,4673.75,563.57,3245.58,308.4,851.86,0.0
6,209.0,28.01,33.55,10.13,74.94,35.71,21.57,26.51,5.37,2000.0,209.0,15.12,28.37,0.0,44.98,25.97,10.65,18.13,1.36,2000.0,209.0,22.099333333333334,31.413999999999998,1.5680000000000005,58.78866666666668,29.281333333333333,16.162666666666667,22.08333333333333,2.9246666666666665,2000.0,7004.85,4475.7,545.88,3075.14,296.59,1008.73,0.13
7,225.0,27.54,34.78,19.56,76.54,33.83,22.29,26.85,5.05,2000.0,225.0,7.31,28.48,0.0,51.37,26.14,12.86,18.45,1.05,2000.0,225.0,19.97466666666667,32.181333333333335,3.1180000000000003,64.852,30.897333333333336,17.13,23.340666666666667,3.244,2000.0,6293.17,3837.06,683.6,2874.89,342.84,1772.4,0.57
8,241.0,22.82,34.96,9.07,81.83,34.26,21.13,26.58,4.76,2000.0,241.0,6.08,30.78,0.0,58.9,21.53,14.68,18.05,1.34,2000.0,241.0,14.628000000000004,33.03333333333333,2.2273333333333336,71.39933333333333,29.959999999999994,16.947999999999997,22.685333333333336,2.9526666666666666,2000.0,6189.53,3612.63,654.94,2681.97,320.99,900.98,0.03
9,257.0,22.61,32.58,9.14,74.39,33.54,19.4,25.72,7.07,2000.0,257.0,3.78,27.43,0.0,29.99,18.78,6.74,13.41,2.11,2000.0,257.0,17.324,30.153999999999996,1.5420000000000003,49.394666666666666,26.914,13.131999999999998,19.916,4.1240000000000006,2000.0,5625.84,3360.55,740.77,2652.13,389.29,1293.77,0.12
10,273.0,17.89,30.92,13.77,81.41,29.83,15.88,21.2,7.28,2000.0,273.0,3.64,25.49,0.0,35.21,8.02,-2.23,2.54,2.21,2000.0,273.0,10.906000000000004,28.258666666666667,3.533333333333333,54.17666666666665,19.351333333333333,8.120666666666668,13.155333333333338,4.183333333333334,2000.0,4238.15,2194.15,804.79,2027.19,415.31,1247.91,0.0
11,289.0,17.53,31.28,12.35,74.54,28.05,13.57,19.84,6.11,2000.0,289.0,3.46,23.08,0.0,32.99,6.42,-4.73,1.27,1.63,2000.0,289.0,12.98466666666667,27.067999999999998,1.3773333333333333,50.868,19.56266666666667,6.326666666666667,13.012666666666666,3.4546666666666668,2000.0,3952.48,1711.32,678.59,1595.03,326.1,2449.21,0.0
12,305.0,13.14,32.9,42.51,97.45,22.27,17.62,19.46,6.97,2000.0,305.0,2.27,23.51,0.0,50.01,5.53,-6.17,-1.39,1.9,2000.0,305.0,7.322666666666667,27.871333333333332,5.546666666666668,76.11066666666667,15.484666666666667,7.865999999999999,11.640666666666668,4.784000000000001,2000.0,401.11,352.41,5561.18,5797.24,5373.36,512.05,2.06
