,DOY,INSgdmax,RADmax,RAINmax,RHmax,TMAXmax,TMINmax,Tmax,WINDmax,YEAR,DOY,INSgdmin,RADmin,RAINmin,RHmin,TMAXmin,TMINmin,Tmin,WINDmin,YEAR,DOY,INSgdmean,RADmean,RAINmean,RHmean,TMAXmean,TMINmean,Tmean,WINDmean,YEAR,NDVI,EVI,RED,NIR,BLUE,MIR,pixrel
0,113.0,27.9724,30.247,18.7194,98.05520000000001,22.480400000000003,12.038400000000001,16.6318,5.706999999999999,2000.0,113.0,2.729,22.8204,0.0,32.4358,9.453399999999998,0.6086,6.0404,0.7462,2000.0,113.0,17.536906666666667,26.806213333333332,2.93276,61.63924,18.259813333333337,6.613600000000001,12.408040000000002,3.1547066666666668,2000.0,4716.54,1904.34,498.53,1455.08,283.47,1057.36,0.0
1,129.0,27.5702,34.0772,20.939000000000004,88.073,30.2342,20.511000000000003,23.885799999999996,5.538,2000.0,129.0,3.8434,27.315399999999997,0.0,36.9076,14.0912,3.6974,10.876,2.1176,2000.0,129.0,17.35088,30.727,3.273413333333333,59.951586666666664,23.948946666666664,13.465253333333335,18.654773333333335,3.6239333333333335,2000.0,6268.86,2839.92,432.5,1892.83,249.85,730.62,0.09
2,145.0,30.225800000000003,34.565,15.672799999999999,86.16359999999999,33.914,21.2462,25.1726,5.6946,2000.0,145.0,2.8496,27.1424,0.0,25.294400000000003,13.379000000000001,4.2224,10.0712,1.1194,2000.0,145.0,15.925066666666666,30.66556,4.215666666666666,61.81865333333333,24.74132,12.962026666666665,18.449413333333332,3.4325866666666665,2000.0,6794.35,3613.33,360.52,2253.52,224.58,1655.75,0.0
3,161.0,30.9082,34.9346,28.906599999999997,90.98,36.2294,23.322000000000003,27.690400000000004,6.2676,2000.0,161.0,7.4732,28.147999999999996,0.0,34.9828,21.110400000000002,8.050999999999998,16.3084,1.1362,2000.0,161.0,20.359253333333335,31.828799999999998,5.001973333333333,58.89105333333334,26.688879999999997,16.29377333333333,21.449919999999995,3.9299066666666667,2000.0,7432.34,3611.59,274.57,2096.41,189.53,1755.84,0.11
4,177.0,32.489599999999996,34.67,26.220799999999997,79.55259999999998,33.3898,21.621000000000002,25.985,6.0938,2000.0,177.0,7.0527999999999995,27.5922,0.0,35.0378,22.6356,9.5868,18.0584,1.4747999999999999,2000.0,177.0,21.886560000000006,30.774293333333333,9.014066666666668,58.9698,28.43306666666667,15.981506666666666,22.14526666666666,3.172746666666667,2000.0,7409.34,3986.92,289.03,2355.59,200.15,770.46,0.33
5,193.0,30.355400000000003,36.642199999999995,17.4702,85.0916,33.1236,23.0128,26.9998,3.6376,2000.0,193.0,5.6552,30.78,0.0,47.2218,26.805,15.922,21.7186,1.1056,2000.0,193.0,18.020719999999997,33.65564,5.860333333333333,67.61792,30.65721333333333,20.358613333333334,25.14418666666667,2.5472533333333334,2000.0,7861.74,4185.08,249.05,2450.09,153.58,486.29,0.01
6,209.0,27.230600000000003,33.937,8.2144,75.8416,33.2326,20.612399999999997,25.9318,4.1538,2000.0,209.0,6.642399999999999,29.087600000000002,0.0,41.955799999999996,26.997800000000005,13.1416,20.455,1.0156,2000.0,209.0,20.766786666666665,31.770693333333334,1.1977733333333334,56.441093333333335,29.320773333333335,17.348039999999997,23.118813333333332,2.6059333333333328,2000.0,7885.44,3719.39,201.07,2069.14,138.12,795.24,0.75
7,225.0,26.91,35.1124,15.0154,74.10260000000001,35.14620000000001,23.113999999999997,28.801599999999997,4.5716,2000.0,225.0,5.3786000000000005,29.5846,0.0,43.5244,25.361,13.457999999999998,19.725199999999997,1.703,2000.0,225.0,19.967799999999997,32.56802666666666,3.180973333333333,56.52861333333333,32.26972,18.74164,25.127746666666663,2.661386666666666,2000.0,7747.44,3603.0,232.69,2056.76,144.61,875.63,0.29
8,241.0,23.407600000000002,36.14,13.618,84.5808,32.892,22.467,26.4148,3.7804,2000.0,241.0,7.061,30.8002,0.0,53.283,21.2088,15.7374,19.307599999999997,0.9553999999999999,2000.0,241.0,14.832826666666666,33.85244,3.1216533333333336,72.27908,30.533386666666665,19.58713333333333,24.58824,2.4172533333333335,2000.0,7565.47,3422.09,227.73,1948.55,136.46,2042.68,0.01
9,257.0,24.062800000000003,34.1698,18.473,82.834,33.495,22.234399999999997,25.3004,5.7888,2000.0,257.0,3.2238,26.9296,0.0,32.6816,17.9898,3.6046,12.998199999999999,1.4407999999999999,2000.0,257.0,17.73518666666667,30.37244,4.019253333333333,57.10361333333333,26.53581333333333,13.622480000000003,20.093386666666664,3.2490000000000006,2000.0,6729.15,2822.5,298.64,1709.92,169.6,1368.54,0.0
10,273.0,19.4652,31.595,20.7844,80.78280000000001,27.9478,17.719,22.2928,5.4534,2000.0,273.0,2.9506,23.992600000000003,0.0,38.25940000000001,8.5032,1.0748000000000002,4.6861999999999995,1.8994,2000.0,273.0,12.67909333333333,28.210346666666666,4.44844,56.892066666666665,20.08866666666667,9.987666666666666,14.788120000000003,3.408946666666666,2000.0,5520.89,2103.19,401.87,1465.41,195.33,1964.59,0.0
11,289.0,17.2404,31.334200000000003,9.254,61.2944,27.0814,16.1016,20.787,4.7668,2000.0,289.0,5.9976,24.5302,0.0,33.1458,8.361799999999999,-2.4684,3.4272,1.0778,2000.0,289.0,13.346813333333332,27.56916,1.4070400000000003,49.18745333333334,20.568173333333334,7.6317466666666665,14.15806666666667,2.66868,2000.0,5373.24,1797.96,347.71,1223.57,176.3,873.95,0.23
12,305.0,13.4222,32.9144,14.1252,85.9408,25.1976,18.2358,21.145200000000003,6.9956,2000.0,305.0,1.813,25.342,0.0,42.7662,13.3626,0.645,5.591799999999999,0.904,2000.0,305.0,8.786413333333334,28.983266666666665,2.711826666666667,62.59588,19.11818666666667,10.262200000000002,14.62528,3.7600133333333323,2000.0,5168.79,1957.98,435.72,1405.21,242.79,678.57,0.22
