,DOY,INSgdmax,RADmax,RAINmax,RHmax,TMAXmax,TMINmax,Tmax,WINDmax,YEAR,DOY,INSgdmin,RADmin,RAINmin,RHmin,TMAXmin,TMINmin,Tmin,WINDmin,YEAR,DOY,INSgdmean,RADmean,RAINmean,RHmean,TMAXmean,TMINmean,Tmean,WINDmean,YEAR,NDVI,EVI,RED,NIR,BLUE,MIR,pixrel
0,113.0,29.182000000000002,30.048000000000002,11.804,92.25200000000001,26.567999999999998,11.026,18.018,7.9239999999999995,2000.0,113.0,2.1160000000000005,23.74,0.0,35.984,3.654,-2.8360000000000003,0.892,2.8,2000.0,113.0,17.39146666666667,26.7508,2.0277333333333334,60.88626666666667,17.463199999999997,5.2972,11.398533333333333,4.268933333333333,2000.0,3861.09,2347.81,1111.79,2513.97,561.9,1632.6,0.06
1,129.0,28.876000000000005,33.135999999999996,14.728,86.0,30.534,19.078,23.594,6.838000000000001,2000.0,129.0,6.236000000000001,26.868000000000002,0.0,24.61,14.136000000000001,6.172000000000001,10.524000000000001,1.5659999999999998,2000.0,129.0,20.180400000000002,29.906399999999998,2.8441333333333336,49.950266666666664,24.723066666666675,12.407733333333333,18.662133333333333,4.625466666666667,2000.0,4424.53,2666.6,979.8,2538.58,499.72,1939.46,0.08
2,145.0,30.656,32.984,18.134,92.81800000000001,31.346,19.622,23.866,6.102,2000.0,145.0,3.154,25.222,0.0,27.168,14.248,5.442,9.344,1.796,2000.0,145.0,18.334666666666667,29.972266666666666,3.1905333333333328,63.62880000000001,23.563200000000002,12.1276,17.761866666666666,4.054533333333333,2000.0,5083.23,3302.96,953.76,2921.99,495.93,2041.65,0.03
3,161.0,29.967999999999996,34.266000000000005,26.451999999999998,89.088,37.541999999999994,20.528,27.990000000000002,8.34,2000.0,161.0,8.18,28.734,0.0,38.321999999999996,19.278000000000002,7.5600000000000005,14.244,2.554,2000.0,161.0,21.316399999999998,31.147466666666666,3.5183999999999997,61.953066666666665,26.1268,14.295733333333333,20.145733333333332,4.806533333333332,2000.0,6474.4,4645.56,767.63,3572.42,408.57,1760.65,0.03
4,177.0,32.536,34.616,33.078,80.992,32.91,19.524,25.228,6.976000000000001,2000.0,177.0,5.36,27.0,0.0,35.17,24.106,10.372,17.57,1.508,2000.0,177.0,25.505733333333332,30.355733333333333,6.4657333333333336,60.74680000000001,28.09973333333334,14.9956,21.300666666666665,3.663333333333333,2000.0,8166.98,6163.57,405.54,4065.9,223.75,835.67,0.0
5,193.0,31.234,36.03,24.647999999999996,90.24799999999999,33.36,22.208,26.522,5.434,2000.0,193.0,6.082000000000001,30.704,0.0,59.896,22.792,12.3,17.336,1.096,2000.0,193.0,22.3212,33.3112,6.566,75.50040000000001,29.875466666666668,18.774,23.740533333333335,2.966266666666667,2000.0,8513.87,6631.74,337.78,4317.0,186.63,1389.5,0.0
6,209.0,29.528,34.12,16.276,74.85,35.488,21.552,26.604,5.470000000000001,2000.0,209.0,13.702,28.944000000000003,0.0,46.842,26.5,10.966000000000001,18.35,0.978,2000.0,209.0,21.576666666666668,31.923066666666667,2.541333333333333,59.65986666666667,29.693066666666667,16.452933333333334,22.373600000000003,2.8084,2000.0,8325.14,6441.98,406.63,4241.63,272.51,743.54,1.2
7,225.0,27.235999999999997,35.012,12.0,78.136,34.164,21.854,26.496000000000002,5.102,2000.0,225.0,5.811999999999999,29.432000000000002,0.0,55.016000000000005,26.056,12.830000000000002,18.427999999999997,1.3800000000000001,2000.0,225.0,20.4876,32.53853333333333,1.6785333333333334,66.39959999999999,31.236400000000003,17.63426666666667,23.66466666666667,3.442133333333333,2000.0,7836.52,5289.95,402.67,3413.88,219.97,860.13,0.64
8,241.0,21.856,35.35,10.684000000000001,76.608,36.664,20.759999999999998,27.577999999999996,5.16,2000.0,241.0,8.122,31.256,0.0,48.278,24.870000000000005,13.496,19.674,1.288,2000.0,241.0,15.632933333333332,33.1532,2.5565333333333333,64.71266666666668,31.638,17.0684,23.657199999999996,3.0965333333333334,2000.0,5492.53,3376.15,786.81,2715.82,418.78,1815.08,0.0
9,257.0,22.652,33.378,8.324,71.432,33.21,19.836000000000002,26.28,7.4620000000000015,2000.0,257.0,3.2439999999999998,27.308,0.0,29.598,18.95,6.818,14.036,1.91,2000.0,257.0,17.720666666666666,30.036399999999993,1.2898666666666667,47.54866666666666,27.671733333333332,13.582933333333333,20.579333333333334,4.346,2000.0,4459.71,2686.52,1014.38,2633.25,476.84,1809.7,0.0
10,273.0,18.13,31.002000000000002,7.46,85.35399999999998,31.192,15.398,21.451999999999998,7.166,2000.0,273.0,3.682,25.659999999999997,0.0,34.058,7.95,-2.816,2.09,1.9460000000000002,2000.0,273.0,11.547733333333333,28.42626666666667,1.9533333333333334,54.30746666666668,19.803466666666672,7.897200000000001,13.288,4.330933333333334,2000.0,3877.64,2476.88,1254.06,2802.33,609.08,1935.53,0.03
11,289.0,17.876,30.997999999999998,5.246,79.338,27.908,13.989999999999998,19.86,6.426,2000.0,289.0,2.85,22.912,0.0,32.089999999999996,6.298,-5.416,0.8320000000000001,1.884,2000.0,289.0,13.0824,27.169466666666665,0.8952000000000001,51.788799999999995,19.878,6.337200000000001,13.090266666666668,3.5813333333333337,2000.0,3227.46,1804.88,1134.16,2207.52,564.57,2046.17,0.01
12,305.0,13.222000000000001,32.385999999999996,19.770000000000003,99.21799999999999,21.136,16.926,18.634,7.262,2000.0,305.0,1.9700000000000002,23.095999999999997,0.0,49.656000000000006,2.402,-7.2299999999999995,-3.172,2.416,2000.0,305.0,7.3828,27.726266666666668,3.6992,77.84453333333335,15.486666666666668,7.537466666666665,11.395733333333332,4.8384,2000.0,3339.45,1780.34,1016.97,2038.81,506.51,2052.05,0.0
