,DOY,INSgdmax,RADmax,RAINmax,RHmax,TMAXmax,TMINmax,Tmax,WINDmax,YEAR,DOY,INSgdmin,RADmin,RAINmin,RHmin,TMAXmin,TMINmin,Tmin,WINDmin,YEAR,DOY,INSgdmean,RADmean,RAINmean,RHmean,TMAXmean,TMINmean,Tmean,WINDmean,YEAR,NDVI,EVI,RED,NIR,BLUE,MIR,pixrel
0,113.0,28.463800000000003,30.202599999999997,9.049199999999999,96.08539999999999,24.8146,12.9998,17.7366,6.2056000000000004,2000.0,113.0,2.6222000000000003,23.3052,0.0,24.6988,6.071,-0.14239999999999997,2.9394,1.4224,2000.0,113.0,17.868920000000003,27.0718,1.5616133333333333,58.246066666666664,18.387306666666667,6.235906666666667,12.407866666666667,3.3520533333333336,2000.0,2905.58,1109.91,365.87,1040.71,177.94,1532.25,17.93
1,129.0,27.445,34.1836,22.705,84.2778,30.1956,20.175400000000003,23.766,5.8058,2000.0,129.0,6.1332,27.6224,0.0,31.799799999999998,14.628,4.843999999999999,10.754000000000001,1.8054000000000001,2000.0,129.0,17.839933333333335,30.726960000000002,4.228146666666666,56.15727999999999,24.274493333333336,13.060839999999999,18.697546666666664,3.9226800000000006,2000.0,3900.89,1541.75,318.51,1228.16,160.94,809.31,20.55
2,145.0,28.5068,33.7134,13.9432,86.7406,34.335800000000006,20.4242,25.6214,5.7204,2000.0,145.0,2.2586,27.1628,0.0,24.3552,13.421800000000001,4.974,9.6204,1.5554,2000.0,145.0,18.008853333333334,30.72332,2.93964,60.105653333333336,24.76924,13.486453333333333,18.63376,3.6820000000000004,2000.0,4078.59,1842.28,401.1,1407.42,239.95,1054.88,10.43
3,161.0,30.61,34.8338,39.1142,92.51759999999999,36.988600000000005,22.435,27.922600000000003,6.5032,2000.0,161.0,8.5562,28.7362,0.0,35.7204,20.916999999999998,6.0326,15.735000000000001,1.3235999999999999,2000.0,161.0,21.320706666666666,31.84649333333333,7.443520000000001,61.09786666666667,26.500133333333327,15.6476,20.985346666666672,4.21884,2000.0,3014.32,1470.45,1353.38,2085.98,1297.99,1628.69,2.12
4,177.0,32.54259999999999,34.729,28.348600000000005,80.1856,33.410799999999995,20.686400000000003,25.943599999999996,6.3192,2000.0,177.0,8.5018,26.9414,0.0,35.4402,23.4646,8.999,17.3726,1.3586,2000.0,177.0,22.602000000000004,30.671999999999993,8.021853333333333,62.07124,28.11372,15.57709333333333,21.672453333333337,3.2689333333333326,2000.0,4445.39,1848.06,295.09,1362.08,175.56,529.48,23.11
5,193.0,30.4948,36.7174,17.1782,89.37,32.791399999999996,23.2266,26.894,3.7880000000000003,2000.0,193.0,4.8686,30.494,0.0,57.012,24.1664,14.282,19.4334,1.2041999999999997,2000.0,193.0,18.45116,33.80790666666667,6.567679999999999,73.69417333333334,29.827466666666666,20.08372,24.54276,2.5705866666666672,2000.0,4988.9,2433.3,328.28,1627.78,204.24,1205.68,7.74
6,209.0,27.1988,33.6938,15.504999999999999,75.2992,34.2316,20.4748,26.334,4.2254,2000.0,209.0,11.755400000000002,29.464999999999996,0.0,43.3906,26.379999999999995,12.110800000000001,19.8042,0.8696,2000.0,209.0,21.03764,31.606826666666663,2.972466666666667,58.38626666666667,29.301293333333334,16.965746666666668,22.733186666666665,2.659560000000001,2000.0,4979.86,2227.33,159.55,1485.93,110.85,205.91,39.16
7,225.0,27.327399999999997,35.6426,16.6194,74.77520000000001,35.3988,22.535200000000003,28.3408,4.2184,2000.0,225.0,8.7328,29.809999999999995,0.0,46.120400000000004,26.2402,13.927800000000001,19.739400000000003,1.4002,2000.0,225.0,19.967386666666666,32.712653333333336,3.587133333333333,59.407439999999994,32.19233333333333,18.599373333333336,24.971066666666665,2.83364,2000.0,6488.05,2654.59,244.54,1569.59,146.75,1251.65,0.87
8,241.0,22.237000000000002,35.5938,11.9982,80.0626,35.0958,22.662800000000004,27.464199999999998,3.9139999999999997,2000.0,241.0,6.6328000000000005,31.3538,0.0,54.0398,22.0604,16.0982,19.348399999999998,1.2298,2000.0,241.0,15.50468,33.79944,1.5258933333333333,68.87378666666666,31.471693333333334,19.02148,24.663226666666667,2.5618799999999995,2000.0,5011.71,2089.9,175.73,1341.71,80.57,1611.01,20.5
9,257.0,23.8574,33.506,14.325600000000001,79.6986,33.907000000000004,21.5392,25.5994,5.6528,2000.0,257.0,3.25,27.2376,0.0,29.336999999999996,19.1704,3.9779999999999998,13.9052,1.6347999999999998,2000.0,257.0,18.422586666666668,30.3176,2.2822666666666667,52.27069333333334,27.338226666666664,13.67249333333333,20.350799999999996,3.4707066666666666,2000.0,4986.94,2086.39,247.13,1342.23,147.05,881.27,10.32
10,273.0,19.162399999999998,30.958600000000004,26.0552,82.3644,29.6248,17.112000000000002,21.988599999999998,6.093,2000.0,273.0,2.0824,24.2714,0.0,37.145,8.028400000000001,-0.20279999999999998,3.5246000000000004,1.87,2000.0,273.0,12.594000000000001,28.204,4.774213333333333,53.905226666666664,20.643,9.590826666666667,14.659693333333333,3.850573333333333,2000.0,3898.52,1362.65,296.7,1030.24,147.4,436.12,10.3
11,289.0,18.6112,32.1976,6.0855999999999995,71.33279999999999,27.453200000000002,13.541,20.517,5.5768,2000.0,289.0,3.5902,23.662399999999998,0.0,33.6178,7.3696,-3.9659999999999997,1.9691999999999998,1.3714,2000.0,289.0,13.51276,27.575880000000005,1.3150000000000002,51.47457333333333,20.237226666666665,6.878266666666666,13.654933333333332,2.850346666666667,2000.0,3187.25,729.56,119.34,744.12,-22.07,1108.29,46.06
12,305.0,13.6188,32.8524,19.4622,93.5858,23.825000000000003,18.2082,20.3882,6.5214,2000.0,305.0,2.1304000000000003,24.3778,0.0,46.3762,8.0222,-1.6814,1.6300000000000001,1.2216,2000.0,305.0,8.23508,28.35213333333333,3.563906666666666,70.87677333333333,17.528653333333335,9.362586666666665,13.340413333333332,4.084813333333334,2000.0,1870.13,774.42,727.58,1275.19,632.99,329.26,27.26
