,DOY,INSgdmax,RADmax,RAINmax,RHmax,TMAXmax,TMINmax,Tmax,WINDmax,YEAR,DOY,INSgdmin,RADmin,RAINmin,RHmin,TMAXmin,TMINmin,Tmin,WINDmin,YEAR,DOY,INSgdmean,RADmean,RAINmean,RHmean,TMAXmean,TMINmean,Tmean,WINDmean,YEAR,NDVI,EVI,RED,NIR,BLUE,MIR,pixrel
0,113.0,29.254600000000003,30.256699999999995,7.3527000000000005,94.5007,24.643299999999996,12.9475,17.1304,7.225200000000001,2000.0,113.0,2.9402999999999997,22.9559,0.0,28.6454,4.018599999999999,-1.7628,0.8737000000000001,2.044,2000.0,113.0,18.20741333333333,26.530813333333334,1.3270933333333335,61.15273333333333,17.016686666666665,5.297586666666667,11.281646666666669,3.753426666666666,2000.0,4652.56,2090.64,649.11,1743.86,337.32,1192.84,0.03
1,129.0,28.271600000000007,33.7939,24.0199,84.7574,30.6723,19.8795,24.125300000000003,6.555599999999999,2000.0,129.0,8.264800000000001,27.4378,0.0,28.1753,13.9801,5.5423,10.2986,1.7735,2000.0,129.0,19.272433333333332,30.177419999999998,4.373013333333333,52.71267999999999,24.346153333333334,12.848319999999998,18.612679999999997,4.305573333333333,2000.0,5539.26,2440.34,512.23,1765.54,275.32,1982.54,0.01
2,145.0,29.1901,33.251,14.9698,91.6377,31.861600000000003,18.326,23.809800000000003,6.1485,2000.0,145.0,3.1731000000000007,25.6181,0.0,26.223399999999998,13.843200000000001,5.353,9.255499999999998,1.9141,2000.0,145.0,17.648413333333338,30.1018,2.9394199999999997,62.35141333333334,23.514586666666666,12.701780000000003,17.7429,3.8806,2000.0,6349.24,3477.31,534.25,2400.82,299.2,876.34,0.12
3,161.0,30.6207,34.3309,29.9613,93.18879999999999,37.3785,21.674,27.956000000000003,7.071200000000001,2000.0,161.0,8.5178,28.671100000000003,0.0,37.44370000000001,19.2749,5.670400000000001,14.882399999999999,1.705,2000.0,161.0,20.89805333333333,31.62162,6.158666666666666,62.79838666666666,25.841213333333336,14.719833333333334,20.227946666666668,4.475313333333333,2000.0,5645.81,3237.1,864.11,2576.49,736.12,1652.64,1.48
4,177.0,32.6316,34.414,35.6619,80.49019999999999,33.6175,19.973599999999998,25.747699999999995,6.7599,2000.0,177.0,7.5569999999999995,26.957900000000002,0.0,35.402800000000006,23.6098,9.8501,17.466099999999997,1.5982,2000.0,177.0,23.893326666666667,30.41887333333333,9.04086,61.00960666666667,28.03915333333334,15.178433333333333,21.360053333333333,3.592846666666666,2000.0,7394.57,3839.72,343.87,2349.1,196.39,1052.15,0.07
5,193.0,30.6706,35.9035,20.9195,88.8767,32.7438,22.8446,26.5347,4.5758,2000.0,193.0,5.9894,30.0868,0.0,57.3858,22.4982,13.1191,17.657600000000002,1.4041000000000001,2000.0,193.0,20.058680000000003,33.35224,5.86556,74.35952,29.370106666666665,19.19256,23.82304,2.7499800000000003,2000.0,7726.56,4105.45,311.13,2475.48,177.2,1361.54,0.1
6,209.0,28.0443,34.190200000000004,15.2246,75.0454,35.2816,20.955399999999997,26.427300000000002,4.8346,2000.0,209.0,12.4741,28.3315,0.0,44.4116,26.1723,11.088500000000002,18.8696,0.929,2000.0,209.0,21.60696666666667,31.40816,2.676093333333333,58.8404,29.209180000000003,16.50875333333333,22.32249333333333,2.8238733333333332,2000.0,7775.19,4245.85,307.94,2546.46,177.29,737.91,0.73
7,225.0,27.5635,35.3284,13.526,75.9193,34.784800000000004,22.217100000000002,27.660800000000002,4.5144,2000.0,225.0,7.270499999999999,28.7136,0.0,49.6708,25.865499999999997,13.3764,18.994500000000002,1.3445,2000.0,225.0,19.71557333333333,32.37914666666667,3.317893333333333,62.54518666666667,31.350080000000002,17.64604,23.963873333333332,3.04796,2000.0,7892.5,3927.9,268.31,2306.49,143.96,1758.45,0.98
8,241.0,22.7154,35.1289,9.2655,82.0196,34.6696,21.959,27.0677,4.3328999999999995,2000.0,241.0,7.2593,31.034599999999998,0.0,58.2793,21.666900000000002,15.326400000000001,18.5562,1.2262,2000.0,241.0,15.181786666666667,33.28660666666666,1.45524,70.50943333333333,30.486686666666667,17.814626666666665,23.500839999999997,2.755346666666667,2000.0,7473.62,3763.95,322.17,2273.2,182.04,1430.75,0.0
9,257.0,23.125700000000002,32.9311,13.1827,76.95080000000002,33.859700000000004,20.1214,25.6639,6.287800000000001,2000.0,257.0,3.2211999999999996,27.3722,0.0,29.9116,18.9941,5.5181,13.595099999999999,1.9604,2000.0,257.0,17.847593333333336,30.157346666666665,2.3079466666666666,51.044079999999994,26.96229333333333,13.288599999999999,20.00068,3.802473333333334,2000.0,6597.82,2881.8,372.77,1833.36,203.85,1728.0,0.0
10,273.0,18.5158,30.928200000000004,16.140700000000002,81.384,29.5804,16.5345,21.4561,6.7071,2000.0,273.0,2.9753999999999996,24.8583,0.0,36.8224,7.9981,-1.1260000000000001,3.0587,2.0848,2000.0,273.0,11.790200000000002,28.15386,3.6971066666666665,53.89339999999999,19.83696666666667,8.749513333333335,13.76184,4.031499999999999,2000.0,5099.73,2074.6,521.89,1601.0,233.48,723.53,0.0
11,289.0,17.9575,31.380499999999998,6.6643,72.8193,27.808799999999998,13.610199999999999,20.2815,5.9379,2000.0,289.0,3.7789,23.388399999999997,0.0,33.7496,6.8398,-4.2776,1.6018,1.3325,2000.0,289.0,13.392513333333333,27.28709333333334,1.1509066666666667,50.93682666666666,19.791306666666664,6.622380000000001,13.31074,3.167886666666667,2000.0,4942.48,1810.89,465.83,1369.15,238.94,2396.51,0.01
12,305.0,13.391200000000001,32.622099999999996,32.435500000000005,96.2201,22.8896,18.101,19.884300000000003,6.683,2000.0,305.0,2.8815000000000004,24.1609,0.0,49.3536,6.7433000000000005,-3.7197999999999998,0.13570000000000002,1.5603,2000.0,305.0,7.748766666666667,28.156153333333336,4.40282,74.03639333333334,16.279686666666667,8.551633333333331,12.349593333333333,4.490146666666667,2000.0,2437.48,1454.2,1570.99,2360.05,1350.78,631.45,2.27
