,DOY,INSgdmax,RADmax,RAINmax,RHmax,TMAXmax,TMINmax,Tmax,WINDmax,YEAR,DOY,INSgdmin,RADmin,RAINmin,RHmin,TMAXmin,TMINmin,Tmin,WINDmin,YEAR,DOY,INSgdmean,RADmean,RAINmean,RHmean,TMAXmean,TMINmean,Tmean,WINDmean,YEAR,NDVI,EVI,RED,NIR,BLUE,MIR,pixrel
0,113.0,27.94,30.13,18.84,98.03,22.43,12.15,16.54,5.68,2000.0,113.0,2.27,23.04,0.0,31.93,9.16,0.56,5.9,0.73,2000.0,113.0,17.650666666666666,26.76733333333333,3.056,61.33000000000001,18.307333333333336,6.562000000000001,12.406,3.158666666666667,2000.0,4115.23,1321.82,382.44,1047.27,214.47,677.56,2.63
1,129.0,27.68,34.16,19.76,87.56,30.2,20.43,23.83,5.52,2000.0,129.0,4.0,27.4,0.0,37.03,14.21,3.71,10.84,2.15,2000.0,129.0,17.36,30.748,3.3833333333333333,59.74266666666666,23.922666666666665,13.403333333333334,18.635333333333335,3.6293333333333337,2000.0,5525.99,2108.97,344.49,1402.37,218.98,1524.74,0.4
2,145.0,30.35,34.7,14.33,86.25,34.04,21.14,25.16,5.7,2000.0,145.0,2.63,27.11,0.0,25.01,13.46,4.28,10.01,1.15,2000.0,145.0,16.096666666666668,30.76,4.278666666666666,61.70933333333333,24.794,13.012666666666666,18.46333333333333,3.4426666666666663,2000.0,5606.77,2432.97,331.06,1562.4,219.33,1286.98,0.03
3,161.0,31.0,34.85,28.93,91.43,36.35,23.25,27.73,6.3,2000.0,161.0,7.7,28.4,0.0,34.9,21.33,7.97,16.33,1.12,2000.0,161.0,20.507333333333335,31.836,5.0473333333333334,58.94733333333333,26.68,16.26533333333333,21.423999999999996,3.9386666666666668,2000.0,5802.98,2249.07,311.46,1422.67,214.96,1799.5,0.06
4,177.0,32.54,34.67,25.94,79.99,33.37,21.54,25.94,6.11,2000.0,177.0,7.78,27.54,0.0,34.73,22.65,9.45,17.99,1.41,2000.0,177.0,21.972,30.743333333333336,9.086666666666668,59.37,28.370666666666672,15.926666666666666,22.084666666666656,3.1686666666666667,2000.0,6022.17,2708.45,308.56,1666.17,246.74,541.58,0.29
5,193.0,30.35,36.68,16.14,85.88,33.03,23.02,26.98,3.58,2000.0,193.0,5.72,30.78,0.0,47.58,26.67,15.85,21.58,1.12,2000.0,193.0,17.918,33.662,5.887333333333333,68.318,30.513333333333332,20.359333333333336,25.08466666666667,2.5393333333333334,2000.0,6467.31,2926.8,260.61,1780.24,165.04,707.58,0.02
6,209.0,27.47,33.91,5.68,75.55,33.31,20.4,25.93,4.17,2000.0,209.0,5.8,29.12,0.0,41.81,26.96,13.03,20.41,1.03,2000.0,209.0,20.850666666666665,31.74933333333333,0.9233333333333333,56.357333333333344,29.331333333333337,17.316,23.121333333333332,2.617333333333333,2000.0,6024.83,2836.47,354.44,1734.14,332.29,1045.14,1.09
7,225.0,27.0,35.17,13.12,74.18,35.13,23.06,28.78,4.55,2000.0,225.0,5.69,29.59,0.0,43.69,25.46,13.44,19.79,1.82,2000.0,225.0,19.863999999999997,32.61266666666666,2.9953333333333334,56.42133333333333,32.314,18.772,25.168666666666663,2.660666666666666,2000.0,6579.0,2578.93,200.75,1486.33,132.85,372.62,0.05
8,241.0,23.44,36.14,13.24,84.57,32.82,22.44,26.44,3.73,2000.0,241.0,6.62,30.82,0.0,53.22,21.18,15.84,19.34,0.95,2000.0,241.0,14.686666666666666,33.872,3.1413333333333338,72.25999999999999,30.562666666666665,19.58533333333333,24.6,2.4213333333333336,2000.0,6141.4,2528.37,217.98,1475.76,143.7,2074.37,0.03
9,257.0,23.98,34.06,15.62,82.6,33.54,22.22,25.34,5.76,2000.0,257.0,2.88,26.89,0.0,32.3,17.79,3.52,13.09,1.43,2000.0,257.0,17.85866666666667,30.302,3.741333333333334,56.58533333333333,26.595333333333336,13.616000000000001,20.116666666666667,3.2520000000000007,2000.0,6223.07,2291.64,239.91,1388.16,142.5,806.82,2.66
10,273.0,19.44,31.64,20.05,80.25,28.09,17.71,22.3,5.43,2000.0,273.0,3.1,23.98,0.0,38.02,8.46,1.01,4.58,1.93,2000.0,273.0,12.69133333333333,28.250666666666667,4.462,56.47266666666666,20.160666666666664,9.978666666666664,14.800000000000004,3.4246666666666665,2000.0,4607.34,1336.37,286.46,957.37,173.67,337.56,5.17
11,289.0,17.28,31.21,9.29,61.46,27.13,15.9,20.67,4.81,2000.0,289.0,5.94,24.55,0.0,32.91,8.27,-2.58,3.33,1.04,2000.0,289.0,13.38533333333333,27.576,1.4020000000000001,49.26533333333334,20.531333333333333,7.534666666666667,14.104666666666668,2.664,2000.0,4347.14,1096.76,232.29,815.54,96.41,1080.06,10.49
12,305.0,13.46,32.9,14.46,86.38,25.05,18.0,21.03,7.01,2000.0,305.0,1.84,25.27,0.0,43.29,13.35,0.33,5.23,0.85,2000.0,305.0,8.773333333333333,28.988666666666663,2.856666666666667,63.256,19.04666666666667,10.180000000000003,14.547999999999996,3.7793333333333328,2000.0,4205.51,1427.35,641.11,1348.07,485.89,663.8,1.2
