,DOY,INSgdmax,RADmax,RAINmax,RHmax,TMAXmax,TMINmax,Tmax,WINDmax,YEAR,DOY,INSgdmin,RADmin,RAINmin,RHmin,TMAXmin,TMINmin,Tmin,WINDmin,YEAR,DOY,INSgdmean,RADmean,RAINmean,RHmean,TMAXmean,TMINmean,Tmean,WINDmean,YEAR,NDVI,EVI,RED,NIR,BLUE,MIR,pixrel
0,113.0,28.753100000000003,30.4096,11.877200000000002,95.3799,24.127499999999998,13.3232,17.6755,5.667,2000.0,113.0,2.9004,23.132199999999997,0.0,25.7395,7.8991999999999996,0.24810000000000001,4.861199999999999,0.9863999999999999,2000.0,113.0,17.385286666666666,27.32783333333333,1.6718600000000001,57.945519999999995,19.02751333333333,6.773413333333332,12.863599999999998,3.22286,2000.0,5683.74,3241.32,651.14,2467.86,341.67,1390.36,0.61
1,129.0,27.3273,33.9007,27.8158,85.38499999999999,29.7405,20.278599999999997,23.3561,5.971,2000.0,129.0,4.838699999999999,27.646,0.0,35.6867,14.764299999999999,4.0899,10.945,1.8553,2000.0,129.0,17.843693333333334,30.91234,3.831433333333333,59.40575333333334,23.993086666666667,13.059746666666666,18.635460000000002,3.6953066666666663,2000.0,6642.7,4343.43,570.49,3079.94,315.05,1311.48,0.6
2,145.0,30.1507,34.211,21.4619,84.59639999999999,34.8179,21.7804,26.014000000000003,5.213100000000001,2000.0,145.0,2.8225,27.585300000000004,0.0,23.9542,13.484499999999999,4.3301,10.0134,1.2819000000000003,2000.0,145.0,18.2164,30.736200000000004,3.30616,59.466053333333335,25.33586,13.624593333333333,19.015859999999996,3.6142000000000003,2000.0,6754.94,4345.18,574.13,3049.18,320.88,1214.87,0.0
3,161.0,30.732999999999997,34.9418,32.0826,89.5231,36.3447,22.9193,27.481099999999998,6.3655,2000.0,161.0,6.455399999999999,28.9726,0.0,34.6969,21.482,6.648899999999999,16.0419,1.0088000000000001,2000.0,161.0,21.256953333333332,32.005140000000004,5.580613333333334,59.83007333333333,26.968986666666666,16.101439999999997,21.4204,4.0282333333333336,2000.0,7200.33,4484.19,459.05,2954.49,276.68,1766.44,0.32
4,177.0,31.656,34.8427,28.2222,81.3359,33.1347,20.989199999999997,26.0938,6.0662,2000.0,177.0,7.8586,27.3958,0.0,38.3896,23.6804,9.7695,17.936,1.2402,2000.0,177.0,21.907840000000004,31.07370666666666,7.2787066666666655,62.483560000000004,28.241733333333336,16.025619999999996,21.97904,3.1061399999999995,2000.0,7690.73,5050.57,409.88,3275.78,237.31,1245.53,0.15
5,193.0,30.5773,36.8394,19.6738,88.83550000000001,33.035399999999996,23.3876,27.0908,3.5483999999999996,2000.0,193.0,5.7803,30.812900000000003,0.0,56.2907,25.6416,15.520700000000001,20.771099999999997,1.1526,2000.0,193.0,18.460326666666667,34.03695333333333,6.519373333333332,72.40566000000001,30.400413333333336,20.543193333333335,25.057713333333332,2.4176666666666664,2000.0,7667.02,5316.26,442.41,3537.16,248.41,1123.07,0.0
6,209.0,26.657400000000003,33.7408,13.6629,76.1018,33.4163,20.7573,26.0315,4.0127,2000.0,209.0,11.756,29.7017,0.0,43.3726,26.336599999999997,12.812899999999999,20.3614,0.9346000000000001,2000.0,209.0,20.73318,31.82791333333333,2.709013333333333,57.90474666666667,29.423660000000005,17.32956666666667,23.061686666666667,2.50924,2000.0,7735.73,5119.84,389.97,3268.99,236.83,787.78,0.81
7,225.0,27.1345,35.8802,21.444200000000002,74.8637,36.546800000000005,23.993199999999995,29.629200000000004,4.4009,2000.0,225.0,7.2953,30.2256,0.0,41.213499999999996,26.3993,13.7534,20.2676,1.4459,2000.0,225.0,20.224286666666664,33.01876,4.087486666666667,57.24864000000001,32.85720666666667,19.2518,25.657020000000003,2.7111666666666663,2000.0,7752.7,4927.66,353.15,3086.21,211.45,700.96,0.91
8,241.0,23.0292,35.7564,10.0644,80.4977,35.20669999999999,22.7531,27.7216,3.6772,2000.0,241.0,6.944,31.8369,0.0,49.735299999999995,22.6748,16.177799999999998,20.062400000000004,1.2771,2000.0,241.0,15.69718,34.116699999999994,1.8033333333333332,67.61749333333333,32.138580000000005,19.905353333333338,25.424773333333327,2.5083533333333334,2000.0,7462.95,4650.47,418.34,3016.27,234.98,1230.93,0.0
9,257.0,24.314,33.7657,17.791700000000002,79.82990000000001,33.5783,21.8904,25.5345,5.5991,2000.0,257.0,3.501,27.0795,0.0,29.319000000000003,19.0726,3.7995,13.9088,1.3451,2000.0,257.0,18.515993333333334,30.501006666666665,2.6310599999999997,52.91670000000001,27.515386666666664,13.878726666666665,20.588846666666665,3.3035733333333335,2000.0,7138.58,4176.82,443.5,2745.94,241.59,1668.25,0.0
10,273.0,19.6543,31.399499999999996,26.091,82.7409,29.218400000000003,17.425800000000002,22.302,5.6888000000000005,2000.0,273.0,1.5993,24.078199999999995,0.0,37.0865,8.4005,0.6325000000000001,4.2705,1.6465,2000.0,273.0,12.815073333333336,28.40044666666666,4.397326666666666,56.01101333333333,21.02398,10.007280000000002,15.071939999999998,3.6436600000000006,2000.0,6346.53,3565.68,521.07,2496.4,278.84,1095.77,0.0
11,289.0,18.479599999999998,31.946599999999997,9.218,68.66460000000001,27.1331,13.814800000000002,20.464,5.1272,2000.0,289.0,3.4586,23.9223,0.0,33.5551,7.7225,-3.8585,2.2548000000000004,1.1905999999999999,2000.0,289.0,13.398146666666666,27.646,1.5984866666666666,52.36952666666666,20.488959999999995,7.031006666666666,13.784513333333333,2.65728,2000.0,5570.65,3129.59,689.98,2456.78,368.84,1701.46,0.19
12,305.0,13.7913,32.74459999999999,21.113699999999998,90.8043,24.8493,18.285000000000004,20.745800000000003,6.406700000000001,2000.0,305.0,1.7441,24.731099999999998,0.0,44.893,9.2135,-0.7184999999999999,2.8391,1.0303,2000.0,305.0,8.391053333333334,28.662366666666664,3.55556,68.98643333333334,18.472053333333335,9.90814,14.000179999999999,3.79828,2000.0,4520.7,2648.12,1153.94,2647.0,868.07,1511.96,0.87
