,DOY,INSgdmax,RADmax,RAINmax,RHmax,TMAXmax,TMINmax,Tmax,WINDmax,YEAR,DOY,INSgdmin,RADmin,RAINmin,RHmin,TMAXmin,TMINmin,Tmin,WINDmin,YEAR,DOY,INSgdmean,RADmean,RAINmean,RHmean,TMAXmean,TMINmean,Tmean,WINDmean,YEAR,NDVI,EVI,RED,NIR,BLUE,MIR,pixrel
0,113.0,28.9044,29.5552,7.0003,96.482,22.3452,11.2605,14.979199999999999,7.709499999999999,2000.0,113.0,2.4318999999999997,22.042600000000004,0.0,37.5631,1.8329,-4.232499999999999,-1.4578000000000002,2.4166000000000003,2000.0,113.0,17.500880000000002,25.282026666666656,1.5342733333333336,68.3847,14.61528,3.47424,9.069186666666667,4.052646666666666,2000.0,3398.52,1782.77,1004.59,2023.35,509.91,1785.44,0.06
1,129.0,29.238,32.8344,23.7609,85.6094,30.792599999999997,19.1389,24.2181,7.3626,2000.0,129.0,5.0868,26.815,0.0,31.656200000000002,12.633099999999999,5.8422,9.1531,1.9485,2000.0,129.0,20.31226666666667,29.648553333333336,4.171513333333333,50.49717333333332,23.837566666666664,11.90264,17.89386,4.610526666666667,2000.0,5157.8,2793.11,715.56,2263.32,369.72,1884.94,0.05
2,145.0,30.879200000000004,31.894600000000004,20.4988,93.05329999999998,29.833399999999997,15.4648,22.0227,6.6854,2000.0,145.0,3.5355000000000003,24.0972,0.0,28.901400000000002,13.4108,3.5208000000000004,8.2847,1.6585,2000.0,145.0,17.730693333333335,28.822879999999998,4.673073333333334,65.70126666666667,21.271520000000002,10.950753333333335,15.952346666666665,4.01352,2000.0,5931.91,3665.36,704.45,2803.74,368.29,1389.68,0.3
3,161.0,30.958199999999998,34.23800000000001,31.8115,91.3714,37.130199999999995,20.1891,27.294500000000003,7.7553,2000.0,161.0,4.5813,28.5512,0.0,39.8399,17.148899999999998,5.4948,12.742799999999999,1.9192999999999998,2000.0,161.0,20.06842666666667,30.877153333333332,4.982106666666667,65.37575999999999,24.5768,13.212200000000001,18.88546,4.457253333333333,2000.0,7079.14,4638.28,549.45,3202.45,314.7,1335.3,0.76
4,177.0,32.496399999999994,33.584399999999995,33.9189,81.8549,33.3661,19.5794,25.7822,7.507499999999999,2000.0,177.0,7.6368,26.832,0.0,36.4963,23.6225,10.159799999999999,17.269299999999998,1.7401,2000.0,177.0,24.992773333333332,29.928513333333335,7.231013333333334,57.25278666666668,27.97239333333334,14.830353333333337,21.089766666666662,4.0328066666666675,2000.0,7293.68,4682.23,477.53,3138.47,251.04,835.14,0.01
5,193.00000000000003,30.845800000000004,34.8873,30.075200000000002,85.66659999999999,32.858200000000004,22.372999999999998,26.1069,5.536,2000.0,193.00000000000003,7.404100000000001,29.165999999999997,0.0,51.3757,19.1673,12.3475,15.122999999999998,1.4530999999999996,2000.0,193.00000000000003,22.767973333333334,32.49247999999999,6.003153333333333,72.19279333333334,28.850246666666663,17.993846666666663,22.857926666666664,3.0080199999999997,2000.0,7506.42,4864.87,449.3,3209.03,237.96,1048.99,0.0
6,209.0,26.7908,33.4272,7.0482,74.58370000000001,33.6503,21.4998,25.2461,5.318199999999999,2000.0,209.0,15.542599999999998,26.899100000000004,0.0,45.0086,25.4241,10.0838,17.6856,1.4046999999999998,2000.0,209.0,22.48712666666666,30.878906666666666,0.8015466666666666,59.50051333333333,28.719806666666663,15.598633333333332,21.567633333333333,2.97618,2000.0,7156.49,4529.28,500.56,3051.27,267.09,1043.24,0.78
7,225.0,28.079500000000003,34.4157,13.3569,77.5634,33.051100000000005,22.4492,26.232100000000003,5.133800000000001,2000.0,225.0,7.861999999999999,27.381800000000002,0.0,50.6684,25.0934,11.017299999999999,17.6515,1.0166000000000002,2000.0,225.0,19.459513333333334,31.509760000000007,2.55706,66.29357333333333,29.776586666666667,16.067306666666667,22.301280000000006,3.2010066666666668,2000.0,6840.58,4074.56,525.34,2789.64,271.89,1600.66,0.91
8,241.0,22.5908,34.0975,13.133899999999999,83.8124,33.7128,19.2234,24.233199999999997,4.9938,2000.0,241.0,5.0973,29.867800000000003,0.0,62.530800000000006,19.9951,13.5987,16.909800000000004,1.2913,2000.0,241.0,13.391293333333333,32.363326666666666,2.6159999999999997,75.83637999999999,28.124766666666666,15.761213333333334,21.142153333333333,3.0197266666666662,2000.0,6775.25,3807.31,484.64,2556.85,251.76,1029.68,0.01
9,257.0,21.9319,32.7991,6.7405,73.75840000000001,32.5181,19.0134,25.2033,7.3604,2000.0,257.0,4.2232,26.4232,0.0,33.3156,17.5565,6.0733999999999995,12.7245,2.0025999999999997,2000.0,257.0,17.193493333333333,29.819319999999998,1.4941933333333335,48.63176666666666,26.127186666666663,12.466539999999995,19.176626666666664,4.174919999999999,2000.0,5962.13,3270.48,592.71,2385.02,310.89,1239.17,0.0
10,273.0,17.405300000000004,30.4916,8.5977,83.01259999999999,28.9155,15.142899999999997,21.148899999999998,7.403599999999999,2000.0,273.0,2.5202,24.6533,0.0,35.0457,7.8505,-1.7684,2.5933,2.1198,2000.0,273.0,10.815886666666666,27.60496666666667,2.2726599999999997,56.212959999999995,18.15086,7.311000000000001,12.182320000000002,3.9122,2000.0,4521.14,2173.69,697.01,1884.73,339.29,1252.05,0.0
11,289.0,17.0013,31.22,8.742900000000002,72.8501,28.2122,13.4486,19.405,5.7552,2000.0,289.0,5.0312,23.1073,0.0,32.694500000000005,5.730700000000001,-4.8289,0.8216,1.6341999999999999,2000.0,289.0,12.762606666666667,26.705406666666665,1.0799400000000001,51.76438,18.723660000000002,5.859813333333333,12.228093333333334,3.4820733333333322,2000.0,4159.23,1914.17,718.19,1765.31,344.76,2127.62,0.0
12,305.0,12.6918,32.803799999999995,34.4264,97.7931,22.074799999999996,17.445,19.2842,7.1201,2000.0,305.0,2.4475,23.886000000000003,0.0,49.6875,5.986000000000001,-6.4932,-0.6192,1.8541,2000.0,305.0,6.903659999999998,27.836,4.74458,77.03341333333333,14.759540000000001,7.036079999999998,10.978413333333332,4.9000666666666675,2000.0,2495.5,1447.63,2027.34,2869.5,1689.09,998.46,1.65
