,DOY,INSgdmax,RADmax,RAINmax,RHmax,TMAXmax,TMINmax,Tmax,WINDmax,YEAR,DOY,INSgdmin,RADmin,RAINmin,RHmin,TMAXmin,TMINmin,Tmin,WINDmin,YEAR,DOY,INSgdmean,RADmean,RAINmean,RHmean,TMAXmean,TMINmean,Tmean,WINDmean,YEAR,NDVI,EVI,RED,NIR,BLUE,MIR,pixrel
0,113.0,28.835,30.384999999999998,6.275,92.50999999999999,26.16,12.73,18.45,6.8149999999999995,2000.0,113.0,2.88,23.705,0.0,27.990000000000002,5.59,-0.675,2.15,1.8449999999999998,2000.0,113.0,17.785333333333334,27.25766666666667,1.287,57.126000000000005,18.393,6.185666666666666,12.470666666666666,3.595333333333333,2000.0,5240.87,3142.45,814.3,2610.3,425.63,1442.88,0.2
1,129.0,27.7,33.855000000000004,17.095,84.485,30.380000000000003,19.83,23.775,6.06,2000.0,129.0,7.92,27.810000000000002,0.0,28.485,14.575,5.390000000000001,10.86,1.595,2000.0,129.0,18.543,30.634666666666668,3.9109999999999996,54.18366666666666,24.573333333333338,13.056333333333333,18.824999999999996,4.117666666666667,2000.0,6368.84,4027.02,654.43,2948.64,353.99,1292.8,0.64
2,145.0,28.799999999999997,33.405,14.355,88.315,34.03,20.75,25.82,5.640000000000001,2000.0,145.0,2.43,27.235,0.0,24.955,13.665,5.455,9.64,1.79,2000.0,145.0,18.107000000000003,30.695999999999998,2.9779999999999998,60.35400000000001,24.72,13.540333333333335,18.679000000000002,3.7809999999999997,2000.0,6386.94,4197.41,694.01,3123.16,370.86,1423.36,0.0
3,161.0,30.87,34.615,33.46,90.71000000000001,37.13,22.035,27.985,6.9399999999999995,2000.0,161.0,10.35,28.725,0.0,36.18,20.205,6.155,15.67,1.78,2000.0,161.0,21.985666666666667,31.721,6.4833333333333325,61.91833333333334,26.41166666666666,15.343666666666667,20.788666666666668,4.447333333333333,2000.0,7270.02,4910.43,543.97,3382.52,292.22,1860.44,0.03
4,177.0,32.31,34.6,30.65,80.095,33.28,20.515,25.77,6.42,2000.0,177.0,8.405,26.91,0.0,36.54,23.82,9.025,17.1,1.56,2000.0,177.0,23.62066666666667,30.545333333333335,8.147333333333332,63.00533333333334,27.997,15.324333333333332,21.466333333333335,3.3269999999999995,2000.0,8001.08,5594.34,396.4,3620.29,216.88,720.16,0.0
5,193.0,30.455,36.269999999999996,17.275,89.32,32.965,23.04,26.78,4.1450000000000005,2000.0,193.0,4.265,30.64,0.0,60.085,23.355,13.45,18.515,1.275,2000.0,193.0,19.56266666666667,33.751999999999995,6.204666666666666,75.195,29.808999999999997,19.870666666666665,24.357333333333337,2.6453333333333333,2000.0,7938.42,5959.88,451.3,4008.18,247.09,1051.7,0.0
6,209.0,28.564999999999998,34.145,19.755000000000003,76.05000000000001,34.715,20.784999999999997,26.41,4.640000000000001,2000.0,209.0,11.969999999999999,29.2,0.0,45.129999999999995,26.509999999999998,11.84,19.42,0.935,2000.0,209.0,20.581,31.8,3.7993333333333332,59.39666666666667,29.397666666666666,16.879,22.609333333333332,2.6643333333333334,2000.0,8096.17,5562.6,368.83,3544.33,203.77,749.12,0.74
7,225.0,27.09,35.41,11.995000000000001,74.43,35.585,22.14,28.095,4.3,2000.0,225.0,7.345,29.575,0.0,49.05,26.525,14.065000000000001,19.46,1.4249999999999998,2000.0,225.0,19.708666666666666,32.84533333333333,2.8633333333333333,61.49366666666667,32.14633333333333,18.420333333333335,24.74433333333333,3.027,2000.0,7732.78,5098.78,418.14,3290.89,239.53,834.9,0.96
8,241.0,22.015,35.19,15.21,77.16999999999999,36.71,22.35,28.45,4.29,2000.0,241.0,8.855,31.39,0.0,51.41,23.490000000000002,16.1,19.72,1.3,2000.0,241.0,16.518,33.59566666666666,1.5246666666666666,65.127,32.17000000000001,18.706000000000003,24.830666666666666,2.7076666666666664,2000.0,7121.56,4646.01,534.25,3191.9,279.51,1037.04,0.0
9,257.0,23.685,33.37,12.27,78.13,33.855000000000004,20.985,25.955,6.055,2000.0,257.0,3.3499999999999996,27.415,0.0,28.33,19.14,5.890000000000001,14.245000000000001,1.97,2000.0,257.0,18.596333333333334,30.206000000000003,1.996,50.70466666666667,27.532666666666664,13.879333333333332,20.58833333333333,3.6980000000000004,2000.0,6062.14,3652.05,683.07,2778.65,331.37,1719.62,0.0
10,273.0,18.825,31.535,19.515,84.755,30.25,16.740000000000002,21.78,6.485,2000.0,273.0,2.41,24.875,0.0,36.655,7.905,-0.98,2.99,1.84,2000.0,273.0,12.339333333333332,28.346666666666668,3.6509999999999994,53.57833333333332,20.654333333333334,9.224666666666666,14.452666666666666,4.095,2000.0,5742.27,3450.08,723.43,2669.87,384.34,1472.37,0.0
11,289.0,18.38,31.88,7.16,75.13,27.485,13.5,20.435000000000002,5.96,2000.0,289.0,3.975,23.490000000000002,0.0,34.735,7.05,-4.390000000000001,1.44,1.555,2000.0,289.0,13.624666666666664,27.491333333333337,1.4526666666666666,51.900333333333336,20.209666666666664,6.825999999999999,13.603333333333332,3.0443333333333333,2000.0,5024.7,2963.82,835.58,2522.16,441.3,2048.71,0.05
12,305.0,13.7,32.235,17.505000000000003,96.395,22.68,17.84,19.835,6.7,2000.0,305.0,2.575,23.96,0.0,48.305,5.615,-2.78,0.014999999999999958,1.57,2000.0,305.0,8.089666666666666,28.095333333333336,3.3886666666666665,73.64333333333333,16.941000000000003,9.052999999999999,12.847999999999999,4.260000000000001,2000.0,5292.51,2894.41,686.97,2288.16,353.68,1427.03,0.0
