,DOY,INSgdmax,RADmax,RAINmax,RHmax,TMAXmax,TMINmax,Tmax,WINDmax,YEAR,DOY,INSgdmin,RADmin,RAINmin,RHmin,TMAXmin,TMINmin,Tmin,WINDmin,YEAR,DOY,INSgdmean,RADmean,RAINmean,RHmean,TMAXmean,TMINmean,Tmean,WINDmean,YEAR,NDVI,EVI,RED,NIR,BLUE,MIR,pixrel
0,113.0,29.3964,29.481199999999998,14.900900000000004,94.09750000000001,23.426399999999997,9.661000000000001,14.895999999999999,7.9936,2000.0,113.0,1.9187000000000003,22.3646,0.0,38.61019999999999,0.8205000000000001,-5.761500000000001,-0.8873,2.2624,2000.0,113.0,17.276913333333336,25.67110666666667,2.0610199999999996,70.62962666666667,14.81076,3.318773333333334,9.099853333333332,4.38196,2000.0,3738.73,2234.28,1115.33,2450.47,558.21,1565.17,0.04
1,129.0,29.6168,32.3253,11.5439,85.681,30.234199999999998,17.522,23.535199999999996,7.3373,2000.0,129.0,6.395300000000001,26.3268,0.0,28.337799999999998,13.237,4.881499999999999,9.098900000000002,2.1984,2000.0,129.0,21.54732666666667,29.20147333333333,2.75848,50.377626666666664,23.733759999999997,10.787099999999997,17.461913333333335,4.7275,2000.0,4379.35,2568.69,945.97,2438.2,474.75,2187.54,0.1
2,145.0,31.303700000000003,32.2862,31.560000000000006,87.6735,30.127799999999997,15.304399999999998,22.416,7.2369,2000.0,145.0,2.2907,24.2697,0.0,28.7075,14.807099999999998,2.7319,8.7591,1.5295,2000.0,145.0,18.6645,28.83354,6.005506666666667,63.817926666666665,21.940853333333337,10.124993333333332,16.23312,4.283600000000001,2000.0,4742.93,3064.89,1011.48,2854.0,516.46,2163.19,0.02
3,161.00000000000003,30.1103,34.092499999999994,24.685399999999998,89.34330000000001,38.0081,19.634700000000002,28.468399999999995,8.8213,2000.0,161.00000000000003,5.135,28.488300000000002,0.0,36.6866,18.621199999999998,6.9495000000000005,13.381599999999999,2.6328000000000005,2000.0,161.00000000000003,20.685300000000005,30.79938,3.411460000000001,60.23562000000001,25.51147333333334,13.316246666666663,19.516013333333333,4.739806666666666,2000.0,6360.04,4021.45,654.78,2958.92,342.41,1738.15,0.08
4,177.0,32.0238,33.877300000000005,22.860300000000002,78.83640000000001,33.2245,17.9494,25.093300000000003,7.6263,2000.0,177.0,5.194699999999999,26.378500000000003,0.0,33.79710000000001,23.973,9.4186,17.4953,1.7656999999999998,2000.0,177.0,25.397573333333334,29.75227333333333,4.366680000000001,55.106640000000006,28.23871333333333,14.467419999999999,21.214993333333336,4.003706666666666,2000.0,7838.09,5776.05,461.83,3896.03,244.38,1097.4,0.01
5,193.0,31.310900000000004,35.6577,17.2248,88.4587,33.696600000000004,21.2138,26.385099999999998,6.0916,2000.0,193.0,6.256200000000001,29.719199999999997,0.0,55.8018,20.8394,11.8973,16.1756,0.9205000000000001,2000.0,193.0,23.927600000000005,32.56495333333333,5.377833333333333,71.39016666666667,29.935153333333332,17.66395333333334,23.169280000000008,3.206593333333333,2000.0,8345.07,6204.96,355.58,4020.02,189.81,1454.73,0.08
6,209.0,28.08,33.347,7.4659,72.4315,32.5744,20.246199999999998,25.0034,6.1028,2000.0,209.0,9.1624,28.9385,0.0,47.794500000000006,25.4455,9.5112,17.310699999999997,1.0979999999999999,2000.0,209.0,22.97230666666667,31.241206666666667,0.98282,60.76653999999999,29.081313333333338,15.401373333333332,21.55162,2.779453333333333,2000.0,7590.72,5969.16,679.03,4265.4,543.94,921.38,1.51
7,225.0,27.840900000000005,34.882400000000004,16.1553,81.9364,33.665200000000006,21.861500000000003,25.076500000000003,5.2663,2000.0,225.0,4.798,27.9093,0.0,56.0759,25.173099999999998,10.088799999999999,17.0954,1.4769,2000.0,225.0,20.294200000000004,31.727873333333335,1.9919533333333332,69.69706,29.714993333333325,16.24297333333333,22.20432,3.5157666666666665,2000.0,7253.69,4587.23,472.64,3047.84,251.39,844.7,0.02
8,241.0,21.701999999999998,34.2887,10.882800000000001,82.61179999999999,34.4476,17.9082,24.194499999999998,5.6343,2000.0,241.0,6.542199999999999,30.1892,0.0,59.003099999999996,22.8297,10.917399999999999,17.4966,0.8564,2000.0,241.0,14.409246666666666,32.38901333333334,2.22304,72.07187333333333,28.967899999999997,14.950400000000002,21.18286666666667,3.308866666666667,2000.0,5368.12,3311.73,813.29,2728.69,420.48,1857.61,0.0
9,257.0,22.9219,33.2057,5.0600000000000005,57.035000000000004,34.1701,20.4654,26.692400000000003,8.182199999999998,2000.0,257.0,6.0255,26.5973,0.0,33.9611,17.303,5.0046,13.1446,1.3668,2000.0,257.0,17.22617333333333,29.57691333333333,1.0932,43.29758666666665,27.294266666666665,12.5476,19.861126666666664,4.65952,2000.0,4517.92,2857.23,1065.81,2818.48,512.0,1710.5,0.0
10,272.99999999999994,17.8487,31.280399999999997,8.646500000000001,84.3184,29.9589,13.9326,20.5246,6.691700000000001,2000.0,272.99999999999994,2.5247,24.794700000000002,0.0,34.5002,7.432100000000001,-3.8926000000000003,1.1837,1.8397,2000.0,272.99999999999994,10.806259999999998,27.476453333333332,2.2534600000000005,57.94177333333333,18.10474,5.8878666666666675,11.50874,3.8996133333333325,2000.0,3708.15,2215.78,1144.38,2470.15,565.83,2932.42,0.1
11,289.0,17.2959,30.2563,5.0448,80.7103,28.4737,13.9018,19.3743,6.202399999999999,2000.0,289.0,3.3004,22.5994,0.0,33.5406,5.6364,-6.222,-0.034700000000000016,1.8537000000000001,2000.0,289.0,12.019526666666666,26.742219999999996,0.6428266666666668,54.40276000000001,18.57519333333333,5.107340000000001,11.552966666666666,3.72182,2000.0,3100.73,1690.51,1105.77,2093.37,556.77,1983.98,0.07
12,305.0,12.7601,32.0543,26.1878,99.6092,19.7542,16.212,17.533999999999995,7.710100000000001,2000.0,305.0,2.3079,22.283,0.0,48.307300000000005,1.6757000000000002,-10.0249,-4.564299999999999,2.5917000000000003,2000.0,305.0,6.7280466666666685,27.333946666666666,4.3003599999999995,81.56101999999998,13.595453333333337,5.6906066666666675,9.625199999999998,5.054433333333332,2000.0,3295.73,1660.39,1029.83,1960.43,554.61,1995.89,0.08
