,DOY,INSgdmax,RADmax,RAINmax,RHmax,TMAXmax,TMINmax,Tmax,WINDmax,YEAR,DOY,INSgdmin,RADmin,RAINmin,RHmin,TMAXmin,TMINmin,Tmin,WINDmin,YEAR,DOY,INSgdmean,RADmean,RAINmean,RHmean,TMAXmean,TMINmean,Tmean,WINDmean,YEAR,NDVI,EVI,RED,NIR,BLUE,MIR,pixrel
0,113.0,28.327600000000004,30.130000000000003,15.0456,97.29560000000001,23.239200000000004,12.49,16.900399999999998,5.741199999999999,2000.0,113.0,2.882,22.672800000000002,0.0,27.605199999999996,7.5756,0.36960000000000004,4.5196000000000005,0.9136000000000001,2000.0,113.0,17.711413333333336,26.916026666666664,2.2681066666666667,59.865733333333324,18.374880000000005,6.468613333333334,12.398293333333333,3.21896,2000.0,4241.23,1772.96,602.21,1535.75,302.41,1020.33,0.04
1,129.0,27.632399999999997,33.9696,23.4456,85.6288,30.1252,20.396,23.7416,5.656,2000.0,129.0,4.0952,27.7128,0.0,35.4796,14.584,4.3016,10.8264,2.0547999999999997,2000.0,129.0,17.442506666666667,30.783360000000002,3.38424,58.18365333333333,24.0156,13.197066666666668,18.632160000000002,3.7399466666666665,2000.0,6042.5,2926.69,432.46,1961.26,243.94,1667.23,0.06
2,145.0,30.2276,34.482400000000005,19.892400000000002,86.1752,34.4072,20.936,25.343600000000002,5.7408,2000.0,145.0,2.5076,26.8856,0.0,24.466,13.3308,4.5724,9.771999999999998,1.3403999999999998,2000.0,145.0,17.17016,30.689280000000004,3.8375733333333333,60.67029333333333,24.84568,13.260639999999999,18.563066666666664,3.5605333333333333,2000.0,6217.44,3383.17,451.74,2250.73,272.72,1427.74,0.0
3,161.0,30.510399999999997,34.870400000000004,40.8504,92.68119999999999,36.690000000000005,23.0324,27.811600000000002,6.4292,2000.0,161.0,6.4556000000000004,28.5972,0.0,35.2604,21.520400000000002,7.052,16.0376,1.052,2000.0,161.0,20.733999999999998,31.846426666666666,5.746826666666668,59.75744,26.671386666666663,16.087626666666665,21.261253333333332,4.036133333333333,2000.0,6759.21,3391.17,340.95,2088.27,211.51,1807.58,0.01
4,177.0,32.492399999999996,34.6428,26.1372,80.2756,33.4516,20.9416,25.9604,6.1983999999999995,2000.0,177.0,7.0456,27.0028,0.0,34.3288,23.064799999999998,9.3004,17.745199999999997,1.2808,2000.0,177.0,21.921680000000006,30.724746666666665,7.260640000000001,60.572239999999994,28.281813333333332,15.852319999999997,21.92464,3.2099199999999994,2000.0,7026.31,3963.81,353.48,2459.44,228.11,664.84,0.13
5,193.0,30.5472,36.7548,19.642,88.9264,32.962,23.156,26.9664,3.5868,2000.0,193.0,5.72,30.6304,0.0,50.538,25.622799999999998,15.3672,20.798000000000002,1.2356,2000.0,193.0,17.85,33.73997333333333,7.390586666666667,70.87842666666666,30.11576,20.272746666666663,24.827173333333334,2.5552,2000.0,7235.98,4114.95,307.03,2507.84,185.93,1159.94,0.0
6,209.0,26.980400000000003,33.56999999999999,10.678,74.8768,33.82,20.1008,26.249599999999997,4.122399999999999,2000.0,209.0,9.540000000000001,29.4668,0.0,42.02760000000001,26.565599999999996,12.6832,20.2808,0.894,2000.0,209.0,21.20789333333333,31.558479999999996,1.9143200000000005,57.00696000000001,29.353093333333334,17.150533333333335,22.997120000000002,2.646346666666667,2000.0,7442.07,4027.33,282.39,2376.33,191.42,916.98,0.16
7,225.0,27.272,35.44200000000001,19.4984,74.9348,35.232,22.8288,28.535200000000003,4.4412,2000.0,225.0,7.4988,29.739599999999996,0.0,43.349999999999994,25.779600000000002,13.3992,19.9396,1.548,2000.0,225.0,20.281973333333333,32.64984,3.877973333333334,57.17250666666666,32.28362666666666,18.776986666666666,25.165946666666663,2.709173333333333,2000.0,7369.79,3949.86,297.18,2356.49,190.88,511.16,0.04
8,241.0,23.317600000000002,35.8,11.6012,83.4752,33.4116,22.555600000000002,26.5216,3.6755999999999998,2000.0,241.0,5.6952,30.990000000000002,0.0,53.3152,21.3568,15.669999999999998,19.238,1.1268,2000.0,241.0,14.82493333333333,33.8448,2.484453333333333,71.82797333333333,30.801119999999997,19.37634666666667,24.56101333333333,2.4789066666666666,2000.0,7161.92,3737.4,291.37,2245.57,171.83,2037.02,0.02
9,257.0,24.1704,33.8628,14.8924,81.8792,33.5876,21.927599999999998,25.251600000000003,5.651199999999999,2000.0,257.0,2.9072,26.9648,0.0,30.9808,18.7556,3.0236,13.321200000000001,1.4436,2000.0,257.0,18.02730666666667,30.405359999999998,2.91672,54.90981333333335,26.92128,13.493146666666663,20.120293333333336,3.313653333333333,2000.0,6422.06,3121.35,355.48,1949.29,218.51,1126.33,0.02
10,273.0,19.412799999999997,31.082400000000003,24.4836,80.1888,28.7836,17.438,22.2184,5.634,2000.0,273.0,2.1208,24.048,0.0,37.5372,8.283199999999999,0.6699999999999999,4.172,1.8892,2000.0,273.0,12.864506666666667,28.203973333333334,4.509146666666667,55.16842666666666,20.421333333333333,9.845386666666666,14.77370666666667,3.5883200000000004,2000.0,5250.72,2111.35,408.48,1478.57,214.01,651.4,0.03
11,289.0,18.0416,31.944399999999995,7.9368,66.118,27.3408,14.363199999999999,20.5884,5.116,2000.0,289.0,3.9068000000000005,24.107999999999997,0.0,33.0188,7.8552,-3.2532,2.7996,1.1352,2000.0,289.0,13.388506666666665,27.55288,1.3802400000000001,50.462133333333334,20.36904,7.136186666666667,13.846720000000001,2.709333333333333,2000.0,4794.49,1725.51,392.09,1281.36,194.99,1654.83,5.12
12,305.0,13.4872,32.8048,17.112000000000002,88.9776,25.0024,18.4692,20.921200000000002,6.772,2000.0,305.0,1.6156000000000001,24.290799999999997,0.0,44.4596,11.2216,-0.6831999999999999,3.6796000000000006,0.9860000000000001,2000.0,305.0,8.719386666666667,28.564799999999998,2.9423466666666664,66.65010666666666,18.417440000000003,9.753413333333333,14.008986666666665,3.9071733333333327,2000.0,3027.14,1424.19,1544.95,2296.9,1401.41,1112.61,1.78
