,DOY,INSgdmax,RADmax,RAINmax,RHmax,TMAXmax,TMINmax,Tmax,WINDmax,YEAR,DOY,INSgdmin,RADmin,RAINmin,RHmin,TMAXmin,TMINmin,Tmin,WINDmin,YEAR,DOY,INSgdmean,RADmean,RAINmean,RHmean,TMAXmean,TMINmean,Tmean,WINDmean,YEAR,NDVI,EVI,RED,NIR,BLUE,MIR,pixrel
0,113.0,27.9508,30.168999999999997,18.7998,98.0384,22.4468,12.112800000000002,16.5706,5.689,2000.0,113.0,2.423,22.9668,0.0,32.098600000000005,9.2578,0.5762,5.9468000000000005,0.7354,2000.0,113.0,17.612746666666666,26.780293333333333,3.01492,61.433080000000004,18.291493333333335,6.579200000000001,12.406680000000001,3.1573466666666667,2000.0,4376.74,1817.64,542.98,1469.04,299.29,1024.81,0.03
1,129.0,27.6434,34.1324,20.153,87.731,30.211399999999998,20.457,23.848599999999998,5.526,2000.0,129.0,3.9478,27.3718,0.0,36.9892,14.1704,3.7058,10.852,2.1391999999999998,2000.0,129.0,17.35696,30.740999999999996,3.346693333333333,59.81230666666666,23.931426666666667,13.423973333333336,18.641813333333335,3.627533333333334,2000.0,5880.76,2535.72,404.48,1696.7,225.6,1393.03,0.12
2,145.0,30.3086,34.655,14.7776,86.22120000000001,33.998,21.1754,25.1642,5.698200000000001,2000.0,145.0,2.7032,27.120800000000003,0.0,25.1048,13.433,4.2608,10.0304,1.1398,2000.0,145.0,16.03946666666667,30.72852,4.257666666666666,61.745773333333325,24.776439999999997,12.995786666666667,18.45869333333333,3.439306666666666,2000.0,6344.77,3441.72,415.52,2232.51,255.78,1541.39,0.0
3,161.0,30.9694,34.8782,28.922200000000004,91.28,36.3098,23.274,27.7168,6.289199999999999,2000.0,161.0,7.6244000000000005,28.316,0.0,34.9276,21.2568,7.997,16.322799999999997,1.1254000000000002,2000.0,161.0,20.457973333333335,31.833599999999997,5.032213333333334,58.92857333333335,26.68296,16.27481333333333,21.432639999999996,3.9357466666666667,2000.0,6636.68,3170.14,301.8,1923.89,182.63,1805.15,0.0
4,177.0,32.523199999999996,34.669999999999995,26.0336,79.84419999999999,33.376599999999996,21.567,25.955000000000002,6.1046000000000005,2000.0,177.0,7.5376,27.557399999999998,0.0,34.8326,22.6452,9.4956,18.0128,1.4316,2000.0,177.0,21.943520000000007,30.753653333333336,9.06246666666667,59.2366,28.39146666666667,15.944946666666665,22.10486666666666,3.1700266666666668,2000.0,7016.43,3857.95,318.76,2363.56,204.41,705.55,0.13
5,193.0,30.3518,36.6674,16.5834,85.6172,33.0612,23.0176,26.9866,3.5991999999999997,2000.0,193.0,5.6983999999999995,30.78,0.0,47.46059999999999,26.715,15.873999999999999,21.626199999999997,1.1152000000000002,2000.0,193.0,17.95224,33.65988,5.878333333333333,68.08464,30.56129333333333,20.359093333333334,25.104506666666666,2.5419733333333334,2000.0,7253.48,4056.18,289.07,2468.63,170.48,685.04,0.01
6,209.0,27.3902,33.919,6.5248,75.6472,33.284200000000006,20.470799999999997,25.930600000000002,4.1646,2000.0,209.0,6.080799999999999,29.1092,0.0,41.8586,26.9726,13.0672,20.425,1.0252000000000001,2000.0,209.0,20.822706666666665,31.75645333333333,1.0148133333333333,56.385253333333345,29.32781333333334,17.32668,23.120493333333332,2.613533333333333,2000.0,7401.01,3743.73,259.55,2173.24,174.16,907.37,0.56
7,225.0,26.97,35.150800000000004,13.7518,74.1542,35.135400000000004,23.077999999999996,28.7872,4.5572,2000.0,225.0,5.5862,29.588199999999997,0.0,43.6348,25.427,13.446,19.7684,1.7810000000000001,2000.0,225.0,19.8986,32.59778666666666,3.057213333333334,56.45709333333334,32.299240000000005,18.761879999999998,25.155026666666664,2.660906666666666,2000.0,7151.23,3509.89,251.25,2050.56,160.17,968.62,0.29
8,241.0,23.4292,36.13999999999999,13.366,84.57359999999998,32.844,22.449,26.4316,3.7468000000000004,2000.0,241.0,6.7669999999999995,30.8134,0.0,53.241,21.189600000000002,15.8058,19.3292,0.9518,2000.0,241.0,14.735386666666667,33.86548,3.1347733333333334,72.26635999999999,30.552906666666665,19.58593333333333,24.596079999999997,2.4199733333333335,2000.0,7156.98,3376.83,253.08,1968.33,154.54,1962.43,0.02
9,257.0,24.0076,34.0966,16.571,82.678,33.525,22.2248,25.326800000000002,5.7696,2000.0,257.0,2.9945999999999997,26.9032,0.0,32.4272,17.8566,3.5481999999999996,13.0594,1.4335999999999998,2000.0,257.0,17.817506666666674,30.325479999999995,3.833973333333334,56.75809333333333,26.575493333333334,13.618160000000001,20.108906666666666,3.2510000000000003,2000.0,6527.25,2818.34,299.78,1714.2,173.43,1208.96,0.02
10,273.0,19.448400000000003,31.625,20.294800000000002,80.4276,28.042600000000004,17.713,22.297600000000003,5.437799999999999,2000.0,273.0,3.0502000000000002,23.9842,0.0,38.099799999999995,8.474400000000001,1.0316,4.6154,1.9197999999999997,2000.0,273.0,12.68725333333333,28.23722666666667,4.45748,56.61246666666667,20.136666666666663,9.981666666666664,14.796040000000005,3.4194266666666664,2000.0,5143.59,2053.71,393.4,1423.44,213.54,1601.95,0.02
11,289.0,17.2668,31.251400000000004,9.277999999999999,61.404799999999994,27.113799999999998,15.967200000000002,20.709000000000003,4.7956,2000.0,289.0,5.959200000000001,24.543400000000002,0.0,32.98859999999999,8.3006,-2.5428,3.3624,1.0526,2000.0,289.0,13.372493333333331,27.573720000000005,1.4036800000000003,49.23937333333334,20.543613333333333,7.567026666666666,14.122466666666668,2.66556,2000.0,4828.19,1559.31,357.96,1111.65,194.55,994.84,0.14
12,305.0,13.4474,32.9048,14.3484,86.2336,25.099200000000003,18.0786,21.0684,7.005199999999999,2000.0,305.0,1.831,25.294,0.0,43.1154,13.354199999999999,0.43500000000000005,5.350600000000001,0.8679999999999999,2000.0,305.0,8.777693333333335,28.986866666666664,2.8083866666666673,63.03596,19.07050666666667,10.207400000000002,14.57376,3.772893333333333,2000.0,4468.55,1800.91,494.99,1395.66,285.33,723.09,0.6
