,DOY,INSgdmax,RADmax,RAINmax,RHmax,TMAXmax,TMINmax,Tmax,WINDmax,YEAR,DOY,INSgdmin,RADmin,RAINmin,RHmin,TMAXmin,TMINmin,Tmin,WINDmin,YEAR,DOY,INSgdmean,RADmean,RAINmean,RHmean,TMAXmean,TMINmean,Tmean,WINDmean,YEAR,NDVI,EVI,RED,NIR,BLUE,MIR,pixrel
0,113.0,28.44,30.24,6.88,95.64,25.43,13.18,18.08,6.43,2000.0,113.0,2.34,23.72,0.0,24.25,5.68,-0.36,2.46,1.64,2000.0,113.0,17.935333333333332,27.116000000000003,1.3886666666666667,57.76666666666667,18.377333333333333,6.1386666666666665,12.414666666666667,3.406,2000.0,4561.97,2229.29,732.21,1940.37,381.12,1553.35,0.19
1,129.0,27.36,34.34,21.43,84.05,30.25,20.07,23.8,5.85,2000.0,129.0,7.16,27.5,0.0,30.28,14.56,4.98,10.72,1.7,2000.0,129.0,18.02466666666667,30.689333333333334,4.662666666666666,55.49133333333332,24.38533333333334,13.040666666666663,18.731999999999996,3.99,2000.0,5372.65,2673.77,620.12,2055.23,329.81,1851.88,0.19
2,145.0,27.65,33.37,9.53,87.05,34.21,20.21,25.72,5.7,2000.0,145.0,2.16,27.36,0.0,24.43,13.5,5.11,9.6,1.62,2000.0,145.0,18.18066666666667,30.757999999999996,2.5840000000000005,60.06666666666668,24.717333333333332,13.542666666666669,18.646,3.716,2000.0,5757.06,3269.15,671.41,2476.72,363.77,1255.67,0.14
3,161.0,30.78,34.81,35.33,92.13,37.06,22.18,27.96,6.51,2000.0,161.0,9.94,28.76,0.0,35.87,20.56,5.73,15.65,1.48,2000.0,161.0,21.567999999999998,31.843999999999998,8.148,61.592,26.41399999999999,15.464,20.882666666666672,4.289333333333333,2000.0,5388.41,3264.17,1127.27,2915.71,973.75,1793.04,1.51
4,177.0,32.58,34.78,29.44,80.07,33.37,20.7,25.93,6.36,2000.0,177.0,9.43,27.04,0.0,36.11,23.57,8.88,17.24,1.43,2000.0,177.0,22.964666666666673,30.64933333333333,8.856666666666666,62.552000000000014,28.04866666666667,15.45333333333333,21.581333333333337,3.289333333333333,2000.0,7091.09,4072.29,425.3,2631.73,241.81,874.33,0.02
5,193.0,30.42,36.68,15.06,88.86,32.72,23.23,26.86,3.89,2000.0,193.0,4.43,30.46,0.0,59.63,23.67,13.84,18.92,1.16,2000.0,193.0,18.777333333333335,33.824,5.779333333333333,74.52400000000002,29.775333333333332,20.007333333333335,24.45866666666667,2.574666666666667,2000.0,7465.69,4411.63,394.56,2831.66,219.7,1496.29,0.02
6,209.0,27.43,33.84,16.78,75.68,34.32,20.74,26.3,4.29,2000.0,209.0,11.99,29.38,0.0,44.04,26.38,11.9,19.59,0.89,2000.0,209.0,20.863333333333333,31.677999999999997,3.2773333333333334,58.93933333333334,29.269333333333336,16.910666666666668,22.627333333333333,2.6593333333333335,2000.0,7474.17,4572.52,406.26,2907.88,253.66,797.66,0.96
7,225.0,27.29,35.68,13.59,74.51,35.46,22.44,28.3,4.13,2000.0,225.0,8.93,29.81,0.0,47.63,26.4,14.21,19.6,1.39,2000.0,225.0,19.704,32.736,3.223333333333333,60.37666666666666,32.15266666666667,18.506666666666668,24.87133333333333,2.886000000000001,2000.0,7636.52,4162.37,352.66,2598.79,198.07,946.97,1.03
8,241.0,21.71,35.57,12.6,78.57,35.82,22.69,27.93,4.05,2000.0,241.0,7.34,31.5,0.0,54.39,22.38,16.36,19.43,1.24,2000.0,241.0,15.821333333333335,33.782666666666664,1.1913333333333334,67.45666666666666,31.759333333333334,18.889333333333333,24.72533333333333,2.5906666666666665,2000.0,7307.44,3993.33,382.23,2525.53,214.14,1309.5,0.0
9,257.0,23.65,33.37,14.21,78.75,34.06,21.41,25.8,5.68,2000.0,257.0,3.42,27.36,0.0,28.81,19.15,4.59,14.15,1.73,2000.0,257.0,18.585333333333335,30.247333333333337,2.1553333333333335,51.31733333333332,27.473999999999993,13.794666666666664,20.46866666666666,3.536666666666667,2000.0,6442.54,3134.44,461.87,2113.85,240.59,1601.53,0.0
10,273.0,19.04,31.03,25.79,83.5,29.89,17.01,21.89,6.28,2000.0,273.0,2.3,24.37,0.0,37.06,7.94,-0.57,3.29,1.87,2000.0,273.0,12.412666666666667,28.215333333333334,4.899333333333332,53.570666666666654,20.694000000000003,9.491999999999999,14.607333333333331,3.9459999999999997,2000.0,5196.17,2332.01,578.82,1812.91,287.03,1045.35,0.0
11,289.0,18.72,32.15,5.46,72.89,27.46,13.49,20.5,5.74,2000.0,289.0,3.92,23.54,0.0,33.9,7.22,-4.17,1.67,1.47,2000.0,289.0,13.575999999999999,27.59333333333334,1.2866666666666666,51.706,20.208666666666666,6.841999999999998,13.618666666666666,2.9120000000000004,2000.0,4844.98,1939.23,557.4,1553.4,292.11,2267.82,0.19
12,305.0,13.68,32.9,20.03,95.33,23.23,17.96,20.14,6.45,2000.0,305.0,2.45,24.66,0.0,47.08,6.89,-1.95,0.95,1.31,2000.0,305.0,7.998666666666667,28.345333333333333,3.8633333333333324,72.23133333333334,17.223333333333336,9.264666666666667,13.126666666666665,4.145333333333334,2000.0,2744.58,1608.29,1628.41,2512.75,1374.24,729.25,1.88
