,DOY,INSgdmax,RADmax,RAINmax,RHmax,TMAXmax,TMINmax,Tmax,WINDmax,YEAR,DOY,INSgdmin,RADmin,RAINmin,RHmin,TMAXmin,TMINmin,Tmin,WINDmin,YEAR,DOY,INSgdmean,RADmean,RAINmean,RHmean,TMAXmean,TMINmean,Tmean,WINDmean,YEAR,NDVI,EVI,RED,NIR,BLUE,MIR,pixrel
0,113.0,29.3352,29.515599999999996,10.5333,96.3848,22.3763,10.156699999999999,14.52,7.959200000000001,2000.0,113.0,3.4856000000000003,22.0579,0.0,39.2365,0.8914,-5.240900000000001,-1.2671999999999999,2.163,2000.0,113.0,17.29946,25.087173333333332,1.7879133333333332,70.67319333333332,14.372453333333333,3.0874733333333335,8.749846666666668,4.254753333333333,2000.0,2813.31,1463.9,1039.83,1875.1,535.75,1695.49,0.0
1,129.0,29.500199999999996,32.5019,21.6617,86.0161,30.513,17.795199999999998,23.954100000000004,7.4767,2000.0,129.0,5.8512,27.0539,0.0,30.650799999999997,12.663599999999999,5.4673,9.0345,2.0789999999999997,2000.0,129.0,21.109793333333332,29.498666666666672,3.161793333333333,50.179853333333334,23.755133333333333,11.28416,17.616846666666667,4.735906666666666,2000.0,4110.66,2247.3,863.51,2125.6,451.78,1957.84,0.09
2,145.0,31.0154,31.8446,25.427200000000003,91.1089,29.8145,14.9298,22.2059,7.0992999999999995,2000.0,145.0,3.0794,24.069000000000003,0.0,28.6127,14.088799999999999,2.8085,8.3269,1.3598000000000001,2000.0,145.0,18.03247333333333,28.72788,4.36292,65.22658,21.192573333333335,10.374900000000002,15.860253333333336,4.204446666666667,2000.0,6099.01,3863.49,678.65,2911.53,351.12,1150.86,0.06
3,161.0,31.2767,33.7938,27.399500000000003,91.75059999999999,37.657399999999996,19.735300000000002,27.8141,8.460799999999999,2000.0,161.0,3.9562999999999997,28.3465,0.0,39.2469,17.711,6.483600000000001,12.692500000000003,2.3572,2000.0,161.0,19.720333333333336,30.730426666666663,4.297993333333334,63.57297999999999,24.78566666666667,13.003973333333333,18.961426666666664,4.597613333333333,2000.0,7241.19,4741.26,501.44,3219.48,260.08,1829.38,0.16
4,177.0,32.528999999999996,33.6002,22.2284,82.1523,33.2121,18.911399999999997,25.4017,7.764600000000001,2000.0,177.0,4.1104,26.6319,0.0,35.1759,23.964900000000004,9.555,17.2445,1.9803,2000.0,177.0,25.506580000000007,29.714486666666666,4.652759999999999,55.79235333333334,28.05773333333333,14.667326666666664,21.119173333333332,4.10602,2000.0,7419.06,5036.59,490.86,3435.77,253.08,949.84,0.07
5,193.0,31.1704,35.2518,20.225299999999997,87.6755,33.2994,21.8405,26.2291,5.9782,2000.0,193.0,5.5518,28.9177,0.0,51.3402,19.471,12.064099999999998,15.2528,1.4322,2000.0,193.0,23.767633333333333,32.31028666666666,6.408206666666667,71.04994,29.406593333333333,17.770106666666667,22.915979999999994,3.1512466666666668,2000.0,7282.27,4777.48,506.04,3254.64,259.18,893.74,0.0
6,209.0,27.6558,33.6681,5.8541,73.5778,32.4947,21.2763,24.9711,5.8818,2000.0,209.0,12.335799999999999,28.113,0.0,45.7565,25.2733,9.554,17.3208,0.9961,2000.0,209.0,23.273453333333336,30.872046666666666,0.8068200000000001,59.978793333333336,28.772706666666664,15.369439999999999,21.43538,2.915166666666666,2000.0,7111.1,4511.65,515.25,3074.17,265.94,1006.28,0.03
7,225.0,27.834,34.2477,22.8757,80.0984,33.0758,21.9783,25.348000000000003,5.1633000000000004,2000.0,225.0,5.5716,27.5004,0.0,52.3989,25.316,10.383,17.3198,1.2459,2000.0,225.0,19.833146666666668,31.52566,2.7255399999999996,68.08218666666667,29.631046666666666,15.92921333333333,22.055446666666665,3.356853333333334,2000.0,5996.43,3621.34,700.01,2743.91,355.82,1092.63,0.02
8,241.0,22.551000000000002,34.2927,9.385,82.6171,33.9092,18.1226,23.5865,5.4093,2000.0,241.0,5.1327,30.238499999999995,0.0,63.8675,20.57,11.7591,17.1172,0.9873999999999999,2000.0,241.0,13.797633333333334,32.21518666666666,1.971706666666666,74.70363333333333,28.22196,15.16211333333333,20.832539999999995,3.2073066666666668,2000.0,6042.93,3456.38,636.14,2559.17,313.07,965.48,0.06
9,257.0,22.937,33.092499999999994,4.7484,65.754,32.9486,19.7209,25.7708,8.024,2000.0,257.0,5.855299999999999,25.822900000000004,0.0,34.7977,17.103099999999998,5.603999999999999,12.8047,1.6340000000000003,2000.0,257.0,17.038373333333336,29.633839999999996,1.2653933333333334,45.60670666666666,26.503513333333338,12.534373333333331,19.425793333333335,4.504953333333333,2000.0,5237.65,2873.18,747.79,2353.97,372.1,1673.31,0.0
10,273.0,16.8973,31.181,11.176,83.7216,28.76,14.3537,20.9008,7.2730999999999995,2000.0,273.0,2.5625,24.5735,0.0,34.5796,7.6053,-3.0249000000000006,1.8024,2.0922,2000.0,273.0,10.51332,27.432493333333333,2.90066,57.49622,17.912006666666667,6.465193333333332,11.67912,3.91954,2000.0,3999.9,2073.8,851.78,2021.97,419.7,1331.5,0.01
11,289.0,17.236,31.2533,7.187400000000001,75.59819999999999,28.421300000000002,13.854999999999999,19.442400000000003,6.012599999999999,2000.0,289.0,4.2588,22.5315,0.0,33.0094,5.4632000000000005,-5.5252,0.2806,1.7523000000000002,2000.0,289.0,12.406899999999998,26.591293333333333,0.95002,53.24666,18.48606666666667,5.4336866666666666,11.771573333333334,3.68266,2000.0,3712.11,1583.01,706.07,1556.37,331.78,2327.16,0.03
12,305.0,12.662299999999998,32.506299999999996,22.0262,99.48630000000001,20.8419,16.745900000000002,18.5258,7.5382,2000.0,305.0,2.8048,22.7284,0.0,48.378600000000006,4.2501,-8.599,-2.3522000000000003,2.226,2000.0,305.0,6.679786666666667,27.48956666666666,4.336593333333333,79.40862666666666,14.111413333333337,6.246293333333334,10.24262,4.986866666666667,2000.0,255.68,173.37,5695.32,5790.08,5531.25,521.52,1.97
