,DOY,INSgdmax,RADmax,RAINmax,RHmax,TMAXmax,TMINmax,Tmax,WINDmax,YEAR,DOY,INSgdmin,RADmin,RAINmin,RHmin,TMAXmin,TMINmin,Tmin,WINDmin,YEAR,DOY,INSgdmean,RADmean,RAINmean,RHmean,TMAXmean,TMINmean,Tmean,WINDmean,YEAR,NDVI,EVI,RED,NIR,BLUE,MIR,pixrel
0,113.0,28.94,30.89,12.07,94.26,24.09,13.84,18.04,5.44,2000.0,113.0,2.66,23.58,0.0,26.75,9.69,0.1,6.72,0.76,2000.0,113.0,16.86133333333333,27.708000000000002,1.480666666666667,57.150666666666666,19.787333333333333,7.2926666666666655,13.406666666666665,3.1506666666666674,2000.0,5339.27,2724.39,587.45,2082.84,313.1,1658.72,0.47
1,129.0,27.22,33.84,32.99,86.74,29.28,20.22,22.91,6.21,2000.0,129.0,5.11,27.5,0.0,37.96,14.75,3.38,11.13,1.74,2000.0,129.0,18.154666666666667,31.120666666666672,4.136,62.64666666666667,23.8,13.059333333333335,18.61333333333333,3.516,2000.0,6020.17,3486.6,591.32,2563.62,330.83,1557.12,0.38
2,145.0,30.71,34.34,24.33,82.6,35.2,23.27,26.58,4.51,2000.0,145.0,3.1,28.69,0.0,23.62,13.85,3.7,10.48,1.02,2000.0,145.0,18.598,30.838000000000008,3.191333333333334,58.852,25.922000000000004,13.809333333333335,19.465999999999998,3.5860000000000003,2000.0,6184.8,3499.7,565.29,2500.44,318.96,1094.22,0.0
3,161.0,31.18,35.1,16.18,84.77,35.63,23.17,26.95,6.22,2000.0,161.0,5.76,29.38,0.0,33.5,21.51,7.02,16.3,0.82,2000.0,161.0,21.444666666666667,32.27266666666667,4.551333333333333,58.92066666666667,27.43466666666667,16.38,21.820666666666668,3.8733333333333335,2000.0,5600.57,3470.5,867.83,2804.52,651.78,1657.05,1.04
4,177.0,30.56,35.17,29.85,82.59,32.74,21.38,26.27,5.84,2000.0,177.0,8.14,28.26,0.0,42.66,24.18,10.69,18.5,1.18,2000.0,177.0,21.667333333333335,31.528000000000002,7.944666666666665,63.600666666666676,28.322000000000003,16.448,22.259333333333338,2.936666666666666,2000.0,6759.09,4028.99,469.4,2735.35,281.26,1136.42,0.03
5,193.0,30.53,36.94,19.16,87.54,33.23,23.57,27.28,3.37,2000.0,193.0,6.19,31.14,0.0,59.86,27.07,16.35,21.76,1.02,2000.0,193.0,18.782666666666668,34.35333333333334,5.3933333333333335,71.97600000000001,31.08466666666667,20.99466666666667,25.587333333333337,2.224666666666667,2000.0,7087.43,4425.79,443.72,2968.71,255.51,1197.57,0.01
6,209.0,26.14,33.8,13.92,77.94,32.32,21.66,25.59,3.86,2000.0,209.0,12.38,29.81,0.0,44.1,26.31,13.36,20.71,1.07,2000.0,209.0,20.080666666666666,32.21666666666667,2.9,58.01666666666667,29.505999999999993,17.705333333333336,23.312666666666665,2.316666666666666,2000.0,7252.09,4477.68,401.13,2889.59,249.86,856.15,0.92
7,225.0,26.89,36.25,23.5,74.15,38.22,25.83,31.31,4.52,2000.0,225.0,6.37,30.64,0.0,37.56,26.78,14.04,20.73,1.5,2000.0,225.0,20.170666666666662,33.41733333333333,4.132000000000001,55.95333333333334,33.660666666666664,19.952,26.378,2.6259999999999994,2000.0,7390.37,4390.5,373.2,2808.6,222.5,687.84,0.32
8,241.0,22.9,36.0,9.55,79.55,36.26,22.96,28.79,3.57,2000.0,241.0,8.5,32.72,0.0,45.37,23.67,16.98,20.94,1.44,2000.0,241.0,16.22,34.52133333333333,1.6926666666666668,64.67,33.306,20.820666666666668,26.38799999999999,2.4873333333333334,2000.0,6922.88,3839.16,430.63,2534.54,245.07,1570.51,0.0
9,257.0,24.55,33.84,22.76,78.27,33.38,22.13,25.85,5.61,2000.0,257.0,3.64,27.11,0.0,28.62,19.01,4.54,14.17,1.14,2000.0,257.0,18.840666666666664,30.63866666666667,2.769333333333334,52.329333333333345,27.938666666666666,14.294666666666666,21.06,3.1946666666666657,2000.0,6588.92,3472.08,448.3,2331.91,246.56,1468.39,0.13
10,273.0,20.02,31.97,24.02,85.23,29.02,17.67,22.52,5.47,2000.0,273.0,1.48,24.01,0.0,37.01,8.78,1.08,4.91,1.37,2000.0,273.0,12.755333333333335,28.71066666666666,4.057333333333333,58.42333333333333,21.57733333333334,10.394,15.509999999999998,3.514000000000001,2000.0,5762.11,2858.98,510.1,2058.88,274.71,1078.92,0.01
11,289.0,18.4,31.57,12.44,67.55,26.73,14.17,20.35,4.76,2000.0,289.0,4.0,24.05,0.0,33.96,7.98,-4.04,2.2,1.1,2000.0,289.0,13.306000000000001,27.776666666666664,1.8873333333333333,53.90599999999999,20.75533333333333,7.149333333333334,13.869333333333337,2.4993333333333334,2000.0,5130.07,2600.76,662.72,2108.64,357.45,1015.74,0.07
12,305.0,14.11,32.62,23.83,89.55,25.34,18.12,20.9,6.21,2000.0,305.0,1.69,25.85,0.0,43.79,9.27,0.19,3.45,0.9,2000.0,305.0,8.204666666666666,29.086000000000002,4.1706666666666665,68.48,19.278000000000002,10.489333333333331,14.546000000000001,3.5286666666666675,2000.0,3485.71,2092.93,1496.76,2678.64,1316.8,1602.64,1.47
