,DOY,INSgdmax,RADmax,RAINmax,RHmax,TMAXmax,TMINmax,Tmax,WINDmax,YEAR,DOY,INSgdmin,RADmin,RAINmin,RHmin,TMAXmin,TMINmin,Tmin,WINDmin,YEAR,DOY,INSgdmean,RADmean,RAINmean,RHmean,TMAXmean,TMINmean,Tmean,WINDmean,YEAR,NDVI,EVI,RED,NIR,BLUE,MIR,pixrel
0,113.0,29.2594,30.5762,6.669600000000001,84.95320000000001,27.079,13.8508,19.323999999999998,6.624600000000001,2000.0,113.0,3.5249999999999995,24.4754,0.0,31.0202,6.634,-0.15420000000000006,2.8102,1.7433999999999998,2000.0,113.0,17.27189333333333,27.839213333333333,1.2334933333333333,54.83725333333334,19.139746666666667,6.806946666666667,13.144906666666667,3.655026666666666,2000.0,4953.26,3064.95,903.64,2689.83,465.38,1550.77,0.07
1,129.0,27.964399999999998,33.433,13.9024,84.8486,30.1152,19.6068,23.4266,6.4296,2000.0,129.0,6.622,27.166600000000003,0.0,30.264200000000002,15.190600000000002,5.3632,11.3738,1.5739999999999998,2000.0,129.0,18.88605333333333,30.533520000000003,3.1668933333333333,54.94408,24.61797333333333,13.074520000000001,18.903159999999996,4.070333333333333,2000.0,6193.44,3854.07,654.94,2838.25,343.33,1351.45,0.03
2,145.0,30.706,33.532399999999996,16.3702,87.1314,34.648,22.298,26.739,5.361599999999999,2000.0,145.0,4.1364,27.4418,0.0,24.8794,13.6662,5.401,9.953,1.771,2000.0,145.0,19.122813333333333,30.67544,3.0281599999999997,59.16517333333334,25.46214666666667,14.01036,19.289080000000002,3.794479999999999,2000.0,5772.26,3939.04,839.31,3185.32,439.28,1720.73,0.1
3,161.0,30.75,34.798,26.1678,88.1014,36.70440000000001,21.940400000000004,27.707600000000003,7.1936,2000.0,161.0,10.671800000000001,28.7194,0.0,36.2128,20.627000000000002,6.7774,16.0134,2.0086,2000.0,161.0,22.65477333333334,31.685920000000003,3.933866666666667,61.67430666666667,26.734973333333333,15.55345333333333,21.017786666666666,4.561933333333333,2000.0,6609.61,4715.94,718.75,3545.75,381.13,1705.88,0.0
4,177.0,31.603199999999998,34.42,33.7752,80.8802,32.8876,20.754199999999997,25.727600000000002,6.207000000000001,2000.0,177.0,10.236,26.977400000000003,0.0,41.980599999999995,23.9986,9.2288,17.1952,1.5556,2000.0,177.0,23.902026666666664,30.742893333333335,8.06408,64.82170666666667,27.957653333333333,15.401973333333334,21.470333333333333,3.222986666666666,2000.0,7685.63,5639.8,496.12,3821.75,276.2,1002.52,0.05
5,193.0,30.4606,36.1162,20.014999999999997,88.11679999999998,33.537600000000005,23.2112,26.943599999999996,4.337,2000.0,193.0,5.1752,30.971199999999996,0.0,60.7626,23.056799999999996,14.0932,18.7106,1.4026,2000.0,193.0,21.23,33.88356,5.99356,75.13576,30.292626666666663,20.15316,24.67768,2.60344,2000.0,8120.52,5880.3,385.17,3808.24,215.67,1421.35,0.0
6,209.0,29.49,34.7986,21.4112,77.4448,34.5766,20.8468,26.1588,4.78,2000.0,209.0,10.635399999999999,29.9272,0.0,46.694599999999994,26.501400000000004,12.641,19.9136,0.9590000000000001,2000.0,209.0,20.10686666666667,32.1866,4.051973333333333,60.525999999999996,29.61112,17.176053333333332,22.822053333333333,2.5668533333333334,2000.0,8020.78,6167.42,457.81,4186.85,257.97,1238.16,1.01
7,225.0,26.692600000000002,35.7112,10.9082,76.05939999999998,36.528999999999996,22.4322,28.6334,4.3398,2000.0,225.0,4.143,30.474,0.0,46.2616,26.9944,14.1342,19.807199999999998,1.544,2000.0,225.0,19.750013333333335,33.37858666666667,2.6688133333333335,61.334146666666676,32.6636,18.866000000000007,25.212333333333333,3.1296399999999993,2000.0,7623.7,4913.47,420.34,3170.26,232.84,826.26,0.9
8,241.0,22.790399999999998,35.2804,14.027399999999998,70.835,38.708800000000004,22.514000000000003,29.616799999999998,4.5216,2000.0,241.0,10.080199999999998,31.930999999999997,0.0,43.915,26.4186,15.793800000000001,21.4086,1.339,2000.0,241.0,17.997266666666665,33.758666666666656,1.8000399999999999,58.115173333333324,33.78942666666667,19.37498666666667,26.058519999999998,2.7739866666666666,2000.0,5735.84,3539.67,753.82,2777.73,399.02,1584.48,0.0
9,257.0,23.888,33.416199999999996,13.4842,77.9384,33.6248,21.0976,26.1184,6.1654,2000.0,257.0,3.6411999999999995,27.3944,0.0,27.0604,19.1174,7.1396,14.6844,1.9874,2000.0,257.0,18.775333333333332,30.266866666666665,2.150546666666667,49.96796,27.915853333333338,14.372240000000001,21.070320000000002,3.7464933333333335,2000.0,5303.16,3233.25,868.65,2792.37,407.24,1736.59,0.0
10,273.0,19.0636,31.7838,17.608,85.8084,30.735999999999997,16.6464,21.947200000000002,6.627000000000001,2000.0,273.0,1.8858000000000001,24.943199999999997,0.0,35.8258,7.975,-0.6633999999999999,3.089,1.6084,2000.0,273.0,12.358680000000001,28.501240000000003,3.284106666666667,54.11771999999999,21.037746666666663,9.377613333333333,14.724160000000001,4.19388,2000.0,5034.38,3153.11,940.25,2782.58,492.15,1461.7,0.06
11,289.0,18.459999999999997,31.5638,9.7168,77.2818,27.216,13.7788,20.5086,6.1212,2000.0,289.0,3.5932000000000004,23.4694,0.0,35.876599999999996,7.0312,-4.5134,1.1848,1.6568,2000.0,289.0,13.831813333333333,27.497413333333334,1.8001066666666667,52.80866666666666,20.472186666666666,7.0536,13.836079999999999,3.0725066666666665,2000.0,4292.35,2539.23,993.19,2474.74,509.67,2099.84,0.01
12,305.0,13.9132,31.9018,21.7756,97.7834,22.3988,17.3588,19.483800000000002,6.7652,2000.0,305.0,2.6538000000000004,23.6674,0.0,49.189800000000005,3.899,-3.0387999999999997,-0.5167999999999999,1.7795999999999998,2000.0,305.0,8.017986666666665,28.189733333333333,3.6683199999999996,74.88677333333332,17.068306666666665,9.197213333333334,12.959093333333332,4.165226666666667,2000.0,4445.53,2392.52,830.14,2172.06,419.19,1724.93,0.01
