,DOY,INSgdmax,RADmax,RAINmax,RHmax,TMAXmax,TMINmax,Tmax,WINDmax,YEAR,DOY,INSgdmin,RADmin,RAINmin,RHmin,TMAXmin,TMINmin,Tmin,WINDmin,YEAR,DOY,INSgdmean,RADmean,RAINmean,RHmean,TMAXmean,TMINmean,Tmean,WINDmean,YEAR,NDVI,EVI,RED,NIR,BLUE,MIR,pixrel
0,113.0,29.56,30.28,7.47,95.37,23.34,13.44,16.27,7.33,2000.0,113.0,3.67,22.54,0.0,26.45,2.9,-2.2,0.15,2.04,2000.0,113.0,18.5,26.13466666666666,1.3173333333333335,63.44133333333333,16.098,4.844666666666668,10.596000000000002,3.760666666666666,2000.0,1415.98,208.81,219.81,927.65,-69.14,796.45,89.26
1,129.0,28.51,33.95,29.78,84.31,30.88,19.94,24.44,6.79,2000.0,129.0,8.42,26.96,0.0,28.35,13.63,5.54,9.98,1.94,2000.0,129.0,19.58133333333333,29.923333333333332,4.574666666666667,52.14733333333333,24.145333333333333,12.819999999999999,18.504,4.353999999999999,2000.0,2470.66,984.9,164.55,1204.9,-44.23,807.79,76.63
2,145.0,29.38,33.44,12.75,93.58,30.67,16.86,22.66,6.48,2000.0,145.0,3.74,24.66,0.0,26.83,13.99,5.33,9.04,1.9,2000.0,145.0,17.125999999999998,29.774000000000004,2.5159999999999996,63.147333333333336,22.868000000000002,12.316,17.235999999999997,3.8939999999999997,2000.0,3523.92,2103.08,445.03,1800.96,246.01,1054.7,25.96
3,161.0,30.67,34.13,26.66,95.36,37.45,21.65,27.97,6.93,2000.0,161.0,8.1,28.55,0.0,38.09,18.74,5.12,14.7,1.52,2000.0,161.0,20.141333333333332,31.578666666666663,6.909333333333333,63.19399999999999,25.512666666666668,14.471333333333337,19.958666666666662,4.444,2000.0,4305.36,2674.32,772.01,2388.55,642.54,1243.95,19.47
4,177.0,32.76,34.38,40.14,79.96,33.91,19.61,25.74,6.94,2000.0,177.0,8.14,27.07,0.0,34.92,23.36,10.19,17.69,1.54,2000.0,177.0,23.985333333333337,30.350666666666665,10.241333333333335,59.84866666666666,28.07733333333334,15.100666666666662,21.309333333333335,3.7306666666666666,2000.0,3776.27,2023.27,-21.85,1671.17,-154.71,97.01,84.21
5,193.0,30.78,35.57,20.77,88.47,32.54,22.81,26.39,4.69,2000.0,193.0,7.49,29.66,0.0,55.42,21.98,13.13,17.24,1.5,2000.0,193.0,20.05933333333333,33.134,5.2780000000000005,73.43266666666666,29.104,18.83533333333333,23.550666666666665,2.7879999999999994,2000.0,3876.66,2230.18,79.97,1757.86,-63.8,625.7,63.86
6,209.0,27.9,34.63,14.56,74.31,35.67,20.81,26.43,4.83,2000.0,209.0,11.59,27.5,0.0,43.78,26.01,10.63,18.71,0.72,2000.0,209.0,22.190666666666672,31.092000000000002,2.3773333333333335,58.496,29.040666666666674,16.347333333333335,22.18466666666667,2.9153333333333338,2000.0,3924.73,2272.95,196.19,1791.21,79.18,529.89,51.77
7,225.0,27.94,35.46,11.44,76.9,34.59,22.17,27.63,4.48,2000.0,225.0,6.77,28.01,0.0,49.74,25.18,12.99,18.82,1.43,2000.0,225.0,19.59333333333333,32.09600000000001,3.7239999999999993,62.610666666666674,30.87333333333334,17.199333333333335,23.554666666666662,3.005333333333333,2000.0,5021.28,2627.26,535.13,2004.17,366.71,1185.54,8.71
8,241.0,23.36,35.06,4.81,86.02,33.31,21.94,26.23,4.22,2000.0,241.0,6.84,30.82,0.0,63.24,20.42,14.9,17.86,1.12,2000.0,241.0,14.463999999999999,33.09199999999999,1.0953333333333333,74.196,29.37466666666667,17.41466666666667,22.764666666666663,2.729333333333334,2000.0,3488.58,1626.32,47.05,1411.12,-104.69,1143.0,74.1
9,257.0,22.9,32.72,15.5,77.03,33.97,19.61,25.42,6.2,2000.0,257.0,2.81,27.32,0.0,31.14,18.97,4.92,13.14,1.94,2000.0,257.0,17.45266666666667,30.105333333333327,2.924,52.00733333333333,26.499333333333333,12.868666666666662,19.556666666666665,3.7760000000000002,2000.0,4603.5,2314.4,408.61,1710.98,210.53,834.2,10.47
10,273.0,18.5,30.53,12.71,78.73,28.96,16.61,21.27,6.67,2000.0,273.0,3.17,24.66,0.0,37.67,8.06,-0.81,3.3,2.23,2000.0,273.0,11.729333333333335,27.965999999999998,3.4926666666666666,54.03133333333333,19.349333333333334,8.575333333333335,13.416000000000002,3.9386666666666668,2000.0,2981.47,1131.37,364.45,1165.63,131.58,525.12,30.76
11,289.0,17.71,30.92,3.83,70.51,27.98,13.73,20.35,5.89,2000.0,289.0,3.78,23.44,0.0,33.48,6.82,-4.01,1.85,1.01,2000.0,289.0,13.404666666666667,27.190000000000005,0.8153333333333334,50.17333333333332,19.53733333333333,6.586666666666668,13.198,3.1680000000000006,2000.0,1881.01,325.59,129.06,802.63,-97.26,1088.87,79.08
12,305.0,13.25,32.65,39.89,95.73,23.24,18.54,20.06,6.59,2000.0,305.0,3.49,24.48,0.0,50.27,8.01,-3.54,0.76,1.45,2000.0,305.0,7.685333333333333,28.28666666666667,4.6,73.71533333333333,16.020666666666667,8.397333333333332,12.192,4.576,2000.0,1666.95,563.21,771.33,1462.88,503.61,715.72,57.19
