,DOY,INSgdmax,RADmax,RAINmax,RHmax,TMAXmax,TMINmax,Tmax,WINDmax,YEAR,DOY,INSgdmin,RADmin,RAINmin,RHmin,TMAXmin,TMINmin,Tmin,WINDmin,YEAR,DOY,INSgdmean,RADmean,RAINmean,RHmean,TMAXmean,TMINmean,Tmean,WINDmean,YEAR,NDVI,EVI,RED,NIR,BLUE,MIR,pixrel
0,113.0,28.916800000000002,30.208,7.3142,86.9868,27.701,13.5338,19.514400000000002,7.0022,2000.0,113.0,2.5824,25.1706,0.0,31.482,6.704799999999999,-0.8505999999999999,2.7832,2.2866,2000.0,113.0,17.435280000000002,27.820626666666666,1.3908,55.326920000000015,19.198573333333336,6.873239999999999,13.116546666666666,3.991293333333333,2000.0,3349.52,2155.47,1373.48,2753.07,650.75,1553.07,0.04
1,129.0,28.498800000000003,33.273999999999994,12.6036,84.304,30.7222,19.1194,23.3784,6.396,2000.0,129.0,5.8326,26.711800000000004,0.0,28.1112,15.468,6.1948,11.7156,1.5150000000000001,2000.0,129.0,19.28442666666667,30.347080000000005,2.6159733333333333,52.89416,24.834360000000007,12.947853333333331,18.985506666666666,4.318693333333333,2000.0,3855.39,2434.65,1216.8,2734.98,585.07,2267.92,0.23
2,145.0,30.9426,33.528200000000005,15.447199999999999,89.5908,34.2242,22.6468,26.6728,5.452,2000.0,145.0,4.8152,27.0122,0.0,25.769199999999998,14.163799999999998,6.0326,9.9816,1.8290000000000002,2000.0,145.0,19.9648,30.628253333333333,2.5045333333333333,59.88984,25.589826666666667,13.736746666666665,19.341839999999998,3.8532266666666666,2000.0,4275.01,2753.99,1146.94,2854.98,555.56,2403.01,0.02
3,161.0,30.287400000000005,34.3742,27.7298,86.5124,36.8294,21.512800000000002,27.816200000000002,7.8894,2000.0,161.0,10.648,28.861400000000003,0.0,37.0714,20.4234,7.9992,15.844999999999999,2.315,2000.0,161.0,22.886533333333333,31.424506666666666,4.425906666666666,61.26122666666667,26.847599999999996,15.414826666666666,20.97256,4.79088,2000.0,6006.14,4124.46,850.5,3341.18,436.08,1614.93,0.04
4,177.0,32.2538,34.1914,35.0666,80.4536,32.6354,20.4576,25.389400000000002,6.5102,2000.0,177.0,8.0516,27.446600000000004,0.0,42.147400000000005,23.580199999999998,9.4174,17.211,1.2884,2000.0,177.0,24.314519999999998,30.80172,8.315439999999999,64.96472,27.97065333333333,15.271666666666668,21.384359999999994,3.3091866666666667,2000.0,7837.36,5540.62,435.46,3650.77,235.88,845.56,0.03
5,193.0,30.754399999999997,36.12800000000001,24.0882,87.91480000000001,34.363200000000006,22.723399999999998,26.9188,4.7982000000000005,2000.0,193.0,6.523199999999999,31.048000000000002,0.0,60.035,23.430799999999998,13.759799999999998,18.5942,1.201,2000.0,193.0,22.65665333333333,33.77841333333333,5.227346666666666,74.72605333333333,30.602199999999996,19.772466666666666,24.600853333333333,2.7514666666666665,2000.0,8410.91,6689.9,380.72,4449.74,207.21,1243.97,0.0
6,209.0,29.449199999999998,34.129599999999996,24.108399999999996,78.3832,34.877399999999994,21.3692,26.2456,5.048,2000.0,209.0,12.2914,29.719399999999997,0.0,47.047000000000004,26.807199999999998,12.5208,19.824,0.9662,2000.0,209.0,20.884813333333334,32.26266666666666,3.404933333333333,61.331959999999995,29.837253333333337,17.17764,22.863080000000004,2.6448533333333333,2000.0,8303.72,7036.78,449.39,4879.4,246.35,1422.86,1.0
7,225.0,26.613,35.7802,14.816199999999998,77.4858,36.1986,21.8088,28.044599999999996,4.7387999999999995,2000.0,225.0,4.05,30.987599999999997,0.0,50.3262,26.720599999999997,14.1922,19.5392,1.7308,2000.0,225.0,19.924133333333337,33.340093333333336,2.1222133333333337,63.53416,32.42621333333334,18.811560000000007,24.98044,3.3775733333333324,2000.0,7421.67,5388.6,538.33,3655.24,329.64,1038.41,1.24
8,241.0,23.234399999999997,35.5042,13.166999999999998,68.74000000000001,39.6336,22.2796,29.9182,4.9062,2000.0,241.0,10.769400000000001,31.815199999999997,0.0,40.784,27.958199999999998,14.9894,22.2022,1.3256,2000.0,241.0,18.316906666666664,33.692866666666674,2.1170666666666667,55.42842666666667,34.19390666666667,18.958626666666667,26.134093333333333,2.9341066666666666,2000.0,4569.26,2811.94,999.48,2685.78,491.44,1813.22,0.0
9,257.0,23.6524,33.7052,10.8618,76.9228,33.2986,20.6166,26.4072,6.7882,2000.0,257.0,3.3424000000000005,27.393,0.0,27.2274,19.163600000000002,7.745999999999999,14.666,2.1222000000000003,2000.0,257.0,18.693733333333334,30.176093333333334,1.4629866666666667,49.20193333333333,28.10630666666667,14.387159999999998,21.239440000000002,4.060613333333333,2000.0,3592.45,2165.48,1275.08,2689.96,531.4,1850.72,0.0
10,273.0,18.731,31.6246,10.8926,86.62339999999999,31.6584,16.1792,22.0058,6.8482,2000.0,273.0,3.2716000000000003,25.3966,0.0,34.3886,7.916799999999999,-1.1545999999999998,2.705,1.5493999999999999,2000.0,273.0,12.520786666666666,28.561546666666672,2.0448666666666666,53.88253333333334,20.926826666666667,8.915266666666666,14.433573333333335,4.39156,2000.0,3213.94,2124.09,1530.26,2956.81,696.65,2229.62,0.12
11,289.0,18.087600000000002,31.403200000000002,9.545,81.09960000000001,27.224399999999996,14.0256,20.3064,6.3786000000000005,2000.0,289.0,3.1088000000000005,23.327,0.0,33.1318,6.7366,-5.151199999999999,0.9461999999999999,1.8252,2000.0,289.0,13.894973333333333,27.290359999999993,1.5293066666666668,52.76944,20.484506666666668,7.0271333333333335,13.792866666666669,3.312666666666667,2000.0,2661.0,1691.51,1415.47,2460.09,661.41,2032.26,1.1
12,305.0,13.610199999999999,32.061,15.723,99.2712,21.6238,17.1456,18.784,7.0082,2000.0,305.0,2.1722,23.135799999999996,0.0,50.803,2.018,-4.292,-1.8076,2.1482,2000.0,305.0,7.8308800000000005,28.044426666666663,3.4444799999999995,77.01558666666666,16.612613333333336,8.626426666666665,12.432213333333333,4.453880000000001,2000.0,3047.24,1590.03,1052.6,1980.22,494.38,2170.26,0.26
