,DOY,INSgdmax,RADmax,RAINmax,RHmax,TMAXmax,TMINmax,Tmax,WINDmax,YEAR,DOY,INSgdmin,RADmin,RAINmin,RHmin,TMAXmin,TMINmin,Tmin,WINDmin,YEAR,DOY,INSgdmean,RADmean,RAINmean,RHmean,TMAXmean,TMINmean,Tmean,WINDmean,YEAR,NDVI,EVI,RED,NIR,BLUE,MIR,pixrel
0,113.0,29.3,30.64,8.05,78.84,27.34,16.02,20.02,5.83,2000.0,113.0,3.67,25.56,0.0,30.04,8.2,1.0,4.15,1.32,2000.0,113.0,16.77,28.44666666666667,1.3,52.561333333333344,20.149333333333335,7.6,13.998666666666669,3.4760000000000004,2000.0,3238.18,1990.84,1298.67,2544.06,618.35,1580.16,0.0
1,129.0,27.86,33.52,15.48,84.75,29.57,19.63,22.98,6.65,2000.0,129.0,3.78,25.85,0.0,35.2,16.02,4.76,11.89,1.69,2000.0,129.0,18.644,30.46933333333334,3.1773333333333342,57.8,24.42,13.077999999999998,18.882666666666662,3.828666666666666,2000.0,4010.13,2477.24,1120.0,2630.21,541.7,2288.38,0.24
2,145.0,31.75,33.66,12.49,83.75,35.75,23.69,27.87,5.06,2000.0,145.0,6.12,27.9,0.0,24.05,13.44,4.85,10.33,1.51,2000.0,145.0,20.627333333333333,30.73266666666666,2.5533333333333337,57.12666666666666,26.483333333333334,14.662666666666667,20.086,3.723333333333333,2000.0,4311.47,2817.72,1157.25,2907.49,566.28,2430.55,0.16
3,161.0,30.46,35.32,18.68,86.46,36.02,22.01,27.29,6.95,2000.0,161.0,10.55,28.76,0.0,35.83,21.7,7.05,16.46,1.91,2000.0,161.0,23.002000000000002,31.807333333333336,2.7120000000000006,60.88666666666667,27.18466666666667,16.009333333333327,21.463999999999995,4.502,2000.0,4923.0,3479.08,1148.42,3352.2,573.23,1731.6,0.06
4,177.0,31.0,34.42,36.42,81.93,32.47,21.34,25.89,5.83,2000.0,177.0,14.18,27.25,0.0,48.9,23.9,9.31,17.52,1.37,2000.0,177.0,23.384666666666668,31.159333333333333,8.928666666666667,66.704,27.974666666666668,15.687333333333333,21.63466666666666,3.027333333333333,2000.0,8039.96,5941.55,422.43,3930.99,229.89,1049.37,0.49
5,193.0,30.42,36.47,20.74,85.82,33.99,23.71,27.28,4.25,2000.0,193.0,6.66,31.18,0.0,61.07,23.08,15.52,19.54,1.42,2000.0,193.0,22.447999999999997,34.16466666666667,5.1146666666666665,74.12733333333334,30.913999999999998,20.731999999999992,25.26,2.4480000000000004,2000.0,8508.19,6820.97,359.14,4514.3,196.3,1177.96,0.0
6,209.0,29.2,35.28,19.59,78.86,33.84,20.87,25.66,4.49,2000.0,209.0,8.82,31.18,0.0,47.35,26.31,13.83,20.83,0.93,2000.0,209.0,19.842000000000002,32.552,3.68,61.45399999999999,29.728666666666662,17.63,23.14066666666667,2.425333333333333,2000.0,8532.3,7351.69,396.82,5038.05,219.61,1552.8,1.0
7,225.0,26.42,36.5,11.61,78.42,37.66,23.25,29.66,4.16,2000.0,225.0,1.91,32.04,0.0,40.45,27.47,14.43,20.48,1.66,2000.0,225.0,19.800666666666668,33.964000000000006,2.8973333333333335,59.57133333333334,33.38666666666666,19.60066666666667,26.034000000000006,3.076666666666666,2000.0,7239.14,5447.53,658.44,3763.72,491.97,1036.21,1.58
8,241.0,23.44,35.93,8.79,64.02,40.24,23.21,30.51,4.51,2000.0,241.0,9.68,32.83,0.0,37.68,28.93,15.73,23.34,1.31,2000.0,241.0,19.077999999999996,34.24199999999999,1.72,51.649333333333324,35.458666666666666,20.552,27.608666666666657,2.7039999999999997,2000.0,4746.0,2902.16,948.91,2660.06,478.15,1815.0,0.0
9,257.0,24.12,33.48,17.84,78.53,33.59,21.84,26.13,5.8,2000.0,257.0,4.14,27.29,0.0,25.97,19.1,7.07,15.16,1.68,2000.0,257.0,19.00733333333333,30.408,2.5840000000000005,49.79666666666666,28.36400000000001,14.936,21.57066666666667,3.5906666666666665,2000.0,3858.18,2385.36,1257.69,2797.84,537.65,1831.64,0.0
10,273.0,19.69,31.43,23.64,85.53,30.91,16.89,22.33,6.54,2000.0,273.0,1.01,24.34,0.0,35.24,8.12,0.34,3.64,1.33,2000.0,273.0,12.48666666666667,28.53333333333334,4.501333333333334,54.852,21.622,9.958,15.312666666666667,4.124666666666666,2000.0,3214.72,2083.11,1509.16,2903.76,683.73,2218.89,0.0
11,289.0,19.04,31.5,10.9,77.16,26.81,14.15,20.7,6.04,2000.0,289.0,2.99,23.51,0.0,36.3,7.24,-4.38,1.15,1.68,2000.0,289.0,14.050666666666666,27.64666666666667,2.050666666666667,53.794666666666664,20.83333333333333,7.39,14.178666666666665,2.9286666666666665,2000.0,2784.04,1981.75,1585.41,2789.15,756.16,2148.54,1.78
12,305.0,14.18,32.36,31.16,98.23,22.77,16.86,19.42,6.51,2000.0,305.0,2.59,24.23,0.0,48.72,3.29,-2.25,0.04,1.71,2000.0,305.0,7.793333333333333,28.665333333333333,4.709999999999999,74.654,17.634,9.688666666666668,13.497333333333332,3.8760000000000003,2000.0,2947.83,1567.93,1104.93,2028.72,523.19,2239.45,0.05
