,DOY,INSgdmax,RADmax,RAINmax,RHmax,TMAXmax,TMINmax,Tmax,WINDmax,YEAR,DOY,INSgdmin,RADmin,RAINmin,RHmin,TMAXmin,TMINmin,Tmin,WINDmin,YEAR,DOY,INSgdmean,RADmean,RAINmean,RHmean,TMAXmean,TMINmean,Tmean,WINDmean,YEAR,NDVI,EVI,RED,NIR,BLUE,MIR,pixrel
0,113.0,29.439999999999998,29.4375,13.93,94.9075,22.8325,9.5625,14.392499999999998,7.960000000000001,2000.0,113.0,2.115,22.152500000000003,0.0,39.082499999999996,0.6000000000000001,-5.952500000000001,-1.0975000000000001,2.16,2000.0,113.0,17.181833333333334,25.4795,1.94,71.76583333333333,14.403500000000001,3.0545,8.769333333333332,4.364000000000001,2000.0,3333.62,1839.7,1014.18,2072.73,524.69,1948.73,0.05
1,129.0,29.79,32.230000000000004,13.2375,85.5675,30.27,17.409999999999997,23.62,7.3825,2000.0,129.0,6.8149999999999995,26.435,0.0,29.3125,13.004999999999999,4.835,8.920000000000002,2.3,2000.0,129.0,21.623166666666666,29.1775,2.9089999999999994,50.53816666666666,23.60383333333333,10.659666666666665,17.328,4.732666666666667,2000.0,4521.56,2533.93,831.06,2257.82,434.2,1920.8,0.08
2,145.0,31.2925,32.0775,32.1325,87.35,30.0,14.850000000000001,22.36,7.305,2000.0,145.0,2.2925,24.1925,0.0,28.835,14.7225,2.4775,8.65,1.5125,2000.0,145.0,18.72716666666667,28.675,6.075500000000001,63.672,21.669000000000004,9.995,16.0365,4.302666666666667,2000.0,5858.73,3665.17,714.14,2831.44,369.66,1377.44,0.36
3,161.0,30.395,34.052499999999995,24.61,89.73250000000002,38.06,19.605,28.4975,8.8025,2000.0,161.0,4.865,28.465,0.0,36.4525,18.3725,6.7250000000000005,13.2525,2.6125,2000.0,161.0,20.492333333333335,30.753666666666668,3.570166666666667,60.587166666666675,25.314833333333333,13.18183333333333,19.36716666666667,4.708999999999999,2000.0,7046.51,4711.33,542.16,3275.19,291.15,1654.24,0.35
4,177.0,32.06,33.755,19.567500000000003,79.25,33.35,17.915,25.17,7.675000000000001,2000.0,177.0,5.085,26.465000000000003,0.0,34.0525,23.875,9.2375,17.34,1.875,2000.0,177.0,25.338666666666665,29.681166666666662,3.9854999999999996,54.6825,28.195999999999994,14.437000000000001,21.16433333333333,4.058,2000.0,7661.65,5462.64,474.98,3694.51,251.91,1256.42,0.27
5,193.0,31.262500000000003,35.56,16.5075,87.96999999999998,33.725,21.1875,26.3475,6.1025,2000.0,193.0,6.047499999999999,29.3975,0.0,54.2975,20.29,11.895,15.88,0.9575,2000.0,193.0,24.23216666666667,32.406,5.450666666666667,70.649,29.8805,17.56766666666667,23.07,3.2176666666666662,2000.0,7788.13,5394.71,439.02,3580.11,228.33,1196.54,0.03
6,209.0,28.060000000000002,33.16,7.605,72.52499999999999,32.0875,20.2425,24.7225,6.1075,2000.0,209.0,8.95,28.7275,0.0,47.5,25.27,9.315,17.200000000000003,1.0824999999999998,2000.0,209.0,23.282166666666672,31.041999999999998,0.9931666666666665,60.86266666666667,28.91783333333333,15.261000000000001,21.415666666666667,2.7924999999999995,2000.0,7440.27,5135.76,524.48,3525.42,289.0,1029.36,0.35
7,225.0,27.902499999999996,34.855000000000004,18.71,81.85,33.46750000000001,21.815,25.005000000000003,5.25,2000.0,225.0,5.05,27.7275,0.0,55.32,25.18,9.78,17.015000000000004,1.475,2000.0,225.0,20.136833333333335,31.600833333333338,2.183,69.62466666666667,29.550333333333327,16.02733333333333,22.021499999999996,3.489833333333333,2000.0,6190.69,3897.64,716.89,2963.73,358.39,1250.45,0.28
8,241.0,21.835,34.10000000000001,11.63,83.08500000000001,33.985,17.66,23.7425,5.6225,2000.0,241.0,6.2075,30.04,0.0,61.287499999999994,22.1425,10.8025,17.125,0.7849999999999999,2000.0,241.0,14.318,32.25533333333333,2.2226666666666666,73.255,28.536166666666666,14.781500000000001,20.861666666666665,3.3121666666666663,2000.0,5866.41,3533.08,728.65,2751.47,348.69,1395.32,0.03
9,257.0,23.08,33.20249999999999,4.6425,57.022499999999994,34.08,20.41,26.5775,8.2325,2000.0,257.0,6.425,26.2375,0.0,34.4725,16.9825,4.8774999999999995,12.9575,1.3575,2000.0,257.0,17.1175,29.4945,1.1005000000000003,43.31066666666666,27.056833333333334,12.392166666666666,19.670333333333332,4.657166666666667,2000.0,5312.42,3178.62,824.17,2657.42,410.61,1412.31,0.0
10,273.0,17.6825,31.392500000000002,8.4725,84.295,29.555,13.8375,20.4575,6.6725,2000.0,273.0,2.3499999999999996,24.6125,0.0,34.705,7.369999999999999,-3.8325,1.1625,1.8499999999999999,2000.0,273.0,10.699666666666666,27.3395,2.293833333333333,58.39816666666666,17.866666666666667,5.738333333333332,11.323833333333333,3.8418333333333328,2000.0,4119.61,2233.58,887.59,2153.6,450.16,1334.04,0.03
11,289.0,17.145,30.305,5.277500000000001,80.06500000000001,28.5075,13.857500000000002,19.310000000000002,6.125,2000.0,289.0,3.494999999999999,22.572499999999998,0.0,33.855000000000004,5.532499999999999,-6.1775,-0.0925,1.8275,2000.0,289.0,11.963833333333332,26.66433333333333,0.6468333333333334,54.71950000000001,18.364,5.015833333333333,11.379166666666666,3.7144999999999997,2000.0,3638.6,1923.24,941.09,2043.76,466.62,2100.66,0.04
12,305.0,12.67,32.065,27.765,99.64,19.7625,16.2425,17.5925,7.73,2000.0,305.0,2.5475,22.195,0.0,48.26250000000001,2.165,-9.955,-4.2425,2.5325,2000.0,305.0,6.640500000000001,27.336666666666662,4.554833333333334,81.69983333333332,13.463833333333334,5.592666666666667,9.5305,5.049499999999998,2000.0,1082.66,387.72,5256.25,5371.87,5156.59,809.94,1.41
