,DOY,INSgdmax,RADmax,RAINmax,RHmax,TMAXmax,TMINmax,Tmax,WINDmax,YEAR,DOY,INSgdmin,RADmin,RAINmin,RHmin,TMAXmin,TMINmin,Tmin,WINDmin,YEAR,DOY,INSgdmean,RADmean,RAINmean,RHmean,TMAXmean,TMINmean,Tmean,WINDmean,YEAR,NDVI,EVI,RED,NIR,BLUE,MIR,pixrel
0,113.0,29.409999999999997,29.616,11.6416,95.53,23.2828,10.1796,15.18,8.0356,2000.0,113.0,3.3744000000000005,22.2596,0.0,39.174,1.2084000000000001,-4.9243999999999994,-0.8764,2.3004,2000.0,113.0,17.326133333333335,25.37784,1.9494399999999998,69.08261333333333,14.942559999999999,3.44592,9.201973333333333,4.292720000000001,2000.0,2118.44,1019.69,1010.48,1570.23,549.51,1806.43,0.08
1,129.0,29.424,32.626,20.0244,86.298,30.4968,17.985999999999997,23.860000000000003,7.381600000000001,2000.0,129.0,5.9168,27.1172,0.0,29.0488,12.937199999999999,5.5496,9.28,1.9939999999999998,2000.0,129.0,21.03498666666667,29.556320000000007,3.0434399999999995,49.99786666666667,23.939573333333332,11.442666666666664,17.794959999999996,4.741626666666666,2000.0,2759.22,1415.3,979.86,1764.86,533.4,1961.45,0.07
2,145.0,30.904,32.0328,24.904000000000003,91.46600000000001,29.9232,15.6492,22.328799999999998,7.0032,2000.0,145.0,3.0032,24.1496,0.0,28.3412,14.1924,3.2548000000000004,8.5204,1.4456,2000.0,145.0,18.009146666666663,28.95384,4.17568,65.11511999999999,21.572000000000003,10.59936,16.169040000000003,4.207306666666667,2000.0,4847.15,2717.43,792.89,2317.39,418.56,1385.12,0.27
3,161.0,30.996800000000004,33.86919999999999,25.9744,91.4236,37.72999999999999,19.793999999999997,27.894799999999996,8.5208,2000.0,161.0,4.7072,28.4164,0.0,39.123999999999995,18.098,6.764,12.936000000000002,2.4724000000000004,2000.0,161.0,19.887333333333334,30.792186666666666,3.917786666666667,63.064266666666654,25.065173333333334,13.197173333333332,19.184666666666665,4.6589599999999995,2000.0,7925.88,5959.22,446.49,4053.18,227.28,1699.64,0.53
4,177.0,32.5496,33.932,22.087200000000003,82.0016,33.144800000000004,18.9332,25.323600000000003,7.6312,2000.0,177.0,4.1088000000000005,26.6096,0.0,34.7308,24.062800000000003,9.836,17.394,1.9163999999999999,2000.0,177.0,25.66898666666667,29.811706666666666,4.6575999999999995,56.49648,28.0856,14.72256,21.165493333333334,4.036479999999999,2000.0,7960.6,6398.78,488.55,4494.74,249.49,1344.41,0.56
5,193.0,31.2532,35.4664,20.322,88.65759999999999,33.29,21.866400000000002,26.2932,5.9504,2000.0,193.0,5.6356,29.305999999999997,0.0,53.2868,20.2348,12.0228,15.682,1.3508,2000.0,193.0,23.516186666666666,32.4884,6.584346666666666,72.0196,29.512320000000003,17.915946666666667,23.054399999999998,3.1313866666666668,2000.0,7664.72,5705.79,514.65,3966.56,263.03,1013.67,0.0
6,209.0,28.1284,33.863200000000006,7.015200000000001,73.62360000000001,33.1276,21.288,25.346799999999995,5.878,2000.0,209.0,12.282399999999999,28.42,0.0,46.0132,25.4884,9.740400000000001,17.4244,0.9663999999999999,2000.0,209.0,22.98794666666667,31.087040000000002,1.0800266666666667,59.78834666666667,28.97837333333333,15.55064,21.607226666666666,2.8960799999999995,2000.0,6997.17,4770.6,595.74,3432.36,287.21,927.22,0.14
7,225.0,27.73,34.393600000000006,20.6144,80.092,33.2056,21.984800000000003,25.428,5.1672,2000.0,225.0,5.5324,27.842399999999998,0.0,53.1624,25.475199999999997,10.801200000000001,17.4824,1.2704,2000.0,225.0,20.09565333333333,31.711013333333334,2.4812000000000003,68.00138666666666,29.913253333333333,16.236293333333336,22.32448,3.3908533333333337,2000.0,4158.31,2617.67,1102.0,2662.63,562.46,1067.12,0.0
8,241.0,22.175199999999997,34.58240000000001,8.4392,81.648,34.227999999999994,18.5612,24.266,5.3995999999999995,2000.0,241.0,5.561599999999999,30.5092,0.0,61.13719999999999,21.364,11.8816,17.554000000000002,1.034,2000.0,241.0,14.02168,32.402213333333336,2.0445066666666665,73.00728000000001,28.832506666666667,15.436879999999999,21.28474666666666,3.2090666666666667,2000.0,4028.87,2310.32,1024.79,2401.47,464.39,1474.83,0.09
9,257.0,22.864,33.1368,5.8932,65.73,33.068400000000004,19.8124,25.9292,7.994000000000001,2000.0,257.0,5.6251999999999995,26.1496,0.0,33.856,17.495199999999997,5.783199999999999,13.038799999999998,1.6476000000000002,2000.0,257.0,17.148320000000002,29.7124,1.29688,45.62082666666666,26.78901333333334,12.740506666666665,19.675813333333334,4.516026666666667,2000.0,3785.35,2127.9,1026.48,2267.83,511.0,1339.78,0.0
10,273.0,17.1092,31.133600000000005,10.383199999999999,83.87559999999999,29.2496,14.488800000000001,20.954,7.288399999999999,2000.0,273.0,2.8587999999999996,24.822799999999997,0.0,34.3648,7.6736,-3.228,1.7676,2.0947999999999998,2000.0,273.0,10.625706666666666,27.6316,2.7696533333333333,56.890186666666665,18.24946666666667,6.6693333333333324,11.932773333333335,4.0078933333333335,2000.0,2913.92,1398.16,916.26,1687.29,474.69,1380.79,0.07
11,289.0,17.4432,31.2068,6.6008,76.50280000000001,28.368000000000002,13.9436,19.5272,6.146,2000.0,289.0,3.8544,22.5128,0.0,32.760000000000005,5.613199999999999,-5.561599999999999,0.3668,1.7888,2000.0,289.0,12.450853333333331,26.710853333333333,0.8800533333333334,52.964159999999985,18.750960000000006,5.556293333333333,11.992666666666668,3.69632,2000.0,2543.08,1187.8,920.65,1569.56,490.55,1816.08,0.1
12,305.0,12.809199999999999,32.47,21.4284,99.55,20.772000000000002,16.6988,18.480800000000002,7.5200000000000005,2000.0,305.0,2.6071999999999997,22.716399999999997,0.0,48.393600000000006,3.7496,-8.758000000000001,-2.8028,2.3012,2000.0,305.0,6.79144,27.49034666666666,4.228373333333333,79.28501333333332,14.290133333333335,6.404346666666668,10.37552,4.98208,2000.0,182.0,-169.63,6937.43,6674.54,6814.76,551.01,1.73
