,DOY,INSgdmax,RADmax,RAINmax,RHmax,TMAXmax,TMINmax,Tmax,WINDmax,YEAR,DOY,INSgdmin,RADmin,RAINmin,RHmin,TMAXmin,TMINmin,Tmin,WINDmin,YEAR,DOY,INSgdmean,RADmean,RAINmean,RHmean,TMAXmean,TMINmean,Tmean,WINDmean,YEAR,NDVI,EVI,RED,NIR,BLUE,MIR,pixrel
0,113.0,29.4028,30.2152,8.2298,92.4569,25.8766,11.9748,17.639699999999998,7.690799999999999,2000.0,113.0,2.4497,23.078200000000002,0.0,34.6729,4.1531,-2.2901,0.7189000000000001,2.4036999999999997,2000.0,113.0,17.91387333333333,26.6516,1.4229733333333332,60.64398,17.266693333333333,5.29132,11.369346666666665,4.031079999999999,2000.0,4824.85,2907.02,894.59,2573.27,465.97,1551.83,0.05
1,129.0,28.647599999999997,33.20739999999999,17.8523,85.8296,30.676100000000005,19.5661,23.8965,6.763199999999999,2000.0,129.0,8.385000000000002,27.8048,0.0,26.168100000000003,14.039000000000001,5.9717,10.4292,1.6082999999999998,2000.0,129.0,19.821293333333337,30.10602,3.7126,51.23832666666666,24.596186666666668,12.696040000000002,18.667099999999998,4.488886666666667,2000.0,5768.83,3536.36,732.2,2747.72,385.97,1546.2,0.29
2,145.0,30.142400000000002,32.952600000000004,20.9409,92.43799999999999,31.677599999999998,19.003999999999998,23.928700000000003,6.055400000000001,2000.0,145.0,3.1602000000000006,25.5519,0.0,26.7768,13.9589,5.5301,9.2987,2.0739,2000.0,145.0,17.98306666666667,30.046366666666664,3.6237866666666667,63.03410666666667,23.509733333333337,12.528366666666667,17.75926,3.989773333333333,2000.0,5545.4,3641.55,866.58,3020.28,453.26,1822.43,0.0
3,161.0,30.387299999999996,34.2526,29.5914,90.8361,37.5118,21.2179,27.946200000000005,7.7529,2000.0,161.0,8.136,28.750500000000002,0.0,37.8197,19.0957,6.5241999999999996,14.5399,2.1727,2000.0,161.0,21.37486666666667,31.45462666666667,3.802853333333333,62.928873333333335,25.90526,14.483426666666666,20.121273333333335,4.670866666666667,2000.0,7349.27,4730.35,485.34,3160.46,259.8,1974.13,0.08
4,177.0,32.4976,34.283,34.0508,81.327,33.3347,19.8545,25.56,6.8375,2000.0,177.0,5.564,26.7955,0.0,35.4726,23.980600000000003,10.134599999999999,17.378,1.7397,2000.0,177.0,24.621753333333327,30.343153333333333,7.45546,61.29490666666668,28.0041,15.069246666666668,21.275266666666667,3.6342999999999996,2000.0,7893.47,5585.37,425.76,3672.11,230.49,900.52,0.01
5,193.0,30.796,35.8134,24.9266,89.5607,33.0735,22.5533,26.4964,4.9933000000000005,2000.0,193.0,5.3515,30.424999999999997,0.0,58.580799999999996,22.410600000000002,12.557300000000001,17.3123,1.3940000000000001,2000.0,193.0,21.173673333333337,33.302319999999995,6.6442,75.42126666666665,29.501986666666667,19.027866666666668,23.72964,2.8476133333333333,2000.0,8191.78,5912.07,370.68,3809.44,203.76,1442.49,0.0
6,209.0,28.8361,33.9581,15.3493,75.4131,35.466499999999996,21.3131,26.528100000000002,5.2614,2000.0,209.0,13.7957,28.685699999999997,0.0,45.7119,26.2815,11.078,18.5382,1.1673,2000.0,209.0,21.403,31.6694,2.6557866666666667,59.28684,29.432066666666667,16.438953333333334,22.30112666666666,2.8192133333333333,2000.0,8286.8,5906.01,346.02,3760.61,189.24,717.8,0.98
7,225.0,27.273400000000002,34.9392,15.097999999999999,76.08760000000001,34.5135,22.0696,27.1327,4.8634,2000.0,225.0,6.5381,28.921599999999998,0.0,51.681099999999994,26.294800000000002,13.2033,18.734699999999997,1.2427000000000001,2000.0,225.0,19.97786,32.49906,2.6608,64.36903333333333,31.368366666666667,17.615933333333334,23.82026666666667,3.2518,2000.0,7646.69,4968.19,420.98,3218.18,227.58,780.24,0.14
8,241.0,22.4694,34.9753,12.2529,78.9325,35.7738,21.354699999999998,27.5401,4.7514,2000.0,241.0,7.858700000000001,31.028599999999997,0.0,53.6135,23.114800000000002,14.861199999999998,18.974400000000003,1.3382,2000.0,241.0,15.654673333333335,33.17814,2.1581133333333336,67.41168,31.115380000000005,17.491166666666665,23.596833333333336,2.9347399999999997,2000.0,6322.83,3973.89,642.32,2899.7,344.88,1696.26,0.01
9,257.0,22.9851,32.98049999999999,9.439800000000002,74.8909,33.5209,19.868199999999995,25.9458,6.9236,2000.0,257.0,3.5396,27.423099999999998,0.0,29.214800000000004,18.9251,6.8997,13.8259,2.1084,2000.0,257.0,17.824193333333334,30.13713333333333,1.6029399999999998,49.30092666666666,27.269620000000003,13.486333333333333,20.292926666666666,4.073593333333333,2000.0,5928.88,3722.98,753.39,2941.91,360.92,1725.58,0.0
10,273.0,18.171599999999998,31.308100000000003,12.4947,83.6216,30.3189,15.9937,21.398000000000003,7.0649,2000.0,273.0,3.2669000000000006,25.4795,0.0,35.3628,7.9575,-2.0553,2.5117000000000003,2.0324,2000.0,273.0,11.468113333333335,28.358606666666667,2.8809466666666665,54.004859999999994,19.84798,8.360573333333335,13.557620000000002,4.22782,2000.0,5337.89,3221.68,803.34,2644.58,417.69,2188.85,0.03
11,289.0,17.7639,31.3457,9.955,76.2949,27.8469,13.622200000000001,20.0212,6.188000000000001,2000.0,289.0,3.5521000000000003,23.1692,0.0,33.708600000000004,6.552299999999999,-4.8063,1.1745,1.6764999999999999,2000.0,289.0,13.227833333333333,27.19315333333333,1.3734933333333332,51.43750666666667,19.831339999999997,6.487366666666667,13.215733333333333,3.383493333333334,2000.0,4581.96,2463.71,800.51,2169.66,416.03,1987.4,0.19
12,305.0,13.351700000000001,32.3621,29.372799999999998,97.75300000000001,22.026899999999998,17.5333,19.3429,7.0142,2000.0,305.0,2.3632,23.356299999999997,0.0,49.7711,4.6022,-5.5058,-1.5405,1.9636,2000.0,305.0,7.620726666666666,27.83588,4.344466666666667,76.05158666666665,15.875233333333334,8.133773333333332,11.90726,4.656320000000001,2000.0,4437.99,2257.82,753.93,1986.92,387.75,1634.41,0.0
