,DOY,INSgdmax,RADmax,RAINmax,RHmax,TMAXmax,TMINmax,Tmax,WINDmax,YEAR,DOY,INSgdmin,RADmin,RAINmin,RHmin,TMAXmin,TMINmin,Tmin,WINDmin,YEAR,DOY,INSgdmean,RADmean,RAINmean,RHmean,TMAXmean,TMINmean,Tmean,WINDmean,YEAR,NDVI,EVI,RED,NIR,BLUE,MIR,pixrel
0,113.0,29.585500000000003,30.093,8.5155,94.74099999999999,24.717,12.3095,16.652499999999996,7.8485,2000.0,113.0,2.14,22.472,0.0,34.695,3.359,-2.8545000000000003,-0.054,2.4395,2000.0,113.0,18.31923333333333,26.119366666666668,1.3570000000000002,63.35066666666666,16.386433333333336,4.690533333333333,10.58863333333333,4.063266666666666,2000.0,4438.14,2001.33,691.92,1749.07,349.77,1145.82,0.01
1,129.0,28.9095,33.244499999999995,23.5325,86.05250000000001,30.846000000000004,19.752999999999997,24.151,7.0280000000000005,2000.0,129.0,8.879000000000001,27.759,0.0,26.6415,13.6385,5.9565,10.014,1.736,2000.0,129.0,20.116833333333336,29.862133333333336,4.4177,50.80376666666666,24.400899999999993,12.587666666666669,18.504566666666665,4.568766666666667,2000.0,5354.5,2406.18,556.5,1800.97,290.64,1980.88,0.01
2,145.0,29.992,32.742999999999995,21.4795,94.1665,30.380999999999997,17.2085,22.626,6.3695,2000.0,145.0,3.5275000000000003,24.626000000000005,0.0,27.4165,13.956,5.389500000000001,9.0315,2.1975000000000002,2000.0,145.0,17.73856666666667,29.692399999999996,3.7133666666666665,64.23703333333333,22.712733333333333,12.042866666666669,17.141366666666666,4.037933333333333,2000.0,6432.21,3593.08,530.05,2478.57,286.21,997.43,0.1
3,161.0,30.211,34.13,29.006,92.9035,37.671,21.106,27.902,7.678000000000001,2000.0,161.0,6.603999999999999,28.7625,0.0,38.4725,18.553,5.986999999999999,13.9945,2.013,2000.0,161.0,20.628100000000003,31.484600000000004,3.767733333333333,63.648466666666664,25.4951,14.117166666666666,19.763733333333334,4.6361,2000.0,5575.63,3436.93,1074.57,2963.83,932.88,1592.39,1.67
4,177.0,32.794,34.108000000000004,36.7655,81.915,33.62949999999999,19.644,25.655,7.016500000000001,2000.0,177.0,4.9270000000000005,26.798000000000002,0.0,34.639500000000005,23.7935,10.623499999999998,17.605,1.8035,2000.0,177.0,24.45113333333333,30.288899999999998,8.202466666666668,60.022066666666674,28.0201,15.023033333333334,21.228299999999997,3.7941333333333334,2000.0,7298.44,3755.72,341.63,2294.7,192.89,1122.56,0.0
5,193.0,30.8395,35.689,27.5955,89.048,32.8375,22.521,26.356,5.157500000000001,2000.0,193.0,6.1725,30.0,0.0,56.593,21.878,12.433000000000002,16.8405,1.5,2000.0,193.0,21.15016666666667,33.05976666666667,6.457799999999999,74.84366666666666,29.14026666666667,18.669866666666667,23.39993333333333,2.879233333333334,2000.0,7655.93,4045.34,317.53,2440.03,176.96,690.78,0.13
6,209.0,27.993499999999997,33.711999999999996,10.7945,74.8455,35.704,21.456000000000003,26.498,5.289,2000.0,209.0,14.5905,28.239500000000003,0.0,44.8,25.976,10.647,18.217,1.2640000000000002,2000.0,209.0,22.113033333333334,31.365699999999997,1.6894000000000002,58.74476666666668,29.245233333333335,16.190366666666666,22.09853333333333,2.9232666666666667,2000.0,7701.16,4160.43,315.62,2503.26,177.61,761.47,0.59
7,225.0,27.6,34.882000000000005,18.342,76.59400000000001,33.943999999999996,22.272,26.967000000000002,4.9645,2000.0,225.0,7.229,28.4095,0.0,51.125499999999995,25.996000000000002,12.879499999999998,18.505499999999998,1.107,2000.0,225.0,19.91746666666667,32.168533333333336,3.2088999999999994,64.5158,30.893733333333337,17.1404,23.372766666666667,3.2082,2000.0,7931.87,4007.34,272.69,2354.17,144.29,1951.12,0.97
8,241.0,22.901000000000003,34.975,8.431000000000001,82.45849999999999,34.1175,21.2515,26.527499999999996,4.678999999999999,2000.0,241.0,6.193999999999999,30.786,0.0,59.551,21.363500000000002,14.713,18.0215,1.307,2000.0,241.0,14.603400000000004,33.042133333333325,2.0575333333333337,71.81883333333333,29.8722,17.017999999999997,22.697233333333337,2.919166666666667,2000.0,7423.03,3766.41,336.37,2295.39,184.41,1500.41,0.02
9,257.0,22.653499999999998,32.601,10.094000000000001,74.786,33.6045,19.4315,25.674999999999997,6.9395,2000.0,257.0,3.6345,27.4135,0.0,30.1625,18.808500000000002,6.4670000000000005,13.369499999999999,2.0845,2000.0,257.0,17.343300000000003,30.146699999999996,1.7492999999999999,49.78656666666666,26.851799999999997,13.092499999999998,19.8621,4.0718000000000005,2000.0,6556.53,2964.42,399.52,1919.42,210.58,1606.98,0.06
10,273.0,17.9815,30.861500000000003,13.611,81.008,29.699499999999997,15.9895,21.2105,7.1885,2000.0,273.0,3.5695,25.365499999999997,0.0,35.579,8.026,-2.0170000000000003,2.6540000000000004,2.213,2000.0,273.0,11.029500000000002,28.214766666666673,3.527233333333333,54.154866666666656,19.351033333333334,8.188866666666668,13.194433333333336,4.146633333333334,2000.0,4855.78,1995.17,567.16,1613.61,251.45,746.32,0.0
11,289.0,17.557000000000002,31.226,11.072000000000001,73.9355,28.0395,13.594000000000001,19.9165,6.077,2000.0,289.0,3.508,23.134,0.0,33.0635,6.48,-4.622,1.3570000000000002,1.5369999999999997,2000.0,289.0,13.04766666666667,27.086299999999998,1.2930333333333333,50.763799999999996,19.558866666666667,6.365666666666667,13.040466666666665,3.411666666666667,2000.0,4742.24,1760.96,501.74,1384.23,249.53,2090.92,0.0
12,305.0,13.156500000000001,32.8625,42.117,97.192,22.4155,17.758,19.55,6.912999999999999,2000.0,305.0,2.453,23.655500000000004,0.0,50.049,5.902,-5.7755,-1.0675,1.8325,2000.0,305.0,7.377066666666666,27.933633333333333,5.404666666666667,75.75136666666667,15.565066666666667,7.9456999999999995,11.723366666666667,4.752800000000001,2000.0,1965.81,1297.64,1803.02,2535.81,1569.07,539.52,2.36
