,DOY,INSgdmax,RADmax,RAINmax,RHmax,TMAXmax,TMINmax,Tmax,WINDmax,YEAR,DOY,INSgdmin,RADmin,RAINmin,RHmin,TMAXmin,TMINmin,Tmin,WINDmin,YEAR,DOY,INSgdmean,RADmean,RAINmean,RHmean,TMAXmean,TMINmean,Tmean,WINDmean,YEAR,NDVI,EVI,RED,NIR,BLUE,MIR,pixrel
0,113.0,28.12,30.78,18.17,98.17,22.71,11.53,17.05,5.83,2000.0,113.0,4.82,21.82,0.0,34.74,10.79,0.83,6.68,0.82,2000.0,113.0,17.018666666666668,26.983333333333334,2.3713333333333333,63.047999999999995,18.043333333333337,6.848666666666665,12.417333333333335,3.1366666666666663,2000.0,4981.8,2074.61,515.51,1577.57,269.26,1607.94,0.0
1,129.0,27.07,33.7,26.31,90.41,30.39,20.88,24.14,5.62,2000.0,129.0,3.13,26.93,0.0,36.35,13.55,3.64,11.04,1.97,2000.0,129.0,17.30933333333333,30.63133333333333,2.7726666666666664,60.903333333333336,24.06866666666667,13.747333333333334,18.743333333333336,3.5993333333333326,2000.0,6302.0,3031.41,448.59,2026.8,245.76,691.38,0.07
2,145.0,29.66,33.95,21.79,85.77,33.34,21.73,25.23,5.67,2000.0,145.0,3.85,27.29,0.0,26.59,13.01,3.96,10.35,0.98,2000.0,145.0,15.143333333333334,30.235333333333323,3.9286666666666665,62.31666666666667,24.501333333333335,12.731333333333332,18.386000000000003,3.3866666666666676,2000.0,7055.35,3694.71,367.86,2304.74,211.77,1636.38,0.0
3,161.0,30.49,35.32,28.8,88.93,35.68,23.65,27.51,6.12,2000.0,161.0,6.44,27.0,0.0,35.36,20.11,8.42,16.21,1.21,2000.0,161.0,19.684666666666665,31.795999999999996,4.795333333333333,58.63466666666668,26.729333333333333,16.423333333333332,21.568,3.8899999999999992,2000.0,8011.6,3998.79,241.19,2270.27,151.1,1799.82,0.54
4,177.0,32.26,34.67,27.5,77.56,33.48,21.99,26.19,6.02,2000.0,177.0,3.74,27.83,0.0,36.44,22.57,10.21,18.37,1.77,2000.0,177.0,21.497333333333337,30.91533333333333,8.683333333333334,57.146666666666675,28.717333333333332,16.231333333333335,22.421333333333333,3.191333333333333,2000.0,8041.86,4594.98,279.27,2718.41,176.37,1395.86,0.91
5,193.0,30.38,36.47,23.53,81.5,33.55,22.98,27.09,3.9,2000.0,193.0,5.36,30.78,0.0,45.59,27.42,16.25,22.35,1.04,2000.0,193.0,18.488666666666667,33.626666666666665,5.737333333333334,64.42866666666667,31.312666666666658,20.355333333333338,25.41533333333333,2.583333333333334,2000.0,7980.27,4740.16,282.09,2823.78,177.5,477.41,0.0
6,209.0,26.14,34.06,19.76,77.17,32.88,21.58,25.94,4.08,2000.0,209.0,10.48,28.94,0.0,42.62,27.17,13.65,20.66,0.95,2000.0,209.0,20.384666666666664,31.868000000000002,2.448,56.82266666666666,29.27266666666667,17.493999999999996,23.10733333333333,2.554,2000.0,7502.61,4046.56,420.02,2499.3,375.19,1000.02,1.09
7,225.0,26.5,34.85,23.65,73.75,35.22,23.36,28.9,4.67,2000.0,225.0,3.96,29.56,0.0,42.77,24.91,13.54,19.43,1.17,2000.0,225.0,20.440666666666665,32.36466666666668,4.026666666666666,57.01733333333333,32.068000000000005,18.603333333333335,24.941333333333336,2.664666666666667,2000.0,8183.66,4016.99,214.35,2257.0,130.1,1057.99,0.23
8,241.0,23.26,36.14,15.34,84.63,33.22,22.59,26.3,4.01,2000.0,241.0,9.07,30.71,0.0,53.57,21.34,15.27,19.16,0.98,2000.0,241.0,15.498666666666669,33.763333333333335,3.0320000000000005,72.366,30.4,19.59533333333333,24.53466666666667,2.3986666666666663,2000.0,7990.12,3802.35,217.04,2144.67,126.49,2042.49,0.0
9,257.0,24.44,34.67,31.47,83.9,33.29,22.3,25.12,5.92,2000.0,257.0,4.79,27.11,0.0,34.42,18.9,3.99,12.58,1.49,2000.0,257.0,17.172666666666668,30.69333333333334,5.285333333333332,59.46466666666666,26.264666666666663,13.652000000000003,19.987333333333332,3.235333333333334,2000.0,7129.21,3347.82,305.76,2009.15,176.15,1193.9,0.0
10,273.0,19.58,31.39,24.13,83.21,27.3,17.76,22.26,5.56,2000.0,273.0,2.27,24.05,0.0,39.35,8.7,1.37,5.17,1.76,2000.0,273.0,12.623333333333333,28.026666666666664,4.386666666666667,58.802666666666674,19.76066666666667,10.028666666666668,14.734000000000002,3.3373333333333335,2000.0,5695.79,2459.61,454.94,1693.0,262.4,1917.14,0.0
11,289.0,17.06,31.9,9.09,60.54,26.86,17.02,21.32,4.57,2000.0,289.0,6.26,24.44,0.0,34.22,8.78,-1.96,3.87,1.25,2000.0,289.0,13.171333333333331,27.538,1.43,48.83266666666666,20.736,8.074000000000002,14.401333333333334,2.6900000000000004,2000.0,5911.33,2175.49,341.33,1397.84,188.14,648.19,0.0
12,305.0,13.25,32.98,12.6,83.94,25.87,19.31,21.67,6.93,2000.0,305.0,1.69,25.67,0.0,40.38,13.42,2.08,7.24,1.15,2000.0,305.0,8.846000000000002,28.958666666666662,2.052,59.58866666666666,19.444,10.636666666666667,14.977333333333336,3.6719999999999997,2000.0,4841.52,1978.93,966.98,1956.16,824.21,901.33,1.15
