,DOY,INSgdmax,RADmax,RAINmax,RHmax,TMAXmax,TMINmax,Tmax,WINDmax,YEAR,DOY,INSgdmin,RADmin,RAINmin,RHmin,TMAXmin,TMINmin,Tmin,WINDmin,YEAR,DOY,INSgdmean,RADmean,RAINmean,RHmean,TMAXmean,TMINmean,Tmean,WINDmean,YEAR,NDVI,EVI,RED,NIR,BLUE,MIR,pixrel
0,113.0,29.0391,30.1269,7.696300000000001,93.33959999999999,25.629200000000004,14.0098,18.5516,5.8945,2000.0,113.0,2.7336,23.870299999999997,0.0,24.218200000000003,6.913600000000001,0.4821,3.4998000000000005,1.4506999999999999,2000.0,113.0,17.549453333333332,27.440060000000003,1.4735666666666667,56.27726666666667,19.068193333333333,6.598726666666667,12.964586666666667,3.3232800000000005,2000.0,5474.8,3250.86,754.23,2593.04,396.71,1529.47,0.38
1,129.0,26.805,34.054700000000004,23.4715,84.2651,29.7958,20.1186,23.3869,6.148199999999999,2000.0,129.0,6.164000000000001,27.401,0.0,33.225699999999996,14.8129,4.32,10.892199999999999,1.6811,2000.0,129.0,18.180926666666668,30.761093333333335,4.326646666666666,57.60863333333333,24.242333333333335,12.950886666666666,18.701459999999997,3.82826,2000.0,6557.34,4249.92,629.99,3055.54,343.33,1224.21,0.64
2,145.0,28.9748,33.4771,12.7301,84.79489999999998,34.6276,21.132799999999996,26.3812,5.2512,2000.0,145.0,3.2640000000000002,27.3525,0.0,24.0121,13.2747,4.6855,9.9636,1.4580000000000002,2000.0,145.0,18.85888666666667,30.727400000000003,2.7053599999999998,58.86030666666667,25.332933333333333,13.89840666666667,19.1461,3.6737,2000.0,6509.19,4366.64,687.18,3231.45,367.98,1374.46,0.0
3,161.0,30.9954,34.7521,27.5276,89.5962,36.5266,22.3393,27.633899999999997,6.367800000000001,2000.0,161.0,9.569799999999999,28.850300000000004,0.0,35.3258,21.063699999999997,5.9487000000000005,15.869600000000002,1.4056000000000002,2000.0,161.0,22.008019999999995,31.831579999999995,6.34712,60.981579999999994,26.778699999999997,15.7575,21.18754666666667,4.227973333333334,2000.0,7058.09,5091.62,622.14,3653.85,334.08,1721.88,0.01
4,177.0,31.8078,34.6936,30.1552,81.13409999999999,33.0202,21.0249,26.038,6.0864,2000.0,177.0,10.3387,27.259,0.0,40.709599999999995,23.7488,9.2415,17.534,1.4335999999999998,2000.0,177.0,22.487146666666668,31.05469333333333,8.147706666666666,63.743159999999996,28.069086666666667,15.666513333333333,21.715833333333336,3.140953333333333,2000.0,7768.58,5686.6,475.78,3833.93,259.82,1033.07,0.03
5,193.0,30.5145,36.731,16.5789,87.531,32.9153,23.436999999999998,27.031599999999997,3.8381,2000.0,193.0,5.0543,30.8026,0.0,60.3629,23.903100000000002,14.7406,19.529899999999998,1.0745,2000.0,193.0,19.558333333333334,34.05292,4.702493333333333,74.24701999999999,30.197913333333332,20.402333333333335,24.858586666666667,2.447026666666667,2000.0,7850.16,5973.81,481.57,4070.52,263.79,994.28,0.0
6,209.0,27.603099999999998,34.538700000000006,14.955100000000002,76.307,34.0791,20.956899999999997,25.9958,4.1262,2000.0,209.0,11.6234,29.654799999999998,0.0,45.2394,26.2828,12.4214,19.983,0.9263000000000001,2000.0,209.0,20.388033333333336,31.96672,3.2112133333333333,59.29717333333333,29.418153333333336,17.210886666666667,22.85165333333333,2.5179533333333333,2000.0,8040.65,5389.54,368.34,3401.22,208.85,772.2,0.62
7,225.0,26.9294,35.903200000000005,14.027700000000001,75.2738,36.3579,23.4426,29.249499999999998,4.1822,2000.0,225.0,6.3107,30.446899999999996,0.0,43.826,26.8569,14.1299,19.957,1.4004999999999996,2000.0,225.0,19.651920000000004,33.11608,3.416213333333333,59.363166666666665,32.70976666666667,19.011086666666667,25.42343333333333,2.8477,2000.0,7780.54,5119.55,418.56,3291.56,258.92,811.75,1.08
8,241.0,22.7237,35.517799999999994,9.1992,75.7602,37.0956,22.6696,28.582800000000002,3.9972,2000.0,241.0,8.2205,31.9932,0.0,49.1502,23.945999999999998,15.999999999999998,20.552,1.105,2000.0,241.0,16.803653333333333,33.99964666666666,1.0545333333333333,62.96456666666667,32.960813333333334,19.614173333333333,25.741333333333333,2.5668866666666665,2000.0,7274.65,4791.55,509.53,3244.47,270.78,957.93,0.0
9,257.0,23.954500000000003,33.5968,15.6644,78.5574,33.909099999999995,21.619699999999998,25.7337,5.593299999999999,2000.0,257.0,4.7934,27.2289,0.0,27.979,18.8302,5.004,14.651299999999999,1.5176,2000.0,257.0,18.924233333333333,30.327733333333335,2.606653333333334,50.89109333333333,27.796439999999997,14.185866666666666,20.840966666666663,3.4424666666666663,2000.0,6213.51,3794.88,670.58,2850.13,329.48,1724.19,0.0
10,273.0,19.5437,31.770100000000003,28.9961,84.3985,29.966199999999997,17.1954,22.156399999999998,6.0613,2000.0,273.0,1.6891999999999998,24.249100000000002,0.0,36.615700000000004,8.118500000000001,-0.023400000000000032,3.6542,1.6372000000000002,2000.0,273.0,12.589986666666668,28.326253333333327,4.697313333333333,54.724446666666665,21.1245,9.76296,14.956733333333332,3.87458,2000.0,5962.89,3527.63,667.39,2642.64,353.35,1860.11,0.0
11,289.0,18.8508,31.814600000000002,7.536,72.1676,27.1759,13.515799999999999,20.4751,5.5768,2000.0,289.0,3.6544999999999996,23.705000000000002,0.0,34.0383,7.3232,-4.2588,1.5596,1.4205,2000.0,289.0,13.624559999999997,27.637893333333334,1.6040666666666668,52.693460000000016,20.445046666666666,6.9984,13.761946666666667,2.8082200000000004,2000.0,5085.45,2948.56,797.83,2465.26,421.87,2033.38,0.0
12,305.0,13.8912,32.9357,22.5539,95.2301,23.398600000000002,17.5328,20.0545,6.158399999999999,2000.0,305.0,2.5037,24.6936,0.0,47.048500000000004,6.280099999999999,-1.542,1.1584999999999999,1.2752,2000.0,305.0,7.982006666666668,28.533053333333335,3.736573333333333,72.17045333333334,17.658873333333336,9.599166666666667,13.464986666666668,3.9301733333333337,2000.0,5244.94,2855.91,687.5,2265.94,355.91,1432.8,0.0
