,DOY,INSgdmax,RADmax,RAINmax,RHmax,TMAXmax,TMINmax,Tmax,WINDmax,YEAR,DOY,INSgdmin,RADmin,RAINmin,RHmin,TMAXmin,TMINmin,Tmin,WINDmin,YEAR,DOY,INSgdmean,RADmean,RAINmean,RHmean,TMAXmean,TMINmean,Tmean,WINDmean,YEAR,NDVI,EVI,RED,NIR,BLUE,MIR,pixrel
0,113.0,28.358800000000002,29.7762,9.9616,94.58789999999999,22.0306,10.0753,15.4836,5.9182,2000.0,113.0,2.0534,22.2128,0.0,30.193400000000004,3.5461,-2.2382999999999997,0.37360000000000004,1.2261,2000.0,113.0,17.41138,25.69531333333333,1.6855666666666669,65.89472666666666,14.0687,3.3865,8.597073333333332,2.955973333333333,2000.0,4038.01,1972.81,808.46,1891.66,406.36,1615.74,0.0
1,129.0,28.997500000000006,33.53529999999999,21.2198,80.73660000000001,30.0739,20.613099999999996,23.958099999999998,5.9207,2000.0,129.0,6.5674,26.363999999999997,0.0,30.3521,11.682599999999999,4.5811,8.940100000000001,2.5631999999999997,2000.0,129.0,19.271873333333332,29.46376666666666,4.23024,52.603973333333336,22.485306666666666,12.130819999999998,17.384146666666666,3.6862266666666663,2000.0,6693.26,3664.73,487.34,2458.83,260.94,727.39,0.0
2,145.0,31.198700000000002,30.838100000000004,27.8813,92.0321,27.8723,15.157000000000002,20.6018,6.242,2000.0,145.0,2.3344,23.8672,0.0,29.6522,14.9939,3.1886,8.5128,1.4925,2000.0,145.0,16.091753333333333,28.30252666666667,7.275199999999999,63.250640000000004,21.5386,10.341039999999998,15.530426666666665,3.305833333333333,2000.0,7361.2,4617.91,452.7,3028.84,244.45,1583.03,0.03
3,161.0,29.0347,33.482200000000006,46.279500000000006,85.2886,34.7875,21.575499999999998,26.663,5.466600000000001,2000.0,161.0,1.9168,27.7109,0.0,39.7765,15.944499999999998,6.4755,13.766200000000001,1.06,2000.0,161.0,18.86741333333333,31.101939999999992,7.608786666666665,62.347453333333334,24.47202,14.028166666666666,19.213953333333333,3.6183533333333333,2000.0,7523.3,5081.23,484.24,3383.17,285.73,1709.1,0.18
4,177.0,31.485300000000002,33.825300000000006,32.5788,75.7993,32.8471,19.994500000000002,25.35,6.3725,2000.0,177.0,7.9712000000000005,26.537799999999997,0.0,43.3022,21.977899999999998,10.9847,16.9697,1.6944000000000001,2000.0,177.0,23.20268666666667,29.937766666666665,8.521139999999999,55.06736666666667,27.53209333333333,15.470499999999996,21.219373333333337,3.6460466666666678,2000.0,8228.34,5462.8,319.56,3391.48,174.57,562.44,0.04
5,193.0,30.5272,34.7716,20.061999999999998,80.2106,31.9529,22.5362,26.5471,4.0219000000000005,2000.0,193.0,6.2311,27.932199999999998,0.0,48.809400000000004,18.6964,12.8342,15.4191,1.3953000000000002,2000.0,193.0,21.507326666666668,32.14797333333333,5.478446666666667,65.88332,28.87668,18.13449333333333,23.17724,2.6733000000000002,2000.0,8082.92,5631.19,371.22,3606.49,202.76,874.33,0.12
6,209.0,26.607799999999997,34.2231,20.9348,74.32260000000001,32.7661,19.6673,24.979300000000002,3.9056,2000.0,209.0,12.401299999999999,27.704800000000002,0.0,44.5969,25.0946,11.762400000000001,18.261100000000003,1.0127,2000.0,209.0,20.541513333333334,31.23082666666667,2.337833333333333,58.59600666666666,27.89285333333333,16.389453333333332,21.74788666666667,2.8671133333333336,2000.0,8342.49,5206.06,278.54,3129.56,152.93,1032.45,0.16
7,225.0,27.659100000000002,35.9098,18.112699999999997,78.7475,32.459900000000005,21.2749,26.0782,3.7421000000000006,2000.0,225.0,2.9092000000000002,27.851,0.0,46.8528,21.680100000000003,9.9756,17.045700000000004,1.3919000000000001,2000.0,225.0,19.686846666666668,31.208273333333338,4.119646666666667,62.809819999999995,28.99692666666667,16.500266666666665,22.382173333333334,2.7533200000000004,2000.0,7976.2,4929.31,333.0,3040.72,182.97,827.86,0.81
8,241.0,20.7434,33.9416,17.8081,85.39259999999999,31.748199999999997,21.985100000000003,24.663400000000003,3.6492999999999998,2000.0,241.0,5.9953,29.7671,0.0,61.38849999999999,20.4954,13.303700000000001,16.6085,0.9289,2000.0,241.0,14.03736,32.149660000000004,2.7728466666666667,75.59198666666667,27.14964666666667,17.147833333333335,21.5937,2.473066666666666,2000.0,7868.34,4527.66,327.97,2767.25,175.91,1771.85,0.09
9,257.0,22.9762,33.2995,18.439799999999998,82.9053,31.669700000000002,19.6259,23.6908,5.4977,2000.0,257.0,4.3753,26.364100000000004,0.0,34.944,18.1513,3.3629,12.7813,1.68,2000.0,257.0,17.488439999999997,29.620026666666668,3.8596733333333333,54.691053333333336,24.794126666666667,12.522713333333334,18.48651333333333,3.34594,2000.0,7173.07,3893.68,407.15,2479.35,221.65,726.78,0.0
10,273.0,19.0066,30.724700000000002,13.1864,82.87189999999998,27.0997,16.2559,20.772100000000002,5.537,2000.0,273.0,1.7476000000000003,23.797800000000002,0.0,37.544999999999995,7.821600000000001,1.109,4.1766000000000005,2.0742,2000.0,273.0,11.37252666666667,27.68970666666667,2.7483266666666673,53.740019999999994,17.711473333333334,8.26946,12.510126666666665,3.22554,2000.0,5546.73,2760.18,592.38,2092.48,285.34,1866.74,0.0
11,289.0,16.807199999999998,31.804699999999997,4.091200000000001,70.1757,27.271900000000002,14.3324,20.139599999999998,4.5203,2000.0,289.0,8.9876,24.256,0.0,28.552699999999998,6.3944,-1.9718,2.4925,0.9996,2000.0,289.0,13.203700000000001,27.078626666666665,0.4478533333333333,47.84618666666666,18.81086666666667,6.599613333333333,12.611453333333332,2.9036866666666667,2000.0,4857.53,1979.35,527.45,1546.54,265.0,1637.03,0.65
12,305.0,12.7163,32.263999999999996,35.5787,90.5161,23.063799999999997,16.4383,19.291,6.3088999999999995,2000.0,305.0,2.8247,23.6009,0.0,46.2069,7.6295,-1.6257000000000001,4.5147,1.1041,2000.0,305.0,8.05304,27.89058666666666,4.017153333333334,67.11635333333332,16.133326666666665,7.60496,11.932393333333334,3.86944,2000.0,4366.41,2010.96,813.38,1894.87,489.93,948.97,0.63
