,DOY,INSgdmax,RADmax,RAINmax,RHmax,TMAXmax,TMINmax,Tmax,WINDmax,YEAR,DOY,INSgdmin,RADmin,RAINmin,RHmin,TMAXmin,TMINmin,Tmin,WINDmin,YEAR,DOY,INSgdmean,RADmean,RAINmean,RHmean,TMAXmean,TMINmean,Tmean,WINDmean,YEAR,NDVI,EVI,RED,NIR,BLUE,MIR,pixrel
0,113.0,27.83,29.38,14.77,98.35,21.75,9.53,15.25,5.4,2000.0,113.0,0.86,21.2,0.0,33.47,8.31,-0.3,4.87,0.67,2000.0,113.0,16.371333333333332,26.42066666666667,3.0226666666666664,65.784,16.06066666666667,4.979333333333334,10.409333333333334,2.974666666666667,2000.0,462.79,-503.06,-137.92,287.59,-257.15,233.28,112.47
1,129.0,28.55,33.66,15.62,85.96,29.86,20.96,23.69,5.33,2000.0,129.0,3.74,25.38,0.0,32.46,13.1,4.18,10.12,2.49,2000.0,129.0,17.313333333333333,29.994000000000007,3.124666666666667,57.71733333333336,23.152,12.911999999999999,17.900000000000002,3.560666666666667,2000.0,1957.07,506.18,95.53,844.57,26.54,204.76,77.23
2,145.0,31.18,32.62,20.13,90.59,30.13,18.21,21.74,5.95,2000.0,145.0,1.37,24.98,0.0,28.24,14.68,2.67,9.43,1.18,2000.0,145.0,16.072,29.09666666666667,4.020666666666667,63.098,22.784000000000002,11.141333333333337,16.814666666666668,3.3459999999999996,2000.0,2617.84,849.16,-147.21,871.0,-196.24,686.41,89.66
3,161.0,29.95,34.34,43.27,93.88,34.92,22.77,27.12,5.84,2000.0,161.0,3.38,27.32,0.0,37.68,17.32,7.08,14.42,1.07,2000.0,161.0,19.516666666666666,31.141333333333332,6.702000000000001,60.439333333333344,25.606666666666666,15.208,20.422,3.7313333333333327,2000.0,2088.11,1216.68,871.48,1948.34,856.12,426.19,62.71
4,177.0,32.33,34.38,24.28,75.34,33.39,21.15,25.76,6.2,2000.0,177.0,5.98,27.04,0.0,38.13,20.27,10.49,16.52,1.68,2000.0,177.0,22.581999999999997,30.28133333333333,6.800666666666666,56.06933333333334,27.98066666666666,15.780000000000003,21.72066666666667,3.3546666666666662,2000.0,2789.49,1589.77,-75.7,1283.25,-95.83,24.37,74.38
5,193.0,31.07,35.39,19.43,79.76,33.28,22.66,27.22,3.91,2000.0,193.0,4.68,29.63,0.0,49.04,24.36,13.97,19.41,1.21,2000.0,193.0,21.055999999999997,32.804,5.509333333333334,61.86799999999998,30.636666666666667,19.38533333333333,24.605999999999998,2.6013333333333337,2000.0,2479.89,1234.51,-286.58,1154.9,-317.2,17.43,114.99
6,209.0,25.38,33.73,11.74,74.28,32.79,19.85,25.09,4.15,2000.0,209.0,5.98,28.55,0.0,42.95,26.33,13.04,19.91,1.32,2000.0,209.0,19.89333333333333,31.63466666666666,2.194666666666666,56.943999999999996,28.57,16.911999999999995,22.50666666666667,2.724666666666667,2000.0,2655.19,1029.02,-315.75,916.65,-316.88,-6.06,112.72
7,225.0,27.72,34.74,16.03,73.58,33.21,21.6,26.86,4.32,2000.0,225.0,3.85,29.12,0.0,45.53,23.41,12.11,17.92,1.48,2000.0,225.0,20.113333333333333,31.79133333333333,4.240666666666667,59.22599999999999,30.488000000000003,17.508666666666667,23.657333333333337,2.7100000000000004,2000.0,2271.33,771.27,-224.1,912.28,-263.03,96.48,117.67
8,241.0,22.25,35.28,9.85,83.24,31.92,22.55,25.82,3.89,2000.0,241.0,4.68,29.95,0.0,55.72,20.61,14.33,17.77,0.73,2000.0,241.0,14.529333333333335,32.851333333333336,2.4146666666666667,73.14866666666667,28.837333333333337,18.593999999999998,23.277333333333335,2.429333333333333,2000.0,2419.07,537.67,-371.15,640.25,-401.15,356.95,119.97
9,257.0,23.58,34.52,22.33,83.82,32.63,21.78,24.53,5.52,2000.0,257.0,2.74,26.32,0.0,35.63,18.21,2.8,12.0,1.69,2000.0,257.0,16.156000000000002,30.288,4.621333333333334,59.43066666666666,25.450666666666667,13.149333333333335,19.186666666666667,3.2646666666666677,2000.0,2057.02,329.52,-331.72,589.84,-378.21,-55.48,122.41
10,273.0,19.15,30.78,18.13,84.25,26.8,16.94,21.38,5.1,2000.0,273.0,1.33,23.9,0.0,40.16,8.5,1.66,5.02,1.21,2000.0,273.0,12.257333333333339,27.631999999999998,3.3466666666666662,55.364000000000004,18.795333333333335,8.901333333333332,13.623999999999997,3.178,2000.0,877.84,-565.94,-331.49,207.59,-429.98,307.88,137.71
11,289.0,17.21,31.18,5.93,63.53,26.69,15.31,20.44,4.54,2000.0,289.0,8.64,24.16,0.0,30.74,8.18,-1.28,3.85,1.22,2000.0,289.0,13.421333333333331,27.15333333333334,0.7140000000000001,47.15266666666666,20.037999999999997,7.449999999999999,13.723333333333334,2.8366666666666664,2000.0,507.81,-882.93,-364.55,18.94,-440.75,87.52,143.04
12,305.0,13.1,32.33,36.39,86.03,24.5,17.59,20.54,6.63,2000.0,305.0,1.98,24.66,0.0,41.93,10.97,0.79,6.75,1.08,2000.0,305.0,8.759999999999998,28.31266666666667,3.880000000000001,60.46533333333333,18.008666666666667,9.277999999999999,13.584666666666665,3.6700000000000004,2000.0,1261.56,74.3,799.52,1202.61,745.82,346.55,64.84
