,DOY,INSgdmax,RADmax,RAINmax,RHmax,TMAXmax,TMINmax,Tmax,WINDmax,YEAR,DOY,INSgdmin,RADmin,RAINmin,RHmin,TMAXmin,TMINmin,Tmin,WINDmin,YEAR,DOY,INSgdmean,RADmean,RAINmean,RHmean,TMAXmean,TMINmean,Tmean,WINDmean,YEAR,NDVI,EVI,RED,NIR,BLUE,MIR,pixrel
0,113.0,28.8502,30.154999999999998,7.765000000000001,87.88480000000001,27.778,13.2134,19.4936,7.1388,2000.0,113.0,2.2282,25.277599999999996,0.0,31.616999999999997,6.531599999999999,-1.0724,2.6638,2.4408000000000003,2000.0,113.0,17.441973333333337,27.761733333333332,1.43608,55.61473333333335,19.126346666666667,6.801653333333332,13.030893333333333,4.070399999999999,2000.0,3461.47,2232.65,1353.64,2766.58,654.92,1597.62,0.0
1,129.0,28.5848,33.2314,12.521999999999998,84.2422,30.778600000000004,19.041800000000002,23.3814,6.4084,2000.0,129.0,5.9362,26.5824,0.0,27.2294,15.409400000000002,6.3676,11.702200000000001,1.4853999999999998,2000.0,129.0,19.413893333333338,30.275,2.5185733333333333,52.23530666666666,24.89825333333334,12.908666666666665,19.005119999999998,4.381986666666667,2000.0,4360.02,2802.28,1116.2,2824.36,548.15,2096.97,0.08
2,145.0,30.961,33.539,14.9958,90.3454,33.9726,22.6276,26.5286,5.454400000000001,2000.0,145.0,4.7316,26.867199999999997,0.0,26.002200000000002,14.2656,6.1888,9.956999999999999,1.8336000000000001,2000.0,145.0,19.977693333333335,30.59684,2.3826666666666663,60.23330666666667,25.50904,13.607186666666665,19.268466666666665,3.872,2000.0,4504.75,2914.45,1099.21,2873.48,541.43,2210.62,0.01
3,161.0,30.127000000000002,34.285000000000004,28.424400000000002,86.38300000000001,36.9098,21.400000000000002,27.8754,8.041,2000.0,161.0,10.483,28.8748,0.0,37.239,20.2852,8.2094,15.717200000000002,2.3731999999999998,2000.0,161.0,22.86768,31.37685333333333,4.44212,61.21662666666667,26.834466666666664,15.334066666666665,20.92330666666667,4.83356,2000.0,6217.96,4396.35,817.95,3483.04,422.33,1721.81,0.0
4,177.0,32.385,34.1498,36.525800000000004,80.3626,32.6194,20.3314,25.3086,6.5844,2000.0,177.0,7.234,27.54,0.0,41.446,23.5664,9.4746,17.2078,1.2516,2000.0,177.0,24.440146666666664,30.78808,8.256933333333333,64.74173333333334,27.98361333333333,15.222093333333333,21.36117333333333,3.3420133333333335,2000.0,7593.5,5324.01,484.24,3579.89,259.71,963.23,0.0
5,193.0,30.840200000000003,36.1426,24.864399999999996,88.10920000000002,34.4028,22.5854,26.8776,4.9016,2000.0,193.0,6.5312,31.0424,0.0,60.105599999999995,23.4972,13.5626,18.498800000000003,1.1512000000000002,2000.0,193.0,22.81225333333333,33.74613333333333,5.218746666666667,74.81565333333332,30.605759999999997,19.645386666666667,24.532826666666665,2.7932533333333334,2000.0,8416.0,6314.33,343.79,4074.37,188.37,1616.16,0.0
6,209.0,29.530399999999997,33.9646,24.5784,78.16319999999999,35.035199999999996,21.5092,26.326,5.1116,2000.0,209.0,12.8248,29.612199999999998,0.0,47.1536,26.8814,12.3866,19.7052,0.9516,2000.0,209.0,21.059733333333337,32.27137333333333,3.324373333333333,61.35062666666667,29.8812,17.13772,22.846546666666665,2.66824,2000.0,8158.85,6625.15,452.16,4534.11,250.62,991.54,1.01
7,225.0,26.623600000000003,35.7098,15.748399999999998,77.5968,35.984,21.6458,27.844,4.8374,2000.0,225.0,4.1722,30.991999999999997,0.0,51.6874,26.6282,14.1312,19.415200000000002,1.7396,2000.0,225.0,19.984600000000004,33.28412,2.0086533333333336,64.13081333333332,32.31621333333334,18.73342666666667,24.857573333333335,3.427426666666666,2000.0,7527.8,5467.47,532.16,3747.21,318.65,1695.21,1.06
8,241.0,23.293599999999998,35.523399999999995,13.364799999999999,68.9714,39.69120000000001,22.1468,29.869,4.989,2000.0,241.0,10.7756,31.7462,0.0,40.4562,28.063200000000002,14.764,22.165599999999998,1.3142,2000.0,241.0,18.235613333333333,33.64020000000001,2.23244,55.518640000000005,34.12128,18.75644,25.99645333333333,2.9712133333333335,2000.0,4806.18,2873.04,924.9,2628.7,441.9,1804.28,0.0
9,257.0,23.5708,33.745,9.6832,76.5736,33.2366,20.427799999999998,26.4572,6.936400000000001,2000.0,257.0,3.0364000000000004,27.375,0.0,27.3914,19.1702,7.772399999999999,14.6488,2.1252,2000.0,257.0,18.57074666666667,30.146986666666663,1.2872666666666668,49.016879999999986,28.114666666666672,14.330333333333332,21.228533333333335,4.13252,2000.0,3835.25,2203.97,1161.79,2548.61,484.09,1874.26,0.0
10,273.0,18.6374,31.5748,9.6126,86.8218,31.827600000000004,16.041999999999998,21.987000000000002,6.8748000000000005,2000.0,273.0,3.5414000000000003,25.5278,0.0,34.158,7.9098,-1.3512,2.5856,1.5606,2000.0,273.0,12.505199999999999,28.587453333333336,1.8393733333333335,53.84060000000001,20.85358666666667,8.764453333333332,14.316373333333337,4.427413333333334,2000.0,3466.38,2172.84,1364.27,2762.36,627.24,2105.91,0.03
11,289.0,17.9812,31.2946,8.853000000000002,81.7026,27.2744,14.0496,20.2338,6.4206,2000.0,289.0,2.9584,23.294,0.0,32.5984,6.6622,-5.2882,0.897,1.8627999999999998,2000.0,289.0,13.86892,27.255933333333324,1.4348,52.667653333333334,20.456960000000002,6.981773333333333,13.746653333333335,3.3705333333333334,2000.0,2953.03,1851.63,1367.9,2489.99,652.84,1904.53,0.9
12,305.0,13.4962,32.123999999999995,14.453,99.5178,21.459,17.102800000000002,18.653,7.0682,2000.0,305.0,2.0860000000000003,23.0312,0.0,51.05799999999999,1.6682,-4.6408000000000005,-2.1372,2.2529999999999997,2000.0,305.0,7.773053333333333,27.999599999999997,3.37864,77.42622666666668,16.473773333333334,8.46284,12.278933333333333,4.531053333333334,2000.0,3221.31,1510.39,893.75,1734.58,420.78,1979.61,0.01
