,DOY,INSgdmax,RADmax,RAINmax,RHmax,TMAXmax,TMINmax,Tmax,WINDmax,YEAR,DOY,INSgdmin,RADmin,RAINmin,RHmin,TMAXmin,TMINmin,Tmin,WINDmin,YEAR,DOY,INSgdmean,RADmean,RAINmean,RHmean,TMAXmean,TMINmean,Tmean,WINDmean,YEAR,NDVI,EVI,RED,NIR,BLUE,MIR,pixrel
0,113.0,28.84,30.24,9.38,91.04,27.54,11.68,19.14,7.54,2000.0,113.0,1.3,25.06,0.0,31.94,5.43,-1.63,1.96,2.74,2000.0,113.0,17.352666666666668,27.424,1.5113333333333336,56.81266666666668,18.61,6.297999999999999,12.543333333333333,4.163333333333333,2000.0,3466.14,2183.75,1299.83,2660.92,637.17,1589.01,0.01
1,129.0,28.51,33.16,13.27,84.47,30.51,19.12,23.48,6.49,2000.0,129.0,7.49,26.46,0.0,24.37,14.76,6.49,11.25,1.38,2000.0,129.0,19.714000000000002,30.088000000000008,2.5573333333333332,50.60466666666666,25.032666666666675,12.82933333333333,19.027333333333335,4.4846666666666675,2000.0,4165.49,2697.69,1157.93,2816.48,572.77,2314.34,0.14
2,145.0,30.74,33.59,13.85,92.11,32.99,22.07,25.75,5.4,2000.0,145.0,3.46,26.5,0.0,26.4,14.32,6.42,9.77,1.82,2000.0,145.0,19.086666666666666,30.474666666666664,2.3033333333333332,61.470000000000006,24.878,13.149999999999999,18.768666666666665,3.917333333333333,2000.0,4733.44,3169.57,1081.64,3027.78,546.52,2262.32,0.0
3,161.0,29.77,34.2,31.09,87.42,37.26,21.23,28.11,8.16,2000.0,161.0,9.65,28.8,0.0,37.29,19.68,8.07,15.18,2.38,2000.0,161.0,22.51,31.378666666666668,4.13,61.45666666666667,26.618,15.013333333333332,20.675333333333334,4.833333333333333,2000.0,6474.08,4577.61,756.42,3501.52,399.01,1607.0,0.01
4,177.0,32.47,34.16,42.69,80.23,32.82,19.92,25.21,6.7,2000.0,177.0,4.82,27.54,0.0,37.06,23.92,9.58,17.15,1.34,2000.0,177.0,24.72733333333333,30.625333333333334,7.631333333333332,63.28200000000001,28.037333333333333,15.07,21.312666666666658,3.443333333333334,2000.0,7692.71,5337.3,455.38,3538.13,245.54,1001.38,0.03
5,193.0,31.0,36.18,24.81,89.51,33.75,22.31,26.66,4.99,2000.0,193.0,5.11,30.92,0.0,61.18,23.47,12.75,18.05,1.09,2000.0,193.0,22.107999999999997,33.66,6.007999999999999,75.77399999999999,30.266666666666666,19.314000000000004,24.207333333333334,2.876666666666667,2000.0,8358.8,6553.71,384.18,4345.73,213.05,1316.91,0.0
6,209.0,30.02,33.73,24.49,75.96,35.62,21.72,26.7,5.2,2000.0,209.0,14.11,29.16,0.0,47.31,26.98,11.71,19.1,0.87,2000.0,209.0,21.220666666666666,32.212666666666664,3.577333333333333,60.57066666666667,29.876666666666676,16.891333333333336,22.694000000000003,2.7239999999999998,2000.0,8242.71,6850.02,457.55,4663.74,282.41,1032.39,1.36
7,225.0,26.78,35.21,16.68,76.57,35.1,21.35,27.3,4.97,2000.0,225.0,5.08,30.38,0.0,55.22,26.38,13.73,18.98,1.59,2000.0,225.0,20.124000000000002,32.983333333333334,1.9413333333333336,65.19999999999999,31.92,18.32066666666667,24.38066666666667,3.4453333333333322,2000.0,7519.53,5242.67,497.49,3536.01,297.25,1002.76,1.08
8,241.0,23.11,35.35,15.67,72.81,38.95,21.63,29.24,5.04,2000.0,241.0,10.15,31.43,0.0,42.35,26.88,14.39,21.03,1.27,2000.0,241.0,17.40533333333333,33.39200000000001,2.5273333333333334,59.180666666666674,33.206,18.02,25.077999999999996,3.0113333333333334,2000.0,4932.15,2999.31,912.64,2671.75,457.5,1804.77,0.0
9,257.0,23.36,33.66,5.78,75.71,33.24,19.86,26.43,7.12,2000.0,257.0,1.69,27.29,0.0,28.17,19.16,7.31,14.54,2.03,2000.0,257.0,17.988666666666667,30.073999999999998,1.0186666666666666,48.824666666666666,27.933333333333334,13.973333333333333,20.963333333333335,4.208,2000.0,3936.7,2300.99,1159.26,2603.04,492.56,1851.58,0.0
10,273.0,18.43,31.5,9.14,87.07,31.78,15.77,21.8,6.8,2000.0,273.0,3.64,25.81,0.0,34.43,7.92,-1.97,2.3,1.7,2000.0,273.0,12.251333333333331,28.660666666666668,1.9053333333333335,53.79866666666668,20.53466666666667,8.389999999999999,13.946000000000003,4.423333333333334,2000.0,3564.38,2246.09,1361.24,2803.15,638.84,1846.59,0.0
11,289.0,17.75,30.89,5.3,81.06,27.56,13.9,20.04,6.39,2000.0,289.0,2.7,23.26,0.0,32.51,6.55,-5.38,0.88,1.89,2000.0,289.0,13.651999999999997,27.27066666666666,1.1900000000000002,52.096000000000004,20.272,6.744000000000001,13.520666666666665,3.445333333333333,2000.0,2920.64,1825.61,1384.54,2508.28,678.41,2125.34,0.62
12,305.0,13.18,32.26,13.11,99.29,21.34,17.13,18.67,7.16,2000.0,305.0,2.12,22.97,0.0,50.82,1.76,-5.28,-2.62,2.44,2000.0,305.0,7.674000000000001,27.872666666666667,3.176,77.47133333333333,16.15666666666667,8.136666666666665,11.959333333333332,4.670000000000001,2000.0,3065.64,1454.52,1063.74,1877.47,583.89,1919.75,0.18
