,DOY,INSgdmax,RADmax,RAINmax,RHmax,TMAXmax,TMINmax,Tmax,WINDmax,YEAR,DOY,INSgdmin,RADmin,RAINmin,RHmin,TMAXmin,TMINmin,Tmin,WINDmin,YEAR,DOY,INSgdmean,RADmean,RAINmean,RHmean,TMAXmean,TMINmean,Tmean,WINDmean,YEAR,NDVI,EVI,RED,NIR,BLUE,MIR,pixrel
0,113.0,28.3,31.32,21.84,86.13,29.45,19.56,23.9,7.13,2001.0,113.0,10.98,22.97,0.0,27.12,5.56,-2.87,2.0,1.73,2001.0,113.0,21.13066666666667,27.332000000000004,2.908,49.996,19.887999999999998,6.862666666666668,13.69,4.242,2001.0,297.99,-865.61,-356.03,89.21,-457.97,-138.05,147.91
1,129.0,28.55,32.72,22.88,88.21,27.76,19.64,22.97,5.35,2001.0,129.0,6.59,27.4,0.0,43.07,17.0,7.33,12.38,1.05,2001.0,129.0,18.959333333333333,30.514,8.198666666666666,69.40133333333333,22.59266666666667,13.033333333333333,17.895333333333333,3.4206666666666665,2001.0,672.31,-533.54,-326.23,234.8,-416.13,-126.85,137.96
2,145.0,29.88,31.68,16.51,78.29,26.81,18.11,21.51,4.92,2001.0,145.0,6.52,25.81,0.0,34.12,11.48,2.69,8.4,0.87,2001.0,145.0,17.787333333333333,28.377999999999997,5.219333333333334,61.15466666666668,19.646666666666665,9.018,14.38,2.802,2001.0,1265.78,95.61,-392.8,567.2,-457.63,-250.42,142.83
3,161.0,31.39,34.13,19.47,89.3,30.46,21.38,25.25,4.78,2001.0,161.0,1.98,27.54,0.0,53.39,15.68,7.27,11.81,1.29,2001.0,161.0,18.707999999999995,30.553999999999995,6.507333333333333,70.59066666666666,24.89333333333333,13.826666666666664,19.362000000000005,2.9433333333333334,2001.0,1478.48,270.87,-451.88,667.87,-507.65,-310.19,150.45
4,177.0,32.33,33.55,14.27,73.04,33.06,20.82,26.67,4.03,2001.0,177.0,8.57,26.32,0.0,36.58,22.56,9.67,17.53,1.14,2001.0,177.0,24.83333333333333,30.525333333333336,2.7479999999999993,51.456,28.487333333333332,16.270666666666667,22.412,2.5146666666666664,2001.0,2617.06,1625.71,108.7,1290.51,98.61,187.53,43.78
5,193.0,32.04,36.32,17.51,71.88,34.76,23.21,27.19,3.13,2001.0,193.0,9.32,27.61,0.0,38.35,26.87,11.46,19.96,0.97,2001.0,193.0,23.86866666666667,32.157333333333334,1.6633333333333333,52.10333333333334,31.17933333333333,18.31066666666667,24.68466666666667,2.1433333333333335,2001.0,1689.43,459.41,-468.3,742.87,-511.7,-339.62,147.98
6,209.0,25.31,36.65,21.15,86.22,34.35,24.32,27.91,3.76,2001.0,209.0,10.66,30.6,0.0,56.07,26.07,16.11,21.35,0.9,2001.0,209.0,19.496,33.775999999999996,4.046666666666667,72.28733333333334,30.38533333333333,20.51733333333333,25.194000000000003,1.953333333333333,2001.0,1973.02,628.5,-412.2,753.04,-445.67,-270.9,130.12
7,225.0,27.22,34.52,20.54,84.07,31.96,23.77,27.09,3.64,2001.0,225.0,4.43,28.48,0.0,46.94,20.19,8.82,17.48,0.73,2001.0,225.0,20.897333333333332,31.34466666666667,2.283333333333333,66.53533333333333,26.988666666666667,16.218,21.595333333333336,2.2653333333333334,2001.0,1966.9,251.7,-472.98,534.26,-503.54,-361.55,142.85
8,241.0,24.62,34.96,7.14,89.48,31.9,21.35,25.23,3.59,2001.0,241.0,5.11,27.32,0.0,53.64,23.39,10.82,16.67,1.28,2001.0,241.0,18.51066666666667,31.170666666666666,2.238,68.97533333333334,27.00333333333334,16.099333333333334,21.31600000000001,2.344,2001.0,1773.64,333.75,-413.28,581.3,-447.23,-300.89,132.69
9,257.0,22.86,34.31,14.28,87.72,25.85,21.15,22.74,4.51,2001.0,257.0,5.4,26.1,0.0,54.15,17.95,7.74,12.72,1.14,2001.0,257.0,12.293333333333333,29.951999999999998,5.876666666666668,71.29466666666667,21.486666666666668,12.198000000000002,16.848,2.666666666666667,2001.0,1252.57,-192.46,-416.91,376.26,-492.96,-308.74,142.81
10,273.0,19.98,30.74,31.42,84.3,28.54,13.85,18.43,4.0,2001.0,273.0,5.18,22.93,0.0,38.29,11.59,-2.54,5.86,1.16,2001.0,273.0,15.649999999999999,26.028000000000006,2.9573333333333327,62.498000000000005,16.989333333333335,6.330666666666665,11.457333333333333,2.806,2001.0,586.94,-658.84,-380.8,200.53,-479.26,-307.57,150.45
11,289.0,15.95,31.32,23.61,95.13,20.35,12.08,16.05,5.56,2001.0,289.0,4.86,23.87,0.0,45.96,9.23,-0.56,5.08,1.58,2001.0,289.0,10.052666666666665,27.522666666666666,4.1242857142857146,69.60066666666668,16.092,6.303333333333334,11.150000000000004,3.2560000000000002,2001.0,552.22,-955.77,-446.9,-55.14,-512.44,-320.87,150.45
12,305.0,13.07,29.12,8.15,77.8,22.24,12.23,16.69,8.45,2001.0,305.0,5.11,22.75,0.0,38.99,4.44,-3.28,0.98,2.24,2001.0,305.0,9.544,26.026666666666664,1.012,59.034,14.814,4.441333333333334,9.470666666666666,3.895333333333333,2001.0,623.5,-910.55,-420.11,-36.4,-486.05,-258.83,145.37
