,DOY,INSgdmax,RADmax,RAINmax,RHmax,TMAXmax,TMINmax,Tmax,WINDmax,YEAR,DOY,INSgdmin,RADmin,RAINmin,RHmin,TMAXmin,TMINmin,Tmin,WINDmin,YEAR,DOY,INSgdmean,RADmean,RAINmean,RHmean,TMAXmean,TMINmean,Tmean,WINDmean,YEAR,NDVI,EVI,RED,NIR,BLUE,MIR,pixrel
0,113.0,27.47,31.68,32.08,95.12,30.12,15.32,22.93,8.53,2001.0,113.0,1.4,22.75,0.0,35.46,4.26,-3.0,0.41,2.3,2001.0,113.0,18.329333333333334,26.902666666666665,5.673333333333333,61.81533333333333,17.787333333333333,5.568666666666667,11.854666666666668,4.718666666666666,2001.0,1955.96,847.33,895.53,1336.83,500.23,1783.2,0.23
1,129.0,29.81,32.98,19.93,86.27,29.76,19.18,24.48,6.84,2001.0,129.0,2.41,28.37,0.0,37.96,16.11,4.58,11.68,2.25,2001.0,129.0,16.680666666666667,29.860666666666667,4.695333333333334,60.33933333333334,22.646,10.778000000000002,16.903333333333332,4.424666666666665,2001.0,2606.25,1170.16,874.72,1491.67,483.21,1654.99,0.25
2,145.0,27.43,31.82,16.26,83.63,27.34,16.42,21.71,6.95,2001.0,145.0,4.46,26.93,0.0,37.13,10.89,4.51,8.36,0.98,2001.0,145.0,15.932666666666666,29.128,4.368666666666667,57.74133333333332,20.07,9.974666666666668,15.144,4.076,2001.0,3245.23,1537.68,835.41,1656.86,460.59,1749.6,0.76
3,161.0,30.89,34.34,21.57,93.67,31.61,19.01,23.92,6.4,2001.0,161.0,4.97,29.12,0.0,45.44,16.25,8.17,14.0,1.35,2001.0,161.0,20.126666666666665,30.850000000000005,5.449333333333334,68.00466666666667,24.618000000000002,13.295333333333334,19.004,3.7179999999999995,2001.0,3192.11,1389.28,743.51,1465.6,408.87,1649.41,0.66
4,177.0,31.28,34.78,20.89,67.21,35.65,22.24,28.64,7.31,2001.0,177.0,13.9,29.88,0.0,42.74,21.93,10.81,16.57,1.58,2001.0,177.0,23.834666666666656,32.05533333333334,3.855333333333333,54.96466666666666,28.42866666666667,16.904,22.31866666666666,3.8380000000000005,2001.0,7247.13,4483.84,432.94,2943.45,225.93,935.46,0.07
5,193.0,30.85,35.57,16.73,83.98,34.25,22.23,26.53,5.51,2001.0,193.0,14.69,27.04,0.0,41.58,26.18,13.88,20.44,0.38,2001.0,193.0,22.848000000000003,32.69466666666667,3.122666666666667,55.06266666666667,31.41666666666667,18.973333333333333,24.81333333333333,2.790666666666666,2001.0,8163.77,5999.8,382.46,3937.4,200.63,644.27,0.04
6,209.0,28.76,35.96,14.51,93.14,32.69,23.29,27.04,5.83,2001.0,209.0,4.82,31.32,0.0,74.09,22.76,15.27,19.19,2.14,2001.0,209.0,18.564,33.70066666666666,3.72,83.888,27.746,19.360666666666667,23.120666666666672,3.332,2001.0,7446.39,5330.56,530.79,3725.64,268.05,691.15,0.0
7,225.0,28.01,33.95,11.7,91.29,30.69,21.71,25.36,4.88,2001.0,225.0,4.46,27.32,0.0,60.53,19.05,9.45,13.85,1.52,2001.0,225.0,20.316666666666666,30.559333333333328,1.2786666666666664,75.93133333333334,25.024,14.221333333333332,19.308,3.154000000000001,2001.0,4438.23,2628.99,1004.89,2612.3,427.68,1345.08,0.0
8,241.0,24.73,34.16,6.79,94.05,31.37,18.44,23.87,5.46,2001.0,241.0,7.42,26.93,0.0,43.71,22.26,9.24,16.06,0.94,2001.0,241.0,20.032666666666668,30.671333333333326,1.333333333333333,69.04466666666667,27.149333333333335,14.849333333333332,20.646666666666665,3.3893333333333335,2001.0,3792.64,2270.19,1185.64,2620.57,499.03,1634.0,0.0
9,257.0,22.75,32.47,25.18,92.88,28.0,15.18,19.29,5.02,2001.0,257.0,3.49,25.78,0.0,50.89,13.46,3.69,10.75,1.35,2001.0,257.0,12.546,28.889999999999997,5.602666666666667,76.36999999999999,18.819999999999997,10.306666666666667,14.465333333333335,2.9993333333333334,2001.0,2637.82,1420.53,1124.78,1944.52,566.6,1666.58,0.3
10,273.0,20.02,28.87,6.02,83.98,31.04,11.17,19.61,5.93,2001.0,273.0,6.95,24.08,0.0,40.96,10.85,0.61,6.19,0.6,2001.0,273.0,15.81,25.948,0.8113333333333334,63.59733333333334,17.236666666666668,5.857333333333332,11.178000000000003,3.006666666666667,2001.0,2268.11,1128.66,1063.13,1692.46,563.91,1585.03,0.08
11,289.0,16.31,29.84,11.95,87.41,19.0,9.9,13.95,6.14,2001.0,289.0,5.22,22.93,0.0,47.79,8.71,0.95,4.98,1.74,2001.0,289.0,11.136666666666667,26.50666666666667,1.6699999999999997,64.06066666666666,15.653333333333334,4.774,9.999333333333334,4.078666666666666,2001.0,2185.42,969.79,926.41,1447.65,497.17,1432.77,0.06
12,305.0,12.24,27.83,3.6,89.19,21.56,9.41,13.04,10.32,2001.0,305.0,5.4,22.18,0.0,41.7,4.4,-5.88,-0.06,1.6,2001.0,305.0,10.062000000000003,25.435999999999993,0.6546666666666667,64.34466666666665,13.246666666666668,3.217999999999999,7.553999999999999,4.701333333333333,2001.0,2000.85,894.6,950.57,1430.04,513.18,1461.69,0.15
