,DOY,INSgdmax,RADmax,RAINmax,RHmax,TMAXmax,TMINmax,Tmax,WINDmax,YEAR,DOY,INSgdmin,RADmin,RAINmin,RHmin,TMAXmin,TMINmin,Tmin,WINDmin,YEAR,DOY,INSgdmean,RADmean,RAINmean,RHmean,TMAXmean,TMINmean,Tmean,WINDmean,YEAR,NDVI,EVI,RED,NIR,BLUE,MIR,pixrel
0,113.0,27.8345,31.060899999999997,21.921799999999998,92.9554,29.682899999999997,18.1998,23.293800000000005,8.255500000000001,2001.0,113.0,4.2973,23.3076,0.0,36.3127,7.1133,-1.6991999999999998,2.9593,1.9823,2001.0,113.0,19.49382666666667,27.583840000000002,3.72332,56.95056666666666,20.591726666666666,7.581773333333333,14.13878,4.991413333333334,2001.0,4825.73,3082.18,971.37,2802.74,504.26,2102.0,0.04
1,129.0,29.3432,32.209999999999994,28.079900000000002,93.4928,30.054000000000002,19.0442,23.6269,6.4834,2001.0,129.0,2.032,28.621100000000002,0.0,46.4453,15.715800000000002,6.599499999999999,12.5959,1.488,2001.0,129.0,17.182199999999998,30.356520000000003,7.835813333333333,70.62558,22.461060000000003,11.853713333333332,17.42643333333334,4.265626666666667,2001.0,6514.62,4213.4,623.08,3040.12,333.81,1258.71,0.15
2,145.0,26.081799999999998,31.997899999999994,19.5015,81.5563,28.173099999999998,16.1463,21.6722,6.636,2001.0,145.0,2.9245,27.471600000000002,0.0,35.0526,11.859300000000001,5.966499999999999,9.644100000000002,1.2932,2001.0,145.0,15.744753333333332,29.35322,5.202086666666666,58.293126666666666,20.514713333333333,10.263626666666667,15.342380000000002,4.098553333333333,2001.0,7171.69,4826.0,531.47,3320.42,286.71,1103.17,0.28
3,161.0,31.272800000000004,34.075900000000004,21.0334,91.625,31.902900000000002,19.9636,24.5501,6.819800000000001,2001.0,161.0,6.2996,29.005499999999998,0.0,49.88720000000001,17.489800000000002,8.3572,14.295100000000001,1.3838,2001.0,161.0,20.501939999999998,31.10077333333333,4.389413333333334,69.93168,25.52804,14.504733333333334,19.88926,3.7038133333333327,2001.0,6871.55,4990.25,668.96,3660.26,358.15,1557.42,0.18
4,177.0,30.998200000000004,33.9645,41.0145,73.74669999999999,34.146499999999996,22.1907,27.537399999999998,5.558800000000001,2001.0,177.0,10.0558,30.1005,0.0,48.9306,21.0786,11.051,17.422800000000002,0.9438999999999999,2001.0,177.0,23.706086666666664,31.90699333333333,5.868646666666667,59.20906000000001,28.282626666666665,16.951926666666665,22.352513333333334,3.1058933333333334,2001.0,7213.5,4987.66,556.13,3458.87,299.2,1233.27,0.0
5,193.0,31.656699999999997,36.1774,14.7735,84.8065,35.460800000000006,22.786099999999998,28.032400000000003,5.2364999999999995,2001.0,193.0,10.8104,28.4234,0.0,43.436400000000006,26.8366,15.031,21.4937,1.0841,2001.0,193.0,20.515273333333333,33.22508,2.3281266666666665,55.742673333333336,31.88992666666666,19.57064666666667,25.38204666666666,2.6540266666666668,2001.0,7449.6,5031.9,488.73,3372.9,264.66,1090.28,0.0
6,209.0,27.532700000000002,36.6897,12.028599999999999,94.1004,33.1182,23.9059,27.443199999999997,4.7921,2001.0,209.0,5.874599999999999,31.458599999999997,0.0,73.4161,23.898600000000002,15.7729,20.529,1.4914,2001.0,209.0,19.415086666666667,34.27383333333333,2.79934,81.02104666666668,29.166473333333336,20.681033333333332,24.52214,2.851,2001.0,7831.02,5469.57,429.31,3587.62,235.11,1026.39,0.0
7,225.0,27.2803,34.1779,8.463799999999999,86.13329999999999,30.889499999999998,22.062199999999997,26.0765,4.3788,2001.0,225.0,4.1129,27.5503,0.0,54.72429999999999,19.927500000000002,10.6765,16.0112,1.2417,2001.0,225.0,21.546126666666666,30.828000000000003,1.1588866666666666,72.93912666666667,25.762766666666664,15.035946666666666,20.207786666666667,2.882553333333333,2001.0,7724.73,5210.5,428.77,3397.03,234.69,968.25,0.0
8,241.0,24.137,35.1796,11.4782,96.8021,31.464499999999997,20.9357,25.3273,4.284,2001.0,241.0,7.3001000000000005,27.1952,0.0,42.036199999999994,22.723,10.293700000000001,16.8517,0.9616,2001.0,241.0,19.165946666666663,31.08358666666667,3.129906666666667,70.66408,27.477873333333335,15.384879999999999,21.25508,2.8285,2001.0,7351.18,4734.5,476.98,3146.57,259.49,965.88,0.0
9,257.0,23.258,32.5519,24.9468,92.2184,26.985599999999998,15.910599999999999,20.4197,4.8033,2001.0,257.0,3.4272,26.101,0.0,54.0604,15.093599999999999,5.683,13.0931,1.6995,2001.0,257.0,13.068540000000002,29.341040000000003,6.984726666666667,73.74811333333334,20.92698,11.101393333333332,16.016199999999998,3.0544266666666666,2001.0,6795.1,4212.19,561.62,2975.61,271.48,1099.57,0.0
10,273.0,19.948100000000004,30.061500000000002,12.202200000000001,80.24119999999999,29.5187,12.6284,19.9093,5.9033999999999995,2001.0,273.0,5.5558000000000005,23.7056,0.0,43.61450000000001,12.5447,1.412,7.2694,0.8039000000000001,2001.0,273.0,16.382553333333334,26.232300000000002,1.3857066666666666,60.64940000000001,18.494266666666668,6.604773333333333,12.28266,2.845053333333333,2001.0,6200.11,3714.26,633.77,2720.47,330.61,1199.29,0.0
11,289.0,16.1785,30.7324,11.7652,88.98259999999999,21.0017,11.2467,16.0304,6.0486,2001.0,289.0,4.4797,23.4219,0.0,46.552099999999996,9.9495,0.46149999999999997,6.075200000000001,1.2818999999999998,2001.0,289.0,11.323080000000003,27.090666666666667,2.2983071428571424,63.75686,16.767213333333334,5.744733333333334,11.20038,3.836753333333333,2001.0,5190.34,2796.98,698.75,2239.61,358.49,1392.18,0.0
12,305.0,13.1602,28.8425,7.441599999999999,84.434,22.2827,11.742399999999998,15.217,9.534699999999999,2001.0,305.0,5.770100000000001,23.3432,0.0,39.824299999999994,6.633699999999999,-6.072699999999999,0.8393,1.4638999999999998,2001.0,305.0,11.167093333333334,25.84751333333334,0.88622,60.488546666666664,15.723746666666667,4.52336,9.642146666666667,4.36096,2001.0,4739.4,2606.67,810.27,2275.67,411.16,1610.79,0.0
