,DOY,INSgdmax,RADmax,RAINmax,RHmax,TMAXmax,TMINmax,Tmax,WINDmax,YEAR,DOY,INSgdmin,RADmin,RAINmin,RHmin,TMAXmin,TMINmin,Tmin,WINDmin,YEAR,DOY,INSgdmean,RADmean,RAINmean,RHmean,TMAXmean,TMINmean,Tmean,WINDmean,YEAR,NDVI,EVI,RED,NIR,BLUE,MIR,pixrel
0,113.0,27.9,31.86,17.61,85.79,30.97,19.6,23.35,7.12,2001.0,113.0,7.96,24.55,0.0,36.77,9.97,0.01,4.47,1.89,2001.0,113.0,21.32666666666666,28.104666666666667,1.8206666666666667,56.67666666666666,21.68466666666667,9.106,15.46,4.4959999999999996,2001.0,3352.66,2092.39,1309.34,2616.85,632.64,2809.44,0.04
1,129.0,29.7,32.69,31.27,94.86,28.73,19.61,23.96,6.12,2001.0,129.0,4.79,27.86,0.0,55.91,19.78,9.03,14.78,1.13,2001.0,129.0,18.984666666666666,30.845333333333333,9.361333333333333,75.67533333333334,23.486,14.131333333333338,18.78933333333333,3.8673333333333333,2001.0,3616.52,2384.96,1366.91,2888.67,658.0,2989.37,0.21
2,145.0,26.82,31.68,23.59,92.38,27.73,15.92,20.9,6.36,2001.0,145.0,1.26,26.53,0.0,37.13,14.21,6.42,10.66,0.96,2001.0,145.0,17.174666666666667,29.363999999999997,4.826,61.45000000000001,21.685333333333332,10.606666666666666,15.946666666666667,4.083333333333333,2001.0,4437.0,2638.97,953.18,2490.63,476.52,1833.08,0.0
3,161.0,31.43,34.67,23.37,92.2,31.08,20.93,25.01,6.71,2001.0,161.0,5.54,29.27,0.0,63.16,15.55,7.61,13.49,1.22,2001.0,161.0,20.749333333333333,31.656666666666673,6.101333333333333,76.65333333333335,25.481333333333332,15.936666666666666,20.576666666666664,3.488,2001.0,4689.27,2884.16,931.23,2627.58,468.24,1845.78,0.02
4,177.0,31.18,34.09,63.53,81.95,33.98,21.69,26.1,4.04,2001.0,177.0,1.33,29.34,0.0,54.35,22.28,10.12,17.79,1.14,2001.0,177.0,22.630000000000006,31.901333333333334,6.495333333333333,65.30399999999999,28.09666666666667,17.376666666666665,22.507999999999996,2.6193333333333326,2001.0,6513.08,4674.57,757.16,3585.16,394.91,1763.59,0.0
5,193.0,29.88,36.61,34.55,80.35,36.92,24.48,29.73,4.73,2001.0,193.0,11.52,31.03,0.0,44.23,27.52,16.63,23.78,1.46,2001.0,193.0,21.597333333333328,34.038666666666664,4.309333333333333,55.77866666666668,32.95133333333334,20.953999999999997,26.574666666666666,2.836,2001.0,8101.5,6022.87,411.39,3970.98,224.26,986.9,0.91
6,209.0,28.58,36.0,24.76,87.67,34.81,24.23,28.65,3.88,2001.0,209.0,5.83,32.0,0.0,66.62,26.08,18.25,22.67,0.87,2001.0,209.0,20.435333333333336,34.82133333333333,1.9586666666666668,76.79666666666667,31.16933333333333,22.060666666666666,26.161333333333335,2.4966666666666666,2001.0,8163.72,5974.85,386.59,3890.1,210.35,982.39,0.01
7,225.0,28.55,34.45,0.41,72.32,32.87,22.73,27.24,3.87,2001.0,225.0,4.9,27.9,0.0,48.99,23.42,11.95,19.08,1.33,2001.0,225.0,23.044666666666668,31.41666666666667,0.04666666666666666,64.21866666666666,28.54866666666667,16.472666666666665,22.353999999999996,2.592,2001.0,7947.34,5643.88,413.97,3684.48,226.91,947.39,0.0
8,241.0,24.7,36.22,22.14,89.17,33.1,22.78,27.28,4.13,2001.0,241.0,10.94,27.83,0.0,52.89,24.63,12.0,18.6,1.23,2001.0,241.0,20.647333333333332,32.01,4.121333333333333,69.84466666666667,28.94666666666667,16.728,22.820666666666668,2.4286666666666665,2001.0,7940.72,5622.32,413.56,3670.85,225.47,885.65,0.0
9,257.0,23.76,33.3,26.63,90.63,28.12,17.97,21.59,4.72,2001.0,257.0,3.42,26.35,0.0,56.12,16.33,9.36,14.73,1.27,2001.0,257.0,14.51533333333333,30.079333333333334,7.13,72.358,22.791333333333338,12.254666666666669,17.661999999999995,2.875333333333333,2001.0,6516.5,3903.33,586.34,2808.46,280.83,1036.47,0.0
10,273.0,20.81,31.36,19.83,79.68,27.84,13.35,20.14,5.23,2001.0,273.0,5.36,23.4,0.0,41.47,13.88,1.14,8.26,0.56,2001.0,273.0,17.222666666666665,26.74266666666667,2.984,58.80933333333334,19.730666666666668,7.593333333333331,13.45333333333333,2.6213333333333333,2001.0,5064.8,2856.65,789.53,2419.3,381.11,1467.26,0.0
11,289.0,16.85,31.43,22.81,93.51,23.15,12.24,17.02,6.02,2001.0,289.0,6.05,24.12,0.0,52.78,10.01,-0.23,5.22,1.17,2001.0,289.0,11.752666666666666,27.805999999999997,3.065,70.25133333333333,17.662666666666667,6.887333333333332,12.178666666666665,3.463333333333333,2001.0,3352.85,1855.32,1112.51,2219.34,522.29,2012.76,0.0
12,305.0,15.16,29.3,4.51,72.05,24.53,13.91,17.5,7.48,2001.0,305.0,7.45,23.9,0.0,42.89,8.1,-4.24,2.29,1.47,2001.0,305.0,12.382,26.236666666666668,0.6066666666666667,56.544,18.139333333333333,6.348666666666668,11.838666666666665,3.744,2001.0,2987.12,1715.44,1251.51,2300.6,593.57,2298.65,0.03
