,DOY,INSgdmax,RADmax,RAINmax,RHmax,TMAXmax,TMINmax,Tmax,WINDmax,YEAR,DOY,INSgdmin,RADmin,RAINmin,RHmin,TMAXmin,TMINmin,Tmin,WINDmin,YEAR,DOY,INSgdmean,RADmean,RAINmean,RHmean,TMAXmean,TMINmean,Tmean,WINDmean,YEAR,NDVI,EVI,RED,NIR,BLUE,MIR,pixrel
0,113.0,28.0952,31.4976,17.1918,86.3818,29.4091,20.131700000000002,24.2053,7.304600000000001,2001.0,113.0,6.251,23.7973,0.0,29.7571,6.4143,-2.3098,2.6418,1.69,2001.0,113.0,20.19302666666667,27.76519333333333,2.522613333333333,51.19296666666666,20.448399999999996,7.244273333333334,14.162133333333333,4.34776,2001.0,4419.71,1951.22,645.83,1682.84,362.76,1025.26,2.81
1,129.0,29.186799999999998,32.5763,29.872,93.2636,28.073099999999997,19.3295,23.22,5.1169,2001.0,129.0,6.886699999999999,28.2967,0.0,48.4209,17.505599999999998,7.3536,13.110600000000002,1.543,2001.0,129.0,19.074953333333333,30.60515333333333,8.035293333333332,71.98798666666667,22.498793333333335,13.294839999999999,17.9935,3.4947066666666666,2001.0,5479.97,2457.42,489.32,1760.55,259.52,883.82,0.79
2,145.0,29.5618,31.841499999999996,19.455800000000004,83.218,27.3059,17.4434,21.1667,5.2133,2001.0,145.0,3.5022999999999995,26.126600000000003,0.0,34.7755,12.166600000000003,3.7505,8.5551,0.9034,2001.0,145.0,17.823086666666665,28.782686666666663,4.602526666666667,62.96230666666667,19.693740000000002,9.2658,14.428440000000002,2.8298400000000004,2001.0,6658.02,3679.89,411.03,2390.12,227.77,756.56,0.0
3,161.0,29.9758,33.8073,23.1872,87.9329,30.204299999999996,21.3193,24.921499999999998,4.9992,2001.0,161.0,2.7721999999999998,28.2539,0.0,55.549099999999996,16.0084,7.4725,12.3194,1.3575000000000002,2001.0,161.0,19.7848,30.79362666666667,7.658880000000001,71.80117333333334,24.849119999999996,14.224193333333332,19.543686666666666,3.0235733333333332,2001.0,6780.78,3895.32,423.27,2545.94,240.88,782.91,0.08
4,177.0,32.670100000000005,34.5677,18.267699999999998,78.279,32.4551,20.7148,26.214399999999998,3.6139,2001.0,177.0,11.0173,26.8681,0.0,41.335,23.1277,9.4103,17.607999999999997,1.0318,2001.0,177.0,24.199026666666672,31.13620666666667,2.706853333333333,55.141153333333335,28.255166666666668,16.31124666666667,22.27899333333333,2.445766666666666,2001.0,7426.58,4446.45,341.54,2781.99,191.2,688.87,0.0
5,193.0,31.5,36.4915,11.876800000000001,81.6909,34.6439,23.867,27.903399999999998,3.2041,2001.0,193.0,9.4879,27.778399999999998,0.0,39.7023,27.022199999999998,12.2653,20.0032,0.9769000000000001,2001.0,193.0,23.54172666666667,32.4015,1.6569333333333334,54.433080000000004,31.460739999999994,18.818853333333333,24.962666666666664,2.14294,2001.0,7781.93,4875.12,304.79,3011.65,173.11,650.26,0.02
6,209.0,26.1886,37.5565,21.4437,87.6185,33.5218,24.49,27.6641,3.6575999999999995,2001.0,209.0,8.8489,31.279200000000003,0.0,65.6451,26.7553,16.4531,21.4821,0.7528,2001.0,209.0,18.9381,34.20657333333334,4.894413333333333,75.96112666666667,29.92718,20.829319999999996,25.177300000000002,1.9801666666666664,2001.0,7732.88,4693.64,290.09,2863.53,165.06,610.01,0.07
7,225.0,27.276600000000002,34.3865,20.281799999999997,84.1129,31.619,23.2825,26.812800000000003,3.3189,2001.0,225.0,2.9157,27.927599999999998,0.0,50.33220000000001,20.6719,9.9812,17.736,0.7228,2001.0,225.0,20.568393333333333,31.33933333333333,2.334693333333333,68.16936,26.719133333333332,16.037893333333333,21.387426666666663,2.1983800000000002,2001.0,7703.72,4228.11,258.02,2495.57,148.55,537.87,0.23
8,241.0,24.383399999999998,35.1383,13.392900000000001,90.0163,31.732300000000002,21.673000000000002,25.3833,3.2987,2001.0,241.0,5.3134,27.580600000000004,0.0,48.9406,23.4921,11.0504,17.0759,1.3376000000000001,2001.0,241.0,18.897853333333334,31.106826666666663,3.439400000000001,69.59437333333335,27.24553333333333,16.21574,21.52711333333333,2.3482399999999997,2001.0,7491.43,3924.43,271.54,2325.2,152.28,527.97,0.17
9,257.0,22.9793,33.6973,18.0216,89.13430000000001,26.279600000000002,20.6545,22.602400000000003,4.365,2001.0,257.0,4.541,26.432199999999998,0.0,50.950100000000006,18.0469,7.1481,13.5842,1.4027,2001.0,257.0,11.982933333333333,29.83916,6.825320000000001,71.13525999999999,21.694760000000002,12.01594,16.979793333333337,2.6310666666666664,2001.0,6962.96,3495.39,349.76,2201.99,176.48,654.96,0.03
10,273.0,20.342599999999997,31.447400000000002,20.279700000000002,82.4824,28.9942,14.0277,18.5964,3.9423000000000004,2001.0,273.0,5.3633,22.9375,0.0,40.0245,12.5138,0.12530000000000002,6.2336,1.0554999999999999,2001.0,273.0,16.131186666666665,26.069533333333336,2.43846,60.190539999999984,17.741460000000004,6.636313333333334,11.978353333333333,2.747933333333333,2001.0,5468.08,2315.62,416.94,1583.69,232.89,584.78,0.01
11,289.0,15.4027,31.4933,15.3569,94.459,21.4287,12.1589,15.7456,5.341,2001.0,289.0,5.0,24.1015,0.0,46.3554,9.5952,-1.0686,5.6182,1.3317,2001.0,289.0,10.297586666666666,27.46420666666667,4.039928571428572,69.38112666666667,16.316840000000003,6.261046666666667,11.204946666666668,3.213726666666666,2001.0,5172.68,1833.32,378.93,1293.06,204.45,617.29,2.68
12,305.0,13.1692,28.957400000000003,9.4294,77.5858,23.186999999999998,12.4373,16.7035,8.4594,2001.0,305.0,5.6965,23.3935,0.0,39.6863,4.3343,-3.0429,0.9481,2.0483,2001.0,305.0,10.177266666666666,26.244666666666667,1.3657933333333334,58.19044666666667,15.298013333333333,4.77652,9.856813333333331,3.9244399999999997,2001.0,5143.17,1688.53,333.17,1164.18,165.98,610.04,2.58
