,DOY,INSgdmax,RADmax,RAINmax,RHmax,TMAXmax,TMINmax,Tmax,WINDmax,YEAR,DOY,INSgdmin,RADmin,RAINmin,RHmin,TMAXmin,TMINmin,Tmin,WINDmin,YEAR,DOY,INSgdmean,RADmean,RAINmean,RHmean,TMAXmean,TMINmean,Tmean,WINDmean,YEAR,NDVI,EVI,RED,NIR,BLUE,MIR,pixrel
0,113.0,27.743299999999998,31.2365,26.1741,93.0038,30.0079,17.4762,23.0161,8.4062,2001.0,113.0,3.3397999999999994,23.3673,0.0,36.596199999999996,7.148,-2.0672,2.8013000000000003,2.1882,2001.0,113.0,19.873953333333333,27.252086666666663,3.8221333333333334,57.00482666666665,20.269253333333335,7.3241000000000005,13.846526666666668,5.0281133333333345,2001.0,3645.17,2283.47,1241.04,2621.78,640.45,2460.36,0.05
1,129.0,29.441499999999998,31.9185,24.5076,91.6579,31.1319,18.9163,24.361800000000002,6.7015,2001.0,129.0,2.8981000000000003,28.3821,0.0,43.7353,16.3253,6.1793,12.0604,2.1620000000000004,2001.0,129.0,17.920093333333334,30.127473333333334,5.607026666666667,66.64048,23.147579999999998,11.586680000000001,17.59708666666667,4.4922933333333335,2001.0,4514.92,3030.06,1117.14,2937.01,595.82,2201.26,0.12
2,145.0,27.127399999999998,32.2022,22.7575,80.9867,27.726599999999998,15.588000000000001,21.7139,7.0421,2001.0,145.0,2.7037,27.415799999999997,0.0,33.519,12.1888,6.1381,10.2348,1.3123,2001.0,145.0,16.2882,29.417006666666666,5.404120000000001,54.788786666666674,21.06955333333333,10.65222,16.013046666666668,4.5091133333333335,2001.0,5287.92,3447.57,877.6,2881.67,480.47,1550.51,0.26
3,161.0,31.3461,34.50920000000001,22.3048,92.42160000000001,31.989500000000003,19.3482,24.7855,6.8773,2001.0,161.0,5.691800000000001,29.5442,0.0,45.886700000000005,18.2269,9.3772,14.646700000000001,1.2096,2001.0,161.0,20.402406666666664,31.4597,4.079513333333333,68.32615333333334,25.703806666666665,14.325413333333334,19.959226666666666,3.7311266666666665,2001.0,5348.52,3726.42,971.63,3183.2,556.83,1770.44,0.82
4,177.0,31.4114,34.170700000000004,33.6729,73.6431,35.1506,21.803600000000003,28.0908,6.6723,2001.0,177.0,6.3582,29.8273,0.0,44.6909,20.201,11.479499999999998,16.7577,1.0257999999999998,2001.0,177.0,23.673493333333333,32.00975333333333,5.611033333333333,57.83766,28.736493333333335,17.202066666666667,22.68804,3.4925466666666667,2001.0,6957.83,5194.14,673.48,3789.82,380.97,1348.97,0.1
5,193.0,31.217000000000006,36.177,21.814899999999998,85.3596,36.1585,22.5736,27.722800000000003,5.4471,2001.0,193.0,11.093800000000002,29.5886,0.0,43.5505,26.237299999999998,15.6391,22.600900000000003,0.7446999999999999,2001.0,193.0,20.684606666666667,33.44432666666667,3.9424333333333332,55.77074,32.09216666666667,19.64005333333333,25.57408,2.78174,2001.0,7695.01,5864.54,491.74,3981.55,290.24,999.44,0.06
6,209.0,28.626599999999996,36.4924,10.816799999999999,95.3672,33.0919,23.6332,27.400799999999997,5.5114,2001.0,209.0,6.147200000000001,31.4473,0.0,72.11399999999999,23.4895,15.696100000000001,20.3067,1.637,2001.0,209.0,20.004393333333333,34.23929333333333,2.8005266666666664,82.01633333333334,28.951886666666667,20.25918666666667,24.268266666666662,3.145573333333333,2001.0,7619.63,5550.64,474.18,3708.41,279.53,982.01,0.06
7,225.0,27.4478,34.118,13.410499999999999,85.2146,31.2106,21.7224,25.9331,4.6876999999999995,2001.0,225.0,5.0808,27.412799999999997,0.0,56.346399999999996,19.3042,10.232800000000001,15.1765,1.2801,2001.0,225.0,21.7551,30.7905,1.8356599999999998,73.38481999999999,26.014673333333334,14.837986666666666,20.176473333333334,3.076133333333334,2001.0,7429.69,5282.0,503.02,3551.57,294.82,970.64,0.1
8,241.0,24.033,34.6627,12.3951,96.3566,31.8334,20.0582,24.9428,4.874,2001.0,241.0,7.8076,27.293599999999998,0.0,48.162600000000005,23.1111,11.206,17.142599999999998,1.3832,2001.0,241.0,19.302466666666668,31.286160000000002,2.5739066666666663,70.35941333333334,27.890306666666667,15.569433333333329,21.455139999999997,3.041993333333333,2001.0,7107.78,4815.66,545.26,3295.91,315.39,986.39,0.0
9,257.0,23.3007,32.6274,24.939,93.22619999999999,28.106699999999996,15.2317,20.3895,5.3155,2001.0,257.0,2.97,25.676799999999997,0.0,47.643299999999996,14.202900000000001,4.7337,11.2955,1.7198,2001.0,257.0,14.031086666666667,29.023966666666666,6.1757533333333345,74.77487333333332,20.51916,10.972460000000002,15.66485333333333,3.1826266666666667,2001.0,5972.93,3268.89,594.5,2395.16,299.09,1046.59,0.01
10,273.0,19.989199999999997,29.451099999999997,10.773200000000001,81.82499999999999,30.3441,13.815,20.641099999999998,6.0534,2001.0,273.0,5.6014,24.3133,0.0,43.717600000000004,12.0397,1.5149,7.3255,0.8306000000000001,2001.0,273.0,16.354993333333333,26.37306,1.2030999999999998,63.41166666666666,18.43283333333333,6.723000000000001,12.30304,2.9216266666666666,2001.0,4988.32,2792.99,779.53,2327.2,412.47,1364.76,0.03
11,289.0,16.9386,30.355800000000002,11.958400000000001,87.12289999999999,20.26,11.1647,16.1006,6.588500000000001,2001.0,289.0,5.3751,22.729599999999998,0.0,45.6828,9.720600000000001,1.6089,5.726099999999999,1.2106999999999999,2001.0,289.0,11.96678,26.906373333333335,1.6937714285714287,62.64600666666666,16.82058,5.520606666666667,11.001086666666666,3.9565,2001.0,4033.02,2231.09,975.57,2251.86,488.03,1630.89,0.04
12,305.0,12.8225,28.7729,7.1271,87.8156,22.0776,11.357600000000001,14.574299999999997,8.9631,2001.0,305.0,6.5699,23.2595,0.0,41.409800000000004,6.987,-7.1388,1.2308,1.4833,2001.0,305.0,11.281080000000001,25.635113333333333,0.9539333333333334,61.33491333333333,15.536340000000001,4.2198866666666675,9.288713333333334,4.267766666666667,2001.0,3309.47,1858.27,1117.09,2203.19,571.13,1903.5,0.03
