,DOY,INSgdmax,RADmax,RAINmax,RHmax,TMAXmax,TMINmax,Tmax,WINDmax,YEAR,DOY,INSgdmin,RADmin,RAINmin,RHmin,TMAXmin,TMINmin,Tmin,WINDmin,YEAR,DOY,INSgdmean,RADmean,RAINmean,RHmean,TMAXmean,TMINmean,Tmean,WINDmean,YEAR,NDVI,EVI,RED,NIR,BLUE,MIR,pixrel
0,113.0,27.092,30.902,16.236,88.554,29.160000000000004,19.544,23.482,7.676,2001.0,113.0,7.198,23.442,0.0,36.6,8.206000000000001,-0.986,3.986,2.042,2001.0,113.0,21.2804,27.87306666666667,2.691066666666667,55.63759999999999,21.1776,8.242,14.828533333333333,4.7948,2001.0,5127.58,3290.7,908.09,2849.78,474.51,1863.49,0.08
1,129.0,29.440000000000005,32.456,35.072,93.736,29.742000000000004,19.516,23.804000000000002,5.96,2001.0,129.0,2.384,28.416,0.0,53.626000000000005,17.314,7.804,14.14,1.182,2001.0,129.0,17.610666666666663,30.58813333333333,8.7592,74.768,22.685733333333335,12.962399999999999,17.9688,3.9161333333333337,2001.0,6964.75,4720.4,575.25,3306.75,310.91,1225.98,0.1
2,145.0,27.509999999999998,31.892000000000003,18.992,87.538,27.940000000000005,15.826,20.822,6.318,2001.0,145.0,1.436,27.281999999999996,0.0,38.961999999999996,14.054,5.852,9.886,0.984,2001.0,145.0,15.5164,29.477733333333333,4.921600000000001,60.770799999999994,20.580933333333334,10.075199999999999,15.180266666666668,3.8201333333333327,2001.0,7660.96,5037.12,411.46,3251.86,224.84,724.89,0.01
3,161.0,31.182000000000002,33.888,24.496000000000002,89.34799999999998,31.632,20.53,24.654000000000003,6.37,2001.0,161.0,4.93,29.049999999999997,0.0,57.274,17.233999999999998,7.046,13.494,1.4340000000000002,2001.0,161.0,21.113333333333337,31.142133333333337,5.213066666666668,72.5184,25.497066666666676,15.146933333333333,20.1036,3.5111999999999997,2001.0,7169.08,5223.49,602.9,3709.24,327.29,1349.64,0.21
4,177.0,31.55,33.861999999999995,46.574,80.02,33.08,21.616,26.456000000000003,4.258,2001.0,177.0,6.152,29.986,0.0,50.05,22.674000000000003,10.223999999999998,18.15,0.562,2001.0,177.0,22.935200000000002,31.758133333333333,6.1121333333333325,61.333866666666665,28.27293333333333,16.93,22.36586666666667,2.641466666666667,2001.0,7359.87,5018.18,505.56,3395.17,274.68,1029.25,0.0
5,193.0,31.432000000000002,36.138000000000005,21.242,85.562,36.104,23.745999999999995,28.978,4.619999999999999,2001.0,193.0,8.332,28.904,0.0,43.304,27.742,15.277999999999999,21.439999999999998,1.258,2001.0,193.0,20.40546666666667,33.35133333333333,2.1678666666666664,55.961866666666666,32.16773333333334,19.89173333333333,25.690666666666665,2.517733333333333,2001.0,7776.95,5308.37,428.66,3458.96,236.26,913.84,0.0
6,209.0,27.653999999999996,36.808,17.692,92.08,33.52,23.996,27.912,4.024,2001.0,209.0,7.414,31.444,0.0,72.004,25.26,16.646,21.43,0.772,2001.0,209.0,19.680799999999998,34.51626666666667,3.75,79.31786666666667,29.980533333333334,21.247200000000003,25.269600000000004,2.421866666666667,2001.0,7805.57,5395.41,433.76,3533.97,237.57,1002.01,0.01
7,225.0,27.817999999999998,33.898,9.834,81.892,31.69,21.678,26.299999999999997,3.934,2001.0,225.0,2.4799999999999995,28.016,0.0,50.896,20.496000000000002,11.414,17.762,1.37,2001.0,225.0,22.2564,30.940933333333334,1.1474666666666666,69.52053333333333,26.682133333333333,15.610933333333335,20.993466666666663,2.6138666666666666,2001.0,7668.52,5111.33,435.87,3335.27,239.3,960.02,0.0
8,241.0,24.424,35.476,16.008,96.596,32.376,21.966,26.414,3.5300000000000002,2001.0,241.0,8.264,27.460000000000004,0.0,43.959999999999994,23.102,10.624000000000002,17.49,1.128,2001.0,241.0,19.456399999999995,31.413466666666665,4.072,71.02879999999999,27.691466666666663,15.889333333333335,21.757333333333335,2.5310666666666664,2001.0,7277.03,4723.45,494.14,3173.49,265.43,1030.79,0.0
9,257.0,23.332,33.413999999999994,24.684,92.21600000000001,27.054,17.39,21.344,4.542,2001.0,257.0,3.574,26.396,0.0,53.763999999999996,17.246000000000002,5.962,14.06,1.486,2001.0,257.0,13.185733333333335,29.7808,7.016666666666667,73.04693333333333,21.9756,11.518666666666666,16.816533333333332,2.8630666666666666,2001.0,6956.1,4369.17,535.15,3025.45,268.22,1064.06,0.0
10,273.0,20.203999999999997,30.866000000000003,15.158000000000001,77.678,28.728,13.222000000000001,19.78,5.402,2001.0,273.0,5.422,23.474,0.0,43.586,13.152000000000001,1.5779999999999998,7.48,1.004,2001.0,273.0,16.6784,26.325733333333332,2.138,58.75226666666666,19.0376,6.9768,12.724133333333334,2.694,2001.0,6363.91,3921.25,630.48,2848.58,331.34,1177.24,0.0
11,289.0,15.872,30.894000000000005,13.424000000000001,91.066,22.631999999999998,11.488,16.302,5.616,2001.0,289.0,4.82,24.002000000000002,0.0,47.36,10.424,-0.784,6.0920000000000005,1.296,2001.0,289.0,11.389333333333335,27.459999999999994,3.2104285714285714,65.94133333333333,17.1276,6.001733333333332,11.6008,3.5746666666666664,2001.0,5517.18,3004.44,639.0,2286.29,332.37,1263.12,0.0
12,305.0,13.765999999999998,29.08,8.431999999999999,78.1,23.724,12.72,16.438000000000002,8.772,2001.0,305.0,5.926,23.431999999999995,0.0,39.656,5.890000000000001,-5.306,0.8699999999999999,1.554,2001.0,305.0,11.6084,25.832533333333338,1.1132,58.098266666666674,16.754666666666665,5.112133333333333,10.554400000000001,4.105066666666666,2001.0,5062.6,2907.42,774.13,2411.25,404.74,1482.31,0.0
