,DOY,INSgdmax,RADmax,RAINmax,RHmax,TMAXmax,TMINmax,Tmax,WINDmax,YEAR,DOY,INSgdmin,RADmin,RAINmin,RHmin,TMAXmin,TMINmin,Tmin,WINDmin,YEAR,DOY,INSgdmean,RADmean,RAINmean,RHmean,TMAXmean,TMINmean,Tmean,WINDmean,YEAR,NDVI,EVI,RED,NIR,BLUE,MIR,pixrel
0,113.0,28.1256,31.503500000000003,16.932299999999998,83.3355,29.552500000000002,19.883200000000002,24.566000000000003,8.0059,2001.0,113.0,11.4886,24.0251,0.0,29.4132,8.837100000000001,-0.7111000000000001,4.6017,1.9283,2001.0,113.0,21.53678,28.265966666666664,2.31712,50.55560666666666,21.675839999999997,8.76596,15.586579999999998,4.464086666666667,2001.0,5098.98,2110.68,491.9,1567.09,259.99,977.16,0.02
1,129.0,28.746500000000005,33.6935,37.206,90.5127,30.2935,20.5353,24.857599999999998,5.4017,2001.0,129.0,4.8614999999999995,28.4785,0.0,47.275600000000004,20.4201,9.7263,15.3503,1.7557,2001.0,129.0,20.108093333333336,31.163566666666668,6.888866666666667,65.73331999999999,24.804380000000002,15.28815333333333,20.039700000000003,3.7241866666666663,2001.0,5502.22,2311.65,454.18,1620.66,255.63,825.68,0.06
2,145.0,29.2229,32.3516,25.449800000000003,90.762,27.9413,17.4553,21.541599999999995,5.736000000000001,2001.0,145.0,0.9687999999999999,27.671,0.0,41.9763,14.538699999999999,5.5502,10.198599999999999,1.1278,2001.0,145.0,16.775900000000004,29.883273333333335,3.905153333333333,64.54305333333335,20.498506666666668,9.997826666666668,15.304113333333333,3.1959199999999996,2001.0,6319.69,3099.23,439.32,2029.21,275.26,727.24,0.0
3,161.0,30.185700000000004,34.6408,29.554199999999998,89.23020000000001,31.0276,21.643,25.639899999999997,5.1607,2001.0,161.0,5.829299999999999,29.0253,0.0,57.614000000000004,16.3645,8.5376,13.553799999999999,1.4751999999999998,2001.0,161.0,19.949693333333332,31.526913333333333,5.984613333333332,72.37187333333334,26.098846666666667,15.424313333333334,20.837873333333334,2.97938,2001.0,6574.83,3468.2,451.21,2270.8,289.44,783.48,0.27
4,177.0,31.6749,34.8095,30.4056,77.74470000000001,33.4403,21.4961,26.078899999999997,3.1354999999999995,2001.0,177.0,7.0917,27.5193,0.0,44.110299999999995,23.706799999999998,10.7836,18.371000000000002,0.9104,2001.0,177.0,22.598566666666667,31.50622,2.980166666666667,58.644633333333346,28.816146666666665,16.883986666666665,22.77858,2.1564799999999993,2001.0,7435.07,4010.6,332.37,2451.93,198.85,652.75,0.0
5,193.0,31.233600000000003,36.6885,14.564800000000002,84.6318,35.607200000000006,24.828400000000002,29.3216,4.0389,2001.0,193.0,7.8359000000000005,28.742400000000004,0.0,39.4186,28.121499999999997,13.2195,21.9022,0.7866,2001.0,193.0,22.713353333333334,33.151140000000005,2.62458,55.04475333333333,32.34381333333334,19.780413333333332,25.936880000000002,2.1806733333333335,2001.0,7534.1,4013.55,302.39,2397.6,193.18,596.1,0.0
6,209.0,27.7524,37.42,26.3091,91.2167,34.0857,24.412300000000002,28.229499999999998,3.4162999999999997,2001.0,209.0,6.4855,32.0565,0.0,67.2986,26.780199999999997,18.197400000000002,23.0015,0.5849,2001.0,209.0,19.295553333333334,34.85615333333334,4.383093333333334,77.16529999999999,30.825993333333333,21.835713333333334,26.065160000000002,1.87434,2001.0,7646.45,4010.1,293.78,2372.48,190.69,581.06,0.13
7,225.0,27.5085,34.572100000000006,11.4892,73.28540000000001,33.293600000000005,23.3905,27.3902,3.6315999999999997,2001.0,225.0,5.2392,28.1824,0.0,47.5171,25.337899999999998,12.895900000000001,19.9952,0.7919,2001.0,225.0,20.86517333333333,31.702833333333338,2.031486666666666,62.701813333333334,28.618259999999992,17.236159999999998,22.89931333333333,2.1434266666666666,2001.0,7621.07,3762.54,270.5,2177.6,179.97,532.01,0.0
8,241.0,24.4756,35.8256,23.475799999999996,89.30330000000001,34.403999999999996,22.612499999999997,27.146600000000003,3.5411,2001.0,241.0,7.199600000000001,28.292500000000004,0.0,55.07620000000001,25.061400000000003,13.422600000000001,18.7471,1.4386,2001.0,241.0,19.01212666666667,32.08211333333333,4.45942,68.97598000000002,28.964253333333332,17.6197,23.102633333333337,2.3215,2001.0,7259.71,3461.55,283.71,2018.98,189.62,509.3,0.27
9,257.0,23.376199999999997,34.5728,17.6092,89.3072,27.144000000000005,21.3014,24.144699999999997,5.0226,2001.0,257.0,3.7809,27.063200000000002,0.0,47.7881,20.0439,7.8671,14.825000000000001,1.5867999999999998,2001.0,257.0,13.333293333333334,30.470686666666666,5.73806,70.78492,23.112440000000003,12.735293333333333,18.06046,2.6797666666666657,2001.0,6899.61,2917.95,310.17,1790.38,159.54,559.79,0.0
10,273.0,20.593,31.5856,22.9798,83.9759,28.411299999999997,16.2568,20.2514,4.395899999999999,2001.0,273.0,4.8767,23.066699999999997,0.0,45.120799999999996,12.8063,1.5455,7.1524,0.9753000000000001,2001.0,273.0,16.340286666666664,26.58672,2.5310933333333336,62.910120000000006,18.834833333333336,7.486886666666667,12.871506666666667,2.7695133333333324,2001.0,5912.88,2205.92,343.06,1409.79,205.97,471.64,0.0
11,289.0,15.682099999999998,31.879399999999997,29.661900000000003,94.51740000000001,22.4825,13.087800000000001,16.9996,5.3807,2001.0,289.0,4.9491000000000005,24.541600000000003,0.0,57.132799999999996,10.0183,-1.0141,5.640899999999999,1.4008999999999998,2001.0,289.0,10.779826666666665,27.89313333333333,6.3966642857142855,74.36161999999999,17.21783333333333,7.353346666666666,12.361786666666667,3.2377399999999996,2001.0,5666.74,1877.55,324.15,1227.53,170.7,464.9,0.07
12,305.0,13.716900000000003,30.2102,9.952300000000001,73.9365,23.3699,13.185599999999999,16.4317,7.8392,2001.0,305.0,5.9427,23.850499999999997,0.0,43.8272,5.7972,-2.2901,1.4567,1.996,2001.0,305.0,11.157226666666666,26.30764,1.30118,58.55427333333333,16.414686666666668,5.7253533333333335,10.957,3.7443,2001.0,5668.19,1717.81,291.15,1093.5,172.93,438.63,0.01
