,DOY,INSgdmax,RADmax,RAINmax,RHmax,TMAXmax,TMINmax,Tmax,WINDmax,YEAR,DOY,INSgdmin,RADmin,RAINmin,RHmin,TMAXmin,TMINmin,Tmin,WINDmin,YEAR,DOY,INSgdmean,RADmean,RAINmean,RHmean,TMAXmean,TMINmean,Tmean,WINDmean,YEAR,NDVI,EVI,RED,NIR,BLUE,MIR,pixrel
0,113.0,27.2879,30.987500000000004,23.4161,91.6639,29.798499999999997,18.4125,23.1096,8.022300000000001,2001.0,113.0,6.7943999999999996,23.9296,0.0,37.048399999999994,8.5755,-1.4412,3.7141,2.1025,2001.0,113.0,20.739300000000004,27.56923333333333,3.34206,55.91043999999998,21.289093333333334,8.065733333333332,14.726353333333332,5.0644800000000005,2001.0,3189.16,1928.75,1297.69,2489.84,644.77,2624.53,0.0
1,129.0,29.6181,32.3906,30.6384,92.5976,30.5304,18.8577,23.716299999999997,6.6038,2001.0,129.0,2.0723000000000003,28.91,0.0,49.019,15.7943,7.055899999999999,12.4622,1.8754000000000002,2001.0,129.0,18.98738,30.54163333333334,6.0724800000000005,72.35461333333333,22.87722,12.153033333333335,17.735433333333333,4.384893333333333,2001.0,3505.98,2327.08,1360.02,2824.73,681.77,2756.3,0.54
2,145.0,27.274399999999996,32.1562,25.414,81.7759,28.3537,15.1483,21.7276,6.985,2001.0,145.0,2.0930999999999997,26.409200000000006,0.0,32.69839999999999,14.1861,6.591900000000001,11.031,1.6638,2001.0,145.0,16.82984,29.433320000000002,5.982213333333332,55.650226666666676,21.543940000000003,10.830646666666668,16.19544,4.570933333333334,2001.0,4355.64,2912.29,1152.16,2955.67,588.5,2357.46,0.37
3,161.0,31.0694,34.7981,18.9322,91.20510000000002,31.696400000000004,19.8088,24.914900000000003,7.204699999999999,2001.0,161.0,5.0064,29.048000000000002,0.0,49.613600000000005,18.076900000000002,9.5604,14.465,1.2098,2001.0,161.0,21.090480000000003,31.531006666666666,4.087813333333333,70.99196666666667,25.782413333333334,14.915773333333332,20.20047333333333,3.7585399999999995,2001.0,4795.93,2939.12,918.05,2625.43,490.83,1648.0,0.19
4,177.0,31.808199999999996,33.8519,41.9289,75.9558,34.9101,21.9452,27.5274,5.9615,2001.0,177.0,9.544799999999999,29.948,0.0,47.6773,19.610300000000002,11.433,17.066499999999998,0.7424999999999999,2001.0,177.0,23.60352,31.98976666666666,5.7892866666666665,60.15491333333332,28.648073333333336,17.34824,22.72092,3.259093333333333,2001.0,6874.85,5184.46,707.48,3860.22,388.7,1527.48,0.01
5,193.0,30.807500000000005,36.7662,27.4147,84.50789999999999,36.705,22.6745,28.8326,5.370000000000001,2001.0,193.0,9.919699999999999,30.756100000000004,0.0,45.2619,27.260199999999998,16.1505,23.0709,1.1344999999999998,2001.0,193.0,19.85686666666667,33.734,3.93072,55.70724,32.438779999999994,20.100206666666665,25.964766666666662,2.8484200000000004,2001.0,8091.42,6333.14,441.22,4254.27,250.43,1033.96,0.27
6,209.0,28.345599999999997,36.1307,12.319700000000001,94.3699,33.5343,23.8497,27.569799999999997,5.0703,2001.0,209.0,6.745,30.948100000000004,0.0,70.20270000000001,24.9136,16.3996,21.0062,1.2242,2001.0,209.0,20.968226666666663,34.41047333333333,1.9694266666666664,79.64994000000002,29.899786666666667,20.840006666666664,24.98961333333333,2.94536,2001.0,8216.4,6070.04,376.24,3924.09,213.64,917.9,0.01
7,225.0,27.655699999999996,34.3488,9.894300000000001,81.8906,32.0004,21.77,26.3696,4.5538,2001.0,225.0,5.318099999999999,27.530699999999996,0.0,52.666500000000006,20.128800000000002,10.9747,16.648400000000002,1.0953,2001.0,225.0,22.155006666666665,31.005706666666658,1.2047866666666667,70.05852666666667,26.93809333333333,15.303393333333334,20.897646666666667,3.0203,2001.0,7928.44,5757.91,429.64,3777.88,245.76,921.38,0.0
8,241.0,24.0868,35.2214,17.3569,96.06259999999999,32.9045,22.1282,26.380499999999998,4.3682,2001.0,241.0,9.6594,27.570099999999996,0.0,49.6954,23.5148,11.663800000000002,17.6472,1.4235000000000002,2001.0,241.0,19.763606666666664,31.49105999999999,3.6243266666666667,70.47791333333335,28.22344,15.920673333333331,21.88088666666667,2.787013333333334,2001.0,7533.91,5271.78,486.08,3526.78,274.94,933.75,0.0
9,257.0,23.5287,32.87819999999999,22.770899999999997,93.38629999999999,27.767100000000003,15.514899999999999,20.993399999999998,5.1397,2001.0,257.0,4.309200000000001,25.9407,0.0,49.037499999999994,14.732199999999999,6.4695,12.8043,1.7773,2001.0,257.0,14.548906666666669,29.414413333333336,5.803760000000001,73.91234666666666,21.40398,11.411713333333333,16.3831,3.20778,2001.0,6152.29,3474.33,599.88,2560.32,278.68,1071.44,0.0
10,273.0,20.239399999999996,30.1057,13.825000000000001,80.9358,29.5792,13.8348,20.920099999999998,6.0,2001.0,273.0,5.5488,24.1656,0.0,40.922799999999995,13.0959,2.3453,8.047600000000001,0.8978999999999999,2001.0,273.0,16.77848,26.446480000000008,1.5050333333333332,60.82746666666666,19.266466666666666,7.097473333333333,12.960826666666666,2.8446466666666668,2001.0,4688.03,2605.55,829.55,2302.97,417.77,1483.66,0.0
11,289.0,17.0631,30.297000000000004,10.591399999999998,90.07359999999998,21.368000000000002,11.267,16.8053,6.6793,2001.0,289.0,5.0394000000000005,23.6952,0.0,47.378699999999995,10.1389,1.2379000000000002,5.7409,1.2996,2001.0,289.0,12.29716,27.024533333333338,1.725157142857143,63.74000666666666,17.341246666666667,6.0952666666666655,11.516259999999997,3.837906666666667,2001.0,3431.34,1887.48,1095.1,2214.74,518.82,1860.83,0.0
12,305.0,13.3226,29.0843,9.4383,84.43939999999999,22.590100000000003,11.8431,15.4147,8.4665,2001.0,305.0,6.8223,23.353799999999996,0.0,41.011900000000004,7.696899999999999,-7.566600000000001,1.7799,1.4169999999999998,2001.0,305.0,11.805333333333332,25.7346,1.3613,59.88502666666666,16.661966666666668,4.885326666666667,10.276493333333333,4.080286666666667,2001.0,2796.67,1628.8,1302.78,2306.45,632.16,2204.1,0.06
