,DOY,INSgdmax,RADmax,RAINmax,RHmax,TMAXmax,TMINmax,Tmax,WINDmax,YEAR,DOY,INSgdmin,RADmin,RAINmin,RHmin,TMAXmin,TMINmin,Tmin,WINDmin,YEAR,DOY,INSgdmean,RADmean,RAINmean,RHmean,TMAXmean,TMINmean,Tmean,WINDmean,YEAR,NDVI,EVI,RED,NIR,BLUE,MIR,pixrel
0,113.0,27.366999999999997,31.4202,39.3728,93.37549999999999,30.1817,15.5734,22.684800000000003,8.901,2001.0,113.0,1.4938,22.931199999999997,0.0,37.3257,4.904399999999999,-3.2114000000000003,0.9459000000000001,2.2968,2001.0,113.0,19.282606666666663,26.7138,4.901166666666667,61.60753333333332,18.03702,5.808926666666667,11.964053333333334,4.882426666666667,2001.0,3635.46,2265.39,1213.05,2597.85,611.02,2748.73,0.01
1,129.0,29.842,31.624299999999995,16.003,87.52289999999999,32.8713,19.1386,25.6907,6.7119,2001.0,129.0,3.7684000000000006,27.6285,0.0,38.58689999999999,16.4095,5.460800000000001,11.7262,2.2987,2001.0,129.0,17.189586666666667,29.716026666666664,4.380773333333334,58.914453333333334,23.26374,10.790619999999999,17.24902,4.455266666666667,2001.0,4522.0,2630.25,896.92,2406.19,458.87,1873.96,0.02
2,145.0,28.104599999999994,32.040499999999994,17.4895,86.7584,26.411699999999996,16.117099999999997,21.225400000000004,7.194800000000001,2001.0,145.0,4.8623,27.4809,0.0,36.2206,11.029600000000002,4.5741,8.8503,0.9653999999999999,2001.0,145.0,16.514993333333333,29.308606666666662,4.180413333333333,55.499506666666655,20.511286666666667,10.172926666666665,15.578440000000002,4.331566666666667,2001.0,5137.29,3047.95,801.85,2548.24,417.92,1576.82,0.11
3,161.00000000000003,31.702299999999997,34.5238,25.025599999999997,93.70200000000001,31.691499999999998,18.8018,24.2459,5.9796000000000005,2001.0,161.00000000000003,5.3656999999999995,29.441999999999997,0.0,44.9297,17.4884,8.062,14.394799999999998,1.2561,2001.0,161.00000000000003,20.070819999999998,31.12086,4.501466666666667,66.92791333333332,25.008106666666666,13.352893333333334,19.23711333333333,3.652413333333333,2001.0,5323.21,3244.22,821.06,2690.18,425.51,1761.55,0.14
4,177.0,30.706500000000002,34.269600000000004,23.2966,72.39589999999998,35.6937,22.1378,28.6264,7.5003,2001.0,177.0,7.0691,29.7733,0.0,42.7762,21.525199999999998,10.6072,16.4555,1.3209000000000002,2001.0,177.0,23.24826,32.09750666666666,4.447073333333334,55.22212666666667,28.73069333333333,16.996093333333334,22.551093333333334,3.8302599999999996,2001.0,6631.06,4825.4,738.02,3665.59,387.78,1648.41,0.03
5,193.0,30.989600000000003,35.857699999999994,16.9787,85.60500000000002,35.3422,22.8463,26.947100000000002,5.3755,2001.0,193.0,14.1517,28.1252,0.0,42.1254,25.191899999999997,14.600000000000001,21.5802,0.6484000000000001,2001.0,193.0,22.066406666666666,33.06083333333333,4.0782799999999995,55.70832666666667,31.612599999999997,19.000273333333332,25.041473333333336,2.81732,2001.0,7826.79,5707.32,461.7,3832.95,246.44,1026.39,0.02
6,209.0,28.325699999999998,36.334700000000005,14.9678,95.46340000000001,32.76349999999999,23.0657,27.1552,6.0693,2001.0,209.0,5.067300000000001,31.142500000000002,0.0,72.9191,22.514899999999997,14.6839,19.4219,2.1597,2001.0,209.0,19.335700000000003,33.7551,2.8398466666666664,84.13228666666666,27.885953333333333,19.285619999999998,23.270866666666663,3.4137866666666667,2001.0,8107.61,6180.69,421.06,4134.36,224.92,1002.36,0.01
7,225.0,27.734199999999998,33.7197,11.454500000000001,89.82820000000001,30.815299999999997,21.114900000000002,25.223399999999998,5.053,2001.0,225.0,4.903600000000001,27.2812,0.0,62.39779999999999,18.7727,9.099499999999999,13.714000000000002,1.4177,2001.0,225.0,21.293259999999993,30.53110666666667,1.6343666666666667,76.00475333333333,25.35180666666667,14.214526666666668,19.45986,3.2215200000000004,2001.0,8008.6,5887.33,418.36,3897.47,223.04,956.6,0.01
8,241.0,24.667099999999998,34.121900000000004,11.6918,95.45639999999999,31.5287,18.3383,24.1125,5.7161,2001.0,241.0,8.098300000000002,27.158499999999997,0.0,49.0651,22.6758,10.0739,16.4207,1.3351000000000002,2001.0,241.0,19.857486666666667,30.906786666666676,1.5541466666666666,70.38487333333333,27.39642666666667,15.10763333333333,20.854433333333333,3.3957133333333336,2001.0,7588.75,5289.01,467.08,3543.43,248.77,1002.86,0.0
9,257.0,22.986399999999996,32.52889999999999,23.7881,93.7602,28.302099999999996,14.7531,19.561099999999996,5.1915,2001.0,257.0,2.7394000000000003,25.537800000000004,0.0,48.9975,13.1509,2.3399,9.187899999999999,1.3237999999999999,2001.0,257.0,13.300113333333334,28.73363333333333,6.3281133333333335,77.08132666666668,19.059513333333328,10.148593333333332,14.47026,3.03152,2001.0,6050.14,3393.75,592.79,2490.71,288.49,1150.33,0.0
10,273.0,19.7865,28.6826,6.458,83.3588,31.0243,12.5822,20.0586,5.951099999999999,2001.0,273.0,6.7153,24.6727,0.0,43.533,11.2399,0.36569999999999997,6.4365000000000006,0.9413,2001.0,273.0,16.043086666666667,26.168453333333336,0.7502333333333333,65.90919333333333,17.254659999999998,6.170726666666667,11.39747333333333,3.047813333333334,2001.0,4910.11,2659.03,772.24,2277.0,371.18,1473.12,0.0
11,289.0,16.7646,30.1024,8.2672,91.2293,18.6832,9.946299999999999,14.256300000000001,6.4959,2001.0,289.0,5.0222,21.9568,0.0,47.57599999999999,8.7758,1.4406,4.8835,1.65,2001.0,289.0,11.679886666666668,26.21421333333333,1.206292857142857,63.680913333333336,15.77672,4.5228399999999995,9.972659999999998,4.0855733333333335,2001.0,3733.6,2037.47,1010.0,2198.73,484.86,1831.26,0.0
12,305.0,12.3299,28.223000000000003,4.4512,90.25960000000002,21.8014,9.1468,13.321299999999999,9.4856,2001.0,305.0,6.343299999999999,22.5806,0.0,42.6407,5.2575,-6.3574,-0.020499999999999977,1.742,2001.0,305.0,10.499073333333333,25.469453333333334,0.8046599999999999,63.74677333333332,13.756053333333334,3.0804599999999995,7.685873333333333,4.511193333333335,2001.0,3211.3,1825.34,1164.26,2254.89,571.57,2048.98,0.0
