,DOY,INSgdmax,RADmax,RAINmax,RHmax,TMAXmax,TMINmax,Tmax,WINDmax,YEAR,DOY,INSgdmin,RADmin,RAINmin,RHmin,TMAXmin,TMINmin,Tmin,WINDmin,YEAR,DOY,INSgdmean,RADmean,RAINmean,RHmean,TMAXmean,TMINmean,Tmean,WINDmean,YEAR,NDVI,EVI,RED,NIR,BLUE,MIR,pixrel
0,113.0,27.4136,31.197200000000002,21.3444,90.59519999999999,29.5392,19.0568,23.2744,7.8836,2001.0,113.0,6.3484,23.5728,0.0,37.429199999999994,8.375200000000001,-1.076,3.9044,2.0144,2001.0,113.0,20.913360000000004,27.769546666666667,3.570106666666667,56.33664,21.22856,8.235439999999999,14.779413333333332,4.94088,2001.0,4261.65,2724.35,1102.61,2743.69,569.41,2354.29,0.0
1,129.0,29.8504,32.4968,37.205600000000004,94.15719999999999,30.282000000000004,19.156,23.6576,6.314,2001.0,129.0,1.6496000000000002,28.5528,0.0,50.9548,16.0324,7.4536,13.5688,1.314,2001.0,129.0,18.220106666666666,30.534133333333333,8.92608,74.36456,22.60693333333333,12.508080000000001,17.76856,4.133813333333334,2001.0,5544.87,3532.95,811.55,2861.8,428.5,1748.45,0.04
2,145.0,27.3264,31.7468,24.161600000000004,86.2984,28.2376,15.750399999999999,21.246799999999997,6.6264,2001.0,145.0,1.9364000000000001,27.2376,0.0,36.16,13.7804,6.3596,10.2124,1.2828,2001.0,145.0,16.14704,29.46941333333334,5.9716000000000005,58.588319999999996,20.938693333333333,10.44576,15.594506666666668,4.208693333333334,2001.0,6444.63,3985.16,589.03,2825.92,316.26,1178.63,0.0
3,161.0,31.1304,34.2096,24.64,90.86839999999998,31.709999999999997,20.1208,24.790799999999997,6.8704,2001.0,161.0,6.2644,29.0332,0.0,54.82,17.5544,8.0096,13.9848,1.3188,2001.0,161.0,21.245253333333334,31.27309333333334,5.155706666666668,71.86728000000001,25.678106666666668,15.07381333333333,20.16736,3.6655999999999995,2001.0,6264.18,4345.96,753.84,3344.26,398.88,1692.79,0.29
4,177.0,31.406,33.7564,48.900800000000004,77.4364,34.0676,22.1644,27.0644,5.024800000000001,2001.0,177.0,8.2508,30.206799999999998,0.0,51.211600000000004,21.0024,10.682399999999998,17.8212,0.6088,2001.0,177.0,23.25896,31.991013333333335,6.833173333333334,61.24986666666665,28.32493333333333,17.20464,22.475066666666667,2.921626666666667,2001.0,6897.47,4815.53,629.48,3460.02,337.07,1449.65,0.0
5,193.0,31.260399999999997,36.3264,22.328,84.3344,36.3008,23.2168,28.938399999999998,5.0964,2001.0,193.0,8.632000000000001,29.4584,0.0,44.477599999999995,27.181599999999996,15.7844,22.187600000000003,1.2892000000000001,2001.0,193.0,19.66690666666667,33.530213333333336,2.8249066666666662,55.762186666666665,32.256213333333335,20.01901333333333,25.799786666666655,2.6994133333333337,2001.0,7659.67,5343.49,464.99,3558.37,252.55,1015.27,0.0
6,209.0,27.8832,36.3472,14.0968,93.4996,33.6004,24.0032,27.8004,4.4836,2001.0,209.0,5.755599999999999,31.264,0.0,70.9024,24.877200000000002,16.5188,21.1972,1.1116000000000001,2001.0,209.0,20.404799999999998,34.49762666666666,2.46208,79.30266666666665,29.977413333333338,21.109920000000006,25.146,2.693146666666667,2001.0,7717.5,5425.17,456.92,3608.28,246.95,1088.14,0.01
7,225.0,27.4328,34.126,9.2988,83.11959999999999,31.759600000000002,21.503999999999998,26.3216,4.263999999999999,2001.0,225.0,3.278,27.7928,0.0,51.8956,20.5548,11.1344,17.208799999999997,1.232,2001.0,225.0,22.236,30.921493333333327,1.1958666666666664,70.07805333333333,26.722693333333332,15.420373333333334,20.875866666666667,2.828586666666667,2001.0,7634.75,5206.93,451.86,3441.57,244.1,1019.02,0.0
8,241.0,24.2776,35.4568,16.2792,96.9644,32.664,22.090799999999998,26.4248,3.8491999999999997,2001.0,241.0,10.1108,27.8704,0.0,45.4576,23.2196,10.808800000000002,17.6124,1.0944,2001.0,241.0,19.722639999999995,31.48066666666666,3.70488,70.87752,27.927306666666667,15.818533333333335,21.740373333333334,2.6445066666666666,2001.0,7204.83,4634.45,496.74,3112.06,268.82,1005.06,0.0
9,257.0,23.4568,32.90639999999999,26.300400000000003,91.7012,27.4548,16.1888,20.8532,4.7508,2001.0,257.0,4.3431999999999995,26.18,0.0,55.082800000000006,15.6032,6.3976,13.534400000000002,1.6324,2001.0,257.0,13.828933333333335,29.602559999999997,7.533066666666667,73.58733333333333,21.675839999999997,11.413946666666666,16.56197333333333,3.0280266666666664,2001.0,6702.86,4110.65,563.72,2911.8,273.83,1094.51,0.0
10,273.0,20.27,30.3236,14.7896,79.2368,29.0244,13.3648,20.3284,5.7872,2001.0,273.0,5.3260000000000005,23.776400000000002,0.0,42.1688,13.159200000000002,1.9500000000000002,7.9192,0.7604,2001.0,273.0,16.777599999999996,26.426053333333332,1.86984,59.38330666666665,19.17736,7.00392,12.860133333333334,2.7418399999999994,2001.0,5952.94,3564.6,677.09,2709.32,339.56,1223.21,0.0
11,289.0,15.926,30.3864,13.448,91.0744,22.116,11.326,16.546799999999998,6.174,2001.0,289.0,4.839200000000001,24.183200000000003,0.0,48.166399999999996,10.2164,0.2996000000000001,5.9396,1.3656,2001.0,289.0,11.809813333333334,27.298640000000002,2.678485714285714,64.89413333333333,17.248479999999997,6.129493333333333,11.602639999999997,3.732026666666666,2001.0,4530.44,2456.76,808.27,2181.01,411.03,1583.69,0.0
12,305.0,13.6868,29.044,9.4388,81.14800000000001,22.9284,12.2868,15.886000000000003,8.7576,2001.0,305.0,6.5668,23.4896,0.0,40.1564,7.212400000000001,-6.506,1.2743999999999998,1.4531999999999998,2001.0,305.0,11.734399999999999,25.814693333333338,1.00672,58.93778666666665,16.81498666666667,5.030533333333333,10.473040000000001,4.124906666666666,2001.0,4018.17,2262.5,967.66,2268.33,489.87,1830.14,0.0
