,DOY,INSgdmax,RADmax,RAINmax,RHmax,TMAXmax,TMINmax,Tmax,WINDmax,YEAR,DOY,INSgdmin,RADmin,RAINmin,RHmin,TMAXmin,TMINmin,Tmin,WINDmin,YEAR,DOY,INSgdmean,RADmean,RAINmean,RHmean,TMAXmean,TMINmean,Tmean,WINDmean,YEAR,NDVI,EVI,RED,NIR,BLUE,MIR,pixrel
0,113.0,28.08,30.74,21.01,94.48,29.7,17.77,23.35,8.48,2001.0,113.0,3.74,23.26,0.0,35.47,6.39,-2.07,2.38,1.93,2001.0,113.0,18.466000000000005,27.534000000000002,3.8,57.17133333333333,20.302000000000003,7.217333333333333,13.822666666666667,5.0360000000000005,2001.0,3261.65,1600.37,913.5,1788.32,487.73,1707.99,0.0
1,129.0,28.98,32.08,21.61,93.12,29.91,18.98,23.47,6.56,2001.0,129.0,1.91,28.8,0.0,44.1,15.33,6.22,11.97,1.47,2001.0,129.0,16.576666666666664,30.32733333333334,7.188000000000001,69.00866666666667,22.259333333333338,11.48333333333333,17.18066666666667,4.321333333333333,2001.0,4902.9,2654.66,737.03,2189.99,398.88,1354.18,0.0
2,145.0,25.09,32.18,15.89,78.46,28.23,16.47,21.99,6.61,2001.0,145.0,3.78,27.29,0.0,34.09,10.75,5.67,9.31,1.4,2001.0,145.0,15.621999999999998,29.262666666666664,4.537999999999999,58.60933333333333,20.245333333333335,10.093333333333334,15.113333333333333,3.974666666666667,2001.0,5959.09,3628.7,677.51,2722.37,367.14,1265.48,0.61
3,161.0,31.32,33.98,18.08,91.78,31.99,20.01,24.36,6.79,2001.0,161.0,6.34,28.76,0.0,46.89,17.35,8.4,14.47,1.45,2001.0,161.0,20.11733333333333,30.917999999999996,3.9420000000000006,69.092,25.401333333333334,14.180000000000001,19.702000000000005,3.7286666666666664,2001.0,5712.75,3557.15,705.02,2709.97,388.63,1313.75,0.87
4,177.0,30.74,33.95,35.55,72.05,34.06,22.27,27.73,5.73,2001.0,177.0,12.74,30.1,0.0,48.25,21.11,11.21,17.25,1.15,2001.0,177.0,23.997999999999998,31.829999999999995,4.867999999999999,58.18800000000001,28.20266666666667,16.726666666666667,22.228,3.1659999999999995,2001.0,7068.85,4322.03,489.37,2886.62,267.96,1007.67,0.04
5,193.0,31.9,36.18,9.28,85.3,35.0,22.54,27.61,5.28,2001.0,193.0,11.52,27.72,0.0,43.09,26.91,14.47,20.92,1.06,2001.0,193.0,20.96333333333333,33.047333333333334,1.6093333333333333,55.74733333333334,31.65866666666666,19.301333333333332,25.116666666666664,2.619999999999999,2001.0,7561.32,5095.99,457.01,3380.31,249.99,850.04,0.0
6,209.0,27.07,36.9,10.84,94.11,32.82,23.86,27.18,4.88,2001.0,209.0,6.37,31.43,0.0,75.18,23.5,15.32,20.16,1.7,2001.0,209.0,18.749333333333333,34.12799999999999,2.9486666666666665,81.85733333333334,28.72666666666667,20.484666666666666,24.19333333333333,2.9019999999999997,2001.0,7448.38,4719.53,450.87,3104.25,243.43,782.37,0.01
7,225.0,27.22,34.27,6.14,87.95,30.32,22.56,25.98,4.39,2001.0,225.0,4.46,27.36,0.0,56.22,19.66,10.5,15.44,1.22,2001.0,225.0,20.983333333333334,30.802,0.7959999999999999,74.53866666666666,25.154666666666667,14.837333333333333,19.82266666666667,2.888,2001.0,6456.0,3762.24,578.83,2664.31,302.1,996.14,0.0
8,241.0,24.12,35.21,8.69,96.52,30.68,20.58,24.77,4.47,2001.0,241.0,5.4,26.75,0.0,39.43,22.38,9.88,16.32,0.86,2001.0,241.0,18.902666666666665,30.763333333333332,2.9433333333333334,70.66066666666667,27.12933333333334,15.091333333333331,20.929333333333332,2.9006666666666665,2001.0,5983.39,3423.49,667.83,2587.9,329.87,1166.36,0.0
9,257.0,23.18,32.29,22.44,92.53,26.4,15.81,20.26,4.75,2001.0,257.0,3.13,26.14,0.0,54.28,14.94,5.42,13.14,1.74,2001.0,257.0,12.464666666666666,29.246000000000002,6.608666666666667,73.64466666666667,20.570666666666668,10.927333333333333,15.758000000000003,3.063333333333334,2001.0,4716.66,2482.78,803.58,2192.14,396.65,1353.01,0.0
10,273.0,19.69,30.13,10.83,80.57,29.7,11.86,19.55,5.96,2001.0,273.0,5.65,23.58,0.0,44.09,12.39,1.13,6.83,0.86,2001.0,273.0,16.154,26.100000000000005,1.032,60.94333333333334,18.110666666666663,6.362666666666668,11.949333333333334,2.9139999999999997,2001.0,4351.75,2243.81,820.14,2061.71,419.91,1467.17,0.03
11,289.0,16.34,31.07,9.42,88.92,20.46,11.19,15.74,5.9,2001.0,289.0,4.07,23.0,0.0,45.55,9.87,0.38,6.21,1.24,2001.0,289.0,10.972000000000003,26.94333333333333,1.9471428571428568,63.224,16.462666666666667,5.546000000000001,10.982666666666665,3.8760000000000003,2001.0,3881.43,1886.87,901.45,1932.85,513.13,1308.72,0.22
12,305.0,12.92,28.62,6.15,86.06,21.92,11.42,14.88,10.09,2001.0,305.0,5.11,23.26,0.0,39.37,6.3,-5.71,0.52,1.46,2001.0,305.0,10.814,25.919333333333338,0.9073333333333333,61.33533333333333,15.105333333333332,4.266000000000001,9.206,4.5120000000000005,2001.0,3576.55,1573.61,767.48,1610.02,396.33,1351.22,0.03
