,DOY,INSgdmax,RADmax,RAINmax,RHmax,TMAXmax,TMINmax,Tmax,WINDmax,YEAR,DOY,INSgdmin,RADmin,RAINmin,RHmin,TMAXmin,TMINmin,Tmin,WINDmin,YEAR,DOY,INSgdmean,RADmean,RAINmean,RHmean,TMAXmean,TMINmean,Tmean,WINDmean,YEAR,NDVI,EVI,RED,NIR,BLUE,MIR,pixrel
0,113.0,27.616,31.4269,20.0382,88.94950000000001,29.8979,19.330199999999998,23.3287,7.6383,2001.0,113.0,6.5755,23.7335,0.0,37.267,8.7985,-0.6929,4.1008,1.9680999999999997,2001.0,113.0,21.07059333333333,27.901606666666666,3.141266666666667,56.47739333333333,21.341973333333335,8.51528,14.983826666666666,4.7871,2001.0,4042.57,2627.67,1203.88,2828.61,598.98,2573.71,0.03
1,129.0,29.8562,32.5835,36.9003,94.5689,29.7808,19.347299999999997,23.747,6.1981,2001.0,129.0,2.5109000000000004,28.2718,0.0,52.81439999999999,17.2027,7.972100000000001,14.1552,1.1583999999999999,2001.0,129.0,18.281766666666663,30.609613333333332,9.763666666666667,75.05242666666668,22.82664666666666,13.05118666666667,18.076966666666667,4.007913333333334,2001.0,4694.48,3146.13,1084.38,3014.79,546.06,2361.94,0.2
2,145.0,27.2034,31.630300000000002,24.0657,88.97200000000001,28.0495,15.9342,21.0491,6.4878,2001.0,145.0,1.7214999999999998,27.2471,0.0,37.1229,13.826600000000001,6.3277,10.1701,1.1090999999999998,2001.0,145.0,16.295213333333333,29.454406666666664,5.69788,59.95758,21.05059333333333,10.417333333333334,15.585986666666667,4.101793333333333,2001.0,5550.19,3465.11,772.34,2768.17,403.63,1468.89,0.0
3,161.0,31.2241,34.2085,25.8053,91.1421,31.527299999999997,20.4117,24.825400000000002,6.7455,2001.0,161.0,6.2571,29.113800000000005,0.0,58.2184,16.8777,7.588699999999999,13.7527,1.3123,2001.0,161.0,21.156873333333333,31.32912000000001,5.674860000000001,73.42188666666668,25.5973,15.349259999999997,20.275153333333332,3.5930799999999996,2001.0,5627.82,3800.75,865.71,3140.67,451.1,1854.68,0.38
4,177.0,31.2297,33.8344,54.1793,79.06739999999999,33.87349999999999,22.0592,26.689300000000003,4.5654,2001.0,177.0,5.7036,30.0287,0.0,52.788,21.669400000000003,10.347199999999999,17.9604,0.7424,2001.0,177.0,22.996359999999996,31.976593333333334,7.0335133333333335,62.619253333333326,28.203639999999996,17.21999333333333,22.437473333333337,2.7708000000000004,2001.0,7012.15,5001.64,629.78,3591.05,341.4,1427.92,0.0
5,193.0,30.9521,36.304700000000004,24.347299999999997,83.2113,36.4088,23.699,29.183299999999996,4.9288,2001.0,193.0,9.1202,29.6739,0.0,44.194500000000005,27.264400000000002,15.9342,22.4807,1.3677,2001.0,193.0,20.219459999999998,33.647220000000004,2.99536,55.79854666666667,32.42451333333334,20.270506666666662,25.992466666666658,2.709146666666667,2001.0,7874.58,5782.63,446.73,3843.18,248.98,1018.1,0.38
6,209.0,27.9694,36.284,17.6032,91.6318,33.958,24.0809,28.0962,4.1995000000000005,2001.0,209.0,5.5744,31.5456,0.0,69.8292,25.220899999999997,17.043,21.6618,1.0262,2001.0,209.0,20.305166666666665,34.605019999999996,2.4708133333333335,78.54184666666666,30.332953333333332,21.429713333333336,25.466006666666672,2.5875466666666664,2001.0,7480.21,5258.09,502.91,3559.71,274.18,1172.79,0.05
7,225.0,27.676700000000004,34.1944,6.9988,80.1939,32.0322,21.7999,26.572599999999998,4.0901,2001.0,225.0,3.2883000000000004,27.8716,0.0,50.9354,21.4675,11.403299999999998,17.8588,1.2945,2001.0,225.0,22.450633333333336,31.047939999999997,0.9000866666666666,68.38542,27.21008,15.746099999999998,21.29941333333333,2.721693333333333,2001.0,7247.33,4938.74,526.67,3369.72,287.28,1134.07,0.0
8,241.0,24.4444,35.7088,17.454,94.82159999999999,32.7308,22.2617,26.669400000000003,3.8318000000000003,2001.0,241.0,10.407499999999999,27.908099999999997,0.0,46.7627,23.5792,11.006,17.897100000000002,1.0809000000000002,2001.0,241.0,19.973306666666662,31.642693333333334,3.8207666666666666,70.68057333333331,28.162826666666668,16.065806666666667,22.025940000000002,2.5564666666666667,2001.0,7010.62,4762.82,576.32,3340.14,310.47,1183.0,0.0
9,257.0,23.532799999999998,33.044399999999996,27.2548,91.0276,27.6017,16.8553,21.0362,4.6703,2001.0,257.0,3.9595999999999996,26.2719,0.0,56.5389,15.9963,7.2158,13.9987,1.483,2001.0,257.0,13.882013333333337,29.767406666666666,7.780833333333335,73.17970666666668,22.056246666666667,11.651166666666668,16.914606666666664,2.94728,2001.0,6339.52,3827.64,625.0,2825.26,298.26,1198.58,0.0
10,273.0,20.4266,30.6429,16.3723,79.0126,28.585500000000003,13.271899999999999,20.161300000000004,5.5779000000000005,2001.0,273.0,5.3103,23.6059,0.0,42.2013,13.354600000000001,1.6299000000000001,7.9618,0.6665,2001.0,273.0,16.89417333333333,26.51878,2.27258,58.98352,19.315553333333334,7.159286666666666,13.008873333333334,2.6899666666666664,2001.0,5344.04,3167.65,777.24,2594.96,389.16,1462.53,0.0
11,289.0,15.955400000000001,30.712900000000005,16.895699999999998,91.85570000000001,22.5607,11.6081,16.6295,6.0271,2001.0,289.0,5.1767,24.2194,0.0,49.570800000000006,10.1804,-0.03119999999999999,5.7667,1.3191,2001.0,289.0,11.70486,27.48792,3.0142857142857142,66.65447333333333,17.34553333333333,6.343473333333332,11.78059333333333,3.6318399999999995,2001.0,4215.61,2382.95,922.3,2291.52,456.89,1781.82,0.0
12,305.0,14.187299999999999,29.101200000000002,8.5428,77.8791,23.4508,12.8734,16.456300000000002,8.4314,2001.0,305.0,6.811,23.644399999999997,0.0,40.76,7.382899999999999,-5.6103000000000005,1.4735,1.4700000000000002,2001.0,305.0,11.906299999999998,25.951720000000005,0.8603733333333334,58.05819333333332,17.22154,5.43892,10.900993333333334,4.021373333333333,2001.0,3633.61,2112.7,1094.58,2347.17,538.33,2090.58,0.0
