,DOY,INSgdmax,RADmax,RAINmax,RHmax,TMAXmax,TMINmax,Tmax,WINDmax,YEAR,DOY,INSgdmin,RADmin,RAINmin,RHmin,TMAXmin,TMINmin,Tmin,WINDmin,YEAR,DOY,INSgdmean,RADmean,RAINmean,RHmean,TMAXmean,TMINmean,Tmean,WINDmean,YEAR,NDVI,EVI,RED,NIR,BLUE,MIR,pixrel
0,113.0,27.117,30.9307,14.706499999999998,86.1727,29.4649,19.694,23.6956,7.2894000000000005,2001.0,113.0,8.560900000000002,23.5063,0.0,36.416000000000004,8.618400000000001,-0.858,4.1716999999999995,1.9215,2001.0,113.0,21.64884,27.999313333333337,1.9332133333333332,55.25102,21.346793333333334,8.470366666666667,15.066306666666666,4.562266666666667,2001.0,5369.94,3482.3,880.24,2939.12,460.77,1678.57,0.02
1,129.0,29.384,32.696999999999996,28.6702,93.4679,29.301299999999998,19.7,23.999,5.799799999999999,2001.0,129.0,3.3819999999999997,28.271299999999997,0.0,55.547900000000006,18.4464,8.514600000000002,14.554099999999998,1.2791,2001.0,129.0,17.64484666666667,30.718740000000004,7.187340000000001,74.48114,23.07911333333334,13.624793333333333,18.421106666666667,3.781026666666667,2001.0,7220.41,4842.67,524.24,3289.31,290.24,1029.31,0.05
2,145.0,27.098499999999998,31.971099999999996,19.2783,89.89920000000001,27.5094,15.6741,20.5871,6.1403,2001.0,145.0,1.2256,27.169399999999996,0.0,40.147099999999995,14.2407,5.8636,10.1072,0.8831,2001.0,145.0,15.657306666666667,29.519266666666667,3.980546666666667,62.56259333333333,20.61578666666667,10.001186666666666,15.16684,3.632833333333333,2001.0,7906.44,5369.25,395.31,3435.42,223.89,641.25,0.0
3,161.0,31.150600000000004,34.064,27.094900000000003,89.62469999999999,31.352299999999996,20.8391,24.7814,6.0572,2001.0,161.0,4.1833,28.9213,0.0,59.4783,16.641399999999997,6.831900000000001,13.3622,1.4768,2001.0,161.0,20.873673333333336,31.258906666666668,6.186893333333334,73.74155999999999,25.443986666666667,15.44546,20.274833333333333,3.3609,2001.0,7579.29,5514.59,512.78,3755.04,285.36,1032.58,0.11
4,177.0,31.453000000000003,34.0556,46.0399,81.0869,32.451299999999996,21.1111,25.849600000000002,3.6823000000000006,2001.0,177.0,4.557099999999999,29.700699999999998,0.0,51.51769999999999,23.18,10.0503,18.2498,0.6688000000000001,2001.0,177.0,22.58500666666667,31.668559999999996,5.582773333333332,62.73832000000001,28.16878,16.86403333333333,22.32963333333333,2.4414000000000002,2001.0,7540.48,5183.63,476.42,3451.27,263.76,945.56,0.0
5,193.0,31.281800000000004,36.2288,22.3724,84.9508,36.2215,24.1319,29.197899999999997,4.327,2001.0,193.0,8.592,29.4497,0.0,42.7629,28.113500000000002,15.402899999999999,21.7996,1.1077,2001.0,193.0,20.96318666666667,33.442166666666665,2.4153200000000004,55.97601333333333,32.34702,20.126293333333336,25.894400000000005,2.4559066666666665,2001.0,7181.67,5448.57,639.79,3855.46,417.32,1083.6,1.44
6,209.0,28.002699999999997,36.8193,22.8251,89.9998,33.6019,24.1582,28.0885,3.7573,2001.0,209.0,7.2844,31.724400000000003,0.0,71.59989999999999,25.7774,17.300700000000003,21.9724,0.5831000000000001,2001.0,209.0,19.481720000000003,34.64932,3.8904533333333338,78.6681,30.300033333333335,21.565953333333333,25.616419999999998,2.236506666666667,2001.0,7789.1,5301.58,425.4,3445.49,236.13,947.01,0.0
7,225.0,28.281999999999996,34.0307,9.332699999999999,78.3522,32.0002,22.3945,26.6828,3.7799,2001.0,225.0,2.2479999999999998,28.298199999999998,0.0,49.6338,21.4921,11.8703,18.5118,1.2815,2001.0,225.0,22.382166666666663,31.028960000000005,1.1308199999999997,67.46142666666667,27.261386666666663,16.06142666666667,21.526566666666664,2.443526666666667,2001.0,7634.85,5033.61,436.39,3271.84,244.04,906.77,0.13
8,241.0,24.526200000000003,35.5557,19.5804,93.9531,32.7119,22.2598,26.8093,3.5782999999999996,2001.0,241.0,8.2868,27.308300000000003,0.0,46.169000000000004,23.6541,11.1713,17.789499999999997,1.2297,2001.0,241.0,19.546133333333334,31.566366666666664,4.5796133333333335,70.57991333333334,28.020986666666662,16.30378,22.17856666666667,2.4390733333333334,2001.0,7432.0,5016.25,491.31,3361.53,271.24,979.34,0.0
9,257.0,23.378800000000002,33.7795,23.5557,92.0849,27.0247,18.838700000000003,21.993699999999997,4.5789,2001.0,257.0,3.2062999999999997,26.559399999999997,0.0,50.866099999999996,18.064400000000003,6.7099,14.6828,1.4036000000000002,2001.0,257.0,13.344340000000003,29.990386666666666,6.359920000000001,72.27838666666666,22.416580000000003,11.878686666666667,17.259586666666664,2.7604933333333337,2001.0,7254.87,4658.36,495.9,3144.98,258.42,1006.54,0.0
10,273.0,20.470200000000002,31.259500000000003,16.398799999999998,77.564,28.296599999999998,13.639,19.586,5.0085,2001.0,273.0,5.437399999999999,23.316799999999997,0.0,43.5609,13.3844,1.2086999999999999,7.497400000000001,1.1109,2001.0,273.0,16.80352,26.330379999999998,2.4870799999999997,58.88132666666666,19.182253333333332,7.119853333333333,12.817693333333336,2.6384,2001.0,6773.75,4261.4,565.91,2961.23,311.04,1054.63,0.0
11,289.0,16.2613,31.150600000000004,13.5747,91.4718,22.9423,11.959500000000002,16.3649,5.3037,2001.0,289.0,5.2490000000000006,23.8795,0.0,50.0006,10.408,-1.4786000000000001,5.8894,1.1575,2001.0,289.0,11.18804,27.618199999999998,3.7378,68.11953333333334,17.224426666666666,6.152340000000001,11.763573333333333,3.4132266666666675,2001.0,5677.68,3255.74,676.28,2502.07,348.72,1333.32,0.0
12,305.0,14.2021,29.0276,7.646099999999999,75.5017,24.299,13.2696,16.954200000000004,8.2582,2001.0,305.0,6.113899999999999,23.492,0.0,41.2523,5.3969,-4.3406,0.9078,1.6000999999999999,2001.0,305.0,11.716653333333332,25.923726666666667,1.3409266666666666,57.470226666666676,16.996053333333332,5.49202,10.902726666666666,3.9344133333333327,2001.0,5411.78,3129.95,727.73,2493.34,377.95,1394.35,0.0
