,DOY,INSgdmax,RADmax,RAINmax,RHmax,TMAXmax,TMINmax,Tmax,WINDmax,YEAR,DOY,INSgdmin,RADmin,RAINmin,RHmin,TMAXmin,TMINmin,Tmin,WINDmin,YEAR,DOY,INSgdmean,RADmean,RAINmean,RHmean,TMAXmean,TMINmean,Tmean,WINDmean,YEAR,NDVI,EVI,RED,NIR,BLUE,MIR,pixrel
0,113.0,28.04,30.78,21.18,82.09,29.83,20.18,24.64,7.76,2001.0,113.0,8.39,24.37,0.0,29.35,8.16,-1.33,3.87,1.69,2001.0,113.0,21.266666666666666,27.999333333333333,3.1353333333333335,50.45466666666666,21.303999999999995,8.077333333333334,14.999333333333334,4.506,2001.0,4651.35,1791.2,589.11,1483.98,393.0,788.11,0.18
1,129.0,28.69,33.77,27.25,93.65,28.77,20.33,23.91,5.11,2001.0,129.0,6.59,28.69,0.0,51.45,19.41,8.43,13.98,1.75,2001.0,129.0,19.55933333333333,31.011333333333337,7.885333333333333,70.58866666666668,23.579333333333334,14.42,19.040000000000003,3.6446666666666663,2001.0,5065.68,2006.03,342.71,1400.83,192.59,599.93,10.25
2,145.0,29.41,32.29,20.96,83.77,27.92,16.85,21.56,5.51,2001.0,145.0,0.97,26.03,0.0,35.5,14.83,4.82,9.39,1.0,2001.0,145.0,16.752666666666666,29.386666666666667,4.560666666666666,63.22266666666666,20.214000000000002,9.574,14.836000000000002,3.0120000000000005,2001.0,6189.13,2489.99,302.79,1551.25,199.18,501.35,2.63
3,161.0,30.1,34.38,26.72,87.65,30.57,21.34,25.37,5.22,2001.0,161.0,3.89,28.73,0.0,56.66,17.14,7.99,12.83,1.53,2001.0,161.0,19.978,31.172666666666668,7.784000000000001,71.84533333333334,25.505999999999993,14.711333333333334,20.170666666666666,3.049333333333334,2001.0,6437.65,3106.58,449.47,2067.05,315.05,654.7,0.39
4,177.0,32.47,34.34,21.49,81.66,33.29,20.77,26.38,3.4,2001.0,177.0,8.14,27.22,0.0,40.99,23.59,10.19,18.16,0.88,2001.0,177.0,23.24866666666667,31.366666666666664,2.793333333333334,55.45533333333333,28.77266666666667,16.760666666666665,22.729333333333333,2.3146666666666667,2001.0,7104.51,3593.97,275.1,2161.14,169.91,531.02,0.01
5,193.0,31.5,36.94,20.35,84.72,35.12,24.35,28.69,3.28,2001.0,193.0,8.17,28.22,0.0,39.93,27.45,12.7,20.5,0.97,2001.0,193.0,23.260666666666665,32.804,2.779333333333334,55.446000000000005,31.911999999999992,19.181333333333335,25.37666666666667,2.102,2001.0,7029.2,3354.79,240.31,1932.62,169.72,423.13,0.04
6,209.0,28.3,37.66,17.49,89.93,33.37,24.49,27.74,3.63,2001.0,209.0,6.91,31.5,0.0,67.17,26.5,17.15,22.11,0.67,2001.0,209.0,18.83,34.531333333333336,4.205333333333333,77.66266666666665,30.233999999999995,21.27,25.566,1.9226666666666665,2001.0,7347.26,3616.8,222.09,2104.25,136.82,461.95,3.01
7,225.0,27.18,34.49,15.3,77.62,32.24,22.42,26.73,3.45,2001.0,225.0,3.24,27.9,0.0,48.0,23.08,11.03,18.84,0.64,2001.0,225.0,20.56333333333333,31.56933333333332,2.5113333333333334,65.77000000000001,27.671333333333326,16.527333333333335,22.074666666666662,2.174,2001.0,7160.26,3273.13,202.2,1903.74,124.4,430.46,7.72
8,241.0,24.48,35.78,16.56,91.21,33.34,21.88,26.37,3.14,2001.0,241.0,4.72,27.76,0.0,52.57,24.12,12.32,17.69,1.31,2001.0,241.0,19.283333333333335,31.660666666666668,4.088,69.99733333333332,28.087333333333337,16.69,22.197333333333333,2.328,2001.0,6912.05,3116.94,250.68,1819.6,166.13,438.24,0.74
9,257.0,23.0,34.27,21.03,89.5,26.39,21.31,23.32,4.71,2001.0,257.0,3.92,26.86,0.0,49.37,19.42,7.5,14.15,1.52,2001.0,257.0,12.415333333333331,30.140000000000004,6.438000000000001,71.32799999999999,22.381999999999998,12.365999999999996,17.485333333333333,2.7046666666666663,2001.0,6297.56,2296.86,235.08,1401.36,115.8,353.96,5.1
10,273.0,20.66,31.82,22.26,83.89,28.87,15.87,19.59,4.17,2001.0,273.0,4.97,23.11,0.0,45.51,13.19,1.25,6.62,1.09,2001.0,273.0,16.378666666666668,26.31333333333333,3.266,61.318000000000005,18.5,6.975333333333334,12.467333333333336,2.7433333333333327,2001.0,5346.77,1820.22,263.3,1206.79,133.97,380.06,10.21
11,289.0,14.83,31.79,22.25,94.39,22.65,12.98,16.27,5.41,2001.0,289.0,5.0,24.55,0.0,47.97,10.23,-1.11,5.77,1.38,2001.0,289.0,10.296666666666665,27.924666666666663,6.400714285714286,70.89866666666667,16.890000000000004,6.742666666666666,11.840666666666666,3.2546666666666666,2001.0,5326.64,1659.58,297.5,1114.19,154.31,431.23,2.61
12,305.0,13.39,30.02,11.32,72.88,23.67,13.01,16.6,8.28,2001.0,305.0,5.8,23.29,0.0,42.26,5.39,-2.76,1.3,2.0,2001.0,305.0,10.586666666666666,26.15266666666667,1.6873333333333336,57.34266666666667,16.099333333333334,5.254000000000001,10.575333333333333,3.9179999999999997,2001.0,5483.3,1389.19,190.49,891.83,92.22,329.92,10.26
