,DOY,INSgdmax,RADmax,RAINmax,RHmax,TMAXmax,TMINmax,Tmax,WINDmax,YEAR,DOY,INSgdmin,RADmin,RAINmin,RHmin,TMAXmin,TMINmin,Tmin,WINDmin,YEAR,DOY,INSgdmean,RADmean,RAINmean,RHmean,TMAXmean,TMINmean,Tmean,WINDmean,YEAR,NDVI,EVI,RED,NIR,BLUE,MIR,pixrel
0,113.0,27.6687,30.516099999999998,16.6238,89.86059999999999,29.1631,19.5719,23.661099999999998,7.7232,2001.0000000000002,113.0,9.0826,23.0875,0.0,32.9675,6.9363,-2.2551000000000005,2.9201,1.8708,2001.0000000000002,113.0,20.75612,27.533153333333335,2.3990533333333333,54.55472,20.65459333333333,7.600866666666665,14.343186666666668,4.713546666666667,2001.0000000000002,1261.44,365.87,1106.36,1325.48,1019.51,399.14,8.7
1,129.0,29.0186,32.1513,29.916999999999998,92.49470000000001,28.9182,19.6238,23.6426,5.665400000000001,2001.0000000000002,129.0,3.3925,28.675700000000006,0.0,50.9792,16.6206,7.7502,13.507100000000001,1.1801000000000001,2001.0000000000002,129.0,17.440666666666665,30.50916,7.74366,72.55902,22.316513333333333,12.705793333333332,17.63852666666667,3.818646666666667,2001.0000000000002,1430.17,210.18,44.94,528.49,-49.95,110.31,64.04
2,145.0,27.9967,32.256099999999996,16.2933,82.7667,27.762300000000003,16.776,21.1955,5.934500000000001,2001.0000000000002,145.0,2.3970999999999996,26.3975,0.0,36.285799999999995,11.9682,4.9552,9.036800000000001,1.0082,2001.0000000000002,145.0,15.449446666666665,29.033246666666667,5.176666666666666,62.54415333333333,19.997326666666666,9.587346666666665,14.64772,3.337013333333333,2001.0000000000002,1631.87,-27.11,-226.63,376.95,-293.62,-172.8,104.64
3,161.0,30.9313,33.7838,20.908,87.79799999999999,31.4483,20.7377,24.450799999999997,5.8163,2001.0000000000002,161.0,3.9475000000000002,28.6231,0.0,52.5435,16.4512,7.0863000000000005,12.9443,1.4125999999999999,2001.0000000000002,161.0,20.622033333333334,30.91792666666667,6.133133333333333,71.9389,25.051226666666672,14.56744,19.656753333333334,3.3578600000000005,2001.0000000000002,2022.7,598.75,18.39,759.78,-47.51,23.57,69.81
4,177.0,31.941399999999994,34.043600000000005,33.1369,78.9425,32.46509999999999,21.0028,26.226399999999998,4.073799999999999,2001.0000000000002,177.0,11.141799999999998,29.0002,0.0,47.2874,22.8044,9.562199999999999,17.7152,0.9958,2001.0000000000002,177.0,23.426846666666666,31.58386,4.608013333333333,59.031319999999994,28.174319999999994,16.302753333333335,22.15441333333333,2.6151,2001.0000000000002,2522.38,1358.97,313.37,1176.84,213.68,283.15,23.42
5,193.0,31.831400000000002,36.398,13.6817,87.9955,35.0794,24.064999999999998,28.3627,4.1245,2001.0000000000002,193.0,9.3024,27.653600000000004,0.0,42.2193,27.5285,13.7778,20.304100000000002,1.1562999999999999,2001.0000000000002,193.0,21.636706666666665,32.888086666666666,1.6458199999999998,56.00917333333334,31.71718,19.371953333333334,25.2428,2.3695266666666663,2001.0000000000002,2102.79,777.45,-70.09,838.32,-122.63,-69.27,79.35
6,209.0,27.677200000000003,37.1202,15.603499999999999,89.1541,32.8759,24.093999999999998,27.4348,3.8712999999999997,2001.0000000000002,209.0,8.4769,31.104,0.0,71.08030000000001,25.5683,16.0353,21.036099999999998,0.7508000000000001,2001.0000000000002,209.0,18.8238,34.28778,4.221873333333333,79.85452000000001,29.35421333333333,20.86433333333333,24.855520000000006,2.2937466666666673,2001.0000000000002,2225.98,1042.91,110.6,886.71,49.91,57.19,41.03
7,225.0,27.8059,34.0976,13.146600000000001,84.6036,31.1137,22.8808,26.5679,3.6896000000000004,2001.0000000000002,225.0,1.8720999999999997,27.672699999999995,0.0,52.9947,20.029000000000003,10.372699999999998,17.432100000000002,1.1858000000000002,2001.0000000000002,225.0,20.998466666666666,31.04058,1.4453199999999997,71.25296666666667,25.97816666666667,15.364206666666668,20.617866666666664,2.4535666666666667,2001.0000000000002,3387.81,1524.9,226.56,1095.2,137.19,71.53,15.6
8,241.0,24.3198,35.1216,12.356399999999999,93.6501,30.986299999999996,21.541900000000005,25.3144,3.5006,2001.0000000000002,241.0,5.6042000000000005,27.53,0.0,42.6821,22.674,10.1843,16.984,1.2435,2001.0000000000002,241.0,18.946573333333333,31.086006666666663,3.0836533333333334,70.93311333333334,27.099686666666663,15.6355,21.29958666666667,2.5197933333333333,2001.0000000000002,3805.35,1469.36,228.24,1039.15,131.54,-23.52,13.24
9,257.0,23.1604,33.3388,20.5992,92.0453,26.389899999999997,18.2156,21.6682,4.3833,2001.0000000000002,257.0,3.7079,26.3551,0.0,52.0274,17.7611,5.3976999999999995,13.8026,1.4104999999999999,2001.0000000000002,257.0,12.200700000000001,29.759946666666664,6.3231,72.28588666666667,21.54842,11.361446666666668,16.612346666666667,2.7335733333333336,2001.0000000000002,5141.21,1715.2,220.92,1096.91,117.45,132.55,7.67
10,273.0,20.0472,31.3699,11.697199999999999,77.1518,29.0883,13.1113,18.7949,4.9887,2001.0000000000002,273.0,5.630599999999999,23.3246,0.0,42.428399999999996,12.7895,1.1538,6.4729,1.2342,2001.0000000000002,273.0,16.38268,26.1628,1.45332,59.125326666666666,18.231553333333334,6.611613333333334,12.152993333333333,2.78634,2001.0000000000002,2871.69,1085.2,311.82,896.11,207.73,174.6,10.44
11,289.0,15.8872,31.5028,16.3779,92.5596,21.7843,11.1414,15.721400000000001,5.5775999999999994,2001.0000000000002,289.0,5.1311,23.8399,0.0,46.41709999999999,10.3243,-1.0214,6.307600000000001,1.177,2001.0000000000002,289.0,10.700280000000001,27.33644,3.180142857142857,66.43997333333333,16.49758666666667,5.684099999999999,11.155153333333335,3.4563466666666667,2001.0000000000002,870.56,-243.69,-15.56,343.29,-150.38,-34.62,82.07
12,305.0,13.1785,28.574000000000005,6.585599999999999,80.6269,23.4929,12.1995,16.3476,9.3406,2001.0000000000002,305.0,6.147499999999999,23.18,0.0,38.5544,4.2833000000000006,-4.1771,0.40800000000000003,1.6712000000000002,2001.0000000000002,305.0,10.757533333333335,25.99942666666667,1.0130666666666666,59.38550666666667,15.640513333333331,4.70124,9.841906666666667,4.192493333333333,2001.0000000000002,518.5,-780.46,-283.63,33.1,-366.89,-228.11,122.55
