,DOY,INSgdmax,RADmax,RAINmax,RHmax,TMAXmax,TMINmax,Tmax,WINDmax,YEAR,DOY,INSgdmin,RADmin,RAINmin,RHmin,TMAXmin,TMINmin,Tmin,WINDmin,YEAR,DOY,INSgdmean,RADmean,RAINmean,RHmean,TMAXmean,TMINmean,Tmean,WINDmean,YEAR,NDVI,EVI,RED,NIR,BLUE,MIR,pixrel
0,113.0,27.8712,30.9236,21.017200000000003,92.9536,29.613599999999998,18.292,23.339199999999998,8.2532,2001.0,113.0,4.5572,23.3104,0.0,36.19,7.0847999999999995,-1.6776,2.9452,1.9551999999999998,2001.0,113.0,19.366000000000003,27.636480000000002,3.75704,56.89221333333334,20.626000000000005,7.597733333333334,14.170666666666666,4.9892,2001.0,4489.73,2702.36,933.18,2506.5,487.74,1934.58,0.1
1,129.0,29.3184,32.245599999999996,27.9424,93.59880000000001,30.017999999999997,19.0736,23.5384,6.4412,2001.0,129.0,1.7912,28.6704,0.0,46.782,15.6252,6.6952,12.6648,1.3619999999999999,2001.0,129.0,17.087146666666662,30.394293333333337,8.1744,71.09282666666667,22.366613333333333,11.88893333333333,17.39858666666667,4.229173333333334,2001.0,6233.98,3825.81,616.09,2772.45,328.69,1254.5,0.12
2,145.0,25.907200000000003,31.9748,18.903200000000002,81.7432,28.212,16.2792,21.6732,6.5848,2001.0,145.0,3.1068,27.379999999999995,0.0,35.180800000000005,11.8012,5.8932,9.5476,1.3172,2001.0,145.0,15.735039999999998,29.344986666666667,5.08376,58.87525333333333,20.441893333333333,10.182133333333333,15.230453333333333,4.023146666666666,2001.0,6954.86,4235.09,481.47,2832.5,257.23,890.8,0.01
3,161.0,31.2552,33.9944,21.2192,91.3948,31.889199999999995,20.078400000000002,24.5004,6.7791999999999994,2001.0,161.0,6.4155999999999995,28.864400000000003,0.0,50.2416,17.375200000000003,8.104800000000001,14.250399999999999,1.414,2001.0,161.0,20.551493333333333,31.01784,4.503120000000001,70.1756,25.488933333333335,14.51456,19.864000000000004,3.6953066666666663,2001.0,6588.24,4493.72,671.27,3307.66,359.28,1469.27,0.32
4,177.0,30.9236,33.8708,40.8816,74.1524,33.977199999999996,22.2484,27.442,5.388,2001.0,177.0,10.850000000000001,30.175599999999996,0.0,49.653999999999996,21.221600000000002,10.9328,17.5308,0.9448,2001.0,177.0,23.69128,31.893839999999997,5.72672,59.38848,28.218746666666668,16.881226666666667,22.29304,3.0460000000000003,2001.0,7191.22,4655.97,499.5,3136.61,268.65,1016.66,0.0
5,193.0,31.7164,36.18,13.204,84.9688,35.432,22.842399999999998,28.096,5.1828,2001.0,193.0,10.3032,28.224,0.0,43.482400000000005,27.0,14.8948,21.2908,1.1572,2001.0,193.0,20.492933333333333,33.205733333333335,1.9150933333333333,55.76869333333333,31.856906666666667,19.54973333333333,25.346346666666662,2.6334400000000002,2001.0,7395.78,4983.72,500.21,3360.3,268.92,1111.84,0.03
6,209.0,27.304,36.72,12.2224,93.8004,33.1044,23.9176,27.4284,4.6819999999999995,2001.0,209.0,6.046,31.4048,0.0,73.7256,23.9932,15.762800000000002,20.5524,1.4804000000000002,2001.0,209.0,19.29029333333333,34.26791999999999,2.851946666666667,80.92037333333334,29.181946666666672,20.732106666666667,24.549253333333333,2.8021599999999998,2001.0,7636.94,5082.41,436.41,3331.73,235.6,932.87,0.0
7,225.0,27.256,34.205200000000005,7.417999999999999,86.3156,30.813200000000002,22.1496,26.095200000000002,4.314399999999999,2001.0,225.0,3.8012,27.54,0.0,54.6036,20.023600000000002,10.7448,16.1312,1.2416,2001.0,225.0,21.424213333333334,30.83632,0.95896,72.93618666666666,25.69778666666667,15.057653333333334,20.199226666666668,2.8472,2001.0,7461.34,4857.43,457.39,3203.37,246.63,985.12,0.0
8,241.0,24.199199999999998,35.3144,11.155999999999999,96.7396,31.364,21.1092,25.364,4.1964,2001.0,241.0,7.1244,27.178400000000003,0.0,41.1688,22.6572,10.1392,16.7844,0.9176,2001.0,241.0,19.18898666666666,31.02589333333333,3.2150133333333333,70.79074666666666,27.386133333333337,15.344773333333332,21.207253333333334,2.7955466666666666,2001.0,7379.47,4696.83,456.73,3100.22,241.92,953.56,0.0
9,257.0,23.273600000000002,32.524,24.2652,92.0476,26.7564,16.0224,20.458,4.714,2001.0,257.0,3.508,26.176000000000002,0.0,55.1548,15.2712,5.7512,13.3416,1.6787999999999998,2001.0,257.0,12.881786666666667,29.387839999999997,7.126346666666667,73.59810666666667,20.997386666666667,11.099173333333333,16.06448,3.0321333333333333,2001.0,6642.4,4013.79,558.54,2836.38,274.39,1082.55,0.0
10,273.0,19.8988,30.209200000000003,12.3168,79.9112,29.4084,12.3568,19.773200000000003,5.8736,2001.0,273.0,5.5204,23.6196,0.0,43.5176,12.66,1.382,7.1936,0.806,2001.0,273.0,16.372159999999997,26.217840000000002,1.374,60.26341333333333,18.483386666666664,6.585626666666667,12.265413333333335,2.8434399999999993,2001.0,5926.31,3464.8,651.54,2594.67,339.36,1208.18,0.0
11,289.0,16.07,30.836,11.2416,89.7336,21.1296,11.247599999999998,16.0028,5.9468000000000005,2001.0,289.0,4.34,23.4536,0.0,46.5256,10.0068,0.2612,6.130800000000001,1.2904,2001.0,289.0,11.228800000000003,27.092613333333333,2.3238571428571424,63.93007999999999,16.733866666666668,5.75312,11.211386666666666,3.81288,2001.0,4671.0,2406.3,734.51,2052.78,372.23,1399.57,0.04
12,305.0,13.2332,28.764000000000003,7.6044,83.97200000000001,22.3124,11.7908,15.294,9.6328,2001.0,305.0,5.6284,23.3608,0.0,39.5572,6.5844000000000005,-5.8756,0.7432,1.4636,2001.0,305.0,11.13728,25.88909333333334,0.9277333333333333,60.37821333333333,15.732213333333332,4.554480000000001,9.67832,4.3761600000000005,2001.0,4304.43,2225.74,794.96,2028.73,407.44,1546.16,0.0
