,DOY,INSgdmax,RADmax,RAINmax,RHmax,TMAXmax,TMINmax,Tmax,WINDmax,YEAR,DOY,INSgdmin,RADmin,RAINmin,RHmin,TMAXmin,TMINmin,Tmin,WINDmin,YEAR,DOY,INSgdmean,RADmean,RAINmean,RHmean,TMAXmean,TMINmean,Tmean,WINDmean,YEAR,NDVI,EVI,RED,NIR,BLUE,MIR,pixrel
0,113.0,26.82,30.67,13.04,87.43,28.96,19.76,23.59,7.56,2001.0,113.0,7.99,23.47,0.0,36.02,8.13,-0.99,4.01,2.07,2001.0,113.0,21.49,27.909333333333333,2.0313333333333334,55.13199999999999,21.161333333333335,8.220666666666666,14.854666666666665,4.720666666666667,2001.0,4611.49,2163.72,668.57,1834.29,349.53,1220.98,0.0
1,129.0,29.12,32.4,32.32,93.26,29.43,19.7,23.9,5.78,2001.0,129.0,2.92,28.4,0.0,55.01,18.09,7.98,14.3,1.19,2001.0,129.0,17.354666666666667,30.637999999999998,7.98,74.748,22.771333333333338,13.197333333333331,18.090666666666667,3.816666666666667,2001.0,5469.77,2719.73,572.51,2023.82,309.27,1041.35,0.03
2,145.0,27.61,32.08,15.48,87.51,27.78,15.75,20.63,6.17,2001.0,145.0,1.12,27.11,0.0,40.19,14.31,5.56,9.83,0.86,2001.0,145.0,15.236666666666668,29.468666666666667,4.166666666666667,61.71933333333333,20.44066666666667,9.898666666666665,15.008000000000003,3.627333333333333,2001.0,6293.17,3376.96,506.28,2315.55,278.69,875.42,0.0
3,161.0,31.21,33.8,22.96,88.44,31.58,20.75,24.59,6.11,2001.0,161.0,3.85,29.05,0.0,57.99,17.11,6.69,13.25,1.49,2001.0,161.0,20.973333333333336,31.10666666666667,5.021333333333334,72.79599999999999,25.39866666666667,15.172,20.071333333333335,3.428,2001.0,5740.0,3450.13,707.06,2606.54,452.71,1157.81,1.19
4,177.0,31.75,33.95,44.05,81.44,32.58,21.22,26.14,3.91,2001.0,177.0,5.26,29.77,0.0,48.65,23.51,10.08,18.23,0.55,2001.0,177.0,22.794666666666668,31.591999999999995,5.351333333333333,61.208,28.29,16.779333333333334,22.33733333333333,2.5140000000000002,2001.0,6888.77,3880.34,442.1,2527.58,252.43,861.1,0.0
5,193.0,31.46,36.11,21.95,86.35,36.04,23.99,28.99,4.36,2001.0,193.0,8.46,28.76,0.0,42.72,28.13,15.03,21.1,1.21,2001.0,193.0,20.90466666666667,33.260666666666665,1.974,56.065333333333335,32.14,19.825333333333333,25.648000000000003,2.4246666666666665,2001.0,7170.51,4206.84,439.73,2733.88,255.65,862.29,0.12
6,209.0,27.61,37.08,19.7,91.3,33.46,23.98,27.94,3.82,2001.0,209.0,8.71,31.5,0.0,72.58,25.52,16.71,21.55,0.56,2001.0,209.0,19.3,34.516,4.463333333333334,79.36,29.973333333333336,21.297333333333334,25.327999999999996,2.286666666666667,2001.0,7200.83,4131.82,391.77,2624.32,224.78,772.47,0.02
7,225.0,28.15,33.77,9.93,80.88,31.69,21.85,26.3,3.77,2001.0,225.0,2.38,28.12,0.0,50.34,20.38,11.57,18.03,1.43,2001.0,225.0,22.288666666666657,30.970000000000006,1.0799999999999998,69.14266666666667,26.694666666666663,15.718666666666671,21.07666666666666,2.506666666666667,2001.0,7268.71,4146.76,378.69,2623.39,211.62,768.07,0.0
8,241.0,24.48,35.46,16.32,96.24,32.24,21.91,26.41,3.41,2001.0,241.0,6.98,27.14,0.0,43.76,23.07,10.64,17.41,1.2,2001.0,241.0,19.295333333333335,31.360666666666667,4.3213333333333335,71.03333333333333,27.590666666666667,15.952000000000004,21.794666666666668,2.4793333333333334,2001.0,7025.37,3838.63,401.1,2472.22,226.99,738.98,0.64
9,257.0,23.26,33.73,22.8,92.9,26.83,18.05,21.7,4.47,2001.0,257.0,3.17,26.5,0.0,51.8,18.17,5.71,14.3,1.43,2001.0,257.0,12.894,29.874666666666666,6.33,72.73466666666667,22.122000000000003,11.594666666666665,16.954666666666665,2.7873333333333337,2001.0,6249.92,3051.23,448.34,2086.95,227.71,768.81,0.0
10,273.0,20.16,31.21,15.29,76.97,28.62,13.21,19.52,5.19,2001.0,273.0,5.51,23.33,0.0,44.31,13.16,1.41,7.24,1.2,2001.0,273.0,16.624000000000002,26.257999999999996,2.2419999999999995,58.55066666666666,18.965333333333334,6.973333333333333,12.655333333333338,2.678,2001.0,5694.82,2622.52,497.41,1882.56,259.78,831.48,0.0
11,289.0,16.06,31.21,12.72,90.99,22.84,11.58,16.19,5.34,2001.0,289.0,4.82,23.83,0.0,46.76,10.54,-1.34,6.16,1.24,2001.0,289.0,11.192000000000002,27.528,3.355,66.44533333333332,17.06866666666667,5.922,11.589333333333334,3.4906666666666673,2001.0,4880.54,2157.82,591.5,1733.51,292.74,1079.28,0.0
12,305.0,13.75,29.12,7.26,76.66,24.2,12.9,16.71,8.74,2001.0,305.0,5.51,23.36,0.0,39.5,5.09,-4.73,0.69,1.61,2001.0,305.0,11.539333333333332,25.83066666666667,1.2126666666666666,57.712666666666685,16.69333333333333,5.1419999999999995,10.578666666666669,4.085333333333333,2001.0,4941.42,1914.25,543.91,1534.99,279.39,971.77,0.01
