,DOY,INSgdmax,RADmax,RAINmax,RHmax,TMAXmax,TMINmax,Tmax,WINDmax,YEAR,DOY,INSgdmin,RADmin,RAINmin,RHmin,TMAXmin,TMINmin,Tmin,WINDmin,YEAR,DOY,INSgdmean,RADmean,RAINmean,RHmean,TMAXmean,TMINmean,Tmean,WINDmean,YEAR,NDVI,EVI,RED,NIR,BLUE,MIR,pixrel
0,113.0,27.8826,30.382399999999997,27.631400000000003,93.9954,28.638399999999997,17.679000000000002,22.444200000000002,6.737800000000001,2001.0,113.0,7.2668,22.559199999999997,0.0,32.7278,3.6246000000000005,-4.751,0.0196,1.6583999999999999,2001.0,113.0,18.624746666666667,27.40576,3.454733333333333,57.50669333333334,18.69588,5.910746666666667,12.53192,4.187986666666667,2001.0,4139.46,1832.34,612.91,1580.83,325.02,1143.6,0.16
1,129.0,28.1608,31.3322,24.315800000000003,90.4152,28.047400000000003,18.7032,22.719000000000005,5.3752,2001.0,129.0,3.0248,26.9524,0.0,33.2778,15.5336,6.0278,12.495999999999999,1.0948000000000002,2001.0,129.0,17.383173333333335,29.902320000000003,7.807506666666667,67.34824,21.174426666666665,11.168039999999998,16.288626666666666,3.5827066666666663,2001.0,5663.79,2845.49,525.52,2040.29,294.37,935.91,0.08
2,145.0,27.459200000000003,31.951600000000003,12.593600000000002,82.84879999999998,26.6458,16.866400000000002,20.7862,5.3444,2001.0,145.0,5.292000000000001,26.0158,0.0,33.223,8.5862,3.9334000000000002,6.8942000000000005,1.2890000000000001,2001.0,145.0,16.448146666666666,28.543373333333335,3.53152,64.59497333333334,18.926840000000002,8.811079999999999,13.82638666666667,2.8069200000000003,2001.0,7221.39,4286.67,362.35,2721.06,211.38,650.22,0.0
3,161.0,31.690399999999997,33.218199999999996,22.846,87.32319999999999,30.8838,19.7244,23.472,5.1034,2001.0,161.0,3.8438,27.72,0.0,48.528600000000004,14.843399999999997,6.6438,12.1822,1.1614,2001.0,161.0,19.490280000000002,30.503653333333325,7.192626666666667,71.12495999999999,24.114546666666666,13.284719999999998,18.59685333333333,3.1024933333333338,2001.0,7307.15,4473.18,385.4,2853.33,254.01,642.9,0.22
4,177.0,31.981799999999996,34.5952,16.2596,77.0928,32.3358,21.336399999999998,25.853,4.3102,2001.0,177.0,15.952599999999999,28.3206,0.0,40.684,21.849000000000004,7.875,16.193400000000004,1.743,2001.0,177.0,25.634160000000005,30.94490666666666,2.5879866666666667,56.77233333333334,27.447986666666665,15.393493333333332,21.516653333333327,2.902626666666666,2001.0,7719.38,4870.14,344.74,3068.02,209.63,656.04,0.03
5,193.0,31.989199999999997,36.2618,15.979600000000001,84.7312,34.2132,23.705,27.528,3.8804,2001.0,193.0,11.845200000000002,26.2908,0.0,41.125800000000005,25.757,12.451600000000001,18.909599999999998,1.5662,2001.0,193.0,24.471293333333332,31.878306666666667,1.9168133333333335,53.21773333333333,30.958040000000004,18.78792,24.635266666666663,2.4580533333333334,2001.0,7842.25,4983.4,320.42,3100.5,191.54,642.47,0.04
6,209.0,28.1294,35.506,19.3918,87.3352,32.6232,23.493199999999998,27.1326,3.7086000000000006,2001.0,209.0,6.8184000000000005,30.8392,0.0,66.97380000000001,25.635199999999998,15.579999999999998,20.026399999999995,0.8837999999999999,2001.0,209.0,18.464893333333332,33.346826666666665,5.106813333333334,78.32434666666666,28.55462666666666,19.633933333333328,23.821773333333336,2.3431466666666663,2001.0,7624.26,4457.29,304.36,2719.02,182.38,597.82,0.07
7,225.0,27.726599999999998,34.3358,22.907799999999998,91.52700000000002,29.9146,23.786,26.3172,3.6763999999999997,2001.0,225.0,3.8796,27.905199999999997,0.0,56.571600000000004,18.4712,8.825399999999998,15.978599999999998,0.9813999999999999,2001.0,225.0,19.65336,30.953919999999997,1.87472,73.76656,24.891360000000002,14.724026666666663,19.73182666666667,2.3955200000000003,2001.0,7622.11,4240.15,278.22,2534.14,169.41,530.84,0.15
8,241.0,23.7614,34.56420000000001,7.5596000000000005,85.50540000000001,29.201600000000003,19.635600000000004,23.058600000000002,3.9812000000000003,2001.0,241.0,10.094,26.920599999999997,0.0,41.584799999999994,20.998,9.097199999999999,16.0834,1.3426,2001.0,241.0,20.009733333333333,30.497079999999997,1.66472,69.92227999999999,25.97744,15.045506666666672,20.32928,2.6264266666666667,2001.0,7249.5,3802.23,313.61,2282.69,199.87,535.5,0.15
9,257.0,22.529999999999998,32.324799999999996,18.6884,89.167,25.9586,17.754399999999997,20.833199999999998,3.9674,2001.0,257.0,4.8102,25.8674,0.0,54.593,15.986600000000001,5.4664,12.2468,1.0366,2001.0,257.0,11.475173333333334,29.547813333333327,4.778853333333334,72.98078666666667,20.25486666666667,10.602093333333332,15.538306666666664,2.433826666666667,2001.0,6282.69,2769.9,403.23,1857.16,196.03,621.36,0.06
10,273.0,19.831,30.888600000000004,7.783,77.2072,29.6788,11.592400000000001,17.409000000000002,4.278600000000001,2001.0,273.0,5.6684,22.8624,0.0,39.080799999999996,10.6804,-0.1924,5.1726,1.4534,2001.0,273.0,15.469733333333336,25.812933333333334,0.9511066666666667,59.56901333333334,16.506813333333334,5.817346666666668,10.9674,2.819919999999999,2001.0,5231.91,2459.06,527.86,1836.26,287.42,658.46,2.58
11,289.0,16.250799999999998,31.305,9.1514,93.5052,18.886400000000002,9.5016,14.5384,5.6452,2001.0,289.0,5.1632,22.8248,0.0,47.47239999999999,8.234399999999999,-1.0024,4.9256,1.0672000000000001,2001.0,289.0,10.321639999999999,26.439826666666672,2.015228571428571,68.10122666666668,15.028573333333334,4.838746666666665,9.902626666666666,3.229973333333333,2001.0,4572.94,1582.84,399.58,1191.42,211.96,667.84,2.59
12,305.0,12.9384,28.226599999999998,6.686999999999999,81.4832,20.971399999999996,11.1232,14.776,9.804599999999999,2001.0,305.0,5.188999999999999,22.7632,0.0,38.6118,2.9412000000000003,-3.8343999999999996,-0.2062,1.651,2001.0,305.0,9.589186666666667,25.660533333333333,1.1315333333333335,63.146640000000005,13.291706666666668,3.7979066666666665,8.132360000000002,4.103280000000001,2001.0,4317.98,1453.15,386.43,1131.15,192.96,767.97,5.1
