,DOY,INSgdmax,RADmax,RAINmax,RHmax,TMAXmax,TMINmax,Tmax,WINDmax,YEAR,DOY,INSgdmin,RADmin,RAINmin,RHmin,TMAXmin,TMINmin,Tmin,WINDmin,YEAR,DOY,INSgdmean,RADmean,RAINmean,RHmean,TMAXmean,TMINmean,Tmean,WINDmean,YEAR,NDVI,EVI,RED,NIR,BLUE,MIR,pixrel
0,113.0,27.6214,31.407000000000004,24.863,93.2628,29.964000000000002,17.786,23.1126,8.2858,2001.0,113.0,3.9748,23.4936,0.0,36.662,7.2972,-1.844,2.9828,2.0774,2001.0,113.0,19.8554,27.384706666666666,3.50188,57.035679999999985,20.54204,7.515933333333333,14.057026666666665,5.033546666666667,2001.0,3722.19,2417.33,1277.45,2778.49,641.93,2747.98,0.03
1,129.0,29.357400000000002,32.07,26.6444,92.89360000000002,30.2432,18.8726,23.882,6.6902,2001.0,129.0,2.7922000000000002,28.5968,0.0,44.98100000000001,15.863,6.2578,12.0734,2.002,2001.0,129.0,17.734173333333334,30.275200000000005,5.815973333333334,68.93045333333333,22.793,11.664106666666669,17.499893333333333,4.4403733333333335,2001.0,4695.62,2980.17,1008.58,2776.53,514.11,2214.17,0.01
2,145.0,26.593600000000002,32.203199999999995,21.2864,79.7982,28.124200000000002,15.5444,21.8018,6.8768,2001.0,145.0,2.3912,27.4052,0.0,33.6884,12.2102,6.2668,10.2028,1.3441999999999998,2001.0,145.0,16.012613333333334,29.35746666666667,5.4825333333333335,55.80025333333334,20.89802666666667,10.619426666666666,15.842466666666667,4.427440000000001,2001.0,5274.6,3419.04,888.65,2913.4,459.09,1805.7,0.24
3,161.0,31.3088,34.519999999999996,18.2988,92.43719999999999,31.9362,19.551000000000002,24.746000000000002,7.057600000000001,2001.0,161.0,5.655799999999999,29.3976,0.0,47.544200000000004,17.9684,9.5382,14.5482,1.2606000000000002,2001.0,161.0,20.29929333333333,31.430399999999995,3.715333333333333,69.03716,25.682306666666662,14.457119999999996,19.988253333333333,3.7589466666666667,2001.0,5495.56,3550.72,886.79,2994.16,463.75,1848.42,0.4
4,177.0,31.3954,34.2576,40.0982,72.2068,34.8896,21.973599999999998,27.9424,6.2988,2001.0,177.0,8.5082,29.775599999999997,0.0,45.90260000000001,20.2136,11.6414,16.899,0.9609999999999999,2001.0,177.0,23.85524,31.930439999999997,5.86188,58.46426666666666,28.552493333333334,17.217533333333332,22.600266666666666,3.3688266666666666,2001.0,6999.72,5073.94,646.16,3679.88,346.66,1462.57,0.0
5,193.0,31.331400000000002,36.3318,21.880000000000003,84.2712,35.6804,22.462199999999996,27.854999999999997,5.4802,2001.0,193.0,12.7362,29.399,0.0,43.656800000000004,26.3974,15.595200000000002,22.36,0.8351999999999999,2001.0,193.0,20.56276,33.33733333333334,3.935173333333333,55.620173333333334,32.04816,19.675919999999998,25.54788,2.7603600000000004,2001.0,7815.5,5780.4,466.52,3889.33,257.06,1065.55,0.0
6,209.0,28.382599999999996,36.5338,10.9102,95.218,33.164,23.8572,27.4234,5.2658000000000005,2001.0,209.0,5.6798,31.5052,0.0,72.18,23.6646,15.793600000000001,20.4268,1.5337999999999998,2001.0,209.0,19.973813333333332,34.27802666666666,2.40188,81.30718666666667,29.13370666666667,20.480653333333333,24.425706666666663,3.0607999999999995,2001.0,8155.95,6167.8,403.92,4066.19,224.04,991.99,0.05
7,225.0,27.4768,34.1356,11.105,85.1928,31.214399999999998,21.880200000000002,26.053600000000003,4.651800000000001,2001.0,225.0,5.6838,27.516199999999998,0.0,55.157599999999995,19.5462,10.4448,15.541,1.1902,2001.0,225.0,21.952693333333336,30.83289333333333,1.6832933333333333,72.84233333333333,26.046853333333335,14.954759999999997,20.2626,3.041093333333334,2001.0,8074.67,5891.71,400.89,3847.18,221.6,919.72,0.01
8,241.0,23.894399999999997,34.7516,13.365200000000002,96.81120000000001,31.885999999999996,20.5148,25.2626,4.6728000000000005,2001.0,241.0,7.8184000000000005,27.1918,0.0,45.949799999999996,23.005,10.982800000000001,17.0748,1.1734,2001.0,241.0,19.14410666666667,31.251266666666666,2.9096399999999996,70.14894666666666,27.849653333333336,15.540519999999997,21.45181333333333,2.9563600000000005,2001.0,7455.26,5148.04,496.45,3481.95,268.72,991.0,0.0
9,257.0,23.2374,32.608599999999996,25.671599999999998,93.24459999999999,27.7354,15.3692,20.3694,5.1686,2001.0,257.0,3.3983999999999996,25.821799999999996,0.0,49.176,14.3202,5.5708,12.209600000000002,1.8242,2001.0,257.0,13.855920000000001,29.173893333333336,6.041613333333334,74.25497333333333,20.661813333333335,11.1282,15.843599999999999,3.1732666666666662,2001.0,6552.14,3822.69,547.05,2688.94,267.1,1040.55,0.0
10,273.0,20.1018,29.613599999999998,11.7734,81.6974,29.9662,13.574399999999999,20.4878,6.058,2001.0,273.0,5.6894,24.050000000000004,0.0,43.4922,12.2514,1.6456,7.5958,0.8504,2001.0,273.0,16.444733333333332,26.279320000000006,1.3155333333333332,62.07893333333333,18.582213333333332,6.6971066666666665,12.387093333333333,2.871853333333333,2001.0,5354.98,2995.78,733.62,2436.18,348.88,1328.28,0.0
11,289.0,16.845,30.3844,12.2332,86.7612,20.4492,11.220999999999998,16.209999999999997,6.5024,2001.0,289.0,4.917400000000001,23.273,0.0,46.58239999999999,9.7562,1.3045999999999998,5.8554,1.2446,2001.0,289.0,11.746186666666667,27.028306666666666,1.8990428571428575,62.980199999999996,16.914786666666668,5.7419866666666675,11.165399999999998,3.93612,2001.0,3851.45,2084.52,968.99,2163.05,477.56,1815.36,0.0
12,305.0,12.8554,29.1026,6.2306,86.6164,22.1306,11.4452,14.861599999999997,9.1574,2001.0,305.0,6.2256,23.243,0.0,40.8956,6.9272,-7.019,1.2766,1.4464000000000001,2001.0,305.0,11.29648,25.70370666666667,0.8156533333333333,61.03680000000001,15.701600000000001,4.41056,9.516733333333335,4.298546666666667,2001.0,3360.01,1922.72,1142.57,2280.95,569.89,2084.59,0.0
