,DOY,INSgdmax,RADmax,RAINmax,RHmax,TMAXmax,TMINmax,Tmax,WINDmax,YEAR,DOY,INSgdmin,RADmin,RAINmin,RHmin,TMAXmin,TMINmin,Tmin,WINDmin,YEAR,DOY,INSgdmean,RADmean,RAINmean,RHmean,TMAXmean,TMINmean,Tmean,WINDmean,YEAR,NDVI,EVI,RED,NIR,BLUE,MIR,pixrel
0,113.0,27.845599999999997,30.2053,15.3655,89.3444,29.2466,19.853,23.8131,7.5151,2001.0,113.0,10.1327,23.027199999999997,0.0,31.5077,6.6627,-2.3047999999999997,2.7258,1.7651,2001.0,113.0,21.069833333333335,27.43694666666667,2.3415799999999996,53.46496000000001,20.589799999999997,7.496039999999999,14.29022,4.583880000000001,2001.0,4949.64,2321.0,658.0,1905.27,327.63,1198.21,0.21
1,129.0,28.857999999999997,32.058,30.4287,92.3571,28.4137,19.644,23.502599999999997,5.3308,2001.0,129.0,4.1416,28.5219,0.0,50.706500000000005,16.5909,7.8459,13.5267,1.2450999999999999,2001.0,129.0,17.903979999999997,30.43456,8.46942,72.95041333333333,22.12342,12.896573333333333,17.599453333333337,3.681826666666667,2001.0,5793.46,3015.02,590.14,2213.86,311.97,1023.24,0.22
2,145.0,28.716699999999996,32.4306,18.153100000000002,83.32520000000001,27.581,17.067700000000002,21.0953,5.6367,2001.0,145.0,1.6270000000000002,26.3669,0.0,35.5432,11.5424,4.6523,8.692400000000001,0.9178999999999999,2001.0,145.0,15.924266666666664,28.881093333333332,5.688533333333333,63.31238666666667,19.77701333333333,9.505593333333332,14.473226666666667,3.086266666666666,2001.0,6901.99,3645.4,433.08,2366.62,237.4,773.03,0.0
3,161.0,30.8956,33.488299999999995,21.4277,86.4368,31.145400000000002,21.0245,24.4614,5.4205000000000005,2001.0,161.0,3.229,28.3819,0.0,52.3787,15.9605,7.2033999999999985,12.5528,1.3321,2001.0,161.0,20.237413333333336,30.88068,6.510140000000001,72.36291333333332,24.82268,14.41699333333333,19.49754666666667,3.2118066666666665,2001.0,6925.78,4043.37,484.5,2687.94,272.46,859.69,0.16
4,177.0,32.067699999999995,34.009699999999995,28.9593,79.3863,32.121300000000005,20.587400000000002,25.7657,3.7231,2001.0,177.0,11.2916,28.5606,0.0,47.63120000000001,22.9671,8.973500000000001,17.5749,1.088,2001.0,177.0,23.041600000000003,31.560593333333337,4.4397,58.26445333333333,28.099293333333332,16.145893333333333,22.10434,2.5289599999999997,2001.0,7457.27,4683.32,445.31,3063.66,239.41,846.03,0.0
5,193.0,31.822199999999995,36.523599999999995,11.1832,87.7281,34.8002,24.4396,28.207,3.7121999999999997,2001.0,193.0,9.556600000000001,27.429100000000002,0.0,41.8691,27.361600000000003,13.1125,20.028100000000002,1.0878999999999999,2001.0,193.0,22.422340000000002,32.69614,1.6103199999999998,55.96853333333334,31.599580000000003,19.220913333333336,25.133273333333335,2.2796733333333328,2001.0,7778.52,4879.1,381.1,3076.63,214.86,752.51,0.15
6,209.0,28.3383,37.1291,15.1124,87.49419999999999,32.8469,24.050700000000003,27.402,3.6789,2001.0,209.0,9.6242,31.39,0.0,68.1534,26.1545,16.155099999999997,21.1438,0.6041000000000001,2001.0,209.0,18.80305333333333,34.2567,3.9933133333333326,79.17143999999999,29.349439999999994,20.770566666666667,24.872300000000003,2.144273333333333,2001.0,7992.6,4639.08,308.14,2796.61,175.66,626.36,0.1
7,225.0,27.5672,34.38250000000001,16.4591,85.15339999999999,31.357400000000005,23.1904,26.7592,3.4356,2001.0,225.0,1.5183,27.7283,0.0,52.97430000000001,19.9372,9.8861,17.719900000000003,0.9604999999999999,2001.0,225.0,20.657253333333333,31.157639999999994,1.597046666666667,70.77562,26.07342,15.412173333333332,20.740026666666665,2.3241066666666663,2001.0,7940.85,4690.35,322.34,2856.13,183.99,663.27,0.0
8,241.0,24.2366,35.1695,8.717100000000002,91.6844,30.910399999999996,21.4169,25.116600000000002,3.3394999999999997,2001.0,241.0,5.2756,27.798299999999998,0.0,43.9542,22.7533,10.2423,16.9949,1.3462,2001.0,241.0,18.785833333333336,31.121319999999994,2.0583866666666664,70.7807,27.021800000000002,15.726433333333334,21.27475333333333,2.4340733333333335,2001.0,7738.37,4371.04,337.16,2673.51,191.6,645.81,0.86
9,257.0,23.0886,33.368,19.2999,90.60390000000001,26.58,18.993,22.0184,4.3102,2001.0,257.0,3.9773,26.345000000000002,0.0,49.7407,18.3417,5.834,13.7666,1.3383,2001.0,257.0,12.004573333333333,29.819099999999995,5.959473333333334,71.7827,21.538253333333333,11.437740000000002,16.707106666666668,2.63424,2001.0,7279.0,3659.47,354.94,2277.85,189.01,653.0,0.0
10,273.0,20.0183,31.646699999999996,10.6171,76.7439,29.1515,13.2041,18.4622,4.576499999999999,2001.0,273.0,5.5516,23.3305,0.0,41.5495,12.7636,1.1694,6.1982,1.2173,2001.0,273.0,16.428780000000003,26.068939999999994,1.33398,59.09112666666667,17.988906666666665,6.537833333333333,12.056740000000001,2.7722266666666666,2001.0,6208.77,2831.97,449.71,1913.09,236.59,710.79,0.0
11,289.0,15.568900000000001,31.493899999999996,19.332500000000003,92.6254,21.6706,11.070400000000001,15.581399999999999,5.4879,2001.0,289.0,5.0296,24.2366,0.0,46.536,10.2609,-1.0503,6.3384,1.0443,2001.0,289.0,10.417386666666665,27.333326666666665,3.7710999999999997,67.13964666666666,16.39824,5.745833333333333,11.081460000000002,3.327353333333333,2001.0,5139.17,2477.85,647.27,1987.56,320.38,968.77,0.18
12,305.0,13.151900000000001,28.4166,8.479099999999999,80.5739,23.5711,12.072599999999998,16.4375,9.1327,2001.0,305.0,6.5444,23.1586,0.0,38.0406,4.027299999999999,-3.6273,0.4942,1.7481,2001.0,305.0,10.59018,25.98148,1.2212466666666666,59.40221333333333,15.397299999999998,4.667520000000001,9.745573333333335,4.100513333333334,2001.0,5405.66,2013.14,448.01,1460.69,220.54,770.37,0.0
