,DOY,INSgdmax,RADmax,RAINmax,RHmax,TMAXmax,TMINmax,Tmax,WINDmax,YEAR,DOY,INSgdmin,RADmin,RAINmin,RHmin,TMAXmin,TMINmin,Tmin,WINDmin,YEAR,DOY,INSgdmean,RADmean,RAINmean,RHmean,TMAXmean,TMINmean,Tmean,WINDmean,YEAR,NDVI,EVI,RED,NIR,BLUE,MIR,pixrel
0,113.0,28.080800000000004,31.2747,18.0843,83.01310000000001,29.641299999999998,19.9964,24.5992,7.9283,2001.0,113.0,10.685,24.1303,0.0,29.4928,8.654700000000002,-0.8863000000000001,4.3953,1.8583,2001.0,113.0,21.474406666666667,28.196873333333333,2.5151733333333333,50.578086666666664,21.57056,8.574413333333332,15.421273333333334,4.47302,2001.0,5235.5,1947.89,430.74,1401.92,233.09,873.3,0.02
1,129.0,28.7461,33.7139,34.0432,91.69669999999999,29.8359,20.4677,24.583199999999998,5.3089,2001.0,129.0,5.2283,28.542099999999998,0.0,48.5736,20.118899999999996,9.3735,14.964300000000001,1.7653,2001.0,129.0,19.984333333333332,31.115033333333333,7.138013333333333,67.29134666666667,24.427633333333333,15.03098,19.732580000000006,3.6990666666666665,2001.0,5779.07,2252.12,387.2,1500.12,223.63,701.86,0.0
2,145.0,29.2621,32.3104,23.7242,88.9108,27.9353,17.2529,21.5396,5.6732,2001.0,145.0,0.97,27.2234,0.0,40.1563,14.5903,5.3606,9.9714,1.0918,2001.0,145.0,16.760486666666672,29.746046666666665,4.0340066666666665,64.20390666666667,20.409840000000003,9.87116,15.16478,3.1439199999999996,2001.0,6711.2,2906.79,330.86,1771.15,217.96,551.58,0.0
3,161.0,30.1357,34.584,28.6478,88.82300000000001,30.8556,21.5542,25.5587,5.1843,2001.0,161.0,5.2313,28.9493,0.0,57.3944,16.543300000000002,8.377600000000001,13.350200000000001,1.4892,2001.0,161.0,19.922919999999998,31.429366666666667,6.44032,72.26523333333333,25.9157,15.224393333333333,20.643606666666667,3.0007133333333336,2001.0,6933.63,3470.74,363.47,2165.59,231.46,652.75,0.12
4,177.0,31.9753,34.691900000000004,28.385199999999998,78.7479,33.3971,21.274900000000002,26.1505,3.2011,2001.0,177.0,7.2577,27.439299999999996,0.0,43.4023,23.692,10.597999999999999,18.313000000000002,0.9004,2001.0,177.0,22.77912666666667,31.473766666666663,2.9534733333333336,57.81935333333334,28.792386666666665,16.852466666666665,22.760953333333333,2.201786666666666,2001.0,7550.87,3814.5,286.98,2285.92,175.91,566.71,0.0
5,193.0,31.296,36.771699999999996,15.5764,84.6894,35.4872,24.696800000000003,29.1592,3.8257000000000003,2001.0,193.0,7.950699999999999,28.607599999999998,0.0,39.5934,27.9447,13.0927,21.5098,0.8374,2001.0,193.0,22.876126666666664,33.06002000000001,2.6559133333333333,55.157340000000005,32.230239999999995,19.626733333333334,25.78738666666667,2.16014,2001.0,7552.63,3620.47,255.63,2080.56,177.9,472.31,0.06
6,209.0,27.892000000000003,37.4764,23.859899999999996,90.8939,33.8749,24.433899999999998,28.0919,3.4718999999999998,2001.0,209.0,6.527500000000001,31.902900000000002,0.0,67.28219999999999,26.693799999999996,17.915,22.747499999999995,0.6037000000000001,2001.0,209.0,19.1411,34.76559333333334,4.299173333333334,77.33660666666665,30.654579999999996,21.68174,25.92436,1.8890066666666665,2001.0,7798.45,3932.45,269.94,2282.75,179.09,517.27,0.7
7,225.0,27.399299999999997,34.546099999999996,12.444,74.5294,32.954,23.1085,27.189,3.5724,2001.0,225.0,4.6884,28.104,0.0,47.739900000000006,24.6967,12.361099999999999,19.656,0.7471,2001.0,225.0,20.790453333333332,31.65875333333333,2.1567133333333333,63.647040000000004,28.328553333333325,17.03053333333333,22.650966666666662,2.1502,2001.0,7597.22,3525.14,249.44,2013.68,175.64,477.95,0.0
8,241.0,24.48,35.800399999999996,21.6498,89.8585,34.0948,22.4053,26.931,3.4307000000000003,2001.0,241.0,6.556,28.1425,0.0,54.355000000000004,24.803400000000003,13.1054,18.4499,1.4018,2001.0,241.0,19.082393333333336,31.955446666666667,4.37462,69.26803333333334,28.714973333333333,17.351300000000002,22.843673333333335,2.3235799999999998,2001.0,7227.99,3365.77,294.38,1959.73,212.42,491.65,0.5
9,257.0,23.275399999999998,34.474000000000004,18.6024,89.4592,26.900000000000002,21.299799999999998,23.8963,4.9242,2001.0,257.0,3.8129,27.0028,0.0,48.2225,19.8739,7.7703,14.6498,1.5812,2001.0,257.0,13.059293333333333,30.375619999999998,5.91814,70.92748,22.90084,12.619639999999999,17.89163333333333,2.6852866666666664,2001.0,6699.86,2361.08,261.7,1417.95,135.23,445.31,0.0
10,273.0,20.609,31.656800000000004,23.127000000000002,83.9155,28.538500000000003,16.1352,20.049,4.3179,2001.0,273.0,4.8934999999999995,23.0539,0.0,45.163199999999996,12.9503,1.4591,7.0076,1.0033,2001.0,273.0,16.354526666666665,26.506453333333333,2.7492,62.3958,18.75262,7.338113333333334,12.757693333333334,2.758633333333333,2001.0,5627.0,1974.39,337.53,1278.97,216.01,459.76,0.0
11,289.0,15.436899999999998,31.861400000000003,27.7019,94.4206,22.5429,13.051400000000001,16.78,5.3743,2001.0,289.0,4.9643,24.55,0.0,54.477599999999995,10.071900000000001,-1.0641,5.683299999999999,1.3952999999999998,2001.0,289.0,10.652306666666664,27.889986666666665,6.438235714285714,73.34972666666667,17.12562,7.163586666666665,12.203786666666666,3.2366466666666662,2001.0,5752.0,1717.05,277.89,1089.94,152.77,428.9,0.0
12,305.0,13.609300000000001,30.1526,10.386700000000001,73.5685,23.4711,13.1528,16.4929,7.9536,2001.0,305.0,5.9275,23.713300000000004,0.0,43.422799999999995,5.675599999999999,-2.4284999999999997,1.4071,2.0,2001.0,305.0,11.000106666666664,26.263506666666668,1.4149933333333333,58.16784666666666,16.343113333333335,5.60386,10.858893333333333,3.7911799999999998,2001.0,5777.89,1577.65,241.92,966.72,149.67,375.97,0.0
