,DOY,INSgdmax,RADmax,RAINmax,RHmax,TMAXmax,TMINmax,Tmax,WINDmax,YEAR,DOY,INSgdmin,RADmin,RAINmin,RHmin,TMAXmin,TMINmin,Tmin,WINDmin,YEAR,DOY,INSgdmean,RADmean,RAINmean,RHmean,TMAXmean,TMINmean,Tmean,WINDmean,YEAR,NDVI,EVI,RED,NIR,BLUE,MIR,pixrel
0,113.0,27.159399999999998,30.970000000000006,15.013,86.1363,29.5256,19.677599999999998,23.694200000000002,7.2744,2001.0,113.0,8.5556,23.517899999999997,0.0,36.4765,8.670200000000001,-0.8398,4.1849,1.9093,2001.0,113.0,21.646353333333334,28.00490666666667,1.9581466666666667,55.298959999999994,21.36408,8.49542,15.083879999999999,4.554126666666668,2001.0,5153.95,3279.53,894.7,2826.06,466.25,1846.59,0.05
1,129.0,29.421800000000005,32.7207,28.576099999999997,93.52029999999999,29.302099999999996,19.689899999999998,24.000799999999998,5.8134,2001.0,129.0,3.4019000000000004,28.2589,0.0,55.520300000000006,18.4461,8.5487,14.566300000000002,1.2835,2001.0,129.0,17.691533333333336,30.723213333333334,7.192073333333334,74.47524,23.100633333333334,13.648293333333331,18.442026666666663,3.784346666666667,2001.0,7053.88,4776.11,566.62,3320.01,310.14,1143.66,0.05
2,145.0,27.054599999999997,31.9511,19.7652,90.0941,27.500500000000002,15.675,20.596799999999998,6.1478,2001.0,145.0,1.2492,27.175799999999995,0.0,40.052499999999995,14.2227,5.9052,10.135100000000001,0.8917000000000002,2001.0,145.0,15.71616666666667,29.52174,4.013606666666667,62.56358,20.64586,10.023306666666667,15.194466666666667,3.6473666666666666,2001.0,7672.98,5096.25,418.15,3300.6,232.45,743.39,0.13
3,161.0,31.147800000000004,34.09309999999999,27.4264,89.7795,31.336100000000002,20.8353,24.800399999999996,6.073,2001.0,161.0,4.2744,28.9157,0.0,59.5844,16.6036,6.867500000000001,13.383600000000001,1.4705,2001.0,161.0,20.872393333333335,31.27540666666667,6.27792,73.82356,25.45248,15.468426666666666,20.293833333333335,3.3615933333333334,2001.0,7298.2,5321.76,583.5,3744.87,317.81,1265.24,0.41
4,177.0,31.4193,34.059000000000005,46.4815,80.9996,32.482499999999995,21.128999999999998,25.8474,3.6872000000000007,2001.0,177.0,4.5198,29.702999999999996,0.0,51.8185,23.105900000000002,10.0561,18.2426,0.6825000000000001,2001.0,177.0,22.57768,31.684599999999996,5.646279999999999,62.878319999999995,28.15864666666667,16.882673333333337,22.3323,2.444426666666667,2001.0,7524.15,5166.92,479.06,3449.98,263.06,973.93,0.0
5,193.0,31.2538,36.2424,22.488599999999998,84.7666,36.2445,24.1332,29.217299999999998,4.3416999999999994,2001.0,193.0,8.6242,29.521400000000003,0.0,42.8098,28.087,15.4539,21.8858,1.1063999999999998,2001.0,193.0,20.948700000000002,33.46548,2.4751133333333337,55.96256,32.36906666666667,20.15914,25.920733333333335,2.4665666666666666,2001.0,7827.1,5513.36,442.94,3617.82,249.39,878.34,0.67
6,209.00000000000003,28.038399999999996,36.7791,22.9647,89.9237,33.627,24.1723,28.1032,3.7642999999999995,2001.0,209.00000000000003,7.1044,31.7402,0.0,71.4521,25.785600000000002,17.348699999999997,22.0032,0.5982000000000001,2001.0,209.00000000000003,19.523126666666666,34.660466666666665,3.79502,78.59842666666665,30.33215333333333,21.58736,25.639313333333334,2.242326666666667,2001.0,8041.74,5548.97,382.78,3550.78,212.86,901.9,0.0
7,225.0,28.277399999999997,34.05970000000001,9.1965,78.16399999999999,32.030800000000006,22.4277,26.715400000000002,3.7897000000000003,2001.0,225.0,2.2702,28.3016,0.0,49.6053,21.5957,11.884500000000001,18.5381,1.2685,2001.0,225.0,22.393779999999996,31.03554666666667,1.1269399999999998,67.32918666666667,27.313646666666664,16.084353333333333,21.562446666666663,2.445913333333334,2001.0,7817.87,5186.7,404.36,3328.34,225.04,896.79,0.0
8,240.99999999999997,24.5284,35.569900000000004,19.8206,93.7616,32.7559,22.2925,26.842400000000005,3.6017,2001.0,240.99999999999997,8.4698,27.341400000000007,0.0,46.41630000000001,23.706699999999998,11.2163,17.8284,1.2281999999999997,2001.0,240.99999999999997,19.58290666666667,31.587966666666663,4.5808,70.54032000000001,28.065666666666658,16.329726666666666,22.21022666666667,2.4387133333333333,2001.0,7402.48,4749.2,461.88,3129.16,252.87,977.66,0.0
9,257.0,23.394600000000004,33.7624,23.734,91.9786,27.060599999999997,18.852700000000002,21.992599999999996,4.5916,2001.0,257.0,3.2311999999999994,26.5563,0.0,50.950900000000004,17.9934,6.819599999999999,14.6983,1.4032,2001.0,257.0,13.402433333333335,29.994753333333335,6.404066666666666,72.26258,22.43380666666667,11.898699999999998,17.278233333333333,2.7635333333333336,2001.0,7151.45,4508.42,505.56,3062.89,258.98,1018.34,0.0
10,273.0,20.497700000000002,31.2468,16.5048,77.6625,28.2746,13.667,19.609199999999998,5.0085,2001.0,273.0,5.427099999999999,23.3239,0.0,43.450900000000004,13.4048,1.2022,7.5352,1.0893,2001.0,273.0,16.823106666666668,26.342999999999996,2.504153333333333,58.914033333333336,19.206666666666663,7.135106666666667,12.838953333333336,2.636233333333333,2001.0,6540.98,3989.55,589.42,2825.19,316.15,1081.49,0.0
11,289.0,16.272,31.1334,13.762599999999999,91.53,22.941200000000002,11.9845,16.3894,5.3221,2001.0,289.0,5.287300000000001,23.894,0.0,50.2872,10.3889,-1.4481,5.860200000000001,1.1545999999999998,2001.0,289.0,11.203273333333335,27.623046666666667,3.750871428571428,68.23385999999999,17.242753333333333,6.17994,11.7806,3.4124600000000003,2001.0,5438.68,2903.49,640.68,2229.06,331.0,1261.52,0.0
12,305.0,14.244399999999999,29.0218,7.7006,75.4574,24.284499999999998,13.293100000000003,16.9633,8.218,2001.0,305.0,6.1907,23.509,0.0,41.4002,5.4856,-4.3409,0.946,1.5953,2001.0,305.0,11.739279999999999,25.93352,1.3376666666666666,57.46312666666667,17.031926666666664,5.523806666666666,10.933753333333334,3.92284,2001.0,5004.17,2801.29,763.91,2331.29,399.85,1449.67,0.0
