,DOY,INSgdmax,RADmax,RAINmax,RHmax,TMAXmax,TMINmax,Tmax,WINDmax,YEAR,DOY,INSgdmin,RADmin,RAINmin,RHmin,TMAXmin,TMINmin,Tmin,WINDmin,YEAR,DOY,INSgdmean,RADmean,RAINmean,RHmean,TMAXmean,TMINmean,Tmean,WINDmean,YEAR,NDVI,EVI,RED,NIR,BLUE,MIR,pixrel
0,113.0,28.33,30.92,22.92,90.27,27.98,19.28,22.88,6.29,2001.0,113.0,7.74,23.18,0.0,30.24,3.02,-4.48,-0.15,1.74,2001.0,113.0,19.48,27.424666666666663,2.3653333333333335,54.34400000000001,18.694,5.741333333333333,12.42066666666667,3.941333333333334,2001.0,3972.8,1862.66,727.93,1731.61,370.05,1301.28,0.07
1,129.0,29.3,32.0,25.87,85.91,27.56,18.03,22.33,5.29,2001.0,129.0,3.49,27.36,0.0,31.33,14.97,6.08,12.3,1.45,2001.0,129.0,18.03666666666667,29.91333333333334,8.059333333333335,67.90799999999999,21.221333333333334,11.47,16.387999999999998,3.2820000000000005,2001.0,6315.9,3512.83,502.88,2394.1,278.98,950.31,0.04
2,145.0,29.12,31.93,17.54,82.73,26.12,16.84,20.45,4.72,2001.0,145.0,6.26,25.7,0.0,33.49,8.52,3.4,6.79,1.18,2001.0,145.0,16.96466666666667,28.58333333333333,4.711333333333333,63.24199999999999,18.914,8.544,13.656,2.5966666666666667,2001.0,7202.48,4449.64,428.46,2880.96,240.18,784.8,0.0
3,161.0,32.11,33.26,34.72,87.22,29.76,20.78,23.94,4.63,2001.0,161.0,3.42,27.47,0.0,51.83,14.82,6.6,11.58,1.08,2001.0,161.0,18.532666666666668,30.64,8.503333333333334,70.55600000000001,23.805999999999997,13.483333333333333,18.570666666666668,2.9006666666666665,2001.0,7569.98,4967.13,393.39,3170.92,229.58,751.54,0.0
4,177.0,32.18,34.52,5.36,75.44,31.62,21.24,25.71,4.13,2001.0,177.0,16.09,27.43,0.0,41.41,21.86,7.69,16.3,1.39,2001.0,177.0,24.883333333333336,30.762666666666664,0.7986666666666667,54.877333333333326,27.272000000000002,15.357333333333337,21.440666666666665,2.747333333333334,2001.0,7978.28,5324.21,318.32,3306.13,182.28,664.94,0.0
5,193.0,32.11,35.64,16.19,75.63,34.2,23.26,27.46,3.64,2001.0,193.0,12.42,25.92,0.0,38.18,25.69,11.45,19.12,1.48,2001.0,193.0,24.765333333333338,31.79533333333334,1.9579999999999997,50.261999999999986,30.740666666666677,18.471999999999998,24.507999999999996,2.3553333333333333,2001.0,7928.42,5176.08,327.12,3205.55,190.85,660.91,0.01
6,209.0,28.08,35.71,25.1,84.24,33.86,23.9,27.46,3.49,2001.0,209.0,5.54,29.27,0.0,57.0,26.06,15.17,20.38,0.71,2001.0,209.0,18.791999999999998,33.37466666666668,6.762666666666666,71.99466666666666,29.494666666666664,19.868,24.370666666666672,2.14,2001.0,8021.68,4885.27,277.86,2924.09,160.83,596.69,0.01
7,225.0,27.68,34.31,23.8,89.74,31.13,24.05,26.97,3.26,2001.0,225.0,4.32,28.26,0.0,52.36,17.69,9.67,16.24,0.92,2001.0,225.0,19.735333333333333,31.051333333333336,2.1846666666666663,70.46866666666666,25.284000000000002,15.46866666666666,20.338000000000008,2.2853333333333334,2001.0,7923.38,5015.42,316.93,3074.88,184.75,650.28,0.04
8,241.0,23.65,34.49,15.58,89.42,29.56,20.13,23.46,3.85,2001.0,241.0,6.23,27.36,0.0,44.55,21.41,9.09,16.01,1.5,2001.0,241.0,18.49266666666667,30.493333333333336,2.432666666666667,67.884,25.99866666666667,15.57933333333333,20.562666666666658,2.4993333333333334,2001.0,7607.84,4335.76,326.67,2643.34,189.73,606.65,0.24
9,257.0,22.39,33.12,31.98,88.81,26.12,19.28,21.42,3.89,2001.0,257.0,4.61,25.92,0.0,54.8,16.29,7.21,12.37,1.05,2001.0,257.0,11.818666666666665,29.612666666666666,8.372666666666666,70.30933333333334,20.504666666666665,11.521333333333335,16.021333333333335,2.4119999999999995,2001.0,7058.36,3840.75,390.83,2474.98,185.12,731.19,0.01
10,273.0,19.94,30.89,18.27,80.17,28.78,11.95,17.11,3.94,2001.0,273.0,6.48,22.36,0.0,35.84,9.83,-1.92,5.32,1.04,2001.0,273.0,15.344000000000003,25.892,1.7153333333333334,59.062000000000005,16.206666666666667,6.1579999999999995,10.929333333333329,2.7739999999999996,2001.0,5177.03,2387.2,549.57,1830.97,267.47,843.5,2.56
11,289.0,15.91,31.61,8.08,91.68,18.92,10.5,14.93,5.2,2001.0,289.0,4.5,22.61,0.0,45.33,7.86,-1.33,4.59,1.25,2001.0,289.0,9.719333333333333,26.676,2.2292857142857145,68.78333333333333,14.986666666666668,5.192666666666667,9.898,3.1046666666666676,2001.0,4808.15,2083.95,541.19,1640.72,271.98,995.4,2.58
12,305.0,13.1,28.15,6.87,78.33,20.63,11.05,15.41,8.72,2001.0,305.0,4.25,23.11,0.0,38.57,3.39,-3.45,0.39,2.07,2001.0,305.0,9.554,25.465999999999998,0.926,61.026,13.444666666666667,3.8899999999999992,8.328,3.875333333333334,2001.0,4692.03,1833.03,497.28,1445.44,245.79,989.75,2.56
