,DOY,INSgdmax,RADmax,RAINmax,RHmax,TMAXmax,TMINmax,Tmax,WINDmax,YEAR,DOY,INSgdmin,RADmin,RAINmin,RHmin,TMAXmin,TMINmin,Tmin,WINDmin,YEAR,DOY,INSgdmean,RADmean,RAINmean,RHmean,TMAXmean,TMINmean,Tmean,WINDmean,YEAR,NDVI,EVI,RED,NIR,BLUE,MIR,pixrel
0,113.0,27.369600000000002,30.943799999999996,15.898600000000002,84.0781,29.6443,19.522599999999997,24.103099999999998,7.4458,2001.0,113.0,11.0684,23.583800000000004,0.0,35.324600000000004,8.6279,-0.9922,4.177,1.9002000000000001,2001.0,113.0,22.047826666666666,28.09614666666667,1.8650666666666667,53.86235333333333,21.456733333333332,8.446939999999998,15.153193333333334,4.484406666666667,2001.0,5216.07,2864.73,710.11,2331.56,377.39,1330.66,0.0
1,129.0,29.585099999999997,33.131699999999995,26.245199999999997,93.41060000000002,29.1087,19.809199999999997,24.0347,5.5304,2001.0,129.0,3.5678,28.8629,0.0,57.0475,18.9798,9.134999999999998,14.2455,1.5311000000000001,2001.0,129.0,18.65657333333333,30.949133333333332,8.18164,73.44224666666668,23.34698666666667,14.107779999999998,18.745253333333334,3.687566666666666,2001.0,6622.8,3972.49,504.01,2713.9,282.69,982.45,0.0
2,145.0,28.410899999999998,31.7581,22.108,88.7552,27.691000000000003,15.967400000000001,20.715,5.8979,2001.0,145.0,1.0241,27.394399999999997,0.0,40.9221,14.299500000000002,6.0599,9.9119,0.8887,2001.0,145.0,15.852280000000002,29.51223333333333,4.341286666666666,64.23079999999999,20.42596,9.81758,14.997806666666666,3.369126666666667,2001.0,7290.0,4579.83,424.93,2978.95,248.75,738.28,0.14
3,161.0,31.0471,33.994200000000006,25.429100000000002,88.93119999999999,31.0658,21.2438,25.159,5.5713,2001.0,161.0,2.3747000000000003,29.179899999999996,0.0,58.7129,16.3625,7.4579,13.2625,1.4916,2001.0,161.0,20.259253333333337,31.393273333333333,6.5253933333333345,73.61068666666665,25.502173333333328,15.345893333333333,20.356526666666667,3.1744933333333334,2001.0,7003.98,4680.67,518.68,3189.77,321.92,938.62,0.4
4,177.0,32.0323,34.2903,41.2543,81.5275,32.5668,20.595100000000002,25.4987,3.277,2001.0,177.0,4.4242,28.679799999999997,0.0,50.4873,23.1843,9.9591,18.2681,0.7621,2001.0,177.0,22.298299999999998,31.578339999999997,5.09722,61.71770666666666,28.300993333333338,16.770926666666668,22.403386666666666,2.31168,2001.0,7442.82,4850.14,452.75,3208.69,257.76,875.08,0.15
5,193.0,31.4228,36.330799999999996,14.108099999999999,85.0685,36.0096,24.5833,29.2744,3.9755000000000003,2001.0,193.0,7.4999,28.968899999999998,0.0,42.1109,28.3534,14.2516,21.6704,0.8447,2001.0,193.0,21.922173333333333,33.31760666666666,2.194226666666667,55.964879999999994,32.270806666666665,19.976973333333333,25.838733333333334,2.30668,2001.0,7619.89,5056.0,439.6,3304.16,260.17,843.75,0.65
6,209.0,28.572200000000002,37.25169999999999,19.0854,89.3924,33.5595,24.382300000000004,28.0369,3.6460999999999997,2001.0,209.0,6.327400000000001,31.8217,0.0,69.0877,26.4056,17.6923,22.3082,0.5173000000000001,2001.0,209.0,19.310113333333334,34.667320000000004,2.4791733333333337,77.95852666666667,30.474673333333335,21.60377333333333,25.78514,2.0373266666666665,2001.0,7764.12,4853.06,370.15,3064.72,213.27,789.91,0.0
7,225.0,28.051499999999997,34.2541,13.074399999999999,78.0565,32.6649,22.5094,26.9919,3.6869000000000005,2001.0,225.0,2.4254000000000002,28.1824,0.0,49.591300000000004,22.6896,12.230500000000003,19.1644,1.0396999999999998,2001.0,225.0,21.40795333333333,31.11719333333333,1.6500400000000002,66.18047333333334,27.64397333333333,16.337120000000002,21.938233333333336,2.27598,2001.0,7667.37,4722.23,369.96,2972.29,214.41,758.89,0.14
8,241.0,24.6832,35.423199999999994,19.1786,92.89500000000001,33.278999999999996,22.2363,26.792700000000004,3.4931,2001.0,241.0,7.345099999999999,27.776600000000002,0.0,48.758799999999994,24.062399999999997,11.8722,18.0828,1.4007,2001.0,241.0,19.155553333333334,31.772873333333333,4.507186666666667,70.04685333333335,28.36174666666666,16.701839999999997,22.447313333333334,2.3795133333333336,2001.0,7392.63,4528.6,434.41,2963.12,247.22,842.51,0.09
9,257.0,23.2795,33.8866,26.1134,91.4211,27.080599999999997,20.359500000000004,22.913000000000004,4.6362,2001.0,257.0,3.2817,26.780199999999997,0.0,47.7702,19.1197,7.3828,14.673300000000001,1.5769000000000002,2001.0,257.0,12.887713333333334,30.147759999999998,7.164313333333334,70.71455333333333,22.678493333333336,12.117180000000001,17.589726666666664,2.7116066666666665,2001.0,6878.02,3847.21,444.75,2565.7,231.96,824.4,0.0
10,273.0,20.6021,31.369299999999996,16.483999999999998,78.80630000000001,28.372999999999998,14.7015,19.4055,4.546900000000001,2001.0,273.0,5.7357,23.2707,0.0,44.5232,13.4109,1.2073,7.1326,1.0776,2001.0,273.0,16.832279999999997,26.429186666666663,2.3418733333333335,59.74950666666666,19.12174,7.141033333333334,12.738333333333333,2.6668199999999995,2001.0,6327.88,3438.83,499.44,2370.48,275.93,873.51,0.0
11,289.0,15.9207,31.3726,20.140700000000002,91.39930000000001,22.9272,12.4253,16.3827,5.258900000000001,2001.0,289.0,4.5877,24.4912,0.0,50.9314,10.259,-1.7410999999999999,5.9111,1.1543,2001.0,289.0,10.7878,27.732566666666663,4.425028571428571,70.14444,17.223866666666666,6.3434,11.802893333333333,3.284673333333334,2001.0,5382.49,2760.81,636.13,2138.36,342.74,1082.9,0.15
12,305.0,13.985,29.415300000000002,9.4575,75.0148,24.2447,13.2773,16.7821,7.992900000000001,2001.0,305.0,6.219799999999999,23.5135,0.0,43.367000000000004,5.189299999999999,-3.4856999999999996,0.9288,1.7306000000000001,2001.0,305.0,11.512779999999998,25.945766666666664,1.73498,57.770273333333336,16.710620000000002,5.566473333333334,10.868306666666665,3.8352866666666667,2001.0,5232.59,2516.46,608.99,1970.8,321.4,1079.45,0.05
