,DOY,INSgdmax,RADmax,RAINmax,RHmax,TMAXmax,TMINmax,Tmax,WINDmax,YEAR,DOY,INSgdmin,RADmin,RAINmin,RHmin,TMAXmin,TMINmin,Tmin,WINDmin,YEAR,DOY,INSgdmean,RADmean,RAINmean,RHmean,TMAXmean,TMINmean,Tmean,WINDmean,YEAR,NDVI,EVI,RED,NIR,BLUE,MIR,pixrel
0,113.0,28.0751,30.745599999999996,20.936500000000002,94.3743,29.6559,17.861,23.353500000000004,8.4534,2001.0,113.0,4.040299999999999,23.2348,0.0,35.2936,6.3865,-2.1477,2.3772,1.9271999999999996,2001.0,113.0,18.553920000000005,27.521120000000003,3.7280866666666665,57.085326666666674,20.302093333333335,7.21934,13.834053333333335,5.025873333333333,2001.0,4369.48,1889.52,676.81,1673.13,337.5,1265.28,0.11
1,129.0,28.98,32.069500000000005,22.1301,93.04090000000001,29.868000000000002,19.0178,23.481900000000003,6.5264,2001.0,129.0,1.945,28.807700000000004,0.0,44.319100000000006,15.3356,6.295599999999999,12.041400000000001,1.4413,2001.0,129.0,16.586233333333332,30.336106666666673,7.14334,69.10769333333333,22.25312666666667,11.515999999999998,17.186826666666672,4.300426666666667,2001.0,5443.73,2634.93,603.25,2005.52,310.46,1122.77,0.13
2,145.0,25.2335,32.1877,15.734599999999999,78.51599999999999,28.211799999999997,16.519,21.973899999999997,6.581300000000001,2001.0,145.0,3.8226999999999998,27.1969,0.0,34.10680000000001,10.7402,5.610499999999999,9.282,1.3901999999999999,2001.0,145.0,15.580699999999997,29.23933333333333,4.590966666666666,58.833706666666664,20.226293333333334,10.051146666666668,15.080479999999998,3.94158,2001.0,6814.78,3796.66,484.88,2533.84,262.77,876.61,0.36
3,161.0,31.282200000000003,33.992599999999996,18.126199999999997,91.605,31.9774,20.0275,24.350900000000003,6.7487,2001.0,161.0,6.2742,28.747400000000003,0.0,47.0209,17.2982,8.3076,14.3839,1.45,2001.0,161.0,20.17655333333333,30.90829333333333,4.09166,69.20479333333334,25.379493333333333,14.189613333333336,19.690380000000005,3.7149466666666657,2001.0,5497.93,3539.45,966.54,2942.64,787.38,1030.76,1.61
4,177.0,30.813499999999998,33.9626,35.24269999999999,72.3258,33.9767,22.2189,27.676099999999998,5.6614,2001.0,177.0,12.934599999999998,30.0391,0.0,48.0974,21.175800000000002,11.1225,17.2668,1.1542,2001.0,177.0,24.031133333333333,31.816186666666663,4.8251133333333325,58.222533333333345,28.198513333333338,16.685973333333333,22.215493333333335,3.14262,2001.0,7742.95,4315.15,349.45,2650.08,194.91,702.21,0.0
5,193.0,31.912599999999998,36.1975,9.5824,85.59259999999999,34.9818,22.6065,27.6415,5.2331,2001.0,193.0,11.4094,27.6794,0.0,43.041000000000004,26.934500000000003,14.430800000000001,20.8619,1.074,2001.0,193.0,20.962026666666663,33.036273333333334,1.6149333333333333,55.76511333333334,31.651059999999994,19.297459999999997,25.11438,2.6100133333333333,2001.0,7720.55,4777.29,395.49,3030.67,221.43,785.72,0.0
6,209.0,27.044800000000002,36.9126,11.131900000000002,93.83,32.7983,23.881,27.1744,4.830299999999999,2001.0,209.0,6.450499999999999,31.362099999999998,0.0,75.12610000000001,23.5833,15.3186,20.179600000000004,1.658,2001.0,209.0,18.730666666666664,34.13019333333333,3.0819000000000005,81.8144,28.736093333333336,20.49582,24.210133333333335,2.8764733333333337,2001.0,7831.95,4496.55,331.64,2739.37,188.16,684.7,0.0
7,225.0,27.267599999999998,34.244800000000005,6.4193,87.86950000000002,30.310200000000002,22.6083,26.012900000000002,4.3606,2001.0,225.0,4.291300000000001,27.3551,0.0,56.1451,19.6558,10.4664,15.511399999999998,1.2290999999999999,2001.0,225.0,20.96112,30.81035333333333,0.8386533333333333,74.48644666666667,25.158633333333334,14.847646666666668,19.836340000000003,2.869286666666667,2001.0,7756.55,4336.62,337.83,2656.73,183.73,719.72,0.0
8,241.0,24.129800000000003,35.1869,9.0855,96.37509999999997,30.6317,20.6402,24.767200000000003,4.4238,2001.0,241.0,5.4,26.789900000000003,0.0,39.437,22.3681,9.8611,16.3389,0.8775000000000001,2001.0,241.0,18.906446666666668,30.76431333333333,2.983046666666667,70.69538666666668,27.102500000000006,15.098893333333333,20.927,2.885126666666667,2001.0,7518.94,3922.12,346.39,2416.25,188.08,703.21,0.15
9,257.0,23.179999999999996,32.340399999999995,22.2118,92.59160000000001,26.362199999999998,15.885600000000002,20.311799999999998,4.7255,2001.0,257.0,3.1754999999999995,26.1449,0.0,54.392,15.043599999999998,5.3486,13.1638,1.7204,2001.0,257.0,12.431673333333332,29.269940000000002,6.592473333333333,73.59613333333333,20.605666666666668,10.933119999999999,15.785393333333335,3.047,2001.0,6541.02,3033.28,427.76,2010.72,213.66,769.37,0.0
10,273.0,19.710300000000004,30.2035,10.816,80.3628,29.6755,11.9146,19.4926,5.9264,2001.0,273.0,5.65,23.5597,0.0,43.924800000000005,12.3984,1.1174,6.795000000000001,0.8894000000000001,2001.0,273.0,16.149379999999997,26.10667333333334,1.0325133333333332,60.843093333333336,18.101659999999995,6.367146666666668,11.946066666666667,2.911993333333333,2001.0,5861.5,2581.47,486.02,1824.55,245.73,900.39,0.0
11,289.0,16.333,31.117600000000003,9.7777,89.2525,20.5027,11.159899999999999,15.725299999999999,5.8986,2001.0,289.0,4.183400000000001,23.0126,0.0,45.5976,9.8924,0.30720000000000003,6.2204999999999995,1.2456,2001.0,289.0,10.958373333333336,26.95962,1.964692857142857,63.36297333333333,16.44246,5.533913333333335,10.976926666666664,3.8584533333333333,2001.0,5010.66,2092.94,563.0,1655.51,271.46,1039.22,0.02
12,305.0,12.907399999999999,28.6046,5.9463,85.91369999999999,21.9837,11.4445,14.956300000000002,10.093499999999999,2001.0,305.0,5.1709,23.247400000000003,0.0,39.2867,6.1418,-5.6365,0.4871,1.4691,2001.0,305.0,10.78488,25.93580666666667,0.8728,61.29296,15.110979999999998,4.273840000000001,9.218739999999999,4.505093333333334,2001.0,4963.56,1786.27,482.8,1385.31,230.87,935.52,0.0
