,DOY,INSgdmax,RADmax,RAINmax,RHmax,TMAXmax,TMINmax,Tmax,WINDmax,YEAR,DOY,INSgdmin,RADmin,RAINmin,RHmin,TMAXmin,TMINmin,Tmin,WINDmin,YEAR,DOY,INSgdmean,RADmean,RAINmean,RHmean,TMAXmean,TMINmean,Tmean,WINDmean,YEAR,NDVI,EVI,RED,NIR,BLUE,MIR,pixrel
0,113.0,27.32,30.49,18.03,84.76,29.67,19.78,24.2,7.61,2001.0,113.0,10.87,23.29,0.0,33.34,8.13,-1.02,3.85,1.86,2001.0,113.0,21.811999999999998,27.946000000000005,1.9673333333333332,52.818666666666665,21.324666666666666,8.215333333333332,14.961333333333332,4.616,2001.0,3489.05,1216.39,426.28,1034.87,298.16,612.89,2.88
1,129.0,29.88,33.08,24.45,93.62,28.64,19.79,23.78,5.36,2001.0,129.0,4.93,29.23,0.0,59.43,18.54,8.7,13.68,1.34,2001.0,129.0,18.395999999999997,30.86866666666667,8.478666666666667,74.41333333333333,22.911333333333335,13.83,18.39466666666667,3.6633333333333336,2001.0,4334.53,1640.27,332.35,1130.59,222.59,497.42,0.06
2,145.0,28.87,31.54,20.0,83.15,27.8,15.98,20.65,5.79,2001.0,145.0,0.97,26.71,0.0,39.31,14.55,5.74,9.51,0.75,2001.0,145.0,15.204000000000002,29.237333333333325,4.345333333333333,63.72799999999998,20.20333333333333,9.679333333333334,14.712666666666667,3.241999999999999,2001.0,5020.77,2040.25,320.04,1329.95,216.95,464.25,0.01
3,161.0,31.1,33.7,22.53,87.05,31.16,21.28,25.06,5.53,2001.0,161.0,1.55,29.09,0.0,56.62,16.8,7.51,13.02,1.5,2001.0,161.0,20.313333333333336,31.282666666666675,7.202666666666667,72.96199999999999,25.273333333333326,14.994666666666665,20.040666666666667,3.1986666666666665,2001.0,4930.69,2329.16,420.09,1582.9,323.94,515.05,0.65
4,177.0,32.44,34.09,37.42,83.54,32.26,20.31,25.7,3.38,2001.0,177.0,5.51,28.4,0.0,47.31,23.5,9.74,18.21,0.65,2001.0,177.0,22.467333333333325,31.466666666666665,5.25,59.27866666666666,28.450666666666667,16.677333333333333,22.45133333333333,2.369333333333333,2001.0,5524.05,2521.09,292.57,1591.81,205.15,437.74,2.74
5,193.0,31.72,36.29,6.19,87.02,35.72,24.79,29.01,3.61,2001.0,193.0,7.06,28.4,0.0,42.11,28.15,13.66,20.78,0.92,2001.0,193.0,22.282666666666668,32.99933333333333,0.7460000000000001,56.13399999999999,32.05266666666667,19.625333333333334,25.538666666666668,2.2373333333333334,2001.0,6012.02,2683.72,321.28,1699.33,276.87,453.57,6.0
6,209.0,28.55,37.37,10.09,88.56,33.19,24.35,27.84,3.73,2001.0,209.0,5.58,31.39,0.0,68.46,26.41,16.98,21.83,0.48,2001.0,209.0,19.267333333333333,34.458666666666666,1.906,78.64,30.034666666666666,21.283999999999995,25.473333333333336,2.0386666666666664,2001.0,5720.15,2508.37,227.69,1498.55,175.4,340.66,7.74
7,225.0,27.83,34.2,16.7,81.08,32.54,22.11,26.73,3.64,2001.0,225.0,1.73,27.94,0.0,50.12,21.66,11.66,18.72,1.07,2001.0,225.0,21.067999999999998,31.107999999999997,1.7386666666666668,67.76266666666668,27.104666666666667,15.917333333333334,21.49533333333334,2.2793333333333337,2001.0,5794.67,2427.98,212.17,1449.91,133.22,350.93,5.13
8,241.0,24.66,35.06,13.63,94.4,32.75,21.76,26.27,3.23,2001.0,241.0,4.75,28.01,0.0,47.21,23.33,11.33,17.63,1.39,2001.0,241.0,18.895333333333337,31.59533333333333,3.739333333333333,70.49600000000001,27.902666666666665,16.308,22.014,2.3819999999999997,2001.0,5265.1,2244.62,284.25,1386.66,203.73,335.48,0.27
9,257.0,23.22,33.66,29.06,91.75,26.58,20.38,22.69,4.5,2001.0,257.0,3.24,26.71,0.0,47.85,19.59,6.71,14.19,1.55,2001.0,257.0,12.451333333333336,29.914,8.209333333333335,70.86533333333334,22.314000000000007,11.945333333333332,17.31933333333333,2.7159999999999997,2001.0,5322.42,1716.33,229.79,1077.22,121.35,321.42,2.64
10,273.0,20.23,31.07,13.34,77.89,28.75,14.54,19.09,4.54,2001.0,273.0,6.34,23.44,0.0,45.82,13.26,1.33,6.68,1.21,2001.0,273.0,16.852666666666664,26.303999999999995,1.972,59.065333333333335,18.849333333333334,6.939333333333333,12.54,2.695333333333333,2001.0,4265.88,1339.89,248.88,949.18,141.06,333.18,10.24
11,289.0,15.62,31.18,17.69,91.18,22.97,12.18,16.18,5.32,2001.0,289.0,3.92,24.66,0.0,45.66,10.75,-1.7,6.28,1.11,2001.0,289.0,10.662666666666667,27.59466666666667,3.876428571428571,68.14266666666666,17.064000000000004,6.147333333333332,11.615333333333332,3.322,2001.0,3820.53,1231.69,395.03,1095.0,225.95,490.65,16.3
12,305.0,13.86,28.84,9.45,75.88,24.25,13.08,16.62,8.41,2001.0,305.0,6.34,23.29,0.0,40.8,4.75,-3.62,0.83,1.77,2001.0,305.0,11.320666666666664,25.828666666666663,2.088,57.46333333333334,16.363333333333333,5.234,10.557333333333334,3.9793333333333334,2001.0,3728.09,956.02,202.06,714.18,104.18,279.85,12.83
