,DOY,INSgdmax,RADmax,RAINmax,RHmax,TMAXmax,TMINmax,Tmax,WINDmax,YEAR,DOY,INSgdmin,RADmin,RAINmin,RHmin,TMAXmin,TMINmin,Tmin,WINDmin,YEAR,DOY,INSgdmean,RADmean,RAINmean,RHmean,TMAXmean,TMINmean,Tmean,WINDmean,YEAR,NDVI,EVI,RED,NIR,BLUE,MIR,pixrel
0,112.99999999999999,28.142100000000003,31.668300000000002,16.9886,87.4603,29.3039,20.0212,24.0407,7.1594999999999995,2001.0,112.99999999999999,6.4869,23.5156,0.0,29.412600000000005,5.820200000000001,-2.6622,2.2176,1.6965,2001.0,112.99999999999999,20.0634,27.63830666666666,2.4209066666666663,51.17934666666667,20.133686666666662,6.9650333333333325,13.86742,4.289533333333333,2001.0,4763.37,1936.54,533.16,1517.93,277.99,1038.38,0.0
1,129.0,29.2155,32.288599999999995,29.5231,92.32589999999999,27.850400000000004,19.1238,23.0085,5.1610000000000005,2001.0,129.0,6.967899999999999,28.042099999999998,0.0,46.712300000000006,16.9259,7.069999999999999,12.767100000000001,1.4111,2001.0,129.0,18.93092,30.48521333333333,8.103673333333333,71.87577999999999,22.241500000000002,12.963819999999997,17.712179999999996,3.4448733333333332,2001.0,5745.74,2651.75,569.72,1924.53,384.79,859.69,1.24
2,145.0,29.6528,31.6984,18.679000000000002,82.31710000000001,27.0664,17.7192,21.1266,5.087999999999999,2001.0,145.0,4.6537,26.102600000000002,0.0,34.4675,11.360600000000002,3.2925000000000004,8.313099999999999,0.8732,2001.0,145.0,18.109433333333335,28.558519999999998,4.71212,62.58434000000001,19.552999999999997,9.14624,14.317253333333332,2.7781733333333336,2001.0,7106.84,3821.75,376.63,2398.14,213.0,724.42,0.0
3,161.00000000000003,30.175,33.7142,21.7121,88.2164,30.162300000000002,21.323999999999998,24.860999999999997,4.9042,2001.0,161.00000000000003,2.3726,28.018099999999997,0.0,54.893,15.660499999999999,7.3061,12.101899999999999,1.3016,2001.0,161.00000000000003,19.565080000000002,30.657093333333336,7.424600000000001,71.57724,24.690259999999995,14.032586666666667,19.35325333333333,3.0035600000000002,2001.0,7338.75,4248.82,386.96,2675.2,222.84,766.0,0.03
4,177.0,32.6554,34.452600000000004,16.7293,76.5109,32.3435,20.730500000000003,26.2505,3.7392,2001.0,177.0,11.380500000000001,26.690200000000004,0.0,40.61750000000001,22.9178,9.2543,17.4515,1.0919,2001.0,177.0,24.540319999999998,30.976260000000003,2.6901599999999997,54.439960000000006,28.161413333333336,16.188133333333337,22.18487333333333,2.4908799999999993,2001.0,7790.25,4621.32,326.13,2821.31,186.95,678.46,0.0
5,193.0,31.584200000000003,36.3417,10.555900000000001,79.27240000000002,34.530499999999996,23.6313,27.5786,3.1731,2001.0,193.0,9.789100000000001,27.6357,0.0,39.416599999999995,26.884499999999996,12.017900000000001,19.8673,0.9793,2001.0,193.0,23.668693333333334,32.25295333333334,1.3639199999999998,53.78892666666666,31.295119999999997,18.638413333333336,24.80757333333333,2.15336,2001.0,8170.96,5040.41,282.43,3027.09,163.83,629.59,0.0
6,209.0,25.487000000000002,37.381099999999996,22.522,86.7785,33.7025,24.460099999999997,27.685900000000004,3.6814,2001.0,209.0,9.640200000000002,31.1164,0.0,63.69699999999999,26.710700000000003,16.2142,21.2989,0.7966000000000001,2001.0,209.0,19.058386666666667,34.05336666666667,4.950539999999999,74.90434666666667,29.925779999999996,20.66313333333333,25.07976,1.99044,2001.0,8161.95,4868.59,276.56,2901.19,161.26,629.64,0.0
7,225.0,27.293200000000002,34.379,21.6258,85.7688,31.521300000000004,23.588900000000002,26.886200000000002,3.3376999999999994,2001.0,225.0,3.0793,28.0257,0.0,50.3553,19.9828,9.5218,17.413599999999995,0.7477,2001.0,225.0,20.620866666666668,31.27996,2.285693333333333,68.50094666666666,26.522313333333337,15.942460000000002,21.247746666666664,2.2162066666666664,2001.0,8206.87,4267.57,227.82,2434.27,131.56,506.28,0.09
8,241.0,24.3953,34.9392,11.5439,89.582,31.345200000000002,21.5681,25.101399999999998,3.3885000000000005,2001.0,241.0,5.437,27.489800000000002,0.0,48.7855,23.312500000000004,10.6843,16.851799999999997,1.3355000000000001,2001.0,241.0,18.733766666666664,30.97176666666666,3.0658133333333337,69.38370666666668,26.988306666666663,16.075453333333332,21.319826666666664,2.3530866666666665,2001.0,7965.98,4066.3,253.65,2349.56,143.94,516.54,0.13
9,257.0,22.955599999999993,33.6528,16.6665,88.772,26.185,20.5625,22.4431,4.3019,2001.0,257.0,4.855200000000001,26.2668,0.0,51.8903,17.6685,7.149500000000001,13.291800000000002,1.3297999999999999,2001.0,257.0,11.924366666666664,29.77941333333333,6.764973333333335,71.11467333333333,21.483393333333336,11.957066666666664,16.828173333333336,2.6179266666666665,2001.0,7248.69,3555.3,334.89,2194.66,163.57,659.47,0.0
10,273.0,20.1995,31.2311,21.539400000000004,82.42619999999998,28.952100000000005,13.5257,18.3164,3.8962999999999997,2001.0,273.0,5.442200000000001,22.8934,0.0,38.331,12.183399999999999,-0.6118,6.070999999999999,1.0627,2001.0,273.0,15.984266666666663,26.000086666666668,2.308206666666667,60.29745333333332,17.417213333333336,6.499006666666666,11.764973333333334,2.75948,2001.0,5515.34,2323.56,464.02,1638.44,250.0,644.75,0.0
11,289.0,15.6476,31.384,14.905000000000001,94.60119999999999,20.9303,11.9297,15.662999999999998,5.362299999999999,2001.0,289.0,4.9816,23.941099999999995,0.0,45.899800000000006,9.3677,-0.9692999999999999,5.4878,1.3599,2001.0,289.0,10.255153333333332,27.35386,3.440871428571428,69.03479333333334,16.131273333333333,6.147480000000001,11.033373333333335,3.211006666666667,2001.0,5450.65,1812.15,349.6,1220.19,181.81,623.65,0.0
12,305.00000000000006,13.095600000000003,28.710300000000004,8.6795,78.8294,22.903199999999995,12.2511,16.7269,8.506599999999999,2001.0,305.00000000000006,5.5658,23.3176,0.0,38.881499999999996,4.0781,-3.154,0.8627,2.0918,2001.0,305.00000000000006,9.96314,26.236933333333333,1.21788,58.55782000000001,15.007286666666667,4.597339999999999,9.605813333333332,3.9217199999999997,2001.0,5199.14,1778.19,379.63,1241.92,198.1,742.26,0.01
