,DOY,INSgdmax,RADmax,RAINmax,RHmax,TMAXmax,TMINmax,Tmax,WINDmax,YEAR,DOY,INSgdmin,RADmin,RAINmin,RHmin,TMAXmin,TMINmin,Tmin,WINDmin,YEAR,DOY,INSgdmean,RADmean,RAINmean,RHmean,TMAXmean,TMINmean,Tmean,WINDmean,YEAR,NDVI,EVI,RED,NIR,BLUE,MIR,pixrel
0,113.0,28.157500000000002,31.662,16.742800000000003,88.6214,29.011499999999998,19.9634,23.8168,6.962599999999999,2001.0,113.0,5.763400000000001,23.473100000000002,0.0,29.962799999999998,5.1856,-3.0453,1.7083,1.6989,2001.0,113.0,19.685653333333335,27.61671333333333,2.274,51.988666666666674,19.829339999999995,6.678053333333334,13.552933333333334,4.219313333333334,2001.0,3145.59,1166.26,411.19,1202.26,182.45,760.6,30.79
1,129.0,29.3827,32.04,30.087699999999998,91.82059999999998,27.726,18.7431,22.812,5.1512,2001.0,129.0,6.4156,27.983600000000003,0.0,44.346000000000004,16.3679,6.7402999999999995,12.645199999999999,1.4459999999999997,2001.0,129.0,18.71884,30.33699333333334,8.09626,71.78403999999998,21.884486666666668,12.567486666666666,17.334046666666666,3.4025600000000003,2001.0,4230.79,1949.75,329.81,1560.36,149.32,659.17,33.58
2,145.0,29.5458,31.689700000000002,18.5465,82.88239999999999,26.8731,17.5661,20.903399999999998,5.017200000000001,2001.0,145.0,4.9342,26.0865,0.0,34.283500000000004,10.5586,3.2862999999999998,7.9459,0.9145,2001.0,145.0,18.071146666666664,28.522240000000004,4.642613333333333,62.89586000000001,19.369046666666666,9.027073333333334,14.146493333333334,2.7228133333333338,2001.0,5620.42,3149.66,286.43,2147.84,167.65,485.25,25.73
3,161.00000000000003,30.307000000000002,33.5065,23.8091,87.9296,29.996599999999997,21.220599999999997,24.5927,4.852899999999999,2001.0,161.00000000000003,2.4626,27.9381,0.0,54.48599999999999,15.386200000000002,7.131500000000001,12.0005,1.2461,2001.0,161.00000000000003,19.489993333333338,30.62547333333334,7.7448266666666665,71.56111999999999,24.430233333333334,13.914806666666665,19.14547333333333,2.9923866666666665,2001.0,5545.05,3252.23,144.89,2214.42,24.66,400.05,43.41
4,177.0,32.65709999999999,34.6333,14.8463,76.4984,32.0116,20.784800000000004,26.0722,3.7845999999999993,2001.0,177.0,12.915199999999999,26.828500000000005,0.0,41.4273,22.7362,8.833200000000001,17.1815,1.1497,2001.0,177.0,24.671820000000004,30.98169333333334,2.3510133333333334,54.94370666666668,27.8997,15.98310666666667,21.97189999999999,2.5460199999999995,2001.0,6146.92,3876.23,243.12,2483.08,140.72,483.89,15.45
5,193.0,31.609099999999998,36.17979999999999,9.544799999999999,79.4465,34.3942,23.5793,27.531099999999995,3.2495000000000003,2001.0,193.0,10.4702,27.2981,0.0,39.3461,26.636599999999998,11.958499999999999,19.6696,1.0649,2001.0,193.0,23.856553333333338,32.14772666666667,1.2946799999999998,53.327533333333335,31.169266666666662,18.621266666666667,24.73007333333333,2.1941333333333333,2001.0,5996.68,3748.83,174.64,2427.73,74.94,407.19,28.34
6,209.0,25.723499999999998,37.1954,23.5189,86.17859999999999,33.6435,24.387999999999998,27.603899999999996,3.6403,2001.0,209.0,9.0188,30.8495,0.0,63.51789999999999,26.7243,15.974799999999998,21.0621,0.7775000000000001,2001.0,209.0,18.958666666666666,33.9412,5.457399999999999,74.62323333333333,29.745199999999997,20.500426666666662,24.89714,2.0282533333333332,2001.0,5886.53,3382.13,28.4,2161.73,-57.95,285.41,48.45
7,225.0,27.380200000000006,34.3367,22.7178,87.46109999999999,31.310500000000005,23.7356,26.872800000000005,3.2638,2001.0,225.0,3.0501,27.9998,0.0,51.5022,19.273,9.530299999999999,17.0724,0.7868999999999999,2001.0,225.0,20.43192666666667,31.205693333333333,2.2436,69.42784,26.12706,15.762613333333332,20.95792,2.2228133333333333,2001.0,6098.36,3290.7,65.94,2076.12,-22.37,287.15,41.02
8,241.0,24.2255,34.7899,12.535400000000001,89.46980000000002,30.772399999999998,21.3312,24.691300000000002,3.4538,2001.0,241.0,5.6857999999999995,27.4744,0.0,46.9041,22.9058,10.2471,16.6644,1.3748,2001.0,241.0,18.683086666666668,30.79913333333333,3.017293333333334,69.14896666666668,26.721019999999996,15.931666666666667,21.114133333333328,2.3813400000000002,2001.0,5830.96,3036.08,94.08,1956.97,-7.32,302.84,41.1
9,257.0,22.8703,33.3943,19.2488,88.9303,26.207500000000003,20.1843,22.1384,4.1586,2001.0,257.0,4.790100000000001,26.1842,0.0,52.2187,17.241400000000002,7.0349,13.1607,1.2969000000000002,2001.0,257.0,11.798813333333333,29.69095333333333,7.2215733333333345,70.92544000000001,21.237180000000002,11.804713333333334,16.629293333333337,2.567066666666667,2001.0,5183.81,2420.05,148.56,1716.49,-7.53,395.56,43.39
10,273.0,20.1536,31.2083,19.3199,81.58890000000001,28.998999999999995,12.993999999999998,17.976,3.8586,2001.0,273.0,5.696200000000001,22.7757,0.0,37.2749,11.799199999999999,-0.6634,5.9322,1.0412000000000001,2001.0,273.0,15.901379999999996,25.949120000000004,2.015846666666667,59.60639999999999,17.193573333333333,6.427046666666667,11.614666666666665,2.7546399999999998,2001.0,3920.84,1655.0,257.59,1433.05,44.63,409.7,45.91
11,289.0,15.705400000000001,31.402099999999997,11.662899999999999,94.0187,20.5415,11.573599999999999,15.4168,5.2938,2001.0,289.0,4.9136,23.6804,0.0,45.582300000000004,9.062700000000001,-1.0927000000000002,5.382099999999999,1.3025,2001.0,289.0,10.197173333333334,27.16116,2.8632357142857146,68.72262666666666,15.877306666666668,5.902413333333334,10.748013333333335,3.1805266666666667,2001.0,3655.53,934.18,129.43,867.0,-23.06,389.72,48.45
12,305.0,13.075099999999999,28.4303,8.285,79.44810000000001,22.5649,11.9884,16.5216,8.569700000000001,2001.0,305.0,5.4066,23.377,0.0,38.5414,3.7859,-3.2187,0.7239000000000001,2.0717,2001.0,305.0,9.914153333333331,26.14400666666667,1.1690333333333331,58.99325333333334,14.682893333333332,4.446553333333333,9.328346666666665,3.918173333333333,2001.0,3547.53,940.99,150.24,893.71,-9.48,478.51,48.48
