,DOY,INSgdmax,RADmax,RAINmax,RHmax,TMAXmax,TMINmax,Tmax,WINDmax,YEAR,DOY,INSgdmin,RADmin,RAINmin,RHmin,TMAXmin,TMINmin,Tmin,WINDmin,YEAR,DOY,INSgdmean,RADmean,RAINmean,RHmean,TMAXmean,TMINmean,Tmean,WINDmean,YEAR,NDVI,EVI,RED,NIR,BLUE,MIR,pixrel
0,113.0,27.587,31.555100000000003,30.120499999999996,95.01650000000001,30.025499999999997,15.749500000000001,22.9902,8.4863,2001.0,113.0,1.6197999999999997,22.8267,0.0,35.51579999999999,4.6797,-2.8577,0.8058999999999998,2.2245999999999997,2001.0,113.0,18.413666666666668,27.004099999999998,5.120246666666666,60.85966,18.300106666666668,5.906960000000001,12.243266666666665,4.77692,2001.0,2498.04,1189.18,928.47,1580.97,498.41,1820.35,0.06
1,129.0,29.6044,32.7936,20.5184,87.7295,29.6963,19.104599999999998,24.2547,6.805899999999999,2001.0,129.0,2.6264,28.3575,0.0,38.7346,16.081699999999998,4.7586,11.7163,2.1493,2001.0,129.0,16.746313333333333,29.912466666666667,5.0734,61.894786666666676,22.60935333333333,10.891740000000002,16.961806666666664,4.421979999999999,2001.0,3627.57,1848.07,812.89,1819.31,438.18,1544.44,0.1
2,145.0,27.156100000000002,31.9407,16.5292,82.2959,27.520800000000005,16.291600000000003,21.769800000000004,6.8914,2001.0,145.0,3.9576000000000002,27.1346,0.0,36.542500000000004,10.832699999999999,4.844399999999999,8.575800000000001,1.0396999999999998,2001.0,145.0,15.725246666666665,29.145433333333337,4.531306666666667,57.72657333333332,20.098580000000002,10.023153333333335,15.174959999999999,4.083226666666666,2001.0,4428.94,2505.98,773.03,2181.53,417.31,1566.18,0.63
3,161.0,30.9849,34.272200000000005,20.6102,93.3921,31.709899999999998,19.1239,24.0352,6.510100000000001,2001.0,161.0,5.2336,29.1084,0.0,45.534,16.4956,8.452700000000002,14.089999999999998,1.3489000000000002,2001.0,161.0,20.00294,30.9048,5.188280000000001,68.10243333333332,24.79386,13.474986666666666,19.156533333333336,3.7184533333333327,2001.0,4454.54,2506.14,754.05,2154.7,425.18,1502.45,0.91
4,177.0,31.088800000000003,34.6981,23.5468,67.7663,35.4035,22.1878,28.5012,7.070799999999999,2001.0,177.0,12.5886,29.7466,0.0,43.4107,21.6799,11.0406,16.643,1.5246000000000002,2001.0,177.0,23.922953333333332,32.000106666666674,4.3039266666666665,55.50936,28.404273333333336,16.887279999999997,22.325999999999997,3.732186666666667,2001.0,7008.83,4258.15,474.57,2847.16,251.51,967.23,0.06
5,193.0,31.1256,35.611000000000004,15.499799999999999,84.23100000000001,34.398199999999996,22.2529,26.6757,5.488999999999999,2001.0,193.0,14.5645,27.2812,0.0,41.823299999999996,26.1416,14.088799999999999,20.6281,0.482,2001.0,193.0,22.542113333333337,32.759060000000005,3.06514,55.16604000000001,31.476060000000004,19.049739999999996,24.88771333333333,2.764313333333333,2001.0,7678.86,5366.64,450.79,3592.15,240.91,759.78,0.01
6,209.0,28.591299999999997,36.192499999999995,13.789500000000002,93.20299999999997,32.7051,23.434199999999997,27.076199999999996,5.682,2001.0,209.0,5.081500000000001,31.397399999999998,0.0,74.0479,22.855100000000004,15.282300000000001,19.364900000000002,2.0484,2001.0,209.0,18.655946666666665,33.79342,3.5795466666666664,83.54128000000001,27.92763333333333,19.558813333333333,23.317433333333337,3.2648800000000002,2001.0,7523.86,5065.34,467.55,3396.03,244.86,718.83,0.0
7,225.0,27.7857,33.9966,11.744199999999998,90.60679999999999,30.637100000000004,21.843400000000003,25.486500000000003,4.802900000000001,2001.0,225.0,4.9695,27.306900000000002,0.0,59.709900000000005,19.1269,9.623099999999999,14.103100000000001,1.4581,2001.0,225.0,20.58192,30.596439999999998,1.4273066666666667,75.72396666666667,25.055720000000004,14.32666,19.401926666666668,3.1106933333333338,2001.0,5443.29,3189.83,750.66,2583.38,359.01,1102.51,0.0
8,241.0,24.4892,34.230799999999995,7.4325,94.4725,31.2095,18.669900000000002,23.9078,5.3109,2001.0,241.0,7.292400000000001,26.9017,0.0,43.2358,22.2661,9.4349,16.1327,0.947,2001.0,241.0,19.74618666666667,30.722046666666667,1.5647599999999997,69.30480666666666,27.180213333333334,14.907159999999998,20.7202,3.3030333333333335,2001.0,4644.2,2713.17,917.06,2518.85,417.31,1420.73,0.0
9,257.0,22.827099999999998,32.3881,25.218500000000002,93.029,27.8214,15.2783,19.4368,5.0147,2001.0,257.0,3.3339,25.832900000000002,0.0,50.9646,13.691500000000001,4.0188,11.1448,1.4561000000000002,2001.0,257.0,12.636346666666666,28.941873333333334,5.775813333333333,75.85345999999998,19.13696,10.442566666666666,14.705666666666668,3.0193666666666665,2001.0,3381.36,1814.43,977.5,2014.49,490.16,1587.52,0.06
10,273.0,19.9644,28.964100000000002,6.9189,83.39760000000001,30.8402,11.5617,19.6499,5.931400000000001,2001.0,273.0,6.589300000000001,23.981399999999997,0.0,41.701299999999996,11.074900000000001,0.7333999999999999,6.345199999999999,0.6784,2001.0,273.0,15.880293333333332,25.98774,0.88388,63.237293333333334,17.410173333333336,5.956979999999999,11.331266666666666,2.9891466666666666,2001.0,3074.06,1624.28,993.02,1911.3,513.27,1631.96,0.06
11,289.0,16.4061,30.034299999999998,11.652299999999999,86.5933,19.2152,10.200999999999999,14.355599999999999,6.1754,2001.0,289.0,5.1438,22.9464,0.0,47.306700000000006,8.9107,0.9179,5.203200000000001,1.623,2001.0,289.0,11.122480000000001,26.584613333333337,1.6633142857142855,63.802653333333325,15.8333,4.919786666666667,10.192393333333335,4.042373333333332,2001.0,2934.78,1417.05,892.14,1676.8,459.37,1378.26,0.02
12,305.0,12.313500000000001,28.089299999999998,4.088,88.7655,21.555500000000002,9.8927,13.3779,10.2354,2001.0,305.0,5.4523,22.444399999999998,0.0,41.35980000000001,4.7934,-5.943,0.13790000000000002,1.5626,2001.0,305.0,10.218400000000003,25.518019999999996,0.66568,63.829106666666654,13.599966666666669,3.4259399999999993,7.866933333333335,4.6513333333333335,2001.0,2685.21,1220.96,849.05,1506.92,446.8,1435.72,0.15
