,DOY,INSgdmax,RADmax,RAINmax,RHmax,TMAXmax,TMINmax,Tmax,WINDmax,YEAR,DOY,INSgdmin,RADmin,RAINmin,RHmin,TMAXmin,TMINmin,Tmin,WINDmin,YEAR,DOY,INSgdmean,RADmean,RAINmean,RHmean,TMAXmean,TMINmean,Tmean,WINDmean,YEAR,NDVI,EVI,RED,NIR,BLUE,MIR,pixrel
0,113.0,26.98,30.6124,14.6368,86.57560000000001,29.187199999999997,19.7664,23.7852,7.576,2001.0,113.0,8.9116,23.412399999999998,0.0,35.162400000000005,8.13,-0.9995999999999999,3.9588,2.0028,2001.0,113.0,21.593040000000002,27.92106666666667,2.0108533333333334,54.39173333333332,21.213600000000003,8.21896,14.888799999999998,4.687173333333334,2001.0,4942.33,2240.89,557.63,1746.66,309.73,1033.92,0.01
1,129.0,29.3632,32.617599999999996,29.8016,93.3752,29.1772,19.7288,23.8616,5.6456,2001.0,129.0,3.5632,28.665599999999998,0.0,56.4244,18.233999999999998,8.2104,14.101600000000001,1.238,2001.0,129.0,17.68789333333333,30.711813333333332,8.139573333333335,74.64090666666667,22.816133333333337,13.399786666666664,18.18794666666667,3.7676000000000003,2001.0,5959.59,2995.35,470.47,2049.04,277.52,870.49,0.0
2,145.0,28.013199999999998,31.9072,16.9264,86.1148,27.7864,15.8236,20.6364,6.0484,2001.0,145.0,1.072,26.982,0.0,39.9084,14.386800000000001,5.6175999999999995,9.7276,0.8248,2001.0,145.0,15.226213333333337,29.39464,4.22384,62.36210666666666,20.36472,9.828479999999999,14.913493333333335,3.5040266666666664,2001.0,6684.71,3588.81,416.53,2336.52,249.28,745.3,0.05
3,161.0,31.174800000000005,33.767999999999994,22.822400000000002,87.9952,31.4456,20.9196,24.7404,5.9244,2001.0,161.0,3.1140000000000003,29.062800000000003,0.0,57.55159999999999,17.0108,6.9524,13.1764,1.4931999999999999,2001.0,161.0,20.762133333333338,31.16298666666667,5.71936,72.84912,25.35856,15.115253333333335,20.06152,3.354613333333333,2001.0,6045.57,3636.96,625.5,2607.17,449.13,936.12,0.84
4,177.0,31.970799999999997,33.994800000000005,41.928399999999996,82.112,32.477599999999995,20.9288,25.9992,3.7403999999999997,2001.0,177.0,5.34,29.3316,0.0,48.2212,23.5068,9.971200000000001,18.2236,0.5820000000000001,2001.0,177.0,22.68992,31.551893333333332,5.318906666666666,60.59061333333333,28.341413333333335,16.746693333333333,22.37381333333333,2.467706666666667,2001.0,7011.03,3882.1,383.58,2447.42,240.83,713.87,0.0
5,193.0,31.5432,36.1676,16.906799999999997,86.56439999999999,35.937599999999996,24.246,28.9964,4.12,2001.0,193.0,8.012,28.644799999999996,0.0,42.5248,28.1364,14.5916,20.997600000000002,1.1172,2001.0,193.0,21.345626666666668,33.17704,1.58104,56.08730666666666,32.112053333333336,19.761333333333333,25.613013333333335,2.36472,2001.0,7347.17,4224.44,379.02,2632.89,244.48,732.35,0.16
6,209.0,27.910800000000002,37.1728,16.6248,90.4232,33.373599999999996,24.0984,27.908,3.7912,2001.0,209.0,7.708400000000001,31.464800000000004,0.0,71.2616,25.8048,16.7964,21.6396,0.5344,2001.0,209.0,19.289546666666666,34.49765333333333,3.644986666666667,79.1296,29.992960000000004,21.293066666666665,25.37450666666666,2.2073066666666668,2001.0,7384.77,3995.51,332.93,2443.92,209.19,675.71,0.0
7,225.0,28.0476,33.9076,12.0964,80.944,31.961999999999996,21.933200000000003,26.4376,3.7284,2001.0,225.0,2.172,28.062400000000004,0.0,50.2696,20.7896,11.598799999999999,18.250799999999998,1.3148,2001.0,225.0,21.89805333333333,31.014159999999997,1.290773333333333,68.70106666666666,26.825866666666663,15.782240000000002,21.210639999999998,2.43392,2001.0,7418.03,3915.99,327.96,2388.53,194.88,668.95,0.2
8,241.0,24.5376,35.33200000000001,15.4592,95.65119999999999,32.4032,21.862000000000002,26.3652,3.3524000000000003,2001.0,241.0,6.266400000000001,27.418400000000002,0.0,44.864,23.1532,10.8608,17.4804,1.2608,2001.0,241.0,19.16733333333334,31.435760000000002,4.135093333333334,70.86138666666668,27.690506666666664,16.065920000000002,21.864853333333336,2.448186666666667,2001.0,7251.0,3730.64,356.44,2328.89,208.5,642.85,0.59
9,257.0,23.2472,33.7076,24.8032,92.53200000000001,26.75,18.7956,22.0168,4.4796,2001.0,257.0,3.1924,26.5672,0.0,50.536,18.6244,6.029999999999999,14.264800000000001,1.4684,2001.0,257.0,12.75234666666667,29.887253333333334,6.9313866666666675,72.13648,22.183440000000004,11.706879999999998,17.071359999999995,2.7645066666666667,2001.0,6404.9,2963.44,383.65,1932.66,208.18,671.27,0.0
10,273.0,20.1824,31.165200000000002,14.666,77.2644,28.6616,13.6356,19.382399999999997,4.982,2001.0,273.0,5.7756,23.365199999999998,0.0,44.7932,13.192,1.3844,7.0607999999999995,1.2031999999999998,2001.0,273.0,16.697173333333335,26.27272,2.1555999999999997,58.71535999999999,18.928213333333332,6.9624533333333325,12.618426666666668,2.6835466666666665,2001.0,5883.31,2601.29,418.17,1759.37,239.06,731.88,0.0
11,289.0,15.9192,31.200400000000002,14.3104,91.0508,22.8816,11.772,16.186799999999998,5.333600000000001,2001.0,289.0,4.532,24.0956,0.0,46.407999999999994,10.607199999999999,-1.4552,6.1983999999999995,1.1984,2001.0,289.0,11.022613333333334,27.54933333333333,3.521857142857143,66.98848,17.067173333333336,5.994106666666665,11.597653333333335,3.436693333333334,2001.0,5187.67,2278.95,516.07,1698.14,286.09,924.18,0.13
12,305.0,13.7852,29.0304,7.960799999999999,76.4104,24.216,12.9576,16.6812,8.634400000000001,2001.0,305.0,5.7756,23.337600000000002,0.0,39.916,4.981199999999999,-4.3748000000000005,0.7347999999999999,1.6612,2001.0,305.0,11.469359999999998,25.83002666666667,1.4927733333333333,57.63288000000001,16.587733333333333,5.17144,10.57184,4.051413333333333,2001.0,5167.89,2025.59,451.58,1493.32,248.49,703.72,2.56
