,DOY,INSgdmax,RADmax,RAINmax,RHmax,TMAXmax,TMINmax,Tmax,WINDmax,YEAR,DOY,INSgdmin,RADmin,RAINmin,RHmin,TMAXmin,TMINmin,Tmin,WINDmin,YEAR,DOY,INSgdmean,RADmean,RAINmean,RHmean,TMAXmean,TMINmean,Tmean,WINDmean,YEAR,NDVI,EVI,RED,NIR,BLUE,MIR,pixrel
0,112.99999999999999,27.827,31.0294,18.0853,83.101,29.6858,19.8632,24.461399999999998,7.7435,2001.0,112.99999999999999,10.512,23.9766,0.0,31.391399999999997,8.5121,-1.0309,4.190799999999999,1.8380999999999998,2001.0,112.99999999999999,21.65443333333333,28.11864666666667,2.411626666666667,51.58558,21.472966666666665,8.408433333333333,15.231020000000001,4.4868266666666665,2001.0,5321.05,1958.19,384.37,1346.0,226.3,704.13,0.0
1,129.0,29.058099999999996,33.5403,29.6391,92.72120000000001,29.320799999999995,20.2093,24.235500000000002,5.3196,2001.0,129.0,4.9746999999999995,28.750399999999996,0.0,52.422900000000006,19.5755,9.1084,14.448699999999999,1.687,2001.0,129.0,19.476746666666664,31.04596,7.772573333333334,70.16106,23.857493333333338,14.587119999999999,19.23574666666667,3.6763266666666667,2001.0,5536.78,2145.3,345.4,1375.48,240.66,534.05,0.0
2,145.0,29.1141,32.0847,22.6128,87.41799999999999,27.867800000000003,16.7301,21.2548,5.6981,2001.0,145.0,0.9700000000000001,27.0236,0.0,39.4535,14.5517,5.4948999999999995,9.7919,0.9937999999999999,2001.0,145.0,16.411286666666665,29.574079999999995,4.285513333333332,64.09575333333333,20.347853333333333,9.768360000000001,15.008479999999999,3.17242,2001.0,6367.98,2735.57,310.61,1653.67,221.52,469.18,0.0
3,161.0,30.451999999999998,34.306400000000004,26.758200000000002,88.46390000000001,30.8588,21.4277,25.3957,5.2941,2001.0,161.0,3.7471,29.0049,0.0,57.542199999999994,16.6094,8.0117,13.1904,1.5003,2001.0,161.0,20.013773333333333,31.365206666666666,6.780246666666668,72.60613333333333,25.67541333333333,15.133626666666666,20.430580000000003,3.06184,2001.0,6120.0,3148.65,436.56,2019.61,353.52,571.31,0.89
4,177.00000000000003,32.1652,34.481100000000005,31.023399999999995,80.4787,33.074600000000004,20.8768,25.951700000000002,3.2485,2001.0,177.00000000000003,6.4707,27.7537,0.0,45.1833,23.508000000000003,10.2677,18.2635,0.8463,2001.0,177.00000000000003,22.693773333333333,31.476166666666664,3.65694,58.521786666666664,28.629893333333335,16.791413333333335,22.633273333333335,2.2590466666666664,2001.0,7354.87,3455.15,264.96,2031.96,173.27,472.11,0.0
5,193.0,31.410600000000002,36.6516,15.092500000000001,84.94980000000001,35.5672,24.622899999999998,29.0934,3.7252,2001.0,193.0,7.7317,28.583299999999998,0.0,40.520199999999996,27.998599999999996,13.309899999999999,21.2964,0.8532000000000001,2001.0,193.0,22.69824666666667,33.07324666666667,2.430546666666667,55.516206666666676,32.159546666666664,19.62812,25.698653333333336,2.186113333333333,2001.0,7242.96,3464.76,348.07,2100.49,280.58,478.33,0.55
6,209.0,28.2556,37.4764,20.0997,90.09960000000001,33.6348,24.4388,27.983700000000002,3.564,2001.0,209.0,6.4625,31.7746,0.0,67.7153,26.591500000000003,17.6632,22.453200000000002,0.5794999999999999,2001.0,209.0,19.118693333333333,34.671400000000006,3.507146666666667,77.61757999999999,30.490393333333333,21.551973333333333,25.793393333333334,1.9356066666666667,2001.0,7446.27,3429.41,250.42,1962.31,179.78,431.11,0.52
7,225.0,27.5593,34.4384,13.7075,76.5977,32.739200000000004,22.7302,27.0268,3.5789999999999997,2001.0,225.0,3.5591,28.0674,0.0,48.4937,23.6614,12.0338,19.3295,0.8163,2001.0,225.0,20.87661333333333,31.45014666666666,2.089733333333333,65.00555333333334,27.939860000000003,16.672306666666667,22.27755333333333,2.1893466666666663,2001.0,7281.38,3066.65,230.61,1723.38,176.42,380.67,0.0
8,241.0,24.563000000000002,35.6336,19.3739,91.2632,33.6547,22.2064,26.733300000000003,3.3719,2001.0,241.0,6.2534,27.9721,0.0,52.0487,24.3826,12.5169,18.1548,1.3940000000000001,2001.0,241.0,19.105593333333335,31.83216666666667,4.32038,69.6884,28.454706666666663,16.985946666666667,22.5606,2.3411133333333334,2001.0,6712.29,3060.15,296.39,1813.92,223.66,437.88,2.73
9,257.0,23.2071,34.2177,22.1092,90.15459999999999,26.8383,21.0618,23.475700000000003,4.7723,2001.0,257.0,3.6472,26.9053,0.0,48.08989999999999,19.6081,7.576600000000001,14.5256,1.5793000000000001,2001.0,257.0,12.801846666666668,30.244260000000004,6.57756,70.83292666666665,22.711159999999996,12.390793333333335,17.70553333333333,2.69588,2001.0,6326.95,2044.27,229.43,1208.96,135.97,340.58,0.0
10,273.0,20.6054,31.5823,20.409500000000005,82.1141,28.5759,15.627799999999999,19.6938,4.3384,2001.0,273.0,5.2612,23.1474,0.0,45.14569999999999,13.157300000000003,1.3339,6.920599999999999,1.0529,2001.0,273.0,16.530833333333334,26.439126666666667,2.67932,61.24844,18.812646666666666,7.1817866666666665,12.672740000000001,2.7264999999999997,2001.0,5708.13,1862.08,275.46,1154.44,175.71,372.17,0.0
11,289.0,15.442499999999999,31.680500000000002,24.216,93.3022,22.7021,12.8281,16.52,5.3401,2001.0,289.0,4.750500000000001,24.5805,0.0,51.6304,10.183900000000001,-1.3325,5.8057,1.305,2001.0,289.0,10.591893333333331,27.841606666666667,5.726742857142857,71.71956,17.102033333333335,6.782026666666665,11.97538,3.2512,2001.0,5609.63,1668.81,288.74,1080.24,178.15,333.73,0.11
12,305.0,13.668099999999999,29.8669,10.374200000000002,73.9684,23.785200000000003,13.1527,16.594800000000003,8.043,2001.0,305.0,6.006499999999999,23.542799999999996,0.0,43.1772,5.4011000000000005,-2.8278,1.2056,1.9145999999999999,2001.0,305.0,11.071633333333331,26.120933333333333,1.6282933333333334,57.867473333333336,16.382733333333334,5.502153333333334,10.781133333333333,3.8351066666666664,2001.0,5882.82,1547.05,199.55,915.15,133.39,307.64,2.56
