,DOY,INSgdmax,RADmax,RAINmax,RHmax,TMAXmax,TMINmax,Tmax,WINDmax,YEAR,DOY,INSgdmin,RADmin,RAINmin,RHmin,TMAXmin,TMINmin,Tmin,WINDmin,YEAR,DOY,INSgdmean,RADmean,RAINmean,RHmean,TMAXmean,TMINmean,Tmean,WINDmean,YEAR,NDVI,EVI,RED,NIR,BLUE,MIR,pixrel
0,113.0,27.3637,31.3569,20.062799999999996,90.2638,30.296099999999996,18.8756,23.0859,7.869400000000001,2000.9999999999998,113.0,6.4079,24.1492,0.0,36.787499999999994,9.132200000000001,-0.8916999999999998,4.0243,2.0444,2000.9999999999998,113.0,20.76958666666667,27.760440000000003,2.55006,56.23257333333332,21.474446666666665,8.458086666666667,15.009786666666667,4.937353333333334,2000.9999999999998,3317.64,2117.04,1376.09,2732.7,653.6,2819.16,0.06
1,129.0,29.3596,32.4983,33.241699999999994,93.8282,29.8523,19.101100000000002,23.7222,6.4434,2000.9999999999998,129.0,2.3322000000000003,28.280800000000006,0.0,51.8364,16.6612,7.5683,13.3812,1.4792,2000.9999999999998,129.0,19.270793333333334,30.628413333333334,6.6803333333333335,74.08537333333334,22.98939333333333,12.76976666666667,18.037806666666665,4.235846666666667,2000.9999999999998,3510.56,2395.94,1493.92,3081.66,711.08,3092.03,0.56
2,145.0,27.81,32.0677,22.191100000000002,85.12079999999999,28.397299999999998,15.5215,21.643900000000002,6.829000000000001,2000.9999999999998,145.0,2.0202999999999998,26.340200000000003,0.0,34.2879,14.077900000000003,6.5784,11.0342,1.4421999999999997,2000.9999999999998,145.0,17.051840000000002,29.418459999999996,5.534726666666666,57.21655333333334,21.649386666666672,10.8153,16.17732,4.441073333333334,2000.9999999999998,4225.89,2911.95,1291.83,3172.48,629.3,2641.84,0.0
3,161.0,31.1017,34.7212,23.5167,91.57430000000001,31.498599999999996,20.2113,24.9318,7.203799999999999,2000.9999999999998,161.0,4.8207,29.093600000000002,0.0,54.9851,17.0119,8.926599999999999,14.038,1.1976,2000.9999999999998,161.0,20.933413333333334,31.563719999999996,4.98044,73.30871333333334,25.655133333333335,15.30122,20.304006666666666,3.72162,2000.9999999999998,4716.79,2909.89,952.37,2672.54,476.95,1728.09,0.26
4,177.0,31.3178,33.9908,46.2829,78.4987,34.7239,22.0762,27.105099999999997,5.3701,2000.9999999999998,177.0,7.0683,29.8987,0.0,49.693200000000004,20.1569,11.127400000000002,17.334999999999997,0.8860999999999999,2000.9999999999998,177.0,23.32208,32.00434666666666,5.864866666666667,61.74169333333332,28.51188666666667,17.4281,22.701666666666668,3.080993333333333,2000.9999999999998,6500.26,4871.01,818.33,3844.06,425.14,1784.19,0.02
5,193.0,30.4281,36.6468,30.072599999999998,82.3957,36.8823,23.4384,29.264499999999998,5.231,2000.9999999999998,193.0,9.9055,30.6997,0.0,44.8712,27.2395,16.392500000000002,23.208199999999998,1.3638,2000.9999999999998,193.0,20.269620000000003,33.858693333333335,4.432866666666667,55.72040666666667,32.62324666666667,20.489986666666667,26.219726666666663,2.904713333333333,2000.9999999999998,8119.07,6246.1,428.95,4182.19,233.63,972.01,0.93
6,209.0,28.551099999999998,36.2107,15.042100000000001,92.28330000000001,34.1316,24.0475,27.9741,4.6827,2000.9999999999998,209.0,6.6364,31.349800000000005,0.0,68.437,25.3618,17.0158,21.625600000000002,1.2463,2000.9999999999998,209.0,21.031499999999998,34.53550666666666,1.9692866666666666,78.22215333333332,30.462006666666667,21.2952,25.44248,2.83844,2000.9999999999998,8176.96,6206.96,402.49,4104.16,219.23,1026.38,0.17
7,225.0,27.9266,34.205,6.889,78.13560000000001,32.4568,21.9604,26.594099999999997,4.3969000000000005,2000.9999999999998,225.0,5.3835999999999995,27.6461,0.0,51.1694,21.2516,11.3561,17.6717,1.268,2000.9999999999998,225.0,22.444580000000002,31.21866,0.9469733333333334,67.65283333333332,27.583126666666672,15.74586,21.477426666666666,2.9226400000000003,2000.9999999999998,7856.73,5624.52,438.58,3720.75,237.01,990.24,0.0
8,241.0,24.174699999999998,35.5235,19.6235,94.1377,32.9645,22.3809,26.7087,4.2406,2000.9999999999998,241.0,10.289299999999999,28.266599999999997,0.0,50.7491,23.8666,11.6405,18.093300000000003,1.2341,2000.9999999999998,241.0,19.999499999999998,31.64426666666666,4.035446666666667,70.41444666666668,28.44014,16.179806666666668,22.178113333333332,2.648746666666667,2000.9999999999998,7661.01,5358.65,463.69,3568.8,253.24,919.07,0.0
9,257.0,23.630300000000002,32.9759,25.9694,92.49259999999998,28.119000000000003,15.984899999999998,21.050099999999997,5.0205,2000.9999999999998,257.0,4.3218,26.080599999999997,0.0,51.27119999999999,15.006599999999999,7.676900000000001,13.4698,1.7141000000000002,2000.9999999999998,257.0,14.550720000000002,29.64494666666667,6.382226666666668,73.49154,21.871500000000005,11.718346666666669,16.83336,3.1218999999999997,2000.9999999999998,6418.09,3820.03,599.02,2777.74,286.46,1046.05,0.0
10,273.0,20.5039,30.5961,15.8205,80.6241,28.9713,13.502600000000001,20.673399999999997,5.8294,2000.9999999999998,273.0,6.2339,23.9879,0.0,41.0978,13.4663,2.0431,8.257299999999999,0.9167,2000.9999999999998,273.0,17.04808,26.54753333333334,1.9470333333333336,59.72586,19.50542666666667,7.315379999999999,13.216866666666665,2.8015933333333334,2000.9999999999998,4965.76,2842.76,819.91,2451.03,403.9,1481.73,0.0
11,289.0,16.889699999999998,30.662300000000002,12.3106,91.7952,22.009999999999998,11.4424,16.93,6.582799999999999,2000.9999999999998,289.0,5.1850000000000005,23.9455,0.0,48.8693,10.1259,0.8272999999999999,5.5638000000000005,1.3815,2000.9999999999998,289.0,12.168266666666668,27.213293333333333,1.9924214285714286,66.04681333333335,17.504153333333335,6.399759999999999,11.770013333333333,3.7336333333333336,2000.9999999999998,3224.68,1868.37,1211.26,2353.93,568.51,2113.6,0.03
12,305.0,13.729899999999997,29.2458,7.706399999999999,80.0077,23.2927,12.3657,16.1414,8.286100000000001,2000.9999999999998,305.0,7.0107,23.572200000000002,0.0,40.9484,7.9468,-6.503300000000001,2.1624,1.4104999999999999,2000.9999999999998,305.0,12.017946666666669,25.921680000000002,1.1814866666666666,58.74066666666667,17.287360000000003,5.436513333333334,10.893293333333332,3.9906866666666665,2000.9999999999998,2879.36,1733.15,1359.09,2453.71,635.14,2342.17,0.06
