,DOY,INSgdmax,RADmax,RAINmax,RHmax,TMAXmax,TMINmax,Tmax,WINDmax,YEAR,DOY,INSgdmin,RADmin,RAINmin,RHmin,TMAXmin,TMINmin,Tmin,WINDmin,YEAR,DOY,INSgdmean,RADmean,RAINmean,RHmean,TMAXmean,TMINmean,Tmean,WINDmean,YEAR,NDVI,EVI,RED,NIR,BLUE,MIR,pixrel
0,113.0,28.0391,30.121600000000004,14.547400000000001,91.09790000000001,29.0894,19.8557,23.6619,7.498600000000001,2001.0,113.0,9.8051,22.929100000000002,0.0,30.893599999999996,6.1266,-2.792,2.3108999999999997,1.7348,2001.0,113.0,20.763133333333336,27.251706666666667,2.4887799999999993,53.771160000000016,20.31756,7.23048,14.040300000000002,4.58158,2001.0,5275.97,2306.16,540.52,1730.31,275.42,861.11,0.31
1,129.0,28.494999999999997,31.6875,32.532,91.893,28.359399999999997,19.5879,23.407199999999996,5.342800000000001,2001.0,129.0,3.8067999999999995,28.279500000000002,0.0,47.4725,15.8562,7.5231,13.4556,1.2055,2001.0,129.0,17.69174,30.279359999999993,8.40852,72.34975333333333,21.842159999999996,12.533293333333331,17.304233333333336,3.698686666666667,2001.0,5974.71,2897.94,517.16,2037.43,268.44,883.55,0.37
2,145.0,28.6144,32.7459,17.355999999999998,83.2661,27.5141,17.461,21.275000000000002,5.5986,2001.0,145.0,1.9456,26.231599999999997,0.0,34.15539999999999,10.4354,4.267099999999999,8.405600000000002,0.9884,2001.0,145.0,16.155906666666663,28.754733333333338,6.158613333333333,63.11834666666667,19.62995333333333,9.442813333333332,14.392446666666668,3.042866666666666,2001.0,7154.86,3379.22,345.05,2062.52,192.67,588.38,0.0
3,161.0,30.8188,33.4325,20.951600000000003,86.30209999999998,31.1601,20.9099,24.2397,5.4046,2001.0,161.0,3.8964999999999996,28.133799999999997,0.0,50.74850000000001,15.6788,7.0897,12.405800000000001,1.2754,2001.0,161.0,20.231953333333333,30.733420000000006,6.248780000000001,72.09819333333333,24.669,14.20675333333333,19.30384666666667,3.2261466666666667,2001.0,6772.94,3927.35,522.86,2630.51,346.35,748.36,0.7
4,177.0,31.925800000000002,33.98449999999999,25.989899999999995,77.7942,32.094,20.715500000000002,25.825100000000003,3.877,2001.0,177.0,13.492700000000001,28.638299999999997,0.0,47.699600000000004,22.7484,8.7281,17.3445,1.2488,2001.0,177.0,23.290520000000004,31.596453333333336,4.143459999999999,57.91309333333333,27.97455333333333,15.955213333333333,21.978200000000005,2.59532,2001.0,7734.13,4752.9,380.26,2986.61,208.93,693.5,0.0
5,193.0,31.8666,36.6046,13.047099999999999,88.03469999999999,34.4684,24.285399999999996,27.9145,3.7758000000000003,2001.0,193.0,10.4638,27.0721,0.0,41.798300000000005,27.075699999999998,12.940000000000001,19.760199999999998,1.1533,2001.0,193.0,22.428120000000003,32.593160000000005,1.92278,55.910153333333334,31.43554,19.076573333333336,24.986353333333334,2.300793333333333,2001.0,7974.34,4889.23,336.34,3001.64,189.44,646.06,0.09
6,209.0,28.213500000000003,37.0412,16.911199999999997,87.1903,32.713699999999996,23.9466,27.235799999999998,3.6753,2001.0,209.0,11.011999999999999,31.362099999999998,0.0,68.23110000000001,26.0189,15.8335,20.8765,0.6635000000000001,2001.0,209.0,18.626873333333332,34.18132,4.767933333333332,79.42428,29.088959999999993,20.58256666666667,24.643500000000003,2.193953333333333,2001.0,8118.71,4438.97,267.73,2589.28,155.2,524.4,0.03
7,225.0,27.482899999999997,34.4338,16.1828,86.66420000000001,30.897800000000004,23.579800000000002,26.7604,3.3783000000000003,2001.0,225.0,1.4583,27.639199999999995,0.0,54.063599999999994,19.309,9.2537,17.3233,0.9329000000000001,2001.0,225.0,20.510153333333335,31.168359999999996,1.5404866666666668,71.94708,25.67758,15.218113333333335,20.447386666666663,2.3490666666666664,2001.0,7993.34,4363.09,286.52,2578.51,161.67,545.1,0.17
8,241.0,24.085399999999996,35.2001,7.123200000000001,90.79310000000001,30.2228,21.294500000000003,24.691200000000006,3.3929,2001.0,241.0,5.4679,27.708,0.0,42.6534,22.5301,9.8331,16.7549,1.3234000000000004,2001.0,241.0,18.751673333333333,30.940939999999994,1.4988866666666667,70.89412,26.6975,15.501973333333336,20.99817333333333,2.460093333333334,2001.0,7717.83,3852.72,290.84,2261.09,167.84,508.43,0.09
9,257.0,23.0442,33.2525,15.7947,90.27690000000001,26.5584,18.432299999999998,21.7469,4.2448,2001.0,257.0,4.2359,26.21,0.0,50.603199999999994,17.836199999999998,5.4767,13.6061,1.266,2001.0,257.0,11.843953333333332,29.778119999999998,5.164833333333333,72.14688000000002,21.245913333333334,11.242800000000004,16.470726666666668,2.6107800000000005,2001.0,7101.52,3026.55,313.94,1840.53,152.54,552.1,0.0
10,273.0,19.9412,31.8396,9.6406,76.35869999999998,29.3015,12.707900000000002,18.245,4.616699999999999,2001.0,273.0,5.2717,23.29,0.0,40.0228,12.5779,1.1052000000000002,6.029299999999999,1.2218,2001.0,273.0,16.26648,25.988399999999995,1.0962399999999999,59.112986666666664,17.680006666666667,6.390453333333334,11.878740000000002,2.803206666666666,2001.0,6266.55,2610.02,395.95,1702.68,209.14,595.66,0.0
11,289.0,15.5707,31.6142,19.7777,93.17530000000001,21.186400000000003,10.663,15.365099999999998,5.559900000000001,2001.0,289.0,5.447500000000001,24.052999999999997,0.0,46.8411,10.0833,-0.8055000000000001,6.360000000000001,1.029,2001.0,289.0,10.340186666666666,27.234846666666666,3.6861142857142855,66.72188666666668,16.15266,5.590613333333333,10.884500000000003,3.338213333333333,2001.0,5603.68,2227.77,456.31,1578.64,231.84,722.65,0.02
12,305.0,12.8855,28.264200000000002,7.9735999999999985,82.3598,23.3053,11.702099999999998,16.358,9.4222,2001.0,305.0,6.6008000000000004,23.1091,0.0,37.05480000000001,3.7683999999999997,-3.6609000000000003,0.3604,1.7355,2001.0,305.0,10.32234,26.041500000000003,0.8860666666666667,60.137653333333326,15.044379999999999,4.4556000000000004,9.443613333333333,4.153373333333334,2001.0,5890.91,1999.69,343.91,1315.2,167.03,639.56,0.0
