,DOY,INSgdmax,RADmax,RAINmax,RHmax,TMAXmax,TMINmax,Tmax,WINDmax,YEAR,DOY,INSgdmin,RADmin,RAINmin,RHmin,TMAXmin,TMINmin,Tmin,WINDmin,YEAR,DOY,INSgdmean,RADmean,RAINmean,RHmean,TMAXmean,TMINmean,Tmean,WINDmean,YEAR,NDVI,EVI,RED,NIR,BLUE,MIR,pixrel
0,113.0,27.931899999999995,30.3156,23.3355,93.0739,28.792599999999997,18.380899999999997,22.856099999999998,7.0215,2000.9999999999998,113.0,8.0626,22.6874,0.0,32.1895,4.4860999999999995,-4.0849,0.8011999999999999,1.6905999999999999,2000.9999999999998,113.0,19.312546666666666,27.354280000000003,3.1276466666666662,56.326440000000005,19.2461,6.360986666666667,13.042373333333334,4.33502,2000.9999999999998,4360.79,1907.23,650.43,1647.66,337.95,1102.04,0.46
1,129.0,28.291199999999996,31.4695,26.9649,90.91979999999998,28.1857,19.0042,22.9617,5.396400000000001,2000.9999999999998,129.0,3.2486,27.439000000000004,0.0,38.118700000000004,15.635399999999999,6.5151,12.8038,1.1288,2000.9999999999998,129.0,17.45141333333333,30.03658666666667,7.935833333333333,68.97297333333333,21.41705333333333,11.610846666666665,16.634566666666668,3.6366066666666663,2000.9999999999998,5689.05,2829.08,567.87,2062.89,307.27,1012.66,0.32
2,145.0,27.799599999999998,32.2114,14.162599999999998,82.8622,26.9647,17.059,20.9753,5.457000000000001,2000.9999999999998,145.0,4.2106,26.0853,0.0,33.561499999999995,9.228299999999999,4.0679,7.429500000000001,1.1966999999999999,2000.9999999999998,145.0,16.307926666666667,28.622340000000005,4.414746666666666,64.05558,19.178326666666667,9.027179999999998,14.028260000000003,2.905566666666667,2000.9999999999998,7609.94,4440.1,363.47,2759.96,210.28,676.09,0.0
3,161.0,31.375600000000002,33.323499999999996,22.1246,87.0958,31.005300000000002,20.1048,23.7348,5.2395000000000005,2000.9999999999998,161.0,3.9259000000000004,27.874399999999998,0.0,49.209900000000005,15.154900000000001,6.802699999999999,12.292900000000001,1.2075,2000.9999999999998,161.0,19.771206666666668,30.584279999999996,6.844686666666667,71.40935999999998,24.317686666666663,13.603466666666666,18.84636,3.1572733333333334,2000.9999999999998,7082.59,4655.87,577.35,3175.54,421.04,884.53,0.95
4,177.00000000000003,31.9485,34.3912,19.7804,77.2226,32.2923,21.155199999999997,25.894499999999997,4.2019,2000.9999999999998,177.00000000000003,15.128699999999998,28.4573,0.0,43.038999999999994,22.134900000000002,8.2211,16.593300000000003,1.5795,2000.9999999999998,177.00000000000003,24.871546666666667,31.172093333333333,3.1115,57.18188666666667,27.63624666666667,15.595199999999998,21.678766666666665,2.808873333333333,2000.9999999999998,8155.64,5403.57,336.41,3356.09,194.61,689.4,0.0
5,193.0,31.952199999999998,36.3681,14.8764,85.94579999999999,34.3106,23.8701,27.6618,3.8792,2000.9999999999998,193.0,11.3534,26.5604,0.0,41.3823,26.2105,12.6616,19.210599999999996,1.4267,2000.9999999999998,193.0,23.723406666666666,32.1349,1.9004866666666667,54.153013333333334,31.125300000000003,18.89264,24.75774,2.41152,2000.9999999999998,8356.96,5669.81,304.65,3488.96,179.57,659.51,0.01
6,209.0,28.101300000000005,36.030199999999994,18.4435,87.38,32.644800000000004,23.6562,27.160499999999995,3.7209,2000.9999999999998,209.0,8.1332,30.987399999999997,0.0,67.6351,25.708399999999997,15.644599999999999,20.2962,0.8299000000000001,2000.9999999999998,209.0,18.510953333333333,33.63129333333333,4.986806666666666,78.79230666666666,28.723753333333327,19.958806666666664,24.091313333333336,2.3068666666666666,2000.9999999999998,8386.55,5175.71,262.68,3069.96,155.62,595.43,0.0
7,225.0,27.6577,34.35230000000001,20.348300000000002,89.8929,30.225900000000003,23.6964,26.4544,3.5978,2000.9999999999998,225.0,3.091799999999999,27.7928,0.0,55.7872,18.770400000000002,9.0059,16.4021,0.9797,2000.9999999999998,225.0,19.95316,31.01714666666666,1.7515066666666665,73.22934666666666,25.139039999999998,14.88057333333333,19.957273333333333,2.39076,2000.9999999999998,8255.11,4882.41,271.51,2884.58,161.59,575.96,0.2
8,241.0,23.8841,34.771300000000004,7.686599999999999,87.45810000000002,29.5454,20.1964,23.6129,3.7994000000000003,2000.9999999999998,241.0,8.5336,27.1817,0.0,41.842600000000004,21.507,9.336599999999999,16.3003,1.3265000000000002,2000.9999999999998,241.0,19.59252,30.642806666666665,1.6730399999999999,70.26983333333332,26.225733333333334,15.186353333333336,20.55274666666667,2.5793199999999996,2000.9999999999998,7928.76,4302.99,286.88,2529.97,171.91,539.8,0.29
9,257.0,22.714199999999998,32.638799999999996,17.7736,89.6817,26.1391,17.9244,21.1128,4.0695,2000.9999999999998,257.0,4.592300000000001,25.986900000000002,0.0,53.4407,16.5679,5.420599999999999,12.713199999999999,1.1217,2000.9999999999998,257.0,11.60546666666667,29.619319999999995,4.94032,72.73516666666667,20.58162,10.8091,15.841579999999997,2.5033533333333335,2000.9999999999998,6829.97,3059.97,360.23,1940.17,168.41,666.05,0.0
10,273.00000000000006,19.8681,31.179299999999998,8.4299,76.9688,29.556999999999995,11.9596,17.714899999999997,4.4285,2000.9999999999998,273.00000000000006,5.5414,23.0082,0.0,39.465799999999994,11.3322,0.254,5.475299999999999,1.3753,2000.9999999999998,273.00000000000006,15.737640000000003,25.87818666666666,0.9984333333333334,59.43412,16.920086666666666,6.011006666666667,11.27858,2.8181333333333325,2000.9999999999998,5910.85,2710.24,476.64,1864.48,263.23,731.4,0.0
11,289.0,16.041999999999998,31.4117,12.547900000000002,93.39699999999998,19.6694,9.908399999999999,14.825999999999999,5.6304,2000.9999999999998,289.0,5.264399999999999,23.2164,0.0,47.2446,8.874,-0.9314,5.416,1.0695999999999999,2000.9999999999998,289.0,10.34062,26.70852666666667,2.5292285714285714,67.57270666666668,15.413366666666668,5.086333333333332,10.237993333333334,3.2791733333333335,2000.9999999999998,5227.35,1880.45,418.42,1343.63,218.98,715.68,0.05
12,305.0,12.912200000000002,28.244699999999998,6.973299999999999,81.86420000000001,21.7419,11.319200000000002,15.2926,9.7061,2000.9999999999998,305.0,5.6515,22.8822,0.0,38.13290000000001,3.231,-3.8138,-0.025900000000000006,1.6737000000000002,2000.9999999999998,305.0,9.84018,25.794440000000005,1.0349933333333332,62.15402666666667,13.892146666666669,4.017966666666667,8.575153333333333,4.132333333333334,2000.9999999999998,5200.03,1771.95,400.48,1263.75,202.63,782.9,0.0
