,DOY,INSgdmax,RADmax,RAINmax,RHmax,TMAXmax,TMINmax,Tmax,WINDmax,YEAR,DOY,INSgdmin,RADmin,RAINmin,RHmin,TMAXmin,TMINmin,Tmin,WINDmin,YEAR,DOY,INSgdmean,RADmean,RAINmean,RHmean,TMAXmean,TMINmean,Tmean,WINDmean,YEAR,NDVI,EVI,RED,NIR,BLUE,MIR,pixrel
0,113.0,28.0328,31.056,23.479200000000002,82.0108,29.7892,20.0264,24.5896,7.8056,2001.0,113.0,9.314,24.3796,0.0,28.653999999999996,8.136,-1.4884000000000002,3.8604000000000003,1.6924,2001.0,113.0,21.291946666666668,28.086693333333336,3.0591733333333333,50.09146666666666,21.27152,8.068213333333334,14.992453333333334,4.5076,2001.0,4940.27,1980.33,467.71,1471.46,257.19,863.96,0.13
1,129.0,28.7068,33.8036,29.273200000000003,92.9756,29.000400000000003,20.4788,24.123600000000003,5.23,2001.0,129.0,7.8164,28.4908,0.0,49.998000000000005,19.3884,8.468399999999999,13.9968,1.7764000000000002,2001.0,129.0,19.58589333333333,31.031493333333337,7.958133333333333,69.04802666666667,23.823973333333335,14.539840000000002,19.231840000000002,3.6739466666666667,2001.0,5336.57,2015.6,412.92,1414.9,228.16,768.52,0.18
2,145.0,29.419599999999996,32.29,23.0672,84.5356,27.9296,17.186,21.7472,5.4908,2001.0,145.0,1.126,26.0636,0.0,35.1712,14.8348,4.611200000000001,9.416400000000001,1.0096,2001.0,145.0,17.045626666666667,29.35050666666666,4.559706666666667,62.72650666666666,20.28152,9.59,14.91088,3.0219200000000006,2001.0,6499.14,3104.59,338.48,1966.69,195.42,624.09,5.1
3,161.0,30.229599999999998,34.5,27.7592,87.42920000000001,30.8748,21.3496,25.470800000000004,5.167199999999999,2001.0,161.0,4.3556,28.7996,0.0,56.175200000000004,17.152,8.0212,12.77,1.53,2001.0,161.0,20.051920000000003,31.194426666666665,7.368320000000001,71.39637333333334,25.645359999999997,14.695973333333335,20.232106666666667,3.0387733333333333,2001.0,6499.79,3327.69,386.77,2115.09,244.18,677.51,0.14
4,177.0,32.1676,34.0568,20.138799999999996,80.55839999999999,33.5276,21.0892,26.536,3.4671999999999996,2001.0,177.0,8.200000000000001,27.263199999999998,0.0,39.8644,23.633200000000002,10.3412,18.1672,0.9543999999999999,2001.0,177.0,23.04066666666667,31.319786666666666,2.7773333333333334,54.74909333333332,28.878266666666672,16.781786666666665,22.78549333333333,2.3101866666666666,2001.0,7197.67,3806.07,302.26,2291.79,187.42,575.27,0.0
5,193.0,31.447200000000002,36.8176,20.1844,83.3568,34.94,24.2468,28.57,3.2968,2001.0,193.0,7.773999999999999,28.2128,0.0,39.6948,27.413999999999998,12.5824,20.5216,1.0108,2001.0,193.0,23.288826666666665,32.70208,2.765253333333334,55.2884,31.849279999999997,19.076693333333335,25.31970666666667,2.09368,2001.0,7633.75,4025.41,261.4,2364.97,167.61,532.44,0.0
6,209.0,28.084000000000003,37.580799999999996,19.688399999999994,89.6444,33.574,24.425199999999997,27.795199999999994,3.6348,2001.0,209.0,6.7804,31.5864,0.0,66.7524,26.4592,17.1068,22.1604,0.6364,2001.0,209.0,18.89624,34.54557333333333,4.483893333333333,77.08410666666666,30.366319999999995,21.24472,25.599919999999997,1.9114666666666664,2001.0,7829.61,3984.22,225.95,2279.33,146.95,476.36,0.0
7,225.0,27.1896,34.4468,15.3048,76.7848,32.4824,22.4896,26.907600000000002,3.4907999999999997,2001.0,225.0,3.3864,27.96,0.0,46.9464,23.5024,11.0444,19.0128,0.6904,2001.0,225.0,20.527813333333334,31.56709333333332,2.6409333333333334,64.94728,27.88749333333333,16.616453333333332,22.236266666666666,2.19176,2001.0,7931.76,3787.55,213.32,2124.01,145.89,424.63,0.05
8,241.0,24.4632,35.7128,16.067999999999998,90.3364,33.4936,21.9016,26.3844,3.1808,2001.0,241.0,4.744,27.707200000000004,0.0,53.5756,24.141600000000004,12.3848,17.723599999999998,1.3076,2001.0,241.0,19.250853333333335,31.649306666666668,3.80512,69.84693333333333,28.126053333333335,16.746,22.238613333333333,2.3336,2001.0,7401.05,3575.44,266.44,2075.88,180.48,446.35,0.36
9,257.0,23.019199999999998,34.442800000000005,21.7524,88.5304,26.462,21.3124,23.471199999999996,4.803599999999999,2001.0,257.0,4.2656,26.8504,0.0,49.7324,19.3264,7.4688,14.0012,1.5152,2001.0,257.0,12.53101333333333,30.160480000000003,6.202160000000001,71.43119999999999,22.42056,12.450479999999995,17.524693333333335,2.7144266666666663,2001.0,7149.93,3141.81,267.81,1879.0,134.47,460.31,0.0
10,273.0,20.6096,31.683200000000003,22.140000000000004,84.394,28.824399999999997,16.0644,19.7436,4.2732,2001.0,273.0,5.0996,23.162799999999997,0.0,45.946799999999996,13.050799999999999,0.8515999999999999,6.5768,1.078,2001.0,273.0,16.253226666666666,26.33589333333333,3.34008,62.09783999999999,18.36592,6.9809333333333345,12.415173333333335,2.7686133333333327,2001.0,5967.19,2227.41,322.98,1406.82,193.59,404.1,0.02
11,289.0,15.0124,31.694,22.9652,94.7932,22.494,12.9344,16.4092,5.5132,2001.0,289.0,5.096,24.4036,0.0,48.6852,10.1556,-0.9396000000000001,5.6596,1.4063999999999999,2001.0,289.0,10.212986666666666,27.94114666666666,6.512828571428571,71.26586666666667,16.896240000000002,6.876746666666666,11.922906666666666,3.283946666666666,2001.0,5675.99,1837.05,314.95,1205.3,160.94,493.2,0.1
12,305.0,13.39,30.1328,10.098400000000002,72.37599999999999,23.526,12.9308,16.564,8.3232,2001.0,305.0,5.5648,23.29,0.0,41.767999999999994,5.4596,-2.7408,1.3359999999999999,2.0048,2001.0,305.0,10.448266666666665,26.226906666666668,1.5135733333333334,57.60074666666667,16.008613333333333,5.23688,10.542693333333332,3.92408,2001.0,5687.06,1699.45,267.52,1061.18,154.14,454.61,0.04
