,DOY,INSgdmax,RADmax,RAINmax,RHmax,TMAXmax,TMINmax,Tmax,WINDmax,YEAR,DOY,INSgdmin,RADmin,RAINmin,RHmin,TMAXmin,TMINmin,Tmin,WINDmin,YEAR,DOY,INSgdmean,RADmean,RAINmean,RHmean,TMAXmean,TMINmean,Tmean,WINDmean,YEAR,NDVI,EVI,RED,NIR,BLUE,MIR,pixrel
0,113.0,27.980999999999998,31.586,26.122,94.38999999999999,30.051,17.293,23.125,8.498000000000001,2001.0,113.0,1.706,23.062,0.0,36.127,6.390000000000001,-2.169,2.416,2.074,2001.0,113.0,19.135599999999997,27.250199999999996,3.7154000000000003,57.62733333333333,20.0158,7.096733333333333,13.583266666666665,5.0222,2001.0,2925.53,1576.55,988.78,1884.49,538.8,1974.03,0.06
1,129.0,29.142,31.881999999999998,23.374000000000002,92.697,30.036,18.872,23.992,6.749,2001.0,129.0,3.3049999999999997,28.413,0.0,42.22800000000001,15.942,5.653,11.771999999999998,2.0999999999999996,2001.0,129.0,16.836466666666666,30.068733333333338,5.994000000000001,66.29126666666667,22.758533333333336,11.306333333333335,17.328866666666666,4.486933333333333,2001.0,3885.65,2139.12,860.84,2050.9,476.08,1573.64,0.06
2,145.0,26.035,32.215999999999994,19.076,78.07300000000001,27.942,15.894,21.9,6.834999999999999,2001.0,145.0,2.7720000000000002,28.126999999999995,0.0,34.099000000000004,10.813,6.003,9.607,1.157,2001.0,145.0,15.450399999999998,29.32026666666667,5.239400000000001,55.83193333333333,20.502133333333337,10.461733333333335,15.609533333333331,4.3196666666666665,2001.0,4553.13,2474.36,768.16,2132.79,419.86,1474.97,0.24
3,161.0,31.445999999999998,34.277,18.602,93.067,32.089,19.389,24.594,6.925000000000001,2001.0,161.0,5.917,29.606,0.0,45.585,17.899,9.533999999999999,14.649999999999999,1.306,2001.0,161.0,19.825733333333332,31.321199999999994,3.5112,67.68260000000001,25.587933333333325,14.100799999999996,19.8112,3.755666666666666,2001.0,4523.56,2748.09,843.4,2435.08,462.45,1754.22,0.52
4,177.0,31.001000000000005,34.499,36.918,69.719,34.852,21.973000000000003,28.216,6.567,2001.0,177.0,7.529,29.740000000000002,0.0,44.614000000000004,20.651000000000003,11.723,16.764000000000003,1.15,2001.0,177.0,24.025,31.9146,5.9966,57.184200000000004,28.50566666666667,17.076466666666665,22.5076,3.4564000000000004,2001.0,6770.24,4346.34,568.21,3043.05,309.85,1134.68,0.04
5,193.0,31.701999999999998,36.018,15.895,84.42699999999999,35.0,22.314999999999998,27.169,5.532,2001.0,193.0,14.274,28.493999999999996,0.0,42.451,25.893,15.082,21.838,0.646,2001.0,193.0,21.165533333333332,33.09413333333334,3.670333333333333,55.63213333333334,31.77686666666667,19.357733333333332,25.247466666666664,2.6992000000000007,2001.0,7505.01,5571.13,535.59,3859.34,298.35,931.9,0.09
6,209.0,28.240000000000002,36.800999999999995,10.03,95.712,32.864999999999995,23.796999999999997,27.297,5.42,2001.0,209.0,5.109999999999999,31.853,0.0,73.80300000000001,22.843000000000004,15.338,20.006999999999998,1.781,2001.0,209.0,19.255133333333333,34.15919999999999,2.867066666666667,82.56953333333334,28.57186666666667,20.199066666666667,24.00733333333333,3.1432,2001.0,7401.53,5187.32,506.48,3559.34,270.14,807.26,0.01
7,225.0,27.247,34.081,12.593000000000002,87.419,30.626,22.02,25.826999999999998,4.705,2001.0,225.0,5.792,27.459,0.0,57.048,19.137999999999998,10.095000000000002,14.756,1.2650000000000001,2001.0,225.0,21.613333333333333,30.7222,2.0212,74.83266666666667,25.394666666666666,14.69933333333333,19.80406666666667,3.053000000000001,2001.0,5936.42,3876.22,724.61,2995.21,361.16,1127.98,0.01
8,241.0,23.796,34.427,9.473,97.02400000000002,31.085,19.41,24.446,4.902,2001.0,241.0,6.246,26.849,0.0,43.147,22.659000000000002,10.555,16.644000000000002,1.04,2001.0,241.0,18.69206666666667,31.077733333333338,2.380533333333333,70.02346666666665,27.552333333333337,15.266533333333333,21.13093333333333,3.080066666666667,2001.0,5332.96,3412.69,858.45,2886.41,406.29,1318.05,0.01
9,257.0,23.054000000000002,32.452,27.435,93.12400000000001,27.651,15.315000000000001,19.954,5.191,2001.0,257.0,2.4189999999999996,25.744,0.0,49.19499999999999,14.076,4.898,11.781,1.812,2001.0,257.0,13.310066666666668,28.979000000000003,6.186266666666668,74.48046666666667,20.157266666666665,10.902733333333334,15.464599999999997,3.150933333333333,2001.0,4312.42,2495.91,928.58,2382.06,454.97,1460.67,0.09
10,273.0,19.951,29.256999999999998,10.065000000000001,82.16300000000001,30.275999999999996,13.281999999999998,20.171,6.086,2001.0,273.0,5.847999999999999,24.003,0.0,45.098,11.634,1.148,7.145,0.8059999999999999,2001.0,273.0,16.1624,26.168399999999995,1.1574,63.043933333333335,18.082466666666665,6.418466666666666,11.967333333333336,2.9115999999999995,2001.0,3605.77,1936.12,929.89,2023.41,489.59,1490.39,0.01
11,289.0,16.7,30.521,13.29,84.384,19.785,11.198999999999998,15.784999999999998,6.359,2001.0,289.0,4.844,22.811,0.0,45.64,9.537,1.352,5.9399999999999995,1.1949999999999998,2001.0,289.0,11.370400000000002,26.96613333333333,2.0461428571428573,62.35819999999999,16.585066666666666,5.453,10.893866666666664,3.9983999999999997,2001.0,3233.03,1659.96,929.37,1853.54,489.94,1496.44,0.09
12,305.0,12.533,29.043,5.682,88.292,21.758,11.231,14.493,9.64,2001.0,305.0,5.857,23.188,0.0,40.675,6.426,-6.528999999999999,0.925,1.4779999999999998,2001.0,305.0,10.9166,25.695533333333334,0.6121333333333333,61.89573333333333,14.981733333333333,4.0680000000000005,8.955200000000001,4.453200000000001,2001.0,2892.94,1414.26,908.16,1689.26,482.76,1528.45,0.14
