,DOY,INSgdmax,RADmax,RAINmax,RHmax,TMAXmax,TMINmax,Tmax,WINDmax,YEAR,DOY,INSgdmin,RADmin,RAINmin,RHmin,TMAXmin,TMINmin,Tmin,WINDmin,YEAR,DOY,INSgdmean,RADmean,RAINmean,RHmean,TMAXmean,TMINmean,Tmean,WINDmean,YEAR,NDVI,EVI,RED,NIR,BLUE,MIR,pixrel
0,113.0,27.61,30.42,26.4,94.55,28.77,16.41,22.98,7.33,2001.0,113.0,6.12,22.86,0.0,34.73,4.01,-3.67,0.17,1.79,2001.0,113.0,17.968,27.213999999999995,2.7873333333333337,59.596000000000004,18.631333333333334,6.006,12.467999999999996,4.522,2001.0,3832.94,1822.18,793.19,1783.86,403.28,1268.15,0.76
1,129.0,28.33,32.15,20.96,90.34,28.32,18.91,22.86,6.24,2001.0,129.0,3.1,28.4,0.0,35.28,16.06,4.74,12.12,1.17,2001.0,129.0,16.78533333333333,29.970000000000006,6.097333333333335,65.848,21.672000000000004,10.855333333333332,16.444666666666667,3.9906666666666673,2001.0,5341.72,2848.8,667.16,2225.04,353.29,1252.03,0.16
2,145.0,26.82,32.29,18.29,82.36,27.52,16.81,21.51,6.04,2001.0,145.0,3.6,26.42,0.0,34.68,9.31,4.3,7.43,1.43,2001.0,145.0,15.876,28.70066666666667,5.028,64.84,19.09666666666667,8.796666666666665,13.978666666666667,3.1973333333333325,2001.0,7591.25,4734.35,390.16,3014.11,220.61,717.8,0.0
3,161.0,30.13,34.13,22.0,89.88,31.57,19.48,23.66,5.94,2001.0,161.0,5.47,27.72,0.0,47.41,14.74,7.33,13.0,1.34,2001.0,161.0,20.05866666666667,30.602666666666675,5.218,70.79533333333333,24.269333333333336,13.452666666666664,18.77733333333333,3.4026666666666667,2001.0,6689.36,4812.78,761.48,3519.9,608.84,1014.31,1.42
4,177.0,31.07,34.52,21.11,72.28,33.68,21.75,27.31,5.41,2001.0,177.0,11.45,29.27,0.0,42.47,21.99,9.52,16.56,2.26,2001.0,177.0,25.448666666666664,31.355999999999998,1.794,56.6,27.81333333333333,15.834666666666665,21.788,3.215333333333334,2001.0,7945.98,5666.13,387.81,3665.69,220.81,793.15,0.0
5,193.0,31.82,35.82,4.85,88.98,34.42,23.0,27.34,4.67,2001.0,193.0,11.3,26.46,0.0,42.0,25.71,13.73,19.06,1.35,2001.0,193.0,23.78133333333333,32.28,0.9059999999999999,54.75933333333333,31.084000000000007,18.912,24.644666666666673,2.594666666666667,2001.0,8050.86,5727.44,369.55,3674.55,211.35,777.03,0.0
6,209.0,27.18,35.6,15.19,87.73,32.36,23.7,26.86,4.47,2001.0,209.0,6.48,30.67,0.0,70.95,24.15,15.11,19.5,1.57,2001.0,209.0,18.050666666666668,33.474666666666664,4.440666666666667,81.76599999999999,28.052666666666664,19.67466666666667,23.515333333333334,2.6953333333333322,2001.0,8184.63,5255.85,297.41,3192.97,171.78,657.08,0.0
7,225.0,27.83,34.27,15.04,92.89,29.83,22.94,25.96,4.09,2001.0,225.0,5.44,26.89,0.0,59.73,18.96,9.85,15.33,1.16,2001.0,225.0,19.988,30.764666666666667,1.3846666666666667,76.0,24.411333333333335,14.338000000000001,19.311333333333334,2.6386666666666674,2001.0,8030.21,4989.47,303.22,3032.5,173.71,642.81,0.01
8,241.0,24.41,34.63,12.41,89.35,29.54,18.94,22.88,4.47,2001.0,241.0,11.41,27.4,0.0,40.72,20.81,8.74,15.51,1.07,2001.0,241.0,20.392,30.48266666666667,1.9266666666666663,70.74133333333333,26.156666666666673,14.58866666666667,20.255333333333333,2.8733333333333335,2001.0,7709.86,4567.28,351.48,2823.02,204.17,656.06,0.35
9,257.0,23.0,32.87,15.53,92.88,25.78,16.57,20.1,4.24,2001.0,257.0,4.03,26.14,0.0,58.4,15.62,4.0,12.98,1.14,2001.0,257.0,11.503999999999998,29.461333333333332,4.144666666666667,74.17333333333333,19.81933333333333,10.269333333333334,15.187999999999999,2.671333333333334,2001.0,6640.93,3228.19,437.13,2155.79,210.01,793.78,0.06
10,273.0,19.69,29.77,6.42,78.26,30.13,10.69,18.02,5.04,2001.0,273.0,5.33,22.9,0.0,40.19,11.47,0.71,5.37,1.35,2001.0,273.0,15.695333333333332,25.743999999999996,0.9266666666666665,60.28466666666667,16.968666666666664,5.608666666666667,11.020666666666665,2.944,2001.0,5583.51,2693.2,543.91,1966.26,288.71,945.79,0.04
11,289.0,16.42,31.07,4.16,92.49,19.3,10.31,14.67,6.04,2001.0,289.0,4.9,22.9,0.0,47.98,8.93,-1.04,5.17,1.65,2001.0,289.0,10.253333333333336,26.45799999999999,1.2578571428571428,66.91933333333334,15.204666666666665,4.714666666666667,9.996,3.5533333333333337,2001.0,4862.82,1989.7,509.77,1550.75,259.41,925.26,2.59
12,305.0,12.6,28.33,6.17,84.51,20.21,10.86,13.93,10.66,2001.0,305.0,5.33,22.97,0.0,40.05,2.96,-4.53,-0.46,1.51,2001.0,305.0,9.534666666666668,25.742000000000004,1.26,64.25333333333333,13.308,3.6919999999999997,8.012666666666668,4.468,2001.0,4606.46,1786.99,516.09,1449.52,249.43,995.83,2.55
