,DOY,INSgdmax,RADmax,RAINmax,RHmax,TMAXmax,TMINmax,Tmax,WINDmax,YEAR,DOY,INSgdmin,RADmin,RAINmin,RHmin,TMAXmin,TMINmin,Tmin,WINDmin,YEAR,DOY,INSgdmean,RADmean,RAINmean,RHmean,TMAXmean,TMINmean,Tmean,WINDmean,YEAR,NDVI,EVI,RED,NIR,BLUE,MIR,pixrel
0,113.0,27.5,31.25,21.03,90.24,29.46,19.22,23.32,7.85,2001.0,113.0,6.01,23.4,0.0,37.47,8.32,-0.98,3.95,2.0,2001.0,113.0,20.965999999999998,27.81866666666666,3.680666666666667,56.396,21.202,8.274,14.789333333333332,4.906000000000001,2001.0,4388.69,2804.14,1072.03,2750.94,557.22,2314.79,0.02
1,129.0,29.92,32.54,39.2,94.45,30.21,19.24,23.66,6.23,2001.0,129.0,1.58,28.44,0.0,51.55,16.15,7.54,13.9,1.17,2001.0,129.0,17.994666666666664,30.513333333333335,9.928,74.798,22.557333333333325,12.610000000000003,17.786,4.065333333333334,2001.0,5447.03,3514.82,828.83,2874.98,440.05,1748.54,0.09
2,145.0,27.36,31.61,24.26,87.58,28.18,15.94,21.11,6.54,2001.0,145.0,1.91,27.54,0.0,37.12,13.67,6.29,9.97,1.17,2001.0,145.0,15.936,29.491333333333337,6.053999999999999,59.34799999999999,20.79133333333333,10.34,15.438666666666668,4.109333333333333,2001.0,6202.11,3787.68,609.94,2733.75,327.32,1227.56,0.02
3,161.0,31.14,34.02,26.8,90.71,31.71,20.2,24.75,6.76,2001.0,161.0,6.55,29.05,0.0,56.2,17.42,7.58,13.86,1.35,2001.0,161.0,21.323333333333334,31.195333333333338,5.500666666666668,72.10200000000002,25.644666666666673,15.109333333333332,20.151999999999997,3.6359999999999997,2001.0,5879.82,4242.86,895.31,3482.63,475.15,2179.66,0.62
4,177.0,31.25,33.73,50.36,77.89,33.83,22.21,26.93,4.78,2001.0,177.0,7.49,30.31,0.0,52.15,21.42,10.44,18.03,0.58,2001.0,177.0,23.146,32.007333333333335,7.253333333333333,61.52266666666665,28.247333333333327,17.156,22.40866666666667,2.832666666666667,2001.0,6898.1,4737.19,617.77,3377.98,334.75,1494.02,0.0
5,193.0,31.39,36.18,20.18,84.38,36.2,23.38,28.96,5.01,2001.0,193.0,8.14,29.12,0.0,44.18,27.16,15.65,21.95,1.33,2001.0,193.0,19.65666666666667,33.48733333333333,2.4586666666666663,55.80666666666666,32.20933333333333,19.99133333333333,25.754666666666658,2.6573333333333333,2001.0,7746.66,5512.99,454.84,3656.5,252.85,1051.66,0.0
6,209.0,27.72,36.4,14.68,93.25,33.61,24.02,27.87,4.33,2001.0,209.0,5.47,31.36,0.0,71.14,24.87,16.55,21.25,1.09,2001.0,209.0,20.252,34.516666666666666,2.68,79.25466666666665,29.991333333333337,21.172000000000004,25.182000000000002,2.624666666666667,2001.0,7782.8,5474.58,436.32,3596.9,242.96,1075.33,0.0
7,225.0,27.32,34.09,9.69,83.41,31.69,21.42,26.3,4.18,2001.0,225.0,2.63,27.86,0.0,51.73,20.67,11.18,17.36,1.28,2001.0,225.0,22.208000000000002,30.897333333333332,1.2486666666666666,70.08733333333333,26.663333333333334,15.449333333333334,20.86866666666667,2.7746666666666666,2001.0,7578.7,5198.06,462.15,3444.05,254.72,1040.01,0.0
8,241.0,24.34,35.5,15.54,97.13,32.58,22.05,26.42,3.71,2001.0,241.0,10.19,27.94,0.0,44.26,23.15,10.6,17.61,1.02,2001.0,241.0,19.697999999999993,31.492666666666665,3.698,71.02199999999999,27.842666666666663,15.795333333333334,21.70133333333333,2.6086666666666667,2001.0,7209.54,4876.97,520.99,3320.68,287.87,1093.36,0.0
9,257.0,23.44,32.94,27.51,91.19,27.39,16.4,20.81,4.65,2001.0,257.0,4.18,26.24,0.0,56.71,15.86,6.34,13.7,1.57,2001.0,257.0,13.62333333333334,29.64,8.046666666666667,73.51533333333333,21.755999999999993,11.404666666666667,16.609333333333332,2.976666666666666,2001.0,6425.27,4014.86,639.09,2993.1,293.07,1250.78,0.0
10,273.0,20.27,30.35,14.96,78.74,28.89,13.24,20.17,5.72,2001.0,273.0,5.29,23.69,0.0,42.5,13.14,1.83,7.84,0.71,2001.0,273.0,16.759999999999998,26.42733333333333,1.9820000000000002,59.054666666666655,19.146,6.981999999999999,12.827333333333334,2.7179999999999995,2001.0,5542.84,3392.83,773.68,2740.4,384.64,1407.81,0.0
11,289.0,15.59,30.42,14.48,91.18,22.32,11.35,16.47,6.03,2001.0,289.0,4.82,24.26,0.0,48.26,10.25,0.05,5.99,1.38,2001.0,289.0,11.685333333333336,27.358,2.9935714285714283,65.18533333333333,17.215999999999998,6.121333333333331,11.617999999999997,3.700666666666666,2001.0,4510.32,2487.24,828.02,2226.22,417.7,1679.34,0.0
12,305.0,13.79,29.02,10.19,80.26,23.01,12.45,16.03,8.82,2001.0,305.0,6.55,23.54,0.0,39.89,7.09,-6.17,1.14,1.47,2001.0,305.0,11.712,25.835333333333338,0.964,58.67666666666665,16.846666666666668,5.067333333333333,10.518000000000002,4.134666666666666,2001.0,3979.61,2261.12,975.51,2271.22,502.4,1908.81,0.0
