,DOY,INSgdmax,RADmax,RAINmax,RHmax,TMAXmax,TMINmax,Tmax,WINDmax,YEAR,DOY,INSgdmin,RADmin,RAINmin,RHmin,TMAXmin,TMINmin,Tmin,WINDmin,YEAR,DOY,INSgdmean,RADmean,RAINmean,RHmean,TMAXmean,TMINmean,Tmean,WINDmean,YEAR,NDVI,EVI,RED,NIR,BLUE,MIR,pixrel
0,113.0,27.015,30.599800000000002,14.9861,86.3887,29.2369,19.7678,23.8279,7.5794999999999995,2001.0,113.0,9.113199999999999,23.3998,0.0,34.9748,8.13,-1.0017,3.9476,1.9881,2001.0,113.0,21.61558,27.92363333333334,2.0063733333333333,54.22979999999999,21.225033333333336,8.218586666666667,14.896266666666666,4.679846666666667,2001.0,3766.83,1357.32,421.65,1152.22,263.6,615.63,10.38
1,129.0,29.416400000000003,32.6652,29.2507,93.4004,29.121900000000004,19.735100000000003,23.8532,5.616200000000001,2001.0,129.0,3.7039,28.7237,0.0,56.733799999999995,18.2655,8.2608,14.0582,1.2485,2001.0,129.0,17.760786666666665,30.727960000000003,8.174479999999999,74.61748,22.82593333333334,13.444073333333332,18.209226666666666,3.756866666666667,2001.0,4498.8,1911.36,345.76,1348.27,203.36,553.15,7.7
2,145.0,28.101400000000005,31.8694,17.2428,85.80960000000002,27.787800000000004,15.8397,20.6378,6.021800000000001,2001.0,145.0,1.0615,26.954,0.0,39.8468,14.4036,5.630199999999999,9.7052,0.8170999999999999,2001.0,145.0,15.223926666666667,29.37844666666667,4.236346666666666,62.502713333333325,20.348106666666666,9.813126666666665,14.89282,3.477053333333333,2001.0,5156.54,2426.23,352.12,1609.71,232.91,502.95,5.11
3,161.0,31.1671,33.761,22.7923,87.89789999999999,31.4162,20.9567,24.7733,5.883800000000001,2001.0,161.0,2.9530000000000003,29.065600000000003,0.0,57.45570000000001,16.9891,7.0098,13.1603,1.4939,2001.0,161.0,20.715933333333336,31.17530666666667,5.872053333333334,72.86073999999999,25.349786666666667,15.10284,20.059373333333333,3.3385599999999998,2001.0,4458.24,2494.28,589.59,1882.08,514.49,555.94,7.08
4,177.0,32.019099999999995,34.0046,41.464299999999994,82.25900000000001,32.4552,20.865099999999998,25.9684,3.7033,2001.0,177.0,5.3575,29.2357,0.0,48.1274,23.5061,9.9474,18.2222,0.589,2001.0,177.0,22.667006666666666,31.543119999999995,5.311813333333333,60.455560000000006,28.35266,16.739553333333333,22.38179333333333,2.45758,2001.0,5647.62,2943.57,307.11,1872.64,202.03,436.26,7.75
5,193.0,31.5614,36.1802,15.8036,86.6113,35.9152,24.302,28.997799999999998,4.0675,2001.0,193.0,7.914,28.6196,0.0,42.4821,28.1378,14.4957,20.9752,1.0969,2001.0,193.0,21.44208666666667,33.158746666666666,1.49508,56.09211333333334,32.105940000000004,19.747333333333334,25.605360000000005,2.3516066666666666,2001.0,6085.37,3131.25,307.52,1981.59,219.87,472.43,8.08
6,209.0,27.976600000000005,37.1931,15.952100000000002,90.23140000000001,33.354699999999994,24.1243,27.901000000000003,3.7848999999999995,2001.0,209.0,7.4893,31.4571,0.0,70.97319999999999,25.8671,16.8153,21.6592,0.5287999999999999,2001.0,209.0,19.28726,34.49364,3.465973333333334,79.0792,29.997253333333333,21.292133333333332,25.38468,2.1899466666666667,2001.0,5948.42,2901.1,287.24,1766.16,199.54,400.75,2.62
7,225.0,28.025199999999998,33.93770000000001,12.5703,80.958,32.0215,21.9514,26.4677,3.7193,2001.0,225.0,2.1265,28.049800000000005,0.0,50.2542,20.879199999999997,11.6051,18.299100000000003,1.2895999999999999,2001.0,225.0,21.81260666666666,31.02382,1.3368799999999998,68.60446666666667,26.854566666666663,15.796146666666669,21.23994666666667,2.418006666666667,2001.0,6048.53,2797.84,230.09,1708.07,141.32,352.81,10.23
8,241.0,24.5502,35.304,15.270900000000001,95.5224,32.438900000000004,21.8515,26.3554,3.3398000000000003,2001.0,241.0,6.1103000000000005,27.479300000000002,0.0,45.10549999999999,23.1714,10.909100000000002,17.4958,1.2740999999999998,2001.0,241.0,19.139333333333337,31.452186666666663,4.094353333333333,70.82377333333334,27.712346666666665,16.09084,21.880206666666666,2.4413733333333334,2001.0,5748.23,2504.04,297.75,1541.42,193.5,376.4,0.61
9,257.0,23.2444,33.70269999999999,25.2414,92.45150000000001,26.732499999999998,18.9587,22.086100000000002,4.4817,2001.0,257.0,3.1973000000000003,26.581899999999997,0.0,50.2595,18.7238,6.1,14.257100000000001,1.4768,2001.0,257.0,12.72136,29.890006666666665,7.06294,72.00562666666667,22.19688,11.731426666666664,17.096886666666663,2.7595133333333335,2001.0,5443.27,1968.94,224.5,1279.58,103.21,311.09,15.32
10,273.0,20.1873,31.1554,14.5295,77.3288,28.670700000000004,13.7287,19.3523,4.9365000000000006,2001.0,273.0,5.8337,23.3729,0.0,44.898900000000005,13.199,1.3788,7.021599999999999,1.2039,2001.0,273.0,16.71318,26.27594,2.1366999999999994,58.75138666666666,18.920093333333334,6.960073333333332,12.610353333333334,2.68476,2001.0,4553.66,1646.08,302.14,1153.01,164.37,414.55,7.71
11,289.0,15.888399999999999,31.1983,14.6583,91.0641,22.8907,11.814,16.1861,5.3322,2001.0,289.0,4.469,24.1537,0.0,46.330999999999996,10.6219,-1.4804,6.2068,1.1893,2001.0,289.0,10.98556,27.553999999999995,3.558357142857143,67.10729333333333,17.06684666666667,6.009879999999999,11.599473333333334,3.4248866666666666,2001.0,4017.93,1552.07,484.66,1282.94,290.9,554.81,3.15
12,305.0,13.7929,29.010800000000003,8.1141,76.35579999999999,24.2195,12.9702,16.6749,8.6113,2001.0,305.0,5.8337,23.332700000000003,0.0,40.007,4.9574,-4.2971,0.7445999999999999,1.6724,2001.0,305.0,11.454053333333333,25.829886666666667,1.5540466666666666,57.61542666666668,16.56463333333333,5.17788,10.570346666666667,4.043993333333333,2001.0,4140.81,1257.26,279.02,932.98,147.66,380.33,10.39
