,DOY,INSgdmax,RADmax,RAINmax,RHmax,TMAXmax,TMINmax,Tmax,WINDmax,YEAR,DOY,INSgdmin,RADmin,RAINmin,RHmin,TMAXmin,TMINmin,Tmin,WINDmin,YEAR,DOY,INSgdmean,RADmean,RAINmean,RHmean,TMAXmean,TMINmean,Tmean,WINDmean,YEAR,NDVI,EVI,RED,NIR,BLUE,MIR,pixrel
0,113.0,27.9392,30.3016,23.977600000000002,93.14240000000001,28.7588,18.3536,22.762800000000002,6.9184,2001.0,113.0,8.0456,22.6492,0.0,32.1044,4.3056,-4.2488,0.654,1.6723999999999999,2001.0,113.0,19.262693333333335,27.370586666666668,3.21248,56.34592000000001,19.153039999999997,6.275760000000001,12.95768,4.28016,2001.0,4414.26,1873.19,623.26,1597.73,318.76,1201.0,0.03
1,129.0,28.2424,31.392,26.800800000000002,90.83160000000001,28.114,18.942,22.903200000000002,5.32,2001.0,129.0,3.2523999999999997,27.252000000000002,0.0,37.1624,15.6036,6.5076,12.786000000000001,1.1236,2001.0,129.0,17.50552,30.003280000000004,8.07048,68.83429333333333,21.335679999999996,11.569733333333334,16.566133333333333,3.5936266666666667,2001.0,5504.03,2655.94,570.04,1970.87,301.27,1062.09,0.01
2,145.0,27.824800000000003,32.1624,13.697199999999999,83.02279999999999,26.8448,17.038,20.8856,5.3784,2001.0,145.0,4.4116,26.060000000000002,0.0,33.4156,9.069199999999999,4.0052,7.288400000000001,1.196,2001.0,145.0,16.402346666666666,28.593813333333337,4.205813333333333,64.18154666666666,19.11293333333333,8.98821333333333,13.975706666666667,2.851066666666667,2001.0,7218.26,4077.14,406.68,2600.23,226.24,779.23,0.0
3,161.0,31.5184,33.23,22.3736,86.89399999999999,30.924,20.0732,23.6784,5.142399999999999,2001.0,161.0,3.7708000000000004,27.831999999999997,0.0,49.2188,15.074,6.7372,12.200000000000001,1.1836,2001.0,161.0,19.665493333333334,30.563039999999994,7.020560000000001,71.42469333333332,24.259040000000002,13.53421333333333,18.784506666666665,3.1206666666666667,2001.0,7302.23,4305.35,416.69,2761.05,234.62,811.77,0.05
4,177.0,32.0092,34.4264,18.7164,77.526,32.1996,21.136400000000002,25.7684,4.130800000000001,2001.0,177.0,15.453199999999999,28.3608,0.0,42.5804,22.1004,8.0276,16.497600000000002,1.5812,2001.0,177.0,24.976240000000004,31.10813333333333,3.0590399999999995,57.09301333333334,27.577173333333334,15.528853333333334,21.632799999999996,2.8001599999999995,2001.0,7760.61,4762.74,357.78,2981.04,199.5,744.81,0.0
5,193.0,31.9608,36.3796,15.665199999999999,85.44839999999999,34.272800000000004,23.9068,27.6436,3.8076,2001.0,193.0,11.488,26.5012,0.0,41.2688,26.1268,12.5212,19.137999999999998,1.4596,2001.0,193.0,23.94376,32.05744,1.9669599999999998,53.899973333333335,31.084960000000002,18.861573333333332,24.73229333333333,2.4062133333333335,2001.0,8095.46,5342.65,339.53,3333.73,193.74,746.81,0.01
6,209.0,28.209600000000002,35.9312,18.9068,87.2512,32.6624,23.608800000000002,27.175199999999997,3.6599999999999997,2001.0,209.0,8.0384,31.001200000000004,0.0,67.0896,25.822400000000002,15.6772,20.2924,0.7867999999999999,2001.0,209.0,18.530533333333334,33.574799999999996,5.041813333333334,78.4584,28.729279999999996,19.897146666666664,24.06776,2.282213333333333,2001.0,8135.23,4958.14,300.99,3004.45,169.26,650.55,0.28
7,225.0,27.65,34.3708,21.4388,90.10159999999999,30.200000000000003,23.77,26.4604,3.5688,2001.0,225.0,3.1247999999999996,27.8804,0.0,55.7148,18.6808,8.8916,16.392400000000002,0.956,2001.0,225.0,19.876533333333334,31.024799999999995,1.8048266666666668,73.13848,25.137600000000003,14.882133333333332,19.955226666666668,2.368986666666667,2001.0,8174.79,4639.26,270.49,2740.39,150.22,594.79,0.17
8,241.0,23.8208,34.742000000000004,7.152,86.7776,29.474,20.1308,23.5236,3.7904000000000004,2001.0,241.0,8.738800000000001,27.1224,0.0,41.9508,21.4384,9.3216,16.2992,1.3516000000000001,2001.0,241.0,19.638133333333332,30.623439999999995,1.5888266666666666,70.15447999999999,26.1704,15.196933333333334,20.520853333333335,2.566613333333333,2001.0,7817.23,4189.17,300.48,2486.18,174.05,593.69,0.33
9,257.0,22.6512,32.5616,17.994,89.28000000000002,26.1408,18.012,21.129199999999997,4.0312,2001.0,257.0,4.6892,25.9508,0.0,53.2552,16.5336,5.545999999999999,12.5948,1.0943999999999998,2001.0,257.0,11.575813333333334,29.617919999999998,4.905573333333334,72.68552000000001,20.553893333333335,10.7988,15.818266666666663,2.4705600000000003,2001.0,7106.63,3489.78,370.17,2210.88,173.83,691.41,0.0
10,273.0,19.868000000000002,31.212,8.357199999999999,76.9104,29.552,11.9468,17.6108,4.330800000000001,2001.0,273.0,5.5696,22.9804,0.0,39.2788,11.176,0.13080000000000003,5.4008,1.3928,2001.0,273.0,15.684000000000001,25.863439999999994,0.99336,59.404986666666666,16.811466666666664,5.987093333333334,11.21992,2.808826666666666,2001.0,5328.89,2436.03,553.51,1834.55,273.7,737.49,0.0
11,289.0,16.0468,31.4012,12.401600000000002,93.45519999999999,19.5124,9.7888,14.7624,5.6004000000000005,2001.0,289.0,5.2528,23.1728,0.0,47.27759999999999,8.7192,-0.9468,5.316,1.0272,2001.0,289.0,10.326186666666665,26.66210666666667,2.5307714285714287,67.78242666666668,15.335040000000001,5.056853333333333,10.17312,3.2429333333333332,2001.0,4859.37,1725.14,450.96,1302.04,229.05,771.04,0.0
12,305.0,12.9404,28.2312,7.112,81.57560000000001,21.664,11.296800000000001,15.2612,9.652,2001.0,305.0,5.5832,22.8508,0.0,38.1,3.1696,-3.7452,-0.03320000000000001,1.6824,2001.0,305.0,9.79632,25.76248,1.0609866666666667,62.24813333333333,13.78048,3.9876000000000005,8.505493333333334,4.098293333333334,2001.0,4894.4,1633.06,416.67,1213.4,206.72,853.16,0.0
