,DOY,INSgdmax,RADmax,RAINmax,RHmax,TMAXmax,TMINmax,Tmax,WINDmax,YEAR,DOY,INSgdmin,RADmin,RAINmin,RHmin,TMAXmin,TMINmin,Tmin,WINDmin,YEAR,DOY,INSgdmean,RADmean,RAINmean,RHmean,TMAXmean,TMINmean,Tmean,WINDmean,YEAR,NDVI,EVI,RED,NIR,BLUE,MIR,pixrel
0,113.0,27.397,30.868000000000002,16.3465,83.822,29.656000000000002,19.528,24.192999999999998,7.5155,2001.0,113.0,11.514,23.555999999999997,0.0,34.803000000000004,8.532499999999999,-1.0305,4.122999999999999,1.8985,2001.0,113.0,22.086166666666664,28.0895,1.8712,53.42883333333333,21.449966666666665,8.3957,15.131899999999998,4.496066666666666,2001.0,4403.51,1643.34,468.35,1285.58,276.19,786.03,0.07
1,129.0,29.652500000000003,33.195499999999996,25.7065,93.417,29.011,19.8285,24.000500000000002,5.4510000000000005,2001.0,129.0,3.7715,29.041000000000004,0.0,57.6555,19.005499999999998,9.169,14.0895,1.55,2001.0,129.0,18.807599999999997,30.979733333333336,8.467933333333333,73.38456666666666,23.32246666666667,14.142199999999999,18.742800000000003,3.6673,2001.0,4857.29,1921.84,411.38,1353.59,264.21,640.1,0.0
2,145.0,28.7685,31.6905,22.17,87.602,27.758,16.0325,20.733999999999998,5.8355,2001.0,145.0,0.97,27.34,0.0,40.8535,14.3505,6.0375000000000005,9.8005,0.869,2001.0,145.0,15.776833333333336,29.469266666666663,4.424899999999999,64.44923333333332,20.3466,9.755400000000002,14.914733333333333,3.2977666666666665,2001.0,5794.41,2620.33,395.08,1712.39,263.62,611.14,0.0
3,161.0,31.037,33.924,24.455000000000002,88.4605,31.034,21.3255,25.210499999999996,5.4705,2001.0,161.0,1.8755000000000002,29.2265,0.0,58.181,16.394,7.5835,13.201999999999998,1.4965,2001.0,161.0,20.148600000000002,31.396300000000004,6.6242333333333345,73.44033333333331,25.47913333333333,15.261133333333333,20.31716666666667,3.1440666666666663,2001.0,5289.39,2609.18,526.64,1832.98,430.0,644.86,0.93
4,177.0,32.223,34.3035,39.638999999999996,81.9195,32.554,20.457,25.472499999999997,3.2225,2001.0,177.0,4.589499999999999,28.4385,0.0,49.6725,23.248,9.9115,18.262500000000003,0.7585,2001.0,177.0,22.275999999999996,31.540166666666668,5.008033333333334,61.08326666666667,28.35546666666667,16.734266666666663,22.425433333333338,2.2977000000000003,2001.0,6325.62,3076.2,360.52,1941.23,241.23,570.65,0.0
5,193.0,31.503,36.339,11.3035,85.445,35.916,24.695499999999996,29.241,3.8550000000000004,2001.0,193.0,7.2105,28.753500000000003,0.0,41.977000000000004,28.374,13.9155,21.48,0.808,2001.0,193.0,22.16296666666667,33.237566666666666,1.9210666666666671,55.99143333333333,32.2132,19.8806,25.77153333333333,2.2651,2001.0,6680.79,3003.13,361.08,1866.32,284.79,544.36,1.13
6,209.0,28.662,37.37,16.890500000000003,89.22500000000001,33.491,24.413000000000004,27.990499999999997,3.6390000000000002,2001.0,209.0,6.108499999999999,31.768,0.0,68.5475,26.518499999999996,17.638,22.284999999999997,0.4975,2001.0,209.0,19.2594,34.63413333333334,2.1458666666666666,77.95003333333335,30.4297,21.551399999999997,25.759166666666665,2.0001666666666664,2001.0,6574.0,2876.35,296.54,1723.1,213.05,468.99,0.17
7,225.0,27.966499999999996,34.277,14.3725,78.5635,32.763999999999996,22.445999999999998,26.996000000000002,3.661,2001.0,225.0,2.3705,28.115000000000002,0.0,49.69649999999999,22.724,12.206,19.2065,1.0035,2001.0,225.0,21.15853333333333,31.130399999999995,1.7643333333333335,66.23876666666666,27.613566666666667,16.314466666666668,21.933766666666667,2.2462,2001.0,6573.45,2793.13,281.68,1659.9,188.82,476.72,0.0
8,241.0,24.709,35.34,18.134500000000003,93.021,33.292500000000004,22.145,26.6935,3.4295,2001.0,241.0,6.717,27.8945,0.0,48.9285,24.009,11.9075,18.057000000000002,1.432,2001.0,241.0,19.026233333333337,31.77803333333333,4.370033333333333,70.02793333333335,28.341799999999996,16.707,22.419066666666666,2.3701,2001.0,6053.73,2801.52,395.88,1794.68,272.26,557.8,0.01
9,257.0,23.244500000000002,33.8735,27.002,91.379,27.010499999999997,20.625,23.0505,4.6225,2001.0,257.0,3.2890000000000006,26.8115,0.0,47.2095,19.4045,7.367999999999999,14.582,1.6095000000000002,2001.0,257.0,12.709166666666668,30.140100000000004,7.472000000000001,70.44603333333333,22.663533333333334,12.125233333333334,17.601199999999995,2.7038666666666664,2001.0,5587.89,1872.04,290.69,1185.59,181.51,429.71,0.02
10,273.0,20.559,31.3465,15.9965,78.89450000000001,28.4595,14.869,19.320999999999998,4.463,2001.0,273.0,5.885,23.286,0.0,44.941500000000005,13.3825,1.2355,6.981,1.0944999999999998,2001.0,273.0,16.83096666666666,26.427433333333333,2.2468666666666666,59.80966666666667,19.0591,7.1087333333333325,12.685366666666667,2.6787666666666667,2001.0,4944.34,1694.83,342.27,1146.64,223.58,478.91,0.03
11,289.0,15.798499999999997,31.393499999999996,21.071,91.32700000000001,22.924500000000002,12.4635,16.348000000000003,5.2605,2001.0,289.0,4.3365,24.6355,0.0,50.196,10.3055,-1.7805,5.9825,1.1520000000000001,2001.0,289.0,10.689733333333333,27.731166666666667,4.464928571428572,70.17733333333332,17.19256666666667,6.3414666666666655,11.7747,3.2683333333333335,2001.0,4307.65,1573.53,543.56,1320.17,359.27,495.96,1.19
12,305.0,13.898500000000002,29.417499999999997,9.8,75.103,24.229,13.2305,16.711,8.025,2001.0,305.0,6.224499999999999,23.479,0.0,43.334,5.0685,-3.354,0.907,1.7630000000000001,2001.0,305.0,11.434766666666665,25.928533333333334,1.857,57.800966666666675,16.587333333333333,5.5151666666666666,10.799533333333333,3.8440000000000003,2001.0,4728.81,1397.53,306.2,956.76,195.22,387.34,0.08
