,DOY,INSgdmax,RADmax,RAINmax,RHmax,TMAXmax,TMINmax,Tmax,WINDmax,YEAR,DOY,INSgdmin,RADmin,RAINmin,RHmin,TMAXmin,TMINmin,Tmin,WINDmin,YEAR,DOY,INSgdmean,RADmean,RAINmean,RHmean,TMAXmean,TMINmean,Tmean,WINDmean,YEAR,NDVI,EVI,RED,NIR,BLUE,MIR,pixrel
0,113.0,28.1104,31.6136,15.2776,88.6376,29.204399999999996,20.0824,23.9692,7.145599999999999,2001.0,113.0,5.8384,23.4668,0.0,30.0468,5.6888,-2.7536,2.1164,1.6948,2001.0,113.0,19.840826666666672,27.610639999999993,2.275253333333333,51.786186666666666,20.094479999999997,6.9132,13.81672,4.312106666666667,2001.0,4382.96,1943.17,646.71,1668.16,330.21,1152.63,0.29
1,129.0,29.2984,31.9968,31.2408,92.946,27.828400000000002,18.9652,22.968799999999998,5.144,2001.0,129.0,6.6396,28.1368,0.0,47.110400000000006,16.556399999999996,6.9492,12.810000000000002,1.4212,2001.0,129.0,18.721093333333336,30.404826666666665,8.146266666666666,72.59178666666666,21.991573333333335,12.760773333333331,17.497173333333333,3.4586933333333336,2001.0,5650.01,2685.3,532.54,1936.15,281.71,941.96,0.76
2,145.0,29.5136,31.774400000000004,18.6228,83.0204,27.086400000000005,17.6812,21.0224,5.140000000000001,2001.0,145.0,4.3076,26.178400000000003,0.0,34.414,10.9052,3.3876,8.2052,0.8744,2001.0,145.0,18.0504,28.539893333333332,4.809013333333333,62.88293333333334,19.47912,9.165013333333334,14.262053333333334,2.7816799999999997,2001.0,6688.91,3699.62,461.55,2453.7,249.97,879.21,0.0
3,161.0,30.028,33.533199999999994,21.530400000000004,87.83800000000001,30.171999999999997,21.264400000000002,24.662399999999995,4.9576,2001.0,161.0,2.4596,28.0496,0.0,54.541199999999996,15.518,7.2219999999999995,12.1248,1.2788000000000002,2001.0,161.0,19.75936,30.636373333333335,7.440826666666666,71.82453333333332,24.56624,14.029093333333332,19.26616,3.03656,2001.0,6780.32,3935.25,470.85,2622.58,255.09,898.18,0.05
4,177.0,32.660399999999996,34.587199999999996,17.9012,76.8908,32.0788,20.69,26.098000000000003,3.7268000000000003,2001.0,177.0,12.444399999999998,26.9392,0.0,42.241200000000006,22.902,9.015600000000001,17.357599999999998,1.118,2001.0,177.0,24.46136,31.100186666666673,2.8446399999999996,55.346720000000005,28.016266666666667,16.090133333333334,22.06458666666666,2.514666666666666,2001.0,7453.71,4512.76,385.16,2862.45,207.83,779.54,0.0
5,193.0,31.5432,36.3284,8.6652,81.2492,34.4336,23.7292,27.5932,3.2396,2001.0,193.0,10.128,27.5188,0.0,39.861599999999996,26.8588,12.170800000000002,19.776400000000002,1.0004,2001.0,193.0,23.524720000000002,32.264266666666664,1.2459466666666665,54.20952,31.278879999999997,18.705840000000002,24.801466666666666,2.1774133333333334,2001.0,7785.07,4971.95,355.3,3122.68,195.27,752.86,0.0
6,209.0,25.6024,37.453599999999994,22.47,86.6424,33.4856,24.424,27.583199999999998,3.6687999999999996,2001.0,209.0,9.888,31.2052,0.0,65.3296,26.772799999999997,16.105200000000004,21.162799999999997,0.7732000000000001,2001.0,209.0,18.944026666666666,34.07522666666667,5.151359999999999,75.69722666666667,29.706133333333334,20.625253333333326,24.960346666666666,2.0272799999999997,2001.0,7877.71,5089.89,343.91,3191.54,184.25,733.27,0.08
7,225.0,27.337999999999997,34.3532,21.782,86.9856,31.2896,23.6604,26.8404,3.272,2001.0,225.0,2.6104,27.9052,0.0,51.69800000000001,19.5552,9.4764,17.2532,0.7792,2001.0,225.0,20.562826666666666,31.2288,2.170053333333333,69.56445333333333,26.219413333333335,15.74688,21.00450666666666,2.225093333333333,2001.0,7925.09,4305.34,259.08,2521.71,142.21,558.57,0.18
8,241.0,24.308799999999998,34.8932,11.361600000000001,89.62400000000001,30.916400000000003,21.5452,24.910000000000004,3.3712000000000004,2001.0,241.0,5.5668,27.5264,0.0,46.762800000000006,23.1296,10.4032,16.7952,1.3476000000000001,2001.0,241.0,18.727146666666666,30.86856,2.942640000000001,69.59005333333334,26.846773333333335,15.943706666666667,21.199039999999997,2.3688533333333335,2001.0,7749.98,4052.97,270.0,2379.43,147.03,563.11,0.08
9,257.0,22.9784,33.4184,16.552400000000002,89.1152,26.272000000000002,20.1344,22.2188,4.2136000000000005,2001.0,257.0,4.7516,26.2364,0.0,51.5136,17.484,6.8124,13.3636,1.3392000000000002,2001.0,257.0,11.794746666666665,29.713599999999996,6.774693333333334,71.17746666666666,21.36984,11.78562666666667,16.72002666666667,2.5987199999999997,2001.0,7135.79,3673.64,365.38,2304.84,183.36,720.57,0.0
10,273.0,20.1688,31.349600000000002,18.2164,81.18639999999999,29.08,13.1412,18.159599999999998,3.9299999999999997,2001.0,273.0,5.506399999999999,22.9116,0.0,37.8492,12.2544,-0.20119999999999996,6.055199999999999,1.0616,2001.0,273.0,16.05024,25.962639999999997,1.9504266666666665,59.61399999999998,17.43306666666667,6.47264,11.772986666666668,2.75608,2001.0,5657.74,2487.38,471.3,1748.53,243.21,717.89,0.0
11,289.0,15.646799999999999,31.389999999999997,13.1816,94.3304,20.917199999999998,11.654399999999999,15.491999999999999,5.338799999999999,2001.0,289.0,5.0528,23.921599999999998,0.0,45.7776,9.4024,-1.0212,5.6472,1.2752000000000001,2001.0,289.0,10.301440000000001,27.254853333333333,3.069628571428572,68.46765333333333,16.070453333333333,5.990986666666668,10.915093333333335,3.2114133333333337,2001.0,5224.81,1840.73,404.39,1304.84,205.54,704.49,0.04
12,305.0,13.0484,28.453600000000005,8.524799999999999,80.01320000000001,23.012,12.122399999999999,16.7044,8.6432,2001.0,305.0,5.766400000000001,23.4004,0.0,38.348800000000004,3.8480000000000003,-3.2251999999999996,0.7396000000000001,2.0303999999999998,2001.0,305.0,10.032533333333332,26.256240000000002,1.1828533333333333,58.757093333333344,14.950239999999999,4.549519999999999,9.52336,3.9534933333333333,2001.0,5118.15,1730.52,401.81,1245.02,202.48,747.96,0.01
