,DOY,INSgdmax,RADmax,RAINmax,RHmax,TMAXmax,TMINmax,Tmax,WINDmax,YEAR,DOY,INSgdmin,RADmin,RAINmin,RHmin,TMAXmin,TMINmin,Tmin,WINDmin,YEAR,DOY,INSgdmean,RADmean,RAINmean,RHmean,TMAXmean,TMINmean,Tmean,WINDmean,YEAR,NDVI,EVI,RED,NIR,BLUE,MIR,pixrel
0,113.0,27.9112,31.685200000000002,14.429599999999999,83.2448,29.5212,19.5464,24.4232,7.82,2001.0,113.0,12.825200000000002,23.954,0.0,32.4704,9.184000000000001,-0.6724000000000001,4.8028,2.002,2001.0,113.0,22.005679999999998,28.375626666666665,1.8377333333333334,52.088186666666665,21.774826666666662,8.93632,15.690586666666665,4.380853333333333,2001.0,5319.26,1971.54,387.22,1355.26,224.3,728.66,0.02
1,129.0,28.954800000000002,33.56999999999999,36.059200000000004,90.97919999999999,30.4424,20.348,24.934800000000003,5.543200000000001,2001.0,129.0,3.092,28.5044,0.0,48.888000000000005,20.465200000000003,10.193599999999998,15.5284,1.8376000000000001,2001.0,129.0,20.097226666666668,31.204346666666666,7.15008,66.76957333333333,24.82626666666667,15.295439999999996,20.03488,3.7237333333333327,2001.0,5516.94,2054.97,354.4,1343.46,226.12,592.08,0.0
2,145.0,28.9256,32.2004,26.315199999999997,94.5772,27.8528,17.0964,21.2932,5.8624,2001.0,145.0,0.97,28.4204,0.0,44.302400000000006,14.2232,6.1356,10.461599999999999,1.1476,2001.0,145.0,16.794160000000005,30.02245333333334,3.9040799999999996,65.37778666666667,20.60328,10.063066666666668,15.412026666666666,3.317706666666666,2001.0,6170.78,2674.69,368.19,1699.03,234.78,623.28,0.0
3,161.0,30.440000000000005,34.6216,29.610799999999998,90.3568,31.011199999999995,21.634,25.65,5.2256,2001.0,161.0,5.0656,29.2752,0.0,59.172799999999995,15.8512,8.3792,13.738399999999999,1.4644,2001.0,161.0,19.86016,31.65128,5.293573333333333,73.26626666666667,26.148053333333333,15.731253333333331,21.001760000000004,2.98592,2001.0,5663.85,2722.2,543.31,1905.86,412.97,742.8,1.14
4,177.0,31.6152,34.9112,38.16,77.0156,33.356,21.389200000000002,25.6132,2.9812,2001.0,177.0,5.139200000000001,27.959600000000002,0.0,48.7224,23.4264,10.7164,18.424,0.9344,2001.0,177.0,22.18136,31.612666666666662,3.6298133333333333,61.65450666666668,28.583573333333334,16.904426666666666,22.642293333333335,2.119013333333333,2001.0,6863.29,3116.74,318.23,1897.36,197.23,595.48,0.0
5,193.0,31.1,36.5452,14.5216,83.8896,35.998400000000004,24.846400000000003,29.6316,4.3355999999999995,2001.0,193.0,7.6499999999999995,29.1348,0.0,40.15560000000001,28.5532,13.801200000000001,22.588,0.6703999999999999,2001.0,193.0,22.302906666666665,33.44064,3.1010933333333335,55.184799999999996,32.527120000000004,20.162666666666667,26.18992,2.25224,2001.0,6486.38,3061.73,352.68,1852.1,280.88,552.32,0.63
6,209.0,27.9932,37.325199999999995,29.8144,91.3304,34.248400000000004,24.433999999999997,28.3724,3.374,2001.0,209.0,6.4948,32.3548,0.0,67.8652,26.8224,18.7256,23.2772,0.5364,2001.0,209.0,19.369680000000002,34.979626666666675,3.7420533333333337,76.89565333333333,31.09634666666667,22.066773333333334,26.27634666666667,1.8825866666666664,2001.0,7170.35,3088.52,278.28,1788.28,194.78,480.58,0.5
7,225.0,27.8296,34.5352,9.826,72.3988,33.4744,23.518,27.5796,3.6936,2001.0,225.0,5.1728000000000005,28.3504,0.0,48.0012,25.692,13.4888,20.3212,0.8608,2001.0,225.0,21.123146666666667,31.538506666666667,1.8145599999999997,62.25581333333333,28.815519999999996,17.34768,23.04026666666666,2.1479733333333333,2001.0,7010.18,2839.38,245.44,1622.22,168.31,457.99,0.0
8,241.0,24.595200000000002,35.8344,26.525599999999997,89.244,34.6328,22.892,27.473599999999998,3.7424,2001.0,241.0,9.058,28.2112,0.0,54.647999999999996,25.3916,13.5432,19.0612,1.4971999999999999,2001.0,241.0,19.026133333333334,32.194986666666665,4.97088,68.78021333333335,29.260159999999992,17.792746666666666,23.35906666666667,2.3296533333333334,2001.0,6563.38,2909.73,323.43,1750.79,225.38,520.49,0.0
9,257.0,23.45,34.526,18.757599999999996,89.8772,27.541200000000003,21.214399999999998,24.187199999999997,5.0291999999999994,2001.0,257.0,3.5911999999999997,27.089600000000004,0.0,46.724,19.86,8.2316,15.1948,1.6687999999999998,2001.0,257.0,13.5016,30.58688,5.664906666666666,70.22754666666667,23.368133333333333,12.717893333333333,18.225359999999995,2.671946666666666,2001.0,6413.86,2076.46,243.83,1230.71,141.58,404.9,0.0
10,273.0,20.7796,31.6296,22.8692,82.7952,28.112000000000002,16.0624,20.223599999999998,4.4096,2001.0,273.0,4.8992,23.0,0.0,44.2828,13.0404,1.444,7.4376,0.9056,2001.0,273.0,16.496693333333333,26.67928,2.434346666666667,62.625173333333336,19.15853333333333,7.591866666666666,13.007386666666665,2.7282133333333327,2001.0,5787.31,1832.29,271.97,1128.68,176.58,408.3,0.0
11,289.0,16.0596,31.879599999999996,30.927599999999998,93.424,22.584000000000003,13.0732,17.0504,5.271599999999999,2001.0,289.0,4.9948,24.5644,0.0,59.9704,9.7616,-1.3476000000000001,5.538799999999999,1.3452,2001.0,289.0,10.90256,27.902746666666665,6.144371428571429,75.07514666666667,17.38056,7.25624,12.379146666666664,3.201093333333333,2001.0,6005.22,1757.83,248.08,1068.46,148.98,365.61,0.03
12,305.0,13.873999999999999,30.3556,9.8356,74.0248,23.6076,13.3692,16.5664,7.521199999999999,2001.0,305.0,6.0356,24.0156,0.0,45.8,5.8456,-2.38,1.3444,1.9100000000000001,2001.0,305.0,11.487093333333332,26.277839999999998,1.2522133333333332,58.768906666666666,16.730693333333335,5.97504,11.173813333333333,3.6417333333333337,2001.0,5760.43,1683.72,245.15,1015.25,171.91,284.95,0.0
