,DOY,INSgdmax,RADmax,RAINmax,RHmax,TMAXmax,TMINmax,Tmax,WINDmax,YEAR,DOY,INSgdmin,RADmin,RAINmin,RHmin,TMAXmin,TMINmin,Tmin,WINDmin,YEAR,DOY,INSgdmean,RADmean,RAINmean,RHmean,TMAXmean,TMINmean,Tmean,WINDmean,YEAR,NDVI,EVI,RED,NIR,BLUE,MIR,pixrel
0,113.0,27.118,31.4864,45.1304,93.2808,30.207999999999995,14.9504,22.5692,9.0316,2001.0,113.0,1.312,22.811600000000002,0.0,37.7216,4.2512,-3.5631999999999997,0.33960000000000007,2.3087999999999997,2001.0,113.0,19.20933333333333,26.553013333333336,5.2180800000000005,63.40167999999999,17.31330666666667,5.318160000000001,11.3472,4.835413333333333,2001.0,3721.54,2021.17,906.11,2056.12,471.46,1997.09,0.02
1,129.0,30.029999999999994,31.616,13.893200000000002,85.99719999999999,33.3328,19.1976,26.064000000000004,6.699199999999999,2001.0,129.0,4.0908,27.445999999999998,0.0,37.7576,16.242,5.3104000000000005,11.636000000000001,2.2939999999999996,2001.0,129.0,17.049680000000002,29.6348,4.12216,57.02877333333333,23.20392,10.555066666666665,17.1028,4.41352,2001.0,4630.66,2434.26,719.4,2061.98,374.42,1487.01,0.14
2,145.0,28.442,31.951999999999998,15.837599999999998,89.05080000000001,26.02,16.244,21.0412,7.240399999999999,2001.0,145.0,5.6655999999999995,27.37,0.0,37.1388,10.9516,3.9996,8.404,0.9008000000000002,2001.0,145.0,16.659546666666667,29.261173333333332,3.882320000000001,56.06170666666666,20.368026666666665,10.005759999999999,15.4168,4.262560000000001,2001.0,6103.41,3653.44,598.84,2649.43,315.2,1370.33,0.05
3,161.0,31.805200000000003,34.5952,24.7644,93.9692,31.469199999999997,18.684400000000004,24.016800000000003,5.6784,2001.0,161.0,4.9084,29.2784,0.0,45.46639999999999,17.1036,7.6332,14.2552,1.2884000000000002,2001.0,161.0,20.066239999999993,30.982000000000003,4.552320000000001,67.0044,24.706000000000003,13.055386666666669,18.964106666666662,3.6294133333333325,2001.0,6206.01,3837.13,622.74,2806.26,325.9,1494.83,0.21
4,177.0,30.400000000000002,34.269600000000004,21.523600000000002,71.9268,35.8436,22.3456,28.7192,7.679600000000001,2001.0,177.0,8.127199999999998,29.783199999999997,0.0,42.696,21.974,10.238000000000001,16.385199999999998,1.3864,2001.0,177.0,23.07845333333333,32.129839999999994,4.18328,54.626160000000006,28.687973333333336,16.93509333333333,22.486453333333333,3.918373333333333,2001.0,7044.22,4647.14,556.14,3237.51,289.62,1255.35,0.0
5,193.0,30.8236,35.8868,15.1724,85.34400000000001,34.9804,22.9604,26.864399999999996,5.334,2001.0,193.0,15.7636,27.7616,0.0,41.808800000000005,24.9568,14.205599999999999,21.2144,0.7143999999999999,2001.0,193.0,22.536479999999997,32.94810666666667,4.13936,55.670453333333334,31.469466666666666,18.812000000000005,24.884906666666666,2.8481600000000005,2001.0,7624.73,5199.22,454.07,3469.13,234.85,926.86,0.0
6,209.0,28.0032,36.18879999999999,17.282,95.34880000000001,32.7164,22.876400000000004,27.084000000000003,6.1996,2001.0,209.0,4.5736,30.906400000000005,0.0,72.902,22.4256,14.372399999999999,19.198800000000002,2.2984,2001.0,209.0,19.277386666666665,33.57042666666667,2.6053333333333337,84.45589333333334,27.646266666666666,19.00104,23.00274666666667,3.4839466666666663,2001.0,7457.11,5208.63,508.45,3554.47,270.46,992.9,0.07
7,225.0,27.8516,33.6332,9.8168,91.07000000000001,30.8132,20.8828,25.016799999999996,5.1968000000000005,2001.0,225.0,5.0935999999999995,27.2584,0.0,64.1644,18.7508,8.79,13.436399999999999,1.4144,2001.0,225.0,21.185519999999993,30.474266666666672,1.4446933333333334,76.32909333333333,25.273333333333337,14.054133333333334,19.315040000000003,3.276026666666667,2001.0,6522.57,4061.26,622.55,2953.28,300.25,1166.98,0.0
8,241.0,24.9236,33.9752,12.325199999999999,95.00919999999999,31.6252,18.0968,24.1252,5.9704,2001.0,241.0,8.555200000000001,27.0884,0.0,49.377199999999995,22.567999999999998,9.68,16.192,1.3008000000000002,2001.0,241.0,20.132986666666664,30.791013333333343,1.3831999999999998,70.41218666666667,27.243786666666665,14.9784,20.678933333333333,3.48848,2001.0,6193.56,3838.27,692.14,2900.14,335.11,1257.7,0.03
9,257.0,22.881999999999998,32.5668,23.156,94.1032,28.2464,14.6256,19.3076,5.0816,2001.0,257.0,2.7948000000000004,25.5512,0.0,50.001200000000004,12.7824,1.8068000000000002,8.717199999999998,1.1652,2001.0,257.0,13.062266666666668,28.69874666666666,6.246826666666666,77.84605333333334,18.620533333333334,9.896586666666666,14.119786666666666,2.9723466666666667,2001.0,5370.05,2909.82,701.52,2317.18,343.25,1293.91,0.03
10,273.0,19.7648,28.4564,5.280799999999999,83.87440000000001,31.101599999999998,12.006,19.8476,5.894799999999999,2001.0,273.0,7.293199999999999,24.784,0.0,42.763999999999996,11.1228,0.0556,6.2252,1.0136,2001.0,273.0,16.00184,26.07354666666667,0.6382666666666665,66.29658666666667,16.934533333333334,6.005173333333333,11.152186666666664,3.085866666666667,2001.0,4616.19,2575.05,840.93,2299.75,422.49,1594.73,0.0
11,289.0,16.7236,29.998399999999997,6.449999999999999,93.4292,18.1992,9.4336,13.6068,6.474399999999999,2001.0,289.0,4.6832,21.8564,0.0,48.898799999999994,8.4548,1.258,4.5224,1.8719999999999999,2001.0,289.0,11.596613333333332,25.91472,1.0672,64.39213333333333,15.436266666666665,4.226639999999999,9.646159999999998,4.116213333333333,2001.0,3986.47,2057.71,856.04,2009.29,430.91,1587.05,0.02
12,305.0,12.204799999999999,28.146800000000002,4.4888,90.5012,21.7712,8.2836,13.0224,9.6248,2001.0,305.0,6.2888,22.3032,0.0,42.976,4.655200000000001,-6.055999999999999,-0.4295999999999999,1.8463999999999998,2001.0,305.0,10.26616,25.432479999999998,0.8764266666666667,64.48781333333334,13.21968,2.74456,7.213146666666667,4.583413333333334,2001.0,3527.33,1819.62,916.3,1943.55,464.92,1645.44,0.0
