,DOY,INSgdmax,RADmax,RAINmax,RHmax,TMAXmax,TMINmax,Tmax,WINDmax,YEAR,DOY,INSgdmin,RADmin,RAINmin,RHmin,TMAXmin,TMINmin,Tmin,WINDmin,YEAR,DOY,INSgdmean,RADmean,RAINmean,RHmean,TMAXmean,TMINmean,Tmean,WINDmean,YEAR,NDVI,EVI,RED,NIR,BLUE,MIR,pixrel
0,113.0,27.14,31.03,22.34,91.72,29.79,18.54,23.13,7.99,2001.0,113.0,7.42,24.12,0.0,37.3,8.55,-1.38,3.76,2.06,2001.0,113.0,20.74666666666667,27.614,3.22,56.14866666666665,21.31266666666667,8.113333333333333,14.748,5.051333333333334,2001.0,3217.63,2113.55,1431.32,2786.94,703.24,3060.26,0.01
1,129.0,29.63,32.36,30.89,93.23,30.51,18.89,23.65,6.58,2001.0,129.0,1.87,28.91,0.0,49.07,15.66,7.18,12.52,1.77,2001.0,129.0,18.934,30.60000000000001,5.753333333333334,72.992,22.764,12.185333333333336,17.71333333333333,4.350666666666667,2001.0,3743.53,2467.81,1307.19,2859.76,647.44,2883.58,0.12
2,145.0,27.22,32.18,23.85,82.24,28.42,15.15,21.68,6.9,2001.0,145.0,2.02,26.28,0.0,33.12,14.13,6.58,10.98,1.64,2001.0,145.0,16.815333333333335,29.4,5.710666666666666,56.18266666666668,21.40533333333333,10.780666666666667,16.088,4.523333333333334,2001.0,4528.21,2900.27,1067.03,2825.24,542.66,2137.2,0.06
3,161.0,31.1,34.81,17.8,91.37,31.71,19.87,24.92,7.22,2001.0,161.0,5.36,28.98,0.0,50.45,17.98,9.37,14.38,1.22,2001.0,161.0,20.998,31.519333333333336,4.0633333333333335,71.124,25.784000000000002,14.961333333333332,20.215999999999998,3.759333333333333,2001.0,4736.64,3124.9,1076.63,2984.91,553.26,2213.28,0.56
4,177.0,31.9,33.84,44.28,76.0,34.82,22.02,27.49,5.8,2001.0,177.0,10.66,29.88,0.0,48.24,19.68,11.45,17.16,0.7,2001.0,177.0,23.616666666666664,31.93933333333333,5.502666666666666,60.38599999999999,28.570666666666668,17.358666666666668,22.685333333333332,3.2033333333333327,2001.0,6855.34,5045.52,696.56,3746.56,372.89,1595.38,0.0
5,193.0,30.85,36.79,29.13,84.19,36.62,22.7,28.87,5.37,2001.0,193.0,10.19,30.53,0.0,45.42,27.25,16.21,22.94,1.16,2001.0,193.0,19.699333333333335,33.666000000000004,3.9846666666666666,55.62133333333333,32.404666666666664,20.106666666666666,25.942666666666664,2.832666666666667,2001.0,8146.73,6313.1,423.71,4221.46,232.89,998.3,0.03
6,209.0,28.4,36.18,12.25,94.29,33.57,23.95,27.58,4.97,2001.0,209.0,6.66,30.96,0.0,70.15,24.9,16.42,21.03,1.18,2001.0,209.0,20.88866666666667,34.43733333333333,1.7719999999999998,79.45466666666668,29.933333333333334,20.913333333333334,25.031999999999996,2.9099999999999993,2001.0,8224.93,6195.01,387.08,4061.67,211.98,956.24,0.14
7,225.0,27.79,34.24,8.06,82.2,31.98,21.77,26.39,4.53,2001.0,225.0,5.33,27.58,0.0,52.42,20.19,10.99,16.73,1.08,2001.0,225.0,22.324666666666666,30.997999999999994,1.0286666666666666,70.04866666666666,26.910666666666668,15.328666666666669,20.898666666666667,2.9993333333333334,2001.0,8090.66,5930.96,401.46,3879.51,220.2,901.59,0.0
8,241.0,24.08,35.32,18.62,96.44,32.93,22.22,26.44,4.29,2001.0,241.0,9.86,27.65,0.0,49.25,23.44,11.47,17.62,1.33,2001.0,241.0,19.800666666666665,31.442666666666653,3.726666666666666,70.42000000000002,28.195333333333334,15.891999999999998,21.864,2.758000000000001,2001.0,7570.91,5273.18,480.02,3536.57,262.55,927.01,0.0
9,257.0,23.51,32.8,22.47,93.32,27.66,15.52,20.99,5.07,2001.0,257.0,4.86,25.99,0.0,49.93,14.79,6.58,13.01,1.83,2001.0,257.0,14.48,29.484,5.906666666666667,73.81533333333333,21.422000000000004,11.443333333333333,16.412,3.1906666666666665,2001.0,6241.95,3561.98,590.32,2607.68,270.24,1065.92,0.0
10,273.0,20.27,30.24,14.25,80.81,29.45,13.76,20.83,6.0,2001.0,273.0,5.44,24.05,0.0,41.12,13.22,2.33,8.17,0.92,2001.0,273.0,16.833333333333332,26.422000000000008,1.5146666666666666,60.423999999999985,19.276666666666667,7.073333333333334,12.963999999999999,2.817333333333333,2001.0,4943.96,2724.78,781.77,2335.25,370.26,1445.61,0.0
11,289.0,16.99,30.28,10.18,90.74,21.47,11.25,16.79,6.63,2001.0,289.0,4.9,23.94,0.0,47.87,10.11,1.09,5.78,1.32,2001.0,289.0,12.204,27.11066666666667,1.680714285714286,63.972,17.351333333333333,6.155333333333333,11.553999999999998,3.8313333333333337,2001.0,3376.74,1887.15,1091.92,2199.27,537.54,1982.87,0.0
12,305.0,13.36,29.12,7.06,83.96,22.67,11.77,15.43,8.56,2001.0,305.0,6.62,23.33,0.0,41.0,7.6,-7.57,1.7,1.4,2001.0,305.0,11.805333333333333,25.749333333333333,1.142,59.76466666666666,16.71466666666667,4.914,10.330666666666666,4.093999999999999,2001.0,2994.6,1778.3,1268.54,2351.37,625.97,2280.82,0.0
