,DOY,INSgdmax,RADmax,RAINmax,RHmax,TMAXmax,TMINmax,Tmax,WINDmax,YEAR,DOY,INSgdmin,RADmin,RAINmin,RHmin,TMAXmin,TMINmin,Tmin,WINDmin,YEAR,DOY,INSgdmean,RADmean,RAINmean,RHmean,TMAXmean,TMINmean,Tmean,WINDmean,YEAR,NDVI,EVI,RED,NIR,BLUE,MIR,pixrel
0,113.0,27.722,30.532000000000004,24.596799999999998,94.10759999999999,28.854,17.1548,23.0976,7.545599999999999,2001.0,113.0,6.6548,22.871199999999998,0.0,34.2316,4.6624,-3.5328000000000004,0.7776000000000001,1.8179999999999998,2001.0,113.0,18.45912,27.25208,2.7832266666666667,58.57306666666667,19.099493333333335,6.353199999999999,12.892853333333331,4.625413333333333,2001.0,4222.81,1779.34,647.71,1576.62,330.23,1114.93,0.07
1,129.0,28.511999999999997,32.08839999999999,23.2224,90.802,28.5972,19.0808,23.078400000000002,6.1952,2001.0,129.0,2.9068000000000005,28.5428,0.0,38.626,15.878,5.4568,12.3636,1.1392,2001.0,129.0,16.76517333333333,30.10514666666667,6.224080000000001,67.12909333333333,21.811626666666665,11.161840000000002,16.675386666666668,3.999626666666667,2001.0,4518.83,2115.5,654.3,1826.15,310.99,1169.21,5.11
2,145.0,26.9096,32.290000000000006,16.996399999999998,81.492,27.646,16.910800000000002,21.58,6.0847999999999995,2001.0,145.0,3.8212,26.2912,0.0,34.582,9.674,4.4456,7.8444,1.3823999999999999,2001.0,145.0,15.639679999999998,28.76469333333334,5.102666666666667,63.99290666666667,19.342133333333337,8.990986666666664,14.16496,3.2826399999999993,2001.0,6210.65,2959.21,440.22,1985.67,237.83,743.23,2.58
3,161.0,30.312,34.138400000000004,21.0872,89.712,31.6372,19.6984,23.8196,6.0127999999999995,2001.0,161.0,5.4504,27.9608,0.0,47.788,15.2636,7.26,13.0672,1.3708,2001.0,161.0,20.311973333333334,30.65213333333334,5.45936,70.76957333333334,24.498933333333333,13.69477333333333,18.98976,3.4390666666666663,2001.0,3376.31,2353.29,2164.39,3546.11,1946.61,1718.39,5.1
4,177.0,31.2716,34.4108,23.924,73.3188,33.4532,21.691200000000002,27.212,5.2252,2001.0,177.0,12.5896,29.2588,0.0,43.478,22.0068,9.6432,16.8204,1.9659999999999997,2001.0,177.0,25.175013333333332,31.433466666666668,2.4831733333333337,57.18277333333334,27.905733333333334,15.921653333333333,21.861173333333333,3.1080000000000005,2001.0,7253.52,4354.57,414.56,2801.1,227.43,776.39,0.06
5,193.0,31.8928,35.9908,7.300000000000001,89.12,34.509600000000006,23.1372,27.5416,4.6532,2001.0,193.0,10.9192,26.6504,0.0,42.1092,26.144000000000002,13.7804,19.348399999999998,1.3248,2001.0,193.0,22.987066666666664,32.45061333333333,1.1253333333333333,55.10709333333333,31.214480000000005,19.00552,24.76768,2.5618133333333333,2001.0,7629.31,4585.1,321.77,2854.16,169.65,651.19,5.26
6,209.0,27.0484,36.0144,15.1396,88.3964,32.402,23.8288,26.927200000000003,4.386,2001.0,209.0,6.7712,30.611200000000004,0.0,71.9188,24.301199999999998,15.163200000000002,19.763199999999998,1.4384000000000001,2001.0,209.0,18.17162666666667,33.66637333333333,4.55584,81.61983999999998,28.27909333333333,19.946080000000002,23.772373333333334,2.6510933333333333,2001.0,7601.02,4038.31,265.76,2407.49,141.74,534.45,5.11
7,225.0,27.849599999999995,34.169200000000004,13.665199999999999,91.1848,29.927999999999997,23.0268,26.0972,4.0564,2001.0,225.0,4.4908,27.002,0.0,58.447599999999994,19.139200000000002,9.8976,15.6464,1.2132,2001.0,225.0,20.17784,30.80853333333333,1.3904533333333333,75.38194666666666,24.635333333333335,14.51906666666667,19.509199999999996,2.6336266666666672,2001.0,7404.08,3870.4,291.11,2349.94,150.14,584.01,5.1
8,241.0,24.368,34.7,12.9504,90.77799999999999,29.666000000000004,19.64,23.397999999999996,4.2852,2001.0,241.0,9.7272,27.377599999999997,0.0,40.3868,21.201999999999998,8.9836,15.8124,1.0812000000000002,2001.0,241.0,19.990106666666666,30.565173333333338,2.3701866666666667,70.85762666666668,26.321680000000004,14.759653333333336,20.434720000000002,2.8188266666666673,2001.0,7125.44,3712.84,336.26,2316.99,174.71,622.01,5.76
9,257.0,23.050399999999996,32.9092,16.552,93.0284,25.802400000000002,16.659599999999998,20.352,4.284800000000001,2001.0,257.0,3.96,26.159599999999998,0.0,57.6944,15.844000000000001,4.112,13.120000000000001,1.2296,2001.0,257.0,11.641013333333333,29.4968,4.7698133333333335,73.83117333333333,20.169706666666663,10.47672,15.457173333333335,2.7157600000000004,2001.0,6319.98,2766.66,369.31,1829.97,160.21,655.86,5.1
10,273.0,19.7712,30.1648,7.598800000000001,78.078,29.9116,11.236,18.2188,5.1632,2001.0,273.0,5.4196,23.0092,0.0,40.621199999999995,11.761199999999999,0.7771999999999999,5.6388,1.3304,2001.0,273.0,15.805279999999996,25.870373333333333,0.9582133333333331,60.068133333333336,17.252399999999998,5.837706666666666,11.267626666666668,2.927573333333333,2001.0,5581.61,2363.07,449.87,1672.52,222.71,769.54,2.58
11,289.0,16.369600000000002,31.2604,7.063599999999999,92.8204,19.7956,10.436,14.9108,5.9952,2001.0,289.0,5.1212,22.9784,0.0,47.489999999999995,9.2828,-0.9335999999999999,5.5032,1.5575999999999999,2001.0,289.0,10.400053333333334,26.659039999999997,1.5210571428571429,66.44053333333335,15.476079999999998,4.899093333333334,10.249306666666667,3.5734933333333334,2001.0,4479.76,1894.99,575.42,1602.89,268.97,988.73,5.5
12,305.0,12.639199999999999,28.349599999999995,5.349600000000001,84.3588,20.943600000000004,11.114799999999999,14.5012,10.5144,2001.0,305.0,5.5120000000000005,23.000799999999998,0.0,39.526399999999995,3.2624000000000004,-4.5664,-0.31720000000000004,1.5324,2001.0,305.0,9.776400000000002,25.85754666666667,1.02312,63.266799999999996,13.833839999999999,3.88408,8.39776,4.452693333333333,2001.0,4619.35,1677.04,463.31,1339.29,211.46,900.43,5.1
