,DOY,INSgdmax,RADmax,RAINmax,RHmax,TMAXmax,TMINmax,Tmax,WINDmax,YEAR,DOY,INSgdmin,RADmin,RAINmin,RHmin,TMAXmin,TMINmin,Tmin,WINDmin,YEAR,DOY,INSgdmean,RADmean,RAINmean,RHmean,TMAXmean,TMINmean,Tmean,WINDmean,YEAR,NDVI,EVI,RED,NIR,BLUE,MIR,pixrel
0,113.0,27.71,30.520000000000003,24.79,94.155,28.845,17.075,23.085,7.522499999999999,2001.0,113.0,6.5975,22.869999999999997,0.0,34.285,4.592499999999999,-3.5475,0.7125,1.815,2001.0,113.0,18.406499999999998,27.247999999999998,2.783666666666667,58.68266666666668,19.049333333333337,6.316,12.847333333333331,4.614333333333334,2001.0,3775.41,1705.06,654.56,1569.79,386.02,933.87,3.3
1,129.0,28.4925,32.095,22.98,90.7525,28.5675,19.0625,23.055,6.199999999999999,2001.0,129.0,2.9275,28.5275,0.0,38.2675,15.8975,5.38,12.337499999999999,1.1425,2001.0,129.0,16.767333333333333,30.090666666666667,6.210500000000001,66.99183333333333,21.796666666666667,11.129000000000001,16.650666666666666,3.9986666666666677,2001.0,4490.67,2063.91,473.59,1680.27,221.51,841.36,18.29
2,145.0,26.9,32.29,17.134999999999998,81.58500000000001,27.6325,16.9,21.572500000000005,6.08,2001.0,145.0,3.7975000000000003,26.305,0.0,34.5925,9.635,4.43,7.8,1.3875,2001.0,145.0,15.665,28.757833333333334,5.094666666666666,64.08366666666667,19.315833333333337,8.970166666666666,14.145000000000001,3.2734999999999994,2001.0,6038.78,2933.05,328.1,1905.38,189.95,552.81,10.35
3,161.0,30.2925,34.1375,21.185,89.72999999999999,31.63,19.675,23.802500000000002,6.005000000000001,2001.0,161.0,5.452500000000001,27.935,0.0,47.747499999999995,15.2075,7.2675,13.06,1.3675,2001.0,161.0,20.28483333333334,30.646833333333337,5.4335,70.77233333333334,24.47433333333333,13.66883333333333,18.967,3.4351666666666665,2001.0,3959.84,2464.5,1163.44,2700.82,992.73,1156.65,27.33
4,177.0,31.25,34.42250000000001,23.6225,73.2075,33.4775,21.697499999999998,27.222500000000004,5.245,2001.0,177.0,12.467500000000001,29.26,0.0,43.37,22.004999999999995,9.629999999999999,16.7925,1.9974999999999996,2001.0,177.0,25.20433333333333,31.425166666666666,2.4093333333333335,57.120333333333335,27.895833333333332,15.912333333333333,21.85333333333333,3.119500000000001,2001.0,6600.4,4070.27,389.07,2645.94,223.69,660.56,2.78
5,193.0,31.884999999999998,35.9725,7.0375,89.105,34.5,23.1225,27.52,4.655,2001.0,193.0,10.959999999999999,26.63,0.0,42.0975,26.0975,13.774999999999999,19.3175,1.3275,2001.0,193.0,23.072166666666664,32.43233333333333,1.1018333333333332,55.069833333333335,31.200500000000005,18.9955,24.754500000000004,2.5653333333333332,2001.0,6738.31,4128.58,223.61,2651.05,89.85,509.38,22.98
6,209.0,27.0625,35.97,15.145,88.325,32.3975,23.814999999999998,26.92,4.395,2001.0,209.0,6.74,30.6175,0.0,71.815,24.285,15.157499999999999,19.735,1.4525000000000001,2001.0,209.0,18.15866666666667,33.64583333333333,4.5435,81.63549999999998,28.25483333333333,19.917,23.744833333333336,2.655833333333333,2001.0,6944.36,3965.3,276.37,2393.39,166.59,491.77,2.62
7,225.0,27.847499999999997,34.18000000000001,13.8125,91.3675,29.917499999999997,23.0175,26.0825,4.06,2001.0,225.0,4.592500000000001,26.990000000000002,0.0,58.585,19.12,9.8925,15.6125,1.2075,2001.0,225.0,20.1575,30.803833333333333,1.3898333333333333,75.44816666666667,24.611333333333334,14.499666666666668,19.488,2.634166666666667,2001.0,6760.59,3636.88,171.52,2241.65,56.46,418.34,23.0
8,241.0,24.372500000000002,34.6925,12.892499999999998,90.625,29.6525,19.565,23.3425,4.305,2001.0,241.0,9.907499999999999,27.380000000000003,0.0,40.4225,21.16,8.9575,15.780000000000001,1.08,2001.0,241.0,20.033166666666666,30.556333333333335,2.322666666666666,70.84516666666667,26.304000000000002,14.741333333333337,20.415499999999998,2.8246666666666664,2001.0,6439.18,3216.42,216.56,2018.64,86.92,429.26,20.54
9,257.0,23.045,32.905,16.442500000000003,93.01249999999999,25.8,16.65,20.325,4.28,2001.0,257.0,3.9675,26.1575,0.0,57.769999999999996,15.82,4.1,13.105,1.2199999999999998,2001.0,257.0,11.626333333333333,29.493000000000002,4.702833333333333,73.86783333333334,20.132166666666663,10.454500000000001,15.428333333333335,2.7110000000000003,2001.0,5855.45,2489.33,231.12,1655.54,62.75,483.51,22.96
10,273.0,19.7625,30.122500000000002,7.4725,78.0975,29.935000000000002,11.1775,18.1975,5.15,2001.0,273.0,5.41,22.997500000000002,0.0,40.574999999999996,11.729999999999999,0.77,5.609999999999999,1.3325,2001.0,273.0,15.793499999999998,25.85683333333333,0.9548333333333332,60.09133333333334,17.221999999999998,5.8131666666666675,11.241166666666668,2.929333333333333,2001.0,5048.55,2057.16,300.96,1507.27,113.25,558.18,25.55
11,289.0,16.375000000000004,31.24,6.7524999999999995,92.78500000000001,19.7425,10.4225,14.885,6.0,2001.0,289.0,5.0975,22.97,0.0,47.54249999999999,9.245,-0.9450000000000001,5.4675,1.5675000000000001,2001.0,289.0,10.384333333333334,26.637499999999996,1.4928571428571429,66.49183333333335,15.447,4.879333333333333,10.222166666666668,3.5713333333333335,2001.0,4028.19,1581.5,413.8,1398.93,157.47,693.04,25.89
12,305.0,12.635,28.347499999999997,5.4375,84.375,20.865000000000002,11.087499999999999,14.44,10.530000000000001,2001.0,305.0,5.4925,22.9975,0.0,39.5825,3.2300000000000004,-4.5625,-0.33249999999999996,1.53,2001.0,305.0,9.750500000000002,25.84516666666667,1.0485,63.372499999999995,13.7775,3.8634999999999997,8.3565,4.4543333333333335,2001.0,4208.92,1329.59,284.78,1115.35,81.28,622.37,28.05
