,DOY,INSgdmax,RADmax,RAINmax,RHmax,TMAXmax,TMINmax,Tmax,WINDmax,YEAR,DOY,INSgdmin,RADmin,RAINmin,RHmin,TMAXmin,TMINmin,Tmin,WINDmin,YEAR,DOY,INSgdmean,RADmean,RAINmean,RHmean,TMAXmean,TMINmean,Tmean,WINDmean,YEAR,NDVI,EVI,RED,NIR,BLUE,MIR,pixrel
0,113.0,27.9088,30.673099999999998,16.0135,88.2332,29.310899999999997,19.9435,23.9536,7.4375,2001.0,113.0,8.7973,23.287699999999997,0.0,31.0014,6.603199999999999,-2.2723999999999998,2.7188000000000003,1.7437,2001.0,113.0,20.78008666666667,27.565499999999997,2.3731533333333332,52.680806666666676,20.55464,7.4231799999999994,14.25722,4.5014666666666665,2001.0,5131.19,2311.53,591.05,1807.76,295.9,1126.06,0.07
1,129.0,29.025399999999998,32.2521,30.037499999999998,92.71170000000001,28.2922,19.521099999999997,23.403200000000002,5.259500000000001,2001.0,129.0,5.1159,28.4674,0.0,50.2418,16.9443,7.6917,13.3725,1.3458999999999999,2001.0,129.0,18.31273333333333,30.502406666666666,8.325566666666667,72.71814666666667,22.261253333333332,13.047533333333334,17.744713333333337,3.6140533333333336,2001.0,5345.28,2643.12,596.6,1995.79,328.2,1000.16,0.66
2,145.0,29.0141,32.1815,18.6429,83.2688,27.4833,17.1613,21.0914,5.492800000000001,2001.0,145.0,2.2925,26.302300000000002,0.0,35.4301,11.8262,4.3692,8.662700000000001,0.9035,2001.0,145.0,16.562379999999997,28.84967333333333,5.261713333333333,63.20565333333333,19.75566,9.424753333333333,14.459333333333333,3.0017999999999994,2001.0,6997.25,3787.56,430.17,2452.15,235.5,785.54,0.0
3,161.0,30.589000000000006,33.593199999999996,21.9951,86.97850000000001,30.8179,21.135399999999997,24.6339,5.2771,2001.0,161.0,2.9755999999999996,28.358600000000003,0.0,53.6166,15.988100000000001,7.296700000000001,12.4824,1.3441999999999998,2001.0,161.0,20.082520000000002,30.860133333333337,6.928086666666668,72.19703333333332,24.836639999999996,14.365733333333333,19.522900000000003,3.1466600000000002,2001.0,7035.7,4027.12,453.51,2631.75,254.62,837.68,0.21
4,177.0,32.2932,34.208000000000006,25.6208,79.1153,32.2222,20.6174,25.911699999999996,3.6758,2001.0,177.0,11.0107,27.970299999999998,0.0,45.4842,23.0346,9.137999999999998,17.6015,1.0532000000000001,2001.0,177.0,23.43132,31.407066666666672,3.8838999999999997,57.2397,28.156046666666665,16.215233333333334,22.168786666666662,2.4966466666666665,2001.0,7788.22,4852.2,375.18,3059.11,205.19,731.72,0.0
5,193.0,31.7082,36.4925,11.0124,85.57699999999998,34.7765,24.2494,28.1212,3.5332999999999997,2001.0,193.0,9.4539,27.5803,0.0,41.1378,27.271000000000004,12.838600000000003,20.0413,1.043,2001.0,193.0,22.80312,32.600186666666666,1.5634666666666666,55.431079999999994,31.56204,19.09374,25.083686666666665,2.232253333333333,2001.0,8241.62,5072.77,285.44,3051.55,164.05,594.87,0.0
6,209.0,27.5695,37.282599999999995,17.1345,87.53129999999999,33.094699999999996,24.213099999999997,27.508499999999998,3.6745000000000005,2001.0,209.0,9.227699999999999,31.3474,0.0,67.2799,26.375600000000002,16.2768,21.2747,0.6511,2001.0,209.0,18.871606666666665,34.24120666666667,4.224139999999999,78.01880666666668,29.568873333333332,20.80307333333333,24.993506666666665,2.0851599999999997,2001.0,8131.0,5215.82,323.65,3217.18,182.26,655.97,0.81
7,225.0,27.482,34.3736,17.8805,84.7671,31.484000000000005,23.193900000000003,26.778,3.4019000000000004,2001.0,225.0,1.9954,27.8059,0.0,52.003699999999995,20.2083,9.9723,17.7443,0.8863,2001.0,225.0,20.645046666666666,31.212119999999995,1.8500733333333335,69.81179333333334,26.316633333333336,15.636000000000003,20.977706666666666,2.2799533333333333,2001.0,8139.73,4773.17,289.1,2851.9,164.46,597.12,0.15
8,241.0,24.302799999999998,35.1398,10.4502,91.2089,31.2341,21.5143,25.235500000000002,3.3244000000000002,2001.0,241.0,5.2788,27.729499999999998,0.0,45.7104,23.0156,10.536100000000001,17.0364,1.3458,2001.0,241.0,18.82008666666667,31.124679999999998,2.5866800000000003,70.35595333333333,27.117453333333337,15.907546666666669,21.377799999999997,2.4030733333333334,2001.0,7899.93,4339.66,297.63,2586.58,170.62,551.7,0.85
9,257.0,23.056700000000003,33.479899999999994,19.2233,90.146,26.4754,19.6037,22.2302,4.329400000000001,2001.0,257.0,4.1507000000000005,26.381,0.0,50.1048,18.2652,6.3111,13.7104,1.3668000000000002,2001.0,257.0,12.007026666666665,29.82334,6.3605133333333335,71.51830666666667,21.609920000000002,11.648626666666669,16.81520666666667,2.6350800000000003,2001.0,7389.62,3523.6,318.91,2136.25,165.19,578.64,0.0
10,273.0,20.1307,31.5455,13.976799999999999,78.7135,29.0833,13.5012,18.512999999999998,4.3542,2001.0,273.0,5.5306999999999995,23.197799999999997,0.0,41.0946,12.6852,0.7963000000000001,6.222599999999999,1.1612,2001.0,273.0,16.34054,26.07394,1.7188266666666667,59.43864,17.925326666666667,6.581239999999999,12.040226666666667,2.76072,2001.0,6174.74,2772.18,437.02,1852.83,233.44,663.45,0.0
11,289.0,15.5274,31.4734,17.7554,93.18740000000001,21.6177,11.4705,15.651599999999998,5.4291,2001.0,289.0,4.9712,24.199099999999998,0.0,46.400400000000005,10.0417,-1.0838999999999999,6.0876,1.1438,2001.0,289.0,10.387360000000001,27.378933333333336,3.8144,67.91157333333335,16.386773333333338,5.927746666666667,11.132513333333335,3.2875733333333335,2001.0,5358.0,2330.79,530.39,1742.62,262.09,899.61,0.08
12,305.0,13.183700000000002,28.5952,8.802299999999999,79.4585,23.4593,12.227699999999999,16.538200000000003,8.8763,2001.0,305.0,6.2448999999999995,23.246499999999997,0.0,38.6629,4.1396,-3.4346000000000005,0.6553,1.8521999999999998,2001.0,305.0,10.472473333333333,26.066360000000003,1.3009733333333333,58.92467333333333,15.38774,4.7185999999999995,9.80272,4.035513333333333,2001.0,5683.59,1943.34,363.93,1309.5,180.7,685.12,0.0
