,DOY,INSgdmax,RADmax,RAINmax,RHmax,TMAXmax,TMINmax,Tmax,WINDmax,YEAR,DOY,INSgdmin,RADmin,RAINmin,RHmin,TMAXmin,TMINmin,Tmin,WINDmin,YEAR,DOY,INSgdmean,RADmean,RAINmean,RHmean,TMAXmean,TMINmean,Tmean,WINDmean,YEAR,NDVI,EVI,RED,NIR,BLUE,MIR,pixrel
0,113.0,28.0892,30.132,21.356,89.426,24.2336,17.813200000000002,19.952,8.4844,2002.0,113.0,1.9336,25.002399999999998,0.0,33.330799999999996,5.1128,-1.6079999999999999,3.6256,1.0796,2002.0,113.0,17.09061333333333,27.48341333333333,2.916853333333333,72.15301333333333,14.535253333333333,5.3102133333333335,9.893893333333333,4.848906666666666,2002.0,4879.0,3178.52,979.13,2867.82,515.5,2141.04,0.3
1,129.0,29.1096,31.2192,18.568,95.93080000000002,25.9812,12.8828,17.494799999999998,8.246400000000001,2002.0,129.0,2.4584,23.1984,0.0,46.3724,10.444,0.6015999999999999,7.2863999999999995,2.2211999999999996,2002.0,129.0,19.342693333333333,27.194213333333334,3.665066666666666,69.41047999999998,17.54576,6.370186666666665,11.873226666666667,4.553333333333334,2002.0,5413.47,3702.7,925.55,3147.81,487.94,2110.91,0.07
2,145.0,30.300799999999995,31.6996,17.465600000000002,83.1844,31.9292,18.5376,24.674,9.136800000000001,2002.0,145.0,10.1828,24.9808,0.0,29.9696,14.038799999999998,4.241199999999999,9.8096,1.9316,2002.0,145.0,25.23296,28.34893333333334,3.6177066666666673,55.99584,23.10797333333333,11.0428,16.879413333333332,3.710746666666667,2002.0,5733.37,3895.87,845.45,3168.78,445.6,1955.41,0.15
3,161.0,31.084399999999995,33.908,15.2852,94.35040000000001,31.7808,19.645599999999998,25.152400000000004,6.760800000000001,2002.0,161.0,11.6968,28.4216,0.0,39.6608,20.746,10.468399999999999,15.546400000000002,1.6591999999999998,2002.0,161.0,22.912826666666664,31.476266666666668,3.9791200000000004,66.75013333333334,25.869253333333337,15.167973333333336,20.155573333333333,3.9763466666666663,2002.0,6380.65,4462.42,754.11,3420.55,401.72,1760.74,0.66
4,177.0,31.6008,35.009600000000006,8.0168,83.5112,33.3412,22.490399999999998,27.2368,8.042,2002.0,177.0,17.284,31.2696,0.0,53.837599999999995,26.200000000000003,15.3544,21.6964,1.7404,2002.0,177.0,26.88658666666667,32.80754666666667,0.9768266666666667,69.03461333333333,29.872480000000003,19.750346666666665,24.37216,4.46768,2002.0,6925.24,4692.1,597.98,3321.93,319.77,1336.55,0.57
5,193.0,29.887199999999996,35.7016,23.29,93.652,34.587199999999996,22.4956,27.118000000000002,3.9072000000000005,2002.0,193.0,4.9608,29.2792,0.0,56.01480000000001,19.479999999999997,13.9504,17.6316,1.03,2002.0,193.0,23.468,32.88176,2.6715466666666665,73.18442666666668,28.698453333333333,18.416266666666665,23.310399999999998,2.515386666666667,2002.0,6953.57,4842.0,614.32,3457.92,329.84,1278.86,0.09
6,209.0,29.048000000000002,35.3304,15.716,87.9736,35.7496,22.6144,27.244,5.7612000000000005,2002.0,209.0,14.4452,30.290399999999998,0.0,51.9964,25.134,11.490399999999998,18.4296,1.7544,2002.0,209.0,24.25957333333334,33.02570666666667,3.793706666666666,63.95549333333333,30.911866666666665,18.363066666666665,24.084986666666666,3.5577066666666672,2002.0,6399.76,4534.46,750.58,3462.48,401.06,1476.04,0.48
7,225.0,27.5,34.509600000000006,13.3128,89.5568,31.397999999999996,20.372,23.8832,5.9712,2002.0,225.0,6.8152,27.94,0.0,53.144800000000004,20.5836,4.7028,14.3008,1.0031999999999999,2002.0,225.0,19.989066666666666,30.91616,4.172533333333333,68.76042666666666,25.830400000000004,13.892960000000002,19.75133333333333,3.733173333333334,2002.0,7172.0,4750.87,518.39,3235.16,281.95,951.47,0.09
8,241.0,24.2384,34.9488,14.92,94.6584,28.0436,20.9872,22.9508,4.9056,2002.0,241.0,12.3964,29.45,0.0,65.2132,22.788,10.4156,17.1504,0.8432,2002.0,241.0,18.768053333333327,32.042480000000005,2.6007199999999995,81.84256,25.54818666666667,16.875813333333337,20.878266666666665,2.700506666666667,2002.0,7079.9,4828.72,560.84,3359.55,303.4,1173.97,0.05
9,257.0,22.3992,32.7712,18.3468,92.99119999999999,30.225199999999997,19.7932,24.058400000000002,4.9636000000000005,2002.0,257.0,5.08,25.4932,0.0,53.669999999999995,17.944,6.5096,13.064,1.0836000000000001,2002.0,257.0,15.894746666666668,30.15701333333333,2.9920571428571425,71.10197333333333,23.308186666666668,12.745413333333332,17.758746666666667,3.243493333333333,2002.0,5175.49,3120.12,832.22,2618.11,438.78,1573.57,0.01
10,273.0,18.331200000000003,30.632800000000003,15.3688,90.3176,28.833199999999998,17.983199999999997,21.9272,6.685599999999999,2002.0,273.0,3.1208,26.6792,0.0,48.8288,10.7808,0.774,7.3580000000000005,2.0696,2002.0,273.0,11.166186666666666,28.69256,3.1152800000000003,70.86205333333334,17.685066666666668,7.492879999999999,12.318666666666667,3.9044,2002.0,4978.32,2780.68,763.89,2311.82,398.61,1588.76,0.0
11,289.0,16.6896,28.94,8.1548,87.3636,19.8504,11.9008,14.9968,5.9608,2002.0,289.0,5.2128,22.2892,0.0,48.4092,0.2552,-1.9848000000000001,-1.0084,1.7776,2002.0,289.0,10.787146666666665,25.420453333333334,2.045706666666667,72.82554666666667,10.770773333333334,3.371973333333335,6.746160000000001,3.82392,2002.0,4455.86,2594.57,927.09,2412.83,480.31,1801.2,0.06
12,305.0,12.378800000000002,25.5024,21.961600000000004,95.8492,13.113999999999999,2.6064,5.917599999999999,5.9803999999999995,2002.0,305.0,3.4004000000000003,20.884,0.0,61.522400000000005,-2.6164,-7.2904,-4.596,1.6972,2002.0,305.0,7.875360000000001,23.71610666666667,4.048153846153847,84.60925333333334,3.677866666666667,-1.8956800000000005,0.7330133333333334,3.292133333333333,2002.0,4034.74,2137.78,915.39,2100.2,512.08,1580.81,0.13
