,DOY,INSgdmax,RADmax,RAINmax,RHmax,TMAXmax,TMINmax,Tmax,WINDmax,YEAR,DOY,INSgdmin,RADmin,RAINmin,RHmin,TMAXmin,TMINmin,Tmin,WINDmin,YEAR,DOY,INSgdmean,RADmean,RAINmean,RHmean,TMAXmean,TMINmean,Tmean,WINDmean,YEAR,NDVI,EVI,RED,NIR,BLUE,MIR,pixrel
0,113.0,27.488599999999998,30.0691,24.382499999999997,90.56980000000001,23.0211,17.941300000000002,20.0832,7.9319,2002.0,113.0,2.7910000000000004,23.8796,0.0,37.956700000000005,4.1078,-2.5319,2.4014,1.3565,2002.0,113.0,17.92048666666667,26.994046666666662,2.6044199999999997,73.10290666666668,13.372573333333332,4.133939999999999,8.786259999999999,4.694493333333334,2002.0,3054.31,1579.4,1059.24,1964.98,540.66,1811.56,0.0
1,129.0,29.029899999999998,31.11,15.207,96.6653,24.9705,12.486500000000001,16.665499999999998,8.6362,2002.0,129.0,3.3575999999999997,22.724800000000002,0.0,44.621,10.1054,-0.6530000000000001,6.962599999999999,2.1381,2002.0,129.0,18.81474666666667,26.89002,3.07924,69.38382,16.398993333333333,5.474746666666667,10.867433333333333,4.519566666666667,2002.0,3257.5,1702.62,1012.62,1981.57,518.48,1812.4,0.06
2,145.0,31.073800000000002,31.723699999999997,14.355799999999999,82.5883,31.880000000000003,17.182900000000004,23.9791,8.510100000000001,2002.0,145.0,9.569,23.649199999999997,0.0,31.688,13.817800000000002,4.084199999999999,9.6603,2.1096,2002.0,145.0,24.568979999999993,28.11085333333334,2.8325199999999997,54.27178666666667,22.53362666666667,10.64554,16.44449333333333,3.7758266666666667,2002.0,4360.52,2421.77,887.97,2259.37,463.41,1492.23,0.03
3,161.0,29.131200000000007,33.8952,12.0231,91.8709,31.132099999999998,19.4279,24.7201,6.2299999999999995,2002.0,161.0,7.0221,28.6613,0.0,37.6662,18.1636,8.805900000000001,13.8779,1.2395,2002.0,161.0,20.48314,31.425006666666665,3.902273333333333,67.46862666666667,25.13936666666667,14.404753333333332,19.37376,3.754733333333333,2002.0,6133.31,3342.95,482.67,2302.18,254.97,843.63,0.0
4,177.0,31.531599999999997,35.265600000000006,13.6053,83.3916,32.934099999999994,22.386500000000005,26.7594,8.0653,2002.0,177.0,13.8581,31.0114,0.0,57.055299999999995,26.479,14.7894,21.4809,1.6311,2002.0,177.0,25.741346666666665,32.95094,3.0409466666666667,70.28076666666665,29.43766,19.737846666666666,24.098906666666668,4.227106666666667,2002.0,7149.41,4420.89,438.89,2922.22,235.01,817.49,0.0
5,193.0,30.5645,36.27499999999999,21.610200000000003,93.512,33.745599999999996,22.3632,26.156799999999997,4.3549,2002.0,193.0,9.988399999999999,28.8738,0.0,57.931,21.627200000000002,12.599599999999999,17.8875,0.9621000000000001,2002.0,193.0,23.420033333333336,32.71285999999999,3.718619999999999,75.2359,28.166179999999997,18.015739999999997,22.788800000000002,2.5221199999999997,2002.0,7079.8,4503.37,468.02,3022.66,248.55,951.13,0.02
6,208.99999999999997,28.7921,35.9748,9.570200000000002,91.3745,34.7982,22.547599999999996,26.587099999999996,5.472899999999999,2002.0,208.99999999999997,12.861800000000002,29.457100000000004,0.0,56.664899999999996,23.832500000000003,11.1427,17.322200000000002,1.8832999999999998,2002.0,208.99999999999997,23.240239999999996,32.914139999999996,2.1373533333333334,67.95986666666668,29.742473333333336,17.51255333333334,23.05541333333333,3.3723533333333333,2002.0,7136.62,4599.2,473.08,3087.6,250.0,986.72,0.03
7,225.0,27.4773,33.998,22.8843,83.29899999999999,32.0231,18.485699999999998,24.0323,6.6888,2002.0,225.0,6.058800000000001,27.0593,0.0,53.4782,21.018800000000002,5.6484000000000005,14.072399999999998,1.3727,2002.0,225.0,20.351906666666665,30.444673333333338,7.166520000000001,66.28336666666667,25.93676,13.710113333333332,19.56464,3.85016,2002.0,6909.53,4355.91,537.24,3004.83,283.86,1062.69,0.01
8,241.00000000000003,23.9753,34.4027,19.1901,93.92840000000001,28.132199999999997,20.0674,22.650000000000002,4.8434,2002.0,241.00000000000003,8.1988,28.790800000000004,0.0,62.65780000000001,21.6138,10.648399999999999,17.381099999999996,0.9328000000000001,2002.0,241.00000000000003,18.454133333333335,31.646633333333337,3.1023066666666663,80.36581333333334,25.37801333333334,16.51188,20.61146666666667,2.7883333333333336,2002.0,6866.14,4094.82,505.2,2782.57,263.53,1004.23,0.03
9,257.0,21.8478,32.4815,17.412,92.90259999999999,30.720699999999997,19.940699999999996,24.4917,4.9495000000000005,2002.0,257.0,4.4082,26.817000000000004,0.0,50.97990000000001,18.074299999999997,6.053100000000001,12.9128,1.3062,2002.0,257.0,15.914666666666665,30.107466666666664,2.941271428571429,69.02536666666667,23.535006666666664,12.866653333333335,17.914233333333332,3.267546666666666,2002.0,6599.51,3943.26,555.19,2766.29,291.62,1146.17,0.01
10,273.00000000000006,18.0277,30.9529,28.835300000000004,90.8817,27.5147,16.935899999999997,21.252200000000002,6.2773,2002.0,273.00000000000006,3.3750999999999998,26.967000000000002,0.0,51.429,11.574,0.6293000000000001,6.3969,1.997,2002.0,273.00000000000006,9.713680000000002,28.96308666666666,3.976200000000001,71.35297333333334,16.888046666666668,7.123599999999999,11.84942,3.707186666666667,2002.0,5543.11,3037.23,649.19,2338.94,335.75,1203.52,0.11
11,289.0,16.6069,28.9395,6.7626,87.33859999999999,19.6302,11.809599999999998,15.159099999999999,5.834,2002.0,289.0,4.722799999999999,21.85,0.0,52.4023,0.9987999999999999,-2.5607,-0.9777999999999999,1.4291,2002.0,289.0,10.446559999999996,25.097220000000004,1.1948066666666668,74.25341333333334,10.015593333333335,2.690773333333333,6.09372,3.679193333333333,2002.0,4654.64,2661.99,929.56,2469.33,499.12,1590.35,1.02
12,305.0,12.232399999999998,25.5776,18.2667,94.17219999999999,11.790700000000001,1.8229999999999997,5.4323999999999995,6.3217,2002.0,305.0,3.4928999999999997,20.6905,0.0,60.549299999999995,-2.2424999999999997,-6.836199999999999,-4.306900000000001,1.366,2002.0,305.0,7.647873333333336,23.233486666666664,2.9080461538461537,83.20459333333334,3.2738400000000003,-1.8493933333333334,0.5244066666666666,3.214353333333333,2002.0,3582.79,2002.52,1781.86,2963.07,1340.71,1467.95,0.62
