,DOY,INSgdmax,RADmax,RAINmax,RHmax,TMAXmax,TMINmax,Tmax,WINDmax,YEAR,DOY,INSgdmin,RADmin,RAINmin,RHmin,TMAXmin,TMINmin,Tmin,WINDmin,YEAR,DOY,INSgdmean,RADmean,RAINmean,RHmean,TMAXmean,TMINmean,Tmean,WINDmean,YEAR,NDVI,EVI,RED,NIR,BLUE,MIR,pixrel
0,113.0,26.6688,30.573699999999995,24.591900000000003,91.3896,24.1051,18.3027,20.805600000000002,7.3031,2002.0,113.0,2.99,23.8176,0.0,42.542899999999996,4.279,-2.0693,2.3828,1.2759,2002.0,113.0,17.174660000000003,27.10094,2.84546,74.8317733333333,13.23588,4.242553333333333,8.834153333333333,4.433506666666666,2002.0,3397.66,1455.29,569.25,1419.68,278.84,970.37,13.04
1,129.0,29.981899999999996,30.106599999999997,15.962200000000003,96.24969999999999,24.4137,12.5463,16.5801,8.485800000000001,2002.0,129.0,2.6304,22.6398,0.0,45.638999999999996,9.473400000000002,-0.19100000000000006,6.9594000000000005,2.2245,2002.0,129.0,19.639946666666663,26.598953333333334,3.948813333333333,71.75274,16.153126666666665,5.564546666666666,10.8767,4.37918,2002.0,3491.99,1412.03,438.56,1422.02,149.78,917.29,35.72
2,145.0,31.325000000000003,31.8741,14.1902,82.1867,31.9208,16.682499999999997,23.8065,7.596100000000001,2002.0,145.0,14.2078,22.1976,0.0,33.7658,14.679400000000001,3.0264,9.1889,2.1848,2002.0,145.0,24.320926666666672,28.15204,3.1325866666666666,54.05512,22.425026666666668,10.565819999999999,16.39468,3.5874133333333336,2002.0,4649.45,2335.9,559.69,1863.61,318.16,864.7,8.26
3,161.0,27.840600000000002,33.8222,21.4119,91.1437,30.5033,19.8185,24.264899999999997,5.5878000000000005,2002.0,161.0,8.2469,28.7387,0.0,37.927800000000005,17.3056,8.849499999999999,13.763900000000001,1.1257,2002.0,161.0,19.85058,31.430526666666665,4.700046666666667,68.00237333333334,24.861833333333333,14.307726666666666,19.261053333333336,3.47644,2002.0,5839.27,3279.73,217.96,2215.45,66.8,487.86,33.16
4,177.0,31.4538,35.4656,18.9155,82.343,32.9771,23.2423,26.8796,8.1203,2002.0,177.0,15.2651,30.246,0.0,53.06450000000001,27.0064,14.551200000000001,21.7271,1.5507000000000002,2002.0,177.0,26.059453333333337,32.89328666666666,3.0114400000000003,67.06258,29.979833333333332,20.11042,24.626306666666665,3.9172666666666673,2002.0,6273.55,3481.66,111.98,2227.62,-0.45,362.19,38.32
5,193.0,30.301099999999998,36.3596,21.9024,91.0308,33.2378,22.308,26.008200000000002,4.4745,2002.0,193.0,6.8694,28.776200000000003,0.0,60.6194,21.6276,12.6926,18.197699999999998,0.8819,2002.0,193.0,22.43304666666667,32.73462000000001,3.4933000000000005,75.28007333333333,27.875966666666663,17.85347333333333,22.68285333333333,2.3630800000000005,2002.0,6246.31,3733.43,185.4,2426.65,56.24,475.12,30.63
6,209.0,28.8547,35.2044,16.9618,89.6227,33.5308,22.921799999999998,25.8955,5.0091,2002.0,209.0,11.5354,29.3147,0.0,62.6229,23.5995,11.505299999999998,17.538999999999998,1.7665,2002.0,209.0,22.699146666666667,32.87046000000001,3.0296866666666666,71.86242666666666,28.96472666666667,17.66647333333333,22.769840000000002,3.0146066666666664,2002.0,6245.07,3642.52,126.06,2354.26,8.4,396.04,38.25
7,225.0,27.5891,33.1372,26.274900000000002,86.23440000000001,32.2881,19.590700000000002,24.155300000000004,6.5792,2002.0,225.0,8.332,27.3679,0.0,53.410599999999995,21.579,6.775399999999999,14.597399999999999,1.5915,2002.0,225.0,20.84090666666667,30.136606666666665,5.513839999999998,65.50227333333332,25.95732,13.740020000000001,19.75012,3.491973333333333,2002.0,6188.69,3464.41,151.97,2244.96,25.82,432.51,35.7
8,241.0,23.9957,34.9631,20.1693,92.62440000000001,29.583799999999997,20.1606,22.991,4.6522,2002.0,241.0,8.0472,28.724000000000004,0.0,60.525999999999996,21.65,10.4058,17.7841,1.1873999999999998,2002.0,241.0,18.542733333333338,31.647606666666668,3.4967600000000005,77.6656,25.797399999999996,16.388,20.794453333333337,2.505000000000001,2002.0,6100.97,3181.51,128.35,2060.14,4.48,387.7,38.41
9,257.0,21.821,32.9603,27.0696,91.3254,32.0411,20.1971,25.0599,4.4818999999999996,2002.0,257.0,4.853199999999999,26.779600000000002,0.0,50.8255,18.7815,6.7987,13.367999999999999,1.4494000000000002,2002.0,257.0,15.126493333333334,30.30681333333333,3.9945857142857144,67.24195333333331,24.006700000000006,13.167786666666668,18.38458,2.935346666666666,2002.0,5782.17,2815.02,170.72,1867.51,31.69,458.49,35.71
10,273.0,17.3807,31.2535,27.317300000000003,91.95649999999999,26.5949,18.1455,21.4152,5.9931,2002.0,273.0,3.2897,26.809,0.0,52.2744,11.405999999999999,0.12130000000000002,6.367699999999999,1.9052000000000002,2002.0,273.0,9.694973333333333,29.087393333333335,5.547840000000001,71.45821333333333,17.55986,7.759919999999999,12.49215333333333,3.5166399999999998,2002.0,4514.63,2073.68,609.85,1705.07,360.17,758.2,0.68
11,289.0,17.091900000000003,29.6859,10.5046,81.2196,21.8054,12.143799999999999,16.3597,5.2620000000000005,2002.0,289.0,5.3478,21.6644,0.0,49.8841,2.3902,-2.5473000000000003,-0.26539999999999997,1.6835,2002.0,289.0,10.833386666666666,25.27536666666667,2.0131533333333334,69.70658666666667,10.913913333333333,3.0956666666666663,6.7045466666666655,3.4790999999999994,2002.0,3794.78,1802.52,478.51,1740.19,155.64,797.8,38.77
12,305.0,11.996400000000001,26.424400000000002,13.618300000000001,92.5344,12.1659,3.452,6.813000000000001,5.9297,2002.0,305.0,3.6153000000000004,21.1669,0.0,58.6001,-1.0183,-6.1808000000000005,-3.6969,1.285,2002.0,305.0,7.808419999999999,23.786273333333334,2.9574000000000003,82.26475333333332,3.9398266666666673,-1.4198466666666667,1.0992866666666667,3.0269533333333327,2002.0,3718.2,1742.42,1465.14,2394.02,1189.16,1300.88,0.96
