,DOY,INSgdmax,RADmax,RAINmax,RHmax,TMAXmax,TMINmax,Tmax,WINDmax,YEAR,DOY,INSgdmin,RADmin,RAINmin,RHmin,TMAXmin,TMINmin,Tmin,WINDmin,YEAR,DOY,INSgdmean,RADmean,RAINmean,RHmean,TMAXmean,TMINmean,Tmean,WINDmean,YEAR,NDVI,EVI,RED,NIR,BLUE,MIR,pixrel
0,113.0,26.46,30.71,24.85,91.61,23.76,18.12,20.62,7.19,2002.0,113.0,2.99,23.4,0.0,43.41,3.96,-2.31,2.0,1.36,2002.0,113.0,17.323333333333338,26.88266666666667,2.746666666666667,74.80199999999998,12.799333333333333,3.8120000000000003,8.430666666666667,4.415333333333333,2002.0,2493.59,893.92,432.08,1113.42,203.5,702.65,35.99
1,129.0,29.95,29.95,15.33,96.85,23.97,11.83,16.09,8.48,2002.0,129.0,2.41,22.46,0.0,44.16,9.05,-0.8,6.71,2.21,2002.0,129.0,19.34066666666666,26.508666666666667,3.597333333333333,71.68333333333334,15.754666666666667,5.0699999999999985,10.442666666666666,4.337999999999999,2002.0,2462.73,665.39,225.7,964.88,-3.94,582.24,63.78
2,145.0,31.18,31.79,11.76,81.83,32.06,16.61,23.85,7.57,2002.0,145.0,13.1,21.78,0.0,33.76,14.43,2.98,9.07,2.15,2002.0,145.0,24.052000000000007,28.014,3.022,53.206,22.342666666666663,10.404000000000002,16.271333333333335,3.6206666666666667,2002.0,3639.77,1800.6,525.04,1537.7,330.56,713.14,10.88
3,161.0,26.64,33.77,20.8,90.41,30.57,19.63,24.32,5.64,2002.0,161.0,6.91,28.73,0.0,37.4,16.25,8.4,12.92,1.03,2002.0,161.0,19.057333333333336,31.439999999999994,4.684,67.89333333333333,24.673333333333332,14.003999999999998,18.990000000000002,3.4659999999999997,2002.0,4745.82,2404.52,33.39,1704.91,-77.56,245.19,61.22
4,177.0,31.39,35.57,18.93,83.3,32.69,23.28,26.81,8.1,2002.0,177.0,12.31,30.13,0.0,55.95,26.67,14.47,21.44,1.6,2002.0,177.0,25.471333333333337,32.98666666666666,3.4553333333333343,67.93199999999999,29.714000000000002,20.043333333333337,24.418666666666663,3.9346666666666668,2002.0,4941.84,2811.38,-22.46,1943.83,-119.99,220.62,66.32
5,193.0,30.71,36.58,20.58,90.88,33.29,22.25,25.84,4.46,2002.0,193.0,7.78,28.84,0.0,60.37,21.21,12.42,18.16,0.85,2002.0,193.0,22.697333333333336,32.73133333333334,2.941333333333333,74.92066666666666,27.88466666666666,17.766666666666666,22.618666666666662,2.4253333333333336,2002.0,4944.93,2777.91,-27.02,1907.09,-117.76,210.86,66.3
6,209.0,28.73,35.1,16.26,90.89,33.38,22.8,25.62,5.07,2002.0,209.0,9.72,29.48,0.0,62.91,23.44,11.34,17.22,1.81,2002.0,209.0,22.666666666666664,32.723333333333336,2.9219999999999997,71.97533333333332,28.767333333333337,17.35733333333333,22.51,3.0186666666666664,2002.0,5180.92,2951.91,102.09,1950.61,3.04,285.18,40.87
7,225.0,27.36,32.94,28.65,85.84,32.61,19.35,24.28,6.73,2002.0,225.0,7.81,26.93,0.0,53.37,21.55,6.7,14.29,1.78,2002.0,225.0,20.940666666666672,29.986,5.389333333333331,64.588,25.983999999999995,13.661333333333335,19.645333333333333,3.5840000000000005,2002.0,4945.05,2472.4,-8.7,1683.16,-102.9,210.32,61.22
8,241.0,23.9,34.85,23.89,92.23,29.52,19.54,22.73,4.6,2002.0,241.0,6.98,28.84,0.0,60.99,21.36,10.11,17.7,1.17,2002.0,241.0,18.235333333333337,31.661333333333335,4.160666666666668,77.53800000000001,25.721999999999998,16.25266666666667,20.680000000000003,2.572666666666667,2002.0,4825.46,2228.66,-28.92,1544.0,-125.39,210.46,66.31
9,257.0,21.56,32.94,30.77,91.54,31.87,20.2,25.26,4.45,2002.0,257.0,4.54,27.0,0.0,51.71,18.39,6.5,13.02,1.49,2002.0,257.0,15.144666666666668,30.206666666666663,4.4714285714285715,66.83266666666665,23.901333333333334,13.188666666666668,18.326000000000004,3.005333333333333,2002.0,4699.68,1983.12,11.42,1402.14,-94.85,234.98,61.22
10,273.0,16.85,31.21,30.69,91.42,26.36,17.87,21.16,5.88,2002.0,273.0,3.31,27.07,0.0,53.33,11.0,0.13,6.04,1.94,2002.0,273.0,9.197333333333335,29.025333333333332,6.39,71.766,16.97,7.475333333333333,12.107999999999999,3.4926666666666666,2002.0,3479.0,1378.19,533.37,1339.84,329.95,606.81,15.91
11,289.0,17.06,29.77,10.87,82.31,21.44,12.08,16.09,5.32,2002.0,289.0,5.4,21.56,0.0,50.96,2.28,-2.73,-0.48,1.64,2002.0,289.0,10.726666666666665,25.189333333333334,2.1026666666666665,71.39399999999999,10.43,2.7573333333333334,6.287333333333333,3.462666666666666,2002.0,2715.49,1052.1,344.56,1323.74,70.54,553.62,62.02
12,305.0,11.66,26.32,10.35,92.43,11.67,2.64,6.32,5.95,2002.0,305.0,3.74,20.99,0.0,58.98,-0.94,-6.32,-3.81,1.14,2002.0,305.0,7.818666666666667,23.625999999999998,2.4046153846153846,82.16866666666665,3.687333333333334,-1.6106666666666667,0.8640000000000001,2.994666666666666,2002.0,3111.1,1361.03,1363.17,2068.23,1128.26,1392.77,0.91
