,DOY,INSgdmax,RADmax,RAINmax,RHmax,TMAXmax,TMINmax,Tmax,WINDmax,YEAR,DOY,INSgdmin,RADmin,RAINmin,RHmin,TMAXmin,TMINmin,Tmin,WINDmin,YEAR,DOY,INSgdmean,RADmean,RAINmean,RHmean,TMAXmean,TMINmean,Tmean,WINDmean,YEAR,NDVI,EVI,RED,NIR,BLUE,MIR,pixrel
0,113.0,27.2207,31.090999999999998,35.1562,90.8981,25.238599999999998,18.7648,21.3636,7.472700000000001,2002.0,113.0,3.4154999999999998,24.6661,0.0,39.1509,5.829599999999999,-1.3209,4.0156,1.1292000000000002,2002.0,113.0,16.37727333333333,27.849439999999994,4.703986666666667,75.19672,14.947973333333334,5.761140000000001,10.351099999999999,4.404493333333333,2002.0,4415.0,1764.27,489.69,1485.9,236.11,834.88,15.32
1,129.0,30.019299999999998,30.5566,21.1804,94.39150000000001,25.5148,14.914200000000001,18.227700000000002,8.2521,2002.0,129.0,3.0775,23.039299999999997,0.0,50.096199999999996,11.2833,1.7736,7.6921,2.2563,2002.0,129.0,20.50192,26.917926666666666,5.7829266666666665,72.19128666666666,17.58056,7.266693333333334,12.394433333333335,4.390953333333333,2002.0,4461.48,1833.9,484.1,1466.49,239.6,759.59,7.69
2,145.0,31.520899999999997,32.265,19.9624,83.5632,31.061999999999998,17.5815,23.762900000000002,7.4676,2002.0,145.0,15.680500000000002,23.738,0.0,34.7457,15.8006,3.0808,9.539200000000001,2.0665,2002.0,145.0,25.169513333333335,28.624433333333332,3.320206666666667,58.19095333333333,22.630613333333333,11.01158,16.724046666666666,3.387106666666667,2002.0,4974.28,2223.57,469.02,1682.21,232.51,791.91,10.42
3,161.0,31.3794,34.3089,23.4465,93.0732,29.9959,20.7573,23.9413,5.4341,2002.0,161.0,10.9872,29.026400000000002,0.0,41.662,20.7928,10.497599999999998,16.1741,1.3822,2002.0,161.0,21.881466666666668,31.522033333333333,4.668786666666666,68.87539333333334,25.54286666666667,15.3461,20.192053333333334,3.4053066666666667,2002.0,6399.74,3216.88,351.86,2014.55,209.97,564.94,2.6
4,177.0,31.1845,35.1841,20.744799999999998,79.0195,33.6134,23.2055,26.902,7.8555,2002.0,177.0,21.3012,30.5818,0.0,45.0602,27.7671,15.075600000000001,22.633499999999998,1.3967,2002.0,177.0,27.036833333333334,32.69278666666667,2.16566,65.12935999999999,30.689619999999998,20.245806666666667,25.183260000000004,3.7217333333333333,2002.0,6888.96,3656.63,249.71,2251.26,126.08,496.55,15.31
5,193.0,29.0077,35.9939,24.807,91.49620000000002,32.925,22.4833,26.5828,4.2991,2002.0,193.0,5.121,28.738400000000002,0.0,60.9488,22.287399999999998,13.655999999999999,18.4713,0.9822,2002.0,193.0,21.35729333333333,32.88770666666667,4.8347999999999995,75.80850000000001,28.02906,18.29466,23.022779999999997,2.1319800000000004,2002.0,6887.91,3800.42,250.98,2367.09,123.19,531.15,17.85
6,209.0,29.0009,35.5007,17.2962,84.8402,33.9,23.2718,26.884500000000003,4.5714,2002.0,209.0,13.597199999999999,29.268900000000002,0.0,62.412099999999995,24.101,12.465,18.6752,1.5823,2002.0,209.0,22.56135333333333,33.28814,3.3562333333333334,71.86374666666666,29.536059999999996,18.82663333333333,23.70274,2.9540999999999995,2002.0,7097.5,3805.99,311.79,2282.69,195.08,534.82,0.06
7,225.0,27.924299999999995,34.0862,20.1122,86.3675,31.248399999999997,20.3761,23.9869,5.8548,2002.0,225.0,7.9597999999999995,28.4141,0.0,54.342499999999994,21.261499999999998,7.663,16.0123,1.0301,2002.0,225.0,20.010833333333338,30.89926,5.655619999999999,68.87705999999999,25.998560000000005,14.37346,20.31746666666667,3.141606666666666,2002.0,6606.62,3342.41,265.22,2109.29,125.21,540.21,17.85
8,241.0,24.2707,35.336200000000005,11.5373,92.6391,29.9176,22.3386,24.0,4.7134,2002.0,241.0,12.4434,28.5214,0.0,58.8091,22.907600000000002,11.5555,18.363699999999998,1.2633,2002.0,241.0,19.54052,31.789626666666663,1.77168,77.58382666666668,26.19857333333333,16.938620000000004,21.299626666666665,2.2784066666666667,2002.0,6593.03,3077.75,273.32,1895.34,138.51,527.02,10.23
9,257.0,22.793,33.0359,18.727800000000002,90.911,32.7042,19.982799999999997,24.625500000000002,4.5710999999999995,2002.0,257.0,5.8864,26.4694,0.0,47.3835,19.8732,7.2377,14.630700000000001,1.1428000000000003,2002.0,257.0,15.269713333333335,30.58653333333333,2.8099642857142855,68.8064,24.43437333333334,13.303146666666667,18.721386666666668,2.673473333333333,2002.0,6854.72,3151.21,342.31,1926.93,199.95,587.72,0.06
10,273.0,19.3201,31.6782,20.0479,93.2922,27.4142,18.9939,22.2583,6.2737,2002.0,273.0,3.2252,25.9295,0.0,47.825199999999995,13.2695,0.26280000000000003,7.5178,1.6387,2002.0,273.0,11.742873333333332,29.32098,3.462813333333333,69.67754666666667,19.708726666666667,8.844179999999998,13.98125333333333,3.5260000000000002,2002.0,5691.66,2509.21,487.85,1760.77,311.97,661.01,1.2
11,289.0,17.2107,29.509600000000002,11.0826,80.14099999999999,23.114399999999996,11.9818,17.0163,4.9498,2002.0,289.0,5.0609,22.067999999999998,0.0,46.3546,2.7266000000000004,-1.9890000000000003,0.6078,1.6642,2002.0,289.0,11.625246666666666,25.547173333333333,1.8615866666666667,65.24874666666668,12.515780000000003,4.001206666666667,8.00202,3.395506666666667,2002.0,3958.52,1716.9,859.37,1748.53,675.13,986.5,1.29
12,305.0,12.9125,26.8502,21.0169,92.8862,13.735200000000003,6.0542,8.39,5.5840000000000005,2002.0,305.0,3.31,21.840500000000002,0.0,58.2694,-0.8363,-5.625400000000001,-3.2276000000000002,1.6362999999999999,2002.0,305.0,7.571199999999999,24.430266666666668,4.467876923076923,82.64874,4.950693333333334,-0.6172,2.0305333333333335,3.07862,2002.0,3930.2,1833.22,746.78,1767.74,451.76,698.64,11.27
