,DOY,INSgdmax,RADmax,RAINmax,RHmax,TMAXmax,TMINmax,Tmax,WINDmax,YEAR,DOY,INSgdmin,RADmin,RAINmin,RHmin,TMAXmin,TMINmin,Tmin,WINDmin,YEAR,DOY,INSgdmean,RADmean,RAINmean,RHmean,TMAXmean,TMINmean,Tmean,WINDmean,YEAR,NDVI,EVI,RED,NIR,BLUE,MIR,pixrel
0,113.0,26.68,32.26,33.74,91.54,25.88,18.7,22.07,6.0,2002.0,113.0,3.24,24.16,0.0,46.0,4.99,-1.08,3.33,1.69,2002.0,113.0,16.473333333333333,27.622666666666667,4.553333333333333,74.702,14.195999999999996,6.022666666666667,10.093333333333332,3.9773333333333327,2002.0,4503.24,1790.03,549.62,1457.49,280.09,1085.77,0.03
1,129.0,31.0,29.99,21.32,95.36,24.26,16.07,18.14,6.9,2002.0,129.0,2.7,23.54,0.0,48.2,9.87,0.21,7.39,2.21,2002.0,129.0,20.734666666666662,26.973999999999997,7.506,72.17466666666668,16.98,7.050000000000001,11.909333333333334,3.856666666666667,2002.0,4564.67,2028.03,623.88,1684.31,321.71,1212.56,0.0
2,145.0,32.08,32.26,5.78,82.8,30.81,18.14,23.25,5.52,2002.0,145.0,13.75,22.9,0.0,38.54,15.04,1.87,8.35,2.19,2002.0,145.0,24.2,28.47466666666667,1.096,59.778666666666666,21.74666666666667,10.372666666666667,15.896666666666668,3.134,2002.0,5515.47,2708.93,564.96,1994.3,300.98,1041.86,0.03
3,161.0,31.5,33.84,19.95,90.39,30.04,21.78,23.31,4.3,2002.0,161.0,6.16,28.01,0.0,40.21,19.36,10.17,15.23,1.13,2002.0,161.0,20.162666666666663,30.869333333333334,4.732,68.50600000000001,24.72666666666667,14.448,19.500666666666667,2.8,2002.0,7008.74,4128.4,443.91,2696.45,247.89,860.82,0.05
4,177.0,30.35,34.42,28.59,79.24,33.7,23.53,27.3,6.24,2002.0,177.0,15.3,31.07,0.0,40.67,27.26,15.21,22.21,0.84,2002.0,177.0,25.619333333333334,32.606,4.406,63.81399999999999,30.714000000000002,20.531333333333336,25.410000000000004,3.0626666666666664,2002.0,7381.98,4324.34,402.24,2749.53,225.02,781.59,0.49
5,193.0,29.23,35.96,31.61,83.04,33.91,21.75,26.73,4.41,2002.0,193.0,9.5,28.94,0.0,52.34,26.08,14.05,20.1,0.91,2002.0,193.0,22.173333333333332,32.76266666666667,5.818,65.81333333333332,29.244666666666667,18.66,23.780000000000005,2.1266666666666665,2002.0,7869.36,4502.81,307.99,2708.24,174.88,605.15,0.9
6,209.0,29.02,35.5,20.72,83.47,33.08,23.47,27.28,3.53,2002.0,209.0,10.3,29.56,0.0,62.5,24.38,12.96,19.54,1.38,2002.0,209.0,20.851333333333333,33.454,6.517333333333335,72.898,28.89333333333333,19.074,23.648666666666667,2.5946666666666673,2002.0,8007.95,4889.39,310.97,2975.14,175.84,645.95,0.0
7,225.0,27.07,33.23,11.86,85.93,30.94,20.17,24.18,5.3,2002.0,225.0,6.62,27.4,0.0,49.84,23.74,9.16,16.73,1.07,2002.0,225.0,21.122,30.368666666666662,3.3313333333333333,64.89666666666668,26.478666666666662,14.892666666666667,20.705333333333332,2.663333333333333,2002.0,7936.54,4356.19,274.37,2567.0,154.79,571.42,0.0
8,241.0,24.66,35.5,16.85,90.58,30.76,21.97,24.44,4.29,2002.0,241.0,13.75,27.22,0.0,57.23,24.49,12.94,19.64,1.11,2002.0,241.0,19.198666666666668,31.60533333333334,2.4706666666666663,73.14333333333333,26.763333333333335,17.12066666666667,21.642,2.0406666666666666,2002.0,7916.76,4126.54,266.37,2404.54,151.6,548.02,0.0
9,257.0,23.11,32.98,27.39,90.12,34.36,20.78,26.33,3.4,2002.0,257.0,5.22,25.31,0.0,41.37,19.12,7.85,15.93,1.67,2002.0,257.0,15.66,30.038666666666664,3.7028571428571424,64.15933333333334,25.400666666666666,14.265333333333333,19.676,2.4539999999999997,2002.0,7394.45,3628.57,304.69,2160.18,173.14,544.21,0.0
10,273.0,19.69,32.29,16.38,91.81,27.02,19.42,22.26,5.94,2002.0,273.0,3.17,26.46,0.0,41.86,11.88,1.41,7.49,1.11,2002.0,273.0,11.548,29.7,3.9466666666666668,68.06866666666666,19.82866666666667,9.563333333333333,14.558666666666666,3.160666666666666,2002.0,6446.11,3058.73,431.42,2016.13,232.55,599.63,0.28
11,289.0,17.21,30.56,10.84,78.83,22.94,11.65,16.69,4.33,2002.0,289.0,3.56,21.1,0.0,41.21,5.54,-1.71,2.07,1.45,2002.0,289.0,11.297333333333334,25.652666666666665,0.9346666666666666,62.377333333333326,12.657999999999998,3.789333333333333,8.113999999999999,2.9306666666666668,2002.0,5373.08,2168.3,463.66,1552.17,248.98,780.1,0.25
12,305.0,12.71,26.86,20.62,93.97,13.51,6.92,9.1,4.68,2002.0,305.0,3.42,20.81,0.0,53.58,-0.51,-4.51,-2.5,1.56,2002.0,305.0,8.258000000000001,24.359333333333336,3.8123076923076917,80.12799999999999,5.408666666666667,-0.15933333333333338,2.555333333333333,2.7779999999999996,2002.0,5164.05,1971.4,454.39,1438.88,234.52,786.25,0.14
