,DOY,INSgdmax,RADmax,RAINmax,RHmax,TMAXmax,TMINmax,Tmax,WINDmax,YEAR,DOY,INSgdmin,RADmin,RAINmin,RHmin,TMAXmin,TMINmin,Tmin,WINDmin,YEAR,DOY,INSgdmean,RADmean,RAINmean,RHmean,TMAXmean,TMINmean,Tmean,WINDmean,YEAR,NDVI,EVI,RED,NIR,BLUE,MIR,pixrel
0,113.0,26.9908,32.2626,30.579199999999997,91.07999999999998,24.7348,18.5408,20.726000000000003,8.2942,2002.0,113.0,3.568,24.491,0.0,32.6998,7.345599999999999,-0.19119999999999998,5.5024,1.3648000000000002,2002.0,113.0,15.878559999999998,28.18186666666667,4.28608,75.03456,15.82612,6.362293333333334,11.158253333333331,4.59612,2002.0,4382.24,2552.35,923.17,2398.02,466.83,1946.26,0.11
1,129.0,29.8562,31.1472,17.9694,94.4032,26.108600000000003,15.312999999999999,18.5814,7.700799999999999,2002.0,129.0,2.0224,23.1862,0.0,49.699799999999996,11.8628,2.1192,7.913400000000001,2.0343999999999998,2002.0,129.0,20.270226666666666,27.17361333333333,5.167666666666666,71.82894666666665,18.537453333333335,7.602946666666666,13.000106666666666,4.38828,2002.0,4501.07,3069.48,1190.17,3102.13,592.96,2695.94,0.18
2,145.0,30.945,32.775,25.309199999999997,84.4782,30.86,19.5278,24.050800000000002,8.4964,2002.0,145.0,11.627199999999998,25.736399999999996,0.0,32.3142,15.881,3.8998,10.462800000000001,1.5903999999999998,2002.0,145.0,25.04965333333333,28.99594666666666,3.42028,60.71759999999999,23.026986666666666,11.32924,17.038693333333335,3.392293333333334,2002.0,5128.65,3530.06,1042.48,3209.24,533.28,2384.9,0.48
3,161.0,31.824199999999998,34.6898,17.7304,95.5004,30.958,20.4646,24.479000000000003,6.0565999999999995,2002.0,161.0,12.6046,29.045,0.0,45.871,22.2046,11.712599999999998,17.2382,1.712,2002.0,161.0,22.692680000000003,31.732266666666668,3.0556133333333335,68.84550666666667,26.26842666666667,15.86698666666667,20.724493333333335,3.712773333333333,2002.0,6341.52,4578.87,801.43,3585.16,423.61,1806.98,0.8
4,177.0,30.7762,35.1964,7.166600000000002,78.5472,33.5034,22.4586,27.1558,7.987799999999999,2002.0,177.0,19.533,30.748800000000003,0.0,48.699600000000004,26.9816,16.059800000000003,22.6528,1.8572,2002.0,177.0,27.052253333333333,32.70397333333334,0.5397200000000001,65.73246666666668,30.73646666666667,19.951333333333338,25.007186666666662,4.093533333333334,2002.0,6866.0,4857.13,653.6,3521.3,357.09,1358.34,0.17
5,193.0,27.5458,35.9164,20.3778,94.181,34.2194,22.55,27.2516,3.4176,2002.0,193.0,8.1792,29.261200000000002,0.0,57.01519999999999,21.050800000000002,14.7802,18.8792,0.6836,2002.0,193.0,21.755173333333335,33.132239999999996,3.4998666666666667,73.63256,28.863986666666666,18.843466666666668,23.612479999999998,2.2433333333333336,2002.0,7355.6,5148.16,524.66,3519.51,287.71,1121.68,0.12
6,209.0,28.782399999999996,35.4376,15.0152,78.062,34.8856,23.058999999999997,27.5298,4.809800000000001,2002.0,209.0,10.041800000000002,31.3072,0.0,55.358999999999995,25.521,12.373000000000001,19.5162,1.5963999999999998,2002.0,209.0,23.352919999999997,33.37010666666667,3.610786666666667,66.71497333333332,30.956199999999995,19.26036,24.58546666666667,3.308493333333333,2002.0,7474.55,5271.61,507.67,3570.09,281.04,1066.74,0.28
7,225.0,27.7314,35.4148,25.303400000000003,90.11959999999999,31.380000000000003,21.273200000000003,24.8068,5.2894000000000005,2002.0,225.0,9.2196,28.2984,0.0,49.5232,21.7786,7.0616,16.342200000000002,1.1314000000000002,2002.0,225.0,19.90016,31.461733333333328,8.161933333333334,70.27564,26.460879999999996,15.083426666666668,20.784106666666666,3.32332,2002.0,7566.32,4955.51,430.57,3219.31,236.0,879.45,0.0
8,241.0,24.4012,34.864999999999995,10.0846,92.65339999999999,29.859199999999998,22.580399999999997,24.1948,4.7908,2002.0,241.0,13.6968,28.843599999999995,0.0,59.959,23.4912,11.549199999999999,18.404200000000003,1.0346,2002.0,241.0,19.70564,32.09832,1.5667466666666667,79.12645333333333,26.418866666666666,17.23892,21.520226666666666,2.3940133333333335,2002.0,7011.64,4835.64,589.09,3420.65,313.31,1192.42,0.0
9,257.0,23.2904,32.955,22.3546,92.423,31.3412,19.6952,24.367,4.934199999999999,2002.0,257.0,4.715199999999999,25.5202,0.0,50.263799999999996,19.2348,7.4765999999999995,14.260200000000001,0.804,2002.0,257.0,15.818453333333334,30.397626666666667,3.3580571428571426,72.07484,23.86414666666667,13.228840000000002,18.36105333333333,2.867253333333333,2002.0,5392.17,3085.29,738.55,2477.41,374.14,1385.35,0.23
10,273.0,20.4364,31.8578,25.4246,94.35320000000002,29.587600000000002,19.2164,23.2014,6.652,2002.0,273.0,4.268,26.3136,0.0,47.924400000000006,13.196000000000002,0.5660000000000001,8.254000000000001,2.0966,2002.0,273.0,12.789186666666668,29.177773333333334,3.678,69.46330666666665,19.972946666666665,8.980146666666666,14.070706666666666,3.75412,2002.0,4422.05,2409.34,844.44,2202.49,423.64,1743.03,0.01
11,289.0,17.003999999999998,28.3766,11.931600000000001,85.24940000000001,22.2404,11.8232,16.0098,5.133,2002.0,289.0,4.921200000000001,22.503600000000002,0.0,46.7548,0.8974,-1.4584,-0.0048000000000000265,1.6784000000000001,2002.0,289.0,12.190906666666667,25.701893333333334,2.004266666666667,69.61744,12.181706666666665,4.171546666666667,7.8656533333333325,3.4822533333333334,2002.0,4018.39,2318.13,999.2,2352.97,511.39,1877.41,0.54
12,305.0,13.690000000000001,26.067800000000002,21.6238,95.47959999999999,13.892199999999999,5.6394,7.9598,5.2334,2002.0,305.0,3.1576,20.950400000000002,0.0,60.660799999999995,-0.9486,-5.9876,-3.5934,1.9644,2002.0,305.0,7.442853333333334,24.40938666666667,4.713307692307692,83.99230666666668,4.958893333333333,-0.6256800000000001,1.9162000000000003,3.1999466666666665,2002.0,3672.5,2075.09,1016.52,2218.44,513.51,1694.74,0.03
