,DOY,INSgdmax,RADmax,RAINmax,RHmax,TMAXmax,TMINmax,Tmax,WINDmax,YEAR,DOY,INSgdmin,RADmin,RAINmin,RHmin,TMAXmin,TMINmin,Tmin,WINDmin,YEAR,DOY,INSgdmean,RADmean,RAINmean,RHmean,TMAXmean,TMINmean,Tmean,WINDmean,YEAR,NDVI,EVI,RED,NIR,BLUE,MIR,pixrel
0,113.0,28.19,29.95,25.22,89.16,24.41,17.55,19.77,8.56,2002.0,113.0,1.55,24.98,0.0,32.46,5.18,-1.65,3.69,1.13,2002.0,113.0,17.242,27.45466666666666,3.3506666666666667,71.56333333333333,14.587333333333333,5.320666666666667,9.921333333333333,4.898,2002.0,3911.44,2524.93,1225.93,2780.55,616.96,2649.97,0.74
1,129.0,29.02,31.18,17.49,96.18,25.97,12.74,17.66,8.14,2002.0,129.0,2.52,23.4,0.0,45.86,10.43,0.47,7.18,2.28,2002.0,129.0,19.087333333333333,27.228,3.3813333333333326,68.87866666666666,17.632,6.285999999999999,11.877333333333333,4.548666666666667,2002.0,4357.71,2946.89,1194.6,3025.45,605.83,2659.63,0.14
2,145.0,30.06,31.54,14.8,82.98,31.96,18.84,24.87,9.33,2002.0,145.0,9.83,24.95,0.0,29.46,13.77,4.3,9.72,1.87,2002.0,145.0,25.293999999999997,28.310666666666677,3.6966666666666668,55.91333333333334,23.2,11.054,16.916,3.7286666666666664,2002.0,4855.53,3275.34,1058.42,3064.73,542.62,2271.21,0.38
3,161.0,30.74,33.88,17.01,94.3,31.96,19.64,25.27,7.01,2002.0,161.0,10.84,28.22,0.0,39.77,20.83,10.6,15.51,1.69,2002.0,161.0,23.018666666666665,31.461333333333332,4.043333333333334,66.47200000000001,25.954000000000004,15.162000000000003,20.19066666666667,4.04,2002.0,5962.61,4301.5,904.2,3553.55,471.7,1994.49,0.86
4,177.0,31.57,35.06,6.6,84.2,33.47,22.58,27.29,7.93,2002.0,177.0,15.73,31.46,0.0,53.58,25.85,15.5,21.52,1.76,2002.0,177.0,26.654,32.873999999999995,0.7093333333333334,69.86266666666667,29.742000000000004,19.68333333333333,24.253999999999998,4.540666666666666,2002.0,6573.72,4611.4,719.61,3471.9,380.27,1531.54,0.83
5,193.0,30.24,35.78,21.12,93.68,35.08,22.49,27.37,3.84,2002.0,193.0,4.79,29.38,0.0,54.85,19.06,13.97,17.57,1.1,2002.0,193.0,23.74333333333333,32.907333333333334,2.1733333333333333,72.18800000000002,28.944666666666667,18.466666666666665,23.446666666666665,2.5786666666666673,2002.0,6281.45,4345.93,762.86,3350.65,403.2,1441.23,0.02
6,209.0,29.16,35.28,17.48,87.87,36.01,22.48,27.51,5.89,2002.0,209.0,13.72,30.38,0.0,50.84,25.4,11.44,18.55,1.76,2002.0,209.0,24.439333333333344,32.974000000000004,4.283333333333333,62.647333333333336,31.133999999999997,18.37333333333333,24.212666666666664,3.6366666666666676,2002.0,6651.85,4696.73,696.27,3496.67,371.87,1326.54,0.78
7,225.0,27.5,34.63,9.81,90.66,31.37,20.61,23.9,5.89,2002.0,225.0,6.3,28.01,0.0,53.31,20.48,4.35,14.13,1.02,2002.0,225.0,19.896666666666665,31.003333333333334,2.9293333333333336,68.744,25.878,13.888666666666667,19.755999999999997,3.8046666666666678,2002.0,7016.75,4372.0,508.19,2958.14,269.0,1003.14,0.0
8,241.0,24.23,35.03,16.81,94.37,27.87,20.71,22.85,4.9,2002.0,241.0,12.78,29.66,0.0,66.56,22.97,10.27,17.03,0.79,2002.0,241.0,18.555999999999997,32.14066666666667,2.990666666666667,82.34133333333334,25.538666666666668,16.89466666666667,20.868,2.758000000000001,2002.0,6540.41,4155.82,613.88,2980.24,327.55,1157.27,0.0
9,257.0,22.5,32.62,17.14,93.05,29.99,19.88,24.05,5.0,2002.0,257.0,5.15,25.09,0.0,54.44,17.72,6.28,12.91,1.05,2002.0,257.0,16.108666666666668,30.061999999999998,3.0578571428571424,71.33866666666667,23.182000000000002,12.698,17.669333333333334,3.3213333333333335,2002.0,5419.59,3146.0,746.01,2522.43,383.89,1433.74,0.04
10,273.0,18.25,30.35,13.28,89.36,28.99,17.79,21.79,6.68,2002.0,273.0,3.02,26.71,0.0,48.56,10.47,0.83,7.4,2.05,2002.0,273.0,11.217333333333334,28.547333333333334,2.8326666666666664,70.74333333333334,17.504,7.293333333333333,12.132,3.947333333333333,2002.0,4813.99,2628.95,769.7,2232.79,392.98,1638.42,0.0
11,289.0,16.81,28.73,7.55,88.73,19.38,11.8,14.63,6.07,2002.0,289.0,5.0,22.39,0.0,48.44,-0.12,-1.94,-1.21,1.87,2002.0,289.0,10.698666666666663,25.43333333333334,2.1386666666666665,73.858,10.584666666666667,3.263333333333334,6.6,3.862,2002.0,4247.58,2336.88,884.5,2205.56,446.72,1759.23,0.0
12,305.0,12.46,25.34,22.67,96.23,13.1,2.15,5.52,5.93,2002.0,305.0,3.28,20.66,0.0,62.83,-3.0,-7.59,-4.82,1.7,2002.0,305.0,7.941999999999999,23.586000000000002,4.345384615384615,85.00666666666667,3.540666666666667,-2.099333333333334,0.5773333333333334,3.3079999999999994,2002.0,3698.72,1894.82,870.84,1918.82,444.75,1639.63,0.0
