,DOY,INSgdmax,RADmax,RAINmax,RHmax,TMAXmax,TMINmax,Tmax,WINDmax,YEAR,DOY,INSgdmin,RADmin,RAINmin,RHmin,TMAXmin,TMINmin,Tmin,WINDmin,YEAR,DOY,INSgdmean,RADmean,RAINmean,RHmean,TMAXmean,TMINmean,Tmean,WINDmean,YEAR,NDVI,EVI,RED,NIR,BLUE,MIR,pixrel
0,113.0,26.932,32.4966,40.247,90.7448,25.0276,18.658600000000003,20.9842,7.965999999999999,2002.0,113.0,4.0127999999999995,24.8124,0.0,34.4464,8.218,-0.1414,6.0402000000000005,1.3432,2002.0,113.0,15.828240000000001,28.468600000000002,5.230840000000001,76.44893333333333,16.34465333333333,6.65672,11.612413333333333,4.418893333333333,2002.0,4336.25,2533.2,935.19,2403.2,475.55,1821.4,0.14
1,129.0,29.8534,30.9852,26.197999999999997,94.52120000000001,25.9796,16.2258,19.261400000000002,7.4956,2002.0,129.0,2.0986000000000002,23.3288,0.0,51.9002,12.8674,2.3984,8.058200000000001,1.9344000000000001,2002.0,129.0,20.437746666666662,27.297439999999998,7.682400000000001,72.59172,18.91908,8.154453333333333,13.412666666666667,4.266973333333333,2002.0,4563.44,3134.02,1157.96,3111.94,576.25,2596.99,0.12
2,145.0,30.7982,32.85339999999999,30.838,85.2928,30.482,19.7436,23.9882,7.9724,2002.0,145.0,10.702800000000002,25.5514,0.0,34.324600000000004,16.724800000000002,3.7742000000000004,10.4834,1.6536,2002.0,145.0,25.18705333333333,29.056733333333334,4.7066,62.75365333333333,22.920653333333334,11.42604,17.046733333333332,3.2665733333333336,2002.0,5217.26,3639.5,1032.79,3284.02,522.97,2326.59,0.5
3,161.0,32.2786,34.7836,19.3202,94.0788,30.344800000000003,21.112399999999997,24.144399999999997,5.5718,2002.0,161.0,10.8054,28.92,0.0,48.11879999999999,22.8696,11.602800000000002,17.4526,1.534,2002.0,161.0,22.288253333333337,31.79096,3.2588133333333333,69.50209333333333,26.38805333333334,16.13548,20.92772,3.5218,2002.0,6167.65,4369.96,821.39,3469.42,430.29,1843.96,0.79
4,177.0,30.6918,35.0732,9.784600000000001,77.1854,33.4174,22.617400000000004,26.8514,7.6373999999999995,2002.0,177.0,19.603,30.541200000000003,0.0,46.8062,27.3692,16.147,23.078,1.7996,2002.0,177.0,26.861933333333333,32.724293333333335,0.8168533333333334,65.75556,30.77484,20.064306666666667,25.13384,3.7760800000000003,2002.0,6625.63,4782.98,726.16,3596.19,394.04,1456.21,0.07
5,193.0,28.2076,36.0098,21.7854,93.9028,33.4256,22.599400000000003,27.0874,3.3167999999999997,2002.0,193.0,8.758000000000001,29.238,0.0,56.8104,21.7984,14.6114,19.3,0.746,2002.0,193.0,21.725826666666663,33.229706666666665,3.955506666666667,74.13356,28.87108,19.024146666666667,23.73313333333333,2.106053333333334,2002.0,7526.63,5335.75,498.42,3617.43,271.83,1071.32,0.48
6,209.0,28.823400000000003,35.553399999999996,14.6168,80.07999999999998,34.421400000000006,23.178399999999996,27.598,4.6196,2002.0,209.0,12.2516,31.321800000000003,0.0,58.5862,25.464399999999998,13.169,19.837400000000002,1.6566,2002.0,209.0,23.787133333333333,33.44068,3.137173333333333,69.09328,30.65533333333333,19.615333333333332,24.64862666666667,3.1536533333333336,2002.0,7512.18,5360.03,499.03,3638.07,273.39,1077.72,0.33
7,225.0,27.788199999999996,35.5006,25.4736,88.8956,31.3658,21.5176,24.9872,5.0274,2002.0,225.0,9.2188,28.575799999999997,0.0,51.2834,21.073999999999998,9.0176,16.912,1.1968,2002.0,225.0,19.132786666666668,31.851613333333333,8.354866666666666,71.23918666666668,26.566066666666664,15.699026666666668,21.17761333333333,3.1682266666666665,2002.0,7666.42,5054.87,413.54,3268.02,223.91,884.38,0.0
8,241.0,24.3932,35.1068,12.378,92.1008,30.5726,23.1128,24.7346,4.651199999999999,2002.0,241.0,15.459599999999998,29.0704,0.0,59.367799999999995,23.7634,12.622599999999998,19.157000000000004,1.1969999999999998,2002.0,241.0,20.452893333333336,32.155919999999995,1.4439466666666667,77.87106666666668,26.810653333333335,17.42828,21.841226666666667,2.29968,2002.0,7242.56,5111.74,554.59,3558.51,298.93,1107.36,0.0
9,257.0,23.5616,33.1436,25.0442,91.19739999999999,31.870800000000003,19.8394,24.483000000000004,5.0686,2002.0,257.0,4.695,26.203400000000002,0.0,48.286199999999994,19.9864,7.273,14.8114,0.8156000000000001,2002.0,257.0,15.868693333333333,30.627560000000003,3.8836571428571434,72.03,24.291986666666666,13.613986666666666,18.80737333333333,2.72272,2002.0,5696.74,3340.44,704.51,2599.53,357.79,1288.55,0.09
10,273.0,20.529799999999998,32.312,22.3094,94.0968,29.5154,19.6784,23.4188,6.474,2002.0,273.0,4.3044,25.9448,0.0,47.791,14.7014,0.6542,8.6152,1.7285999999999997,2002.0,273.0,13.584986666666667,29.287640000000003,3.1146000000000003,67.86303999999998,20.967306666666666,9.558013333333335,14.927786666666666,3.608053333333333,2002.0,4749.36,2617.26,778.6,2246.28,393.66,1610.77,0.0
11,289.0,17.330000000000002,28.740000000000002,12.8234,85.2286,23.0606,11.64,16.439799999999998,4.812800000000001,2002.0,289.0,4.6015999999999995,22.3352,0.0,45.514399999999995,1.9827999999999997,-1.6578,0.8366,1.4266,2002.0,289.0,12.658013333333336,25.70988,2.3056666666666668,67.94685333333334,12.937359999999998,4.3787199999999995,8.379013333333333,3.2493333333333334,2002.0,3940.93,2304.07,1029.51,2359.03,549.43,1795.54,0.93
12,305.0,13.7498,26.650199999999998,23.5728,94.9786,14.2236,6.6777999999999995,8.690000000000001,5.169200000000001,2002.0,305.0,3.0747999999999998,21.5218,0.0,62.757600000000004,-0.5318,-5.3633999999999995,-3.1236,1.9176,2002.0,305.0,7.2189733333333335,24.720506666666665,4.619076923076923,84.15677333333332,5.467759999999999,-0.0270266666666667,2.4825333333333335,3.12256,2002.0,3618.53,2104.6,1087.6,2325.34,546.4,1774.87,0.11
