,DOY,INSgdmax,RADmax,RAINmax,RHmax,TMAXmax,TMINmax,Tmax,WINDmax,YEAR,DOY,INSgdmin,RADmin,RAINmin,RHmin,TMAXmin,TMINmin,Tmin,WINDmin,YEAR,DOY,INSgdmean,RADmean,RAINmean,RHmean,TMAXmean,TMINmean,Tmean,WINDmean,YEAR,NDVI,EVI,RED,NIR,BLUE,MIR,pixrel
0,113.0,27.2048,32.254,27.743299999999998,91.5514,24.6411,18.4363,20.8099,8.5884,2002.0,113.0,3.0201000000000002,24.7513,0.0,32.6909,8.248800000000001,0.09719999999999995,5.7289,1.4963000000000002,2002.0,113.0,15.877846666666667,28.378833333333336,4.271346666666667,75.11935333333334,16.234173333333334,6.613099999999999,11.515386666666668,4.631813333333334,2002.0,3417.24,1953.76,1131.27,2303.67,542.92,2257.68,0.1
1,129.0,29.8902,31.621399999999998,18.054199999999998,94.6396,26.3366,15.7048,18.988500000000002,7.2638,2002.0,129.0,2.9387999999999996,23.6277,0.0,48.2701,12.0043,2.2213000000000003,8.053899999999999,2.0562,2002.0,129.0,20.088580000000004,27.608353333333334,4.719006666666667,71.19686666666666,19.059639999999998,7.9160466666666665,13.376886666666667,4.400966666666667,2002.0,3636.54,2498.45,1448.96,3097.13,688.34,3130.34,0.22
2,145.0,31.050500000000003,33.0143,26.6448,83.8242,31.21,19.5473,24.3919,8.854700000000001,2002.0,145.0,8.5872,25.281599999999997,0.0,31.9576,16.094500000000004,4.1712,10.9089,1.7067999999999999,2002.0,145.0,24.69798666666667,29.018579999999993,4.3164,61.48117333333332,23.312493333333332,11.541526666666666,17.265880000000003,3.41862,2002.0,4093.73,2886.61,1376.74,3276.32,664.99,2998.58,0.35
3,161.0,31.3175,34.613299999999995,15.227699999999999,94.48160000000001,31.3889,20.4392,24.770400000000002,6.410299999999999,2002.0,161.0,12.1925,28.651899999999998,0.0,45.4432,22.8451,11.994700000000002,17.6005,1.7128,2002.0,161.0,22.716713333333335,31.64709333333333,2.8344066666666667,68.22114666666666,26.66362,16.143433333333334,21.020226666666666,3.828833333333333,2002.0,5371.49,3366.71,857.87,2840.68,438.49,1700.09,0.2
4,177.0,31.3152,35.054,4.8933,78.46019999999999,33.7641,22.2984,27.1868,7.9792000000000005,2002.0,177.0,19.1447,30.791400000000003,0.0,49.9179,26.9231,16.547700000000003,22.7524,2.015,2002.0,177.0,27.24454666666667,32.82558,0.5308866666666667,66.16085333333334,30.758473333333335,19.964133333333333,24.98779333333333,4.190686666666667,2002.0,6784.12,4961.12,710.34,3715.77,376.08,1478.65,0.12
5,193.0,28.3968,35.9185,11.9186,92.04600000000002,34.903099999999995,22.4927,27.554799999999997,3.585,2002.0,193.0,10.0127,29.3968,0.0,54.4773,21.2179,15.067,19.1186,0.8064,2002.0,193.0,22.449180000000002,33.241753333333335,1.9635266666666666,71.58110666666667,29.463566666666665,19.09538,24.02198,2.33902,2002.0,7687.93,5734.37,506.7,3935.62,271.47,1105.28,0.02
6,209.0,29.065099999999997,35.6248,14.71,77.48070000000001,35.1429,23.0278,27.7832,4.942200000000001,2002.0,209.0,9.6195,31.320800000000002,0.0,53.1846,26.4619,12.9145,20.1581,1.9708999999999999,2002.0,209.0,23.629499999999997,33.48394,3.383153333333333,65.12038666666666,31.447739999999996,19.460873333333335,24.926,3.4477866666666666,2002.0,7926.51,5832.2,439.32,3883.04,238.36,991.2,0.02
7,225.0,27.5925,35.9662,22.8094,89.00899999999999,31.705599999999997,21.845000000000002,25.4879,5.1624,2002.0,225.0,8.5038,28.905499999999996,0.0,48.6085,22.014499999999998,7.7346,16.400199999999998,1.353,2002.0,225.0,19.61494,31.836266666666667,6.305693333333334,70.03641999999999,26.897966666666665,15.68724,21.233926666666665,3.40726,2002.0,8230.96,5753.94,346.64,3646.44,189.21,746.54,0.0
8,241.0,24.5272,35.209900000000005,11.582699999999999,91.5977,30.4938,22.4458,24.435200000000002,4.7595,2002.0,241.0,12.305200000000001,29.437299999999997,0.0,58.4597,23.497700000000002,11.944299999999998,18.8846,0.9451,2002.0,241.0,19.599533333333333,32.30774000000001,1.9681066666666667,78.44832666666666,26.91494666666667,17.390319999999996,21.811453333333336,2.442353333333333,2002.0,7254.65,5135.61,567.23,3603.79,299.11,1012.3,0.0
9,257.0,23.1386,33.2726,23.446399999999997,91.35869999999998,31.1672,19.945,24.4907,5.167699999999999,2002.0,257.0,4.552099999999999,25.6124,0.0,50.8231,19.134999999999998,7.826700000000001,14.3609,0.9586,2002.0,257.0,16.073906666666666,30.454439999999998,3.1576,71.90768,24.01513333333333,13.456319999999998,18.528459999999995,2.9784399999999995,2002.0,5167.35,2869.55,744.31,2351.76,376.4,1371.43,0.0
10,273.0,20.470399999999998,32.2192,23.9299,94.2334,30.4021,19.4758,23.596700000000002,6.794899999999999,2002.0,273.0,3.5035000000000007,26.3734,0.0,46.7042,13.163400000000001,0.8070999999999999,8.666300000000001,2.2077999999999998,2002.0,273.0,13.225326666666668,29.285586666666664,3.4124066666666666,68.37626666666667,20.359179999999995,9.198673333333334,14.385386666666665,3.8258133333333335,2002.0,4183.36,2124.22,813.15,1997.51,395.21,1610.91,0.0
11,289.0,17.1219,28.2626,17.8261,84.4412,21.8945,11.785300000000001,15.6619,5.22,2002.0,289.0,4.7162,22.639300000000002,0.0,46.482099999999996,1.1876,-1.2408000000000001,0.09939999999999999,1.6883000000000001,2002.0,289.0,12.423273333333334,25.75816,2.42666,70.14054666666667,12.379793333333334,4.393346666666667,8.056006666666665,3.4861333333333335,2002.0,3336.46,1860.48,1110.16,2198.87,552.07,1769.84,0.94
12,305.0,13.538599999999999,25.8808,19.8842,96.0676,13.9795,5.495699999999999,7.903700000000001,5.1347,2002.0,305.0,2.9795999999999996,21.1948,0.0,63.1418,-1.2197,-5.9409,-3.5832,2.0164,2002.0,305.0,7.483446666666666,24.39686666666667,4.122284615384616,84.50374,5.031246666666666,-0.5077400000000001,2.0036333333333336,3.2174533333333333,2002.0,3047.36,1673.11,1140.06,2134.87,547.95,1872.99,0.0
