,DOY,INSgdmax,RADmax,RAINmax,RHmax,TMAXmax,TMINmax,Tmax,WINDmax,YEAR,DOY,INSgdmin,RADmin,RAINmin,RHmin,TMAXmin,TMINmin,Tmin,WINDmin,YEAR,DOY,INSgdmean,RADmean,RAINmean,RHmean,TMAXmean,TMINmean,Tmean,WINDmean,YEAR,NDVI,EVI,RED,NIR,BLUE,MIR,pixrel
0,113.00000000000001,27.544999999999998,30.0037,24.4844,90.17849999999999,22.8111,17.285700000000002,19.6164,8.1675,2002.0,113.00000000000001,2.4614000000000003,24.382900000000003,0.0,34.7948,4.124199999999999,-2.7298999999999998,2.7199999999999998,1.4358,2002.0,113.00000000000001,18.10228,27.00714,2.815846666666667,71.32192666666667,13.665266666666668,4.223766666666666,8.94244,4.85454,2002.0,2362.26,1143.69,987.4,1622.71,523.61,1924.22,0.12
1,129.0,28.9373,30.6028,16.1406,96.9401,25.1414,12.653400000000001,17.3443,8.4296,2002.0,129.0,3.5831999999999993,23.8138,0.0,44.3636,10.4487,-0.9676000000000001,6.892,2.3084,2002.0,129.0,18.653660000000002,27.095566666666663,2.7939199999999995,67.64754,16.694986666666665,5.3811333333333335,10.993953333333334,4.5556133333333335,2002.0,2620.05,1214.7,886.19,1546.98,469.0,1731.0,0.07
2,145.0,30.693600000000004,31.566799999999997,16.4891,82.8363,31.741300000000003,17.750700000000002,24.2638,9.042600000000002,2002.0,145.0,9.7809,24.335800000000003,0.0,30.264499999999998,13.1455,4.155,9.1135,1.9527,2002.0,145.0,24.65153333333333,28.254506666666668,3.079966666666667,54.28434666666668,22.704946666666665,10.63094,16.528733333333335,3.8301000000000003,2002.0,3712.8,1917.65,811.51,1869.79,434.41,1646.3,0.13
3,161.0,29.9986,33.805499999999995,16.711499999999997,91.1234,31.269900000000003,19.4469,24.747899999999998,6.9096,2002.0,161.0,7.804600000000001,28.4615,0.0,38.0391,19.3142,9.3803,14.261599999999998,1.3621,2002.0,161.0,21.385886666666664,31.235726666666668,4.240253333333333,66.46258666666667,25.431866666666668,14.549653333333334,19.559986666666667,3.9277133333333327,2002.0,5002.76,2367.87,560.69,1798.68,298.4,696.84,0.03
4,176.99999999999997,31.408900000000003,35.2528,13.776299999999999,83.9806,33.242900000000006,22.2527,26.887500000000003,7.6809,2002.0,176.99999999999997,13.113500000000002,31.1924,0.0,57.471199999999996,25.4035,15.2503,20.9465,1.6513,2002.0,176.99999999999997,25.719980000000003,32.919466666666665,1.9646866666666667,72.51477333333332,29.096766666666667,19.523866666666667,23.809793333333328,4.39902,2002.0,7835.69,5614.96,442.15,3750.86,233.25,771.76,0.0
5,193.00000000000003,30.8053,36.242399999999996,25.1431,92.03,34.6985,22.3634,26.8409,4.1713000000000005,2002.0,193.00000000000003,8.083,29.1418,0.0,54.6032,20.8383,12.8048,17.578500000000002,0.8333,2002.0,193.00000000000003,23.81516666666667,32.68622666666667,2.7107933333333336,73.11990000000002,28.692460000000004,18.214286666666666,23.124259999999996,2.6632266666666666,2002.0,7725.02,5653.97,493.29,3886.25,255.49,803.57,0.06
6,209.0,29.0524,35.644800000000004,16.3453,91.2636,35.5584,22.198800000000002,27.2836,5.8504,2002.0,209.0,13.0635,29.2945,0.0,53.3388,24.550900000000002,10.9213,17.6869,1.7918999999999998,2002.0,209.0,23.45232666666667,32.79276,3.67836,64.30554666666666,30.3617,17.630966666666666,23.44444,3.60238,2002.0,7298.98,4958.44,515.94,3404.92,265.77,772.66,0.0
7,225.0,27.626,34.1761,14.492999999999999,87.5666,31.612800000000004,18.9457,23.8648,6.4647,2002.0,225.0,4.5067,27.4766,0.0,51.979299999999995,20.7847,4.7608999999999995,13.741100000000001,1.2278000000000002,2002.0,225.0,19.769506666666665,30.68321333333333,3.752100000000001,67.27386666666668,25.87982,13.627086666666667,19.49700666666667,4.056526666666667,2002.0,6111.25,4090.88,736.81,3138.83,381.07,1058.23,0.04
8,241.0,24.0815,34.596900000000005,21.122999999999998,94.2271,27.4905,19.800800000000002,22.434100000000004,5.111599999999999,2002.0,241.0,10.442599999999999,29.559199999999997,0.0,66.1579,22.174500000000002,10.356699999999998,17.0842,0.8741,2002.0,241.0,18.440260000000002,31.90684,3.906586666666667,82.26262,25.245140000000003,16.633446666666668,20.558546666666672,2.9732600000000007,2002.0,4906.75,2789.17,785.68,2351.52,398.54,1374.46,0.0
9,257.0,22.0029,32.3119,12.2097,92.49280000000002,30.301999999999996,20.0627,24.3136,5.2903,2002.0,257.0,4.7277,26.341,0.0,49.5384,17.635,5.4133000000000004,12.506199999999998,1.2568000000000001,2002.0,257.0,16.28144,29.99018,2.7068714285714286,70.22088666666667,23.153593333333333,12.6401,17.596526666666666,3.4967466666666662,2002.0,4674.73,2870.36,903.66,2573.83,463.52,1480.69,0.07
10,272.99999999999994,17.8809,30.488899999999997,20.3687,89.5791,27.7867,16.0001,20.6963,6.2309,2002.0,272.99999999999994,3.29,26.9706,0.0,50.4585,11.046800000000001,0.6786000000000001,6.5982,1.9062999999999999,2002.0,272.99999999999994,10.26342,28.581126666666666,3.1099466666666666,70.90839999999999,16.519560000000002,6.537766666666666,11.369113333333335,3.805533333333333,2002.0,3956.57,2133.52,845.86,2024.24,454.77,1394.48,0.04
11,288.99999999999994,16.3589,28.342100000000002,7.063000000000001,90.9398,18.256199999999996,11.594299999999999,14.2733,6.1617999999999995,2002.0,288.99999999999994,4.6617,21.8902,0.0,52.7759,-0.0525,-2.5853999999999995,-1.5059,1.7046,2002.0,288.99999999999994,10.257413333333334,25.148633333333333,1.69796,76.59664666666667,9.607773333333334,2.44688,5.7699066666666665,3.803993333333333,2002.0,3141.9,1638.09,911.98,1829.71,481.21,1449.7,0.42
12,305.0,12.322799999999999,24.9663,18.1025,95.30510000000001,12.025400000000001,1.1758000000000002,4.9799999999999995,6.2024,2002.0,305.0,3.6100999999999996,20.4462,0.0,65.1169,-3.5431,-7.794300000000001,-5.1057999999999995,1.5331000000000001,2002.0,305.0,7.809473333333333,22.978726666666667,3.5966,84.53847999999999,2.8975600000000004,-2.42072,0.10713333333333341,3.2985333333333333,2002.0,2524.12,1394.23,1569.85,2376.68,1117.98,1490.42,0.78
