,DOY,INSgdmax,RADmax,RAINmax,RHmax,TMAXmax,TMINmax,Tmax,WINDmax,YEAR,DOY,INSgdmin,RADmin,RAINmin,RHmin,TMAXmin,TMINmin,Tmin,WINDmin,YEAR,DOY,INSgdmean,RADmean,RAINmean,RHmean,TMAXmean,TMINmean,Tmean,WINDmean,YEAR,NDVI,EVI,RED,NIR,BLUE,MIR,pixrel
0,113.0,27.83,30.6,11.42,90.11,23.78,18.49,20.42,8.29,2002.0,113.0,2.92,25.06,0.0,35.57,4.94,-1.5,3.46,0.95,2002.0,113.0,16.70133333333333,27.557333333333325,1.8013333333333332,73.66933333333334,14.401333333333332,5.283333333333334,9.823333333333332,4.722666666666668,2002.0,3163.8,1726.19,957.56,1938.58,510.76,1769.88,0.07
1,129.0,29.34,31.32,21.34,95.29,26.01,13.25,17.07,8.52,2002.0,129.0,2.3,22.68,0.0,47.69,10.48,0.94,7.56,2.07,2002.0,129.0,19.999333333333333,27.10733333333333,4.394666666666666,70.77799999999999,17.323999999999998,6.586666666666665,11.862666666666671,4.565333333333333,2002.0,3549.93,1954.57,866.49,1970.67,463.63,1642.06,0.14
2,145.0,30.92,32.11,24.32,83.71,31.85,17.76,24.17,8.64,2002.0,145.0,11.09,25.06,0.0,31.28,14.73,4.09,10.04,2.09,2002.0,145.0,25.076,28.447333333333336,3.414666666666667,56.208,22.871333333333332,11.014,16.78533333333333,3.6646666666666676,2002.0,4008.84,2332.01,874.91,2210.22,471.91,1689.81,0.41
3,161.0,31.97,33.98,10.85,94.48,31.32,19.66,24.85,6.12,2002.0,161.0,13.9,28.94,0.0,39.38,20.53,10.13,15.64,1.58,2002.0,161.0,22.640666666666664,31.514666666666667,3.8139999999999996,67.46533333333333,25.651333333333334,15.183333333333332,20.06533333333333,3.8126666666666655,2002.0,5667.04,3324.17,622.81,2487.13,342.08,1035.44,0.15
4,177.0,31.68,34.88,11.66,81.74,33.01,22.26,27.1,8.33,2002.0,177.0,21.28,30.78,0.0,54.5,27.1,14.98,22.15,1.69,2002.0,177.0,27.484666666666673,32.63666666666666,1.6646666666666663,66.90533333333333,30.20799999999999,19.922666666666665,24.676000000000002,4.28,2002.0,7382.75,5112.03,509.59,3475.84,277.53,893.61,0.14
5,193.0,28.98,35.5,28.87,93.58,33.32,22.51,26.47,4.08,2002.0,193.0,5.4,29.02,0.0,59.01,20.56,13.9,17.79,0.85,2002.0,193.0,22.76,32.815999999999995,3.952666666666666,75.74666666666667,28.06533333333333,18.28666666666667,22.959999999999994,2.352666666666667,2002.0,7250.27,5092.5,550.11,3528.26,302.34,946.51,0.1
6,209.0,28.76,35.46,11.18,88.24,35.08,22.96,26.56,5.43,2002.0,209.0,16.31,30.06,0.0,54.97,24.45,11.62,18.12,1.74,2002.0,209.0,23.79733333333333,33.15866666666666,2.5346666666666664,67.31933333333333,30.34066666666667,18.336666666666666,23.75666666666666,3.354666666666666,2002.0,6978.94,4617.03,563.41,3214.79,303.29,957.04,0.12
7,225.0,27.5,34.2,22.32,86.72,31.47,19.76,23.84,6.18,2002.0,225.0,8.14,27.76,0.0,52.72,20.85,5.61,14.74,0.96,2002.0,225.0,20.226666666666667,30.691999999999997,7.369333333333333,68.80266666666667,25.708000000000002,13.904000000000005,19.73933333333333,3.549333333333334,2002.0,6235.79,3919.82,668.89,2899.76,358.13,973.44,0.08
8,241.0,24.26,34.74,10.06,95.4,28.49,21.7,23.21,4.92,2002.0,241.0,11.41,28.91,0.0,61.75,22.32,10.79,17.46,0.98,2002.0,241.0,19.313333333333333,31.790000000000006,1.598,80.55999999999999,25.57266666666667,16.827333333333332,20.904666666666664,2.552666666666667,2002.0,5605.26,3284.84,706.46,2546.05,361.98,1259.57,0.01
9,257.0,22.14,33.16,21.45,92.84,30.83,19.57,24.08,4.87,2002.0,257.0,4.9,26.53,0.0,51.69,18.52,7.1,13.46,1.17,2002.0,257.0,15.344666666666672,30.401333333333334,2.822857142857143,70.49333333333334,23.63266666666667,12.867333333333333,17.988666666666667,3.0433333333333326,2002.0,5052.65,3054.12,873.8,2623.69,454.72,1417.15,0.12
10,273.0,18.54,31.36,20.74,92.78,28.43,18.48,22.28,6.7,2002.0,273.0,3.38,26.6,0.0,49.52,11.58,0.63,7.25,2.12,2002.0,273.0,11.03466666666667,29.066,3.8420000000000005,71.16733333333333,18.150666666666666,8.005999999999998,12.798666666666668,3.7939999999999996,2002.0,4483.53,2491.16,828.79,2218.59,442.24,1354.15,0.21
11,289.0,16.38,29.48,9.71,83.85,21.06,12.16,15.94,5.68,2002.0,289.0,5.76,22.03,0.0,48.33,1.22,-2.1,-0.49,1.54,2002.0,289.0,11.014666666666665,25.387333333333334,1.8066666666666669,70.17066666666666,11.249333333333334,3.651333333333334,7.122000000000001,3.726000000000001,2002.0,3394.43,1902.37,1065.96,2121.29,623.9,1438.4,1.22
12,305.0,12.17,25.92,20.14,94.87,13.15,3.78,6.94,6.11,2002.0,305.0,3.71,21.46,0.0,58.16,-1.63,-6.52,-4.02,1.69,2002.0,305.0,7.704000000000002,24.05066666666666,3.2838461538461536,83.58733333333333,4.030666666666667,-1.3719999999999999,1.1333333333333333,3.2513333333333336,2002.0,2866.9,1563.57,1487.43,2369.68,1080.41,1417.2,1.33
