,DOY,INSgdmax,RADmax,RAINmax,RHmax,TMAXmax,TMINmax,Tmax,WINDmax,YEAR,DOY,INSgdmin,RADmin,RAINmin,RHmin,TMAXmin,TMINmin,Tmin,WINDmin,YEAR,DOY,INSgdmean,RADmean,RAINmean,RHmean,TMAXmean,TMINmean,Tmean,WINDmean,YEAR,NDVI,EVI,RED,NIR,BLUE,MIR,pixrel
0,113.0,27.748400000000004,33.1469,58.97409999999999,91.1042,26.7367,19.5488,22.3571,6.5424,2002.0,113.0,2.3947000000000003,25.5103,0.0,40.352199999999996,8.4696,-1.0165000000000002,5.513199999999999,1.3776,2002.0,113.0,15.910359999999997,28.541853333333336,6.492806666666667,75.03326666666666,16.78928,7.211340000000002,11.914200000000001,4.0828066666666665,2002.0,3877.38,1567.77,675.1,1464.03,488.52,771.96,3.36
1,129.0,30.6259,30.776899999999998,32.4092,94.5527,25.684900000000003,17.1176,19.5023,7.291899999999999,2002.0,129.0,2.8574,23.384700000000002,0.0,50.428399999999996,12.793700000000001,2.4890999999999996,8.4681,2.1398,2002.0,129.0,20.812353333333334,27.33693333333333,10.350359999999998,72.54476,18.937759999999997,8.672946666666668,13.70604666666667,4.0476,2002.0,4212.84,1633.58,482.25,1300.6,269.31,882.33,0.09
2,145.0,31.639400000000002,32.8066,16.6975,84.5343,29.948100000000004,19.341500000000003,24.0856,6.0731,2002.0,145.0,10.5584,24.1985,0.0,39.603,16.3569,2.8629000000000002,9.2874,1.9768,2002.0,145.0,24.71206,28.81064,2.595346666666666,64.90862666666668,22.446046666666668,11.125733333333333,16.61282,2.9840599999999995,2002.0,5122.76,2104.1,417.39,1479.91,256.48,719.6,2.77
3,161.0,31.7318,34.7085,31.592399999999998,90.95240000000001,30.4167,21.65,23.8904,5.15,2002.0,161.0,9.4275,28.1434,0.0,46.5822,22.814799999999998,11.4105,16.692899999999998,1.0196,2002.0,161.0,22.26909333333333,31.463526666666667,4.253613333333334,70.41771333333334,25.979873333333327,15.744773333333335,20.722759999999997,2.949806666666667,2002.0,6447.57,3056.2,369.96,1902.36,255.99,602.8,0.26
4,177.0,30.144099999999998,34.5534,17.6298,77.5247,34.7053,23.1175,26.8316,6.097500000000001,2002.0,177.0,15.6024,30.982799999999997,0.0,43.512100000000004,27.3631,15.872400000000003,22.865399999999998,1.0603000000000002,2002.0,177.0,25.657893333333337,32.84579333333333,2.2460066666666667,66.64022666666668,30.711573333333334,20.20525333333334,25.26411333333333,2.89494,2002.0,6806.48,3452.63,305.26,2054.25,216.74,529.84,0.01
5,193.0,29.6532,36.003499999999995,30.6216,87.3827,33.314099999999996,22.8581,27.0005,4.0196000000000005,2002.0,193.0,8.6661,29.2118,0.0,57.417699999999996,22.566899999999997,14.8018,19.185200000000002,0.8497000000000001,2002.0,193.0,20.865333333333332,33.2532,3.92712,72.50034,28.940019999999997,18.910980000000002,23.687853333333337,1.9137800000000003,2002.0,6737.79,3530.67,332.0,2135.85,243.41,570.19,0.0
6,209.0,28.875999999999998,35.4163,27.6674,82.2704,33.873400000000004,23.9892,27.618299999999998,3.7882,2002.0,209.0,12.9857,30.3129,0.0,64.247,24.5056,14.8629,20.0993,1.3045,2002.0,209.0,22.646140000000003,33.63892666666666,5.9082333333333334,73.31487333333334,29.687333333333335,20.039566666666666,24.568579999999997,2.641466666666667,2002.0,6718.26,3364.5,307.98,2023.3,209.15,529.73,0.0
7,225.0,28.022199999999998,35.099399999999996,26.606099999999998,87.9461,30.495800000000003,21.0485,24.4788,4.8361,2002.0,225.0,6.7959,28.1295,0.0,56.446600000000004,22.4132,10.696200000000001,18.172,0.9141000000000001,2002.0,225.0,19.660593333333335,31.801493333333333,6.01838,70.00756666666666,26.741459999999996,15.818140000000001,21.399753333333333,2.63452,2002.0,6613.97,3108.06,310.82,1855.41,214.82,510.35,0.02
8,241.0,24.860300000000002,35.9563,18.5467,88.6152,31.282500000000002,23.550300000000004,25.3028,4.5184,2002.0,241.0,15.503,28.633499999999998,0.0,51.654500000000006,24.2273,12.3216,19.910700000000002,1.3564,2002.0,241.0,20.0514,31.979226666666662,1.7322533333333334,73.64734666666666,27.441520000000004,17.61324,22.23308,2.0714266666666665,2002.0,6418.87,2870.1,294.12,1713.15,196.38,469.25,0.0
9,257.0,23.6997,33.2969,15.2138,90.2838,34.7714,20.7194,26.2122,4.3306,2002.0,257.0,6.6428,27.2703,0.0,42.7145,20.3043,7.6538,16.5894,0.7510000000000001,2002.0,257.0,15.791753333333332,30.780366666666662,3.1345214285714285,67.16933333333334,25.801953333333337,14.646419999999999,20.066453333333328,2.331313333333333,2002.0,6317.3,2702.81,306.7,1638.17,197.16,504.79,0.02
10,273.0,19.7766,32.736999999999995,9.274899999999999,90.4451,28.2044,20.009900000000002,23.131,6.177300000000001,2002.0,273.0,3.4523,26.0801,0.0,42.3784,14.0869,1.4987,8.257200000000001,1.1132,2002.0,273.0,13.47144,29.69162666666667,1.7392600000000003,64.70610666666667,21.82888666666667,10.432039999999999,15.980013333333336,3.2548666666666666,2002.0,5858.23,2490.34,385.66,1687.23,179.61,516.43,0.54
11,289.0,17.3525,29.2613,7.2751,79.53869999999999,24.1129,10.463600000000001,16.594,4.6729,2002.0,289.0,3.9112999999999998,22.1657,0.0,41.7209,5.1302,-1.218,3.1399999999999997,1.1869,2002.0,289.0,12.654366666666668,25.73119333333333,1.6619933333333332,61.33080666666667,14.231320000000004,4.375793333333333,9.139726666666665,2.9459066666666662,2002.0,4022.62,1460.18,863.46,1581.28,779.43,963.39,1.96
12,305.0,13.1073,27.5313,21.267,94.42490000000001,14.787799999999999,7.848699999999999,9.9219,4.9812,2002.0,305.0,3.1559000000000004,22.516599999999997,0.0,58.3248,0.2886,-4.2907,-2.2157,1.6658,2002.0,305.0,7.006213333333333,25.162933333333335,4.830553846153846,82.45764666666668,6.399566666666667,0.8108199999999999,3.5042533333333337,2.9564533333333336,2002.0,3728.7,1729.42,761.49,1625.81,618.99,524.15,2.27
