,DOY,INSgdmax,RADmax,RAINmax,RHmax,TMAXmax,TMINmax,Tmax,WINDmax,YEAR,DOY,INSgdmin,RADmin,RAINmin,RHmin,TMAXmin,TMINmin,Tmin,WINDmin,YEAR,DOY,INSgdmean,RADmean,RAINmean,RHmean,TMAXmean,TMINmean,Tmean,WINDmean,YEAR,NDVI,EVI,RED,NIR,BLUE,MIR,pixrel
0,113.0,27.18,30.24,23.96,90.85,24.95,18.75,21.26,7.58,2002.0,113.0,2.99,24.84,0.0,40.42,5.06,-1.48,3.32,1.07,2002.0,113.0,16.81066666666667,27.63533333333333,3.0873333333333335,74.90466666666666,14.304666666666664,5.296666666666668,9.822,4.477999999999999,2002.0,3390.77,1295.77,497.09,1309.17,233.09,809.91,23.13
1,129.0,30.06,30.49,17.51,94.78,25.5,14.3,17.78,8.5,2002.0,129.0,3.17,23.08,0.0,49.26,10.51,1.3,7.57,2.26,2002.0,129.0,20.37266666666667,26.819999999999997,4.809333333333333,71.92266666666666,17.128666666666668,6.775333333333334,11.939333333333336,4.48,2002.0,3365.74,1167.18,372.69,1171.65,126.92,649.82,33.16
2,145.0,31.68,32.08,20.14,83.06,31.58,16.86,23.7,7.66,2002.0,145.0,16.92,23.22,0.0,33.78,15.29,3.14,9.48,2.27,2002.0,145.0,24.97933333333333,28.49,3.4033333333333338,56.13399999999999,22.626666666666665,10.962,16.696666666666665,3.506,2002.0,4167.23,1881.76,548.71,1570.77,320.64,770.18,7.92
3,161.0,30.78,33.95,22.91,92.94,30.34,20.28,24.13,5.46,2002.0,161.0,11.52,28.76,0.0,39.22,19.89,9.95,15.83,1.36,2002.0,161.0,21.792666666666666,31.40733333333333,4.739333333333333,68.26933333333334,25.323333333333334,15.051333333333334,19.924666666666667,3.5020000000000007,2002.0,5527.81,2685.83,212.09,1767.7,80.35,390.09,28.07
4,177.0,31.61,35.21,18.88,80.0,33.68,23.15,27.05,8.17,2002.0,177.0,22.5,30.53,0.0,46.0,27.83,14.75,22.43,1.43,2002.0,177.0,27.499333333333333,32.66466666666667,1.9246666666666663,64.934,30.630666666666663,20.27466666666667,25.134666666666668,3.874666666666667,2002.0,6085.47,3151.5,182.45,1976.25,74.26,371.85,25.53
5,193.0,29.3,35.82,25.14,91.4,33.11,22.45,26.42,4.51,2002.0,193.0,4.64,28.62,0.0,61.23,22.65,13.36,18.29,0.96,2002.0,193.0,21.785999999999998,32.74266666666667,4.844666666666667,76.16000000000001,27.854666666666667,18.066,22.839999999999996,2.210666666666667,2002.0,6180.46,3255.73,146.46,2039.68,42.92,343.84,30.61
6,209.0,29.16,35.46,18.68,86.52,33.9,23.22,26.57,4.86,2002.0,209.0,15.98,28.91,0.0,61.92,23.99,11.91,18.32,1.66,2002.0,209.0,22.778666666666666,33.230666666666664,3.293333333333334,71.586,29.448,18.423333333333332,23.406,3.0046666666666666,2002.0,6375.63,3412.11,273.86,2048.12,173.05,427.91,2.65
7,225.0,28.15,33.62,20.46,87.2,31.5,20.18,23.85,6.21,2002.0,225.0,9.61,28.44,0.0,53.51,21.65,6.96,15.35,1.13,2002.0,225.0,20.59666666666667,30.505333333333333,5.818666666666667,67.74066666666666,25.892000000000003,13.93266666666667,20.00666666666667,3.266666666666667,2002.0,6009.16,3017.78,197.39,1915.39,79.12,395.4,25.52
8,241.0,24.23,35.24,11.06,93.59,29.74,21.68,23.63,4.78,2002.0,241.0,10.66,28.44,0.0,59.39,22.36,11.13,17.99,1.23,2002.0,241.0,19.295333333333335,31.61399999999999,1.8713333333333333,77.97800000000001,25.981999999999992,16.719333333333335,21.074666666666666,2.3393333333333337,2002.0,5896.87,2795.42,221.72,1770.08,97.36,413.49,20.45
9,257.0,22.46,33.01,18.01,90.8,32.46,20.19,24.57,4.56,2002.0,257.0,5.62,26.24,0.0,48.66,19.74,7.53,14.22,1.35,2002.0,257.0,15.082,30.552,2.8271428571428574,68.24399999999999,24.264666666666677,13.116666666666664,18.528000000000002,2.764,2002.0,6199.25,2787.02,306.81,1736.24,174.35,467.89,5.21
10,273.0,18.68,31.36,19.06,93.27,27.17,18.82,22.04,6.27,2002.0,273.0,3.24,26.17,0.0,49.69,12.4,0.1,7.17,1.82,2002.0,273.0,10.913333333333332,29.239333333333338,3.486,70.70466666666667,19.004,8.456666666666667,13.432666666666664,3.5753333333333335,2002.0,4561.44,1851.84,431.4,1472.52,224.24,568.3,15.75
11,289.0,17.17,29.48,9.61,78.55,22.7,12.3,17.02,5.12,2002.0,289.0,5.22,21.92,0.0,47.25,2.66,-2.1,0.26,1.79,2002.0,289.0,11.094666666666665,25.486,1.794,65.57533333333335,12.098666666666668,3.924,7.725999999999999,3.5193333333333334,2002.0,3190.15,1392.8,780.37,1578.45,568.24,745.62,14.38
12,305.0,12.82,26.68,21.62,92.79,13.38,5.44,8.02,5.88,2002.0,305.0,3.31,21.6,0.0,57.67,-1.21,-5.84,-3.42,1.64,2002.0,305.0,7.783333333333334,24.178666666666665,4.310769230769231,82.5,4.558000000000001,-0.9526666666666667,1.6753333333333333,3.106,2002.0,3501.28,1608.28,904.05,1760.93,648.13,893.66,3.64
