,DOY,INSgdmax,RADmax,RAINmax,RHmax,TMAXmax,TMINmax,Tmax,WINDmax,YEAR,DOY,INSgdmin,RADmin,RAINmin,RHmin,TMAXmin,TMINmin,Tmin,WINDmin,YEAR,DOY,INSgdmean,RADmean,RAINmean,RHmean,TMAXmean,TMINmean,Tmean,WINDmean,YEAR,NDVI,EVI,RED,NIR,BLUE,MIR,pixrel
0,113.0,27.477800000000002,32.6854,52.6438,91.2902,26.7312,19.255,22.3328,6.483,2002.0,113.0,2.4774000000000003,25.5138,0.0,41.1888,7.4552,-0.8696000000000002,4.8556,1.2738,2002.0,113.0,15.811399999999997,28.3872,6.523720000000001,75.32218666666667,16.14178666666667,7.074506666666667,11.513160000000003,4.109866666666666,2002.0,4025.14,1673.54,582.43,1510.08,279.75,1128.9,7.69
1,129.0,30.489000000000004,30.6986,30.928199999999997,94.16740000000001,25.8114,17.0138,19.25,7.329000000000001,2002.0,129.0,2.8454,23.331400000000002,0.0,50.4672,12.5482,2.3144,8.2848,2.2126,2002.0,129.0,20.7096,27.298573333333334,9.518133333333331,72.61062666666666,18.572613333333333,8.490746666666668,13.426746666666668,4.07124,2002.0,4173.96,1837.77,614.09,1624.66,305.15,1213.98,5.1
2,145.0,31.275399999999998,32.4188,14.9894,83.82660000000001,29.6458,19.089399999999998,23.9782,6.029,2002.0,145.0,12.0336,24.305799999999998,0.0,38.75580000000001,15.992999999999999,2.639,9.1442,2.0816,2002.0,145.0,24.36105333333333,28.806573333333333,1.9073066666666665,64.24513333333334,22.242413333333335,10.98416,16.475959999999997,3.024466666666666,2002.0,5804.02,2842.88,466.74,1940.56,276.26,837.97,0.04
3,161.0,31.679000000000002,34.6322,27.5792,90.9892,30.8134,21.7248,23.994,5.014,2002.0,161.0,9.7148,28.1402,0.0,44.550000000000004,22.4162,11.113399999999999,16.2334,0.9772000000000001,2002.0,161.0,22.24044,31.40889333333334,4.07628,70.00724,25.84197333333333,15.512266666666667,20.57026666666666,2.90224,2002.0,7032.67,3975.92,356.62,2453.13,230.43,615.48,0.02
4,177.0,29.951199999999996,34.528800000000004,18.693199999999997,77.29320000000001,34.703199999999995,23.2036,26.8642,6.1846000000000005,2002.0,177.0,14.3064,30.9512,0.0,42.4456,27.4516,15.825600000000001,22.8172,0.9856,2002.0,177.0,25.67462666666667,32.74882666666667,2.65688,66.03430666666668,30.806373333333337,20.2436,25.338986666666667,2.9240266666666663,2002.0,7576.79,4571.24,310.23,2782.44,198.33,589.24,0.01
5,193.0,29.0102,35.8138,26.577599999999997,85.36099999999999,33.5982,22.562600000000003,26.8598,4.304600000000001,2002.0,193.0,9.4036,29.0842,0.0,56.1726,23.495999999999995,14.7446,19.650799999999997,0.8394,2002.0,193.0,21.50568,33.18806666666667,3.9592,70.26770666666665,29.185039999999997,18.911360000000005,23.807760000000002,1.9450533333333335,2002.0,7537.46,4495.03,328.06,2740.41,216.3,630.61,0.03
6,209.0,28.9708,35.4398,25.590199999999996,83.1274,33.7094,23.9078,27.5978,3.5758,2002.0,209.0,12.7088,30.3022,0.0,64.6788,24.439,14.3446,19.9606,1.2730000000000001,2002.0,209.0,22.233506666666667,33.63738666666667,5.974293333333333,73.51514666666667,29.55506666666667,19.863173333333336,24.41232,2.6376933333333334,2002.0,7469.57,4326.1,312.1,2605.77,205.76,567.86,0.0
7,225.0,27.8374,34.7038,25.175400000000003,88.42660000000001,30.5852,20.8464,24.389000000000003,4.9844,2002.0,225.0,6.7814,27.900999999999996,0.0,57.6128,22.967,10.0838,18.1304,0.9218,2002.0,225.0,20.10754666666667,31.53548,5.8502133333333335,69.03277333333332,26.742066666666666,15.475773333333333,21.254573333333333,2.6052,2002.0,7300.14,4018.83,302.69,2422.96,190.03,582.56,0.03
8,241.0,24.84,35.905,19.384999999999998,88.8968,31.3144,23.5674,25.1376,4.5436,2002.0,241.0,15.2544,28.0042,0.0,52.8724,24.2628,12.36,19.8944,1.2284000000000002,2002.0,241.0,19.910600000000002,31.854026666666662,1.98556,73.67242666666667,27.317666666666668,17.533306666666668,22.112026666666665,2.0587333333333335,2002.0,7348.24,3806.86,300.29,2262.0,195.57,558.18,0.05
9,257.0,23.7574,33.340999999999994,14.998000000000001,90.3972,34.74079999999999,20.4258,26.1634,4.1472,2002.0,257.0,6.976,26.845399999999998,0.0,41.8962,19.892400000000002,7.5982,16.6154,0.7902,2002.0,257.0,15.81448,30.602346666666662,3.0397285714285713,66.48294666666668,25.85346666666667,14.42128,20.00722666666666,2.3297866666666667,2002.0,6877.63,3411.2,287.03,2077.75,162.79,560.9,5.11
10,273.0,19.6336,32.6932,11.718,90.5772,27.9358,20.035600000000002,23.053600000000003,6.2988,2002.0,273.0,3.1286000000000005,25.941200000000002,0.0,42.4016,13.7638,1.5876000000000001,8.192599999999999,1.0798,2002.0,273.0,12.9226,29.743946666666666,2.1299733333333335,65.08158666666668,21.476773333333334,10.43808,15.833066666666667,3.2801333333333336,2002.0,5658.64,3129.91,611.34,2323.58,372.05,723.44,1.15
11,289.0,17.1814,29.187399999999997,6.644400000000001,78.1058,24.11,10.871400000000001,16.757600000000004,4.6734,2002.0,289.0,3.8486,21.916,0.0,40.7712,5.563000000000001,-0.9151999999999998,3.07,1.2422,2002.0,289.0,12.37596,25.683666666666664,1.3467600000000002,60.68953333333333,13.995800000000001,4.50608,9.100333333333333,2.988399999999999,2002.0,4497.15,2036.62,816.58,1887.86,588.71,1002.94,1.05
12,305.0,12.7814,27.301,18.8936,94.4222,14.454800000000002,7.594200000000001,9.77,4.832000000000001,2002.0,305.0,3.2161999999999997,22.3328,0.0,55.449799999999996,-0.0898,-4.347799999999999,-2.2842000000000002,1.626,2002.0,305.0,7.258373333333335,24.958973333333333,4.427076923076922,81.79801333333334,6.2124266666666665,0.59324,3.338746666666667,2.9655466666666666,2002.0,3136.04,1610.54,1250.44,2177.52,1009.16,665.5,9.64
