,DOY,INSgdmax,RADmax,RAINmax,RHmax,TMAXmax,TMINmax,Tmax,WINDmax,YEAR,DOY,INSgdmin,RADmin,RAINmin,RHmin,TMAXmin,TMINmin,Tmin,WINDmin,YEAR,DOY,INSgdmean,RADmean,RAINmean,RHmean,TMAXmean,TMINmean,Tmean,WINDmean,YEAR,NDVI,EVI,RED,NIR,BLUE,MIR,pixrel
0,113.0,27.0691,32.1365,30.4793,91.3925,26.134399999999996,19.0621,22.1814,6.504900000000001,2002.0,113.0,2.8225,24.843500000000002,0.0,43.078399999999995,5.6714,-1.2332,3.714,1.4141000000000001,2002.0,113.0,16.33718,27.851093333333335,4.422726666666667,74.60788,14.8174,6.154026666666667,10.470859999999998,4.130133333333333,2002.0,4893.95,2103.55,591.58,1683.67,295.24,1137.49,0.0
1,129.0,30.4267,30.090899999999998,25.9231,95.45590000000001,25.0131,16.194499999999998,18.5222,7.5695,2002.0,129.0,2.3217000000000003,23.3155,0.0,48.528,10.722100000000001,1.0506,7.743399999999999,2.3011,2002.0,129.0,20.838506666666664,27.0019,7.35948,72.06319333333333,17.498493333333332,7.411173333333333,12.385613333333332,4.098126666666667,2002.0,4991.68,2413.74,670.08,1972.03,332.46,1273.59,0.0
2,145.00000000000003,31.7055,32.2722,12.410100000000002,83.56790000000001,30.676099999999998,17.9685,23.497500000000002,6.1583,2002.0,145.00000000000003,14.8942,23.4159,0.0,37.0133,15.5943,2.4667,8.9273,2.2458,2002.0,145.00000000000003,24.546699999999998,28.54322,1.9360799999999998,59.733140000000006,22.24346,10.789853333333332,16.346353333333333,3.1970866666666664,2002.0,6097.85,3038.99,514.7,2116.78,273.18,951.75,0.09
3,161.0,30.9241,34.19070000000001,23.7486,91.04480000000001,30.1589,21.267599999999995,23.4912,4.8102,2002.0,161.0,8.5914,28.707700000000003,0.0,40.254,20.3303,10.4971,15.645499999999998,1.1616,2002.0,161.0,21.377913333333332,31.271846666666665,4.861593333333333,68.79393999999999,25.1632,14.895973333333332,19.915946666666667,2.9921066666666674,2002.0,7797.27,4735.61,357.74,2949.11,197.75,681.97,0.0
4,177.0,30.325000000000003,34.9468,28.836399999999998,79.62379999999999,34.004000000000005,23.486000000000004,27.189500000000002,6.8021,2002.0,177.0,16.762,30.770599999999998,0.0,41.5714,27.6006,15.1974,22.4444,0.9483999999999999,2002.0,177.0,26.36891333333333,32.67093333333333,3.5553333333333335,64.69174,30.776400000000006,20.396160000000002,25.35276,3.2095599999999997,2002.0,8371.24,5382.1,284.76,3261.72,159.45,621.21,0.0
5,193.0,29.039900000000003,35.8363,23.311000000000003,84.8243,34.08990000000001,22.2753,26.831899999999997,4.415500000000001,2002.0,193.0,8.866999999999999,28.8063,0.0,56.4181,24.2304,13.899500000000003,19.341,0.8465,2002.0,193.0,21.985933333333335,32.87346,3.57604,70.54771999999998,28.866,18.428773333333336,23.453613333333333,2.0941666666666667,2002.0,8279.6,5336.91,302.16,3260.07,168.95,630.17,0.0
6,209.0,28.9178,35.4913,23.0133,83.8481,33.2297,23.5703,27.2035,3.8095,2002.0,209.0,11.7212,29.285300000000003,0.0,63.57939999999999,24.3837,13.0825,19.2641,1.3427,2002.0,209.0,21.605473333333336,33.45017333333333,5.052720000000001,73.21126666666666,29.06622666666667,19.108559999999997,23.732493333333334,2.665553333333333,2002.0,8225.72,4943.72,287.9,2959.29,163.27,558.75,0.0
7,225.0,27.370299999999997,33.543099999999995,18.0243,86.12530000000001,31.0558,20.320600000000002,24.092700000000004,5.5206,2002.0,225.0,6.5373,27.9447,0.0,54.2132,22.904500000000002,8.9789,16.725,1.2085000000000001,2002.0,225.0,20.535919999999997,30.829979999999995,5.39584,66.48973333333332,26.442939999999997,14.703326666666669,20.674446666666668,2.785893333333333,2002.0,8108.26,4779.2,300.64,2880.86,162.41,615.91,0.0
8,241.0,24.670400000000004,35.4863,16.2421,90.25919999999999,30.6384,22.2845,24.2924,4.4228000000000005,2002.0,241.0,14.5494,27.512700000000002,0.0,56.0464,24.059199999999997,11.71,19.174,1.2336,2002.0,241.0,19.482673333333334,31.54850666666667,2.2684466666666667,74.66814666666666,26.740753333333338,17.03010666666667,21.59064,2.1043,2002.0,7979.81,4398.74,293.93,2617.78,162.29,590.03,0.02
9,257.0,23.109899999999996,33.0411,21.982,89.26700000000001,34.398399999999995,20.5967,26.094100000000005,3.8932,2002.0,257.0,5.742,25.413899999999998,0.0,44.6237,19.431399999999996,7.347099999999999,15.620099999999999,1.3834999999999997,2002.0,257.0,15.187053333333333,30.305786666666663,3.2616499999999995,65.98827333333334,25.134026666666664,13.91392,19.472386666666665,2.464506666666667,2002.0,7632.47,3898.24,316.47,2349.43,169.21,612.58,0.0
10,273.0,19.674600000000005,32.132400000000004,15.824599999999998,92.19239999999999,27.100499999999997,19.4282,22.212000000000003,6.2082,2002.0,273.0,3.0695,26.1918,0.0,43.01399999999999,12.4713,0.962,7.447099999999999,1.1963000000000001,2002.0,273.0,11.82014,29.573333333333334,2.9966399999999997,68.32279333333334,20.05202666666667,9.469186666666666,14.583706666666663,3.2881066666666663,2002.0,6052.98,3169.57,628.29,2317.96,402.82,828.26,0.77
11,289.0,17.2651,30.0255,6.915000000000001,78.09970000000001,23.2546,11.5529,16.788200000000003,4.6114999999999995,2002.0,289.0,3.9769000000000005,21.320400000000003,0.0,43.4166,4.6845,-1.4489999999999998,1.7511999999999999,1.4771,2002.0,289.0,11.56578,25.54834,0.9365133333333333,62.505579999999995,12.890913333333334,3.983573333333333,8.29966,3.0831066666666658,2002.0,4902.06,2572.1,881.42,2281.29,575.13,1144.93,0.64
12,305.0,13.078300000000002,27.211100000000002,19.8264,94.2207,13.8336,6.838100000000001,9.0414,5.0612,2002.0,305.0,3.3474999999999997,21.5038,0.0,55.7479,-0.28170000000000006,-4.8679,-2.6067,1.5686,2002.0,305.0,7.789893333333334,24.5041,4.0159692307692305,81.23379333333332,5.51244,-0.14322000000000001,2.5780266666666667,2.901933333333333,2002.0,4716.17,2166.15,776.38,1916.96,481.77,802.74,0.54
