,DOY,INSgdmax,RADmax,RAINmax,RHmax,TMAXmax,TMINmax,Tmax,WINDmax,YEAR,DOY,INSgdmin,RADmin,RAINmin,RHmin,TMAXmin,TMINmin,Tmin,WINDmin,YEAR,DOY,INSgdmean,RADmean,RAINmean,RHmean,TMAXmean,TMINmean,Tmean,WINDmean,YEAR,NDVI,EVI,RED,NIR,BLUE,MIR,pixrel
0,113.0,26.93,31.57,48.4,91.64,26.85,19.09,22.28,6.12,2002.0,113.0,2.88,25.56,0.0,44.04,7.31,-0.5,4.75,1.32,2002.0,113.0,15.553999999999998,28.417999999999996,7.090000000000001,76.37466666666666,15.87866666666667,7.3226666666666675,11.474,4.030666666666666,2002.0,4340.91,1690.11,464.14,1362.86,254.72,920.61,7.8
1,129.0,30.06,30.89,33.39,94.9,25.95,17.06,19.25,6.9,2002.0,129.0,1.73,23.47,0.0,50.52,12.37,2.42,8.43,2.14,2002.0,129.0,20.493999999999996,27.509333333333334,9.751333333333331,73.28866666666666,18.54533333333333,8.586666666666668,13.478666666666667,3.952,2002.0,4261.54,1795.3,463.25,1479.93,219.96,997.21,12.76
2,145.0,30.49,31.97,10.97,82.83,29.56,19.36,24.13,5.6,2002.0,145.0,12.06,24.88,0.0,40.32,15.63,2.21,8.9,2.24,2002.0,145.0,23.38733333333333,28.99533333333334,1.4866666666666672,65.39133333333334,21.953333333333333,10.911999999999999,16.317999999999998,2.960666666666667,2002.0,5105.95,2366.2,497.63,1731.16,282.92,873.14,0.29
3,161.0,31.25,34.85,21.23,90.25,31.15,21.87,24.06,4.75,2002.0,161.0,7.88,27.83,0.0,45.21,21.71,10.79,15.91,1.03,2002.0,161.0,21.778000000000002,31.453333333333333,3.9939999999999998,70.086,25.79533333333334,15.362666666666666,20.486666666666665,2.772,2002.0,7031.46,4108.32,317.52,2541.99,202.06,593.78,0.08
4,177.0,29.74,34.74,16.04,75.96,35.02,23.23,26.95,5.65,2002.0,177.0,10.98,31.07,0.0,42.34,27.28,16.05,22.87,0.88,2002.0,177.0,25.14266666666667,32.80866666666667,3.03,65.88866666666667,30.909333333333333,20.269999999999996,25.43666666666667,2.728666666666667,2002.0,7528.34,4481.92,221.75,2661.93,138.58,504.36,2.57
5,193.0,28.37,35.53,28.32,83.48,33.75,22.49,26.84,4.43,2002.0,193.0,9.76,28.51,0.0,52.14,25.08,14.87,21.05,0.78,2002.0,193.0,22.486000000000004,33.10666666666667,4.694,65.64066666666666,29.926,19.266000000000002,24.334,1.9393333333333336,2002.0,7447.06,4530.47,264.37,2735.54,172.18,510.26,0.2
6,209.0,29.38,35.75,19.34,83.53,33.65,24.02,27.71,3.49,2002.0,209.0,12.92,30.85,0.0,64.56,24.67,14.47,20.35,1.24,2002.0,209.0,21.788666666666668,33.818666666666665,5.695333333333332,73.43066666666667,29.74866666666667,20.08933333333334,24.598000000000003,2.585333333333333,2002.0,7292.56,4156.68,254.39,2435.31,177.41,444.55,0.0
7,225.0,27.58,34.42,20.76,89.41,30.77,20.82,24.62,4.76,2002.0,225.0,6.59,28.33,0.0,56.24,24.65,10.46,18.5,1.1,2002.0,225.0,20.502666666666673,31.528,5.761333333333335,68.00933333333334,27.122666666666667,15.805333333333335,21.55333333333333,2.504,2002.0,7213.91,3884.16,222.36,2283.52,136.55,436.13,2.61
8,241.0,24.84,36.07,28.46,88.25,32.08,23.64,25.56,4.57,2002.0,241.0,14.04,27.43,0.0,52.45,24.54,13.02,20.33,1.07,2002.0,241.0,19.596000000000004,31.834666666666667,3.086,72.19666666666667,27.61466666666666,17.728666666666665,22.356666666666666,2.0213333333333336,2002.0,7134.69,3641.78,205.75,2128.72,124.52,409.7,7.77
9,257.0,23.83,33.77,14.14,92.43,34.49,20.34,26.17,3.87,2002.0,257.0,7.24,26.06,0.0,39.21,19.47,8.74,17.15,0.81,2002.0,257.0,16.214000000000002,30.59266666666666,3.248571428571428,65.30066666666666,26.372666666666664,14.79,20.414666666666665,2.2866666666666666,2002.0,6759.92,3189.94,268.23,1920.15,172.54,443.17,5.17
10,273.0,19.66,33.34,11.85,87.0,28.18,20.26,23.41,6.18,2002.0,273.0,2.99,26.06,0.0,43.55,13.48,2.34,8.45,1.06,2002.0,273.0,12.871999999999998,30.046666666666667,2.3033333333333332,63.522666666666666,21.685333333333336,11.017999999999999,16.312666666666665,3.205333333333334,2002.0,5378.24,2622.45,491.18,1882.4,301.59,559.38,3.11
11,289.0,16.99,29.59,6.09,77.03,24.11,11.01,16.85,4.68,2002.0,289.0,3.71,22.18,0.0,37.92,7.18,-0.44,4.06,1.13,2002.0,289.0,12.283999999999999,25.76066666666667,0.784,59.12533333333334,14.35,4.932,9.463333333333333,2.8959999999999995,2002.0,5103.84,2290.0,734.2,1944.75,503.4,932.97,0.57
12,305.0,12.92,27.4,17.27,94.31,14.27,7.68,10.1,4.7,2002.0,305.0,3.17,22.28,0.0,54.44,-0.07,-3.8,-2.04,1.56,2002.0,305.0,7.713333333333335,24.923333333333332,3.63,81.35933333333332,6.342666666666668,0.804,3.5886666666666667,2.9426666666666663,2002.0,3887.89,1751.81,704.07,1628.61,510.72,562.57,9.24
