,DOY,INSgdmax,RADmax,RAINmax,RHmax,TMAXmax,TMINmax,Tmax,WINDmax,YEAR,DOY,INSgdmin,RADmin,RAINmin,RHmin,TMAXmin,TMINmin,Tmin,WINDmin,YEAR,DOY,INSgdmean,RADmean,RAINmean,RHmean,TMAXmean,TMINmean,Tmean,WINDmean,YEAR,NDVI,EVI,RED,NIR,BLUE,MIR,pixrel
0,113.0,27.25,30.06,23.18,90.49,22.02,16.9,19.37,8.09,2002.0,113.0,2.77,24.41,0.0,34.44,3.68,-3.26,2.47,1.59,2002.0,113.0,18.491333333333333,26.838,2.5980000000000003,70.46933333333332,13.419333333333336,3.814666666666666,8.612,4.901333333333334,2002.0,1865.27,881.26,1039.13,1516.28,574.16,2004.24,0.27
1,129.0,28.91,30.06,16.41,97.33,24.87,12.74,17.53,8.46,2002.0,129.0,4.1,24.52,0.0,43.76,10.62,-1.69,6.76,2.4,2002.0,129.0,18.481333333333335,27.13266666666666,2.498666666666667,66.41666666666667,16.432,4.975333333333334,10.691333333333336,4.574,2002.0,1960.32,817.79,870.86,1295.81,485.01,1777.23,0.14
2,145.0,30.82,31.54,19.05,82.95,31.57,17.51,24.11,9.13,2002.0,145.0,10.12,24.41,0.0,30.03,12.62,4.08,8.57,1.92,2002.0,145.0,24.401999999999997,28.32,2.948000000000001,53.62133333333334,22.564,10.44,16.401333333333337,3.8906666666666667,2002.0,2790.65,1246.03,837.22,1490.29,464.7,1715.54,0.0
3,161.0,30.2,33.73,19.0,89.38,30.99,19.39,24.5,7.15,2002.0,161.0,7.24,28.51,0.0,37.5,19.25,9.15,13.95,1.28,2002.0,161.0,21.143333333333334,31.043333333333337,4.516666666666667,66.00133333333333,25.340666666666667,14.37,19.384,3.9486666666666665,2002.0,3715.51,1629.56,658.48,1507.95,347.23,730.14,0.06
4,177.0,31.28,35.32,17.41,84.0,33.28,22.05,26.78,7.4,2002.0,177.0,12.06,31.1,0.0,59.28,24.74,15.35,20.47,1.61,2002.0,177.0,25.38933333333334,32.902,1.9726666666666666,74.50533333333334,28.694666666666667,19.371333333333336,23.516,4.404,2002.0,7978.96,5820.06,422.05,3897.9,213.39,726.63,0.03
5,193.0,31.07,36.4,29.33,90.44,34.91,22.31,26.92,4.23,2002.0,193.0,8.35,29.16,0.0,53.09,21.25,12.43,17.44,0.63,2002.0,193.0,23.95466666666667,32.574000000000005,2.5020000000000002,72.61666666666666,28.798666666666673,18.197999999999997,23.13266666666666,2.753333333333333,2002.0,7821.59,6025.31,516.62,4234.25,258.79,736.83,0.23
6,209.0,29.12,35.6,19.35,92.59,35.67,21.94,27.47,5.99,2002.0,209.0,13.03,28.73,0.0,53.08,24.51,10.61,17.5,1.75,2002.0,209.0,23.092,32.662,4.167333333333334,63.48733333333334,30.290666666666663,17.38733333333333,23.291333333333338,3.68,2002.0,7100.11,5050.28,580.71,3587.37,301.0,701.63,0.0
7,225.0,27.76,34.02,12.95,88.42,31.51,18.48,23.76,6.6,2002.0,225.0,3.13,27.47,0.0,50.56,20.83,4.58,13.46,1.24,2002.0,225.0,19.442,30.644666666666662,2.504666666666667,67.17333333333335,25.83733333333333,13.47466666666667,19.35666666666667,4.242666666666667,2002.0,5559.9,3667.66,827.73,2998.62,418.76,1036.5,0.0
8,241.0,24.08,34.52,23.53,94.36,27.08,19.35,22.18,5.34,2002.0,241.0,10.58,29.88,0.0,67.47,22.1,10.26,16.99,0.9,2002.0,241.0,18.442000000000004,31.926,4.641333333333334,83.03533333333334,25.067333333333337,16.58066666666667,20.409333333333336,3.1386666666666674,2002.0,3592.32,1962.14,992.04,2130.93,493.78,1654.84,0.0
9,257.0,21.85,32.15,8.05,91.97,30.31,20.19,24.35,5.57,2002.0,257.0,4.72,26.71,0.0,46.52,17.44,4.79,12.17,1.33,2002.0,257.0,16.467333333333332,29.927999999999997,2.459285714285714,70.28066666666668,22.98266666666667,12.515999999999998,17.432666666666663,3.6626666666666665,2002.0,3364.85,1992.91,1159.06,2342.34,592.54,1738.13,0.24
10,273.0,17.64,30.38,19.23,89.25,27.36,14.84,19.98,6.01,2002.0,273.0,3.38,27.07,0.0,50.83,11.07,0.61,6.36,1.8,2002.0,273.0,10.148666666666665,28.429333333333332,2.895333333333333,70.77399999999999,15.976,5.977999999999998,10.859333333333336,3.781999999999999,2002.0,2646.93,1321.92,996.03,1726.87,540.65,1567.78,0.0
11,289.0,16.02,27.94,7.33,93.25,17.24,11.43,13.78,6.33,2002.0,289.0,4.57,21.67,0.0,54.69,-0.45,-2.88,-1.84,1.77,2002.0,289.0,10.008000000000003,25.06066666666667,1.796,78.59200000000001,9.056666666666667,2.0153333333333334,5.305333333333334,3.830666666666666,2002.0,2322.62,1084.85,959.53,1547.31,514.42,1457.54,0.55
12,305.0,12.28,24.55,15.72,95.38,11.72,0.59,4.66,6.25,2002.0,305.0,3.85,20.3,0.0,68.14,-4.33,-8.3,-5.58,1.55,2002.0,305.0,7.8306666666666676,22.641333333333332,3.5761538461538462,84.93199999999999,2.4833333333333334,-2.798,-0.2559999999999999,3.3293333333333326,2002.0,1359.51,681.08,3111.76,3499.29,2755.92,1199.35,0.91
