,DOY,INSgdmax,RADmax,RAINmax,RHmax,TMAXmax,TMINmax,Tmax,WINDmax,YEAR,DOY,INSgdmin,RADmin,RAINmin,RHmin,TMAXmin,TMINmin,Tmin,WINDmin,YEAR,DOY,INSgdmean,RADmean,RAINmean,RHmean,TMAXmean,TMINmean,Tmean,WINDmean,YEAR,NDVI,EVI,RED,NIR,BLUE,MIR,pixrel
0,113.0,27.9947,30.6785,21.378999999999998,91.1584,24.717,17.2815,20.0503,8.5336,2001.9999999999998,113.0,2.5018000000000002,24.9649,0.0,31.5967,6.1857999999999995,-1.4137,4.1725,1.4225999999999999,2001.9999999999998,113.0,17.130893333333333,27.64,3.1474533333333334,71.00164,15.00688,5.604666666666667,10.27886,4.91252,2001.9999999999998,3807.84,2215.64,1033.51,2304.42,551.56,1884.07,0.14
1,129.0,29.515,31.1022,13.5338,96.126,26.1901,12.9525,18.2742,7.6431000000000004,2001.9999999999998,129.0,2.7626,23.304499999999997,0.0,45.2342,10.452099999999998,0.7005,7.2117,2.4217,2001.9999999999998,129.0,19.311053333333334,27.344253333333334,3.068226666666667,68.45392,18.01864666666667,6.430293333333333,12.205906666666667,4.5191333333333334,2001.9999999999998,4280.46,2987.55,1234.42,3081.94,650.04,2428.51,0.21
2,145.0,30.359099999999998,31.810999999999996,19.019199999999998,81.158,32.0038,19.246499999999997,25.0348,9.509699999999999,2001.9999999999998,145.0,9.0321,25.194899999999997,0.0,29.461299999999998,13.4575,4.1148,9.427000000000001,1.6193,2001.9999999999998,145.0,25.29786666666667,28.485046666666666,3.2534,56.51079333333334,23.385426666666667,11.157140000000002,17.060213333333333,3.6742999999999997,2001.9999999999998,4819.33,3440.56,1132.63,3250.04,608.53,2204.0,0.3
3,161.0,29.4425,33.9545,13.645600000000002,95.2862,32.1128,19.9354,25.2958,7.203200000000001,2001.9999999999998,161.0,11.0018,28.564300000000003,0.0,41.1388,21.2747,10.628599999999999,15.840499999999999,1.7067,2001.9999999999998,161.0,22.97532,31.47674,3.3214400000000004,66.31549333333334,26.183846666666668,15.339386666666668,20.3919,4.10154,2001.9999999999998,6194.29,4621.41,855.94,3660.81,483.98,1667.02,0.83
4,177.0,31.5429,35.0818,7.9235999999999995,84.1939,33.6813,22.515099999999997,27.2718,7.6574,2001.9999999999998,177.0,14.300500000000001,31.1705,0.0,53.8511,25.375,15.8042,21.460900000000002,1.9141,2001.9999999999998,177.0,26.533093333333333,32.889226666666666,1.12006,70.67355333333334,29.67915333333334,19.67218666666667,24.22967333333333,4.57318,2001.9999999999998,6526.81,4728.06,743.18,3547.23,423.85,1376.65,0.17
5,193.0,29.6308,35.773900000000005,14.571900000000001,92.82860000000001,36.061299999999996,22.2087,28.104100000000003,4.0268,2001.9999999999998,193.0,6.8779,29.463499999999996,0.0,52.4016,19.6209,14.168099999999999,17.822300000000002,1.0144,2001.9999999999998,193.0,23.99487333333333,32.898246666666665,1.700146666666667,69.90496,29.544240000000002,18.611393333333332,23.799913333333333,2.7094666666666667,2001.9999999999998,6835.74,4970.42,662.33,3594.81,381.73,1213.91,0.23
6,209.0,29.2446,35.372,16.6342,83.4042,36.1124,22.474899999999998,27.862700000000004,5.898199999999999,2001.9999999999998,209.0,13.0354,30.351999999999997,0.0,49.225300000000004,26.0509,11.5765,18.9239,1.8826999999999998,2001.9999999999998,209.0,24.369506666666666,33.08851333333334,4.064266666666667,60.97925333333333,31.494206666666663,18.592013333333334,24.545226666666665,3.705333333333334,2001.9999999999998,7144.82,5076.7,569.52,3518.7,329.75,1074.5,0.3
7,225.0,27.5644,35.367999999999995,15.988700000000001,90.9643,31.634600000000002,21.125500000000002,24.180999999999997,5.6205,2001.9999999999998,225.0,6.6404,28.1456,0.0,50.973,21.365900000000003,4.428999999999999,14.296399999999998,1.188,2001.9999999999998,225.0,19.94907333333333,31.20098666666667,4.495926666666667,68.68492,26.33934666666667,14.180773333333333,20.124966666666666,3.8481066666666672,2001.9999999999998,7231.13,4730.43,492.65,3148.17,283.74,887.09,0.07
8,241.0,24.4104,34.7753,17.7934,92.98310000000001,28.323100000000004,20.5621,23.1021,4.9245,2001.9999999999998,241.0,11.712399999999999,29.695899999999998,0.0,65.6006,22.9345,10.2376,17.1426,0.8804000000000001,2001.9999999999998,241.0,18.495506666666664,32.14456666666667,3.611813333333333,81.82568,25.906053333333332,16.930613333333334,21.04628,2.783406666666667,2001.9999999999998,6543.12,4238.63,628.9,3022.47,361.5,1038.88,0.06
9,257.0,22.4392,32.6074,17.0493,91.8577,30.415599999999998,19.8292,24.273,5.0771,2001.9999999999998,257.0,5.2457,25.1194,0.0,53.5481,17.594399999999997,6.4496,12.9458,1.046,2001.9999999999998,257.0,16.030833333333334,30.09591333333333,2.884721428571428,70.92799333333332,23.206773333333338,12.771513333333331,17.73708,3.3768133333333332,2001.9999999999998,5986.88,3495.73,648.02,2584.62,350.15,1108.11,0.01
10,273.0,18.6523,30.5893,18.8508,90.0342,29.2461,17.6814,21.6712,6.5581,2001.9999999999998,273.0,2.8189,26.524700000000003,0.0,48.0936,10.221599999999999,0.8329,7.0139000000000005,1.9493999999999998,2001.9999999999998,273.0,11.616333333333332,28.632759999999998,2.9001666666666663,70.00544000000001,17.74254666666667,7.2471533333333324,12.201006666666666,3.969439999999999,2001.9999999999998,4550.09,2492.57,815.77,2187.45,439.99,1454.39,0.01
11,289.0,16.8157,28.4244,9.466899999999999,88.7013,19.3214,11.6769,14.380500000000001,6.0196000000000005,2001.9999999999998,289.0,4.6809,22.594700000000003,0.0,47.7303,-0.3843999999999999,-2.2921,-1.316,2.1243,2001.9999999999998,289.0,11.15082,25.583213333333333,1.9104333333333332,73.48008,10.788219999999999,3.362493333333334,6.77046,3.8708799999999997,2001.9999999999998,4101.25,2266.64,919.97,2192.2,487.51,1593.96,0.05
12,305.0,12.6599,25.398799999999998,19.8838,96.5394,13.3461,2.2984,5.8559,5.557600000000001,2001.9999999999998,305.0,3.2403,20.4994,0.0,65.6027,-3.4518999999999997,-7.7703,-5.0827,1.7668999999999997,2001.9999999999998,305.0,7.870186666666667,23.625660000000003,4.0089461538461535,85.28407333333334,3.690880000000001,-2.1577600000000006,0.6099733333333334,3.2968,2001.9999999999998,3436.6,1814.11,974.87,1988.26,511.64,1724.68,0.06
