,DOY,INSgdmax,RADmax,RAINmax,RHmax,TMAXmax,TMINmax,Tmax,WINDmax,YEAR,DOY,INSgdmin,RADmin,RAINmin,RHmin,TMAXmin,TMINmin,Tmin,WINDmin,YEAR,DOY,INSgdmean,RADmean,RAINmean,RHmean,TMAXmean,TMINmean,Tmean,WINDmean,YEAR,NDVI,EVI,RED,NIR,BLUE,MIR,pixrel
0,113.0,27.426299999999998,32.7488,54.3969,91.01769999999999,26.0026,18.9495,21.7778,7.110200000000001,2002.0,113.0,3.5977,24.6948,0.0,37.7817,7.2531,-1.0529,5.1159,1.2358,2002.0,113.0,15.727686666666663,28.259626666666666,7.101513333333335,75.42894,16.111193333333333,6.666453333333335,11.333586666666667,4.24202,2002.0,2936.38,1146.37,802.11,1474.45,640.58,588.14,18.72
1,129.0,30.1704,30.649700000000003,28.076700000000002,93.7474,25.598,16.2587,19.065399999999997,7.748799999999999,2002.0,129.0,3.065,23.0541,0.0,51.2068,12.6116,2.4872,7.9899000000000004,2.25,2002.0,129.0,20.750613333333327,27.115213333333337,8.008293333333333,72.53634,18.418633333333332,8.201353333333333,13.236226666666667,4.2084,2002.0,3085.95,1157.44,563.06,1254.21,382.17,607.2,18.04
2,145.0,31.3747,32.6003,18.906,84.3968,30.0379,18.8506,23.878700000000002,6.8819,2002.0,145.0,13.1205,24.4431,0.0,36.8424,16.527900000000002,2.9452000000000003,9.5327,1.8012000000000001,2002.0,145.0,25.31044,28.81157333333333,2.872813333333333,62.26212000000001,22.565993333333335,11.074346666666667,16.7088,3.1477399999999998,2002.0,4208.34,1609.61,289.4,1205.17,154.1,491.42,18.32
3,161.0,32.255,34.804,26.2421,92.74029999999999,29.7667,21.5932,23.7186,5.3204,2002.0,161.0,10.248199999999999,29.1378,0.0,45.3531,22.4605,11.3865,16.6556,1.2837,2002.0,161.0,22.162006666666667,31.621246666666668,4.423966666666666,69.92454000000001,25.901973333333338,15.772986666666666,20.637473333333332,3.1619800000000002,2002.0,5055.07,2396.21,304.16,1596.32,205.05,421.13,13.03
4,177.0,30.344,34.931200000000004,22.8006,77.53269999999999,33.8016,23.2681,26.699299999999997,7.070600000000001,2002.0,177.0,18.3204,30.733800000000002,0.0,43.1816,27.6252,15.653200000000002,22.9249,1.2530000000000001,2002.0,177.0,26.16214,32.734093333333334,2.5437133333333333,65.64972666666668,30.779366666666668,20.206333333333333,25.272573333333334,3.3347,2002.0,5198.91,2606.25,207.37,1659.5,119.39,357.13,17.88
5,193.0,28.750700000000002,36.1943,24.657600000000002,90.1143,32.8739,22.5574,26.8629,4.027,2002.0,193.0,6.8912,29.067600000000002,0.0,59.8262,21.9629,14.3108,18.823500000000003,0.9765000000000001,2002.0,193.0,20.7356,33.16231333333334,4.459173333333333,74.46798666666666,28.464426666666668,18.696953333333337,23.392773333333334,1.9835,2002.0,5274.23,2709.64,225.57,1740.33,140.33,385.39,17.95
6,209.0,28.7387,35.4859,18.9623,82.2526,33.8536,23.5021,27.454800000000002,3.9466,2002.0,209.0,10.427399999999999,29.9206,0.0,63.6821,24.298699999999997,13.662300000000002,19.4192,1.4036000000000002,2002.0,209.0,22.270019999999995,33.43182,4.233186666666667,72.69104666666667,29.619106666666664,19.581,24.239513333333328,2.809033333333333,2002.0,5290.18,2476.03,222.14,1536.86,139.68,307.19,10.21
7,225.0,27.6647,34.871300000000005,21.8197,85.81129999999999,30.724299999999996,20.7535,24.234499999999997,5.2065,2002.0,225.0,5.6517,28.169900000000002,0.0,56.502399999999994,21.035000000000004,9.1587,17.372,0.8513000000000001,2002.0,225.0,19.271626666666666,31.56110666666667,5.528219999999999,70.44891999999999,26.28614,15.176779999999997,20.920326666666668,2.8499799999999995,2002.0,5074.1,2333.32,211.2,1497.83,123.44,291.71,17.95
8,241.0,24.485,35.5928,13.0344,90.5009,30.423000000000002,23.4803,24.714100000000002,4.5797,2002.0,241.0,15.596,28.5556,0.0,56.4483,23.921200000000002,12.2046,19.194300000000002,1.3171,2002.0,241.0,19.99125333333333,32.023513333333334,1.5488333333333335,76.19346666666667,26.740560000000002,17.346993333333334,21.770633333333333,2.1466333333333334,2002.0,5172.47,2320.35,218.83,1473.14,128.02,345.05,15.38
9,257.0,23.464399999999998,33.0916,18.6421,90.5925,33.6275,19.8736,25.1376,4.503,2002.0,257.0,6.485,26.9731,0.0,44.6503,20.102899999999998,6.8183,15.622900000000001,0.7871000000000001,2002.0,257.0,15.594940000000001,30.63431333333333,2.8246285714285713,68.98912,24.97350666666667,13.79776,19.267199999999995,2.470806666666667,2002.0,5099.51,2071.72,225.89,1332.9,130.03,318.41,15.45
10,273.0,20.1809,32.2606,18.8068,93.0661,27.824199999999998,19.4727,22.6996,6.3032,2002.0,273.0,3.2,25.624399999999998,0.0,43.8264,14.5064,0.7314,8.0955,1.2604000000000002,2002.0,273.0,13.0954,29.49712,3.02236,67.33590666666667,21.042260000000002,9.688246666666664,15.109826666666667,3.4062333333333332,2002.0,4804.82,2095.93,799.42,1898.49,660.08,725.67,4.06
11,289.0,17.28,29.391799999999996,11.6586,81.63489999999999,23.9041,11.2544,16.923000000000002,4.6629000000000005,2002.0,289.0,4.537699999999999,22.163400000000003,0.0,44.078900000000004,3.3881,-1.6144,1.5943999999999998,1.4065,2002.0,289.0,12.498119999999998,25.649206666666664,1.8780666666666668,63.76543999999999,13.396326666666667,4.177326666666667,8.599986666666666,3.1415533333333325,2002.0,3587.32,1419.1,733.04,1438.51,628.86,761.11,1.8
12,305.0,12.9656,27.1719,19.9146,93.4647,14.4009,7.230499999999999,9.188199999999998,5.027800000000001,2002.0,305.0,3.2897,22.2819,0.0,58.3272,-0.171,-5.0773,-2.7579000000000002,1.6387,2002.0,305.0,7.15606,24.893079999999998,4.765053846153846,82.64738000000001,5.771873333333332,0.10789333333333342,2.801986666666667,3.016146666666667,2002.0,2594.57,1172.22,705.63,1449.93,563.88,529.12,25.07
