,DOY,INSgdmax,RADmax,RAINmax,RHmax,TMAXmax,TMINmax,Tmax,WINDmax,YEAR,DOY,INSgdmin,RADmin,RAINmin,RHmin,TMAXmin,TMINmin,Tmin,WINDmin,YEAR,DOY,INSgdmean,RADmean,RAINmean,RHmean,TMAXmean,TMINmean,Tmean,WINDmean,YEAR,NDVI,EVI,RED,NIR,BLUE,MIR,pixrel
0,113.0,27.0452,32.5064,44.932,90.7832,25.298,18.7324,21.165599999999998,7.6692,2002.0,113.0,4.159199999999999,24.4036,0.0,35.262,7.183199999999999,-0.6084,5.368,1.2588,2002.0,113.0,15.800293333333332,28.201839999999997,6.068826666666666,75.65751999999999,15.936133333333332,6.448320000000001,11.20624,4.395813333333333,2002.0,5776.2,3723.14,790.39,2952.4,419.52,1666.32,0.17
1,129.0,29.916399999999996,30.7228,23.7196,93.97479999999999,25.7656,15.7392,18.8412,7.83,2002.0,129.0,2.3487999999999998,23.0036,0.0,51.4672,12.504000000000001,2.46,7.904800000000001,2.1204,2002.0,129.0,20.543119999999995,27.055226666666666,6.885466666666666,72.53122666666667,18.404400000000003,7.9106933333333345,13.085493333333332,4.293093333333333,2002.0,6409.65,4269.95,674.14,3155.71,360.49,1383.87,0.0
2,145.0,31.1444,32.632799999999996,22.636,84.7368,30.343199999999996,19.126799999999996,23.8556,7.634399999999999,2002.0,145.0,13.2772,25.244,0.0,34.82039999999999,16.430000000000003,3.3448,9.9664,1.6480000000000001,2002.0,145.0,25.35957333333333,28.939413333333334,3.3095466666666664,61.43061333333333,22.74037333333333,11.18304,16.855146666666666,3.2608266666666665,2002.0,7032.72,4923.78,596.3,3479.1,321.29,1379.17,0.14
3,161.0,32.3472,34.814400000000006,22.8,94.2648,29.9572,21.171599999999998,23.893600000000003,5.548399999999999,2002.0,161.0,11.0976,29.3936,0.0,46.1464,22.238799999999998,11.502,16.952,1.5112,2002.0,161.0,22.34370666666667,31.772373333333334,4.042746666666666,69.62733333333334,26.03154666666667,15.84384,20.661413333333336,3.410266666666667,2002.0,7205.85,5096.52,567.57,3559.16,307.03,1353.59,0.51
4,177.0,30.46,35.1736,17.104000000000003,77.66680000000001,33.4184,22.930400000000002,26.8324,7.6128,2002.0,177.0,19.7256,30.6556,0.0,45.2504,27.458399999999997,15.759599999999999,22.9176,1.5752000000000002,2002.0,177.0,26.633973333333333,32.685626666666664,1.67616,65.43352000000002,30.785519999999998,20.10066666666667,25.177999999999997,3.6946133333333337,2002.0,7135.39,4817.74,554.86,3330.64,301.99,1203.81,0.75
5,193.0,27.9052,36.1172,24.6432,93.09039999999999,33.070800000000006,22.544800000000002,26.9272,3.6664,2002.0,193.0,6.5448,29.064799999999998,0.0,59.337199999999996,21.516400000000004,14.3712,18.8472,0.8520000000000001,2002.0,193.0,20.987653333333334,33.105866666666664,4.7108,75.01032000000001,28.454,18.73552,23.396079999999994,2.0722400000000007,2002.0,7459.85,4984.31,485.95,3343.8,264.35,1035.86,0.07
6,209.0,28.6964,35.4836,15.1752,80.70320000000001,34.236000000000004,23.240000000000002,27.396,4.3536,2002.0,209.0,10.1448,30.552,0.0,60.46600000000001,24.693199999999997,12.9204,19.3232,1.4451999999999998,2002.0,209.0,22.742693333333328,33.354000000000006,3.476773333333333,70.44130666666666,30.133039999999994,19.410293333333335,24.32064,3.02384,2002.0,7176.13,4818.43,537.29,3303.34,292.19,1134.94,0.67
7,225.0,27.679199999999998,35.019200000000005,22.702399999999997,87.278,31.0072,20.820400000000003,24.416800000000002,5.2836,2002.0,225.0,7.6028,28.2116,0.0,53.25919999999999,20.955199999999998,8.202399999999999,16.8664,0.956,2002.0,225.0,19.391573333333334,31.497359999999997,7.167439999999999,70.77008000000001,26.244320000000002,15.08592,20.797706666666667,3.0749066666666662,2002.0,7666.68,4933.03,414.66,3184.28,226.02,873.19,0.14
8,241.0,24.34,35.1544,11.0684,91.9656,30.0664,23.1912,24.4668,4.672,2002.0,241.0,15.0288,28.66,0.0,58.8712,23.724800000000002,12.0304,18.7744,1.2336,2002.0,241.0,19.965359999999997,32.06914666666666,1.4308,77.84450666666666,26.474853333333332,17.281600000000005,21.60458666666667,2.2524266666666666,2002.0,7122.45,4635.26,528.24,3166.82,282.67,1114.87,0.01
9,257.0,23.398400000000002,32.9792,20.8284,91.7432,32.4,19.6156,24.5424,4.734,2002.0,257.0,5.596,26.3752,0.0,47.0532,19.811999999999998,6.932,14.8932,0.7804,2002.0,257.0,15.655573333333333,30.546453333333336,3.163685714285714,70.91247999999999,24.361733333333333,13.444666666666667,18.759146666666666,2.639333333333333,2002.0,5704.19,3238.53,670.01,2457.69,354.93,1360.57,0.0
10,273.0,20.429199999999998,32.1,23.7172,93.906,28.487599999999997,19.2612,22.869999999999997,6.409599999999999,2002.0,273.0,3.8432000000000004,25.7312,0.0,46.4404,14.2652,0.48719999999999997,8.1628,1.6179999999999999,2002.0,273.0,13.070213333333331,29.30832,3.523813333333333,68.64962666666666,20.566906666666668,9.319679999999998,14.606853333333333,3.55624,2002.0,5469.21,3020.94,676.82,2342.34,351.81,1421.89,0.0
11,289.0,17.2128,29.0752,11.7756,84.1796,23.2968,11.6272,16.698,4.8136,2002.0,289.0,4.823600000000001,22.32,0.0,45.636399999999995,2.0528,-1.6752,0.7392,1.5171999999999999,2002.0,289.0,12.398746666666668,25.65645333333333,1.9126666666666667,66.61874666666667,12.81896,4.1515466666666665,8.238399999999999,3.2886666666666664,2002.0,4759.32,2659.74,822.84,2322.33,425.37,1628.27,0.0
12,305.0,13.449200000000001,26.760800000000003,21.334000000000003,93.9812,14.1528,6.658399999999999,8.6792,5.152000000000001,2002.0,305.0,3.2956000000000003,21.698,0.0,59.7652,-0.4304,-5.5047999999999995,-3.1495999999999995,1.7643999999999997,2002.0,305.0,7.279120000000001,24.706986666666666,4.769353846153846,83.33624,5.372933333333332,-0.23959999999999992,2.3722933333333334,3.0976000000000004,2002.0,4294.49,2422.93,910.85,2298.6,464.49,1709.91,0.0
