,DOY,INSgdmax,RADmax,RAINmax,RHmax,TMAXmax,TMINmax,Tmax,WINDmax,YEAR,DOY,INSgdmin,RADmin,RAINmin,RHmin,TMAXmin,TMINmin,Tmin,WINDmin,YEAR,DOY,INSgdmean,RADmean,RAINmean,RHmean,TMAXmean,TMINmean,Tmean,WINDmean,YEAR,NDVI,EVI,RED,NIR,BLUE,MIR,pixrel
0,113.0,27.507599999999996,32.805099999999996,61.76859999999999,91.4735,27.301199999999994,19.7532,22.5034,6.0294,2002.0,113.0,2.4876,25.919900000000002,0.0,42.667,10.711,-0.261,6.748100000000001,1.7431,2002.0,113.0,15.343020000000001,29.086380000000002,7.609233333333332,76.41954666666666,17.896346666666666,8.189339999999998,12.867513333333333,3.9312199999999997,2002.0,4535.76,1762.08,697.55,1541.73,541.88,638.45,1.11
1,129.0,30.526200000000003,31.1451,46.1315,97.08080000000001,25.9217,17.6601,20.1849,6.4712,2002.0,129.0,1.5213,23.200300000000002,0.0,50.228899999999996,13.1759,3.2565,9.4363,1.9290000000000003,2002.0,129.0,20.754240000000003,27.70886,14.077153333333333,73.41488000000001,19.81582,9.464593333333333,14.62604,3.8224199999999997,2002.0,4975.53,1814.88,403.8,1291.87,232.23,771.1,0.12
2,145.0,31.262700000000002,33.2962,15.9634,84.64420000000001,30.6862,19.9637,24.7229,5.3745,2002.0,145.0,6.8561,24.6836,0.0,44.5232,16.229499999999998,2.6989,9.3123,1.9436,2002.0,145.0,23.385960000000004,29.308826666666665,2.5866399999999996,68.48685333333333,22.436826666666665,11.307386666666666,16.739620000000002,2.78854,2002.0,5868.57,2230.79,359.79,1444.44,228.73,652.1,0.18
3,161.0,31.1312,35.447300000000006,39.9472,89.71759999999999,30.4069,21.8093,23.956000000000003,5.067399999999999,2002.0,161.0,5.643,28.0786,0.0,52.1245,22.2923,11.665099999999999,17.2861,1.1959,2002.0,161.0,21.87636,31.574666666666666,5.354933333333333,71.30488,26.23034666666667,16.11825333333333,21.010333333333335,2.8481133333333335,2002.0,6416.42,2732.53,327.91,1644.52,241.95,513.11,0.07
4,177.0,29.883900000000004,34.77380000000001,13.585700000000001,77.3186,35.346,22.9931,27.0134,4.8972999999999995,2002.0,177.0,17.170099999999998,31.192300000000003,0.0,45.77760000000001,27.3017,16.5532,23.185699999999997,1.0215,2002.0,177.0,24.676566666666666,33.08944,2.6023533333333333,67.47940666666666,30.805999999999997,20.264633333333336,25.358579999999996,2.4377,2002.0,7191.47,3268.67,269.37,1874.46,196.37,488.17,0.0
5,193.0,30.7799,35.7265,39.6756,84.2193,33.2171,23.525399999999998,27.243300000000005,3.6275,2002.0,193.0,5.7347,28.6289,0.0,51.910799999999995,22.9508,14.864,20.565199999999997,0.8177000000000001,2002.0,193.0,21.024486666666668,33.24470666666667,3.9461866666666667,68.90808666666665,29.839886666666665,19.537086666666664,24.39902,1.8480933333333334,2002.0,7133.26,3369.96,289.68,1974.75,208.34,521.9,0.0
6,209.0,29.1836,36.0686,23.990899999999996,81.56500000000001,34.2413,24.4303,27.8336,4.1587000000000005,2002.0,209.0,14.4433,31.4784,0.0,63.4294,25.1547,16.1956,21.2427,1.3046,2002.0,209.0,22.846353333333333,34.06564,6.473973333333333,72.79037333333333,30.40834,20.986373333333333,25.36823333333333,2.5551666666666666,2002.0,7209.01,3192.49,268.93,1858.69,183.65,469.07,0.0
7,225.0,28.2385,35.3737,27.9089,87.31970000000001,31.8552,21.5336,25.0608,4.1546,2002.0,225.0,6.9912,28.9999,0.0,52.5916,23.699199999999998,13.572700000000001,19.1943,1.0787,2002.0,225.0,19.553973333333335,32.42720666666667,6.68026,70.47203333333333,27.574393333333326,17.298166666666667,22.350693333333332,2.538546666666667,2002.0,7072.3,3005.99,268.69,1744.33,186.74,462.9,0.0
8,241.0,24.9336,36.1189,31.0552,86.5141,32.347,23.7416,26.4288,4.4723,2002.0,241.0,11.753899999999998,29.214000000000002,0.0,48.2757,24.814499999999995,13.178,20.5826,1.4051,2002.0,241.0,19.762939999999997,32.32269333333333,3.0007133333333336,71.11854,28.314033333333334,18.19536,22.987859999999998,2.04432,2002.0,7209.61,2874.94,243.86,1644.9,159.64,403.01,0.0
9,257.0,23.7149,34.0722,12.1289,92.6408,34.2291,21.194300000000002,26.216099999999997,4.2353,2002.0,257.0,7.0508999999999995,27.1312,0.0,40.3093,20.720999999999997,10.351,17.7015,0.6623000000000001,2002.0,257.0,16.319453333333332,31.280699999999996,3.0968928571428567,66.73169333333333,26.61544,15.866020000000002,21.0282,2.2755533333333333,2002.0,7017.85,2648.61,239.88,1517.12,152.89,434.71,0.0
10,273.0,20.242600000000003,34.191,7.536899999999999,84.3533,28.9163,20.3303,24.342299999999998,5.7536,2002.0,273.0,3.9638,26.7175,0.0,44.9382,14.508199999999999,3.174,9.182500000000001,1.1936,2002.0,273.0,14.851239999999997,30.108173333333337,1.3683133333333333,60.927406666666656,23.219500000000004,11.730406666666667,17.40526,3.0951266666666672,2002.0,6269.72,2403.85,338.46,1539.51,172.84,377.37,0.6
11,289.0,17.5123,30.3335,7.0403,78.4981,24.2085,10.0294,16.6404,4.8629,2002.0,289.0,3.9077,22.7265,0.0,38.237500000000004,7.744300000000001,-0.6638000000000001,4.9435,0.9631000000000001,2002.0,289.0,12.944666666666667,26.08862666666667,1.78064,59.48328666666666,15.589786666666669,5.127360000000001,10.11408,2.7292666666666667,2002.0,5107.37,1861.42,547.34,1437.11,445.42,540.61,0.93
12,305.0,13.5903,28.0961,27.2366,94.36670000000001,15.428999999999998,8.639,11.0286,5.3452,2002.0,305.0,2.8674,22.959,0.0,63.1814,1.2872,-3.0765,-1.4922,1.6622999999999999,2002.0,305.0,7.084206666666667,25.631886666666666,5.012315384615384,83.07250666666667,7.234006666666667,1.7729599999999996,4.47758,2.951353333333333,2002.0,4168.36,1858.71,755.9,1680.52,637.93,348.1,2.26
