,DOY,INSgdmax,RADmax,RAINmax,RHmax,TMAXmax,TMINmax,Tmax,WINDmax,YEAR,DOY,INSgdmin,RADmin,RAINmin,RHmin,TMAXmin,TMINmin,Tmin,WINDmin,YEAR,DOY,INSgdmean,RADmean,RAINmean,RHmean,TMAXmean,TMINmean,Tmean,WINDmean,YEAR,NDVI,EVI,RED,NIR,BLUE,MIR,pixrel
0,113.0,26.951000000000004,31.667499999999997,51.334,91.65499999999999,27.0165,19.0105,22.265,6.091500000000001,2002.0,113.0,2.718,25.6575,0.0,44.649,7.3415,-0.34249999999999997,4.7935,1.332,2002.0,113.0,15.478599999999998,28.454299999999996,7.157200000000001,76.55106666666666,15.852866666666669,7.364166666666668,11.4692,4.035866666666666,2002.0,4677.44,1803.67,455.0,1360.95,239.11,947.46,0.07
1,129.0,29.756999999999998,30.879500000000004,35.98350000000001,95.047,25.849500000000003,17.078,19.2425,6.84,2002.0,129.0,1.7135000000000002,23.561499999999995,0.0,50.592,12.3415,2.4245,8.481,2.128,2002.0,129.0,20.3252,27.556733333333334,9.908533333333331,73.43556666666666,18.51323333333333,8.591866666666668,13.478766666666667,3.9393,2002.0,4712.26,2010.19,524.47,1567.27,268.01,1073.09,0.01
2,145.0,30.625,32.0015,9.602,83.07600000000001,29.5525,19.2985,24.143499999999996,5.5489999999999995,2002.0,145.0,11.482500000000002,24.846999999999994,0.0,40.698,15.495,2.0315,8.826500000000001,2.1740000000000004,2002.0,145.0,23.24883333333333,29.04623333333334,1.317466666666667,65.56343333333334,21.899433333333334,10.852699999999999,16.278,2.9613666666666667,2002.0,5505.74,2545.14,491.73,1816.92,267.38,900.68,0.04
3,161.0,31.358,34.8545,22.133000000000003,90.0625,31.046499999999998,21.826500000000003,24.0375,4.7215,2002.0,161.0,7.599499999999999,27.775999999999996,0.0,45.477000000000004,21.524,10.772,15.879999999999999,1.0765,2002.0,161.0,21.6704,31.414733333333334,4.4027,70.19229999999999,25.756533333333337,15.31376666666667,20.450866666666663,2.7643999999999997,2002.0,7299.7,4360.04,360.48,2727.15,223.2,685.89,0.25
4,177.0,29.62,34.746,17.037499999999998,75.8175,35.092000000000006,23.2255,27.006999999999998,5.563000000000001,2002.0,177.0,10.434000000000001,31.0205,0.0,42.45100000000001,27.265,16.029,22.862499999999997,0.8635,2002.0,177.0,25.080366666666666,32.809466666666665,3.0126,65.85416666666667,30.962833333333332,20.284699999999994,25.45756666666667,2.703066666666667,2002.0,7709.81,4565.42,277.96,2742.73,174.96,564.67,0.13
5,193.0,28.769000000000005,35.621500000000005,27.846,83.3765,33.8775,22.4195,26.8925,4.435999999999999,2002.0,193.0,9.544,28.4785,0.0,51.345,25.29,14.909,21.1295,0.7919999999999999,2002.0,193.0,22.455600000000004,33.113666666666674,4.3897,64.98956666666666,30.018700000000003,19.273500000000002,24.3878,1.9463333333333337,2002.0,7901.37,4723.29,274.69,2841.44,167.52,573.81,0.32
6,209.0,29.326,35.804,18.8285,83.782,33.65,24.035000000000004,27.71,3.4870000000000005,2002.0,209.0,13.028000000000002,30.758499999999998,0.0,64.3755,24.650500000000005,14.443,20.336500000000004,1.24,2002.0,209.0,21.76826666666667,33.81366666666666,5.632433333333332,73.46616666666667,29.777566666666665,20.12463333333334,24.624700000000004,2.5849333333333333,2002.0,7720.77,4519.21,262.8,2680.35,164.18,539.39,0.0
7,225.0,27.654999999999998,34.414,21.258000000000003,89.65299999999999,30.9245,20.808,24.659000000000002,4.734499999999999,2002.0,225.0,7.0865,28.33,0.0,56.276,24.5795,10.559,18.544999999999998,1.0925000000000002,2002.0,225.0,20.707066666666673,31.494399999999995,5.7900333333333345,67.99303333333334,27.149766666666665,15.869933333333336,21.58293333333333,2.5013,2002.0,7731.35,4036.74,223.13,2341.29,128.56,470.99,2.55
8,241.0,24.834,36.096999999999994,29.509999999999998,88.1975,32.065,23.643,25.5675,4.5745000000000005,2002.0,241.0,13.668,27.4255,0.0,52.834,24.567,13.0935,20.285,1.1045,2002.0,241.0,19.496600000000004,31.825666666666667,3.0874,72.02196666666667,27.655466666666666,17.732966666666666,22.377866666666666,2.0245333333333333,2002.0,7658.61,3862.91,249.22,2238.39,150.3,462.33,0.3
9,257.0,23.775999999999996,33.786500000000004,13.7335,92.45400000000001,34.4,20.3535,26.101000000000003,3.8804999999999996,2002.0,257.0,7.12,26.1635,0.0,39.489,19.6935,8.8885,17.188999999999997,0.8160000000000001,2002.0,257.0,16.2402,30.60936666666666,3.0715714285714277,65.26916666666665,26.469766666666665,14.856799999999998,20.47376666666667,2.2902666666666667,2002.0,7048.81,3368.51,298.09,2017.48,180.38,499.45,0.04
10,273.0,19.670499999999997,33.442,11.5755,86.9805,28.246000000000002,20.242,23.497,6.185999999999999,2002.0,273.0,3.092,26.1305,0.0,44.079499999999996,13.4485,2.4764999999999997,8.4695,1.0765,2002.0,273.0,12.919999999999998,30.060066666666664,2.3009333333333335,63.54906666666666,21.735133333333337,11.080799999999998,16.364066666666666,3.2057333333333338,2002.0,5915.77,2685.8,381.03,1802.99,190.99,453.85,5.24
11,289.0,16.99,29.563000000000002,5.802,77.309,24.075499999999998,11.0115,16.8545,4.6964999999999995,2002.0,289.0,3.8075,22.195,0.0,37.797,7.3525,-0.305,4.177,1.139,2002.0,289.0,12.290599999999998,25.787466666666667,0.7817,59.11163333333334,14.4108,4.977600000000001,9.505833333333333,2.8891999999999998,2002.0,5455.26,2211.47,430.28,1530.23,247.76,672.75,0.9
12,305.0,12.953000000000001,27.4045,17.630000000000003,94.2815,14.307500000000001,7.711499999999999,10.1705,4.763,2002.0,305.0,3.1474999999999995,22.215500000000002,0.0,54.455,-0.035500000000000004,-3.707,-1.9875,1.5599999999999998,2002.0,305.0,7.727333333333335,24.93233333333333,3.552346153846154,81.25863333333334,6.387866666666667,0.8218000000000001,3.6259666666666672,2.9538666666666664,2002.0,4924.4,1897.56,521.8,1466.52,332.94,611.06,0.79
