,DOY,INSgdmax,RADmax,RAINmax,RHmax,TMAXmax,TMINmax,Tmax,WINDmax,YEAR,DOY,INSgdmin,RADmin,RAINmin,RHmin,TMAXmin,TMINmin,Tmin,WINDmin,YEAR,DOY,INSgdmean,RADmean,RAINmean,RHmean,TMAXmean,TMINmean,Tmean,WINDmean,YEAR,NDVI,EVI,RED,NIR,BLUE,MIR,pixrel
0,113.0,26.32,31.25,27.31,92.16,24.91,18.11,21.32,6.48,2002.0,113.0,3.02,23.58,0.0,43.09,3.91,-1.94,1.96,1.27,2002.0,113.0,16.932,27.019333333333336,3.2786666666666666,74.434,12.904666666666664,4.014,8.617333333333333,4.101333333333334,2002.0,4154.09,1789.8,666.94,1612.21,328.61,1280.32,0.03
1,129.0,30.35,29.59,17.09,98.04,23.04,13.66,16.9,7.83,2002.0,129.0,2.48,22.93,0.0,41.53,9.26,-2.39,6.28,2.07,2002.0,129.0,19.93733333333333,26.293333333333337,3.7046666666666668,71.69800000000001,15.57933333333333,5.14,10.414000000000003,4.000666666666667,2002.0,4348.94,2075.62,723.23,1851.54,357.48,1384.7,0.0
2,145.0,31.46,31.9,9.19,81.65,31.93,16.36,23.99,6.22,2002.0,145.0,13.64,22.39,0.0,35.75,15.04,1.79,8.43,2.13,2002.0,145.0,23.887333333333334,27.98,2.2226666666666666,52.45600000000001,22.317999999999998,10.371333333333332,16.171333333333333,3.4019999999999997,2002.0,5238.03,2681.05,631.15,2085.96,324.31,1114.15,0.34
3,161.0,27.22,33.48,17.46,88.85,29.21,20.06,23.22,4.61,2002.0,161.0,5.65,27.94,0.0,36.9,15.9,9.14,12.62,1.18,2002.0,161.0,19.509333333333338,30.969333333333328,3.7646666666666677,66.85999999999999,24.327999999999992,13.890000000000002,18.807333333333336,3.0793333333333326,2002.0,7269.59,4590.05,468.9,3064.68,246.78,936.38,0.02
4,177.0,31.32,35.64,37.25,82.37,33.69,23.85,27.23,7.55,2002.0,177.0,12.64,30.24,0.0,45.75,26.15,14.65,21.42,1.13,2002.0,177.0,24.984666666666666,32.82133333333333,5.398,64.864,30.131333333333327,20.492666666666665,24.89,3.5540000000000003,2002.0,7725.9,4541.96,348.06,2805.96,191.61,709.87,0.73
5,193.0,30.67,36.11,40.89,84.34,33.29,22.13,26.53,4.15,2002.0,193.0,7.09,29.41,0.0,55.58,22.04,12.43,18.64,0.83,2002.0,193.0,22.206666666666663,32.82533333333334,4.598666666666667,70.16133333333333,28.352000000000007,17.979333333333333,23.054666666666662,2.37,2002.0,8047.14,4947.76,305.18,3012.72,168.95,631.61,0.93
6,209.0,28.62,34.81,14.71,89.79,32.47,23.09,26.16,4.36,2002.0,209.0,8.75,28.84,0.0,62.33,23.92,12.0,17.65,1.56,2002.0,209.0,21.866666666666674,32.91866666666667,4.129333333333334,73.12733333333333,28.096,17.828,22.523999999999997,2.7013333333333325,2002.0,8139.61,5254.25,322.68,3261.86,175.56,689.29,0.11
7,225.0,26.86,32.54,25.13,87.05,32.47,19.81,24.61,6.24,2002.0,225.0,9.54,24.8,0.0,50.71,22.42,8.16,14.97,1.56,2002.0,225.0,21.244666666666667,29.634666666666668,6.233333333333333,62.467333333333336,26.13533333333334,14.078000000000001,19.939333333333334,3.188666666666667,2002.0,7993.31,4720.78,291.72,2842.88,159.23,620.1,0.0
8,241.0,23.87,34.88,15.65,90.31,29.99,19.52,22.92,4.14,2002.0,241.0,6.37,27.97,0.0,59.52,23.01,10.52,18.28,1.3,2002.0,241.0,18.134,31.417999999999996,2.9853333333333336,74.91000000000001,26.098,16.326,20.914666666666665,2.2933333333333334,2002.0,8012.52,4408.06,282.34,2617.92,152.01,603.59,0.0
9,257.0,21.82,32.72,22.04,90.06,33.37,21.58,26.34,3.56,2002.0,257.0,4.93,26.17,0.0,49.49,18.84,7.68,13.72,1.63,2002.0,257.0,14.759999999999998,30.217333333333332,4.258571428571428,64.37933333333334,24.23,13.843333333333335,18.93,2.758,2002.0,7450.04,3825.93,326.93,2325.39,175.77,621.78,0.0
10,273.0,18.47,31.07,23.88,92.41,25.99,18.19,20.9,5.39,2002.0,273.0,2.7,26.42,0.0,49.72,10.62,0.01,5.74,1.68,2002.0,273.0,9.156,29.133333333333326,5.553999999999999,72.04733333333334,17.354666666666667,7.924666666666667,12.448666666666666,3.2100000000000004,2002.0,5808.19,2773.47,519.75,1987.64,259.88,757.59,0.7
11,289.0,17.14,29.77,9.23,80.65,22.07,12.02,16.47,4.58,2002.0,289.0,4.82,21.56,0.0,48.12,3.25,-3.09,-0.1,1.58,2002.0,289.0,10.706666666666667,25.329333333333334,1.396666666666667,68.694,10.816,2.528666666666666,6.503333333333333,3.131333333333333,2002.0,5149.21,2342.12,587.33,1827.37,295.89,1038.69,0.44
12,305.0,12.53,26.71,13.71,94.88,12.3,4.27,7.41,5.21,2002.0,305.0,3.2,20.41,0.0,57.8,-0.43,-5.69,-3.29,1.28,2002.0,305.0,8.383333333333333,23.677999999999997,2.9630769230769234,80.95066666666665,4.312666666666668,-1.1386666666666665,1.332,2.7539999999999996,2002.0,4767.73,2115.75,656.64,1775.01,370.08,1119.63,0.67
