,DOY,INSgdmax,RADmax,RAINmax,RHmax,TMAXmax,TMINmax,Tmax,WINDmax,YEAR,DOY,INSgdmin,RADmin,RAINmin,RHmin,TMAXmin,TMINmin,Tmin,WINDmin,YEAR,DOY,INSgdmean,RADmean,RAINmean,RHmean,TMAXmean,TMINmean,Tmean,WINDmean,YEAR,NDVI,EVI,RED,NIR,BLUE,MIR,pixrel
0,113.0,26.541,31.357499999999998,24.2729,91.8859,25.1534,18.417,21.5264,6.6026,2002.0,113.0,2.9638999999999998,23.947799999999997,0.0,43.0375,4.2695,-1.8135999999999999,2.378,1.3034,2002.0,113.0,16.833266666666667,27.21589333333333,3.265433333333333,74.41078666666667,13.362146666666668,4.539306666666667,9.06518,4.153740000000001,2002.0,4365.04,1839.78,618.05,1573.03,313.42,1245.4,0.03
1,129.0,30.257100000000005,29.695600000000002,19.5116,97.37800000000001,23.6904,14.210600000000001,17.2862,7.9117,2002.0,129.0,2.2907,22.990299999999998,0.0,43.6161,9.529900000000001,-1.3067000000000004,6.723700000000001,2.1733000000000002,2002.0,129.0,20.205286666666666,26.48652,4.467073333333333,71.72356666666668,16.085346666666666,5.7189533333333324,10.927573333333333,4.087700000000001,2002.0,4502.82,2109.7,688.88,1818.1,352.48,1360.55,0.0
2,145.0,31.5234,31.979199999999995,10.8097,82.2929,31.694300000000002,16.677000000000003,23.7927,6.3904,2002.0,145.0,14.5914,22.610699999999998,0.0,35.5599,15.1769,2.1209,8.6649,2.2015999999999996,2002.0,145.0,24.162133333333333,28.12834,2.3006333333333333,54.05678000000001,22.358766666666664,10.527399999999998,16.270186666666667,3.38756,2002.0,5622.75,2827.36,564.3,2061.64,305.6,1056.1,0.13
3,161.0,28.1388,33.6971,19.4069,89.72249999999998,29.509900000000002,20.2674,23.3251,4.7703,2002.0,161.0,6.7773,28.3946,0.0,37.3312,17.0889,9.4547,13.5371,1.1998,2002.0,161.0,20.083046666666668,31.123953333333333,4.291573333333333,67.37209333333332,24.56207333333333,14.172253333333334,19.115266666666667,3.11636,2002.0,7533.49,4724.43,415.97,3023.0,242.46,814.42,0.0
4,177.00000000000003,31.0781,35.55650000000001,34.9531,81.9551,33.66289999999999,23.7368,27.226999999999997,7.520199999999999,2002.0,177.00000000000003,14.4558,30.332299999999996,0.0,45.0925,26.696,14.712200000000001,21.7133,1.1132,2002.0,177.00000000000003,25.645013333333335,32.782086666666665,4.726706666666666,64.90477999999999,30.309886666666667,20.440726666666663,24.999366666666663,3.5350466666666667,2002.0,8196.43,4890.16,284.35,2923.63,167.66,605.1,0.02
5,193.0,30.139699999999998,36.0363,32.7249,85.06400000000001,33.6272,22.206399999999995,26.5865,4.2712,2002.0,193.0,7.4849000000000006,29.118899999999996,0.0,56.664899999999996,22.5543,12.7357,18.6977,0.8295000000000001,2002.0,193.0,22.2297,32.79886666666667,3.864686666666667,71.19127999999999,28.38918666666667,18.00624,23.059959999999997,2.307126666666667,2002.0,8292.23,5290.59,288.89,3196.32,173.2,614.2,0.02
6,209.0,28.707000000000004,35.0499,17.137700000000002,88.2033,32.7129,23.1819,26.377699999999997,4.3116,2002.0,209.0,9.807500000000001,28.834100000000003,0.0,62.70569999999999,24.026899999999998,12.112499999999999,17.981899999999996,1.516,2002.0,209.0,21.83978666666667,33.04386666666667,3.996933333333334,73.0608,28.3926,18.084713333333333,22.80618,2.7250066666666664,2002.0,8374.97,5111.15,254.26,3015.72,153.71,544.49,0.0
7,225.0,27.019900000000003,32.736799999999995,22.801499999999997,86.3969,32.1327,19.8791,24.3756,6.1581,2002.0,225.0,8.4859,25.9902,0.0,51.971599999999995,22.4171,8.1234,15.254,1.5269000000000001,2002.0,225.0,21.003546666666665,29.975653333333334,6.119746666666667,63.65830666666666,26.172820000000005,14.10454666666667,20.056766666666668,3.133366666666667,2002.0,8244.07,4917.03,275.32,2917.43,160.62,599.9,0.0
8,241.0,24.0914,35.0018,15.8735,90.596,30.0493,20.220799999999997,23.1887,4.258,2002.0,241.0,8.8795,27.8439,0.0,58.883900000000004,23.138500000000004,10.6155,18.3503,1.2855,2002.0,241.0,18.523093333333332,31.420360000000002,2.8641133333333335,75.34496,26.18248,16.452933333333334,21.024186666666665,2.2681533333333332,2002.0,8087.37,4555.99,282.14,2694.23,161.71,600.17,0.07
9,257.0,22.1018,32.8021,22.8535,89.6732,33.52889999999999,21.1893,26.1435,3.7434,2002.0,257.0,5.0424999999999995,25.779500000000002,0.0,48.9339,18.962999999999997,7.424700000000001,14.072999999999999,1.5977999999999999,2002.0,257.0,14.766699999999997,30.23584,3.9385999999999997,65.18678,24.34842666666667,13.703186666666669,18.952939999999998,2.7056999999999998,2002.0,7524.19,3939.57,323.21,2376.08,186.45,623.9,0.0
10,273.0,18.7409,31.3063,22.371399999999998,92.5272,26.246,18.4621,21.194,5.692200000000001,2002.0,273.0,2.8290000000000006,26.393500000000003,0.0,48.1813,11.092600000000001,0.1651,6.1713000000000005,1.5799999999999998,2002.0,273.0,9.843653333333334,29.223113333333327,4.828480000000001,71.39302666666667,17.97528,8.218426666666666,12.902066666666666,3.270213333333334,2002.0,5872.78,2841.44,506.4,2000.36,268.65,727.24,0.33
11,289.0,17.189500000000002,29.908099999999997,8.171199999999999,79.85260000000001,22.305500000000002,11.978399999999999,16.5667,4.6658,2002.0,289.0,4.675800000000001,21.4346,0.0,47.5017,3.4019000000000004,-2.6054999999999997,0.2138,1.5917000000000001,2002.0,289.0,10.880546666666667,25.355900000000002,1.2346000000000001,67.23181333333333,11.297666666666668,2.94594,6.950799999999999,3.1726933333333327,2002.0,5125.05,2504.71,640.19,1985.04,328.27,1062.27,0.39
12,305.0,12.7387,26.8693,15.435500000000001,94.51409999999998,12.678,4.8319,7.7287,5.2971,2002.0,305.0,3.2875,20.747700000000002,0.0,57.5575,-0.4234,-5.5973,-3.1755,1.3532,2002.0,305.0,8.193053333333332,23.877286666666667,3.2102769230769233,81.17284,4.547800000000001,-0.9715266666666666,1.5739533333333333,2.8221600000000002,2002.0,4783.92,1866.56,514.8,1455.35,271.41,891.71,0.12
