,DOY,INSgdmax,RADmax,RAINmax,RHmax,TMAXmax,TMINmax,Tmax,WINDmax,YEAR,DOY,INSgdmin,RADmin,RAINmin,RHmin,TMAXmin,TMINmin,Tmin,WINDmin,YEAR,DOY,INSgdmean,RADmean,RAINmean,RHmean,TMAXmean,TMINmean,Tmean,WINDmean,YEAR,NDVI,EVI,RED,NIR,BLUE,MIR,pixrel
0,113.0,27.218799999999998,33.20929999999999,62.21199999999999,91.27250000000001,26.1163,19.416,21.815599999999996,6.8876,2002.0,113.0,3.9534000000000002,25.517,0.0,39.128499999999995,10.0434,-0.9845,7.266799999999999,1.43,2002.0,113.0,16.1778,28.926626666666667,7.790419999999999,76.83272666666669,17.624233333333333,7.509153333333334,12.605613333333334,3.9764799999999996,2002.0,5581.35,3470.77,784.34,2778.5,416.27,1703.59,0.2
1,129.0,29.7712,31.5625,47.8095,94.65990000000001,25.415899999999997,17.254800000000003,20.2003,6.8142,2002.0,129.0,2.3508,23.654499999999995,0.0,52.001599999999996,13.009199999999998,2.1995999999999998,8.5328,2.0734000000000004,2002.0,129.0,20.90468666666667,27.650253333333335,10.672099999999999,73.31251333333336,19.496473333333334,8.999366666666667,14.211066666666667,3.9224,2002.0,6275.44,4143.44,695.56,3098.02,370.7,1496.55,0.0
2,145.0,31.293,33.0521,24.216000000000005,85.7855,30.2939,20.6944,24.278500000000005,6.5539,2002.0,145.0,4.4689000000000005,25.1537,0.0,39.908100000000005,17.455399999999997,2.8794,9.809099999999999,1.7706,2002.0,145.0,25.279093333333336,29.091473333333337,4.7015,66.23026666666667,22.775939999999995,11.565846666666667,16.944866666666666,2.933106666666667,2002.0,7042.12,4880.95,584.72,3428.13,314.5,1391.29,0.03
3,161.0,32.26,35.269200000000005,20.5322,91.2261,29.117600000000003,21.535700000000002,23.6723,5.1845,2002.0,161.0,7.482399999999999,28.1545,0.0,52.894,23.507099999999994,11.504199999999999,17.4935,0.9347000000000001,2002.0,161.0,21.66416666666667,31.68908,3.9073733333333336,70.83056666666666,26.47825333333333,16.42596,21.188599999999997,3.0599733333333328,2002.0,7258.44,5124.88,559.34,3570.04,300.35,1335.23,0.96
4,177.0,31.4192,35.305899999999994,9.9579,75.8594,33.899499999999996,22.963699999999996,26.56,6.1512,2002.0,177.0,16.969800000000003,30.768000000000004,0.0,45.3555,27.7255,16.2881,23.129899999999996,1.2941,2002.0,177.0,25.35508,33.012706666666666,1.8873866666666665,67.15712666666667,30.643113333333336,20.192773333333335,25.22768,2.978039999999999,2002.0,6967.37,4974.07,638.96,3580.73,348.84,1303.38,0.11
5,193.0,30.361700000000003,35.790800000000004,23.229100000000003,93.5536,32.4334,23.1747,27.220299999999998,3.1524000000000005,2002.0,193.0,7.3909,28.950800000000005,0.0,55.73760000000001,22.859799999999996,14.5912,20.240099999999998,0.8021000000000001,2002.0,193.0,21.15002666666667,33.367560000000005,3.22436,73.55264000000003,28.99618,19.354206666666663,24.02654,1.8948466666666672,2002.0,7406.51,5321.66,542.63,3675.92,297.19,1145.32,0.04
6,209.0,28.246099999999995,35.9267,13.2124,82.4549,33.98449999999999,23.7362,27.9991,4.3081,2002.0,209.0,10.8758,30.798300000000005,0.0,62.01140000000001,24.884800000000002,16.0211,20.4351,1.5832,2002.0,209.0,23.56477333333333,33.75377333333333,4.403626666666668,72.38576,30.120459999999998,20.423646666666663,24.983373333333333,2.7699,2002.0,7336.2,5094.44,528.76,3482.42,290.65,1076.24,0.78
7,225.0,27.9625,35.545300000000005,28.783500000000004,88.14750000000001,30.9119,21.8877,24.823099999999997,4.2978,2002.0,225.0,6.7924999999999995,29.4112,0.0,52.2666,20.7273,12.033800000000001,17.9744,1.2842,2002.0,225.0,17.97022,32.6259,6.250513333333334,72.24809333333333,26.738713333333333,16.876600000000003,21.9034,2.7406066666666664,2002.0,7884.81,5012.88,365.55,3147.89,200.32,801.44,0.0
8,241.0,24.48,36.0571,24.986199999999997,89.03009999999999,31.650599999999997,23.508500000000005,25.857699999999998,4.4124,2002.0,241.0,16.261599999999998,29.633300000000002,0.0,53.887100000000004,24.320999999999998,13.254,20.063599999999997,1.3676000000000001,2002.0,241.0,21.193946666666672,32.30484,1.95812,74.39264666666668,27.62999333333333,17.887526666666666,22.537346666666668,2.1009466666666663,2002.0,7256.27,4785.94,511.05,3240.91,274.98,1099.86,0.0
9,257.0,23.5854,33.347500000000004,28.080800000000004,88.3843,33.3858,20.5113,25.0977,4.8847,2002.0,257.0,6.1114,27.1292,0.0,43.1115,21.779099999999996,7.848900000000001,16.3327,0.7444999999999999,2002.0,257.0,16.299153333333333,31.19786,3.563164285714285,69.69580000000003,25.56940666666667,14.782686666666669,19.99820666666667,2.3977000000000004,2002.0,5913.36,3383.26,636.03,2497.95,339.34,1274.78,0.0
10,273.0,20.2138,33.70419999999999,7.8476,89.8883,29.748699999999996,19.8959,23.8706,5.7583,2002.0,273.0,4.4438,26.230399999999996,0.0,44.560199999999995,15.5231,1.4662,8.949599999999998,1.1865999999999999,2002.0,273.0,14.928413333333332,29.599600000000002,2.0126066666666667,63.721,22.602966666666667,10.566899999999999,16.42864,3.19902,2002.0,5808.72,3192.91,619.76,2360.81,325.74,1306.13,0.0
11,289.0,17.8146,29.923000000000002,10.1837,84.31840000000001,24.1044,10.3697,16.8319,4.3363,2002.0,289.0,4.5292,22.36,0.0,42.6096,4.3173,-2.1119,2.9643,0.9562999999999999,2002.0,289.0,13.354639999999998,25.811926666666665,2.033093333333333,63.818733333333334,14.584613333333335,4.511653333333333,9.316213333333334,2.77694,2002.0,5133.08,2928.74,778.63,2424.81,408.41,1522.2,0.09
12,305.0,13.608799999999999,27.916000000000004,27.5078,93.56320000000001,15.2326,7.8295,9.911399999999999,5.0797,2002.0,305.0,3.0891999999999995,22.6659,0.0,66.2471,0.6023999999999999,-4.1471,-2.1938000000000004,1.7651000000000001,2002.0,305.0,6.687619999999999,25.399313333333332,5.501723076923078,84.11237333333332,6.53718,1.0396533333333333,3.6414333333333335,2.8986,2002.0,4620.45,2690.02,893.49,2436.63,460.25,1626.71,0.04
