,DOY,INSgdmax,RADmax,RAINmax,RHmax,TMAXmax,TMINmax,Tmax,WINDmax,YEAR,DOY,INSgdmin,RADmin,RAINmin,RHmin,TMAXmin,TMINmin,Tmin,WINDmin,YEAR,DOY,INSgdmean,RADmean,RAINmean,RHmean,TMAXmean,TMINmean,Tmean,WINDmean,YEAR,NDVI,EVI,RED,NIR,BLUE,MIR,pixrel
0,113.0,28.110800000000005,30.093,22.183999999999997,89.369,24.2714,17.7568,19.913,8.5006,2002.0,113.0,1.8514,24.9976,0.0,33.1442,5.1272,-1.617,3.6394,1.0903999999999998,2002.0,113.0,17.12305333333333,27.47725333333333,3.0098133333333332,72.02665333333333,14.546413333333332,5.312453333333334,9.899773333333334,4.859426666666667,2002.0,2764.5,1544.79,1053.81,1941.1,577.49,1969.37,0.19
1,129.0,29.090400000000002,31.2108,18.336999999999996,95.98420000000002,25.9788,12.8522,17.5302,8.223600000000001,2002.0,129.0,2.4716,23.2416,0.0,46.2626,10.440999999999999,0.5733999999999999,7.263599999999999,2.2337999999999996,2002.0,129.0,19.287973333333333,27.201453333333333,3.6042666666666663,69.29651999999999,17.564239999999998,6.352146666666665,11.874106666666666,4.552333333333333,2002.0,3028.28,1685.86,973.09,1937.44,538.46,1891.85,0.13
2,145.0,30.249200000000002,31.665399999999998,16.8944,83.1406,31.935800000000004,18.6024,24.716,9.1782,2002.0,145.0,10.107199999999999,24.974199999999996,0.0,29.8604,13.9812,4.2538,9.790400000000002,1.9184,2002.0,145.0,25.246039999999997,28.340733333333336,3.634626666666667,55.97816000000001,23.127693333333333,11.045200000000001,16.887253333333334,3.7145866666666665,2002.0,3728.71,2177.06,952.16,2207.82,524.47,1910.02,0.25
3,161.0,31.010599999999997,33.902,15.654800000000002,94.3396,31.819200000000002,19.6444,25.177599999999998,6.8142,2002.0,161.0,11.5132,28.3784,0.0,39.684200000000004,20.764,10.496599999999999,15.538599999999999,1.6658000000000002,2002.0,161.0,22.93550666666667,31.473066666666664,3.9928800000000004,66.69053333333333,25.887413333333335,15.166693333333335,20.163093333333332,3.989986666666667,2002.0,5086.87,2886.87,693.94,2304.85,382.6,1089.11,0.37
4,177.0,31.5942,35.0204,7.7132,83.6588,33.3688,22.5096,27.248199999999997,8.017999999999999,2002.0,177.0,16.951,31.3104,0.0,53.7824,26.125,15.3856,21.6586,1.7446000000000002,2002.0,177.0,26.83674666666667,32.82178666666666,0.9195066666666666,69.21205333333334,29.844520000000003,19.735986666666665,24.34684,4.483319999999999,2002.0,7246.43,5123.22,540.43,3524.42,305.61,967.72,0.22
5,193.0,29.9628,35.7184,22.825000000000003,93.658,34.6928,22.4944,27.172,3.8928,2002.0,193.0,4.924200000000001,29.3008,0.0,55.7652,19.389999999999997,13.954600000000001,17.6184,1.0450000000000002,2002.0,193.0,23.527,32.88724,2.5647866666666665,72.97090666666668,28.751213333333336,18.427066666666665,23.339599999999997,2.5289466666666676,2002.0,7196.04,5277.01,593.35,3745.72,328.48,961.43,0.29
6,209.0,29.072000000000003,35.3196,16.094,87.9514,35.8054,22.5856,27.301000000000002,5.7888,2002.0,209.0,14.289800000000001,30.309599999999996,0.0,51.74860000000001,25.190999999999995,11.4796,18.4554,1.7556,2002.0,209.0,24.298093333333334,33.01462666666667,3.8986266666666665,63.67517333333333,30.959466666666664,18.365266666666663,24.11234666666666,3.574626666666667,2002.0,6706.85,4647.82,626.93,3357.62,341.99,1009.61,0.23
7,225.0,27.5,34.5354,12.5622,89.7932,31.392000000000003,20.423000000000002,23.8868,5.953799999999999,2002.0,225.0,6.7048,27.955000000000005,0.0,53.1802,20.561400000000003,4.627199999999999,14.264200000000002,1.0068,2002.0,225.0,19.969266666666663,30.93484,3.906133333333333,68.75690666666667,25.840600000000006,13.89204,19.752333333333333,3.748493333333334,2002.0,5830.92,3949.98,779.27,3087.7,427.26,1104.01,0.08
8,241.0,24.2366,34.9662,15.325,94.59660000000001,28.0064,20.9278,22.9292,4.904400000000001,2002.0,241.0,12.4786,29.494999999999997,0.0,65.5018,22.826999999999998,10.3844,17.1246,0.8318000000000001,2002.0,241.0,18.722613333333328,32.063520000000004,2.6842799999999998,81.94944000000001,25.546146666666665,16.879853333333333,20.876066666666667,2.712826666666667,2002.0,5213.59,3230.54,763.39,2609.33,408.58,1352.56,0.0
9,257.0,22.4208,32.7388,18.0882,93.0038,30.174799999999998,19.811799999999998,24.0566,4.9714,2002.0,257.0,5.095000000000001,25.4068,0.0,53.835,17.895999999999997,6.4604,13.031,1.0764,2002.0,257.0,15.940586666666668,30.13665333333333,3.0061571428571425,71.15269333333333,23.281146666666668,12.735253333333333,17.739586666666668,3.260173333333333,2002.0,4326.93,2544.86,946.36,2399.0,509.48,1526.75,0.11
10,273.0,18.3138,30.572200000000002,14.921199999999999,90.11240000000001,28.866799999999998,17.9418,21.897799999999997,6.6844,2002.0,273.0,3.0991999999999997,26.6858,0.0,48.77120000000001,10.714200000000002,0.786,7.367,2.0654,2002.0,273.0,11.177146666666665,28.66144,3.0547199999999997,70.83661333333333,17.64626666666667,7.450119999999998,12.278666666666666,3.913599999999999,2002.0,3821.57,2058.76,888.06,2027.93,481.39,1500.69,0.17
11,289.0,16.7154,28.895000000000003,8.0252,87.6564,19.749599999999997,11.8792,14.9182,5.9842,2002.0,289.0,5.167199999999999,22.3108,0.0,48.41579999999999,0.17479999999999998,-1.9751999999999998,-1.0515999999999999,1.7974,2002.0,289.0,10.768186666666665,25.423213333333337,2.0656266666666663,73.04678666666666,10.730893333333334,3.3486933333333346,6.714840000000001,3.83208,2002.0,3083.15,1741.54,1158.23,2147.1,682.69,1643.8,0.72
12,305.0,12.396200000000002,25.4676,22.113400000000002,95.93080000000002,13.111,2.5086,5.8324,5.9696,2002.0,305.0,3.3746,20.836,0.0,61.8026,-2.6986,-7.3546,-4.644,1.6978,2002.0,305.0,7.88964,23.68822666666667,4.111846153846154,84.69441333333333,3.648466666666667,-1.9393200000000004,0.6996533333333333,3.295533333333333,2002.0,2381.59,1197.74,1749.13,2415.42,1359.55,1378.65,0.72
