,DOY,INSgdmax,RADmax,RAINmax,RHmax,TMAXmax,TMINmax,Tmax,WINDmax,YEAR,DOY,INSgdmin,RADmin,RAINmin,RHmin,TMAXmin,TMINmin,Tmin,WINDmin,YEAR,DOY,INSgdmean,RADmean,RAINmean,RHmean,TMAXmean,TMINmean,Tmean,WINDmean,YEAR,NDVI,EVI,RED,NIR,BLUE,MIR,pixrel
0,113.0,27.2564,31.727499999999996,34.384499999999996,91.0849,25.7212,18.9694,21.777699999999996,7.100099999999999,2002.0,113.0,3.0699,24.842,0.0,40.2702,5.962199999999999,-1.304,4.014,1.2246000000000001,2002.0,113.0,16.315193333333333,27.908459999999998,4.690026666666666,74.87105333333332,15.07106,6.00498,10.527386666666667,4.294946666666665,2002.0,1497.83,364.36,973.37,1331.42,847.06,417.38,31.35
1,129.0,30.173099999999998,30.3609,24.1965,94.7768,25.389599999999998,15.596,18.467399999999998,8.0221,2002.0,129.0,2.7742999999999998,23.1288,0.0,49.5172,11.2517,1.6036000000000001,7.775200000000001,2.2908,2002.0,129.0,20.693333333333335,26.961259999999996,6.626373333333333,72.10158666666666,17.674493333333334,7.441033333333333,12.510553333333334,4.2854600000000005,2002.0,1304.44,261.49,132.66,640.18,-18.38,268.27,61.44
2,145.0,31.596999999999998,32.321600000000004,17.615299999999998,83.7781,30.8013,17.807299999999998,23.6777,6.9467,2002.0,145.0,15.269099999999998,23.670199999999998,0.0,35.6268,15.8466,2.9007000000000005,9.3527,2.1265,2002.0,145.0,25.00026666666667,28.598006666666663,2.798826666666667,59.11252,22.53213333333333,10.974126666666667,16.6202,3.29674,2002.0,1925.15,685.75,190.73,862.22,67.29,287.03,51.76
3,160.99999999999997,31.192999999999998,34.318200000000004,24.7133,92.26389999999999,30.061799999999998,20.9699,23.752299999999998,5.2293,2002.0,160.99999999999997,10.306000000000001,28.983500000000003,0.0,41.2628,20.880300000000002,10.6194,16.044400000000003,1.2733,2002.0,160.99999999999997,21.865513333333332,31.462606666666666,4.7496133333333335,68.94797333333334,25.459519999999998,15.241659999999998,20.159860000000002,3.235333333333333,2002.0,2848.42,1534.07,165.14,1190.93,70.58,200.5,36.01
4,177.0,30.753199999999996,35.1046,24.548299999999998,79.3086,33.83,23.3236,26.996,7.4287,2002.0,177.0,19.4405,30.634300000000003,0.0,43.5091,27.734599999999997,15.157,22.595499999999998,1.2066000000000001,2002.0,177.0,26.801760000000005,32.69040666666667,2.6697599999999997,65.10221999999999,30.734973333333336,20.290646666666667,25.251020000000004,3.4942399999999996,2002.0,2798.72,1259.46,-145.8,1090.14,-217.34,-52.17,89.39
5,193.0,29.028999999999996,35.937,23.043999999999997,88.7495,33.4537,22.4678,26.7254,4.3273,2002.0,193.0,6.826300000000001,28.8156,0.0,59.60419999999999,22.8023,13.790999999999999,18.7015,0.9164,2002.0,193.0,21.509600000000002,32.92126666666667,3.924173333333333,74.24141333333334,28.341206666666668,18.333613333333332,23.168813333333333,2.10036,2002.0,3071.83,1486.98,-77.68,1215.08,-147.99,-10.4,79.28
6,209.0,28.9093,35.4721,20.747799999999998,84.25550000000001,33.6247,23.430899999999998,27.0505,4.2274,2002.0,209.0,12.7542,29.2594,0.0,63.172599999999996,24.2256,12.840599999999998,18.9354,1.4602000000000002,2002.0,209.0,22.246893333333333,33.3601,4.031733333333333,72.57061333333334,29.344306666666668,18.998386666666665,23.755639999999996,2.8269799999999994,2002.0,4134.29,2072.16,133.4,1413.7,42.06,75.38,30.72
7,225.0,27.7224,33.962,20.4558,86.2285,31.1251,20.401600000000002,24.0273,5.7004,2002.0,225.0,7.197799999999999,28.223999999999997,0.0,55.097,21.7784,8.314300000000001,16.4101,1.1007,2002.0,225.0,20.102386666666668,30.974013333333335,5.799053333333333,68.19187333333332,26.191013333333334,14.535340000000001,20.498780000000004,2.9828666666666668,2002.0,3273.55,1362.4,-33.37,1072.12,-109.86,-65.04,66.45
8,241.0,24.4684,35.4132,13.1144,91.42200000000001,30.217499999999998,22.4336,24.1402,4.591,2002.0,241.0,13.7649,28.15,0.0,57.249399999999994,23.417099999999998,11.476499999999998,18.7031,1.2787,2002.0,241.0,19.603273333333334,31.692860000000003,1.87908,76.45412666666667,26.461886666666665,16.98720666666667,21.444,2.20174,2002.0,3106.75,1240.77,-1.14,1005.51,-85.61,14.55,61.5
9,257.0,22.980500000000003,33.024899999999995,19.4619,89.92349999999999,33.5523,20.2361,25.2923,4.343999999999999,2002.0,257.0,5.9226,26.1116,0.0,46.51499999999999,19.761100000000003,7.1292,15.077799999999998,1.1851000000000003,2002.0,257.0,15.176086666666667,30.50071333333333,2.9431285714285713,67.85116666666666,24.72656666666667,13.54844,19.049139999999994,2.5693133333333336,2002.0,6162.86,2920.84,319.89,1762.96,229.53,213.18,0.41
10,273.0,19.5227,31.862599999999997,17.904700000000002,93.0432,27.3028,19.214199999999998,22.246699999999997,6.288399999999999,2002.0,273.0,3.1515000000000004,25.9864,0.0,45.474999999999994,13.090200000000001,0.5107999999999999,7.508,1.4271,2002.0,273.0,11.908653333333332,29.411926666666666,3.0819400000000003,69.01252000000001,19.976773333333334,9.140566666666665,14.309626666666665,3.4321333333333337,2002.0,2860.98,1438.22,820.48,1686.93,675.55,581.17,16.95
11,289.0,17.2575,29.628,8.7707,79.27799999999999,23.2756,11.7132,16.9127,4.816000000000001,2002.0,289.0,4.5985,21.753700000000002,0.0,45.3141,3.4521000000000006,-1.7140000000000004,1.0983,1.5719000000000003,2002.0,289.0,11.699959999999999,25.537666666666667,1.4891866666666667,64.01126,12.758946666666667,4.007153333333333,8.182526666666666,3.2631999999999994,2002.0,1812.21,772.7,1018.4,1517.81,913.27,855.76,17.09
12,305.0,13.020500000000002,27.0694,20.413700000000002,93.5661,13.8801,6.4721,8.7129,5.3681,2002.0,305.0,3.3177000000000003,21.816,0.0,57.456500000000005,-0.5183,-5.3235,-2.944,1.6124,2002.0,305.0,7.549133333333334,24.51765333333333,4.366523076923077,82.1826,5.26726,-0.36127333333333334,2.32092,3.0130066666666666,2002.0,1354.77,297.28,613.64,1139.68,466.82,530.92,62.64
