,DOY,INSgdmax,RADmax,RAINmax,RHmax,TMAXmax,TMINmax,Tmax,WINDmax,YEAR,DOY,INSgdmin,RADmin,RAINmin,RHmin,TMAXmin,TMINmin,Tmin,WINDmin,YEAR,DOY,INSgdmean,RADmean,RAINmean,RHmean,TMAXmean,TMINmean,Tmean,WINDmean,YEAR,NDVI,EVI,RED,NIR,BLUE,MIR,pixrel
0,113.0,26.82,31.79,16.46,92.05,25.04,17.76,21.34,5.83,2002.0,113.0,2.59,24.16,0.0,45.29,3.4,-2.0,1.86,1.49,2002.0,113.0,15.746000000000002,27.182000000000006,2.978666666666667,73.72066666666666,12.879333333333333,4.244000000000001,8.687333333333335,3.9026666666666667,2002.0,3765.81,1753.47,753.14,1701.72,378.48,1433.34,0.0
1,129.0,29.48,29.56,14.99,97.23,22.18,14.79,16.95,6.82,2002.0,129.0,2.52,23.47,0.0,38.78,8.8,-2.21,5.89,1.97,2002.0,129.0,19.99533333333334,26.471999999999998,4.123333333333333,70.99933333333334,15.375333333333336,5.188,10.286000000000001,3.7173333333333343,2002.0,3983.28,1999.26,798.8,1899.68,406.87,1464.56,0.0
2,145.0,30.85,31.72,20.21,80.37,31.78,16.85,24.03,5.2,2002.0,145.0,17.78,22.46,0.0,33.84,14.59,1.49,7.68,1.9,2002.0,145.0,23.79133333333333,28.197999999999997,3.0373333333333337,53.132666666666665,21.852666666666664,9.941333333333334,15.747999999999998,3.2373333333333334,2002.0,5684.53,3263.14,645.55,2452.48,346.83,1177.31,0.11
3,161.0,29.12,33.66,24.82,93.01,28.23,21.13,22.64,4.06,2002.0,161.0,6.05,27.5,0.0,39.26,14.87,9.75,12.33,1.34,2002.0,161.0,19.197999999999997,30.89333333333333,4.526666666666667,67.14266666666667,23.902666666666665,13.693333333333333,18.514666666666663,2.8253333333333335,2002.0,6928.66,4502.83,508.25,3058.37,284.19,970.99,0.0
4,177.0,31.36,34.42,35.17,82.37,33.78,24.05,27.4,6.47,2002.0,177.0,11.81,30.67,0.0,41.89,25.84,14.84,21.34,0.95,2002.0,177.0,24.602666666666668,32.84466666666667,5.651333333333334,63.07666666666667,30.127333333333333,20.716666666666665,25.05866666666667,3.237333333333333,2002.0,7590.21,4568.73,356.74,2838.25,209.46,703.16,0.91
5,193.0,30.24,35.57,11.99,82.52,34.2,21.87,26.27,3.89,2002.0,193.0,5.36,29.34,0.0,52.99,24.79,12.69,19.34,1.27,2002.0,193.0,22.014666666666667,32.550666666666665,2.8959999999999995,66.39399999999999,28.64933333333333,18.184,23.241333333333333,2.324666666666667,2002.0,7793.87,5217.47,379.22,3323.24,219.59,756.63,0.52
6,209.0,29.3,34.6,17.64,87.53,32.88,23.17,26.68,3.8,2002.0,209.0,9.5,28.04,0.0,60.05,23.91,11.99,18.68,1.55,2002.0,209.0,21.22266666666667,32.69533333333333,6.265333333333333,72.25533333333334,28.008666666666663,18.35533333333333,22.762000000000004,2.6,2002.0,7902.16,5340.09,368.58,3392.23,211.55,764.54,0.11
7,225.0,27.25,32.47,19.04,86.5,31.79,19.83,24.61,5.71,2002.0,225.0,6.77,26.6,0.0,50.11,23.06,9.12,15.83,1.39,2002.0,225.0,22.293333333333337,29.647333333333336,3.9573333333333327,61.52866666666668,26.039333333333335,14.611999999999998,20.175333333333338,2.914666666666667,2002.0,7861.86,4807.74,312.85,2928.86,178.92,631.36,0.0
8,241.0,24.19,34.85,15.99,89.01,29.92,20.29,23.09,3.99,2002.0,241.0,7.63,27.43,0.0,58.61,23.77,12.75,19.28,1.27,2002.0,241.0,18.739333333333335,31.303333333333335,2.8426666666666667,72.31733333333332,26.231333333333342,16.727999999999998,21.18733333333332,2.1599999999999997,2002.0,7906.1,4734.14,316.45,2877.72,179.49,659.33,0.0
9,257.0,22.36,33.34,28.02,89.75,33.94,21.65,26.67,3.41,2002.0,257.0,4.5,25.7,0.0,44.4,19.03,8.53,14.71,1.81,2002.0,257.0,15.094666666666667,30.081333333333326,3.9428571428571435,62.162666666666674,24.470666666666666,14.396666666666668,19.385333333333335,2.683333333333333,2002.0,7495.56,4133.11,330.39,2511.84,192.3,609.72,0.0
10,273.0,19.69,31.82,20.7,92.55,26.2,18.16,21.27,5.39,2002.0,273.0,3.38,25.38,0.0,44.27,10.17,1.03,6.55,1.39,2002.0,273.0,9.912,29.359333333333336,4.163333333333333,70.68199999999999,17.812,8.438666666666668,12.873999999999999,3.051999999999999,2002.0,6427.92,3381.58,451.51,2242.9,246.97,673.29,0.09
11,289.0,17.14,29.23,4.74,82.92,21.84,11.86,16.34,4.04,2002.0,289.0,4.32,20.41,0.0,44.53,4.46,-2.77,0.52,1.61,2002.0,289.0,10.342666666666668,25.259333333333334,1.334666666666667,67.24066666666666,11.083999999999998,2.345333333333333,6.601333333333333,2.9233333333333333,2002.0,5359.29,2764.43,618.58,2118.25,319.93,1023.7,0.0
12,305.0,12.78,26.39,14.43,94.55,12.36,5.35,8.0,4.6,2002.0,305.0,3.2,20.95,0.0,55.42,-0.36,-5.03,-2.92,1.53,2002.0,305.0,8.562666666666667,23.81933333333333,2.7469230769230766,79.32333333333332,4.8406666666666665,-0.9513333333333336,1.64,2.6526666666666667,2002.0,4713.47,2044.45,565.48,1630.73,294.22,1021.22,0.31
