,DOY,INSgdmax,RADmax,RAINmax,RHmax,TMAXmax,TMINmax,Tmax,WINDmax,YEAR,DOY,INSgdmin,RADmin,RAINmin,RHmin,TMAXmin,TMINmin,Tmin,WINDmin,YEAR,DOY,INSgdmean,RADmean,RAINmean,RHmean,TMAXmean,TMINmean,Tmean,WINDmean,YEAR,NDVI,EVI,RED,NIR,BLUE,MIR,pixrel
0,113.0,26.759999999999998,32.039199999999994,38.431200000000004,91.572,26.190399999999997,18.8248,22.1372,6.0384,2002.0,113.0,3.1248000000000005,24.608000000000004,0.0,45.3728,5.7324,-0.8944,3.7844,1.5716,2002.0,113.0,16.179146666666668,27.87717333333333,5.365066666666666,75.23725333333333,14.734453333333331,6.438666666666666,10.535146666666666,3.9943999999999997,2002.0,4701.7,1923.9,528.91,1513.11,266.56,1057.65,0.09
1,129.0,30.699199999999998,30.278,25.1824,95.21279999999999,24.800800000000002,16.3868,18.4952,6.9,2002.0,129.0,2.3896,23.5176,0.0,48.942400000000006,10.67,0.9172,7.722799999999999,2.1875999999999998,2002.0,129.0,20.65765333333333,27.145306666666663,8.224506666666667,72.53114666666667,17.480906666666666,7.541733333333334,12.411520000000001,3.887173333333333,2002.0,4720.56,2130.76,590.69,1714.49,298.13,1166.89,0.0
2,145.0,31.571199999999997,32.167199999999994,7.4408,82.80959999999999,30.41,18.5304,23.5316,5.545599999999999,2002.0,145.0,13.2092,23.533599999999996,0.0,39.1096,15.2288,1.9788000000000001,8.526,2.206,2002.0,145.0,23.939946666666664,28.641280000000005,1.2210133333333335,61.57472,21.812800000000003,10.545253333333333,16.031493333333334,3.0785333333333336,2002.0,5335.79,2599.25,559.4,1940.5,295.39,1016.58,0.06
3,161.0,31.42,34.1632,20.3596,90.3452,30.3952,21.808799999999998,23.549999999999997,4.444,2002.0,161.0,6.7104,27.9524,0.0,41.81,20.112000000000002,10.3684,15.447600000000001,1.0979999999999999,2002.0,161.0,20.67957333333333,31.056213333333336,4.49584,69.01160000000002,25.068640000000006,14.740693333333333,19.816186666666667,2.79104,2002.0,7458.3,4670.27,389.79,2994.64,217.19,770.44,0.0
4,177.0,30.1548,34.522400000000005,24.573999999999998,78.1904,34.122400000000006,23.433999999999997,27.188000000000002,6.0512,2002.0,177.0,13.917600000000002,31.07,0.0,41.2044,27.266399999999997,15.4788,22.4212,0.8528,2002.0,177.0,25.4668,32.67085333333333,3.9656800000000003,64.47789333333333,30.776506666666666,20.44770666666667,25.418533333333336,2.9557866666666666,2002.0,8151.77,5032.35,270.56,3034.67,156.34,598.43,0.28
5,193.0,28.9548,35.8224,30.5572,83.1808,33.8588,21.9868,26.7652,4.4164,2002.0,193.0,9.5832,28.802400000000002,0.0,52.275999999999996,25.759999999999998,14.3124,20.404000000000003,0.8684000000000001,2002.0,193.0,22.273386666666667,32.872746666666664,5.45832,65.75807999999998,29.462693333333334,18.853920000000002,23.957280000000004,2.0667199999999997,2002.0,8013.9,5217.17,305.3,3231.28,172.2,653.55,0.02
6,209.0,29.135199999999998,35.58,20.2784,83.4892,33.2624,23.646,27.4176,3.5172,2002.0,209.0,11.1384,29.9728,0.0,63.1592,24.4728,13.443200000000001,19.7992,1.3352,2002.0,209.0,21.15128,33.57069333333333,6.254293333333334,73.06845333333334,29.167039999999997,19.39890666666667,23.95245333333333,2.59168,2002.0,7983.46,4791.14,268.81,2877.32,153.75,572.31,0.01
7,225.0,27.233199999999997,33.6108,14.708,87.04360000000001,30.8856,20.378,24.3208,5.127199999999999,2002.0,225.0,6.6104,27.697599999999998,0.0,51.888000000000005,24.0312,9.576,17.2964,1.0796000000000001,2002.0,225.0,20.923813333333335,30.73965333333333,4.108933333333334,65.89272000000001,26.684746666666662,15.184719999999999,20.97669333333333,2.6123466666666664,2002.0,7885.14,4398.88,262.58,2599.67,146.43,556.3,0.0
8,241.0,24.717600000000004,35.6824,20.565200000000004,89.83439999999999,31.1824,22.5044,24.7984,4.3796,2002.0,241.0,13.8428,27.2872,0.0,55.7004,24.505999999999997,12.965599999999998,19.860799999999998,1.0972,2002.0,241.0,19.325813333333336,31.678720000000006,2.6675733333333334,72.8404,27.03576,17.315226666666668,21.87069333333333,2.0344800000000003,2002.0,7648.22,4134.84,271.17,2443.4,153.15,511.56,0.1
9,257.0,23.3404,33.2328,23.15,90.8592,34.4016,20.6392,26.2788,3.5504,2002.0,257.0,5.8664000000000005,25.549999999999997,0.0,40.678799999999995,19.232,8.134799999999998,16.3204,1.3948,2002.0,257.0,15.837280000000003,30.21594666666666,3.557485714285714,64.52456,25.711706666666664,14.433226666666666,19.91237333333333,2.400453333333333,2002.0,7218.07,3628.48,318.13,2201.3,181.24,545.87,0.09
10,273.0,19.6804,32.626,14.930399999999999,90.2708,27.391199999999998,19.6888,22.628,6.0168,2002.0,273.0,3.1124,26.332,0.0,42.400800000000004,12.392,1.7075999999999998,7.797199999999999,1.094,2002.0,273.0,11.97168,29.81093333333333,3.4208000000000003,66.61394666666666,20.422800000000002,10.028826666666665,15.119946666666664,3.1749599999999996,2002.0,6085.35,2918.82,452.21,1983.53,234.93,605.85,0.26
11,289.0,17.1396,30.2496,9.32,78.25399999999999,23.3144,11.4452,16.741200000000003,4.442,2002.0,289.0,3.6080000000000005,21.445600000000002,0.0,40.1572,6.0648,-1.3036,2.7068,1.3476,2002.0,289.0,11.613066666666667,25.687226666666668,0.8864533333333333,61.33669333333333,13.19944,4.154986666666666,8.545786666666666,2.919573333333333,2002.0,5240.71,2402.73,533.86,1793.83,275.82,842.43,0.15
12,305.0,12.7772,27.0328,19.548000000000002,94.0788,13.7532,7.1632,9.42,4.6864,2002.0,305.0,3.34,21.2804,0.0,53.8552,-0.3692,-4.2828,-2.3528000000000002,1.56,2002.0,305.0,8.083706666666668,24.53981333333333,3.7539692307692305,80.52202666666665,5.707546666666667,0.1489333333333333,2.8859999999999997,2.8306933333333326,2002.0,4678.78,2012.31,567.09,1593.41,320.69,725.95,0.57
