,DOY,INSgdmax,RADmax,RAINmax,RHmax,TMAXmax,TMINmax,Tmax,WINDmax,YEAR,DOY,INSgdmin,RADmin,RAINmin,RHmin,TMAXmin,TMINmin,Tmin,WINDmin,YEAR,DOY,INSgdmean,RADmean,RAINmean,RHmean,TMAXmean,TMINmean,Tmean,WINDmean,YEAR,NDVI,EVI,RED,NIR,BLUE,MIR,pixrel
0,113.0,27.0018,31.7349,17.851699999999997,91.39450000000001,25.939999999999998,19.106399999999997,22.141099999999998,6.7187,2002.0,113.0,2.8415,24.800400000000003,0.0,42.9148,5.06,-1.4602,3.3002,1.3670000000000002,2002.0,113.0,16.531486666666666,27.68087333333333,3.344733333333333,74.27370666666667,14.403006666666668,5.758006666666666,10.104479999999999,4.2034400000000005,2002.0,5211.48,2260.57,560.63,1735.08,275.62,1001.28,0.0
1,129.0,30.129299999999997,29.8465,25.4201,96.16600000000001,24.9456,15.824600000000002,18.314600000000002,7.955500000000001,2002.0,129.0,1.8533,23.218599999999995,0.0,47.7156,10.1635,0.7852,7.6294,2.3788,2002.0,129.0,20.929706666666668,26.8761,6.216453333333332,71.78010666666667,17.178826666666666,7.026793333333332,12.06803333333333,4.21006,2002.0,5225.91,2423.91,598.42,1882.19,293.78,1040.98,0.0
2,145.0,31.7196,32.179,13.774300000000002,83.70349999999999,31.1345,17.345100000000002,23.3733,6.4818999999999996,2002.0,145.0,16.8111,23.219999999999995,0.0,35.562,15.6068,2.6153,9.0543,2.3590999999999998,2002.0,145.0,24.73645333333333,28.451060000000002,2.2945333333333333,57.505480000000006,22.440546666666666,10.866299999999999,16.465666666666667,3.30866,2002.0,6110.5,2983.58,517.78,2090.14,266.59,887.5,0.01
3,161.0,30.285000000000004,34.12820000000001,23.0981,91.3263,29.9044,20.824499999999997,23.328099999999996,4.9155,2002.0,161.0,8.9856,29.2649,0.0,38.1706,19.6623,10.306400000000002,15.513200000000001,1.2709000000000001,2002.0,161.0,21.439566666666668,31.376313333333325,5.299013333333333,68.31289333333334,25.00917333333333,14.772153333333332,19.761646666666664,3.1152399999999996,2002.0,7668.63,4033.02,315.3,2418.4,173.95,553.22,0.0
4,177.0,30.501199999999997,35.388200000000005,33.720099999999995,80.8712,33.79879999999999,23.6054,27.307399999999998,7.3285,2002.0,177.0,18.4707,30.5597,0.0,41.554899999999996,27.810200000000002,14.888600000000002,22.360699999999998,0.9746,2002.0,177.0,27.009613333333338,32.662686666666666,3.647266666666667,64.38949999999998,30.791706666666677,20.415246666666665,25.338606666666667,3.4087066666666668,2002.0,8142.09,4739.07,286.53,2823.43,162.81,569.35,0.0
5,193.0,28.9436,35.7804,18.3288,85.27189999999999,34.4069,22.351,26.8556,4.4803,2002.0,193.0,8.3129,28.580399999999997,0.0,58.081799999999994,23.8875,13.4194,18.933500000000002,0.8214,2002.0,193.0,22.195200000000007,32.75850666666666,2.499026666666666,72.47983999999998,28.57868666666667,18.10824,23.163399999999996,2.1552266666666666,2002.0,8116.55,4890.24,303.85,2942.54,174.4,596.42,0.0
6,209.0,28.8729,35.5293,22.3232,84.41130000000001,33.058499999999995,23.447699999999998,26.9759,4.0482,2002.0,209.0,11.881400000000001,28.6922,0.0,63.4644,24.3662,12.504,18.815,1.363,2002.0,209.0,21.598586666666666,33.363326666666666,3.9506933333333327,73.17132,28.910760000000003,18.75465333333333,23.43768,2.709646666666666,2002.0,8160.78,4748.11,284.83,2822.36,160.4,560.05,0.0
7,225.0,27.259,33.08539999999999,16.8564,85.1309,31.3515,20.1206,23.919300000000003,5.8734,2002.0,225.0,6.4024,28.222199999999997,0.0,54.2822,22.600399999999997,8.355899999999998,16.033099999999997,1.4171,2002.0,225.0,20.524066666666666,30.670333333333335,6.035146666666667,65.85636666666666,26.2946,14.251446666666666,20.38352666666667,2.9261066666666666,2002.0,7978.81,4500.33,302.9,2697.2,167.04,593.11,0.0
8,241.0,24.586399999999998,35.2796,14.861600000000001,90.7982,30.2845,21.779000000000003,23.827999999999996,4.4235999999999995,2002.0,241.0,14.4319,27.3708,0.0,57.1328,23.7757,10.902300000000002,18.6335,1.2794999999999999,2002.0,241.0,19.371233333333333,31.373100000000004,2.378213333333333,75.75446,26.453900000000008,16.750353333333333,21.31886666666667,2.1538733333333333,2002.0,7801.72,4088.72,300.73,2433.3,167.85,560.22,0.31
9,257.0,22.7867,32.9407,23.0887,88.47350000000002,34.21229999999999,20.5959,25.946099999999998,3.966,2002.0,257.0,5.3626,24.715399999999995,0.0,47.2344,19.314299999999996,7.074600000000001,15.012,1.5579,2002.0,257.0,14.69854,30.272819999999996,3.1934428571428572,66.46926,24.685086666666667,13.527186666666667,19.134539999999994,2.5363,2002.0,7563.67,3744.28,315.72,2252.96,169.65,600.74,0.0
10,273.0,19.679900000000004,31.8154,17.664099999999998,92.973,26.734399999999997,19.1368,21.7925,6.27,2002.0,273.0,2.9925000000000006,26.209600000000002,0.0,43.9282,12.063400000000001,0.496,7.071000000000001,1.2953000000000001,2002.0,273.0,11.376653333333334,29.448553333333333,3.0418200000000004,69.97470666666666,19.44092,8.970806666666665,13.989706666666661,3.3443333333333336,2002.0,5242.27,2681.72,733.8,2170.74,472.94,872.49,0.88
11,289.0,17.3185,30.232399999999995,5.4025,77.7382,22.9574,11.864399999999998,16.8517,4.7042,2002.0,289.0,4.2201,21.1379,0.0,45.5373,3.9569000000000005,-1.5852000000000002,1.0025,1.6019,2002.0,289.0,11.267586666666666,25.44112,0.71292,63.40591333333333,12.452426666666668,3.8283000000000005,7.994619999999999,3.1932933333333327,2002.0,5103.58,2649.02,698.32,2129.87,377.47,902.22,0.97
12,305.0,13.384300000000001,27.313599999999997,19.887500000000003,94.20570000000001,13.647300000000001,6.4201,8.6635,5.3355,2002.0,305.0,3.3793,21.3822,0.0,56.7691,-0.2893,-5.2559,-2.8061999999999996,1.5410000000000001,2002.0,305.0,7.881013333333334,24.33442666666667,3.858415384615385,81.40704,5.20678,-0.49792666666666674,2.2152133333333333,2.9231800000000003,2002.0,5000.24,2302.7,680.51,1900.59,387.17,786.2,0.32
