,DOY,INSgdmax,RADmax,RAINmax,RHmax,TMAXmax,TMINmax,Tmax,WINDmax,YEAR,DOY,INSgdmin,RADmin,RAINmin,RHmin,TMAXmin,TMINmin,Tmin,WINDmin,YEAR,DOY,INSgdmean,RADmean,RAINmean,RHmean,TMAXmean,TMINmean,Tmean,WINDmean,YEAR,NDVI,EVI,RED,NIR,BLUE,MIR,pixrel
0,113.0,27.732499999999995,30.546,13.301000000000002,90.221,23.9555,18.528999999999996,20.546,8.1835,2002.0,113.0,2.9305,25.026999999999997,0.0,36.2975,4.958,-1.4969999999999999,3.439,0.968,2002.0,113.0,16.71773333333333,27.56903333333333,1.9942333333333333,73.85463333333334,14.386833333333332,5.285333333333333,9.823133333333333,4.685966666666667,2002.0,4180.38,1839.73,699.31,1672.08,349.24,1328.88,0.0
1,129.0,29.448,31.1955,20.7655,95.21350000000001,25.9335,13.407499999999999,17.1765,8.517,2002.0,129.0,2.4304999999999994,22.74,0.0,47.9255,10.4845,0.994,7.5615000000000006,2.0984999999999996,2002.0,129.0,20.055333333333333,27.06423333333333,4.4568666666666665,70.94969999999999,17.2947,6.614966666666666,11.874166666666671,4.552533333333334,2002.0,4267.48,1874.28,679.49,1666.85,341.96,1231.26,0.0
2,145.0,31.034000000000002,32.1055,23.692999999999998,83.6125,31.8095,17.625,24.099500000000003,8.493000000000002,2002.0,145.0,11.9645,24.784,0.0,31.655,14.814,3.9475,9.956,2.1169999999999995,2002.0,145.0,25.0615,28.453733333333332,3.4129666666666667,56.1969,22.834633333333333,11.006199999999998,16.77203333333333,3.640866666666667,2002.0,4741.69,2251.4,680.64,1882.5,350.37,1159.16,0.09
3,161.0,31.7915,33.9755,12.658999999999999,94.24900000000001,31.173000000000002,19.753,24.741999999999997,6.021000000000001,2002.0,161.0,13.543,28.913,0.0,39.355999999999995,20.434,10.103,15.6685,1.5470000000000002,2002.0,161.0,22.513466666666663,31.49856666666667,3.9528,67.58593333333333,25.602133333333335,15.163533333333332,20.044233333333334,3.7660666666666662,2002.0,7012.41,3732.06,394.68,2371.85,219.77,682.03,0.0
4,177.0,31.6695,34.929500000000004,12.742999999999999,81.479,33.1105,22.393500000000003,27.0925,8.306,2002.0,177.0,21.463,30.7425,0.0,53.225,27.2095,14.9455,22.191999999999997,1.651,2002.0,177.0,27.48686666666667,32.64086666666667,1.7036666666666664,66.60963333333333,30.271399999999993,19.975466666666666,24.744799999999998,4.2192,2002.0,7821.71,4667.32,333.06,2870.61,186.99,647.32,0.0
5,193.0,29.028000000000002,35.548,28.310500000000005,93.25300000000001,33.2885,22.501,26.4625,4.1445,2002.0,193.0,5.2860000000000005,28.959999999999997,0.0,59.342999999999996,20.8735,13.818999999999999,17.865,0.8665,2002.0,193.0,22.6139,32.805,4.0864666666666665,75.80866666666668,28.033733333333334,18.253566666666668,22.941999999999997,2.331366666666667,2002.0,7874.42,4605.29,320.77,2807.95,180.06,641.37,0.0
6,209.0,28.819999999999997,35.46,12.305,87.98199999999999,34.903,22.999000000000002,26.561500000000002,5.3445,2002.0,209.0,16.2605,29.8875,0.0,56.0125,24.381,11.663499999999999,18.150000000000002,1.7280000000000002,2002.0,209.0,23.644533333333328,33.16946666666666,2.6484666666666667,67.95933333333333,30.20676666666667,18.349666666666664,23.704066666666662,3.3021666666666656,2002.0,7930.54,4466.44,302.92,2679.27,171.67,604.64,0.0
7,225.0,27.5975,34.113,22.041,86.792,31.4745,19.823000000000004,23.8415,6.184499999999999,2002.0,225.0,8.3605,27.862000000000002,0.0,52.838499999999996,20.970000000000002,5.8125,14.831500000000002,0.9854999999999999,2002.0,225.0,20.28216666666667,30.664,7.136733333333333,68.64336666666667,25.735600000000005,13.908300000000004,19.77943333333333,3.5069333333333335,2002.0,7650.3,4258.67,344.67,2609.78,191.5,651.94,0.0
8,241.0,24.255499999999998,34.815,10.21,95.1285,28.6775,21.697,23.273,4.898999999999999,2002.0,241.0,11.297500000000001,28.8395,0.0,61.396,22.326,10.841000000000001,17.5395,1.0175,2002.0,241.0,19.31063333333333,31.763599999999997,1.639,80.17269999999999,25.63406666666667,16.811133333333334,20.930166666666665,2.520666666666667,2002.0,7369.74,3698.4,338.91,2259.16,184.68,653.6,0.0
9,257.0,22.188000000000002,33.1375,20.934,92.534,31.074499999999997,19.663,24.1535,4.8235,2002.0,257.0,5.008000000000001,26.486500000000003,0.0,51.235499999999995,18.703,7.1645,13.574000000000002,1.197,2002.0,257.0,15.30526666666667,30.42393333333333,2.8234999999999997,70.15593333333334,23.72746666666667,12.904733333333333,18.069566666666667,3.001433333333333,2002.0,7066.23,3620.66,396.45,2295.01,215.57,724.42,0.0
10,273.0,18.561,31.36,20.488,92.8535,28.241,18.531,22.244000000000003,6.6355,2002.0,273.0,3.359,26.5355,0.0,49.5455,11.703,0.5505,7.2379999999999995,2.075,2002.0,273.0,11.01646666666667,29.092000000000006,3.7886000000000006,71.09793333333333,18.278666666666666,8.073599999999999,12.893766666666666,3.7611999999999997,2002.0,5800.33,2702.09,511.67,1921.13,269.43,747.06,0.3
11,289.0,16.4985,29.480000000000004,9.695,83.05499999999999,21.306,12.181,16.102,5.595999999999999,2002.0,289.0,5.679,22.0135,0.0,48.168,1.436,-2.1,-0.37749999999999995,1.5775000000000001,2002.0,289.0,11.026666666666666,25.402133333333335,1.804766666666667,69.48136666666667,11.376733333333334,3.692233333333334,7.212600000000001,3.695000000000001,2002.0,4579.12,2263.95,734.11,1946.07,392.84,992.6,1.03
12,305.0,12.2675,26.034000000000002,20.362000000000002,94.55800000000002,13.1845,4.029,7.102,6.0755,2002.0,305.0,3.6500000000000004,21.481,0.0,58.086499999999994,-1.5669999999999997,-6.417999999999999,-3.9299999999999997,1.6825,2002.0,305.0,7.715900000000001,24.069866666666663,3.437884615384615,83.42423333333333,4.109766666666667,-1.3091,1.2146333333333332,3.2295333333333334,2002.0,4388.68,1922.26,649.96,1653.56,336.69,913.77,0.51
