,DOY,INSgdmax,RADmax,RAINmax,RHmax,TMAXmax,TMINmax,Tmax,WINDmax,YEAR,DOY,INSgdmin,RADmin,RAINmin,RHmin,TMAXmin,TMINmin,Tmin,WINDmin,YEAR,DOY,INSgdmean,RADmean,RAINmean,RHmean,TMAXmean,TMINmean,Tmean,WINDmean,YEAR,NDVI,EVI,RED,NIR,BLUE,MIR,pixrel
0,113.0,26.329800000000002,31.2122,27.1378,92.1215,24.8295,18.1107,21.271,6.5297,2002.0,113.0,3.0179,23.5674,0.0,43.1124,3.9135,-1.9658999999999998,1.9628,1.2763,2002.0,113.0,16.959393333333335,27.009766666666664,3.241426666666667,74.45975999999999,12.897293333333334,3.9998600000000004,8.604266666666666,4.123313333333334,2002.0,3609.35,1595.27,654.24,1493.8,350.89,1226.39,0.13
1,129.0,30.322,29.615199999999998,16.9668,97.95670000000001,23.1051,13.5319,16.8433,7.875500000000001,2002.0,129.0,2.4751,22.8971,0.0,41.7141,9.245299999999999,-2.2787,6.3101,2.0797999999999996,2002.0,129.0,19.895566666666664,26.30840666666667,3.6971533333333335,71.69697333333333,15.591606666666666,5.1350999999999996,10.41600666666667,4.02428,2002.0,3912.25,1798.03,653.69,1668.96,328.11,1278.23,7.65
2,145.0,31.440400000000004,31.8923,9.3699,81.66260000000001,31.939099999999996,16.3775,23.980199999999996,6.314499999999999,2002.0,145.0,13.6022,22.3473,0.0,35.6107,14.9973,1.8733,8.4748,2.1314,2002.0,145.0,23.89886,27.98238,2.2786199999999996,52.50850000000001,22.31972666666666,10.373619999999999,16.178333333333335,3.4173066666666667,2002.0,4827.9,2400.71,590.11,1867.05,337.05,1012.67,0.12
3,161.0,27.179399999999998,33.500299999999996,17.6938,88.9592,29.305200000000003,20.029899999999998,23.297,4.6821,2002.0,161.0,5.7382,27.9953,0.0,36.935,15.9245,9.0882,12.641,1.1695,2002.0,161.0,19.477693333333338,31.00228,3.8290200000000003,66.93233333333332,24.35217333333333,13.897980000000002,18.820120000000003,3.1064,2002.0,6850.79,4089.82,434.51,2687.11,250.7,801.83,0.02
4,177.0,31.3249,35.6351,35.9676,82.4351,33.62,23.810100000000002,27.200599999999998,7.5885,2002.0,177.0,12.616900000000001,30.232299999999995,0.0,46.464,26.1864,14.637400000000001,21.421400000000002,1.1629,2002.0,177.0,25.018733333333333,32.83290666666666,5.262013333333333,65.07876,30.102119999999992,20.46121333333333,24.857006666666667,3.580646666666667,2002.0,7311.59,4163.71,336.26,2558.58,208.32,597.7,0.4
5,193.0,30.6728,36.142900000000004,39.468300000000006,84.7978,33.29,22.138399999999997,26.4817,4.1717,2002.0,193.0,7.1383,29.3701,0.0,55.9153,21.9819,12.429300000000001,18.6064,0.8314,2002.0,193.0,22.24101333333334,32.81875333333334,4.482653333333333,70.49448666666666,28.319286666666674,17.964446666666667,23.024146666666663,2.373873333333333,2002.0,7637.2,4665.2,320.73,2869.91,200.71,607.2,0.27
6,209.0,28.6277,34.8303,14.818499999999998,89.86700000000002,32.533699999999996,23.069699999999997,26.1222,4.4097,2002.0,209.0,8.8179,28.8848,0.0,62.370599999999996,23.8864,11.9538,17.619899999999998,1.5775000000000001,2002.0,209.0,21.922666666666675,32.90499333333334,4.0448200000000005,73.04669333333334,28.14299333333333,17.795053333333332,22.523020000000002,2.7235466666666666,2002.0,7654.72,4379.97,266.19,2596.73,176.76,514.55,0.0
7,225.0,26.895,32.568,25.376399999999997,86.96529999999998,32.4798,19.7778,24.5869,6.2743,2002.0,225.0,9.418899999999999,24.9491,0.0,50.8962,22.3591,8.0578,14.9224,1.5754000000000001,2002.0,225.0,21.22338666666667,29.65926,6.174253333333334,62.61578000000001,26.124740000000006,14.048833333333336,19.91875333333333,3.2163400000000006,2002.0,7564.1,4363.25,285.87,2619.33,175.99,538.78,0.02
8,241.0,23.8721,34.877900000000004,16.2268,90.4444,29.957099999999997,19.521399999999996,22.9067,4.172199999999999,2002.0,241.0,6.412699999999999,28.0309,0.0,59.62290000000001,22.894500000000004,10.491299999999999,18.239400000000003,1.2909000000000002,2002.0,241.0,18.14109333333333,31.43503333333333,3.0676066666666673,75.09396000000001,26.07168,16.320866666666667,20.89824,2.3128866666666665,2002.0,7402.77,3935.47,264.2,2340.48,159.49,486.19,2.56
9,257.0,21.8018,32.7354,22.6511,90.16359999999999,33.265,21.4834,26.2644,3.6223,2002.0,257.0,4.902699999999999,26.2281,0.0,49.64540000000001,18.808500000000002,7.5974,13.671000000000001,1.6202,2002.0,257.0,14.786926666666666,30.216586666666664,4.273471428571428,64.55106666666667,24.206993333333333,13.79750666666667,18.88772,2.775313333333334,2002.0,7090.06,3626.59,294.69,2199.65,169.94,527.48,2.56
10,273.0,18.3566,31.079800000000002,24.356699999999996,92.3407,26.015899999999995,18.167600000000004,20.9182,5.4243,2002.0,273.0,2.7427,26.4655,0.0,49.9727,10.6466,0.0184,5.761,1.6981999999999997,2002.0,273.0,9.158893333333335,29.125773333333324,5.612520000000001,72.02764,17.32774,7.893213333333334,12.424819999999999,3.229786666666667,2002.0,5341.59,2407.64,445.43,1759.72,212.78,609.03,8.2
11,289.0,17.1344,29.77,9.3448,80.76620000000001,22.025900000000004,12.024199999999999,16.443399999999997,4.6318,2002.0,289.0,4.860600000000001,21.56,0.0,48.318799999999996,3.1821,-3.0648,-0.12660000000000002,1.5842,2002.0,289.0,10.708066666666667,25.319533333333336,1.4460866666666667,68.88300000000001,10.78898,2.544673333333333,6.488213333333332,3.1545266666666665,2002.0,4898.69,2277.29,571.64,1832.28,270.76,991.87,5.83
12,305.0,12.4691,26.682700000000004,13.4748,94.7085,12.2559,4.155899999999999,7.3337,5.2618,2002.0,305.0,3.2378000000000005,20.4506,0.0,57.8826,-0.4657,-5.734100000000001,-3.3264000000000005,1.2702000000000002,2002.0,305.0,8.343806666666666,23.674359999999997,2.923984615384615,81.03592666666665,4.268893333333334,-1.1717066666666667,1.2992400000000002,2.7708466666666665,2002.0,4417.94,1810.74,661.77,1590.55,410.36,895.11,0.33
