,DOY,INSgdmax,RADmax,RAINmax,RHmax,TMAXmax,TMINmax,Tmax,WINDmax,YEAR,DOY,INSgdmin,RADmin,RAINmin,RHmin,TMAXmin,TMINmin,Tmin,WINDmin,YEAR,DOY,INSgdmean,RADmean,RAINmean,RHmean,TMAXmean,TMINmean,Tmean,WINDmean,YEAR,NDVI,EVI,RED,NIR,BLUE,MIR,pixrel
0,113.0,26.6832,30.564300000000003,24.5741,91.37440000000001,24.1289,18.3153,20.8184,7.3109,2002.0,113.0,2.99,23.8464,0.0,42.4831,4.301,-2.0527,2.4092000000000002,1.2701,2002.0,113.0,17.16440666666667,27.115993333333336,2.8522733333333337,74.83382666666665,13.265986666666667,4.272246666666667,8.861979999999999,4.434759999999999,2002.0,3807.4,1563.52,588.58,1510.81,257.99,1032.1,15.3
1,129.0,29.984099999999998,30.117399999999996,16.0058,96.2083,24.4443,12.595699999999999,16.6139,8.4862,2002.0,129.0,2.6456,22.6522,0.0,45.741,9.502600000000001,-0.14900000000000002,6.9766,2.2255000000000003,2002.0,129.0,19.660586666666664,26.605179999999997,3.9730533333333327,71.75752666666668,16.18060666666667,5.598653333333332,10.906633333333334,4.38202,2002.0,3927.41,1656.19,591.15,1569.37,255.96,1083.81,15.3
2,145.0,31.335,31.8799,14.357800000000001,82.2113,31.911200000000004,16.6875,23.8035,7.5979,2002.0,145.0,14.2842,22.2264,0.0,33.7662,14.6966,3.0296000000000003,9.1971,2.1872,2002.0,145.0,24.339473333333338,28.16156,3.1402133333333335,54.11368,22.430706666666666,10.576979999999999,16.403186666666663,3.58512,2002.0,4762.88,2327.53,621.37,1902.26,323.07,1003.28,5.21
3,161.0,27.9234,33.8258,21.4541,91.1943,30.4987,19.831500000000002,24.2611,5.584199999999999,2002.0,161.0,8.3391,28.739300000000004,0.0,37.9642,17.3784,8.8805,13.822099999999999,1.1323,2002.0,161.0,19.90528666666667,31.42987333333333,4.701153333333334,68.00989333333334,24.87483333333333,14.328673333333331,19.279746666666668,3.47716,2002.0,6503.52,3351.35,314.88,2155.91,149.47,595.56,12.75
4,177.0,31.458199999999998,35.4584,18.9145,82.277,32.9969,23.239700000000003,26.8844,8.1217,2002.0,177.0,15.4689,30.253999999999998,0.0,52.8655,27.0296,14.5568,21.746900000000004,1.5473000000000001,2002.0,177.0,26.10001333333334,32.88684666666666,2.980826666666667,67.00261999999998,29.99816666666667,20.115046666666668,24.640626666666662,3.9160666666666666,2002.0,7116.63,4171.09,284.61,2632.16,136.3,603.15,12.75
5,193.0,30.2729,36.3444,21.9936,91.04119999999999,33.2342,22.311999999999998,26.0198,4.4755,2002.0,193.0,6.806600000000001,28.7718,0.0,60.636599999999994,21.656399999999998,12.711400000000001,18.2003,0.8841,2002.0,193.0,22.414820000000002,32.73484666666667,3.5313666666666665,75.30486,27.875366666666668,17.85946,22.687279999999994,2.358786666666667,2002.0,7145.49,4247.52,281.47,2671.18,136.15,617.05,12.75
6,209.0,28.863300000000002,35.211600000000004,17.0102,89.5353,33.5412,22.9302,25.9145,5.0049,2002.0,209.0,11.6606,29.3033,0.0,62.6031,23.610500000000002,11.5167,17.561,1.7635,2002.0,209.0,22.701386666666664,32.88060666666667,3.037113333333333,71.85464,28.978340000000003,17.68779333333333,22.78776,3.0143266666666664,2002.0,7351.07,4216.03,254.7,2572.98,127.41,547.24,10.21
7,225.0,27.6049,33.1508,26.1111,86.2616,32.2659,19.607300000000002,24.146700000000003,6.5687999999999995,2002.0,225.0,8.367999999999999,27.3981,0.0,53.413399999999996,21.581,6.7806,14.618599999999999,1.5785,2002.0,225.0,20.834026666666666,30.146993333333327,5.522426666666666,65.56532666666666,25.95548,13.74544666666667,19.757346666666667,3.4856266666666667,2002.0,7132.74,3976.85,273.23,2477.86,129.43,590.35,12.75
8,241.0,24.002299999999998,34.9709,19.9127,92.6516,29.5882,20.203400000000002,23.009,4.6558,2002.0,241.0,8.1208,28.716,0.0,60.494,21.669999999999998,10.4262,17.7899,1.1885999999999999,2002.0,241.0,18.56393333333334,31.646660000000004,3.450973333333334,77.67440000000002,25.802599999999998,16.397333333333336,20.80234666666667,2.5003333333333337,2002.0,6916.05,3609.47,279.99,2257.32,131.69,593.08,12.84
9,257.0,21.839,32.96169999999999,26.814400000000003,91.3106,32.0529,20.1969,25.046100000000003,4.4841,2002.0,257.0,4.8748000000000005,26.7644,0.0,50.7645,18.808500000000002,6.8193,13.392,1.4466,2002.0,257.0,15.125239999999998,30.313719999999996,3.9616999999999996,67.27017999999998,24.01396666666667,13.166346666666668,18.388620000000003,2.9305199999999996,2002.0,6684.24,3305.77,297.99,2099.84,135.87,618.51,12.75
10,273.0,17.4173,31.256500000000003,27.0847,91.99350000000001,26.6111,18.164499999999997,21.4328,6.0009,2002.0,273.0,3.2883000000000004,26.791,0.0,52.2016,11.434000000000001,0.1207,6.3903,1.9027999999999998,2002.0,273.0,9.729293333333334,29.091673333333333,5.48976,71.43698666666667,17.60054,7.779546666666667,12.518646666666667,3.5182933333333333,2002.0,5732.44,2611.51,477.22,1821.04,264.14,697.15,0.15
11,289.0,17.094099999999997,29.6801,10.479399999999998,81.14439999999999,21.8306,12.148200000000001,16.3783,5.258,2002.0,289.0,5.344200000000001,21.671599999999998,0.0,49.809900000000006,2.3978,-2.5347000000000004,-0.2506,1.6865,2002.0,289.0,10.840746666666664,25.2813,2.0069799999999995,69.59021333333334,10.947286666666667,3.1189999999999998,6.733319999999999,3.4802333333333326,2002.0,4487.3,2150.49,615.66,1873.95,280.25,949.74,13.69
12,305.0,12.019599999999999,26.4316,13.8437,92.5416,12.2001,3.508,6.8469999999999995,5.9283,2002.0,305.0,3.6067,21.179100000000002,0.0,58.573899999999995,-1.0236999999999998,-6.171200000000001,-3.6891,1.295,2002.0,305.0,7.807713333333333,23.797326666666667,2.995523076923077,82.27138,3.9572400000000005,-1.4066866666666666,1.1155133333333334,3.0291799999999993,2002.0,4365.71,1985.18,934.42,1993.98,606.43,1227.1,0.26
