,DOY,INSgdmax,RADmax,RAINmax,RHmax,TMAXmax,TMINmax,Tmax,WINDmax,YEAR,DOY,INSgdmin,RADmin,RAINmin,RHmin,TMAXmin,TMINmin,Tmin,WINDmin,YEAR,DOY,INSgdmean,RADmean,RAINmean,RHmean,TMAXmean,TMINmean,Tmean,WINDmean,YEAR,NDVI,EVI,RED,NIR,BLUE,MIR,pixrel
0,113.0,27.18,32.54,49.02,91.03,25.35,18.64,21.35,7.78,2002.0,113.0,3.74,25.42,0.0,36.17,9.83,-0.16,6.84,1.43,2002.0,113.0,15.589333333333336,28.925333333333334,6.316666666666667,77.80466666666668,17.200666666666663,7.1800000000000015,12.356000000000003,4.250666666666666,2002.0,4624.84,2833.33,947.49,2608.64,485.99,1975.31,0.24
1,129.0,29.81,31.32,36.8,94.98,25.93,17.41,20.21,6.95,2002.0,129.0,2.7,23.8,0.0,52.7,13.63,2.51,8.3,1.86,2002.0,129.0,20.581999999999997,27.744666666666664,9.964000000000002,72.898,19.662666666666663,8.892666666666665,14.094666666666667,4.129333333333334,2002.0,5269.69,3509.68,937.84,3035.45,479.55,2146.28,0.05
2,145.0,30.42,33.12,38.96,85.64,30.42,20.19,24.23,7.65,2002.0,145.0,7.02,24.95,0.0,36.29,17.63,3.83,10.75,1.79,2002.0,145.0,25.142,29.096000000000004,6.754666666666666,65.37666666666667,23.032666666666668,11.668666666666669,17.21,3.1413333333333333,2002.0,5769.18,3938.21,858.89,3214.83,443.53,2038.33,0.35
3,161.0,32.26,34.92,16.4,92.07,30.01,21.72,24.07,5.33,2002.0,161.0,8.53,28.3,0.0,50.76,24.06,11.64,17.93,1.41,2002.0,161.0,21.648000000000003,31.723999999999997,2.8740000000000006,69.79266666666666,26.76666666666667,16.61866666666667,21.337333333333337,3.4040000000000004,2002.0,6396.24,4465.9,754.11,3424.92,393.79,1800.72,0.82
4,177.0,31.07,34.85,9.89,75.84,33.56,22.76,26.56,7.16,2002.0,177.0,18.58,30.38,0.0,46.18,27.58,16.55,23.45,1.75,2002.0,177.0,26.553999999999995,32.88466666666667,1.0053333333333334,66.33133333333333,30.765333333333338,20.17466666666667,25.217333333333332,3.4966666666666675,2002.0,6842.68,5066.04,706.8,3775.33,382.0,1429.44,0.0
5,193.0,29.77,36.14,16.41,92.7,33.19,22.68,27.23,3.23,2002.0,193.0,11.3,29.3,0.0,54.69,22.53,14.63,19.92,0.87,2002.0,193.0,22.293333333333337,33.48266666666667,2.9126666666666665,73.056,29.32533333333333,19.403999999999996,24.17333333333334,2.0300000000000002,2002.0,7623.8,5725.41,523.1,3963.65,283.94,1119.81,0.44
6,209.0,29.09,35.82,13.29,81.32,34.13,23.29,27.97,4.57,2002.0,209.0,14.62,31.39,0.0,60.44,26.01,14.44,20.6,2.01,2002.0,209.0,24.51666666666667,33.638666666666666,2.5593333333333335,70.244,30.71733333333334,20.132,24.984666666666666,3.0900000000000007,2002.0,7772.34,5698.73,463.18,3830.96,254.01,988.71,0.79
7,225.0,27.72,36.04,24.37,87.42,31.62,22.46,25.57,4.55,2002.0,225.0,7.52,29.45,0.0,52.48,20.64,11.51,17.47,1.42,2002.0,225.0,18.042000000000005,32.558,7.129333333333332,72.07866666666668,26.97733333333333,16.766666666666666,21.884,3.062,2002.0,8132.06,5469.84,338.67,3435.63,184.85,748.74,0.0
8,241.0,24.48,35.64,16.78,90.65,31.67,23.46,25.46,4.49,2002.0,241.0,16.96,29.74,0.0,58.32,24.03,14.03,20.18,1.29,2002.0,241.0,21.235333333333337,32.332,1.768,76.26733333333335,27.522000000000002,17.721333333333334,22.36533333333334,2.2393333333333336,2002.0,7531.52,5203.65,483.98,3505.9,257.98,1024.0,0.0
9,257.0,23.76,33.59,30.37,89.17,32.28,20.23,24.7,5.36,2002.0,257.0,4.54,26.78,0.0,47.04,20.78,7.49,15.45,0.89,2002.0,257.0,16.099333333333334,30.93466666666667,4.381428571428572,71.82333333333334,24.81733333333333,14.201333333333332,19.401333333333334,2.646666666666667,2002.0,5983.64,3715.83,711.69,2875.2,361.37,1296.57,0.29
10,273.0,20.66,32.87,16.5,93.39,30.03,20.41,23.89,6.35,2002.0,273.0,3.92,25.92,0.0,46.83,16.27,1.02,9.26,1.4,2002.0,273.0,14.575333333333335,29.522000000000002,2.2693333333333334,65.30533333333332,22.224666666666664,10.27266666666667,15.996666666666668,3.490666666666667,2002.0,4721.42,2691.13,848.69,2381.3,428.86,1720.5,0.0
11,289.0,17.64,29.05,17.74,84.59,23.6,11.33,16.57,4.54,2002.0,289.0,4.18,22.36,0.0,43.89,3.26,-1.85,1.81,1.16,2002.0,289.0,13.310666666666668,25.788,3.06,66.70933333333333,13.85,4.716,9.021333333333335,3.001333333333333,2002.0,4376.52,2483.38,909.08,2325.96,465.27,1655.94,0.2
12,305.0,13.57,27.14,24.85,94.96,14.67,7.49,9.31,5.07,2002.0,305.0,2.74,22.21,0.0,66.8,-0.29,-4.7,-2.64,1.93,2002.0,305.0,6.998666666666668,25.01066666666667,4.313846153846154,84.72799999999998,6.057999999999998,0.662,3.127333333333333,3.0473333333333334,2002.0,3812.58,2260.05,1080.01,2401.88,552.11,1906.01,0.33
