,DOY,INSgdmax,RADmax,RAINmax,RHmax,TMAXmax,TMINmax,Tmax,WINDmax,YEAR,DOY,INSgdmin,RADmin,RAINmin,RHmin,TMAXmin,TMINmin,Tmin,WINDmin,YEAR,DOY,INSgdmean,RADmean,RAINmean,RHmean,TMAXmean,TMINmean,Tmean,WINDmean,YEAR,NDVI,EVI,RED,NIR,BLUE,MIR,pixrel
0,113.0,27.4,31.86,22.25,92.07,24.55,18.29,20.66,8.71,2002.0,113.0,2.38,24.59,0.0,31.36,7.57,-0.31,5.41,1.51,2002.0,113.0,15.691999999999998,28.168666666666674,3.744,73.902,15.838000000000001,6.413333333333332,11.161333333333335,4.74,2002.0,3772.15,2128.69,999.12,2233.92,503.56,2027.78,0.13
1,129.0,29.81,31.86,14.61,94.72,26.3,14.95,18.39,7.45,2002.0,129.0,2.59,23.47,0.0,46.38,10.82,1.71,7.92,2.14,2002.0,129.0,20.11666666666667,27.46533333333333,3.000666666666667,70.71266666666665,18.68133333333333,7.410666666666668,13.010666666666669,4.46,2002.0,3934.19,2659.56,1306.66,2988.67,645.75,2996.9,0.28
2,145.0,30.78,32.94,24.24,83.31,31.52,19.64,24.46,9.13,2002.0,145.0,9.04,25.38,0.0,30.75,15.32,4.21,10.74,1.63,2002.0,145.0,24.72933333333334,28.924666666666663,3.3600000000000008,59.885999999999996,23.366666666666664,11.43,17.217333333333336,3.4873333333333334,2002.0,4517.08,3152.33,1224.11,3213.43,616.74,2784.61,0.69
3,161.0,30.92,34.67,11.17,95.87,31.75,19.93,25.04,6.71,2002.0,161.0,13.39,28.55,0.0,44.65,22.33,11.97,17.39,1.91,2002.0,161.0,22.715999999999998,31.538666666666664,2.2033333333333336,67.91666666666666,26.486666666666668,15.92066666666667,20.81733333333333,3.9433333333333334,2002.0,6405.38,4755.96,824.09,3761.96,432.25,1890.84,0.95
4,177.0,31.39,35.17,2.21,79.59,33.84,22.32,27.4,8.1,2002.0,177.0,18.18,30.96,0.0,51.63,26.48,16.37,22.27,1.91,2002.0,177.0,27.055333333333337,32.855333333333334,0.22599999999999998,66.37266666666667,30.65066666666667,19.863333333333333,24.86066666666666,4.377333333333334,2002.0,7191.65,5272.09,610.47,3759.24,332.21,1329.01,0.67
5,193.0,28.12,35.89,11.25,93.29,35.48,22.55,27.74,3.51,2002.0,193.0,10.08,29.38,0.0,54.89,20.47,15.13,18.8,0.71,2002.0,193.0,22.487333333333336,33.244,1.3746666666666667,71.378,29.390666666666664,18.944666666666667,23.902,2.4193333333333333,2002.0,7541.64,5493.45,516.25,3755.9,284.51,1088.4,0.06
6,209.0,29.02,35.53,14.21,75.62,35.44,22.96,27.84,5.12,2002.0,209.0,8.57,31.36,0.0,51.3,26.28,12.34,19.8,1.9,2002.0,209.0,23.377999999999997,33.46866666666667,3.8426666666666667,63.467333333333315,31.613999999999997,19.186,24.862666666666666,3.5333333333333328,2002.0,7932.44,6011.54,454.37,4048.12,250.04,983.99,0.64
7,225.0,27.54,35.89,23.66,90.74,31.71,21.92,25.15,5.23,2002.0,225.0,7.2,28.8,0.0,47.53,22.63,6.23,15.9,1.27,2002.0,225.0,20.092,31.54533333333333,6.329333333333334,69.404,26.746,15.158666666666669,20.860666666666667,3.498,2002.0,8159.54,5637.25,350.7,3567.38,192.14,728.72,0.01
8,241.0,24.52,35.03,10.87,92.0,29.78,21.96,24.01,4.87,2002.0,241.0,12.06,29.2,0.0,59.86,23.28,11.14,18.16,0.83,2002.0,241.0,19.186,32.19600000000001,2.1906666666666665,79.65533333333333,26.504666666666665,17.219999999999995,21.520666666666667,2.505333333333333,2002.0,7345.4,5239.66,545.98,3641.61,290.56,1019.42,0.0
9,257.0,23.0,33.12,23.47,92.39,30.8,19.88,24.4,5.02,2002.0,257.0,4.57,24.88,0.0,52.62,18.72,8.13,13.95,0.87,2002.0,257.0,15.995333333333338,30.31666666666666,2.93,71.916,23.65866666666667,13.18,18.20133333333333,3.057333333333333,2002.0,5251.58,2937.95,733.95,2377.24,373.15,1359.58,0.11
10,273.0,20.41,31.64,24.56,94.01,30.34,19.19,23.34,6.85,2002.0,273.0,3.74,27.0,0.0,47.04,12.14,0.83,8.32,2.42,2002.0,273.0,12.422666666666666,29.24333333333333,3.766,69.52666666666666,19.53866666666666,8.708666666666666,13.678666666666665,3.898,2002.0,4014.82,2061.24,855.04,2002.31,427.72,1700.51,0.0
11,289.0,16.74,28.04,16.05,84.53,21.29,11.81,15.33,5.43,2002.0,289.0,5.04,22.86,0.0,47.23,0.31,-1.3,-0.48,1.85,2002.0,289.0,12.060666666666664,25.779333333333334,2.316666666666667,71.38799999999999,11.800666666666668,4.170666666666667,7.633333333333331,3.6393333333333335,2002.0,3617.1,1994.61,1032.61,2192.26,510.85,1885.27,0.19
12,305.0,13.36,25.52,19.36,96.43,13.78,4.59,7.28,5.24,2002.0,305.0,2.92,20.66,0.0,61.4,-1.47,-6.41,-3.93,2.07,2002.0,305.0,7.615333333333334,24.15066666666667,4.533076923076923,84.35266666666666,4.673333333333334,-0.9680000000000003,1.5840000000000003,3.260666666666667,2002.0,3111.92,1668.38,1067.1,2027.37,533.98,1824.86,0.0
