,DOY,INSgdmax,RADmax,RAINmax,RHmax,TMAXmax,TMINmax,Tmax,WINDmax,YEAR,DOY,INSgdmin,RADmin,RAINmin,RHmin,TMAXmin,TMINmin,Tmin,WINDmin,YEAR,DOY,INSgdmean,RADmean,RAINmean,RHmean,TMAXmean,TMINmean,Tmean,WINDmean,YEAR,NDVI,EVI,RED,NIR,BLUE,MIR,pixrel
0,113.0,26.5376,31.41,24.263599999999997,91.91680000000001,25.242800000000003,18.43,21.5856,6.5536,2002.0,113.0,2.9624,23.970399999999998,0.0,43.042,4.278,-1.7864,2.3888,1.302,2002.0,113.0,16.802933333333332,27.23117333333333,3.3006399999999996,74.38066666666666,13.384453333333333,4.573573333333333,9.094133333333334,4.13312,2002.0,4057.39,1660.37,627.51,1483.63,317.03,1270.5,0.0
1,129.0,30.279600000000002,29.669999999999998,19.7812,97.44480000000001,23.648000000000003,14.3576,17.3544,7.868400000000001,2002.0,129.0,2.2752,23.0228,0.0,43.504400000000004,9.547999999999998,-1.3756000000000002,6.712,2.1692,2002.0,129.0,20.25669333333333,26.480000000000004,4.5129866666666665,71.72381333333334,16.09133333333333,5.744586666666666,10.94370666666667,4.0668,2002.0,4182.25,1917.57,716.05,1740.01,358.95,1432.98,0.0
2,145.0,31.5432,31.989599999999996,10.636399999999998,82.3092,31.674,16.6768,23.7916,6.299999999999999,2002.0,145.0,14.654399999999999,22.6556,0.0,35.6956,15.2224,2.0524,8.628400000000001,2.2036000000000002,2002.0,145.0,24.158266666666666,28.130613333333336,2.2420799999999996,54.07626666666667,22.356613333333332,10.529413333333332,16.26477333333333,3.3714933333333335,2002.0,4800.48,2242.57,638.55,1821.14,330.74,1191.55,0.14
3,161.0,28.199199999999998,33.688,19.2648,89.63719999999999,29.430799999999998,20.306399999999996,23.252,4.706,2002.0,161.0,6.709200000000001,28.3656,0.0,37.3032,17.1032,9.5144,13.544799999999999,1.2088,2002.0,161.0,20.12586666666667,31.099466666666665,4.257466666666667,67.32506666666666,24.544959999999993,14.171386666666667,19.11218666666667,3.089573333333333,2002.0,7278.34,4629.35,465.06,3057.6,255.49,914.0,0.02
4,177.0,31.0544,35.56,36.1684,81.89320000000001,33.7252,23.773200000000003,27.2556,7.4764,2002.0,177.0,14.492799999999999,30.342399999999998,0.0,44.3932,26.681199999999997,14.7268,21.7208,1.0787999999999998,2002.0,177.0,25.63106666666667,32.770559999999996,4.843333333333333,64.71039999999999,30.34317333333333,20.468346666666665,25.034213333333334,3.5060000000000002,2002.0,7712.92,4653.69,366.41,2908.14,202.87,752.16,0.46
5,193.0,30.1164,36.004400000000004,33.6484,84.6184,33.651599999999995,22.2004,26.635599999999997,4.255600000000001,2002.0,193.0,7.4932,29.144400000000005,0.0,56.370400000000004,22.635199999999998,12.7468,18.736,0.8268,2002.0,193.0,22.20432,32.804,3.919200000000001,70.89135999999999,28.426880000000008,18.020719999999997,23.090506666666663,2.301093333333333,2002.0,8008.39,4972.52,323.6,3048.52,181.74,677.98,0.65
6,209.0,28.700000000000003,35.0404,17.158,88.062,32.6556,23.205199999999998,26.422400000000003,4.2576,2002.0,209.0,9.738800000000001,28.792,0.0,62.69799999999999,24.064000000000004,12.1632,18.0244,1.496,2002.0,209.0,21.77706666666667,33.061386666666664,4.074293333333334,73.14653333333332,28.35498666666667,18.1256,22.81648,2.7030399999999997,2002.0,8117.41,4943.76,300.52,2988.72,170.92,637.65,0.01
7,225.0,26.9848,32.7128,22.4708,86.4292,32.111599999999996,19.9092,24.389200000000002,6.1216,2002.0,225.0,8.525599999999999,25.8944,0.0,51.8556,22.480800000000002,8.2272,15.3124,1.5151999999999999,2002.0,225.0,21.013840000000002,29.96661333333333,6.170613333333334,63.54573333333333,26.187600000000003,14.134533333333337,20.08269333333333,3.103546666666667,2002.0,7885.6,4610.62,293.19,2786.86,160.44,639.48,2.55
8,241.0,24.1004,35.008,15.41,90.4572,30.086,20.243199999999998,23.2112,4.2296,2002.0,241.0,8.962,27.7748,0.0,58.7488,23.2596,10.6416,18.3952,1.2936,2002.0,241.0,18.530160000000002,31.402853333333333,2.7926933333333337,75.17304,26.213413333333335,16.461893333333336,21.044800000000002,2.2481066666666667,2002.0,7745.98,4188.7,301.64,2495.45,169.89,596.35,0.01
9,257.0,22.1304,32.7904,22.392,89.54480000000001,33.645199999999996,21.266399999999997,26.218399999999995,3.688,2002.0,257.0,5.0676000000000005,25.6996,0.0,48.7636,18.9904,7.4848,14.136000000000001,1.6076,2002.0,257.0,14.739093333333331,30.234186666666666,3.918914285714285,65.04237333333333,24.376986666666667,13.743493333333335,18.997413333333334,2.6863200000000003,2002.0,7439.39,3826.09,334.28,2324.62,180.87,637.95,0.0
10,273.0,18.8604,31.310000000000002,21.8864,92.5892,26.226799999999997,18.494,21.184799999999996,5.6716,2002.0,273.0,2.7928000000000006,26.352800000000002,0.0,47.848,11.0808,0.1668,6.1655999999999995,1.5552,2002.0,273.0,9.868106666666666,29.234879999999997,4.748666666666667,71.38173333333334,18.02368,8.261093333333333,12.9436,3.2522400000000005,2002.0,5707.65,2665.46,510.97,1907.72,259.09,703.16,0.6
11,289.0,17.1976,29.9204,7.9916,79.71560000000001,22.3548,11.9688,16.5916,4.618399999999999,2002.0,289.0,4.6248000000000005,21.4224,0.0,47.288,3.4804,-2.6068,0.2552,1.5864,2002.0,289.0,10.88672,25.36496,1.1743733333333335,66.9948,11.3408,2.9442399999999997,6.981413333333332,3.1501066666666664,2002.0,4770.45,2085.91,633.66,1719.18,349.68,1019.76,1.23
12,305.0,12.805200000000001,26.9052,15.6812,94.6688,12.732000000000001,4.9612,7.8132,5.2484,2002.0,305.0,3.2576,20.7204,0.0,57.46719999999999,-0.382,-5.5492,-3.1332,1.3632,2002.0,305.0,8.222906666666667,23.88856,3.2481230769230773,81.09317333333331,4.600880000000001,-0.9321599999999999,1.6163733333333332,2.8075466666666666,2002.0,4647.88,1856.67,541.43,1485.03,275.83,974.6,0.16
