,DOY,INSgdmax,RADmax,RAINmax,RHmax,TMAXmax,TMINmax,Tmax,WINDmax,YEAR,DOY,INSgdmin,RADmin,RAINmin,RHmin,TMAXmin,TMINmin,Tmin,WINDmin,YEAR,DOY,INSgdmean,RADmean,RAINmean,RHmean,TMAXmean,TMINmean,Tmean,WINDmean,YEAR,NDVI,EVI,RED,NIR,BLUE,MIR,pixrel
0,113.0,27.449799999999996,32.7848,54.427400000000006,91.02420000000001,26.049599999999998,18.976999999999997,21.8188,7.0792,2002.0,113.0,3.5042,24.750799999999998,0.0,37.9182,7.2726,-1.0534,5.1014,1.2368,2002.0,113.0,15.742919999999998,28.26749333333333,7.04028,75.38323999999999,16.122893333333334,6.686186666666668,11.347653333333334,4.235586666666666,2002.0,4917.89,2428.2,639.12,1935.19,374.31,1064.99,0.3
1,129.0,30.2084,30.6462,28.188200000000002,93.7504,25.607999999999997,16.310200000000002,19.0784,7.7348,2002.0,129.0,3.09,23.0686,0.0,51.1528,12.613600000000002,2.4712,8.0054,2.25,2002.0,129.0,20.755546666666664,27.120479999999997,8.10616,72.51697333333334,18.430466666666668,8.218253333333333,13.24776,4.2030666666666665,2002.0,5207.42,2564.8,549.92,1926.87,297.07,989.49,0.0
2,145.0,31.3962,32.60379999999999,18.776,84.39280000000001,30.013399999999997,18.857599999999998,23.880200000000002,6.8374,2002.0,145.0,13.043000000000001,24.412600000000005,0.0,36.9204,16.5034,2.9392,9.5142,1.8152,2002.0,145.0,25.278906666666664,28.80437333333333,2.82008,62.36018666666668,22.55369333333333,11.070613333333334,16.69813333333333,3.141373333333333,2002.0,5976.18,3063.49,477.74,2155.05,271.67,910.49,0.29
3,161.0,32.23,34.784000000000006,26.5666,92.6438,29.8282,21.5972,23.735599999999998,5.3084,2002.0,161.0,10.2772,29.0788,0.0,45.2726,22.483,11.379,16.6376,1.2602,2002.0,161.0,22.184306666666664,31.604680000000002,4.402466666666666,69.92750666666667,25.899440000000002,15.760053333333332,20.635773333333333,3.1484133333333335,2002.0,7012.66,3879.12,415.81,2469.19,262.85,765.62,0.48
4,177.0,30.323999999999998,34.8952,22.607599999999998,77.5642,33.8536,23.2626,26.7078,7.0276,2002.0,177.0,18.1584,30.744799999999998,0.0,43.1336,27.6192,15.657200000000001,22.915399999999998,1.238,2002.0,177.0,26.14710666666667,32.73296,2.5381466666666666,65.68209333333334,30.777533333333334,20.208000000000002,25.273706666666666,3.3128666666666673,2002.0,7186.02,4194.56,411.2,2689.24,250.69,804.51,0.24
5,193.0,28.7922,36.177800000000005,24.729599999999998,89.84779999999999,32.919399999999996,22.5604,26.8634,4.042,2002.0,193.0,7.055200000000001,29.0896,0.0,59.7152,22.0134,14.3368,18.831,0.9690000000000001,2002.0,193.0,20.754266666666666,33.16708,4.397306666666666,74.34005333333333,28.488293333333335,18.69918666666667,23.402906666666667,1.9810000000000003,2002.0,7339.44,4400.06,409.68,2809.61,255.53,811.14,0.0
6,209.0,28.7402,35.4714,19.6558,82.2996,33.845600000000005,23.526600000000002,27.4608,3.9236,2002.0,209.0,10.580400000000001,29.927599999999998,0.0,63.75659999999999,24.300199999999997,13.7058,19.4432,1.3956,2002.0,209.0,22.283586666666665,33.43972,4.365919999999999,72.75214666666666,29.607573333333335,19.592666666666666,24.244946666666664,2.7988666666666666,2002.0,7300.58,4012.68,360.69,2468.37,228.74,703.76,0.07
7,225.0,27.6862,34.869800000000005,22.2162,85.9598,30.7078,20.761000000000003,24.237,5.199,2002.0,225.0,5.738200000000001,28.1354,0.0,56.6304,21.110000000000003,9.2102,17.412,0.8498,2002.0,225.0,19.316160000000004,31.55957333333334,5.554119999999999,70.38631999999998,26.30444,15.185880000000001,20.93302666666667,2.8364133333333332,2002.0,7307.91,4008.65,356.0,2466.33,219.69,687.07,0.05
8,241.0,24.509999999999998,35.6088,13.1524,90.4114,30.458,23.483800000000002,24.7286,4.5762,2002.0,241.0,15.616000000000001,28.537599999999998,0.0,56.211800000000004,23.935200000000002,12.1916,19.227800000000002,1.3166000000000002,2002.0,241.0,19.996986666666665,32.012280000000004,1.539666666666667,76.06946666666667,26.77042666666667,17.35302666666667,21.7858,2.1418,2002.0,7224.74,3804.37,339.35,2330.19,210.07,649.6,0.01
9,257.0,23.4824,33.093599999999995,18.4166,90.505,33.714999999999996,19.9156,25.209600000000002,4.4879999999999995,2002.0,257.0,6.51,26.9926,0.0,44.553799999999995,20.1034,6.8318,15.673399999999997,0.7866,2002.0,257.0,15.595906666666666,30.632413333333332,2.8322,68.85552000000001,25.016640000000002,13.828293333333335,19.304533333333328,2.46244,2002.0,6902.75,3371.59,367.61,2106.71,219.54,676.74,0.01
10,273.0,20.1414,32.2676,18.3028,93.0206,27.8232,19.5042,22.711599999999997,6.3072,2002.0,273.0,3.2,25.6424,0.0,43.6844,14.4644,0.7644,8.093,1.2484000000000002,2002.0,273.0,13.085066666666666,29.50352,2.9532266666666667,67.23370666666668,21.065293333333337,9.72001333333333,15.14336,3.4000666666666666,2002.0,6599.87,3077.4,415.73,2029.03,207.69,705.32,0.62
11,289.0,17.28,29.3628,11.3256,81.4254,23.9186,11.2224,16.908,4.6634,2002.0,289.0,4.4942,22.136400000000002,0.0,43.9494,3.4826000000000006,-1.5823999999999998,1.6624,1.399,2002.0,289.0,12.492853333333333,25.64884,1.8610666666666664,63.605573333333325,13.425693333333335,4.185026666666666,8.622053333333332,3.1341199999999994,2002.0,4719.18,2188.84,689.86,1820.52,491.42,942.17,1.47
12,305.0,12.947600000000001,27.177400000000002,19.9016,93.53620000000001,14.4114,7.253,9.217199999999998,5.018800000000001,2002.0,305.0,3.2862,22.2874,0.0,58.1612,-0.166,-5.0458,-2.7334,1.6402,2002.0,305.0,7.1467600000000004,24.899013333333333,4.7701692307692305,82.60348,5.798173333333333,0.13442666666666678,2.8307200000000003,3.0134133333333337,2002.0,4047.14,2094.92,838.75,1938.49,599.82,851.13,2.02
