,DOY,INSgdmax,RADmax,RAINmax,RHmax,TMAXmax,TMINmax,Tmax,WINDmax,YEAR,DOY,INSgdmin,RADmin,RAINmin,RHmin,TMAXmin,TMINmin,Tmin,WINDmin,YEAR,DOY,INSgdmean,RADmean,RAINmean,RHmean,TMAXmean,TMINmean,Tmean,WINDmean,YEAR,NDVI,EVI,RED,NIR,BLUE,MIR,pixrel
0,113.0,27.07,32.22,67.96,91.74,27.96,18.56,22.18,5.93,2002.0,113.0,1.8,26.21,0.0,48.1,7.52,0.55,5.04,1.4,2002.0,113.0,15.051333333333334,28.66,7.537999999999999,77.55066666666667,15.706666666666667,7.599333333333331,11.441999999999998,4.065333333333333,2002.0,5429.12,2232.0,451.08,1580.13,236.26,897.2,0.0
1,129.0,28.04,30.82,50.68,95.88,25.28,17.18,19.2,6.5,2002.0,129.0,1.62,24.08,0.0,51.0,12.18,2.45,8.77,2.06,2002.0,129.0,19.368666666666666,27.825333333333333,10.799333333333333,74.268,18.331333333333337,8.621333333333332,13.479333333333335,3.867333333333333,2002.0,5348.31,2288.19,482.94,1650.11,255.94,969.17,0.0
2,145.0,31.39,32.18,1.85,84.47,29.51,18.95,24.22,5.26,2002.0,145.0,8.21,24.66,0.0,42.84,14.73,1.02,8.41,1.8,2002.0,145.0,22.464000000000002,29.334666666666667,0.3586666666666666,66.53866666666666,21.593999999999998,10.516666666666667,16.051333333333336,2.9653333333333336,2002.0,5778.08,2740.31,497.09,1916.52,274.06,908.46,0.0
3,161.0,31.97,34.88,27.25,89.0,30.46,21.58,23.91,4.56,2002.0,161.0,6.01,27.47,0.0,46.99,20.47,10.67,15.71,1.34,2002.0,161.0,21.06066666666667,31.196000000000005,6.718666666666667,70.79466666666666,25.536666666666665,15.036666666666669,20.247999999999998,2.7213333333333325,2002.0,7474.41,4047.94,336.88,2457.11,209.34,598.68,0.21
4,177.0,28.94,34.78,22.69,75.01,35.5,23.2,27.33,5.07,2002.0,177.0,7.34,30.74,0.0,43.08,27.18,15.91,22.82,0.77,2002.0,177.0,24.727333333333334,32.814,2.914,65.65866666666668,31.266000000000005,20.368000000000002,25.576000000000004,2.5580000000000003,2002.0,7741.06,4479.42,318.49,2700.98,197.72,646.11,0.02
5,193.0,31.03,36.14,25.16,82.79,34.6,22.02,27.19,4.47,2002.0,193.0,8.32,28.3,0.0,46.84,26.48,15.13,21.58,0.86,2002.0,193.0,22.283333333333324,33.153333333333336,2.6653333333333338,61.3,30.544,19.316,24.692666666666664,1.986,2002.0,7945.23,4625.31,290.09,2761.08,179.1,551.19,0.51
6,209.0,29.02,36.11,15.93,85.21,33.65,24.12,27.71,3.47,2002.0,209.0,13.64,30.24,0.0,63.33,24.54,14.29,20.26,1.24,2002.0,209.0,21.65266666666667,33.78533333333334,5.276,73.66733333333336,29.94133333333333,20.32466666666667,24.776,2.582666666666667,2002.0,8031.2,4733.73,281.66,2801.32,176.9,562.79,0.0
7,225.0,28.08,34.38,24.08,91.03,31.8,20.74,24.88,4.59,2002.0,225.0,9.9,28.33,0.0,56.48,24.18,11.12,18.8,1.05,2002.0,225.0,21.86533333333334,31.303999999999995,5.952666666666667,67.90066666666668,27.30333333333333,16.236,21.75066666666667,2.4859999999999998,2002.0,8071.75,4097.46,221.84,2320.38,132.84,455.43,0.0
8,241.0,24.8,36.25,35.46,87.9,31.98,23.66,25.61,4.6,2002.0,241.0,11.56,27.4,0.0,55.01,24.72,13.51,20.03,1.3,2002.0,241.0,18.933333333333334,31.77466666666667,3.0953333333333335,71.032,27.886666666666667,17.757333333333335,22.497999999999998,2.0426666666666664,2002.0,7822.88,3945.8,253.62,2275.01,151.09,508.11,0.0
9,257.0,23.47,33.88,11.43,92.59,33.89,20.43,25.71,3.94,2002.0,257.0,6.44,26.75,0.0,41.07,20.96,9.73,17.41,0.85,2002.0,257.0,16.388666666666666,30.704000000000004,2.0685714285714285,65.09066666666666,27.019999999999996,15.235333333333331,20.808666666666667,2.310666666666667,2002.0,7582.38,3484.01,255.01,1991.29,154.99,448.65,0.0
10,273.0,19.73,34.02,10.02,86.87,28.62,20.14,23.99,6.22,2002.0,273.0,3.67,26.53,0.0,47.08,13.27,3.25,8.58,1.17,2002.0,273.0,13.192,30.136,2.2873333333333337,63.69866666666667,22.017333333333337,11.436666666666667,16.65533333333333,3.208,2002.0,6727.89,2980.33,344.24,1845.39,187.25,456.21,0.03
11,289.0,16.99,29.41,4.17,78.89,23.88,11.02,16.88,4.79,2002.0,289.0,4.36,22.28,0.0,37.1,8.33,0.46,4.84,1.19,2002.0,289.0,12.328000000000001,25.939333333333323,0.7686666666666666,59.034,14.755333333333335,5.236000000000001,9.746666666666668,2.8506666666666667,2002.0,5694.83,2248.75,434.06,1541.77,270.17,597.78,0.64
12,305.0,13.14,27.43,19.67,94.12,14.52,7.89,10.57,5.12,2002.0,305.0,3.02,21.85,0.0,54.54,0.16,-3.18,-1.69,1.56,2002.0,305.0,7.806666666666667,24.98333333333333,3.1123076923076924,80.688,6.644,0.9226666666666667,3.8373333333333335,3.0173333333333336,2002.0,5634.53,2135.19,431.51,1491.8,265.58,575.8,3.37
