,DOY,INSgdmax,RADmax,RAINmax,RHmax,TMAXmax,TMINmax,Tmax,WINDmax,YEAR,DOY,INSgdmin,RADmin,RAINmin,RHmin,TMAXmin,TMINmin,Tmin,WINDmin,YEAR,DOY,INSgdmean,RADmean,RAINmean,RHmean,TMAXmean,TMINmean,Tmean,WINDmean,YEAR,NDVI,EVI,RED,NIR,BLUE,MIR,pixrel
0,113.0,27.5226,30.028099999999995,23.7716,90.1043,22.7131,17.0885,19.486,8.2263,2002.0,113.0,2.4162,24.5753,0.0,33.8658,4.115,-2.7931,2.8238000000000003,1.4566,2002.0,113.0,18.129026666666668,27.01683333333333,2.816273333333333,70.78659333333331,13.758053333333335,4.251406666666666,8.991706666666666,4.900366666666667,2002.0,2152.66,1011.36,982.28,1535.22,534.54,1924.51,0.15
1,129.0,28.9419,30.3848,16.7232,96.99650000000001,25.189,12.739999999999998,17.567700000000002,8.3672,2002.0,129.0,3.6417999999999995,24.1952,0.0,44.369,10.5649,-1.0636,6.8818,2.3651999999999997,2002.0,129.0,18.657073333333337,27.16031333333333,2.75464,67.13064666666668,16.779999999999998,5.355426666666666,11.035273333333334,4.566653333333333,2002.0,2336.33,1104.28,929.02,1531.32,507.82,1898.65,0.19
2,145.0,30.599599999999995,31.54,17.8175,82.9587,31.683099999999996,17.8957,24.330399999999997,9.188,2002.0,145.0,10.0359,24.566599999999998,0.0,29.8647,12.9535,4.143800000000001,8.903500000000001,1.9055,2002.0,145.0,24.66068,28.317293333333332,3.1651133333333332,54.286013333333344,22.748440000000002,10.61806,16.550586666666668,3.8436866666666667,2002.0,2941.0,1412.6,900.68,1665.76,490.17,1874.02,0.05
3,161.0,30.356599999999997,33.7735,18.4229,90.8068,31.2713,19.4625,24.723300000000002,7.1094,2002.0,161.0,8.283999999999999,28.4259,0.0,38.158300000000004,19.708199999999998,9.5705,14.4024,1.3988999999999998,2002.0,161.0,21.687179999999998,31.164553333333338,4.3794,66.13782666666667,25.518533333333338,14.599680000000001,19.617933333333333,3.975153333333334,2002.0,4992.88,2568.2,611.53,2001.5,324.14,1022.23,0.51
4,177.0,31.3641,35.2446,14.275099999999998,84.058,33.335100000000004,22.203699999999998,26.9279,7.553699999999999,2002.0,177.0,13.1243,31.2044,0.0,57.626999999999995,25.0619,15.3935,20.7745,1.6535,2002.0,177.0,25.75608666666667,32.893879999999996,1.6062999999999998,73.15896000000001,28.998393333333333,19.461813333333335,23.73002,4.443633333333333,2002.0,7940.73,5853.07,441.45,3952.7,223.95,747.57,0.11
5,193.0,30.829299999999996,36.220200000000006,26.949099999999998,91.37960000000001,34.9593,22.362199999999998,27.050500000000003,4.1169,2002.0,193.0,7.3176000000000005,29.2238,0.0,53.60040000000001,20.6149,12.8766,17.4777,0.7663,2002.0,193.0,23.89338,32.67066666666667,2.406686666666667,72.49235333333334,28.841006666666672,18.27591333333333,23.223726666666664,2.7026800000000004,2002.0,7775.36,6051.78,528.22,4288.11,266.12,763.11,0.25
6,209.0,29.1316,35.5072,18.807700000000004,91.2212,35.7686,22.096600000000002,27.4816,5.961,2002.0,209.0,13.2301,29.2085,0.0,52.4304,24.7681,10.8507,17.8045,1.7529,2002.0,209.0,23.482726666666668,32.752480000000006,4.200973333333334,63.24373333333334,30.53523333333333,17.673273333333334,23.55852,3.667433333333334,2002.0,6843.02,4822.09,634.35,3534.57,315.86,805.82,0.11
7,225.0,27.684600000000003,34.1969,12.0394,89.0696,31.4694,19.0977,23.800600000000003,6.3941,2002.0,225.0,4.0493,27.6266,0.0,51.3575,20.728499999999997,4.5133,13.654300000000003,1.1762000000000001,2002.0,225.0,19.573853333333332,30.74868,2.6278200000000003,67.62882666666667,25.849126666666663,13.59472666666667,19.472473333333333,4.115646666666667,2002.0,5391.88,3439.54,825.49,2830.99,422.47,1083.34,0.0
8,241.0,24.1235,34.6679,21.581200000000003,94.36290000000001,27.309099999999997,19.744400000000002,22.3743,5.212400000000001,2002.0,241.0,11.218,29.816200000000002,0.0,67.20609999999999,22.3523,10.2629,17.0016,0.8681,2002.0,241.0,18.475060000000003,31.988253333333336,4.16264,82.83407333333335,25.20402,16.671726666666668,20.542346666666667,3.028273333333334,2002.0,3991.68,2233.7,910.2,2181.45,468.19,1590.62,0.0
9,257.0,22.0385,32.2863,10.6861,92.2832,30.2172,20.100099999999998,24.263000000000005,5.4047,2002.0,257.0,4.8447000000000005,26.2402,0.0,48.8168,17.5212,5.222099999999999,12.3846,1.2488000000000001,2002.0,257.0,16.36332,29.966859999999997,2.6328714285714283,70.58748666666668,23.040473333333335,12.56878,17.501299999999997,3.5636799999999997,2002.0,3549.72,1980.94,1021.31,2168.92,529.3,1617.25,0.0
10,273.0,17.8169,30.3713,17.5045,89.28190000000001,27.8327,15.6955,20.5049,6.2043,2002.0,273.0,3.2756,26.965600000000002,0.0,50.1717,10.896,0.6738000000000001,6.6616,1.8725,2002.0,273.0,10.45858,28.46355333333333,2.87716,70.76510666666665,16.41912,6.359446666666666,11.228406666666668,3.8299466666666655,2002.0,2940.8,1472.6,945.52,1763.09,499.84,1596.14,0.05
11,289.0,16.2491,28.1691,7.3938,91.9392,17.860599999999998,11.5373,14.026499999999999,6.2546,2002.0,289.0,4.6947,21.878800000000002,0.0,52.8775,-0.3543,-2.6074,-1.6573000000000002,1.799,2002.0,289.0,10.208293333333334,25.168740000000003,1.8953733333333334,77.21914000000001,9.499786666666665,2.377253333333334,5.680786666666668,3.8397533333333334,2002.0,2728.76,1320.13,942.97,1675.76,487.32,1566.61,0.66
12,305.0,12.3322,24.7791,17.735500000000002,95.6265,12.120199999999999,1.0424,4.9094,6.1572,2002.0,305.0,3.6847000000000003,20.4044,0.0,66.6001,-3.9443,-8.094100000000001,-5.3596,1.5935000000000001,2002.0,305.0,7.8629533333333335,22.915286666666667,3.7992307692307694,84.95365333333334,2.7899599999999998,-2.595386666666667,-0.014333333333333226,3.3231466666666662,2002.0,1961.44,884.39,2019.36,2497.66,1655.7,1301.82,0.48
