,DOY,INSgdmax,RADmax,RAINmax,RHmax,TMAXmax,TMINmax,Tmax,WINDmax,YEAR,DOY,INSgdmin,RADmin,RAINmin,RHmin,TMAXmin,TMINmin,Tmin,WINDmin,YEAR,DOY,INSgdmean,RADmean,RAINmean,RHmean,TMAXmean,TMINmean,Tmean,WINDmean,YEAR,NDVI,EVI,RED,NIR,BLUE,MIR,pixrel
0,113.0,27.29,32.54,54.22,90.98,25.73,18.79,21.54,7.29,2002.0,113.0,4.14,24.37,0.0,36.99,7.14,-1.05,5.2,1.23,2002.0,113.0,15.63933333333333,28.213999999999995,7.456666666666667,75.69399999999999,16.043333333333333,6.552000000000001,11.252,4.279333333333333,2002.0,4658.98,2352.13,727.76,2022.59,372.69,1386.76,0.0
1,129.0,29.95,30.67,27.43,93.73,25.54,15.96,18.99,7.83,2002.0,129.0,2.92,22.97,0.0,51.52,12.6,2.58,7.9,2.25,2002.0,129.0,20.721999999999994,27.084666666666667,7.440666666666666,72.64866666666667,18.35,8.103333333333333,13.169333333333332,4.239333333333334,2002.0,4799.08,2428.1,671.31,1988.87,358.28,1038.1,0.0
2,145.0,31.25,32.58,19.66,84.42,30.18,18.81,23.87,7.14,2002.0,145.0,13.57,24.62,0.0,36.39,16.67,2.98,9.64,1.72,2002.0,145.0,25.49333333333333,28.85333333333333,3.1786666666666665,61.69333333333334,22.637333333333334,11.095999999999998,16.770666666666667,3.1846666666666668,2002.0,5380.26,2987.24,680.64,2354.73,359.7,1266.19,0.43
3,161.0,32.4,34.92,24.36,93.3,29.41,21.57,23.62,5.39,2002.0,161.0,10.08,29.48,0.0,45.82,22.33,11.43,16.76,1.42,2002.0,161.0,22.032666666666668,31.717333333333332,4.548666666666666,69.90733333333334,25.91666666666667,15.847999999999997,20.647333333333336,3.240666666666667,2002.0,6704.84,3875.46,507.46,2638.23,283.53,993.85,0.32
4,177.0,30.46,35.14,23.92,77.35,33.5,23.3,26.65,7.32,2002.0,177.0,19.26,30.67,0.0,43.46,27.66,15.63,22.98,1.34,2002.0,177.0,26.249333333333333,32.74066666666666,2.576,65.462,30.789999999999996,20.196666666666665,25.266000000000005,3.461333333333334,2002.0,6949.64,4177.51,513.05,2820.65,286.7,1013.08,0.08
5,193.0,28.51,36.29,24.24,91.66,32.61,22.54,26.86,3.94,2002.0,193.0,5.94,28.94,0.0,60.47,21.67,14.16,18.78,1.02,2002.0,193.0,20.627333333333333,33.13466666666667,4.818,75.21000000000001,28.326,18.684,23.333999999999996,1.9980000000000002,2002.0,7343.39,4631.52,457.02,3049.33,261.2,911.04,0.03
6,209.0,28.73,35.57,14.94,81.98,33.9,23.36,27.42,4.08,2002.0,209.0,9.54,29.88,0.0,63.25,24.29,13.41,19.28,1.45,2002.0,209.0,22.19133333333333,33.386,3.463333333333333,72.33666666666666,29.685999999999993,19.513333333333332,24.20799999999999,2.8680000000000003,2002.0,7494.48,4426.73,386.84,2793.11,222.87,800.49,0.19
7,225.0,27.54,34.88,19.52,84.95,30.82,20.71,24.22,5.25,2002.0,225.0,5.15,28.37,0.0,55.76,20.6,8.86,17.14,0.86,2002.0,225.0,19.013333333333335,31.570000000000004,5.377999999999999,70.81199999999998,26.18,15.123999999999999,20.84666666666667,2.928666666666666,2002.0,7344.1,4364.54,406.75,2801.19,226.73,775.42,0.12
8,241.0,24.34,35.5,12.35,91.02,30.22,23.46,24.63,4.6,2002.0,241.0,15.48,28.66,0.0,57.82,23.84,12.28,19.0,1.32,2002.0,241.0,19.957999999999995,32.08866666666667,1.6020000000000005,76.91266666666667,26.567333333333337,17.312,21.682666666666663,2.1746666666666665,2002.0,7312.54,4034.65,381.18,2562.99,213.13,753.56,0.0
9,257.0,23.36,33.08,19.95,91.1,33.12,19.63,24.72,4.59,2002.0,257.0,6.34,26.86,0.0,45.21,20.1,6.74,15.33,0.79,2002.0,257.0,15.589333333333334,30.64533333333333,2.780714285714285,69.764,24.723333333333336,13.620666666666667,19.050666666666665,2.5193333333333334,2002.0,6442.18,3302.63,488.21,2236.74,265.08,919.57,0.0
10,273.0,20.41,32.22,21.73,93.33,27.83,19.29,22.63,6.28,2002.0,273.0,3.2,25.52,0.0,44.65,14.75,0.54,8.11,1.33,2002.0,273.0,13.155333333333333,29.459999999999994,3.4233333333333333,67.92866666666667,20.90866666666667,9.503999999999996,14.915333333333331,3.4420000000000006,2002.0,5730.07,2684.17,532.7,1936.74,281.05,927.65,0.24
11,289.0,17.28,29.56,13.59,82.85,23.82,11.44,17.01,4.66,2002.0,289.0,4.79,22.32,0.0,44.83,2.84,-1.8,1.2,1.45,2002.0,289.0,12.528666666666663,25.651333333333334,1.9766666666666666,64.69266666666665,13.226000000000004,4.132666666666666,8.472,3.184666666666666,2002.0,4686.56,2135.07,670.59,1799.42,365.81,1119.25,0.72
12,305.0,13.07,27.14,19.99,93.05,14.34,7.1,9.02,5.08,2002.0,305.0,3.31,22.25,0.0,59.29,-0.2,-5.26,-2.9,1.63,2002.0,305.0,7.21,24.858666666666668,4.735384615384615,82.902,5.619333333333332,-0.04599999999999985,2.6353333333333335,3.0320000000000005,2002.0,4138.29,1867.8,724.25,1711.49,392.28,1036.33,0.71
