,DOY,INSgdmax,RADmax,RAINmax,RHmax,TMAXmax,TMINmax,Tmax,WINDmax,YEAR,DOY,INSgdmin,RADmin,RAINmin,RHmin,TMAXmin,TMINmin,Tmin,WINDmin,YEAR,DOY,INSgdmean,RADmean,RAINmean,RHmean,TMAXmean,TMINmean,Tmean,WINDmean,YEAR,NDVI,EVI,RED,NIR,BLUE,MIR,pixrel
0,113.0,27.0,31.75,17.79,91.4,25.95,19.11,22.15,6.71,2002.0,113.0,2.84,24.8,0.0,42.94,5.06,-1.46,3.3,1.37,2002.0,113.0,16.528666666666666,27.68133333333333,3.347333333333333,74.26733333333333,14.404000000000002,5.762666666666666,10.107333333333333,4.200666666666667,2002.0,4464.79,1867.65,595.74,1562.33,298.67,1223.55,0.0
1,129.0,30.13,29.84,25.5,96.18,24.94,15.84,18.32,7.95,2002.0,129.0,1.84,23.22,0.0,47.7,10.16,0.78,7.63,2.38,2002.0,129.0,20.935333333333332,26.876666666666665,6.230666666666666,71.77866666666667,17.179333333333332,7.029333333333332,12.069333333333331,4.207333333333334,2002.0,4548.92,2131.96,674.81,1815.38,338.09,1354.17,0.0
2,145.0,31.72,32.18,13.71,83.71,31.13,17.35,23.37,6.47,2002.0,145.0,16.81,23.22,0.0,35.58,15.61,2.61,9.05,2.36,2002.0,145.0,24.733999999999995,28.450666666666667,2.283333333333333,57.519333333333336,22.438666666666666,10.865333333333332,16.46333333333333,3.3066666666666666,2002.0,5168.18,2467.84,609.68,1919.93,316.11,1167.64,0.23
3,161.0,30.28,34.13,23.1,91.31,29.9,20.83,23.32,4.91,2002.0,161.0,8.96,29.27,0.0,38.16,19.66,10.31,15.51,1.27,2002.0,161.0,21.436,31.375999999999994,5.304666666666667,68.31333333333333,25.005999999999993,14.769333333333332,19.759999999999998,3.111333333333333,2002.0,7744.67,5050.96,401.27,3246.24,222.7,815.81,0.0
4,177.0,30.49,35.39,33.87,80.88,33.8,23.61,27.31,7.32,2002.0,177.0,18.43,30.56,0.0,41.51,27.81,14.89,22.36,0.97,2002.0,177.0,27.004666666666672,32.66266666666666,3.664666666666667,64.38399999999999,30.79333333333334,20.416666666666664,25.340666666666667,3.4040000000000004,2002.0,8302.27,5280.26,284.7,3213.28,158.79,636.63,0.21
5,193.0,28.94,35.78,18.26,85.21,34.42,22.35,26.86,4.48,2002.0,193.0,8.35,28.58,0.0,58.05,23.9,13.42,18.94,0.82,2002.0,193.0,22.199333333333335,32.75866666666666,2.475333333333333,72.44266666666665,28.586000000000002,18.108666666666668,23.166666666666664,2.1546666666666665,2002.0,8285.76,5377.4,290.64,3273.27,167.32,634.17,0.11
6,209.0,28.87,35.53,22.36,84.39,33.05,23.45,26.98,4.04,2002.0,209.0,11.84,28.69,0.0,63.48,24.37,12.51,18.82,1.36,2002.0,209.0,21.586666666666666,33.364666666666665,3.9573333333333327,73.18733333333333,28.90533333333333,18.757999999999996,23.438000000000002,2.706666666666666,2002.0,8343.11,5265.99,271.52,3166.62,154.14,592.29,0.0
7,225.0,27.25,33.08,16.82,85.11,31.35,20.12,23.92,5.87,2002.0,225.0,6.37,28.22,0.0,54.29,22.61,8.37,16.04,1.42,2002.0,225.0,20.523333333333333,30.672000000000004,6.037333333333334,65.83733333333332,26.29866666666667,14.254666666666667,20.387333333333334,2.9226666666666663,2002.0,8147.85,4801.34,270.66,2854.89,150.28,599.11,0.0
8,241.0,24.59,35.28,14.9,90.77,30.29,21.78,23.83,4.42,2002.0,241.0,14.47,27.36,0.0,57.11,23.79,10.9,18.64,1.28,2002.0,241.0,19.372,31.370666666666672,2.3833333333333333,75.73199999999999,26.458666666666673,16.750666666666667,21.321333333333335,2.1519999999999997,2002.0,7985.62,4270.88,267.51,2502.24,150.02,553.11,0.0
9,257.0,22.79,32.94,23.14,88.45,34.23,20.6,25.96,3.96,2002.0,257.0,5.36,24.7,0.0,47.22,19.31,7.07,15.02,1.56,2002.0,257.0,14.694666666666667,30.269999999999996,3.197142857142857,66.45133333333334,24.689333333333334,13.531333333333334,19.140666666666664,2.5340000000000003,2002.0,7443.9,3775.06,322.14,2277.44,180.12,609.49,0.0
10,273.0,19.69,31.82,17.65,92.97,26.73,19.14,21.79,6.27,2002.0,273.0,2.99,26.21,0.0,43.87,12.06,0.5,7.07,1.29,2002.0,273.0,11.381333333333332,29.450666666666667,3.0373333333333337,69.96733333333333,19.445333333333334,8.975999999999997,13.995333333333328,3.342,2002.0,6233.54,3055.02,464.99,2069.33,246.71,639.32,0.06
11,289.0,17.32,30.24,5.36,77.73,22.96,11.86,16.85,4.7,2002.0,289.0,4.21,21.13,0.0,45.52,3.97,-1.58,1.01,1.6,2002.0,289.0,11.269333333333332,25.440666666666672,0.7020000000000001,63.38399999999999,12.456,3.8273333333333337,7.997333333333333,3.1899999999999995,2002.0,4697.0,2362.81,724.88,1979.34,434.5,1110.93,1.3
12,305.0,13.39,27.32,19.87,94.22,13.65,6.43,8.67,5.33,2002.0,305.0,3.38,21.38,0.0,56.76,-0.28,-5.25,-2.8,1.54,2002.0,305.0,7.882,24.336000000000002,3.8538461538461544,81.396,5.213333333333333,-0.49333333333333335,2.2206666666666663,2.921333333333334,2002.0,4944.69,2046.16,553.71,1609.82,285.87,940.18,0.31
