,DOY,INSgdmax,RADmax,RAINmax,RHmax,TMAXmax,TMINmax,Tmax,WINDmax,YEAR,DOY,INSgdmin,RADmin,RAINmin,RHmin,TMAXmin,TMINmin,Tmin,WINDmin,YEAR,DOY,INSgdmean,RADmean,RAINmean,RHmean,TMAXmean,TMINmean,Tmean,WINDmean,YEAR,NDVI,EVI,RED,NIR,BLUE,MIR,pixrel
0,113.0,26.643299999999996,32.1027,35.17340000000001,91.5398,26.1233,18.6851,22.0717,5.989999999999999,2001.9999999999998,113.0,3.1380000000000003,24.3156,0.0,46.2836,5.1988,-0.9294000000000001,3.4825999999999997,1.7019,2001.9999999999998,113.0,16.311686666666667,27.690006666666665,4.748913333333333,74.95469999999999,14.352559999999997,6.181053333333334,10.226233333333331,3.98344,2001.9999999999998,4629.66,1786.17,520.11,1417.72,268.03,1081.51,0.0
1,129.0,30.4926,30.0898,24.3663,95.31460000000001,24.3181,16.1291,18.2139,6.818,2001.9999999999998,129.0,2.5387,23.5713,0.0,48.218,10.108999999999998,0.42569999999999997,7.513999999999999,2.1801,2001.9999999999998,129.0,20.53799333333333,27.04082,7.834160000000002,72.35218,17.09128,7.187286666666666,12.03988,3.85018,2001.9999999999998,4678.5,2011.04,584.0,1622.22,303.69,1191.51,0.0
2,145.0,31.898499999999995,32.2591,5.9927,82.75429999999999,30.681099999999994,18.274199999999997,23.346,5.4632000000000005,2001.9999999999998,145.0,13.0035,23.228999999999996,0.0,39.101,14.854299999999999,1.7018000000000002,8.3187,2.1565,2001.9999999999998,145.0,23.762886666666663,28.5655,1.1215600000000001,60.589620000000004,21.678573333333333,10.360753333333333,15.861920000000001,3.1117066666666666,2001.9999999999998,5347.77,2567.67,578.32,1927.51,309.62,1072.4,0.0
3,161.0,31.549500000000002,33.9273,22.043599999999998,90.6226,30.0991,21.7465,23.396699999999996,4.3137,2001.9999999999998,161.0,6.2352,27.9098,0.0,41.162000000000006,19.6083,10.1502,15.240000000000002,1.1094000000000002,2001.9999999999998,161.0,20.242953333333332,30.875120000000003,5.084166666666667,68.78518666666668,24.78226,14.458479999999998,19.54362,2.7776133333333335,2001.9999999999998,7405.0,4347.96,389.09,2745.61,227.76,754.6,0.28
4,177.00000000000003,30.353099999999998,34.47560000000001,27.7193,78.7724,33.9148,23.475400000000004,27.271700000000003,6.0821000000000005,2001.9999999999998,177.00000000000003,13.879999999999999,31.082,0.0,40.942299999999996,27.1738,15.256000000000002,22.248200000000004,0.8368000000000001,2001.9999999999998,177.00000000000003,25.52622,32.642133333333334,4.19064,63.9676,30.767926666666668,20.50477333333334,25.423893333333336,3.0021,2001.9999999999998,7635.21,4531.88,361.52,2824.02,203.6,722.69,0.17
5,193.0,29.3934,35.9205,28.8439,83.02080000000001,34.054399999999994,21.737800000000004,26.7431,4.3918,2001.9999999999998,193.0,9.155,28.832900000000002,0.0,51.648,26.009999999999998,14.151,20.2595,0.9087,2001.9999999999998,193.0,22.144486666666666,32.77437333333334,5.315213333333333,65.24664666666665,29.36966666666667,18.696939999999998,23.859086666666673,2.1065533333333337,2001.9999999999998,7992.72,4740.3,300.84,2857.58,174.57,603.26,0.73
6,209.0,29.041600000000003,35.5369,20.805,83.68900000000001,33.1289,23.5271,27.321099999999998,3.5172,2001.9999999999998,209.0,10.564600000000002,29.5305,0.0,62.738200000000006,24.3637,13.0611,19.588900000000002,1.3638000000000003,2001.9999999999998,209.0,20.897373333333334,33.46236666666667,6.268420000000001,72.99652666666665,28.98642,19.193433333333335,23.75730666666667,2.5925200000000004,2001.9999999999998,8144.6,5087.79,301.21,3088.82,172.46,653.62,0.0
7,225.0,27.187500000000004,33.4255,12.6882,86.87800000000001,30.9515,20.1989,24.251600000000003,5.2074,2001.9999999999998,225.0,6.8457,27.513699999999996,0.0,50.1556,23.803099999999993,9.3682,16.9445,1.0623,2001.9999999999998,225.0,21.293886666666666,30.49052666666666,3.4108066666666668,65.23910000000001,26.54777333333333,15.040113333333334,20.807226666666665,2.634913333333333,2001.9999999999998,7972.81,4369.58,264.98,2561.74,149.48,564.91,0.0
8,241.0,24.6746,35.527300000000004,18.6873,90.3791,30.9192,22.175099999999997,24.5932,4.327200000000001,2001.9999999999998,241.0,13.2581,27.237700000000004,0.0,57.1998,24.5245,13.0712,19.6553,1.1312000000000002,2001.9999999999998,241.0,19.217200000000002,31.59853333333334,2.64362,72.89826666666666,26.85267333333333,17.176293333333334,21.714133333333333,2.03754,2001.9999999999998,7861.67,4131.43,273.96,2421.57,155.67,578.59,0.0
9,257.0,23.130400000000005,33.1155,25.0259,90.6103,34.3021,20.729599999999998,26.245599999999996,3.4510999999999994,2001.9999999999998,257.0,5.3746,25.435100000000002,0.0,41.2032,19.212300000000003,7.990099999999999,16.1234,1.6002,2001.9999999999998,257.0,15.720926666666667,30.093459999999997,3.613828571428571,64.23885333333334,25.58884,14.385966666666665,19.797039999999996,2.43942,2001.9999999999998,7394.3,3555.92,304.33,2115.9,171.4,563.75,0.0
10,272.99999999999994,19.7081,32.4201,15.999899999999998,91.15589999999999,27.1576,19.4632,22.435900000000004,5.976400000000001,2001.9999999999998,272.99999999999994,3.2026000000000003,26.3612,0.0,42.4881,12.0636,1.6093000000000002,7.590000000000002,1.1159000000000001,2001.9999999999998,272.99999999999994,11.63548,29.73733333333333,3.820606666666667,67.62816666666666,20.04208666666667,9.74812,14.769753333333332,3.1635933333333326,2001.9999999999998,6454.86,3018.0,426.74,1991.99,219.76,591.39,0.08
11,289.0,17.177,30.539899999999996,9.738100000000003,78.93920000000001,23.020500000000002,11.549599999999998,16.675600000000003,4.3599,2001.9999999999998,289.0,3.5443,21.226399999999998,0.0,40.691500000000005,5.8572,-1.4949000000000001,2.3703,1.4248,2001.9999999999998,289.0,11.350213333333333,25.676733333333335,0.9408933333333334,62.178679999999986,12.84537333333333,3.9008933333333324,8.246133333333333,2.9142133333333335,2001.9999999999998,5557.98,2065.37,405.16,1425.42,209.37,727.55,0.2
12,305.0,12.7161,26.866600000000002,19.890099999999997,94.0134,13.5464,7.0352,9.246000000000002,4.679399999999999,2001.9999999999998,305.0,3.3567,21.0679,0.0,53.509,-0.41319999999999996,-4.3445,-2.3954,1.5576000000000003,2001.9999999999998,305.0,8.229993333333335,24.41257333333333,3.7081769230769224,80.12052666666665,5.541980000000001,-0.06004666666666667,2.6849999999999996,2.798526666666666,2001.9999999999998,5280.03,1908.57,419.11,1358.34,216.67,765.64,0.16
