,DOY,INSgdmax,RADmax,RAINmax,RHmax,TMAXmax,TMINmax,Tmax,WINDmax,YEAR,DOY,INSgdmin,RADmin,RAINmin,RHmin,TMAXmin,TMINmin,Tmin,WINDmin,YEAR,DOY,INSgdmean,RADmean,RAINmean,RHmean,TMAXmean,TMINmean,Tmean,WINDmean,YEAR,NDVI,EVI,RED,NIR,BLUE,MIR,pixrel
0,113.0,26.9022,30.7556,17.3414,92.2364,22.5306,16.0268,19.185000000000002,7.853200000000001,2002.0,113.0,3.066,24.328599999999998,0.0,32.8194,4.2054,-3.1933999999999996,2.6031999999999997,1.7306,2002.0,113.0,18.622560000000004,26.723053333333333,2.4203999999999994,68.75598666666666,13.633933333333333,3.717973333333333,8.659853333333334,4.970893333333334,2002.0,3273.34,1917.35,1118.55,2243.34,587.11,2355.07,0.09
1,129.0,29.309599999999996,29.3422,17.090799999999998,97.22639999999998,24.8552,11.963,18.0184,8.09,2002.0,129.0,3.4932,24.438599999999997,0.0,44.921800000000005,10.953000000000001,-1.9786000000000001,6.6786,2.5184,2002.0,129.0,18.58345333333333,26.931386666666665,3.2643199999999997,65.74474666666666,16.45124,4.719786666666667,10.640520000000002,4.574,2002.0,3734.72,2203.09,1009.28,2294.57,531.02,2281.7,0.03
2,145.0,30.7608,31.273600000000002,14.698800000000002,80.6338,31.495999999999995,17.576600000000003,24.1692,9.3224,2002.0,145.0,15.0484,25.179599999999997,0.0,29.2974,11.954,3.303,7.904,1.8016,2002.0,145.0,25.326506666666667,28.288426666666666,2.6722266666666665,52.955333333333336,22.63701333333333,10.235266666666666,16.361866666666668,3.839853333333334,2002.0,4308.29,2602.35,942.05,2458.72,494.96,2226.96,0.09
3,161.0,30.3628,34.026,10.3642,88.9434,30.8568,19.6712,24.019000000000002,7.483,2002.0,161.0,6.995800000000001,27.844,0.0,38.425,20.1306,8.6246,14.2534,1.4724000000000002,2002.0,161.0,21.70968,30.95650666666667,2.718466666666667,64.51738666666665,25.500506666666663,14.395653333333334,19.46638666666667,4.034013333333332,2002.0,6285.37,3728.88,575.05,2660.38,299.59,1151.83,0.46
4,177.0,31.4428,35.0758,16.8624,85.9018,33.3022,21.9242,26.757800000000003,6.6452,2002.0,177.0,13.873000000000001,31.477399999999996,0.0,59.909,23.689200000000003,15.2538,19.752200000000002,1.7357999999999998,2002.0,177.0,25.49046666666667,32.934560000000005,1.6791333333333336,76.21078666666668,28.380906666666668,19.251946666666665,23.326559999999997,4.41436,2002.0,7285.53,4957.9,522.03,3401.58,274.42,1111.54,0.23
5,193.0,31.151400000000002,36.289,11.747599999999998,91.37979999999999,35.8202,21.866,27.482400000000002,4.4816,2002.0,193.0,8.2686,28.9972,0.0,50.1152,20.2288,12.622399999999999,17.3216,0.8964000000000001,2002.0,193.0,23.976866666666666,32.57794666666667,1.2607733333333335,70.36706666666666,29.226386666666663,18.255720000000004,23.378839999999997,2.9363599999999996,2002.0,7072.34,5008.72,593.96,3578.43,306.64,1176.16,0.14
6,209.0,29.282799999999998,35.2004,36.4662,91.67980000000001,35.647800000000004,21.9178,27.654999999999998,6.1306,2002.0,209.0,12.0458,28.7004,0.0,50.793400000000005,24.3842,10.0624,17.381600000000002,1.5872000000000002,2002.0,209.0,22.813759999999995,32.686173333333336,4.651786666666666,61.197280000000006,30.425839999999997,17.370066666666663,23.426506666666665,3.7564666666666664,2002.0,6591.58,4532.57,678.95,3364.89,350.55,1250.66,0.11
7,225.0,28.026400000000002,34.2346,22.281399999999998,91.047,31.221400000000003,18.7168,23.3012,6.3557999999999995,2002.0,225.0,4.4398,27.2258,0.0,51.6034,19.756999999999998,3.9214,13.134400000000001,1.1734,2002.0,225.0,19.299920000000004,30.56524,3.5046533333333336,68.99324000000001,25.602013333333332,13.174720000000002,19.16130666666667,4.362053333333334,2002.0,6416.7,4008.5,612.71,2904.69,309.68,1078.51,0.04
8,241.0,24.0578,34.4682,19.7782,94.3896,27.168799999999997,19.3204,22.2096,5.7322,2002.0,241.0,8.9816,29.584,0.0,69.99340000000001,22.514400000000002,9.912199999999999,16.723599999999998,1.0998,2002.0,241.0,18.32557333333333,31.887519999999995,4.529346666666667,84.07429333333334,25.05549333333333,16.547613333333334,20.344213333333336,3.3068933333333335,2002.0,5865.44,3405.83,653.3,2553.02,336.03,1406.69,0.0
9,257.0,22.168200000000002,32.4386,7.458,90.934,30.620800000000003,19.9976,24.5128,5.9548,2002.0,257.0,3.8393999999999995,26.34,0.0,45.00299999999999,16.700000000000003,4.0352,11.570599999999999,1.4262000000000001,2002.0,257.0,16.61434666666667,29.896426666666667,2.347228571428571,71.17162666666667,22.600333333333335,12.12676,17.085359999999998,3.8131333333333335,2002.0,5512.05,3222.64,737.82,2572.9,377.19,1417.76,0.09
10,273.0,18.0914,30.0396,23.381400000000003,91.24059999999999,26.671799999999998,13.767,18.796,5.8768,2002.0,273.0,3.0396,26.8554,0.0,50.0086,10.4632,0.46939999999999993,6.1158,1.7333999999999998,2002.0,273.0,10.301106666666666,28.01592000000001,3.505586666666667,70.29793333333333,15.575906666666665,5.27944,10.28164,3.7558533333333335,2002.0,4781.8,2639.34,778.46,2250.16,407.99,1578.14,0.0
11,289.0,16.1828,27.459000000000003,7.2338000000000005,94.7004,16.9514,11.4374,13.521,6.441000000000001,2002.0,289.0,4.4664,22.0178,0.0,53.2692,-1.0272000000000001,-3.0946,-2.2174,2.1548000000000003,2002.0,289.0,10.304986666666668,24.91414666666666,1.7673866666666667,78.20078666666667,9.022133333333333,1.86388,5.1632533333333335,3.889866666666666,2002.0,3962.09,2133.57,885.48,2090.72,456.18,1701.32,0.22
12,305.0,11.984,24.661,14.314,95.676,12.2158,0.2644,4.941199999999999,5.806,2002.0,305.0,3.8796,20.8106,0.0,73.34960000000001,-5.2698,-9.350800000000001,-6.9046,1.6314,2002.0,305.0,7.5149333333333335,22.629,2.869738461538461,86.26548,2.2258133333333334,-3.3717466666666662,-0.6176133333333333,3.3564666666666665,2002.0,3354.95,1728.12,1245.23,2220.9,835.29,1656.79,0.42
