,DOY,INSgdmax,RADmax,RAINmax,RHmax,TMAXmax,TMINmax,Tmax,WINDmax,YEAR,DOY,INSgdmin,RADmin,RAINmin,RHmin,TMAXmin,TMINmin,Tmin,WINDmin,YEAR,DOY,INSgdmean,RADmean,RAINmean,RHmean,TMAXmean,TMINmean,Tmean,WINDmean,YEAR,NDVI,EVI,RED,NIR,BLUE,MIR,pixrel
0,113.0,26.698399999999996,32.169999999999995,30.746700000000004,91.6256,25.746499999999997,18.537799999999997,21.9448,5.970000000000001,2002.0,113.0,3.1273,24.1603,0.0,45.9041,4.719,-1.2317,3.0812,1.6595,2002.0,113.0,16.344786666666668,27.546593333333337,4.28142,74.53976666666667,13.973166666666664,5.7228200000000005,9.855139999999999,3.964633333333333,2002.0,2498.48,662.28,259.8,933.12,30.05,711.4,53.59
1,129.0,30.713100000000004,29.9187,20.3496,95.6743,23.900799999999997,15.8495,17.9357,6.8809000000000005,2002.0,129.0,2.6635999999999997,23.5292,0.0,46.5811,9.6899,-0.2001,7.1364,2.1675,2002.0,129.0,20.598146666666665,26.889159999999997,6.93796,71.97803333333334,16.705453333333335,6.7332600000000005,11.632473333333335,3.8320066666666666,2002.0,2537.23,822.01,296.43,1064.67,56.06,754.55,53.55
2,145.0,31.8647,32.169599999999996,8.2423,82.3774,30.9737,17.9241,23.3837,5.4614,2002.0,145.0,14.398399999999999,22.8385,0.0,37.766,14.946599999999998,1.7928000000000002,8.231,2.139,2002.0,145.0,24.10327333333333,28.430166666666665,1.4289866666666668,58.67050666666666,21.758660000000003,10.29562,15.866226666666668,3.150993333333333,2002.0,4054.03,1923.09,506.14,1758.98,323.8,735.86,35.98
3,161.00000000000003,31.098999999999997,33.809000000000005,20.9227,90.86,29.731199999999994,21.666999999999998,23.198199999999996,4.2576,2002.0,161.00000000000003,6.1409,27.917500000000004,0.0,40.0844,18.6039,10.0927,14.733400000000001,1.1637,2002.0,161.00000000000003,19.995639999999995,30.870373333333333,4.722893333333333,68.28328666666668,24.584066666666672,14.314806666666666,19.330026666666665,2.8028200000000005,2002.0,4740.0,2679.82,189.65,1965.78,42.59,512.99,46.01
4,177.0,30.529200000000003,34.4221,29.708,79.76089999999999,33.72,23.6162,27.315999999999995,6.2723,2002.0,177.0,14.632900000000001,31.0041,0.0,40.8851,27.0116,15.145100000000001,22.0605,0.8584999999999999,2002.0,177.0,25.4437,32.64804666666667,4.610466666666667,63.686659999999996,30.616106666666667,20.562260000000002,25.350766666666672,3.090386666666666,2002.0,5278.81,2813.15,256.23,1922.08,147.0,478.32,26.33
5,193.0,29.4129,35.891600000000004,28.0793,82.94900000000001,33.9697,21.7654,26.6509,4.3198,2002.0,193.0,8.770299999999999,29.003,0.0,52.412000000000006,25.8577,13.8202,19.9752,0.9718000000000001,2002.0,193.0,22.142286666666664,32.72486666666667,5.294553333333333,65.88058666666664,29.146706666666667,18.577446666666667,23.68966666666667,2.1599,2002.0,5287.45,2986.09,59.35,1983.2,-32.99,265.18,49.15
6,209.0,29.0679,35.347,20.2252,84.17240000000001,33.0458,23.4193,27.1782,3.5751999999999997,2002.0,209.0,10.164,29.2915,0.0,62.092,24.296999999999997,12.7928,19.3921,1.4086,2002.0,209.0,20.911720000000003,33.323100000000004,6.461313333333334,72.79217333333334,28.74364,18.953380000000003,23.499273333333335,2.595473333333334,2002.0,5611.44,3389.86,76.5,2235.77,-14.0,318.37,43.42
7,225.0,27.1049,33.1083,13.0718,86.07440000000001,31.083299999999998,20.11,24.2549,5.3666,2002.0,225.0,6.6535,27.266499999999994,0.0,49.863400000000006,23.6244,9.1586,16.5806,1.1237000000000001,2002.0,225.0,21.335553333333333,30.248246666666667,3.425513333333333,64.32966000000002,26.404306666666663,14.84896,20.616706666666666,2.7049466666666664,2002.0,5424.6,2925.0,13.31,1880.63,-66.56,201.12,48.47
8,241.0,24.5801,35.3869,16.7465,90.315,30.620900000000002,21.6889,24.2147,4.2399000000000004,2002.0,241.0,12.674700000000001,27.2557,0.0,57.48939999999999,24.3695,12.9164,19.5759,1.1385,2002.0,241.0,19.121353333333335,31.55190666666667,2.5436733333333326,72.99347333333333,26.67304666666667,17.053893333333335,21.564886666666666,2.0607666666666664,2002.0,5446.62,2833.61,3.62,1824.01,-79.78,240.3,51.0
9,257.0,22.98,33.0462,27.408500000000004,90.08009999999999,34.284800000000004,20.9267,26.383499999999998,3.4022,2002.0,257.0,5.097999999999999,25.378800000000002,0.0,41.88119999999999,19.1048,7.967299999999999,15.7287,1.6943000000000001,2002.0,257.0,15.564233333333334,30.045959999999994,3.7435785714285714,63.81866666666667,25.248800000000003,14.292293333333333,19.62982,2.4929466666666666,2002.0,5099.85,2350.57,43.36,1552.05,-45.27,208.95,48.49
10,273.0,19.6915,32.2108,17.122799999999998,91.9178,26.881899999999998,19.2035,22.095800000000004,5.8476,2002.0,273.0,3.2075000000000005,26.2696,0.0,42.2976,11.5933,1.3519999999999999,7.330900000000001,1.1581000000000001,2002.0,273.0,11.266173333333334,29.6423,3.9853733333333334,68.50973333333333,19.48858666666667,9.375233333333334,14.275566666666665,3.1420933333333325,2002.0,4205.4,1722.46,113.17,1335.58,-24.46,261.19,53.85
11,289.0,17.197,30.340100000000003,9.7532,79.54169999999999,22.7517,11.6821,16.628000000000004,4.280200000000001,2002.0,289.0,3.6846,20.9848,0.0,41.7586,5.3667,-1.8848,1.8139999999999998,1.4772999999999998,2002.0,289.0,11.1319,25.586399999999998,1.0043666666666666,63.21223999999999,12.391993333333334,3.5435666666666656,7.856793333333332,2.9284600000000003,2002.0,3342.81,1159.58,198.48,1133.1,11.13,414.07,53.86
12,305.0,12.720099999999999,26.7765,19.524,94.0703,13.311,6.656299999999999,8.9161,4.6648,2002.0,305.0,3.3796999999999997,20.845699999999997,0.0,53.88009999999999,-0.48050000000000004,-4.592,-2.5673,1.5547000000000002,2002.0,305.0,8.311233333333334,24.267539999999997,3.625607692307692,79.98358666666665,5.315206666666667,-0.29332,2.4019533333333327,2.75692,2002.0,2621.41,727.55,337.73,1067.11,164.64,454.79,59.39
