,DOY,INSgdmax,RADmax,RAINmax,RHmax,TMAXmax,TMINmax,Tmax,WINDmax,YEAR,DOY,INSgdmin,RADmin,RAINmin,RHmin,TMAXmin,TMINmin,Tmin,WINDmin,YEAR,DOY,INSgdmean,RADmean,RAINmean,RHmean,TMAXmean,TMINmean,Tmean,WINDmean,YEAR,NDVI,EVI,RED,NIR,BLUE,MIR,pixrel
0,113.0,27.319200000000002,32.3842,33.3468,91.2782,26.2524,19.206599999999998,22.2382,6.693199999999999,2002.0,113.0,2.6006,25.0898,0.0,41.5876,6.0973999999999995,-1.2919999999999998,3.9761999999999995,1.3196,2002.0,113.0,16.283106666666665,27.971133333333334,4.558893333333334,74.48265333333333,15.1908,6.259946666666666,10.706253333333335,4.179666666666666,2002.0,4307.84,1892.72,679.71,1719.68,339.4,1185.88,5.13
1,129.0,30.3736,30.159200000000002,27.2472,95.17620000000001,25.275999999999996,16.323,18.7106,7.782,2002.0,129.0,2.5035999999999996,23.236800000000002,0.0,48.85080000000001,11.2016,1.4015999999999997,7.8736,2.3253999999999997,2002.0,129.0,20.887173333333333,27.008266666666664,7.5609466666666645,71.98138666666667,17.77041333333333,7.622373333333333,12.628213333333333,4.175973333333334,2002.0,4416.16,2148.89,704.18,1937.21,333.95,1283.11,7.65
2,145.0,31.703200000000002,32.3774,15.117,83.9746,30.525199999999998,18.022,23.5926,6.377599999999999,2002.0,145.0,14.798199999999998,23.5518,0.0,36.5754,15.8494,2.715,9.1424,2.2088,2002.0,145.0,24.78804,28.559306666666668,2.216413333333333,60.09617333333334,22.418786666666662,10.930853333333332,16.502813333333332,3.2019466666666663,2002.0,5580.79,2881.51,595.61,2152.35,312.61,1027.91,0.12
3,161.0,30.9604,34.293800000000005,26.355000000000004,91.3352,30.2108,21.1744,23.5888,5.010800000000001,2002.0,161.0,9.674,28.8626,0.0,40.70099999999999,20.970399999999998,10.7174,15.8838,1.1356,2002.0,161.0,21.87392,31.380200000000002,4.806546666666667,69.00773333333333,25.367199999999993,15.113733333333332,20.118399999999998,3.0516933333333336,2002.0,7281.11,4088.13,317.98,2529.0,171.88,567.01,5.11
4,177.0,30.309399999999997,34.9826,28.069799999999997,79.662,34.1108,23.4336,27.1042,6.9588,2002.0,177.0,17.4178,30.698600000000003,0.0,41.9258,27.6966,15.2344,22.540599999999998,0.9994000000000001,2002.0,177.0,26.561146666666673,32.68590666666667,3.1606666666666667,65.10864,30.77653333333334,20.33826666666667,25.318826666666666,3.24468,2002.0,7712.87,4925.39,326.82,3075.76,182.62,636.36,2.55
5,193.0,29.107999999999997,35.8556,21.3764,85.68039999999999,34.042,22.455000000000002,26.864199999999997,4.379200000000001,2002.0,193.0,8.7154,28.916,0.0,58.134,23.3876,13.9492,18.9358,0.841,2002.0,193.0,21.695893333333338,32.956626666666665,2.939573333333333,72.53030666666666,28.67728,18.36906666666667,23.322066666666668,2.0678666666666663,2002.0,7648.32,4741.83,329.18,2966.22,179.96,669.44,5.11
6,209.0,28.823800000000002,35.425000000000004,25.068999999999996,83.7726,33.3398,23.618000000000002,27.2152,3.8636,2002.0,209.0,12.159199999999998,29.2486,0.0,64.00919999999999,24.349000000000004,13.253400000000001,19.2148,1.3306,2002.0,209.0,21.954586666666664,33.43998666666666,4.864813333333332,73.34329333333334,29.136333333333333,19.173239999999996,23.80704,2.689026666666666,2002.0,7752.78,4740.42,323.24,2901.92,186.14,623.7,0.02
7,225.0,27.5524,33.8234,21.284599999999998,86.2902,30.988800000000005,20.4308,24.067,5.5466,2002.0,225.0,6.584199999999999,27.993199999999998,0.0,55.982600000000005,22.3958,9.0084,16.838,1.1722000000000001,2002.0,225.0,20.263213333333333,31.03628,5.977973333333333,67.40085333333332,26.402546666666666,14.696226666666668,20.686933333333336,2.8112266666666668,2002.0,7664.4,4507.05,336.19,2772.6,192.0,641.0,0.02
8,241.0,24.695,35.5068,14.820200000000002,90.1232,30.5546,22.515,24.287799999999997,4.466200000000001,2002.0,241.0,15.0622,27.7548,0.0,55.421600000000005,23.928600000000003,11.3704,19.0726,1.2926,2002.0,241.0,19.66628,31.577866666666665,1.9781733333333333,75.18628,26.755186666666674,17.037106666666666,21.600493333333333,2.12092,2002.0,7442.41,4170.89,310.7,2574.4,165.39,616.87,5.34
9,257.0,23.1806,33.0156,19.906,88.828,34.4988,20.5454,26.044,4.0986,2002.0,257.0,5.9816,25.771,0.0,45.5652,19.646,7.0448,15.574399999999999,1.2324000000000002,2002.0,257.0,15.078546666666664,30.411679999999997,3.0858428571428576,66.72041333333334,25.065933333333334,13.825333333333335,19.41646666666666,2.45756,2002.0,7335.74,3888.27,342.98,2404.15,187.73,634.7,0.0
10,273.0,19.660600000000002,32.0468,15.129999999999999,92.739,27.1836,19.4676,22.2436,6.3078,2002.0,273.0,3.0782000000000003,26.0714,0.0,43.0048,12.837,0.794,7.4858,1.206,2002.0,273.0,12.039613333333334,29.508346666666668,2.618733333333334,68.25261333333333,20.253413333333334,9.464599999999997,14.663413333333331,3.3322000000000003,2002.0,5783.88,3536.35,713.73,2708.83,436.36,930.15,0.99
11,289.0,17.3032,29.7108,6.0194,78.1206,23.443,11.4148,16.791200000000003,4.6874,2002.0,289.0,4.0882000000000005,21.403,0.0,44.1424,4.2892,-1.4036,1.661,1.4740000000000002,2002.0,289.0,11.754013333333333,25.526066666666665,1.0945600000000002,62.59076,13.02608,4.020253333333334,8.382053333333333,3.1253199999999994,2002.0,3619.76,1886.44,1437.67,2464.73,1226.15,1292.93,2.15
12,305.0,13.104400000000002,27.290599999999998,19.8112,94.32920000000001,14.028000000000002,6.900399999999999,9.0606,5.1494,2002.0,305.0,3.3212,21.7916,0.0,56.4282,-0.20440000000000003,-4.9896,-2.6361999999999997,1.5904000000000003,2002.0,305.0,7.52164,24.605359999999997,4.2670615384615385,81.65976,5.604773333333333,-0.08257333333333336,2.636186666666667,2.9448533333333335,2002.0,3568.64,1772.61,1382.69,2355.03,1081.66,745.34,1.72
