,DOY,INSgdmax,RADmax,RAINmax,RHmax,TMAXmax,TMINmax,Tmax,WINDmax,YEAR,DOY,INSgdmin,RADmin,RAINmin,RHmin,TMAXmin,TMINmin,Tmin,WINDmin,YEAR,DOY,INSgdmean,RADmean,RAINmean,RHmean,TMAXmean,TMINmean,Tmean,WINDmean,YEAR,NDVI,EVI,RED,NIR,BLUE,MIR,pixrel
0,113.0,26.967799999999997,31.7455,53.681200000000004,91.667,27.149700000000003,18.9469,22.253,6.0687,2002.0,113.0,2.5884,25.735500000000002,0.0,45.1362,7.3667,-0.21649999999999997,4.8283000000000005,1.3416,2002.0,113.0,15.418279999999998,28.483340000000005,7.21096,76.69218666666666,15.832226666666669,7.397366666666667,11.46536,4.040026666666666,2002.0,4626.42,1734.16,428.38,1289.58,246.23,757.86,0.09
1,129.0,29.514599999999998,30.871100000000002,38.0583,95.16460000000001,25.7691,17.092399999999998,19.2365,6.792000000000001,2002.0,129.0,1.7003,23.6347,0.0,50.64960000000001,12.3187,2.4281,8.5218,2.1184000000000003,2002.0,129.0,20.190159999999995,27.594653333333333,10.03429333333333,73.55308666666666,18.48755333333333,8.596026666666667,13.478846666666668,3.92914,2002.0,4617.78,1830.97,436.49,1381.75,232.63,852.95,2.56
2,145.0,30.732999999999997,32.026700000000005,8.5076,83.2728,29.5465,19.249299999999998,24.1543,5.508199999999999,2002.0,145.0,11.020500000000002,24.820600000000002,0.0,41.0004,15.387,1.8886999999999996,8.767700000000001,2.1212,2002.0,145.0,23.138033333333333,29.086953333333334,1.182106666666667,65.70111333333332,21.856313333333333,10.80526,16.246,2.9619266666666673,2002.0,5168.1,2264.28,443.6,1598.67,256.31,739.38,0.12
3,161.0,31.4444,34.8581,22.8554,89.9125,30.963700000000003,21.7917,24.0195,4.6987,2002.0,161.0,7.3751,27.732799999999997,0.0,45.690599999999996,21.3752,10.7576,15.856,1.1137000000000001,2002.0,161.0,21.58432,31.383853333333334,4.72966,70.27734000000001,25.725493333333336,15.27464666666667,20.422226666666663,2.7583199999999994,2002.0,6939.9,3637.73,304.61,2201.52,202.79,532.47,0.13
4,177.0,29.524,34.7508,17.8355,75.7035,35.1496,23.221899999999998,27.052599999999998,5.4934,2002.0,177.0,9.997200000000001,30.9809,0.0,42.5398,27.253,16.0122,22.8565,0.8503,2002.0,177.0,25.030526666666667,32.81010666666666,2.9986800000000002,65.82656666666666,31.005633333333336,20.29646,25.47428666666667,2.6825866666666665,2002.0,7353.65,4000.96,250.56,2343.28,171.25,490.4,0.0
5,193.0,29.0882,35.6947,27.4668,83.2937,33.9795,22.3631,26.9345,4.440799999999999,2002.0,193.0,9.3712,28.4533,0.0,50.709,25.458,14.9402,21.1931,0.8016,2002.0,193.0,22.43128,33.11926666666667,4.14626,64.46868666666666,30.09286,19.2795,24.430839999999996,1.9519333333333333,2002.0,7551.57,4126.98,253.84,2438.59,170.42,471.44,0.14
6,209.0,29.282799999999998,35.8472,18.4193,83.9836,33.65,24.047,27.71,3.4846000000000004,2002.0,209.0,13.1144,30.6853,0.0,64.2279,24.6349,14.421399999999998,20.3257,1.24,2002.0,209.0,21.75194666666667,33.80966666666667,5.582113333333333,73.49456666666669,29.800686666666664,20.15287333333334,24.646060000000006,2.5846133333333334,2002.0,7206.65,3812.07,260.76,2244.16,182.64,473.13,0.0
7,225.0,27.714999999999996,34.409200000000006,21.656399999999998,89.8474,31.048099999999998,20.7984,24.6902,4.714099999999999,2002.0,225.0,7.4837,28.33,0.0,56.3048,24.5231,10.638200000000001,18.581000000000003,1.0865000000000002,2002.0,225.0,20.870586666666675,31.46752,5.812993333333335,67.97999333333334,27.171446666666668,15.921613333333335,21.606613333333335,2.49914,2002.0,7330.43,3546.02,206.62,2013.21,132.35,347.45,0.0
8,241.0,24.8292,36.1186,30.35,88.1555,32.053,23.645400000000002,25.5735,4.5781,2002.0,241.0,13.370399999999998,27.421899999999997,0.0,53.141200000000005,24.588599999999996,13.1523,20.249000000000002,1.1321,2002.0,241.0,19.417080000000002,31.818466666666666,3.08852,71.88220666666668,27.688106666666663,17.736406666666667,22.394826666666663,2.0270933333333336,2002.0,7394.68,3325.74,224.91,1897.3,143.68,370.45,0.42
9,257.0,23.732799999999997,33.7997,13.4083,92.4732,34.328,20.3643,26.045800000000003,3.8888999999999996,2002.0,257.0,7.024,26.246299999999998,0.0,39.7122,19.8723,9.0073,17.2202,0.8208,2002.0,257.0,16.26116,30.622726666666665,2.9299714285714282,65.24396666666667,26.547446666666662,14.910239999999998,20.521046666666667,2.293146666666667,2002.0,6986.49,3154.83,252.59,1832.65,166.94,395.9,0.16
10,273.0,19.678900000000002,33.5236,11.355899999999998,86.9649,28.298799999999996,20.2276,23.5666,6.1908,2002.0,273.0,3.1736,26.186899999999998,0.0,44.503099999999996,13.423300000000001,2.5857,8.4851,1.0897000000000001,2002.0,273.0,12.9584,30.070786666666667,2.2990133333333334,63.57018666666666,21.77497333333334,11.131039999999999,16.405186666666665,3.206053333333334,2002.0,5957.93,2524.12,329.55,1627.05,188.18,356.19,2.63
11,289.0,16.99,29.541400000000003,5.5716,77.5322,24.0479,11.012699999999999,16.8581,4.7097,2002.0,289.0,3.8855,22.207,0.0,37.698600000000006,7.490499999999999,-0.19699999999999998,4.2706,1.1461999999999999,2002.0,289.0,12.29588,25.808906666666665,0.7798599999999999,59.10067333333334,14.45944,5.01408,9.539833333333332,2.8837599999999997,2002.0,5096.23,1978.24,434.23,1440.09,277.93,581.14,3.3
12,305.0,12.9794,27.408099999999997,17.918,94.2587,14.337499999999999,7.7367,10.226899999999999,4.8134,2002.0,305.0,3.1294999999999997,22.1639,0.0,54.467,-0.007900000000000004,-3.6325999999999996,-1.9455,1.56,2002.0,305.0,7.738533333333334,24.939533333333333,3.490223076923077,81.17807333333333,6.424026666666666,0.83604,3.655806666666667,2.9628266666666665,2002.0,4519.85,1830.14,592.76,1503.98,427.24,496.59,1.42
