,DOY,INSgdmax,RADmax,RAINmax,RHmax,TMAXmax,TMINmax,Tmax,WINDmax,YEAR,DOY,INSgdmin,RADmin,RAINmin,RHmin,TMAXmin,TMINmin,Tmin,WINDmin,YEAR,DOY,INSgdmean,RADmean,RAINmean,RHmean,TMAXmean,TMINmean,Tmean,WINDmean,YEAR,NDVI,EVI,RED,NIR,BLUE,MIR,pixrel
0,113.0,26.705,31.6658,18.9555,92.07529999999998,25.010099999999998,17.840500000000002,21.3354,5.979500000000001,2002.0,113.0,2.6888999999999994,24.026600000000002,0.0,44.784,3.5173000000000005,-1.9862,1.883,1.4394,2002.0,113.0,16.018780000000003,27.144586666666672,3.0476666666666667,73.88473333333333,12.885159999999999,4.1911000000000005,8.671233333333333,3.94836,2002.0,3918.67,1720.42,727.5,1647.33,354.33,1420.66,0.0
1,129.0,29.680100000000003,29.5669,15.473,97.41629999999999,22.377799999999997,14.5301,16.938499999999998,7.052300000000001,2002.0,129.0,2.5107999999999997,23.3458,0.0,39.412499999999994,8.9058,-2.2514,5.979699999999999,1.9929999999999999,2002.0,129.0,19.981993333333335,26.430906666666665,4.02704,71.16002666666667,15.422253333333336,5.176959999999999,10.315440000000002,3.7825000000000006,2002.0,4221.19,2060.07,780.05,1910.97,387.91,1490.5,0.0
2,145.0,30.990300000000005,31.761400000000002,17.6754,80.6644,31.814500000000002,16.7373,24.0208,5.4346000000000005,2002.0,145.0,16.827800000000003,22.4439,0.0,34.279300000000006,14.6935,1.559,7.852499999999999,1.9528999999999999,2002.0,145.0,23.813413333333337,28.147859999999994,2.8499600000000003,52.97703333333333,21.959693333333334,10.040233333333333,15.845366666666663,3.2752066666666666,2002.0,5818.87,3231.03,629.87,2409.06,327.76,1158.29,0.15
3,161.0,28.683000000000003,33.6186,23.127200000000002,92.0532,28.4554,20.8839,22.7734,4.1865,2002.0,161.0,5.958,27.6012,0.0,38.7172,15.1069,9.6097,12.3967,1.3032,2002.0,161.0,19.269606666666668,30.91081333333333,4.3514066666666675,67.07765333333333,24.00049333333333,13.738566666666667,18.581979999999998,2.8837533333333334,2002.0,7308.2,4732.16,484.67,3171.64,259.27,959.51,0.0
4,177.0,31.3508,34.7006,35.6484,82.37,33.759299999999996,24.004000000000005,27.360899999999997,6.7184,2002.0,177.0,12.000900000000001,30.5711,0.0,42.777800000000006,25.911299999999997,14.7963,21.3584,0.9913999999999998,2002.0,177.0,24.690526666666667,32.8393,5.593066666666667,63.48775333333334,30.12825333333333,20.665146666666665,25.019873333333337,3.3101666666666665,2002.0,7826.52,4875.31,366.2,3063.99,200.67,746.23,0.52
5,193.0,30.338900000000002,35.694199999999995,18.637,82.93860000000001,33.9907,21.9298,26.3298,3.9498,2002.0,193.0,5.7579,29.356099999999998,0.0,53.5857,24.1575,12.6302,19.179000000000002,1.1688,2002.0,193.0,22.058826666666665,32.613839999999996,3.2876133333333337,67.26048666666667,28.580946666666666,18.136926666666668,23.1984,2.3350933333333335,2002.0,8112.7,5082.17,318.55,3111.74,177.76,658.08,0.94
6,209.0,29.1436,34.648300000000006,16.966099999999997,88.0498,32.785700000000006,23.151600000000002,26.5604,3.9288,2002.0,209.0,9.3275,28.223999999999997,0.0,60.5744,23.9123,11.9923,18.4431,1.5523,2002.0,209.0,21.370786666666667,32.7467,5.774053333333334,72.45589333333334,28.028753333333327,18.234046666666664,22.70726,2.6233066666666667,2002.0,8178.25,5492.89,339.36,3448.74,185.75,736.12,0.09
7,225.0,27.1603,32.4861,20.4407,86.62650000000001,31.9464,19.8254,24.61,5.8319,2002.0,225.0,7.4071,26.186000000000003,0.0,50.248,22.9128,8.899199999999999,15.632200000000001,1.4290999999999998,2002.0,225.0,22.05214,29.644420000000004,4.480813333333333,61.74456,26.061413333333334,14.489179999999998,20.121053333333336,2.9776866666666666,2002.0,8161.46,4965.6,301.31,3005.13,165.31,662.33,0.0
8,241.0,24.1164,34.8569,15.9118,89.309,29.936100000000003,20.112899999999996,23.0509,4.0245,2002.0,241.0,7.340199999999999,27.5542,0.0,58.8193,23.595200000000002,12.237100000000002,19.05,1.2769000000000001,2002.0,241.0,18.600106666666665,31.329706666666667,2.87548,72.91364666666666,26.20066666666667,16.63554,21.124619999999993,2.190666666666666,2002.0,8056.45,4716.68,302.86,2847.46,165.88,654.25,0.0
9,257.0,22.2358,33.1974,26.644599999999997,89.82130000000001,33.808899999999994,21.6339,26.5941,3.4445,2002.0,257.0,4.5988999999999995,25.8081,0.0,45.570699999999995,18.9863,8.334499999999998,14.4823,1.7686,2002.0,257.0,15.017693333333334,30.11261333333333,4.015471428571429,62.672500000000014,24.415313333333334,14.2694,19.280606666666667,2.700506666666666,2002.0,7621.16,4134.07,336.71,2525.6,184.12,628.11,0.0
10,273.0,19.409399999999998,31.6475,21.431399999999996,92.5178,26.151699999999998,18.1669,21.1849,5.39,2002.0,273.0,3.2236,25.6192,0.0,45.523500000000006,10.2735,0.7954,6.3637,1.4566999999999999,2002.0,273.0,9.73812,29.30735333333333,4.483186666666667,70.99602666666667,17.706813333333336,8.320446666666669,12.776173333333332,3.0883399999999996,2002.0,6199.71,3183.91,511.23,2220.88,267.49,786.23,0.48
11,289.0,17.14,29.354200000000002,5.7727,82.39789999999999,21.8929,11.896799999999999,16.3699,4.1642,2002.0,289.0,4.4350000000000005,20.674500000000002,0.0,45.3557,4.1817,-2.8435999999999995,0.37739999999999996,1.6031,2002.0,289.0,10.426386666666668,25.275433333333332,1.3489266666666668,67.57493333333332,11.022359999999999,2.3874999999999993,6.578793333333333,2.9711733333333328,2002.0,5123.51,2571.46,654.79,2058.67,329.87,1041.39,0.45
12,305.0,12.7225,26.4636,14.264399999999998,94.6259,12.3462,5.1015999999999995,7.8643,4.7402999999999995,2002.0,305.0,3.2,20.8258,0.0,55.9674,-0.3761,-5.1818,-3.0051,1.4725,2002.0,305.0,8.521419999999999,23.786826666666663,2.796638461538462,79.69761999999999,4.719226666666668,-0.9944200000000002,1.5691599999999999,2.6759733333333333,2002.0,4471.71,2106.94,845.97,1970.79,509.96,1108.94,0.92
