,DOY,INSgdmax,RADmax,RAINmax,RHmax,TMAXmax,TMINmax,Tmax,WINDmax,YEAR,DOY,INSgdmin,RADmin,RAINmin,RHmin,TMAXmin,TMINmin,Tmin,WINDmin,YEAR,DOY,INSgdmean,RADmean,RAINmean,RHmean,TMAXmean,TMINmean,Tmean,WINDmean,YEAR,NDVI,EVI,RED,NIR,BLUE,MIR,pixrel
0,113.0,27.262700000000002,32.8091,57.495999999999995,91.09700000000001,25.8899,19.0435,21.6531,7.122300000000001,2002.0,113.0,4.0698,24.8185,0.0,37.859700000000004,8.2749,-1.0344,6.0112,1.3079999999999998,2002.0,113.0,15.856433333333332,28.491939999999992,7.604606666666667,76.12638,16.664993333333335,6.929260000000001,11.78292,4.157913333333332,2002.0,6364.39,4180.37,682.07,3101.1,366.53,1299.04,0.07
1,129.0,29.879800000000003,31.021,35.510799999999996,94.08880000000002,25.4854,16.4631,19.461899999999996,7.4322,2002.0,129.0,2.6938,23.2352,0.0,51.6994,12.7521,2.4278999999999997,8.1496,2.1837,2002.0,129.0,20.79714,27.30410666666667,8.709466666666664,72.91256666666668,18.795120000000004,8.454073333333334,13.577013333333333,4.1132333333333335,2002.0,7091.42,4835.57,565.36,3359.86,309.86,1063.31,0.0
2,145.0,31.2773,32.7633,21.259,84.9543,30.2229,19.551,24.029900000000005,6.898199999999999,2002.0,145.0,9.989799999999999,24.830600000000004,0.0,37.8057,16.9742,2.9293000000000005,9.694600000000001,1.7395,2002.0,145.0,25.411433333333335,28.946153333333335,3.747806666666667,63.47303333333333,22.688293333333334,11.278,16.835406666666664,3.0840466666666666,2002.0,7771.98,5738.3,479.71,3865.06,269.48,955.18,0.27
3,161.0,32.3454,35.0604,22.917,92.48100000000001,29.285200000000003,21.5544,23.6356,5.3081,2002.0,161.0,9.0543,28.9613,0.0,48.6046,22.782399999999996,11.4573,17.0408,1.2249999999999999,2002.0,161.0,21.88914666666667,31.705893333333332,4.311026666666666,70.27991333333334,26.13220666666667,16.071079999999995,20.856633333333335,3.1660466666666665,2002.0,7768.25,5590.67,463.91,3722.71,257.85,998.78,0.05
4,177.0,30.8383,35.2102,18.4756,76.7689,33.65989999999999,23.1713,26.6149,6.852,2002.0,177.0,18.3474,30.7129,0.0,44.1893,27.6873,15.883500000000002,23.034599999999998,1.3166000000000002,2002.0,177.0,25.886113333333334,32.848306666666666,2.3180799999999997,66.13306,30.73124,20.19536666666667,25.25118,3.266593333333333,2002.0,7142.04,4849.99,564.09,3371.86,306.33,1124.0,0.56
5,193.0,29.2393,36.0911,23.927999999999997,92.40880000000001,32.532,22.7935,27.0004,3.6319,2002.0,193.0,6.4587,28.94,0.0,58.637,22.138,14.3277,19.3533,0.9342,2002.0,193.0,20.81739333333333,33.22410666666667,4.200239999999999,74.56962000000001,28.583399999999997,18.94478,23.60232,1.9561400000000004,2002.0,6892.82,4838.14,646.67,3513.36,346.38,1293.58,0.0
6,209.0,28.531100000000002,35.7104,14.2653,82.1789,33.931200000000004,23.5121,27.6462,4.1658,2002.0,209.0,10.015799999999999,30.230999999999998,0.0,62.785900000000005,24.5084,14.4474,19.7285,1.4968000000000001,2002.0,209.0,22.715493333333328,33.53082,3.852293333333334,72.38164666666665,29.848239999999997,19.87187333333333,24.510379999999998,2.8258799999999997,2002.0,6809.29,4363.47,573.68,3054.03,306.21,1237.13,0.61
7,225.0,27.707700000000003,35.1335,23.186,86.2058,30.8473,21.162399999999998,24.446199999999997,4.8756,2002.0,225.0,5.7818000000000005,28.775600000000004,0.0,54.394999999999996,20.6507,10.104099999999999,17.4715,1.0238,2002.0,225.0,18.605653333333336,31.982620000000004,5.70768,71.37412,26.39502,15.80884,21.25902666666667,2.851446666666666,2002.0,7047.82,4430.27,523.13,3022.32,279.17,1082.06,0.27
8,241.0,24.3946,35.722300000000004,17.3771,90.2244,30.777699999999996,23.4795,25.113599999999998,4.5259,2002.0,241.0,15.776399999999999,29.0383,0.0,56.2327,24.031100000000002,12.6505,19.4134,1.3395000000000001,2002.0,241.0,20.439519999999995,32.172646666666665,1.7431800000000002,75.90724666666667,26.983073333333333,17.53846,22.018066666666666,2.1442466666666666,2002.0,7280.57,4687.27,491.56,3133.25,267.88,1072.36,0.0
9,257.0,23.4458,33.181400000000004,23.093400000000003,90.03139999999999,33.237,19.9771,24.872099999999996,4.6992,2002.0,257.0,6.2698,26.9692,0.0,44.3442,20.7669,7.1768,15.7317,0.7705,2002.0,257.0,15.868573333333334,30.86399333333333,3.0759999999999996,69.71174,25.062373333333333,14.080866666666669,19.427406666666666,2.4688933333333334,2002.0,6613.45,4069.68,580.12,2862.18,311.38,1205.7,0.0
10,273.0,20.3281,32.808899999999994,16.2115,91.94550000000001,28.5749,19.5201,23.113599999999998,6.0694,2002.0,273.0,3.6914000000000002,25.8008,0.0,44.5876,15.0425,0.9066,8.4337,1.2715,2002.0,273.0,13.851093333333331,29.51538,2.8700533333333333,66.26856666666667,21.57400666666667,9.922079999999998,15.510733333333333,3.3437200000000002,2002.0,6311.33,3572.79,568.19,2525.81,300.1,1189.61,0.0
11,289.0,17.4906,29.7121,12.170399999999999,83.4194,23.937,11.011,16.9437,4.5313,2002.0,289.0,4.6925,22.3356,0.0,43.9486,3.4288999999999996,-1.9247999999999998,1.902,1.2550000000000001,2002.0,289.0,12.851326666666665,25.714253333333332,1.9862866666666663,64.31696666666666,13.76472,4.278006666666666,8.804799999999998,3.022946666666666,2002.0,5422.54,3038.43,718.55,2421.36,365.85,1420.99,0.03
12,305.0,13.2806,27.451999999999998,22.954,93.2333,14.6949,7.388599999999999,9.3749,5.08,2002.0,305.0,3.2281,22.4177,0.0,61.9966,0.12369999999999999,-4.8193,-2.6192,1.6806999999999999,2002.0,305.0,7.0025200000000005,25.07420666666667,5.048584615384616,83.36662,5.9830733333333335,0.38196000000000013,3.0339133333333335,2.97818,2002.0,4737.11,2655.77,837.12,2351.21,420.82,1611.28,0.01
