,DOY,INSgdmax,RADmax,RAINmax,RHmax,TMAXmax,TMINmax,Tmax,WINDmax,YEAR,DOY,INSgdmin,RADmin,RAINmin,RHmin,TMAXmin,TMINmin,Tmin,WINDmin,YEAR,DOY,INSgdmean,RADmean,RAINmean,RHmean,TMAXmean,TMINmean,Tmean,WINDmean,YEAR,NDVI,EVI,RED,NIR,BLUE,MIR,pixrel
0,113.0,27.310499999999998,31.1172,29.8572,90.6917,24.8756,18.6948,21.0952,7.713699999999999,2002.0,113.0,3.3811,24.7309,0.0,37.792500000000004,5.7706,-1.2419,4.0438,1.1056,2002.0,113.0,16.41018,27.818173333333334,4.044546666666667,74.90155999999999,14.912133333333331,5.711500000000001,10.31326,4.486559999999999,2002.0,4353.38,1958.94,674.81,1711.88,342.91,1277.47,0.0
1,129.0,29.8561,30.7466,21.0516,94.57570000000001,25.6732,14.604,18.0163,8.2699,2002.0,129.0,2.7721,22.960499999999996,0.0,49.694599999999994,11.2149,1.6438,7.6843,2.1877,2002.0,129.0,20.37553333333333,26.96971333333333,5.523406666666666,71.90047333333332,17.61044,7.158493333333333,12.335500000000001,4.42574,2002.0,4478.42,1993.14,633.05,1681.87,325.32,1073.39,0.0
2,145.0,31.3403,32.2726,21.5116,83.745,31.1834,17.8065,23.859900000000003,7.7966,2002.0,145.0,14.4039,24.244799999999998,0.0,33.8165,15.599799999999998,3.3689999999999998,9.7272,2.0229,2002.0,145.0,25.152633333333334,28.625713333333337,3.3544600000000004,58.041313333333335,22.70569333333333,11.038473333333332,16.759673333333332,3.444306666666667,2002.0,4981.44,2457.12,644.8,1960.9,337.81,1156.68,0.14
3,161.0,31.5978,34.274100000000004,20.439300000000003,93.60579999999999,30.344099999999997,20.5121,24.1669,5.6137,2002.0,161.0,11.7516,29.033600000000003,0.0,41.6332,20.8658,10.522599999999999,16.1537,1.4484000000000001,2002.0,161.0,22.128026666666667,31.550913333333334,4.363626666666666,68.60742,25.627093333333335,15.358340000000002,20.21148,3.514213333333333,2002.0,7291.03,4028.58,382.34,2524.43,216.93,705.45,0.0
4,177.0,31.222900000000003,35.1199,17.635599999999997,79.5213,33.4526,22.9297,26.959000000000003,7.9687,2002.0,177.0,21.1946,30.631000000000004,0.0,47.354,27.567899999999998,15.1356,22.5479,1.5047000000000001,2002.0,177.0,27.138740000000002,32.67364,1.9079666666666666,65.54656,30.59251333333333,20.149926666666666,25.06139333333334,3.867773333333334,2002.0,7769.24,4562.84,343.99,2806.59,194.01,678.95,0.04
5,193.0,28.8271,35.8781,25.729599999999998,92.26859999999999,33.0772,22.4957,26.599,4.1589,2002.0,193.0,5.3882,28.846000000000004,0.0,60.239599999999996,21.8152,13.802800000000001,18.3655,0.9218,2002.0,193.0,21.669813333333334,32.89,4.61676,75.69496666666667,28.092646666666667,18.34158,23.05223333333333,2.1829400000000003,2002.0,7837.9,4633.59,343.31,2849.82,193.74,702.16,0.0
6,209.0,28.914500000000004,35.4805,15.770000000000001,85.04339999999999,34.2296,23.186799999999998,26.860300000000002,4.7694,2002.0,209.0,13.9246,29.6425,0.0,60.2765,24.2802,12.2692,18.621000000000002,1.6031,2002.0,209.0,22.912073333333332,33.262526666666666,3.1887266666666667,70.5152,29.820819999999998,18.7643,23.78731333333333,3.0662999999999996,2002.0,7824.37,4359.72,322.91,2631.98,180.79,648.07,0.0
7,225.0,27.822499999999998,34.217600000000004,21.203200000000002,86.7919,31.294400000000003,20.296100000000003,24.018299999999996,5.8744,2002.0,225.0,8.2366,28.2329,0.0,53.6027,21.180500000000002,7.191,15.7853,1.0181,2002.0,225.0,20.039900000000003,30.9039,6.37838,69.04054,25.96572,14.335393333333334,20.231653333333334,3.24102,2002.0,7523.45,4088.73,358.43,2517.12,200.49,701.15,0.0
8,241.0,24.275100000000002,35.149,11.024500000000002,93.2857,29.601,22.251400000000004,23.8536,4.7628,2002.0,241.0,12.418,28.620400000000004,0.0,59.5787,22.8452,11.4057,18.1799,1.1885,2002.0,241.0,19.53276,31.814786666666663,1.6812666666666667,78.36730666666666,26.077546666666663,16.944193333333335,21.233799999999995,2.3448333333333333,2002.0,7414.19,3751.33,335.73,2286.39,187.91,653.47,0.01
9,257.0,22.712600000000002,33.046499999999995,19.6288,91.4878,32.1824,19.8546,24.4777,4.668699999999999,2002.0,257.0,5.5586,26.419800000000002,0.0,48.50309999999999,19.537599999999998,7.1989,14.3503,1.1124,2002.0,257.0,15.331153333333335,30.530920000000002,2.889735714285714,69.51011999999999,24.21082666666667,13.201546666666665,18.531546666666667,2.7648199999999994,2002.0,6929.66,3481.65,405.58,2218.2,221.97,781.25,0.0
10,273.0,19.2587,31.636,20.7781,93.3032,27.815200000000004,18.9037,22.3493,6.395099999999999,2002.0,273.0,3.3908000000000005,26.0811,0.0,48.2616,12.941100000000002,0.3596,7.5276,1.7745000000000002,2002.0,273.0,11.706993333333333,29.246833333333335,3.56332,69.98505333333333,19.4117,8.685686666666665,13.747853333333332,3.600573333333333,2002.0,5961.87,2724.55,480.57,1884.16,257.16,756.19,0.21
11,289.0,17.0207,29.407,10.646999999999998,81.49799999999999,22.6222,12.0072,16.713900000000002,5.1142,2002.0,289.0,5.1953,22.084200000000003,0.0,46.8086,2.2422,-1.969,0.328,1.63,2002.0,289.0,11.5519,25.52322666666667,1.8473866666666667,66.67864,12.221580000000003,3.9409799999999997,7.805553333333333,3.469333333333333,2002.0,4662.24,2028.67,651.86,1703.82,363.9,992.03,0.95
12,305.0,12.843499999999999,26.5948,21.0039,93.5326,13.6264,5.5638,8.061399999999999,5.6655999999999995,2002.0,305.0,3.3950000000000005,21.6817,0.0,58.443799999999996,-0.9968999999999999,-5.8376,-3.422,1.6755,2002.0,305.0,7.5796133333333335,24.356906666666664,4.240538461538462,82.97038,4.76212,-0.7679199999999999,1.8372933333333332,3.1257400000000004,2002.0,4404.78,1830.03,620.44,1557.5,332.54,905.41,0.59
