,DOY,INSgdmax,RADmax,RAINmax,RHmax,TMAXmax,TMINmax,Tmax,WINDmax,YEAR,DOY,INSgdmin,RADmin,RAINmin,RHmin,TMAXmin,TMINmin,Tmin,WINDmin,YEAR,DOY,INSgdmean,RADmean,RAINmean,RHmean,TMAXmean,TMINmean,Tmean,WINDmean,YEAR,NDVI,EVI,RED,NIR,BLUE,MIR,pixrel
0,113.0,26.937,31.602500000000003,49.378,91.645,26.9055,19.0635,22.275,6.1105,2002.0,113.0,2.8259999999999996,25.592499999999998,0.0,44.243,7.3205,-0.44749999999999995,4.7645,1.324,2002.0,113.0,15.528866666666666,28.4301,7.112400000000001,76.43346666666666,15.87006666666667,7.336500000000001,11.4724,4.032399999999999,2002.0,4620.55,1723.24,457.84,1358.55,226.16,921.13,5.15
1,129.0,29.959,30.8865,34.2545,94.949,25.9165,17.066,19.247500000000002,6.88,2002.0,129.0,1.7245,23.500500000000002,0.0,50.544000000000004,12.360499999999998,2.4215,8.447,2.136,2002.0,129.0,20.43773333333333,27.525133333333333,9.80373333333333,73.33763333333333,18.53463333333333,8.5884,13.4787,3.9477666666666664,2002.0,4636.42,1951.78,537.31,1544.28,283.45,1086.78,0.02
2,145.0,30.535,31.9805,10.514000000000001,82.91199999999999,29.557499999999997,19.3395,24.1345,5.583,2002.0,145.0,11.867500000000001,24.869,0.0,40.446000000000005,15.585,2.1505,8.8755,2.218,2002.0,145.0,23.341166666666666,29.012300000000007,1.430266666666667,65.4487,21.93536666666667,10.892233333333332,16.304666666666666,2.9609000000000005,2002.0,5155.97,2262.66,495.49,1660.25,275.8,896.69,0.41
3,161.0,31.286,34.8515,21.531000000000002,90.1875,31.1155,21.855500000000003,24.0525,4.7405,2002.0,161.0,7.7865,27.811999999999998,0.0,45.299,21.648,10.783999999999999,15.9,1.0455,2002.0,161.0,21.742133333333335,31.440466666666666,4.130233333333333,70.12143333333333,25.7824,15.346366666666668,20.47473333333333,2.7694666666666667,2002.0,6694.65,3581.87,351.12,2249.93,207.62,611.44,2.58
4,177.0,29.699999999999996,34.742,16.3725,75.9125,35.044,23.2285,26.968999999999998,5.6209999999999996,2002.0,177.0,10.798000000000002,31.0535,0.0,42.376999999999995,27.275,16.043,22.8675,0.8744999999999999,2002.0,177.0,25.121899999999997,32.808933333333336,3.0242000000000004,65.87716666666667,30.92716666666667,20.274899999999995,25.443633333333334,2.7201333333333335,2002.0,7486.98,4254.25,288.23,2568.04,185.67,592.35,0.01
5,193.0,28.503,35.560500000000005,28.162,83.4455,33.7925,22.466499999999996,26.8575,4.4319999999999995,2002.0,193.0,9.687999999999999,28.4995,0.0,51.875,25.150000000000002,14.883,21.0765,0.7840000000000001,2002.0,193.0,22.475866666666672,33.109,4.5925666666666665,65.42363333333333,29.956899999999997,19.268500000000003,24.351933333333335,1.9416666666666667,2002.0,7782.32,4442.18,283.11,2651.89,186.66,589.73,0.14
6,209.0,29.362,35.768,19.169500000000003,83.61399999999999,33.65,24.025000000000002,27.710000000000004,3.4890000000000003,2002.0,209.0,12.956000000000001,30.8195,0.0,64.4985,24.663500000000003,14.461,20.345500000000005,1.24,2002.0,209.0,21.78186666666667,33.817,5.674366666666666,73.4425,29.7583,20.101100000000006,24.606900000000007,2.5852,2002.0,7472.67,3961.26,261.97,2307.02,178.06,498.91,0.0
7,225.0,27.605,34.418,20.926000000000002,89.491,30.8215,20.816,24.633,4.7515,2002.0,225.0,6.7555,28.33,0.0,56.252,24.6265,10.493,18.515,1.0975000000000001,2002.0,225.0,20.57080000000001,31.516799999999996,5.770900000000002,68.00390000000002,27.1317,15.82686666666667,21.5632,2.5031,2002.0,7601.38,3838.43,248.91,2226.28,157.54,510.6,0.03
8,241.0,24.838,36.079,28.810000000000002,88.2325,32.074999999999996,23.641000000000002,25.562499999999996,4.5715,2002.0,241.0,13.915999999999999,27.4285,0.0,52.578,24.549,13.044499999999998,20.314999999999998,1.0815,2002.0,241.0,19.562866666666668,31.83166666666667,3.0864666666666665,72.13843333333334,27.62826666666666,17.7301,22.363733333333332,2.0224,2002.0,7406.34,3518.82,249.34,2032.71,154.61,449.55,0.57
9,257.0,23.812,33.7755,14.0045,92.43800000000002,34.46,20.3445,26.147,3.8735000000000004,2002.0,257.0,7.200000000000001,26.094499999999996,0.0,39.303000000000004,19.5445,8.7895,17.162999999999997,0.812,2002.0,257.0,16.222733333333334,30.59823333333333,3.189571428571428,65.29016666666665,26.405033333333332,14.812266666666666,20.434366666666666,2.2878666666666665,2002.0,6817.47,3146.86,279.3,1888.1,168.89,476.48,2.62
10,273.0,19.6635,33.374,11.7585,86.99350000000001,28.202,20.254,23.439,6.182,2002.0,273.0,3.024,26.083499999999997,0.0,43.7265,13.4695,2.3855,8.456499999999998,1.0655000000000001,2002.0,273.0,12.887999999999998,30.051133333333333,2.3025333333333333,63.53146666666667,21.70193333333334,11.038933333333333,16.3298,3.205466666666667,2002.0,5031.91,2321.53,643.31,1841.23,482.13,766.73,1.51
11,289.0,16.99,29.581000000000003,5.994,77.123,24.098499999999998,11.0105,16.851500000000005,4.685499999999999,2002.0,289.0,3.7424999999999997,22.185,0.0,37.879,7.237500000000001,-0.39499999999999996,4.099,1.1329999999999998,2002.0,289.0,12.2862,25.769600000000004,0.7832333333333333,59.12076666666667,14.370266666666668,4.9472000000000005,9.477500000000001,2.8937333333333326,2002.0,4381.72,1867.47,806.75,1756.71,660.35,986.76,1.92
12,305.0,12.931000000000001,27.401500000000002,17.389999999999997,94.30050000000001,14.282499999999999,7.6905,10.1235,4.721,2002.0,305.0,3.1624999999999996,22.2585,0.0,54.445,-0.0585,-3.7689999999999997,-2.0225,1.5600000000000003,2002.0,305.0,7.718000000000001,24.926333333333336,3.604115384615384,81.32576666666665,6.357733333333334,0.8099333333333335,3.6011,2.9463999999999992,2002.0,2980.87,1674.88,1448.53,2374.2,1316.81,476.83,2.5
