,DOY,INSgdmax,RADmax,RAINmax,RHmax,TMAXmax,TMINmax,Tmax,WINDmax,YEAR,DOY,INSgdmin,RADmin,RAINmin,RHmin,TMAXmin,TMINmin,Tmin,WINDmin,YEAR,DOY,INSgdmean,RADmean,RAINmean,RHmean,TMAXmean,TMINmean,Tmean,WINDmean,YEAR,NDVI,EVI,RED,NIR,BLUE,MIR,pixrel
0,113.0,26.904,32.348,32.346000000000004,90.86999999999999,24.773999999999997,18.594,20.740000000000002,8.206,2002.0,113.0,3.82,24.47,0.0,32.984,7.298000000000001,-0.166,5.522,1.334,2002.0,113.0,15.918133333333333,28.184666666666672,4.401066666666667,75.2748,15.823599999999999,6.351466666666666,11.157599999999999,4.5656,2002.0,5003.27,2997.33,840.91,2562.34,441.91,1749.44,0.16
1,129.0,29.866,30.996000000000002,18.682,94.336,26.068000000000005,15.39,18.622,7.754,2002.0,129.0,1.9020000000000001,23.125999999999998,0.0,50.403999999999996,12.084,2.206,7.911999999999999,2.012,2002.0,129.0,20.302799999999998,27.11173333333333,5.627333333333333,72.06573333333333,18.506933333333336,7.6437333333333335,12.997866666666667,4.373066666666666,2002.0,5465.08,3645.29,889.35,3056.03,464.34,2071.93,0.02
2,145.0,30.980000000000004,32.739999999999995,25.536,84.726,30.72,19.503999999999998,23.964,8.362,2002.0,145.0,12.176000000000002,25.812000000000005,0.0,32.646,16.0,3.8340000000000005,10.404,1.5819999999999999,2002.0,145.0,25.117599999999996,29.011066666666665,3.433066666666667,60.89399999999999,22.95493333333333,11.307866666666666,17.000799999999998,3.3721333333333336,2002.0,6047.01,4114.85,786.87,3222.28,417.33,1832.81,0.15
3,161.0,32.016,34.694,19.122,95.422,30.79,20.578,24.36,5.917999999999999,2002.0,161.0,12.437999999999999,29.150000000000002,0.0,46.13,22.177999999999997,11.658,17.206,1.67,2002.0,161.0,22.687733333333334,31.773333333333333,3.2363999999999997,69.04253333333334,26.22213333333334,15.855600000000003,20.704800000000002,3.663866666666667,2002.0,6679.57,4722.7,693.11,3501.54,371.7,1615.45,0.73
4,177.0,30.646,35.202000000000005,8.218,78.32600000000001,33.432,22.488,27.104000000000003,7.9639999999999995,2002.0,177.0,19.82,30.703999999999997,0.0,48.077999999999996,27.087999999999997,15.994000000000002,22.734,1.8459999999999999,2002.0,177.0,27.0516,32.67186666666667,0.6062666666666667,65.59666666666668,30.754666666666665,19.970000000000002,25.038266666666665,4.033333333333334,2002.0,6891.89,4816.76,638.33,3476.46,343.56,1364.04,0.35
5,193.0,27.424,35.922,22.314,94.37,33.952,22.549999999999997,27.148,3.398,2002.0,193.0,7.776,29.236,0.0,57.466,21.174,14.706,18.896,0.678,2002.0,193.0,21.599866666666667,33.108533333333334,3.950666666666667,74.11080000000001,28.752266666666664,18.822000000000003,23.55106666666666,2.2060000000000004,2002.0,7064.08,4759.7,558.43,3302.57,300.4,1185.74,0.02
6,209.0,28.732,35.418,15.186000000000002,78.58,34.768,23.08,27.464,4.744,2002.0,209.0,10.354000000000001,31.296,0.0,56.22,25.36,12.38,19.456000000000003,1.532,2002.0,209.0,23.3476,33.3492,3.5616,67.40386666666666,30.816666666666663,19.27613333333333,24.526666666666667,3.2608,2002.0,7341.99,5259.28,550.01,3648.84,298.71,1141.87,0.52
7,225.0,27.771999999999995,35.314,25.652,89.988,31.310000000000002,21.136,24.733999999999998,5.3020000000000005,2002.0,225.0,9.648,28.192,0.0,49.946,21.598,7.238000000000001,16.436,1.102,2002.0,225.0,19.859466666666666,31.443999999999996,8.550666666666668,70.46053333333334,26.400399999999998,15.067466666666668,20.767866666666666,3.286266666666667,2002.0,7692.72,5011.51,407.99,3224.34,221.65,837.71,0.01
8,241.0,24.376,34.83,9.918,92.792,29.876,22.712,24.233999999999998,4.774,2002.0,241.0,14.043999999999999,28.768,0.0,59.980000000000004,23.536,11.636,18.456000000000003,1.0779999999999998,2002.0,241.0,19.815866666666665,32.077600000000004,1.4344,79.01426666666666,26.400666666666666,17.242933333333333,21.52013333333333,2.3703999999999996,2002.0,7163.39,4859.62,548.93,3360.27,294.99,1111.68,0.0
9,257.0,23.351999999999997,32.92,22.118,92.42999999999999,31.456,19.656,24.36,4.916,2002.0,257.0,4.7459999999999996,25.656,0.0,49.764,19.344,7.338,14.326,0.79,2002.0,257.0,15.780933333333332,30.414800000000007,3.448857142857143,72.10853333333333,23.907733333333336,13.2392,18.39493333333333,2.8269333333333324,2002.0,5772.21,3302.43,664.25,2491.23,352.62,1284.43,0.29
10,273.0,20.442,31.904,25.607999999999997,94.42599999999999,29.427999999999997,19.222,23.171999999999997,6.61,2002.0,273.0,4.38,26.168,0.0,48.112,13.420000000000002,0.51,8.24,2.028,2002.0,273.0,12.866933333333334,29.163866666666667,3.6593333333333335,69.44986666666665,20.065066666666663,9.037733333333334,14.153866666666667,3.7236000000000002,2002.0,5202.01,2902.92,730.36,2346.28,378.96,1492.18,0.0
11,289.0,17.06,28.448,11.058,85.40200000000002,22.442,11.826,16.154,5.07,2002.0,289.0,4.896,22.427999999999997,0.0,46.653999999999996,1.022,-1.492,0.096,1.642,2002.0,289.0,12.218533333333335,25.68546666666667,1.9380000000000002,69.24186666666667,12.262533333333332,4.171733333333334,7.914933333333332,3.4489333333333336,2002.0,4749.29,2650.5,815.86,2299.27,423.63,1546.73,0.16
12,305.0,13.759999999999998,26.183999999999997,22.104,95.278,13.916,5.862,8.104000000000001,5.232,2002.0,305.0,3.2079999999999997,21.012,0.0,60.504,-0.8380000000000001,-5.898,-3.5220000000000002,1.9419999999999997,2002.0,305.0,7.406266666666667,24.464266666666663,4.751538461538462,83.91586666666666,5.019466666666667,-0.5530666666666667,1.9866666666666668,3.187066666666667,2002.0,4292.38,2580.45,989.17,2499.3,511.47,1676.54,0.03
