,DOY,INSgdmax,RADmax,RAINmax,RHmax,TMAXmax,TMINmax,Tmax,WINDmax,YEAR,DOY,INSgdmin,RADmin,RAINmin,RHmin,TMAXmin,TMINmin,Tmin,WINDmin,YEAR,DOY,INSgdmean,RADmean,RAINmean,RHmean,TMAXmean,TMINmean,Tmean,WINDmean,YEAR,NDVI,EVI,RED,NIR,BLUE,MIR,pixrel
0,113.0,27.736599999999996,30.738599999999998,32.211200000000005,93.6294,22.435200000000002,13.8934,16.831799999999998,6.0009999999999994,2003.0,113.0,2.7476000000000003,22.9816,0.0,49.7804,8.7466,2.6792,5.878399999999999,1.7395999999999998,2003.0,113.0,15.716306666666668,27.37197333333334,5.49948,71.3904,17.22936,7.3547866666666675,12.0352,4.12996,2003.0,3734.99,2199.97,1111.52,2431.29,534.28,2232.57,0.94
1,129.0,29.453200000000002,30.213600000000003,21.6582,92.3598,24.9526,12.508199999999999,17.1604,8.0624,2003.0,129.0,2.0023999999999997,25.4638,0.0,58.9546,12.710799999999999,5.4132,10.355,1.2024,2003.0,129.0,17.450960000000002,27.976666666666667,4.743013333333334,76.29773333333333,19.196626666666663,9.086506666666667,14.05172,3.9635866666666666,2003.0,4302.55,2769.31,1136.54,2841.87,557.97,2297.37,0.31
2,145.0,31.044999999999998,32.4152,15.469999999999999,81.9692,30.8636,21.1318,25.174999999999997,6.5536,2003.0,145.0,6.8355999999999995,25.39,0.0,30.382800000000003,16.52,6.072000000000001,11.957999999999998,1.2464000000000002,2003.0,145.0,23.0942,29.105733333333333,3.02428,45.640186666666665,24.95728,12.667866666666667,18.976893333333333,3.2558800000000003,2003.0,4708.58,3314.2,1165.33,3253.65,571.28,2593.76,0.06
3,161.0,29.347,33.67100000000001,11.832,72.8498,33.4036,20.132599999999996,26.312,5.1942,2003.0,161.0,5.3182,29.227999999999998,0.0,40.5308,18.4928,7.7638,12.6618,0.7966,2003.0,161.0,21.00969333333333,30.930293333333335,3.085613333333333,55.21133333333334,27.160026666666667,14.527639999999998,20.75597333333333,2.63452,2003.0,5992.02,4032.8,809.69,3211.72,413.74,1750.74,0.0
4,177.0,31.5702,35.46979999999999,22.561,89.8786,34.629400000000004,22.087400000000002,27.007599999999996,6.248600000000001,2003.0,177.0,8.6136,27.8572,0.0,35.3664,23.3266,11.848199999999999,16.805999999999997,1.0968,2003.0,177.0,25.299453333333332,31.62613333333333,5.624653333333333,65.03487999999999,28.863533333333333,16.85932,22.63809333333333,4.012173333333334,2003.0,6932.2,5072.64,682.17,3756.14,356.07,1493.93,0.0
5,193.0,30.8218,36.3264,13.340399999999999,87.2542,35.199200000000005,23.0554,28.3784,5.275200000000001,2003.0,193.0,15.3262,29.9986,0.0,50.205799999999996,25.223,13.213799999999999,20.5806,1.798,2003.0,193.0,25.534399999999998,33.114360000000005,1.8740933333333334,67.33205333333333,30.30682666666667,19.344413333333335,24.353320000000004,3.3136800000000006,2003.0,8044.95,6690.29,505.41,4714.3,273.03,1049.05,0.76
6,209.0,28.2504,35.3634,32.9386,72.4836,36.9354,24.6704,29.3312,6.518400000000001,2003.0,209.0,8.0952,29.631999999999998,0.0,43.5838,25.187199999999997,13.3778,19.5906,0.9736,2003.0,209.0,22.709120000000002,32.377613333333336,4.00108,56.05544,30.587653333333332,17.64912,23.910986666666666,2.978746666666667,2003.0,8249.06,6320.78,389.66,4179.93,212.51,886.96,0.11
7,225.0,26.9218,35.8356,10.354800000000001,67.6342,37.4996,24.343200000000003,30.222,4.5356,2003.0,225.0,15.9864,30.1618,0.0,41.1298,28.0362,15.9422,22.4,1.0218,2003.0,225.0,22.59744,32.84230666666667,1.4135866666666668,56.65684,32.12685333333334,19.515933333333336,25.631293333333332,2.702786666666666,2003.0,7704.5,5173.11,428.35,3374.93,230.15,907.45,0.0
8,241.0,25.0636,34.9352,7.7268,73.98400000000001,36.47760000000001,21.754599999999996,28.983200000000004,4.2496,2003.0,241.0,4.8004,26.9996,0.0,45.085800000000006,20.344800000000003,10.575,17.334,1.1502000000000001,2003.0,241.0,20.714906666666664,31.182026666666665,1.5295866666666669,58.83558666666667,29.25574666666667,16.721746666666665,22.686866666666674,2.9694933333333333,2003.0,6971.89,4506.15,558.61,3146.41,283.39,1072.77,0.0
9,257.0,23.273199999999996,34.550200000000004,30.3452,85.013,29.799,20.2226,24.569000000000003,7.700200000000001,2003.0,257.0,4.1652000000000005,27.068399999999997,0.0,46.4002,15.6596,5.4364,9.515199999999998,2.2186,2003.0,257.0,15.724480000000003,30.06716,6.434614285714286,65.69398666666666,23.973386666666666,12.21408,17.918973333333334,4.07108,2003.0,5103.96,2961.46,836.3,2588.01,374.43,1399.21,0.0
10,273.0,19.758599999999998,30.889,6.5998,63.0672,26.532600000000002,13.1476,18.8804,5.9298,2003.0,273.0,7.467400000000001,26.1282,0.0,40.5196,14.112200000000001,2.6618,9.058800000000002,2.2934,2003.0,273.0,16.337133333333334,28.11756,1.1489199999999997,50.58905333333334,20.819026666666666,8.246653333333335,14.208946666666666,3.967133333333334,2003.0,3837.17,2255.41,1156.42,2547.02,521.26,1820.79,0.0
11,289.0,16.6776,31.1136,12.3812,83.9426,27.900199999999998,17.467,20.227800000000002,5.0776,2003.0,289.0,3.4703999999999997,24.5818,0.0,37.9054,14.3158,2.9875999999999996,9.292,1.1913999999999998,2003.0,289.0,12.287266666666666,27.499986666666665,2.15424,57.95585333333332,21.062546666666666,9.360666666666665,14.828000000000003,3.384666666666667,2003.0,3277.4,1986.72,1309.45,2542.34,599.03,1982.22,0.37
12,305.0,12.427200000000001,28.1834,14.7198,92.68540000000002,18.7442,6.0876,10.5186,6.776,2003.0,305.0,1.4496,21.9084,0.0,41.517,-2.4428,-5.8355999999999995,-3.5587999999999997,2.1984,2003.0,305.0,7.771066666666667,25.73029333333333,2.4090800000000003,68.93057333333333,7.429853333333334,0.259986666666667,3.5888266666666664,3.7406933333333336,2003.0,2947.9,1821.88,1381.55,2496.46,679.31,1940.91,0.45
