,DOY,INSgdmax,RADmax,RAINmax,RHmax,TMAXmax,TMINmax,Tmax,WINDmax,YEAR,DOY,INSgdmin,RADmin,RAINmin,RHmin,TMAXmin,TMINmin,Tmin,WINDmin,YEAR,DOY,INSgdmean,RADmean,RAINmean,RHmean,TMAXmean,TMINmean,Tmean,WINDmean,YEAR,NDVI,EVI,RED,NIR,BLUE,MIR,pixrel
0,113.0,28.5394,31.4159,17.054299999999998,84.0958,25.5149,14.100000000000001,19.578300000000002,6.064500000000001,2003.0,113.0,3.0273,22.5497,0.0,36.6471,10.4479,2.7946999999999997,8.6037,1.6828,2003.0,113.0,13.971133333333334,27.426133333333333,5.07354,60.66934666666666,18.6231,8.145593333333334,13.161586666666668,3.7636399999999997,2003.0,4887.33,2108.01,533.84,1625.59,277.75,999.27,0.06
1,129.0,30.7922,31.5588,48.027899999999995,89.52590000000001,23.7299,15.6434,19.168499999999998,8.846,2003.0,129.0,1.0794000000000001,24.6426,0.0,49.3845,14.7488,5.7592,11.229299999999999,1.5109000000000001,2003.0,129.0,16.335166666666666,28.942886666666666,7.799906666666667,74.80953333333333,19.21414,9.374726666666664,14.14660666666667,3.5844599999999995,2003.0,5899.66,2785.32,463.42,1909.69,254.11,834.8,0.07
2,145.0,31.206900000000005,33.1519,9.0947,84.87020000000001,31.0418,19.415000000000003,22.9125,5.664999999999999,2003.0,145.0,9.292300000000001,23.6262,0.0,28.229,17.611,7.1294,13.0913,1.2009,2003.0,145.0,24.44991333333333,27.865106666666662,1.2646599999999997,42.927326666666666,24.127046666666665,12.10276,18.166113333333332,3.13568,2003.0,7039.05,3559.69,341.35,2176.02,206.92,546.6,1.0
3,161.0,28.955999999999996,33.7524,37.3302,80.4942,32.4088,19.378700000000002,24.839,4.9535,2003.0,161.0,11.1475,27.939999999999998,0.0,36.6061,18.7229,10.936499999999999,14.8534,1.1421999999999999,2003.0,161.0,20.00437333333333,30.594426666666664,6.6226,60.41384666666666,25.894506666666665,14.732093333333335,20.14638,2.5735799999999998,2003.0,7638.17,4777.76,351.33,2981.65,214.74,645.04,0.05
4,177.0,32.161199999999994,34.9316,28.919999999999998,76.7089,35.3404,23.5915,28.322700000000005,5.7165,2003.0,177.0,10.2377,25.6779,0.0,33.746700000000004,23.2347,11.2499,19.0332,0.6845,2003.0,177.0,26.10234,31.350773333333336,2.705726666666667,50.56167333333333,30.651160000000004,17.213233333333335,23.916306666666667,3.179713333333334,2003.0,7844.07,4869.18,295.23,2963.38,178.51,582.6,0.02
5,193.0,31.0499,35.8281,36.1958,81.0346,34.5,22.1905,26.9161,4.6655,2003.0,193.0,8.1897,28.8841,0.0,42.9647,22.6104,13.4087,20.3664,1.0613000000000001,2003.0,193.0,22.783913333333334,32.549499999999995,7.930233333333334,63.67856666666667,30.100186666666673,18.859586666666665,24.266186666666666,2.57746,2003.0,7890.03,4806.44,282.91,2895.31,175.1,568.34,0.01
6,209.0,26.500600000000002,35.8807,9.4986,69.9179,37.0917,24.7811,30.1614,5.7919,2003.0,209.0,7.563699999999999,30.243499999999997,0.0,42.307500000000005,26.3837,14.1859,20.920699999999997,0.9644999999999999,2003.0,209.0,22.37652666666667,32.38234,2.123026666666667,54.61528666666666,30.330573333333334,18.85926666666667,24.36413333333333,2.7294066666666668,2003.0,7784.98,4338.56,273.28,2573.06,163.23,495.95,0.61
7,225.0,25.661899999999996,35.4635,2.0397,70.6385,37.367,25.663700000000002,30.661699999999996,3.4067999999999996,2003.0,225.0,13.3505,29.695,0.0,44.6872,28.445500000000003,15.732599999999998,22.0926,1.4954999999999998,2003.0,225.0,22.26180666666667,32.952466666666666,0.2574266666666667,58.163599999999995,32.493126666666676,19.963186666666665,25.767733333333336,2.4459333333333335,2003.0,7854.86,4201.67,248.78,2444.85,151.43,477.35,0.05
8,241.0,24.7787,34.9747,26.5608,68.43599999999999,37.3091,22.2515,29.3699,3.8403,2003.0,241.0,5.724600000000001,26.4285,0.0,41.753,22.7641,10.055700000000002,19.012099999999997,0.9874,2003.0,241.0,20.965486666666667,31.026426666666666,3.7914800000000004,56.11829333333333,29.69934,16.894666666666666,23.092493333333337,2.437966666666666,2003.0,7704.08,4147.25,278.4,2459.12,164.29,529.09,0.03
9,257.0,22.495,34.6903,20.5359,94.58940000000001,31.4203,20.6397,25.0682,4.9024,2003.0,257.0,1.5554000000000001,26.4569,0.0,48.0466,16.9443,5.356,12.7266,1.2426,2003.0,257.0,16.129266666666666,30.472546666666666,3.8655928571428575,62.01620666666667,25.512633333333337,14.399233333333335,20.05146,2.987546666666667,2003.0,7175.36,3309.63,260.53,1935.74,155.16,407.95,2.55
10,273.0,19.369999999999997,30.399700000000003,14.4223,59.5443,26.329700000000003,13.5617,19.1474,5.260999999999999,2003.0,273.0,5.5498,24.9643,0.0,34.0723,11.872,-1.9828000000000001,5.9281,1.3061,2003.0,273.0,15.011493333333334,27.805466666666664,2.18562,49.10694,19.038006666666664,6.762673333333334,12.824546666666667,3.24076,2003.0,5878.03,2600.36,384.09,1694.41,219.99,496.54,0.01
11,289.0,16.9459,31.7935,17.997700000000002,74.19900000000001,28.964800000000004,16.8748,20.927599999999998,5.446199999999999,2003.0,289.0,7.0896,24.866899999999998,0.0,38.475,14.002600000000001,2.106,8.2845,1.612,2003.0,289.0,12.827653333333334,27.650793333333333,2.392,53.65965999999999,20.53586,10.271053333333334,14.917679999999999,3.07668,2003.0,5633.06,2033.63,394.99,1384.78,236.21,638.09,0.08
12,305.0,12.6319,29.8189,11.863,95.4402,23.121699999999997,8.7799,14.4417,6.0604000000000005,2003.0,305.0,0.5131,21.7197,0.0,44.4862,1.3731,-5.5869,-2.3998,1.5616999999999999,2003.0,305.0,7.4587,26.33019333333333,2.3438533333333336,66.33915333333334,10.148873333333334,2.8739266666666663,6.4433533333333335,3.15502,2003.0,3886.88,2164.99,1032.9,2181.42,793.37,491.61,1.67
