,DOY,INSgdmax,RADmax,RAINmax,RHmax,TMAXmax,TMINmax,Tmax,WINDmax,YEAR,DOY,INSgdmin,RADmin,RAINmin,RHmin,TMAXmin,TMINmin,Tmin,WINDmin,YEAR,DOY,INSgdmean,RADmean,RAINmean,RHmean,TMAXmean,TMINmean,Tmean,WINDmean,YEAR,NDVI,EVI,RED,NIR,BLUE,MIR,pixrel
0,113.0,28.3263,31.0752,17.3202,90.3235,25.0567,14.229800000000001,18.426199999999998,5.9851,2003.0,113.0,3.5444999999999998,21.7027,0.0,39.331300000000006,9.5625,2.2157,6.833399999999999,1.8024,2003.0,113.0,14.456999999999997,26.898940000000003,5.1987000000000005,62.25846666666666,17.424766666666667,7.339793333333333,12.164806666666665,3.6474,2003.0,4584.77,2101.89,618.23,1730.81,311.44,1132.19,0.04
1,129.0,30.6338,30.814,38.8784,90.81360000000001,22.8494,14.4834,17.587600000000002,7.9748,2003.0,129.0,1.5085,24.3287,0.0,47.735699999999994,14.014,4.8362,10.654899999999998,1.6328999999999998,2003.0,129.0,16.025666666666666,28.223873333333337,7.243399999999999,74.12315333333333,18.31274,8.602366666666665,13.312686666666668,3.4073466666666663,2003.0,5901.12,3018.04,507.73,2111.21,274.99,893.56,0.25
2,145.0,31.3309,32.801399999999994,10.2449,85.3836,30.336800000000004,18.3142,22.3689,5.3784,2003.0,145.0,8.75,24.4983,0.0,26.793100000000003,16.0865,6.0608,12.439200000000001,1.1753999999999998,2003.0,145.0,24.32616,27.754606666666668,1.51168,42.58127333333333,23.60884666666667,11.529073333333333,17.606019999999997,3.0544933333333333,2003.0,7172.39,3927.45,370.28,2450.72,214.81,633.39,0.97
3,161.0,28.2078,33.0304,22.157799999999998,83.779,32.3484,19.5016,24.4501,4.4321,2003.0,161.0,10.3985,28.2586,0.0,36.839600000000004,17.6267,10.833400000000001,15.133,1.2316,2003.0,161.0,20.304759999999998,30.313579999999998,4.494853333333333,62.24391999999999,25.113646666666664,14.22204,19.468339999999998,2.336593333333333,2003.0,7746.16,5074.53,353.54,3207.33,201.55,670.39,0.03
4,177.0,32.3986,34.7489,24.8209,79.1392,33.969500000000004,22.9767,27.668,5.7187,2003.0,177.0,5.3439,25.3639,0.0,33.3605,22.502299999999998,10.9839,18.461299999999998,0.6759000000000001,2003.0,177.0,25.82820666666667,30.959513333333334,2.9208266666666667,50.84487333333333,29.939946666666675,16.905606666666664,23.371486666666662,3.167886666666667,2003.0,7945.01,5187.28,312.82,3210.95,177.79,645.93,0.03
5,193.0,30.719,35.2405,30.1679,82.6962,33.7094,21.723699999999997,26.665800000000004,4.7213,2003.0,193.0,9.5257,28.4814,0.0,42.5482,21.8658,13.346900000000002,20.025000000000002,0.7986,2003.0,193.0,22.51444,32.35732,5.306466666666666,63.365819999999985,29.37447333333334,18.318493333333333,23.663706666666666,2.5871333333333335,2003.0,8004.93,5238.6,304.35,3238.47,176.06,606.78,0.0
6,209.0,26.4187,35.1503,7.254700000000001,71.2196,36.8042,24.397599999999997,30.0299,5.7541,2003.0,209.0,14.1083,28.949199999999998,0.0,42.2788,26.266299999999998,13.921000000000003,20.4272,1.186,2003.0,209.0,22.62392666666667,31.871359999999996,1.5851000000000002,55.52544666666667,29.751760000000004,18.446240000000003,23.864533333333334,2.8077400000000003,2003.0,7848.24,4787.01,293.72,2905.05,168.34,579.63,0.52
7,225.0,25.246499999999997,35.3138,3.3707000000000003,71.40990000000001,37.216,25.0321,30.3624,3.5951999999999997,2003.0,225.0,15.831,29.2677,0.0,43.7212,28.130499999999998,15.2013,21.7855,1.4156,2003.0,225.0,22.168266666666668,32.74422,0.37116666666666664,58.47991999999999,32.19967333333334,19.63064,25.450566666666667,2.4644533333333336,2003.0,7742.5,4272.95,268.51,2520.92,157.1,513.95,0.12
8,241.0,24.6638,34.655300000000004,14.786200000000001,67.0629,36.5971,21.7724,28.6251,3.8082000000000003,2003.0,241.0,8.0479,26.712,0.0,42.7772,23.7547,10.1252,18.6644,0.8932999999999999,2003.0,241.0,21.200033333333334,30.780073333333334,2.3413600000000003,54.352873333333335,29.37236,16.407206666666667,22.69412666666667,2.3278199999999996,2003.0,7567.27,4348.81,305.6,2642.4,173.16,592.82,0.01
9,257.0,22.386300000000002,34.4163,15.7031,95.06519999999999,31.683199999999996,20.193,24.9481,5.089,2003.0,257.0,0.9363,26.6399,0.0,46.5793,15.958499999999999,5.523199999999999,12.357600000000001,1.1656,2003.0,257.0,15.500979999999998,30.463059999999995,3.262835714285714,62.55866,25.021380000000004,14.310846666666666,19.695700000000002,3.0462999999999996,2003.0,7247.68,3623.61,305.76,2171.78,175.77,519.67,0.04
10,273.0,19.0278,30.1427,12.4104,60.9598,26.414900000000003,12.8721,18.776,5.2192,2003.0,273.0,5.8234,24.717799999999997,0.0,35.049899999999994,11.281,-2.5458,5.4408,1.4688,2003.0,273.0,14.767779999999998,27.65318,1.8795333333333333,49.02993333333333,18.342893333333336,6.4589333333333325,12.266840000000002,3.3369533333333337,2003.0,6140.42,2774.99,402.26,1825.62,212.04,612.36,0.01
11,289.0,16.7763,31.773600000000002,10.3023,74.2022,28.1689,17.4595,20.735100000000003,5.185499999999999,2003.0,289.0,5.909000000000001,24.98,0.0,38.8365,13.6601,1.6065,8.016300000000001,1.8352,2003.0,289.0,12.666426666666666,27.611453333333337,1.5555333333333334,53.74998666666667,20.062953333333333,9.859906666666667,14.39838,3.165366666666667,2003.0,5258.31,1986.66,436.98,1421.33,243.93,799.47,0.08
12,305.0,12.4938,28.4955,19.0359,94.4527,21.2344,7.368399999999999,12.1827,5.8290999999999995,2003.0,305.0,0.9487,20.6367,0.0,41.031800000000004,0.31600000000000006,-6.172000000000001,-3.4127,1.4748,2003.0,305.0,7.364979999999999,25.584393333333338,2.8220799999999997,66.41254666666666,8.38774,1.6109399999999996,4.894966666666667,3.0106599999999997,2003.0,2433.34,1702.56,1764.28,2701.75,1574.05,551.02,2.39
