,DOY,INSgdmax,RADmax,RAINmax,RHmax,TMAXmax,TMINmax,Tmax,WINDmax,YEAR,DOY,INSgdmin,RADmin,RAINmin,RHmin,TMAXmin,TMINmin,Tmin,WINDmin,YEAR,DOY,INSgdmean,RADmean,RAINmean,RHmean,TMAXmean,TMINmean,Tmean,WINDmean,YEAR,NDVI,EVI,RED,NIR,BLUE,MIR,pixrel
0,113.0,28.2632,31.671499999999998,21.580199999999998,88.91890000000001,24.927500000000002,14.8036,19.2898,5.966900000000001,2003.0,113.0,2.4105999999999996,22.2679,0.0,39.8109,11.414500000000002,2.7641,8.6238,1.5648000000000002,2003.0,113.0,14.174346666666667,27.393813333333334,5.108933333333333,66.71449333333334,18.35887333333333,7.969433333333334,12.919813333333332,3.6750266666666667,2003.0,4843.47,1875.03,461.48,1385.26,305.36,669.43,0.14
1,129.0,30.339699999999997,31.911900000000003,39.796600000000005,89.83979999999998,24.646,15.7615,19.591900000000003,8.6008,2003.0,129.0,1.3377000000000001,24.7164,0.0,54.1157,14.5527,5.9922,11.2279,1.3797000000000001,2003.0,129.0,16.84496,28.911393333333333,6.742993333333334,75.45320666666666,19.715893333333334,9.727299999999998,14.552266666666666,3.576666666666666,2003.0,5579.67,2098.35,326.11,1341.99,213.58,550.08,0.0
2,145.0,31.091800000000003,33.064099999999996,11.4674,83.2336,31.6648,19.1327,23.6423,5.6524,2003.0,145.0,9.0653,24.492100000000004,0.0,27.251500000000004,17.840899999999998,7.2241,13.4579,1.1284,2003.0,145.0,24.08234,28.25484,1.4436133333333334,42.403666666666666,24.64042666666667,12.525293333333334,18.666606666666667,3.0931400000000004,2003.0,6293.51,3036.9,352.0,1859.76,269.71,523.56,0.71
3,161.0,29.2165,33.511300000000006,32.1833,80.58510000000001,32.4645,19.6126,24.8168,5.0733,2003.0,161.0,11.2362,28.3413,0.0,37.9419,18.8176,10.2243,14.410400000000003,1.029,2003.0,161.0,20.915973333333334,30.831246666666665,5.581926666666667,60.77524,26.116699999999998,14.52642666666667,20.23064,2.5064133333333336,2003.0,6821.24,3310.06,302.5,1990.56,216.26,471.74,0.0
4,177.0,32.4148,35.333800000000004,28.664099999999998,79.7373,34.86409999999999,23.2943,27.9226,5.657,2003.0,177.0,8.4017,25.733700000000002,0.0,33.8698,23.328000000000003,11.8961,18.9715,0.8964,2003.0,177.0,25.661173333333334,31.532193333333336,3.5497933333333336,53.09254666666666,30.468946666666664,17.449266666666666,23.892013333333335,3.231393333333333,2003.0,6749.06,3500.97,311.77,2109.82,226.42,496.35,0.03
5,193.0,31.1455,36.0633,36.4488,79.5139,34.74079999999999,22.623099999999997,27.3001,4.6484000000000005,2003.0,193.0,9.747800000000002,28.8233,0.0,42.096199999999996,23.6665,13.9454,20.7825,1.1302,2003.0,193.0,23.475686666666668,32.80327333333334,6.997113333333332,63.60904666666666,30.503620000000005,19.321626666666667,24.702286666666666,2.68808,2003.0,7135.53,3432.96,263.19,1993.89,194.55,427.18,0.0
6,209.0,27.1246,35.882200000000005,17.1132,67.31479999999999,37.0855,24.572200000000002,30.0575,5.4896,2003.0,209.0,8.7614,29.830000000000002,0.0,43.2283,26.0995,13.5107,20.8154,0.9732000000000001,2003.0,209.0,22.73542666666667,32.334799999999994,3.0936666666666666,54.63026666666666,30.611233333333335,18.79497333333333,24.493166666666667,2.708993333333334,2003.0,7068.54,2996.3,227.75,1661.53,197.76,303.7,0.63
7,225.0,25.726000000000003,35.6313,4.37,69.0835,37.6013,25.508200000000002,30.731199999999998,3.3882000000000003,2003.0,225.0,13.7289,30.281499999999998,0.0,44.0398,29.1174,16.1557,22.3821,1.5286999999999997,2003.0,225.0,21.80422,33.252206666666666,0.5868599999999999,57.58445999999999,32.80572000000001,20.213853333333333,26.050146666666667,2.43596,2003.0,6646.66,2832.29,248.53,1629.28,184.09,393.1,0.02
8,241.0,24.879099999999998,35.0231,23.8349,71.812,37.1723,22.195999999999998,29.089599999999997,3.7836,2003.0,241.0,5.2996,26.362000000000002,0.0,42.2025,22.1681,9.813600000000001,18.7199,0.7880999999999999,2003.0,241.0,20.49038,31.219853333333333,3.6638599999999997,58.609006666666666,29.53546,16.90632,23.028740000000003,2.4247199999999998,2003.0,6584.51,2658.26,236.3,1510.5,200.22,340.8,2.57
9,257.0,23.032899999999998,34.605500000000006,20.492,95.58789999999999,30.945,20.688000000000002,25.092399999999998,5.0417000000000005,2003.0,257.0,1.0282,27.1865,0.0,48.231100000000005,16.3216,5.0642000000000005,12.0285,1.2612,2003.0,257.0,15.961906666666666,30.475420000000003,4.370928571428571,62.39700666666666,25.30804666666667,14.057220000000001,19.74412,3.0414466666666664,2003.0,6737.81,2450.13,201.02,1377.95,145.96,313.94,2.58
10,273.0,19.712600000000002,30.9216,11.843499999999999,60.6212,26.218600000000002,13.510499999999999,19.2028,5.3544,2003.0,273.0,7.1122000000000005,25.2457,0.0,36.679199999999994,12.4543,-1.5931000000000002,6.5403,1.2421,2003.0,273.0,15.7212,27.987493333333333,1.99906,49.78436666666668,19.757073333333334,6.82284,13.244373333333332,3.123606666666667,2003.0,5499.58,2078.84,289.79,1297.85,186.19,364.26,0.02
11,289.0,17.317999999999998,31.8052,15.311499999999999,76.5106,29.208,16.7102,20.8953,5.5173,2003.0,289.0,6.1846,25.0884,0.0,37.51369999999999,14.2222,2.2099,8.5143,1.5962,2003.0,289.0,12.951920000000001,27.783313333333332,1.9134666666666669,54.165473333333324,21.001739999999998,10.136960000000002,15.074933333333334,3.0552466666666667,2003.0,5688.42,1721.24,337.2,1152.74,223.45,480.76,0.95
12,305.0,12.6902,29.935,11.5368,94.45570000000001,23.5668,9.0397,14.9689,6.0663,2003.0,305.0,0.7992,22.097099999999998,0.0,43.160000000000004,1.5497,-5.198600000000001,-1.859,1.6666,2003.0,305.0,7.516153333333333,26.532086666666665,2.3869200000000004,65.92807333333334,10.503806666666666,2.852126666666667,6.5660799999999995,3.1726133333333335,2003.0,4973.74,2021.07,493.58,1468.46,370.93,407.71,1.62
