,DOY,INSgdmax,RADmax,RAINmax,RHmax,TMAXmax,TMINmax,Tmax,WINDmax,YEAR,DOY,INSgdmin,RADmin,RAINmin,RHmin,TMAXmin,TMINmin,Tmin,WINDmin,YEAR,DOY,INSgdmean,RADmean,RAINmean,RHmean,TMAXmean,TMINmean,Tmean,WINDmean,YEAR,NDVI,EVI,RED,NIR,BLUE,MIR,pixrel
0,113.0,27.809099999999997,30.791399999999996,30.6245,93.6947,22.339399999999998,13.939899999999998,16.9339,5.9933000000000005,2003.0,113.0,2.8324,22.8316,0.0,50.1012,8.7009,2.5747,5.943300000000001,1.6666999999999998,2003.0,113.0,15.73826,27.343893333333337,5.422613333333334,71.37025333333334,17.16974,7.33492,11.988746666666666,4.083880000000001,2003.0,3706.59,2369.22,1236.13,2720.19,601.56,2356.32,0.99
1,129.0,29.407199999999996,30.141,22.3292,92.52020000000002,25.025800000000004,12.4905,17.079299999999996,8.1102,2003.0,129.0,1.975,25.540300000000002,0.0,59.64789999999999,12.920800000000002,5.4807,10.2603,1.1578,2003.0,129.0,17.36660666666667,28.009853333333332,4.596346666666666,76.73489333333333,19.094640000000002,9.039073333333334,13.963286666666669,3.9493333333333327,2003.0,3834.74,2586.78,1336.39,3000.16,644.66,2725.24,0.49
2,145.0,31.0054,32.374300000000005,15.186,82.0667,30.7658,21.0198,25.019,6.570499999999999,2003.0,145.0,6.223400000000001,25.124599999999997,0.0,30.1754,16.508899999999997,6.013400000000001,11.9689,1.2814,2003.0,145.0,23.027786666666664,28.97657333333333,2.9959,45.54994666666666,24.86712,12.62978,18.908893333333335,3.2550600000000003,2003.0,4379.86,2895.18,1155.67,2957.86,560.81,2541.51,0.2
3,161.0,29.377299999999998,33.6394,12.1286,72.7995,33.388400000000004,19.9035,26.204600000000003,5.184200000000001,2003.0,161.0,5.976400000000001,29.180299999999995,0.0,40.7114,18.540200000000002,7.9136999999999995,12.718599999999999,0.8511000000000001,2003.0,161.0,20.91333333333333,30.969306666666665,3.167406666666666,55.40241333333334,27.097993333333335,14.48218,20.70963333333333,2.6153933333333335,2003.0,5555.72,3691.55,879.9,3095.96,445.68,1973.73,0.0
4,177.0,31.610200000000006,35.5443,22.714900000000004,89.73490000000001,34.5524,22.128999999999998,26.977200000000003,6.2011,2003.0,177.0,8.357199999999999,27.649600000000003,0.0,35.1254,23.2221,11.813799999999999,16.796699999999998,1.0635000000000001,2003.0,177.0,25.297773333333332,31.55038666666666,5.819393333333333,64.38459999999999,28.89915333333333,16.822979999999998,22.632260000000002,3.9740400000000005,2003.0,7054.81,5127.82,639.74,3715.31,338.47,1399.39,0.0
5,193.00000000000003,30.823999999999998,36.4488,14.6118,87.0972,34.8748,22.949099999999998,28.2127,5.3034,2003.0,193.00000000000003,15.472800000000001,29.859799999999996,0.0,50.0912,25.0983,13.189400000000001,20.5468,1.7197000000000002,2003.0,193.00000000000003,25.295026666666665,33.07045333333334,2.216706666666667,67.39674666666667,30.215993333333333,19.29808,24.299620000000004,3.2856600000000005,2003.0,7858.74,6403.51,539.58,4527.26,294.48,1155.07,0.44
6,209.0,28.1261,35.3296,32.8703,73.0084,36.799,24.631199999999996,29.338,6.439,2003.0,209.0,7.6751999999999985,29.6036,0.0,43.752100000000006,25.0249,13.1676,19.4824,0.9440000000000002,2003.0,209.0,22.68182666666667,32.294000000000004,4.101746666666667,56.40376666666666,30.46964666666667,17.587780000000002,23.815493333333333,2.979473333333334,2003.0,8248.91,6549.02,410.46,4397.75,224.41,919.96,0.12
7,225.0,26.822999999999997,35.8156,10.0525,67.5954,37.4503,24.327,30.1339,4.5214,2003.0,225.0,16.221700000000002,30.1467,0.0,41.514199999999995,27.9992,15.9284,22.3327,1.0318,2003.0,225.0,22.611480000000004,32.81796666666666,1.37454,56.799380000000006,32.129693333333336,19.516460000000002,25.612326666666668,2.688006666666666,2003.0,7808.82,5405.05,424.32,3535.12,228.15,875.16,0.0
8,241.0,25.020699999999998,35.0156,8.2635,72.7553,36.4225,21.7804,28.991499999999995,4.1644000000000005,2003.0,241.0,5.0064,26.928500000000003,0.0,44.716,20.523000000000003,10.5586,17.4063,1.1768,2003.0,241.0,20.772266666666667,31.15119333333333,1.528846666666667,58.39635333333334,29.302846666666667,16.69157333333333,22.702533333333335,2.9484866666666667,2003.0,6821.63,4359.82,580.88,3086.5,290.89,1100.96,0.0
9,257.0,23.2972,34.4957,29.368500000000004,84.4615,29.8521,20.214799999999997,24.6005,7.612400000000001,2003.0,257.0,3.6803,27.046400000000002,0.0,46.4905,15.5765,5.548,9.5421,2.174,2003.0,257.0,15.627780000000001,30.075120000000002,6.172914285714286,65.17640666666665,24.03222,12.309993333333333,18.00888666666667,4.016873333333333,2003.0,5360.85,3335.81,899.87,2990.19,363.35,1489.27,0.0
10,273.0,19.6864,30.9336,7.106299999999999,62.479000000000006,26.533199999999997,13.114399999999998,18.9204,5.9228000000000005,2003.0,273.0,7.732,26.1033,0.0,40.5304,14.2935,2.4718999999999998,9.032900000000001,2.1836,2003.0,273.0,16.273780000000002,28.10804666666667,1.1320066666666666,50.342266666666674,20.77764666666667,8.137120000000001,14.149233333333333,3.9330533333333335,2003.0,3497.34,2015.45,1183.19,2434.94,528.25,1876.33,0.0
11,289.0,16.596,31.1724,11.9694,83.6861,27.877000000000002,17.4985,20.262700000000002,5.0874,2003.0,289.0,3.5359,24.6015,0.0,38.033,14.277099999999997,2.8770999999999995,9.2361,1.216,2003.0,289.0,12.195979999999999,27.499593333333337,2.04164,57.86221333333333,20.99365333333333,9.365433333333332,14.782780000000002,3.3702333333333336,2003.0,2965.07,1803.19,1351.11,2467.45,625.59,2091.71,0.41
12,305.0,12.322700000000003,28.291599999999995,15.7055,92.5999,18.2982,6.084600000000001,10.4848,6.808399999999999,2003.0,305.0,1.4381,21.933,0.0,41.792699999999996,-2.3904,-5.8164,-3.4758,2.1596,2003.0,305.0,7.760540000000001,25.733646666666665,2.6226066666666665,68.83126666666666,7.40474,0.2561666666666669,3.5785266666666664,3.69184,2003.0,2667.18,1584.12,1349.34,2320.14,652.2,2101.19,0.27
