,DOY,INSgdmax,RADmax,RAINmax,RHmax,TMAXmax,TMINmax,Tmax,WINDmax,YEAR,DOY,INSgdmin,RADmin,RAINmin,RHmin,TMAXmin,TMINmin,Tmin,WINDmin,YEAR,DOY,INSgdmean,RADmean,RAINmean,RHmean,TMAXmean,TMINmean,Tmean,WINDmean,YEAR,NDVI,EVI,RED,NIR,BLUE,MIR,pixrel
0,113.0,27.79,31.25,16.17,94.66,24.31,14.31,17.54,6.27,2003.0,113.0,4.57,21.82,0.0,42.01,8.44,1.64,4.82,2.1,2003.0,113.0,14.480666666666671,26.629333333333328,4.093999999999999,66.336,16.240666666666666,6.881333333333333,11.267333333333335,3.7,2003.0,4440.77,2055.19,692.03,1788.14,347.75,1256.44,0.0
1,129.0,30.35,30.38,30.0,91.77,22.8,13.71,16.11,8.15,2003.0,129.0,1.48,23.8,0.0,52.33,12.8,5.43,10.07,1.7,2003.0,129.0,15.698666666666666,27.750666666666667,6.037333333333334,76.104,17.691333333333336,8.158666666666667,12.674666666666669,3.411333333333333,2003.0,5446.96,2587.57,569.0,1933.33,294.7,1055.04,0.04
2,145.0,30.85,31.93,9.52,81.92,29.57,18.95,23.2,6.23,2003.0,145.0,8.39,24.98,0.0,26.89,15.81,5.39,12.13,1.3,2003.0,145.0,23.579999999999995,27.787333333333336,1.6173333333333335,42.48733333333334,23.54866666666667,11.576,17.668,3.204,2003.0,7232.08,4004.9,401.84,2535.98,221.83,721.18,1.0
3,161.0,29.02,33.12,18.08,86.4,32.63,19.69,24.37,4.43,2003.0,161.0,10.91,28.44,0.0,38.85,17.8,10.33,14.94,1.46,2003.0,161.0,21.074000000000005,30.359333333333336,4.896,63.72666666666667,24.863333333333333,13.789333333333333,19.167333333333332,2.2186666666666666,2003.0,7833.85,5277.96,402.43,3402.65,223.9,777.11,0.14
4,177.0,32.51,34.78,21.63,84.1,33.06,23.52,26.81,6.1,2003.0,177.0,1.37,25.74,0.0,34.23,21.9,12.12,16.95,0.84,2003.0,177.0,25.493999999999993,30.81933333333333,5.074,52.87666666666666,29.4,16.762666666666668,22.94266666666666,3.374666666666667,2003.0,8133.75,5447.55,339.99,3412.39,191.29,703.83,0.01
5,193.0,30.85,34.52,19.04,83.32,32.95,20.99,26.54,4.85,2003.0,193.0,9.22,28.91,0.0,42.25,21.7,13.04,19.4,0.77,2003.0,193.0,22.49866666666667,32.13733333333333,4.321333333333333,65.08733333333333,29.043999999999997,17.888666666666666,23.220666666666666,2.7320000000000007,2003.0,8161.1,5567.51,347.77,3507.28,196.78,677.22,0.73
6,209.0,26.71,34.7,8.62,70.15,36.07,24.58,29.54,5.82,2003.0,209.0,19.26,29.45,0.0,47.75,25.55,12.58,19.51,1.33,2003.0,209.0,24.009333333333323,31.523999999999997,2.063333333333333,58.34400000000001,29.284666666666666,17.740000000000002,23.16666666666667,3.029333333333334,2003.0,8132.6,5164.01,320.04,3174.99,180.63,654.22,0.43
7,225.0,25.31,35.57,11.22,71.44,36.77,24.39,29.6,4.06,2003.0,225.0,15.48,29.02,0.0,44.49,28.42,14.74,21.52,1.43,2003.0,225.0,21.918666666666663,32.62266666666667,1.066,59.5,32.097333333333324,19.028,25.119333333333334,2.5253333333333337,2003.0,8137.46,4414.32,259.11,2565.21,148.58,520.57,0.06
8,241.0,24.55,34.24,6.88,66.9,36.18,20.68,27.56,3.98,2003.0,241.0,13.14,26.39,0.0,43.6,23.71,10.28,17.75,1.3,2003.0,241.0,21.761333333333333,30.20799999999999,1.162,54.05933333333333,29.25533333333333,15.586666666666666,22.210666666666665,2.3939999999999997,2003.0,7929.67,4704.56,324.19,2871.78,180.35,655.04,0.01
9,257.0,21.89,34.67,20.45,86.78,31.46,20.44,24.86,5.94,2003.0,257.0,0.68,27.54,0.0,46.04,14.4,5.42,10.49,1.08,2003.0,257.0,15.375333333333334,30.392,3.73,61.66866666666667,24.600666666666662,13.468666666666671,19.086,3.3033333333333337,2003.0,7508.96,3727.06,316.68,2239.27,173.74,583.19,0.0
10,273.0,19.22,30.31,12.58,58.83,26.89,12.27,19.0,5.69,2003.0,273.0,4.75,24.77,0.0,38.91,11.49,-3.11,5.54,1.64,2003.0,273.0,14.428000000000003,27.754666666666665,1.49,49.632666666666665,18.503333333333334,6.168000000000001,12.232000000000001,3.594,2003.0,6334.87,2864.38,426.79,1901.06,218.11,692.23,0.0
11,289.0,16.16,31.68,3.84,75.46,27.09,18.46,20.87,5.02,2003.0,289.0,4.07,25.45,0.0,40.03,13.87,1.67,8.24,1.93,2003.0,289.0,11.986666666666668,27.636,0.5226666666666666,54.931333333333335,19.833333333333332,9.517333333333333,14.175999999999998,3.3933333333333326,2003.0,5285.94,2098.34,473.99,1533.9,238.95,872.31,0.29
12,305.0,11.74,28.26,34.19,90.55,18.12,5.6,9.47,6.31,2003.0,305.0,2.34,20.63,0.0,37.61,-1.44,-6.62,-4.27,1.19,2003.0,305.0,7.208666666666668,25.06266666666667,4.691999999999999,68.07199999999999,6.188666666666668,0.05266666666666673,2.995333333333333,3.1506666666666665,2003.0,1634.65,1281.45,2383.19,3156.83,2232.7,481.91,2.22
