,DOY,INSgdmax,RADmax,RAINmax,RHmax,TMAXmax,TMINmax,Tmax,WINDmax,YEAR,DOY,INSgdmin,RADmin,RAINmin,RHmin,TMAXmin,TMINmin,Tmin,WINDmin,YEAR,DOY,INSgdmean,RADmean,RAINmean,RHmean,TMAXmean,TMINmean,Tmean,WINDmean,YEAR,NDVI,EVI,RED,NIR,BLUE,MIR,pixrel
0,113.0,27.83,29.95,20.59,94.32,23.09,11.91,17.04,5.76,2003.0,113.0,4.07,20.84,0.0,36.59,5.25,-2.36,0.66,1.62,2003.0,113.0,15.180666666666665,26.160666666666668,4.308000000000001,65.61333333333333,14.866000000000001,4.385999999999999,9.672666666666666,3.377333333333333,2003.0,3757.72,1902.16,898.38,1955.52,469.42,1522.97,0.16
1,129.0,29.2,29.63,42.53,95.18,21.05,10.75,14.75,6.36,2003.0,129.0,3.06,24.08,0.0,44.02,12.19,2.79,9.12,1.37,2003.0,129.0,16.8,26.947999999999997,6.983333333333333,71.15733333333333,16.784666666666666,6.877333333333334,11.717333333333334,3.107333333333332,2003.0,4608.23,2346.48,671.3,1975.1,345.01,1219.85,5.12
2,145.0,30.24,31.43,12.41,89.28,28.27,16.18,20.35,4.81,2003.0,145.0,8.86,24.77,0.0,27.35,14.46,3.52,10.92,1.34,2003.0,145.0,23.784666666666663,27.265333333333327,1.5413333333333334,44.80266666666668,22.276,9.978,16.008666666666667,2.97,2003.0,6320.86,3913.52,531.92,2754.49,291.35,924.06,5.66
3,161.0,27.11,32.04,16.99,87.61,31.81,16.16,23.62,3.29,2003.0,161.0,4.97,28.01,0.0,37.89,16.76,9.52,14.68,1.22,2003.0,161.0,20.15533333333333,30.228666666666673,3.6693333333333333,63.684666666666665,23.63533333333334,12.954666666666666,18.215333333333334,2.0206666666666666,2003.0,7254.12,4874.45,441.52,3204.67,249.81,814.03,0.01
4,177.0,32.98,34.63,24.08,81.49,32.37,22.34,26.45,5.5,2003.0,177.0,1.15,24.62,0.0,32.73,21.33,10.62,17.34,0.87,2003.0,177.0,24.34133333333333,30.46333333333333,4.8340000000000005,51.292666666666676,28.64266666666667,16.486666666666665,22.41666666666667,3.1180000000000003,2003.0,8019.21,5667.3,347.47,3618.52,200.79,667.49,0.09
5,193.0,29.99,33.55,14.05,85.06,31.84,21.04,25.52,4.64,2003.0,193.0,10.84,28.08,0.0,42.7,19.6,12.79,18.65,0.87,2003.0,193.0,21.99866666666667,31.571333333333328,3.3293333333333326,60.55600000000001,28.074666666666662,16.933333333333334,22.351333333333333,2.599333333333334,2003.0,8085.54,5443.88,304.03,3356.78,177.57,612.97,0.04
6,209.0,29.77,36.65,9.53,73.95,34.45,24.72,28.88,5.29,2003.0,209.0,17.24,27.61,0.0,42.0,24.6,13.58,19.49,1.61,2003.0,209.0,22.440666666666672,31.411333333333335,2.0786666666666664,58.76666666666667,28.236000000000004,17.430666666666664,22.530000000000005,2.8626666666666667,2003.0,7953.34,5045.86,280.73,3047.66,162.5,591.15,0.0
7,225.0,25.92,36.04,3.85,72.39,35.76,24.07,29.18,3.84,2003.0,225.0,13.5,28.69,0.0,43.52,26.97,13.95,20.85,1.32,2003.0,225.0,21.894000000000002,32.15599999999999,0.5686666666666667,59.330666666666666,31.254666666666665,19.045333333333335,24.557999999999996,2.5160000000000005,2003.0,7837.49,4543.91,281.46,2694.66,167.95,560.91,0.03
8,241.0,24.12,34.6,9.39,72.43,35.99,20.54,27.25,4.18,2003.0,241.0,11.16,26.71,0.0,40.14,22.99,10.85,17.34,0.47,2003.0,241.0,20.525999999999996,30.435999999999993,1.5979999999999999,53.02933333333333,27.921999999999993,15.159999999999998,21.438,2.2640000000000002,2003.0,7552.46,4950.16,374.27,3142.46,215.84,701.7,0.1
9,257.0,21.53,34.52,17.38,86.88,31.5,20.26,24.66,5.15,2003.0,257.0,1.94,28.37,0.0,48.16,14.91,6.54,12.04,0.89,2003.0,257.0,15.402666666666667,30.624666666666666,3.4642857142857144,61.92,24.57266666666667,14.438666666666668,19.39066666666667,3.121333333333333,2003.0,7314.72,4045.89,350.26,2493.8,201.75,620.1,0.39
10,273.0,18.54,29.84,6.63,67.84,26.73,11.93,18.3,5.39,2003.0,273.0,6.88,24.23,0.0,35.28,10.13,-2.58,4.72,1.96,2003.0,273.0,13.404666666666664,27.702666666666666,1.5750000000000002,49.65466666666667,16.075333333333337,5.929999999999999,10.857999999999999,3.4993333333333334,2003.0,5403.91,2823.61,580.32,2150.36,291.96,734.24,5.1
11,289.0,16.49,31.64,6.91,71.63,26.38,18.43,21.13,4.62,2003.0,289.0,5.62,23.87,0.0,37.8,12.24,1.44,7.52,1.69,2003.0,289.0,11.530666666666667,27.14333333333333,1.1933333333333331,54.34066666666666,18.581333333333337,8.896666666666667,13.191999999999998,3.344666666666667,2003.0,4905.35,2260.11,595.63,1788.86,314.62,981.95,0.47
12,305.0,11.59,28.01,19.29,91.32,14.67,4.13,8.41,4.75,2003.0,305.0,2.45,19.3,0.0,45.3,-2.47,-9.34,-6.47,1.26,2003.0,305.0,6.817333333333334,24.65533333333333,3.36,70.72599999999998,4.9446666666666665,-1.2573333333333332,1.6973333333333331,2.741333333333334,2003.0,4178.51,1890.11,728.09,1759.36,424.21,855.66,5.68
