,DOY,INSgdmax,RADmax,RAINmax,RHmax,TMAXmax,TMINmax,Tmax,WINDmax,YEAR,DOY,INSgdmin,RADmin,RAINmin,RHmin,TMAXmin,TMINmin,Tmin,WINDmin,YEAR,DOY,INSgdmean,RADmean,RAINmean,RHmean,TMAXmean,TMINmean,Tmean,WINDmean,YEAR,NDVI,EVI,RED,NIR,BLUE,MIR,pixrel
0,113.0,27.939500000000002,30.959,23.7802,93.7364,22.3353,12.9857,16.5488,5.891,2003.0,113.0,3.5335,22.0464,0.0,46.0786,8.1226,1.4627999999999999,4.9533000000000005,1.4617,2003.0,113.0,15.51622,26.830400000000004,5.405773333333332,70.08223333333333,16.245986666666667,6.55664,11.128720000000001,3.9576666666666664,2003.0,6400.73,4427.12,719.65,3349.38,382.04,1541.89,0.96
1,129.0,28.4079,29.5236,27.809799999999996,93.8358,24.8925,11.9359,15.928999999999998,8.4633,2003.0,129.0,2.5111999999999997,25.2213,0.0,60.5312,12.753,5.1691,9.3235,1.2725,2003.0,129.0,16.477106666666668,27.741546666666665,5.24798,78.81711333333334,17.976813333333336,8.104306666666666,12.906199999999998,3.919966666666666,2003.0,6442.95,4358.37,695.81,3254.14,366.15,1669.57,0.16
2,145.0,30.729799999999997,32.3461,15.803700000000001,81.0547,29.5898,20.3482,23.955499999999997,7.1758,2003.0,145.0,4.7958,24.5417,0.0,28.3628,16.1142,5.3391,11.4555,1.5918,2003.0,145.0,21.88817333333333,28.528993333333332,2.618673333333333,45.031000000000006,24.046333333333337,11.9811,18.202266666666667,3.3801533333333333,2003.0,6854.27,4628.44,597.0,3275.97,319.59,1423.41,0.21
3,161.0,29.092100000000002,33.813,15.9839,72.83930000000001,32.800799999999995,19.272600000000004,25.6333,5.122,2003.0,161.0,10.057,28.776400000000002,0.0,42.23700000000001,18.923900000000003,8.014199999999999,12.8497,1.1747999999999998,2003.0,161.0,21.04728,31.035099999999996,3.8385066666666674,57.87219333333333,26.29011333333333,14.013133333333332,20.05056,2.501186666666667,2003.0,7037.94,5218.24,662.87,3826.87,353.35,1512.96,0.0
4,177.0,32.20139999999999,35.2995,21.9177,90.173,33.5398,22.218400000000003,26.3696,6.215200000000001,2003.0,177.0,6.355600000000001,26.2356,0.0,33.717,22.3741,11.5137,16.3146,0.9363999999999999,2003.0,177.0,25.109446666666663,31.024326666666667,5.386886666666666,61.03735999999999,28.776833333333336,16.389006666666667,22.3278,3.9880000000000004,2003.0,7336.8,5276.03,561.71,3682.68,303.76,1214.73,0.0
5,193.0,30.950300000000002,35.8903,13.8794,87.887,33.3018,22.205799999999996,27.0461,5.7722999999999995,2003.0,193.0,15.8205,29.1361,0.0,49.3232,23.711599999999997,12.9407,19.7273,1.4214000000000002,2003.0,193.0,23.679739999999995,32.58556,3.0021533333333332,68.28987333333333,29.188786666666665,18.575433333333333,23.529299999999996,3.2545133333333336,2003.0,7393.13,5588.53,587.08,3962.08,320.45,1214.6,0.1
6,209.0,27.782,34.893,22.9591,75.49849999999999,35.9636,23.9416,28.5118,6.5012,2003.0,209.0,9.5514,29.0634,0.0,46.976299999999995,23.8574,11.861,18.5632,1.1085,2003.0,209.0,22.976606666666665,31.5744,3.220646666666666,59.713159999999995,29.261879999999998,16.791646666666665,22.754080000000002,3.1405866666666666,2003.0,7205.12,5071.21,563.72,3538.83,306.28,1135.37,0.17
7,225.0,26.5877,35.5287,8.5382,68.78380000000001,36.8271,24.272399999999998,29.311100000000003,4.8104000000000005,2003.0,225.0,16.4415,29.443800000000003,0.0,44.2033,27.0421,15.031199999999998,21.624699999999997,1.0726,2003.0,225.0,22.762093333333336,32.37827333333333,1.17716,58.76190666666666,31.722719999999995,19.007106666666665,25.02234,2.7007866666666667,2003.0,6488.12,4334.94,671.06,3186.12,359.99,1280.23,0.05
8,241.0,24.819700000000005,34.9726,8.7213,66.3112,36.262,21.736900000000002,28.5717,4.1296,2003.0,241.0,9.0517,26.773600000000002,0.0,43.717800000000004,22.124299999999998,10.4608,17.4023,1.4729,2003.0,241.0,21.379426666666667,30.865126666666665,1.7365666666666666,54.981206666666665,29.266706666666664,16.09046,22.41283333333333,2.913713333333334,2003.0,5744.15,3399.98,712.72,2634.01,366.75,1448.62,0.0
9,257.0,22.6789,34.0506,24.0931,79.9964,30.248200000000004,20.0924,24.8089,7.617699999999999,2003.0,257.0,1.2338,26.793400000000002,0.0,45.3294,14.321200000000001,5.971399999999999,9.075999999999999,1.9259,2003.0,257.0,14.842080000000003,29.8708,4.846742857142857,62.741793333333334,24.128973333333327,12.590533333333333,18.224553333333333,4.003500000000001,2003.0,5574.39,3225.22,718.91,2536.26,368.71,1356.39,0.01
10,273.0,19.0063,30.8129,10.447000000000001,59.00430000000001,26.4512,13.1954,19.0673,6.217600000000001,2003.0,273.0,7.9049,25.8425,0.0,39.685199999999995,14.049700000000001,1.2958,8.1486,1.4428,2003.0,273.0,15.805533333333333,27.863553333333336,1.03586,49.79131333333332,19.97837333333333,7.421660000000001,13.382686666666668,3.959086666666667,2003.0,4540.79,2594.94,912.13,2413.08,451.52,1607.76,0.0
11,289.0,15.8261,31.172700000000003,9.6247,83.0573,26.901000000000003,17.5138,20.068199999999997,5.310499999999999,2003.0,289.0,4.2629,24.73,0.0,39.56099999999999,13.788699999999999,2.7471,8.648299999999999,1.6763,2003.0,289.0,11.58192,27.412693333333337,1.4995866666666666,58.759479999999996,19.917499999999997,9.025766666666666,14.05354,3.5151399999999997,2003.0,4313.44,2336.4,875.4,2191.66,442.2,1659.7,0.0
12,305.0,11.3871,28.5902,21.723300000000002,90.49090000000001,14.0306,5.1312,8.6234,7.2916,2003.0,305.0,1.6242,21.7773,0.0,45.1288,-3.0778999999999996,-7.346,-4.3187999999999995,1.7896,2003.0,305.0,7.373686666666666,25.28310666666667,3.7493400000000006,70.53644666666665,5.616999999999999,-0.8754466666666667,2.191233333333333,3.6206933333333335,2003.0,3952.72,1997.71,828.76,1926.35,425.09,1678.56,0.0
