,DOY,INSgdmax,RADmax,RAINmax,RHmax,TMAXmax,TMINmax,Tmax,WINDmax,YEAR,DOY,INSgdmin,RADmin,RAINmin,RHmin,TMAXmin,TMINmin,Tmin,WINDmin,YEAR,DOY,INSgdmean,RADmean,RAINmean,RHmean,TMAXmean,TMINmean,Tmean,WINDmean,YEAR,NDVI,EVI,RED,NIR,BLUE,MIR,pixrel
0,113.0,28.0475,30.6909,17.9467,93.25070000000001,24.354599999999998,13.856300000000001,17.5532,5.9718,2003.0,113.0,4.2128000000000005,21.1885,0.0,40.18430000000001,8.2156,1.0957999999999999,4.6509,1.9106,2003.0,113.0,14.806406666666664,26.49152666666667,4.884166666666667,63.51325333333334,16.349146666666666,6.4394133333333325,11.208986666666666,3.5710533333333343,2003.0,4245.88,1975.17,723.39,1783.47,363.88,1260.15,0.0
1,129.0,30.325300000000002,30.1373,33.7285,92.3127,22.114,13.2305,16.185000000000002,7.3923000000000005,2003.0,129.0,2.0484,24.203400000000002,0.0,47.1408,13.3662,4.094100000000001,10.019100000000002,1.6769000000000003,2003.0,129.0,15.9599,27.60194,6.995906666666667,73.61465333333334,17.560526666666668,7.88976,12.565826666666666,3.2977533333333335,2003.0,5322.72,2604.58,597.75,1980.47,311.1,1061.05,0.0
2,145.0,31.2274,32.3215,12.395800000000001,86.0053,29.4723,17.6999,21.8367,5.3859,2003.0,145.0,8.497900000000001,24.998099999999997,0.0,26.699700000000007,15.305000000000001,4.991900000000001,11.795699999999998,1.2562000000000002,2003.0,145.0,23.999193333333334,27.59886,1.8658133333333333,43.19628666666667,23.090073333333333,10.954939999999999,17.038126666666667,3.0487933333333332,2003.0,6672.74,3459.32,442.89,2259.52,243.25,765.9,1.0
3,161.00000000000003,28.086199999999998,32.457699999999996,14.3544,85.6033,32.236000000000004,18.7606,24.138399999999997,4.0194,2003.0,161.00000000000003,8.538100000000002,28.391300000000005,0.0,37.5478,17.263399999999997,10.282200000000001,15.2346,1.3199,2003.0,161.00000000000003,20.519013333333334,30.177753333333335,3.463926666666666,63.37688,24.50618,13.720713333333332,18.93004666666667,2.1839799999999996,2003.0,7410.51,4696.33,438.7,3056.79,244.53,813.62,0.02
4,176.99999999999997,32.645900000000005,34.6455,22.807000000000002,80.7362,33.041599999999995,22.754099999999998,27.1056,5.7327,2003.0,176.99999999999997,2.8377000000000003,25.3522,0.0,33.329299999999996,21.911299999999997,10.9302,17.7381,0.7601,2003.0,176.99999999999997,25.46272,30.703733333333332,3.563993333333334,51.13773333333333,29.368966666666676,16.677259999999997,22.931606666666664,3.1860133333333334,2003.0,7808.58,4927.67,357.33,3075.69,202.72,709.45,0.0
5,193.00000000000003,30.3802,34.5731,22.889499999999998,84.0376,32.913,21.2745,26.344500000000004,4.7657,2003.0,193.00000000000003,10.481200000000001,28.3366,0.0,42.8175,21.0855,13.166599999999999,19.5311,0.6801999999999999,2003.0,193.00000000000003,22.237606666666665,32.114086666666665,3.66778,63.031653333333324,28.774906666666666,17.733073333333337,23.075546666666668,2.620786666666667,2003.0,7874.12,5002.51,351.93,3111.39,199.33,679.55,0.14
6,209.0,26.904700000000002,35.0933,7.2818000000000005,72.4594,36.0953,24.352299999999996,29.628600000000002,5.6899999999999995,2003.0,209.0,18.4014,28.2217,0.0,43.369299999999996,25.769699999999997,13.600999999999999,19.8551,1.3935000000000002,2003.0,209.0,22.78758,31.534713333333336,1.59334,57.08343333333334,29.142353333333336,17.952806666666664,23.27877333333333,2.8895200000000005,2003.0,7687.57,4549.52,351.75,2796.27,209.47,659.89,0.52
7,225.0,25.1649,35.3957,5.1582,72.3062,36.7147,24.5407,29.8329,3.7999,2003.0,225.0,16.9297,28.871100000000002,0.0,43.757400000000004,27.7244,14.652700000000001,21.4336,1.3533,2003.0,225.0,22.053966666666664,32.50098666666667,0.55016,58.98872666666666,31.8431,19.271199999999997,25.073673333333335,2.492753333333334,2003.0,7920.99,4230.51,279.96,2488.86,158.49,553.75,0.01
8,241.0,24.4978,34.5222,9.188799999999999,68.3119,36.0972,21.243700000000004,27.944000000000003,3.8995999999999995,2003.0,241.0,10.460700000000003,26.868100000000002,0.0,42.982600000000005,23.967100000000006,10.307899999999998,18.0203,0.8417999999999999,2003.0,241.0,21.233653333333333,30.540239999999997,1.5225933333333335,53.523720000000004,28.92006,15.82626,22.190773333333336,2.2842733333333327,2003.0,7602.83,4275.18,344.93,2627.24,193.06,681.65,0.0
9,257.0,22.0303,34.345600000000005,15.354399999999998,91.44739999999999,31.735799999999998,20.1755,24.7801,5.293500000000001,2003.0,257.0,0.9072000000000001,27.211399999999998,0.0,46.38099999999999,15.2316,5.7985999999999995,11.8321,1.0664000000000002,2003.0,257.0,15.423986666666664,30.499159999999996,3.0636357142857142,62.34552666666667,24.709446666666672,14.176066666666667,19.434546666666666,3.1187466666666666,2003.0,7321.38,3517.92,324.61,2122.49,178.6,590.56,0.02
10,272.99999999999994,18.830199999999998,29.988100000000003,9.8995,62.57730000000001,26.5803,12.3944,18.5774,5.3129,2003.0,272.99999999999994,6.2271,24.4861,0.0,36.013799999999996,10.856900000000001,-2.8122999999999996,5.0956,1.6754,2003.0,272.99999999999994,14.343086666666666,27.594773333333336,1.4527557142857144,49.34562,17.5746,6.198806666666668,11.72982,3.4626533333333334,2003.0,6049.26,2741.54,460.92,1870.05,241.83,739.04,0.0
11,289.0,16.507600000000004,31.7476,5.8926,73.6649,27.300700000000003,18.0545,20.7609,4.9227,2003.0,289.0,5.271100000000001,24.8675,0.0,39.357400000000005,13.283800000000001,1.4192,7.8279,1.9148999999999998,2003.0,289.0,12.275533333333335,27.57352,0.9581133333333333,54.179506666666676,19.50036,9.455900000000002,13.912346666666666,3.270866666666667,2003.0,5107.87,2052.38,501.35,1540.18,256.13,887.47,0.59
12,305.0,12.159399999999998,27.935500000000005,24.976599999999998,92.6213,18.744,5.9289000000000005,10.1314,5.5995,2003.0,305.0,1.6385,19.909800000000004,0.0,39.9561,-0.9324,-7.096,-4.5325999999999995,1.3112000000000001,2003.0,305.0,7.21508,25.024866666666668,3.312433333333333,67.68043999999999,6.716006666666669,0.35058666666666655,3.4061066666666666,2.9290399999999996,2003.0,2147.61,1491.65,2139.55,3014.87,1887.55,565.44,1.93
