,DOY,INSgdmax,RADmax,RAINmax,RHmax,TMAXmax,TMINmax,Tmax,WINDmax,YEAR,DOY,INSgdmin,RADmin,RAINmin,RHmin,TMAXmin,TMINmin,Tmin,WINDmin,YEAR,DOY,INSgdmean,RADmean,RAINmean,RHmean,TMAXmean,TMINmean,Tmean,WINDmean,YEAR,NDVI,EVI,RED,NIR,BLUE,MIR,pixrel
0,113.0,28.3,31.36,30.87,88.63,24.39,15.09,18.89,5.47,2003.0,113.0,1.55,22.1,0.0,44.59,12.39,2.6,9.03,1.25,2003.0,113.0,14.795333333333334,27.636666666666667,6.232666666666665,72.19800000000001,18.462666666666664,7.987333333333334,12.926666666666668,3.541333333333333,2003.0,5444.17,2966.41,597.18,2251.64,335.5,1022.03,0.08
1,129.0,30.67,32.04,26.22,90.96,25.59,15.89,20.43,8.13,2003.0,129.0,2.16,25.13,0.0,58.98,15.64,6.07,11.36,1.32,2003.0,129.0,17.629333333333328,29.072,5.141333333333333,75.682,20.56866666666667,10.181333333333333,15.154666666666664,3.606,2003.0,5979.64,3332.72,567.89,2429.33,319.56,1041.51,0.02
2,145.0,31.14,33.26,13.18,82.3,32.55,19.02,23.98,5.68,2003.0,145.0,9.47,24.98,0.0,27.07,18.47,7.42,13.93,1.08,2003.0,145.0,24.02466666666667,28.377333333333336,1.4240000000000002,43.13533333333335,25.16666666666667,12.891333333333334,19.095333333333333,3.010666666666667,2003.0,6601.2,3888.84,517.48,2679.49,309.47,967.4,0.6
3,161.0,30.1,33.08,28.68,78.26,32.32,18.64,24.64,5.23,2003.0,161.0,7.92,28.15,0.0,38.6,19.13,9.22,14.16,0.97,2003.0,161.0,21.757333333333335,31.150666666666666,4.798,59.897999999999996,26.618000000000002,14.281333333333334,20.45333333333333,2.477333333333333,2003.0,7002.01,3952.05,460.85,2632.78,276.87,873.62,0.02
4,177.0,32.87,35.89,33.76,80.79,34.99,22.97,27.59,5.46,2003.0,177.0,9.79,26.17,0.0,33.81,23.65,12.09,19.01,1.27,2003.0,177.0,25.440666666666665,31.92,5.117999999999999,55.78333333333333,30.447999999999997,17.812666666666665,23.975333333333328,3.25,2003.0,7083.2,4207.44,466.98,2799.43,278.88,857.92,0.14
5,193.0,31.07,36.43,23.33,77.26,35.4,23.43,27.71,4.52,2003.0,193.0,11.45,28.87,0.0,43.43,25.12,14.66,21.38,1.22,2003.0,193.0,24.30533333333334,33.18933333333334,4.9706666666666655,63.23933333333334,31.116000000000003,19.904666666666667,25.275999999999996,2.8519999999999994,2003.0,7266.32,4384.41,407.66,2840.17,248.89,760.01,0.12
6,209.0,27.5,35.71,40.7,66.04,36.76,24.41,29.9,5.13,2003.0,209.0,10.51,30.02,0.0,44.48,25.81,12.82,20.62,1.01,2003.0,209.0,22.581333333333337,32.59133333333333,5.426,54.21466666666666,31.061333333333334,18.859999999999996,24.77733333333333,2.6193333333333326,2003.0,7428.8,4365.18,405.12,2864.06,242.13,742.57,0.86
7,225.0,26.14,35.53,3.93,68.52,37.71,25.57,30.8,3.23,2003.0,225.0,14.47,31.14,0.0,44.01,29.52,16.61,22.76,1.45,2003.0,225.0,21.54,33.498666666666665,0.7479999999999998,56.51266666666666,33.14333333333333,20.667999999999996,26.451999999999998,2.4246666666666665,2003.0,6733.27,3633.1,452.12,2423.31,262.1,805.77,0.33
8,241.0,25.09,34.96,22.02,78.8,36.92,22.45,29.03,4.0,2003.0,241.0,3.85,25.99,0.0,42.78,21.29,9.53,18.47,0.72,2003.0,241.0,19.603999999999996,31.516666666666666,4.104666666666666,62.632,29.179333333333332,16.980666666666664,22.900666666666666,2.411333333333333,2003.0,6911.18,3525.07,385.95,2248.64,224.27,727.08,0.02
9,257.0,23.76,34.49,18.72,96.45,30.37,20.74,24.83,4.95,2003.0,257.0,0.72,27.9,0.0,48.61,15.32,4.63,11.2,1.24,2003.0,257.0,16.173333333333336,30.395333333333333,3.6307142857142853,63.82266666666666,25.037333333333333,13.768000000000002,19.402,3.0060000000000002,2003.0,6958.49,3457.95,377.81,2212.03,219.28,661.71,0.01
10,273.0,20.48,31.07,6.85,65.72,26.12,13.41,19.15,5.23,2003.0,273.0,9.25,25.27,0.0,40.02,13.13,-0.64,7.26,1.27,2003.0,273.0,16.650666666666666,28.09466666666666,0.9879999999999999,51.707333333333345,20.334666666666667,6.834666666666666,13.525333333333332,2.952666666666667,2003.0,6188.77,3118.32,473.81,2160.72,258.27,744.32,0.0
11,289.0,17.86,31.46,9.15,78.71,29.67,16.19,20.9,5.52,2003.0,289.0,5.36,24.73,0.0,37.22,14.36,2.1,8.53,1.55,2003.0,289.0,13.339333333333334,27.761999999999997,0.9466666666666668,55.04333333333333,21.501333333333335,9.908,15.172666666666668,2.9360000000000004,2003.0,5459.7,2437.06,495.88,1792.41,278.06,857.91,0.21
12,305.0,13.18,30.89,12.31,95.14,24.41,10.66,16.27,5.75,2003.0,305.0,0.9,23.15,0.0,40.18,1.88,-4.82,-1.1,1.89,2003.0,305.0,7.790666666666666,27.09933333333333,1.554,66.36733333333333,11.463333333333333,3.0513333333333326,7.135333333333333,3.1566666666666667,2003.0,5016.18,2218.22,563.42,1715.53,330.31,825.02,0.61
