,DOY,INSgdmax,RADmax,RAINmax,RHmax,TMAXmax,TMINmax,Tmax,WINDmax,YEAR,DOY,INSgdmin,RADmin,RAINmin,RHmin,TMAXmin,TMINmin,Tmin,WINDmin,YEAR,DOY,INSgdmean,RADmean,RAINmean,RHmean,TMAXmean,TMINmean,Tmean,WINDmean,YEAR,NDVI,EVI,RED,NIR,BLUE,MIR,pixrel
0,113.0,27.9201,30.138499999999997,14.4989,95.4426,23.403200000000002,11.5332,16.1278,5.9708000000000006,2003.0,113.0,3.2447,22.1562,0.0,40.01990000000001,4.5044,-1.4934,1.3049,1.7237,2003.0,113.0,15.094813333333335,26.271653333333333,4.237613333333333,68.97199333333333,15.054380000000002,5.128166666666666,9.969813333333333,3.934466666666667,2003.0,2568.52,1338.86,1053.9,1808.07,564.24,1935.41,0.14
1,129.0,29.4972,29.385199999999998,24.3216,95.9321,23.201,10.4313,14.7341,8.3218,2003.0,129.0,4.1305000000000005,24.0098,0.0,60.1053,11.168000000000001,3.6635999999999997,8.0571,1.6482,2003.0,129.0,15.953633333333332,27.13952666666667,5.539946666666667,79.43600666666666,16.895713333333333,6.747366666666665,11.722373333333334,3.931873333333333,2003.0,3454.17,1726.92,819.51,1766.04,439.89,1545.35,0.01
2,145.0,31.140299999999996,32.3897,16.8589,78.3687,28.8792,19.0698,23.111700000000003,8.163599999999999,2003.0,145.0,7.0711,24.537499999999998,0.0,28.501700000000003,15.413899999999998,4.828799999999999,10.3549,1.3037,2003.0,145.0,21.56228,28.465680000000003,2.91676,46.21924666666667,23.207273333333333,11.175399999999998,17.417906666666667,3.4738533333333326,2003.0,4532.04,2446.07,702.16,2048.98,375.95,1391.36,0.99
3,161.0,29.708000000000002,34.3663,15.3692,77.54599999999999,31.4701,20.5054,25.6594,4.600700000000001,2003.0,161.0,12.5028,28.289900000000003,0.0,41.5135,18.6141,6.3601,12.273600000000002,0.8165,2003.0,161.0,21.894420000000004,30.509840000000004,3.827866666666667,60.76844666666666,25.21354,13.4319,19.154693333333334,2.3802866666666667,2003.0,7443.21,5313.49,501.96,3658.12,266.44,956.86,0.18
4,177.0,32.5378,34.6137,23.533699999999996,93.2265,32.5407,21.3099,25.7286,7.1534,2003.0,177.0,6.7329,26.1786,0.0,32.7689,21.7692,11.2916,15.6828,1.3299,2003.0,177.0,24.08762,30.612920000000003,4.735713333333334,62.42104,27.983386666666668,16.02472,21.7101,4.26556,2003.0,7646.19,5568.46,488.5,3834.98,253.89,804.86,0.0
5,193.0,30.944999999999997,34.53210000000001,8.247,89.01599999999999,32.7854,21.374000000000002,26.0236,6.361399999999999,2003.0,193.0,15.748999999999999,28.7536,0.0,50.47710000000001,22.5581,12.5129,18.236600000000003,1.3838,2003.0,193.0,24.08942,31.949066666666667,1.4884,69.95660666666667,28.018879999999996,17.374233333333333,22.41333333333333,3.406186666666667,2003.0,7829.1,5642.06,446.51,3786.4,235.42,742.94,0.0
6,209.0,28.2653,35.8003,13.2972,74.86449999999999,36.181799999999996,22.9103,27.288,6.9943,2003.0,209.0,13.827399999999999,29.3039,0.0,49.50749999999999,23.615899999999996,11.367899999999999,18.1447,0.9960999999999999,2003.0,209.0,23.16663333333333,31.271546666666673,2.0982733333333337,61.120886666666664,28.416259999999998,15.948120000000003,21.814906666666666,3.2772466666666666,2003.0,6060.09,3832.08,701.81,2889.77,370.27,953.6,0.13
7,225.0,27.539499999999997,35.5774,6.4653,74.01129999999999,36.455400000000004,24.0105,28.923700000000004,5.275199999999999,2003.0,225.0,13.688799999999999,28.419800000000002,0.0,44.458200000000005,25.030200000000004,13.3707,20.8016,1.0796000000000001,2003.0,225.0,23.055860000000003,31.89974,0.8927933333333333,60.64122,30.990446666666667,18.240219999999997,24.221919999999997,2.839493333333333,2003.0,4565.89,3022.46,1163.25,2969.03,615.21,1541.25,0.03
8,241.0,24.648699999999998,35.068799999999996,10.4114,66.7359,35.9251,22.0996,28.2051,5.1788,2003.0,241.0,8.8052,27.407999999999998,0.0,45.4656,21.9493,8.948100000000002,16.3435,0.8095000000000001,2003.0,241.0,20.658140000000003,30.674206666666663,1.7500133333333334,55.16419333333333,28.589506666666672,14.882159999999997,21.42693333333333,2.9668600000000005,2003.0,4396.77,2643.26,1017.39,2549.96,519.44,1547.67,0.06
9,257.0,22.1598,33.429899999999996,25.305000000000003,87.7984,30.302,20.2602,24.443799999999996,8.1145,2003.0,257.0,3.4159,26.3524,0.0,47.270199999999996,13.082699999999999,5.096100000000001,8.064300000000001,1.7321,2003.0,257.0,14.043633333333332,29.734799999999993,4.125342857142857,67.13879333333333,23.423406666666665,11.856553333333332,17.248,4.2843,2003.0,4614.82,2483.96,742.08,2100.02,390.94,1330.74,0.01
10,273.0,18.9299,30.36,13.7659,60.1121,26.3623,12.6098,18.4895,6.8453,2003.0,273.0,9.514899999999999,25.459899999999998,0.0,41.1516,12.3393,1.1446,6.7588,1.4219,2003.0,273.0,15.610780000000002,27.792900000000003,1.286552380952381,51.71104666666667,18.658573333333333,6.724326666666667,12.30042,4.127186666666667,2003.0,3579.74,1814.85,846.77,1842.31,449.04,1546.57,0.03
11,289.0,15.0924,30.9953,7.1937,85.8639,25.1717,16.063200000000002,18.8479,5.874199999999999,2003.0,289.0,5.0714999999999995,23.9172,0.0,41.3756,12.4482,2.6608,7.3004,1.8494000000000002,2003.0,289.0,11.407586666666667,27.27574,1.43372,62.25280666666668,18.548806666666668,8.103346666666665,12.879786666666664,3.71418,2003.0,3344.41,1674.01,849.46,1765.06,450.69,1522.56,0.53
12,305.0,9.5796,27.6196,16.6978,90.85950000000001,10.6401,3.3398,6.8572,7.481999999999999,2003.0,305.0,2.5925999999999996,22.356699999999996,0.0,49.3443,-4.6219,-13.110299999999999,-7.4125,1.686,2003.0,305.0,6.1584666666666665,24.838086666666666,1.847806666666667,77.01242666666666,3.0314733333333326,-3.5445533333333334,-0.3726200000000001,3.7445933333333334,2003.0,363.86,390.91,4155.04,4436.67,3929.61,578.3,2.04
