,DOY,INSgdmax,RADmax,RAINmax,RHmax,TMAXmax,TMINmax,Tmax,WINDmax,YEAR,DOY,INSgdmin,RADmin,RAINmin,RHmin,TMAXmin,TMINmin,Tmin,WINDmin,YEAR,DOY,INSgdmean,RADmean,RAINmean,RHmean,TMAXmean,TMINmean,Tmean,WINDmean,YEAR,NDVI,EVI,RED,NIR,BLUE,MIR,pixrel
0,113.0,27.9,30.56,30.03,93.77,22.23,13.16,16.41,6.02,2003.0,113.0,1.98,22.86,0.0,48.61,8.15,2.36,5.43,1.77,2003.0,113.0,15.901999999999997,27.184000000000005,4.747333333333334,70.80266666666667,16.784,6.946666666666667,11.602,4.126666666666667,2003.0,4326.23,2721.0,1041.68,2670.99,529.78,2070.35,0.96
1,129.0,29.59,29.56,21.32,92.47,25.23,11.98,16.75,8.26,2003.0,129.0,1.44,24.7,0.0,60.79,11.89,5.17,9.88,1.02,2003.0,129.0,16.732000000000003,27.837333333333337,3.703333333333333,77.26799999999999,18.648666666666664,8.566666666666666,13.572666666666667,3.9886666666666666,2003.0,4215.55,2808.28,1192.83,2938.26,596.31,2666.34,0.38
2,145.0,31.14,32.4,15.28,81.65,30.02,21.09,24.7,6.85,2003.0,145.0,7.74,25.2,0.0,30.17,16.33,5.54,11.54,1.33,2003.0,145.0,22.793999999999997,29.011999999999997,3.465333333333333,45.76533333333332,24.56866666666666,12.348666666666666,18.662000000000003,3.309333333333334,2003.0,4485.29,2891.8,1071.48,2825.82,531.53,2614.9,0.85
3,161.0,28.91,34.45,13.58,72.39,33.13,20.22,26.16,5.16,2003.0,161.0,6.88,29.38,0.0,40.66,18.28,7.76,12.43,0.77,2003.0,161.0,20.35533333333333,31.212,3.121333333333333,55.11,26.904666666666667,14.447333333333331,20.61866666666667,2.6393333333333335,2003.0,6050.8,3841.05,725.38,2943.24,379.16,1634.14,0.03
4,177.0,31.46,35.39,19.54,90.65,34.77,22.0,27.0,6.45,2003.0,177.0,7.96,27.5,0.0,35.26,22.92,11.7,16.54,0.96,2003.0,177.0,25.322,31.37533333333333,5.5053333333333345,64.25866666666666,28.727999999999998,16.52466666666667,22.396666666666665,4.056000000000001,2003.0,7226.85,5223.02,589.01,3688.28,318.55,1315.12,0.0
5,193.0,30.78,36.79,14.07,87.79,34.31,22.74,27.93,5.45,2003.0,193.0,16.09,29.63,0.0,50.43,24.52,12.83,20.25,1.57,2003.0,193.0,25.048,32.992000000000004,1.9873333333333334,68.34133333333334,29.788,19.028000000000002,23.95533333333334,3.3253333333333344,2003.0,7572.63,6020.97,589.6,4314.7,320.49,1286.46,0.02
6,209.0,27.65,35.39,39.03,75.44,36.81,24.45,28.86,6.64,2003.0,209.0,5.8,29.48,0.0,44.72,24.45,12.88,19.07,0.89,2003.0,209.0,22.750666666666667,32.236000000000004,4.66,57.88399999999999,30.005999999999993,17.12066666666667,23.31666666666666,3.036,2003.0,7932.28,6003.9,449.48,4039.83,246.03,977.01,0.21
7,225.0,26.5,35.6,9.8,69.5,37.34,24.29,29.88,4.68,2003.0,225.0,16.45,29.74,0.0,41.62,27.28,15.3,22.02,0.98,2003.0,225.0,22.715999999999998,32.59733333333334,1.3880000000000001,57.77733333333334,31.73266666666667,19.172666666666668,25.247999999999998,2.725333333333333,2003.0,7460.21,5459.13,542.22,3775.86,296.36,1071.09,0.84
8,241.0,24.98,34.92,5.88,67.79,36.09,21.69,28.93,3.9,2003.0,241.0,4.39,27.22,0.0,44.93,20.55,10.48,17.41,1.61,2003.0,241.0,21.11466666666667,31.078666666666663,1.1366666666666667,57.036666666666676,29.344666666666672,16.494,22.602000000000007,3.0460000000000003,2003.0,6471.39,3999.97,619.24,2901.85,311.54,1165.63,0.0
9,257.0,23.22,34.63,29.0,85.26,29.78,20.31,24.55,7.78,2003.0,257.0,3.96,27.0,0.0,47.43,15.12,5.33,9.12,2.42,2003.0,257.0,15.409333333333336,30.035999999999998,6.389285714285713,65.6,23.981999999999992,12.106666666666667,17.800666666666665,4.147333333333333,2003.0,4557.78,2767.93,983.36,2655.83,468.18,1556.59,0.03
10,273.0,19.58,30.49,4.81,62.33,26.43,13.14,19.04,6.04,2003.0,273.0,8.71,26.17,0.0,39.98,14.8,2.62,8.96,2.13,2003.0,273.0,16.257333333333335,28.094,1.136,49.869333333333344,20.646,8.038666666666668,13.991333333333335,4.0520000000000005,2003.0,3461.16,1936.95,1148.68,2340.57,505.14,1896.15,0.0
11,289.0,15.91,31.03,11.34,84.6,27.41,17.22,19.92,5.26,2003.0,289.0,3.06,24.73,0.0,38.16,13.78,2.98,9.14,1.18,2003.0,289.0,11.779333333333332,27.494666666666667,1.9586666666666666,58.784,20.584,9.031333333333333,14.448000000000004,3.4733333333333345,2003.0,2912.94,1680.72,1286.16,2318.9,608.84,2124.28,0.12
12,305.0,11.88,28.4,11.79,92.18,17.0,5.7,9.39,7.08,2003.0,305.0,1.48,21.46,0.0,43.36,-2.99,-6.93,-4.22,2.13,2003.0,305.0,7.575999999999999,25.56866666666666,1.8266666666666667,69.71666666666667,6.446666666666669,-0.44199999999999984,2.753333333333333,3.751333333333333,2003.0,2632.34,1442.12,1201.43,2050.4,594.81,2166.08,0.1
