,DOY,INSgdmax,RADmax,RAINmax,RHmax,TMAXmax,TMINmax,Tmax,WINDmax,YEAR,DOY,INSgdmin,RADmin,RAINmin,RHmin,TMAXmin,TMINmin,Tmin,WINDmin,YEAR,DOY,INSgdmean,RADmean,RAINmean,RHmean,TMAXmean,TMINmean,Tmean,WINDmean,YEAR,NDVI,EVI,RED,NIR,BLUE,MIR,pixrel
0,113.0,28.317500000000003,31.27,32.667500000000004,89.19999999999999,24.27,15.1325,18.83,5.445,2003.0,113.0,1.6925000000000001,22.119999999999997,0.0,46.565000000000005,12.557500000000001,2.5825,8.945,1.2925,2003.0,113.0,15.082833333333332,27.6145,6.815333333333332,72.49133333333333,18.400666666666666,8.0285,12.915000000000001,3.556166666666666,2003.0,5559.24,3538.39,803.72,2867.54,418.82,1492.53,0.46
1,129.0,30.192500000000003,31.68,28.0225,91.08499999999998,25.4725,15.662500000000001,20.12,8.0425,2003.0,129.0,2.33,25.4075,0.0,60.025,15.787500000000001,6.345000000000001,11.274999999999999,1.28,2003.0,129.0,17.848499999999998,29.022000000000002,5.417666666666667,76.027,20.494,10.174166666666666,15.077499999999999,3.6133333333333333,2003.0,7048.04,4881.84,578.33,3417.76,314.75,1143.39,0.0
2,145.0,31.015,32.9825,13.7725,82.33500000000001,32.572500000000005,18.95,24.1025,5.7124999999999995,2003.0,145.0,8.02,24.8375,0.0,27.435,18.259999999999998,7.3375,13.9125,1.0175,2003.0,145.0,24.121333333333336,28.28933333333333,1.6061666666666667,43.457333333333345,25.167333333333332,12.9465,19.1145,3.000833333333333,2003.0,7700.37,5679.8,486.41,3837.07,269.55,1010.21,0.11
3,161.0,30.125,33.027499999999996,25.102500000000003,78.045,32.504999999999995,18.615000000000002,24.72,5.197500000000001,2003.0,161.0,7.640000000000001,28.42,0.0,38.8375,19.19,9.307500000000001,14.09,0.9825,2003.0,161.0,21.860500000000002,31.0915,4.205666666666667,59.3475,26.72116666666667,14.280166666666668,20.500999999999998,2.4633333333333334,2003.0,7610.17,5938.34,564.16,4191.45,306.27,1203.27,0.06
4,177.0,32.825,35.9,31.505,81.76500000000001,34.94,22.805,27.5125,5.4799999999999995,2003.0,177.0,8.772499999999999,26.215000000000003,0.0,33.7975,23.6575,12.05,18.78,1.315,2003.0,177.0,25.158833333333334,31.879,5.544666666666666,56.62566666666666,30.285999999999998,17.75033333333333,23.856999999999996,3.281,2003.0,7637.06,5662.19,506.87,3864.21,280.41,1020.33,0.0
5,193.0,31.0875,36.53,24.2575,78.0075,35.2575,23.36,27.74,4.577499999999999,2003.0,193.0,12.295,28.9525,0.0,44.8825,25.235,14.567499999999999,21.33,1.1825,2003.0,193.0,24.399000000000004,33.21766666666667,4.702166666666665,63.5745,31.102000000000004,19.893,25.236666666666665,2.8779999999999997,2003.0,7883.3,5810.71,459.13,3893.76,254.38,914.16,0.15
6,209.0,27.6625,35.6825,37.8775,66.9025,36.6875,24.295,29.950000000000003,5.140000000000001,2003.0,209.0,10.015,30.165,0.0,44.029999999999994,25.777500000000003,12.805,20.5075,1.0274999999999999,2003.0,209.0,22.44016666666667,32.5615,5.277333333333333,54.16116666666666,31.069666666666663,18.811499999999995,24.75633333333333,2.6355,2003.0,7767.77,5684.38,473.17,3827.89,261.44,936.99,0.31
7,225.0,26.12,35.5475,4.0775,68.0325,37.7525,25.3675,30.700000000000003,3.34,2003.0,225.0,15.325,31.3375,0.0,43.7225,29.475,16.6375,22.780000000000005,1.3199999999999998,2003.0,225.0,21.841666666666665,33.51883333333333,0.7398333333333332,56.12033333333333,33.148833333333336,20.6575,26.476,2.4311666666666665,2003.0,6974.14,4602.58,562.63,3194.05,305.24,1073.48,0.61
8,241.0,25.072499999999998,35.0575,20.6025,79.1725,36.99,22.4525,29.085,4.0475,2003.0,241.0,3.8150000000000004,25.972499999999997,0.0,42.185,21.2575,9.545,18.3925,0.7875000000000001,2003.0,241.0,19.607999999999997,31.46433333333333,3.646166666666666,62.228,29.219,16.987499999999997,22.928833333333333,2.430333333333333,2003.0,7295.04,4490.49,456.85,2940.14,246.47,948.99,0.0
9,257.0,23.877500000000005,34.3625,19.33,95.82000000000001,30.435,20.939999999999998,24.7825,5.135,2003.0,257.0,0.7025,27.7925,0.0,48.9575,15.4425,4.745,11.14,1.2625000000000002,2003.0,257.0,16.03266666666667,30.3585,3.9991071428571434,63.814499999999995,24.950999999999997,13.661333333333333,19.300166666666666,3.0285,2003.0,7424.58,4674.66,445.33,3050.57,240.93,866.84,0.0
10,273.0,20.435,31.159999999999997,6.36,65.515,26.1575,13.334999999999999,19.0975,5.2250000000000005,2003.0,273.0,9.0175,25.2875,0.0,40.39,13.407500000000002,-0.29,7.5525,1.355,2003.0,273.0,16.5805,28.070499999999996,0.9153333333333333,51.43716666666668,20.445333333333334,6.9545,13.6425,3.0018333333333334,2003.0,7071.92,4407.63,504.3,2970.62,267.27,921.46,0.0
11,289.0,17.822499999999998,31.542499999999997,8.997499999999999,79.09249999999999,29.57,16.39,20.9,5.4475,2003.0,289.0,5.307499999999999,24.6575,0.0,37.3675,14.42,2.0275,8.575,1.5175,2003.0,289.0,13.193833333333334,27.66083333333333,1.0056666666666665,55.066833333333335,21.569833333333335,9.900833333333331,15.194833333333333,2.9273333333333333,2003.0,5701.19,3169.56,643.6,2387.75,339.55,1148.95,0.0
12,305.0,13.09,30.565,11.525,95.35000000000001,24.2875,10.780000000000001,16.142500000000002,5.7925,2003.0,305.0,0.8,23.1325,0.0,39.9425,1.505,-4.6725,-1.1175,1.93,2003.0,305.0,7.754,27.002499999999994,1.5461666666666667,66.38883333333334,11.288499999999999,2.933166666666666,6.9445,3.158666666666667,2003.0,5150.8,2595.81,642.38,2045.41,329.56,1263.65,0.04
