,DOY,INSgdmax,RADmax,RAINmax,RHmax,TMAXmax,TMINmax,Tmax,WINDmax,YEAR,DOY,INSgdmin,RADmin,RAINmin,RHmin,TMAXmin,TMINmin,Tmin,WINDmin,YEAR,DOY,INSgdmean,RADmean,RAINmean,RHmean,TMAXmean,TMINmean,Tmean,WINDmean,YEAR,NDVI,EVI,RED,NIR,BLUE,MIR,pixrel
0,113.0,28.693400000000004,31.792099999999998,16.6901,86.6716,24.937299999999997,15.232000000000001,19.596899999999998,6.1087,2003.0,113.0,2.6384999999999996,22.177500000000002,0.0,35.3979,11.4857,3.0957,9.069899999999999,1.4564,2003.0,113.0,14.01966666666667,27.467013333333334,4.148633333333334,65.35264000000001,18.8719,8.287579999999998,13.39548,3.6864666666666666,2003.0,4911.16,2096.85,559.69,1640.34,308.48,1013.69,0.11
1,129.0,30.137,32.474000000000004,52.68610000000001,88.83429999999998,24.985099999999996,16.928600000000003,20.5639,8.785,2003.0,129.0,1.0332000000000001,25.205599999999997,0.0,53.1905,14.983,6.712999999999999,11.854500000000002,1.4797,2003.0,129.0,17.00882,29.136886666666665,8.05428,74.96685333333332,20.24678,10.249486666666666,15.094353333333332,3.5938333333333334,2003.0,5899.1,2712.99,465.09,1853.4,270.24,804.13,0.38
2,145.0,31.2637,33.5039,6.418900000000001,84.88640000000001,31.8658,19.816200000000002,23.5691,5.4944,2003.0,145.0,11.0287,24.266000000000002,0.0,28.223600000000005,18.46,7.6617999999999995,13.604499999999998,1.3306999999999998,2003.0,145.0,23.849259999999997,28.477613333333338,0.98946,42.94149999999999,24.711366666666667,12.690333333333333,18.795180000000002,3.1140000000000003,2003.0,6778.31,3391.15,382.8,2112.16,246.37,655.75,0.91
3,161.0,29.3904,33.8106,33.735200000000006,79.69239999999999,32.4108,19.2205,24.916999999999998,5.2819,2003.0,161.0,10.309899999999999,28.418400000000002,0.0,39.3061,18.652299999999997,10.117899999999999,14.323799999999999,1.0510000000000002,2003.0,161.0,20.953066666666665,30.856973333333332,5.953,60.74451333333332,26.3388,14.830773333333333,20.517700000000005,2.6176333333333335,2003.0,7334.44,4076.48,357.55,2514.22,229.91,643.88,0.0
4,177.0,32.199600000000004,35.3222,35.1194,77.2321,35.1926,23.6179,28.3653,5.442899999999999,2003.0,177.0,11.5801,26.120299999999997,0.0,33.6439,23.662699999999997,12.088700000000001,19.7546,0.9285000000000001,2003.0,177.0,25.628753333333336,31.724426666666666,3.40322,52.22895333333333,30.838933333333333,17.67686,24.261613333333337,3.1550466666666663,2003.0,7530.89,4443.52,351.66,2739.97,223.96,663.77,0.12
5,193.0,31.1067,36.2109,38.4318,78.3032,35.0308,23.0111,27.520100000000003,4.5466999999999995,2003.0,193.0,8.2285,28.8303,0.0,42.113299999999995,23.924000000000003,14.0323,21.0768,1.0911,2003.0,193.0,23.583366666666667,32.80491333333333,7.584686666666667,62.80900666666666,30.921533333333336,19.543493333333334,24.988640000000004,2.676686666666666,2003.0,7626.19,4253.56,305.85,2551.74,195.22,573.11,0.04
6,209.0,27.440000000000005,36.1475,10.899,66.84490000000001,37.1867,25.1283,29.948600000000003,5.347899999999999,2003.0,209.0,9.069099999999999,30.068299999999997,0.0,41.6917,26.675500000000003,14.2817,21.5109,1.0707,2003.0,209.0,22.579726666666666,32.589353333333335,2.359693333333333,54.01364666666666,30.889879999999994,19.10908,24.769266666666667,2.64006,2003.0,7526.78,4084.19,316.63,2446.09,206.84,575.99,0.05
7,225.0,25.0631,36.0997,4.5167,68.37950000000001,37.605000000000004,26.139499999999998,30.8923,3.2154,2003.0,225.0,12.9305,30.299799999999998,0.0,44.663799999999995,29.2223,16.439000000000004,22.6762,1.5907,2003.0,225.0,21.576886666666667,33.40464,0.51188,57.396773333333336,32.842020000000005,20.407533333333333,26.172519999999995,2.392666666666667,2003.0,7387.4,3654.97,293.05,2145.76,192.05,531.37,0.12
8,241.0,24.909499999999998,35.149100000000004,33.617599999999996,78.3764,37.09909999999999,22.561099999999996,29.315899999999996,3.8310999999999997,2003.0,241.0,4.297,26.3795,0.0,42.3844,21.7031,10.0529,18.6021,0.7764,2003.0,241.0,19.95622,31.38876,4.603079999999999,60.75002666666666,29.375819999999997,17.196759999999998,23.115479999999998,2.41502,2003.0,7511.15,3742.62,287.97,2206.39,180.36,503.05,0.04
9,257.0,23.071600000000004,34.776700000000005,24.2135,93.4576,30.9257,20.9549,25.3064,4.6644,2003.0,257.0,1.3249999999999997,27.0899,0.0,48.7906,17.7407,5.189800000000001,13.009400000000001,1.2522000000000002,2003.0,257.0,16.421266666666668,30.574266666666666,4.002607142857142,61.13028666666666,25.83924666666667,14.429486666666667,20.245086666666666,2.9736666666666665,2003.0,7168.08,3152.08,295.84,1858.39,187.18,473.8,0.0
10,273.0,19.7654,30.7445,11.8619,61.1101,26.019299999999998,14.777099999999999,19.7152,5.263199999999999,2003.0,273.0,7.3172,25.1431,0.0,34.50750000000001,12.657000000000002,-0.976,6.795299999999999,1.1487,2003.0,273.0,15.466533333333334,27.99034666666667,2.2038333333333333,49.512873333333346,19.764580000000002,7.3133,13.545746666666666,3.06424,2003.0,6199.29,2500.73,353.97,1591.4,204.85,525.26,0.0
11,289.0,17.4459,32.0347,15.3731,75.9922,29.726399999999998,16.639200000000002,21.4084,5.4768,2003.0,289.0,7.3094,25.499499999999998,0.0,36.8356,14.278399999999998,3.132,8.9067,1.5192,2003.0,289.0,13.29856,27.98596666666667,2.268333333333333,53.74676666666666,21.163846666666664,10.5622,15.430480000000001,2.997293333333334,2003.0,5426.08,2103.3,424.72,1461.32,246.26,673.68,0.4
12,305.0,12.9599,31.105900000000002,10.480799999999999,93.15539999999999,24.2911,9.811499999999999,16.0649,5.9068000000000005,2003.0,305.0,0.8262999999999999,22.163899999999998,0.0,45.4828,2.7347,-4.2453,-0.9248,1.5662999999999998,2003.0,305.0,7.5040466666666665,26.938646666666667,2.184706666666667,65.29692666666666,11.727566666666668,3.817166666666667,7.731153333333333,3.1965266666666667,2003.0,4015.05,2144.18,1004.99,2113.81,786.87,594.85,2.15
