,DOY,INSgdmax,RADmax,RAINmax,RHmax,TMAXmax,TMINmax,Tmax,WINDmax,YEAR,DOY,INSgdmin,RADmin,RAINmin,RHmin,TMAXmin,TMINmin,Tmin,WINDmin,YEAR,DOY,INSgdmean,RADmean,RAINmean,RHmean,TMAXmean,TMINmean,Tmean,WINDmean,YEAR,NDVI,EVI,RED,NIR,BLUE,MIR,pixrel
0,113.0,28.577199999999998,31.4942,16.8734,86.79039999999999,25.566200000000002,14.1,19.505399999999998,6.050999999999999,2003.0,113.0,2.6574,22.5686,0.0,37.4598,10.310200000000002,2.6785999999999994,8.4606,1.5964000000000003,2003.0,113.0,13.965733333333331,27.411733333333334,5.2285200000000005,62.17450666666666,18.3918,8.021213333333334,12.995626666666666,3.73232,2003.0,4400.06,1824.88,537.94,1492.26,282.25,980.95,0.19
1,129.0,30.7436,31.6344,48.4302,89.6042,23.6462,15.5192,18.993000000000002,8.738000000000001,2003.0,129.0,0.8472,24.388800000000003,0.0,49.370999999999995,14.2844,5.8996,11.183399999999999,1.4542,2003.0,129.0,16.321666666666665,28.911026666666665,7.541786666666666,74.95893333333332,19.13332,9.334946666666667,14.096386666666671,3.5374799999999986,2003.0,5417.23,2388.55,463.43,1684.05,265.56,781.32,0.32
2,145.0,31.0422,33.1222,7.358600000000001,84.22760000000001,31.1984,19.279999999999998,23.115,5.529999999999999,2003.0,145.0,8.7874,23.685600000000004,0.0,27.391999999999996,17.098,7.167199999999999,13.0994,1.1441999999999997,2003.0,145.0,24.431373333333333,27.927386666666663,0.93508,42.14774666666666,24.211106666666666,12.198879999999999,18.260973333333332,3.1018399999999997,2003.0,6430.45,3180.65,380.35,2016.86,240.42,617.78,0.94
3,161.0,28.578,33.8712,35.6076,81.84960000000001,32.4844,19.9106,24.811999999999998,4.913,2003.0,161.0,12.565000000000001,27.940000000000005,0.0,36.5818,18.1802,11.247000000000002,14.7292,1.0936000000000001,2003.0,161.0,20.010853333333326,30.573546666666665,6.5488,60.89750666666666,25.814586666666667,14.684213333333334,20.06844,2.51004,2003.0,6835.67,3892.94,363.39,2446.53,234.96,613.37,0.0
4,177.0,32.0856,34.9208,27.57,78.4882,35.1352,23.497,28.1526,5.757,2003.0,177.0,8.312599999999998,25.2702,0.0,33.4146,23.118599999999997,11.436199999999998,19.0116,0.671,2003.0,177.0,26.026920000000004,31.260053333333335,2.7829466666666667,51.18825333333333,30.50608,17.183533333333337,23.812986666666664,3.191773333333333,2003.0,6969.77,4016.88,336.95,2480.18,222.92,591.98,0.01
5,193.0,31.2362,35.8578,36.7304,80.8348,34.5,22.068999999999996,26.891800000000003,4.679,2003.0,193.0,8.2086,28.8058,0.0,42.038599999999995,22.675199999999997,13.400599999999999,20.323200000000003,1.0694,2003.0,193.0,22.945373333333333,32.509,7.783533333333333,63.882866666666665,30.058426666666673,18.873626666666667,24.260426666666667,2.5754799999999998,2003.0,7273.45,4090.44,296.02,2477.8,191.89,550.68,0.07
6,209.0,26.462799999999998,35.6566,8.3268,69.2402,37.1646,24.6218,30.253200000000003,5.7622,2003.0,209.0,7.9605999999999995,30.203,0.0,42.105000000000004,26.5106,13.9942,20.9666,0.951,2003.0,209.0,22.727346666666673,32.28892,1.9023466666666666,54.414226666666664,30.34245333333333,18.83946666666667,24.367733333333334,2.7367866666666667,2003.0,7091.29,3703.4,287.1,2220.64,188.74,484.52,0.21
7,225.0,25.632199999999997,35.423,2.3286,69.923,37.556000000000004,25.5206,30.7346,3.428400000000001,2003.0,225.0,12.419,29.830000000000002,0.0,43.9636,28.729,15.748800000000001,22.108799999999995,1.509,2003.0,225.0,22.22598666666667,32.98306666666667,0.3175466666666667,58.11679999999999,32.59014666666667,19.930426666666666,25.796533333333336,2.4441333333333337,2003.0,7025.98,3423.35,265.49,2020.62,167.24,461.26,0.28
8,241.0,24.770599999999998,34.858599999999996,22.640400000000003,66.438,37.3658,22.156999999999996,29.2862,3.8213999999999992,2003.0,241.0,5.7948,26.253,0.0,41.56399999999999,22.9558,9.9666,19.149800000000003,0.9712,2003.0,241.0,21.075826666666668,30.969546666666666,3.44624,55.67981333333333,29.758919999999996,16.858666666666668,23.109413333333336,2.428066666666666,2003.0,7263.46,3469.43,266.47,2046.23,167.77,446.91,0.16
9,257.0,22.630000000000003,34.671400000000006,18.184200000000004,95.9772,31.4014,20.388599999999997,25.181600000000003,5.0212,2003.0,257.0,1.2151999999999998,26.2922,0.0,47.6308,16.4934,5.248,12.580800000000002,1.2588000000000001,2003.0,257.0,15.605466666666667,30.390106666666668,3.8603857142857145,62.27918666666666,25.39473333333334,14.297533333333334,19.923479999999998,3.0221066666666663,2003.0,6507.13,2832.7,297.74,1703.01,193.59,439.39,0.03
10,273.0,19.37,30.4186,15.537400000000002,59.093399999999995,26.3486,13.3646,19.1312,5.287999999999999,2003.0,273.0,5.112400000000001,25.053399999999996,0.0,34.647400000000005,11.925999999999998,-2.1664,5.957800000000001,1.2818,2003.0,273.0,15.109413333333334,27.809066666666666,2.49756,48.92172000000001,19.223586666666666,6.7142533333333345,12.886106666666667,3.22888,2003.0,5728.25,2262.82,318.96,1460.6,176.75,480.65,2.55
11,289.0,17.0242,31.753,16.3426,74.98200000000001,28.932399999999998,16.8424,20.8088,5.5056,2003.0,289.0,6.484800000000001,24.9722,0.0,38.07,14.0188,1.9980000000000002,8.270999999999999,1.6660000000000001,2003.0,289.0,12.825493333333332,27.576813333333334,2.32,53.699079999999995,20.61668,10.234693333333334,14.90184,3.08784,2003.0,5050.51,1758.51,369.45,1230.88,207.26,622.01,0.6
12,305.0,12.6022,29.4382,11.943999999999999,95.8776,22.924599999999998,8.6962,14.2446,6.1252,2003.0,305.0,0.4078,21.738599999999998,0.0,44.005599999999994,1.2678,-5.692200000000001,-2.5024,1.6346,2003.0,305.0,7.432600000000001,26.258013333333334,2.581093333333334,66.18849333333334,9.871853333333334,2.650546666666666,6.190093333333333,3.1447599999999998,2003.0,3098.79,1811.5,1336.7,2313.33,1156.64,634.21,2.71
