,DOY,INSgdmax,RADmax,RAINmax,RHmax,TMAXmax,TMINmax,Tmax,WINDmax,YEAR,DOY,INSgdmin,RADmin,RAINmin,RHmin,TMAXmin,TMINmin,Tmin,WINDmin,YEAR,DOY,INSgdmean,RADmean,RAINmean,RHmean,TMAXmean,TMINmean,Tmean,WINDmean,YEAR,NDVI,EVI,RED,NIR,BLUE,MIR,pixrel
0,113.0,27.7578,30.413000000000004,15.1192,94.6078,23.9696,11.8996,16.4734,6.2599,2003.0,113.0,3.5766,22.013600000000004,0.0,39.8972,4.7507,-1.1427,1.6147,1.4811,2003.0,113.0,15.365273333333331,26.24396,4.218173333333333,68.15548000000001,15.013306666666669,5.3705,10.072273333333333,3.865733333333334,2003.0,3338.47,1727.4,993.73,1989.55,485.68,1719.92,0.01
1,129.0,29.629100000000005,29.5006,24.019799999999996,96.1288,22.3855,10.3114,14.6598,8.372900000000001,2003.0,129.0,3.539,24.206899999999997,0.0,60.1934,11.2865,3.7758000000000003,8.0713,1.4646,2003.0,129.0,16.197566666666667,27.185246666666664,4.6781733333333335,79.05535333333333,16.83347333333333,6.930599999999999,11.759286666666668,3.8044533333333326,2003.0,4232.74,2235.04,847.08,2108.15,423.57,1559.21,0.0
2,145.0,30.733400000000003,32.2016,9.0642,80.60610000000001,28.477600000000002,19.361900000000002,22.9176,7.885800000000001,2003.0,145.0,5.295800000000001,24.8375,0.0,27.8526,15.421699999999998,4.6739,10.572199999999999,1.6286,2003.0,145.0,20.990006666666666,28.25570666666667,1.7711133333333333,45.341906666666674,23.15698666666667,11.023033333333332,17.319053333333336,3.4955600000000002,2003.0,6105.83,3662.54,626.9,2689.97,326.09,1160.37,0.84
3,161.0,30.249000000000002,34.7364,11.630099999999999,80.6455,31.5678,19.603699999999996,25.0307,4.5771,2003.0,161.0,12.528400000000001,28.464700000000004,0.0,43.2855,18.982300000000002,6.492800000000001,12.9108,1.1869999999999998,2003.0,161.0,21.62959333333333,30.650019999999998,3.6254333333333335,62.84000666666667,24.93445333333333,13.332033333333332,18.96624666666667,2.2915266666666665,2003.0,7040.46,4230.02,478.75,2825.47,255.51,886.94,0.07
4,177.0,32.77839999999999,34.71860000000001,23.1586,91.88700000000001,32.729600000000005,21.6022,25.9708,6.365200000000001,2003.0,177.0,6.563699999999999,25.5683,0.0,32.209199999999996,21.5901,11.4973,15.753400000000001,1.2147000000000001,2003.0,177.0,24.48786,30.603093333333334,5.724473333333335,60.113620000000004,28.267993333333333,16.06116,21.8613,4.06518,2003.0,7198.41,4256.13,433.78,2772.38,230.17,818.45,0.0
5,193.0,31.07,34.3013,8.5435,89.2505,32.5412,21.342,26.1858,6.4342,2003.0,193.0,15.552,28.8083,0.0,48.86630000000001,22.1743,12.4612,18.1323,1.2989000000000002,2003.0,193.0,23.59726,31.94503333333334,2.3580333333333336,69.15465333333334,28.11347333333333,17.145866666666667,22.380166666666668,3.262893333333334,2003.0,7318.36,4501.91,444.36,2951.87,234.99,863.82,0.0
6,209.0,27.738400000000002,35.7509,13.881599999999999,73.961,35.5354,23.213400000000004,27.388999999999996,6.837900000000001,2003.0,209.0,16.752200000000002,29.124200000000002,0.0,50.177499999999995,23.6752,11.283699999999998,18.1416,1.2382999999999997,2003.0,209.0,23.77106666666667,31.143473333333333,2.1264866666666666,61.321659999999994,28.302780000000002,16.130693333333333,21.856886666666664,3.2750733333333337,2003.0,7486.44,4536.48,415.76,2916.15,223.82,818.33,0.4
7,225.0,27.661,35.6747,9.063399999999998,71.3689,36.081199999999995,24.134,28.606099999999998,5.1806,2003.0,225.0,13.8989,28.2319,0.0,45.669599999999996,24.868100000000002,13.552100000000001,20.8698,1.1638000000000002,2003.0,225.0,23.326746666666672,31.923553333333338,1.0700466666666666,60.426326666666654,31.204006666666672,18.37766,24.338593333333336,2.775313333333333,2003.0,7061.64,4237.65,482.97,2827.85,257.31,934.03,0.07
8,241.0,24.708599999999997,34.7314,9.7792,67.8377,36.115300000000005,22.0088,28.107800000000005,4.6139,2003.0,241.0,8.9831,27.363999999999997,0.0,44.6418,22.0854,9.3068,16.3905,0.861,2003.0,241.0,20.95192,30.628619999999998,1.4382066666666669,54.673246666666664,28.527353333333338,14.811646666666668,21.398133333333337,2.8300799999999997,2003.0,6891.96,3890.83,475.19,2597.54,247.0,898.36,0.0
9,257.0,21.8644,33.7172,19.734999999999996,80.28020000000001,30.645999999999997,20.068099999999998,24.8889,7.7035,2003.0,257.0,3.0152,26.334700000000005,0.0,47.543099999999995,12.8981,5.728300000000001,8.4104,1.7012999999999998,2003.0,257.0,14.239566666666665,29.91373333333333,4.1063857142857145,63.421046666666655,23.866219999999995,12.45466,17.92016666666667,4.1135666666666655,2003.0,6705.16,3577.92,464.67,2384.09,242.73,906.97,0.0
10,273.0,18.8622,30.28,12.9077,58.5363,26.421899999999997,12.731900000000001,18.6585,6.7934,2003.0,273.0,9.7447,25.7697,0.0,40.9898,12.070400000000001,0.3363,6.5964,1.8932000000000002,2003.0,273.0,15.419339999999998,27.7342,1.24605,51.43130666666667,18.479553333333328,6.62748,12.21476,4.1040600000000005,2003.0,4528.1,2193.41,697.49,1896.99,339.67,1291.57,0.0
11,289.0,15.0772,31.090899999999998,3.8161000000000005,83.6992,25.3526,16.7446,19.3587,5.5976,2003.0,289.0,5.519500000000001,23.9391,0.0,41.814299999999996,12.632100000000001,2.5799000000000003,7.4536999999999995,1.9356999999999998,2003.0,289.0,11.554759999999998,27.168053333333333,0.8879933333333334,60.705920000000006,18.58025333333333,8.31954,13.041360000000001,3.692706666666667,2003.0,4215.64,2007.19,726.0,1814.48,364.62,1352.76,0.23
12,305.0,9.8588,27.3863,10.223400000000002,90.801,11.4728,3.5069,7.041600000000001,7.260999999999999,2003.0,305.0,2.2853000000000003,22.4626,0.0,49.535399999999996,-3.9806999999999997,-11.6659,-6.735000000000001,1.4805,2003.0,305.0,6.152566666666667,24.887759999999997,1.9172533333333333,76.29044666666667,3.202419999999999,-2.986993333333333,0.05313999999999952,3.61878,2003.0,452.5,456.69,4373.96,4688.73,4162.29,625.9,2.09
