,DOY,INSgdmax,RADmax,RAINmax,RHmax,TMAXmax,TMINmax,Tmax,WINDmax,YEAR,DOY,INSgdmin,RADmin,RAINmin,RHmin,TMAXmin,TMINmin,Tmin,WINDmin,YEAR,DOY,INSgdmean,RADmean,RAINmean,RHmean,TMAXmean,TMINmean,Tmean,WINDmean,YEAR,NDVI,EVI,RED,NIR,BLUE,MIR,pixrel
0,113.0,28.37,31.0,38.06,90.91,23.91,15.26,18.65,5.37,2003.0,113.0,2.12,22.18,0.0,52.49,13.06,2.53,8.69,1.42,2003.0,113.0,15.945333333333332,27.548,8.563333333333333,73.37133333333333,18.21466666666667,8.152,12.88,3.6006666666666662,2003.0,5898.68,3737.72,731.04,2879.15,387.9,1465.27,0.49
1,129.0,28.76,30.6,33.43,91.46,25.12,14.98,19.19,7.78,2003.0,129.0,2.84,26.24,0.0,63.16,16.23,7.17,11.02,1.16,2003.0,129.0,18.506000000000004,28.872,6.246666666666667,77.06199999999998,20.27,10.152666666666667,14.845999999999998,3.6353333333333326,2003.0,6674.49,4627.03,666.94,3386.08,358.37,1454.39,0.0
2,145.0,30.64,32.15,15.55,82.44,32.64,18.74,24.47,5.81,2003.0,145.0,3.67,24.41,0.0,28.53,17.63,7.09,13.86,0.83,2003.0,145.0,24.411333333333335,28.02533333333333,2.1526666666666667,44.42333333333334,25.169333333333334,13.112000000000002,19.172000000000004,2.9713333333333325,2003.0,7315.22,5056.22,519.06,3441.35,284.55,1163.73,0.07
3,161.0,30.2,32.87,14.37,77.4,33.06,18.54,24.96,5.1,2003.0,161.0,6.8,29.23,0.0,39.55,19.37,9.57,13.88,1.02,2003.0,161.0,22.17,30.91399999999999,2.4286666666666665,57.696,27.030666666666672,14.276666666666666,20.644000000000002,2.4213333333333336,2003.0,7018.59,5382.61,694.51,3999.57,374.42,1520.94,0.04
4,177.0,32.69,35.93,24.74,84.69,34.79,22.31,27.28,5.54,2003.0,177.0,5.72,26.35,0.0,33.76,23.68,11.93,18.09,1.45,2003.0,177.0,24.31333333333333,31.756000000000004,6.824666666666667,59.152666666666654,29.799999999999997,17.563333333333333,23.502,3.374000000000001,2003.0,7407.44,5362.25,544.95,3708.87,300.26,1097.03,0.0
5,193.0,31.14,36.83,27.04,80.25,34.83,23.15,27.83,4.75,2003.0,193.0,14.83,29.2,0.0,49.24,25.58,14.29,21.18,1.07,2003.0,193.0,24.679999999999996,33.30266666666667,3.8966666666666665,64.58,31.059999999999995,19.858,25.11866666666667,2.956000000000001,2003.0,7645.27,5906.77,545.38,4134.99,299.48,1103.59,0.17
6,209.0,28.15,35.6,29.41,69.49,36.47,23.95,30.1,5.17,2003.0,209.0,8.53,30.6,0.0,42.68,25.68,12.76,20.17,1.08,2003.0,209.0,22.016666666666666,32.472,4.831333333333334,54.00066666666667,31.09466666666666,18.665999999999997,24.69333333333333,2.684,2003.0,7714.01,5692.27,488.08,3859.57,270.46,1017.1,0.13
7,225.0,26.06,35.6,4.52,66.57,37.88,24.76,30.4,3.67,2003.0,225.0,17.89,31.93,0.0,42.86,29.34,16.72,22.84,0.93,2003.0,225.0,22.74666666666666,33.57933333333333,0.7153333333333333,54.94333333333332,33.16533333333333,20.625999999999998,26.548,2.4506666666666663,2003.0,6990.13,4737.45,582.88,3315.96,317.95,1159.52,0.68
8,241.0,25.02,35.35,16.35,80.29,37.2,22.46,29.25,4.19,2003.0,241.0,3.71,25.92,0.0,40.4,21.16,9.59,18.16,0.99,2003.0,241.0,19.62,31.307333333333325,2.2706666666666666,61.01600000000001,29.338000000000008,17.008,23.013333333333332,2.487333333333334,2003.0,6418.14,3895.23,605.6,2781.36,325.85,1249.07,0.0
9,257.0,24.23,33.98,21.16,93.93,30.63,21.54,24.64,5.69,2003.0,257.0,0.65,27.47,0.0,50.0,15.81,5.09,10.96,1.33,2003.0,257.0,15.610666666666667,30.247999999999994,5.104285714285715,63.79,24.691999999999997,13.341333333333331,18.994666666666664,3.096000000000001,2003.0,6354.18,3850.85,613.41,2786.24,315.52,1205.78,0.0
10,273.0,20.3,31.43,4.89,64.9,26.27,13.11,18.94,5.21,2003.0,273.0,8.32,25.34,0.0,41.5,14.24,0.76,8.43,1.61,2003.0,273.0,16.369999999999997,27.997999999999998,0.6973333333333334,50.62666666666667,20.77733333333333,7.314000000000001,13.994000000000002,3.1493333333333333,2003.0,5701.21,3490.44,737.64,2733.54,383.14,1333.39,0.0
11,289.0,17.71,31.79,8.54,80.24,29.27,16.99,20.9,5.23,2003.0,289.0,5.15,24.44,0.0,37.81,14.6,1.81,8.71,1.42,2003.0,289.0,12.757333333333333,27.35733333333333,1.1826666666666665,55.13733333333334,21.775333333333332,9.879333333333332,15.261333333333335,2.901333333333333,2003.0,4994.34,2895.97,800.91,2432.53,421.64,1483.32,0.0
12,305.0,12.82,29.59,9.17,95.98,23.92,11.14,15.76,5.92,2003.0,305.0,0.5,23.08,0.0,39.23,0.38,-4.23,-1.17,2.05,2003.0,305.0,7.644,26.711999999999993,1.5226666666666666,66.45333333333333,10.764,2.578666666666666,6.372000000000001,3.164666666666667,2003.0,4689.59,2562.23,794.91,2228.73,412.56,1499.83,0.28
