,DOY,INSgdmax,RADmax,RAINmax,RHmax,TMAXmax,TMINmax,Tmax,WINDmax,YEAR,DOY,INSgdmin,RADmin,RAINmin,RHmin,TMAXmin,TMINmin,Tmin,WINDmin,YEAR,DOY,INSgdmean,RADmean,RAINmean,RHmean,TMAXmean,TMINmean,Tmean,WINDmean,YEAR,NDVI,EVI,RED,NIR,BLUE,MIR,pixrel
0,113.0,28.033,30.9824,23.7564,93.9372,22.426000000000002,14.6504,17.849600000000002,5.9554,2003.0,113.0,3.3502,22.0182,0.0,51.7176,9.8136,2.1732,6.864800000000001,1.4082000000000001,2003.0,113.0,15.608946666666665,27.212920000000004,6.2833999999999985,70.75945333333334,17.07628,7.353013333333333,11.828093333333335,3.829626666666667,2003.0,5444.83,3365.19,777.48,2714.7,411.54,1536.27,0.42
1,129.0,29.0732,29.677,29.886000000000003,93.20840000000001,25.4082,12.9814,16.8722,8.446200000000001,2003.0,129.0,2.0032,25.790799999999997,0.0,61.345600000000005,13.5634,5.7958,9.873000000000001,1.0316,2003.0,129.0,17.048893333333336,28.185426666666658,5.34928,78.08124000000001,18.639093333333335,8.88448,13.567239999999998,3.8315199999999994,2003.0,6268.9,4192.41,695.17,3141.37,371.54,1535.69,0.01
2,145.0,31.1868,32.5042,18.726,82.748,30.397399999999998,20.294200000000004,24.2056,6.494999999999999,2003.0,145.0,3.2522,23.8874,0.0,28.230600000000003,16.418799999999997,5.8469999999999995,12.2356,1.3568,2003.0,145.0,22.720373333333335,28.296879999999998,2.8106133333333334,44.24265333333334,24.420586666666665,12.397253333333332,18.571440000000003,3.2429333333333332,2003.0,6733.14,4638.42,642.29,3362.24,344.46,1455.73,0.78
3,161.0,29.223799999999997,32.765,12.0072,73.1918,33.408,19.561999999999998,25.669800000000002,5.064399999999999,2003.0,161.0,9.419799999999999,28.510000000000005,0.0,40.9018,19.1404,9.104999999999999,13.4544,1.2066000000000001,2003.0,161.0,20.648653333333332,30.940106666666665,3.33696,57.20392,26.638440000000003,14.183293333333335,20.36978666666667,2.4673599999999998,2003.0,7149.35,5299.16,641.15,3849.34,344.28,1439.03,0.05
4,177.0,32.1688,35.8258,22.3828,87.61699999999999,33.878600000000006,22.4978,26.845,5.9956,2003.0,177.0,5.525399999999999,26.151200000000003,0.0,34.3892,22.7362,11.569399999999998,16.8874,0.8574,2003.0,177.0,25.364959999999996,31.180639999999997,5.784013333333334,59.394506666666665,29.23464,16.69686666666667,22.74964,3.7072133333333337,2003.0,7287.18,5245.29,572.51,3680.78,312.13,1249.45,0.0
5,193.0,30.8318,36.458800000000004,21.137999999999998,85.52420000000001,34.037400000000005,22.4818,27.4666,5.345000000000001,2003.0,193.0,14.357,28.927,0.0,48.8946,24.198,13.261199999999999,20.385800000000003,1.3108,2003.0,193.0,23.88809333333333,32.75790666666667,4.22124,66.88283999999999,29.813453333333335,19.110933333333328,24.121853333333334,3.024173333333333,2003.0,7375.58,5394.38,570.03,3794.43,308.11,1160.43,0.0
6,209.0,28.086,35.007400000000004,25.266199999999998,73.3312,36.4178,24.4808,29.6848,5.9016,2003.0,209.0,7.421199999999999,29.3632,0.0,44.5934,24.395399999999995,11.9088,19.0582,0.73,2003.0,209.0,22.449440000000003,31.777213333333336,3.500053333333333,57.54653333333333,29.912266666666667,17.590226666666673,23.5218,2.994413333333333,2003.0,7068.19,4904.79,578.78,3445.0,320.27,1128.56,0.21
7,225.0,26.448800000000002,35.722,5.3662,67.2888,37.0638,24.260599999999997,29.702599999999997,4.333,2003.0,225.0,16.2468,30.3968,0.0,43.967999999999996,28.208,16.0326,21.9658,1.1314,2003.0,225.0,22.25452,32.84641333333334,0.7727866666666667,57.67993333333334,32.220146666666665,19.60944,25.566706666666672,2.5874933333333336,2003.0,5983.58,3886.31,762.29,3015.39,407.46,1388.08,0.04
8,241.0,24.7406,35.355599999999995,10.2078,65.6488,36.3794,21.645,28.8938,3.7169999999999996,2003.0,241.0,7.5092,26.4544,0.0,42.885999999999996,21.762,10.668,17.9206,0.9000000000000001,2003.0,241.0,21.135906666666667,30.93612,1.454426666666667,55.62143999999999,29.586546666666663,16.604133333333333,22.85377333333333,2.750706666666667,2003.0,5936.94,3402.93,646.08,2533.33,335.08,1377.26,0.0
9,257.0,23.0232,34.531800000000004,21.6784,82.10379999999999,30.506,20.647199999999998,24.8872,6.946199999999999,2003.0,257.0,0.6268,27.0994,0.0,45.47579999999999,15.250800000000002,6.2264,10.0228,1.7151999999999998,2003.0,257.0,15.227453333333333,30.135600000000004,4.914585714285714,61.50716,24.470386666666663,12.993013333333334,18.710573333333336,3.6268000000000002,2003.0,6370.65,3609.48,561.93,2540.03,296.54,1084.67,0.0
10,273.0,19.3468,31.546999999999997,11.2152,57.748000000000005,26.571,12.6794,19.1254,5.936,2003.0,273.0,7.912599999999999,26.064999999999998,0.0,39.8792,14.376000000000001,0.46779999999999994,8.2188,1.4262000000000001,2003.0,273.0,15.943466666666666,28.016453333333338,1.0034933333333333,49.124679999999984,20.397120000000005,7.35628,13.671906666666667,3.6446400000000008,2003.0,5675.15,3284.99,688.45,2530.03,357.62,1348.25,0.0
11,289.0,16.6012,31.4482,14.39,80.3244,27.8928,18.114,20.696,5.1008,2003.0,289.0,4.5698,24.590600000000002,0.0,38.727199999999996,14.458,2.0696000000000003,8.8872,1.5346000000000002,2003.0,289.0,12.063320000000001,27.3444,1.8086666666666666,56.37852000000001,20.73117333333333,9.596306666666667,14.661640000000002,3.2946666666666666,2003.0,5067.36,2749.08,725.68,2248.31,376.86,1412.2,0.04
12,305.0,11.9206,28.6194,25.541800000000002,91.589,17.3842,6.119400000000001,10.427,6.9444,2003.0,305.0,1.1732,22.2502,0.0,42.614200000000004,-1.8405999999999998,-5.4516,-3.0358,1.867,2003.0,305.0,7.703346666666668,25.684293333333333,4.6972,67.32837333333333,7.552159999999999,0.6280399999999999,3.822333333333334,3.405226666666667,2003.0,4754.58,2472.39,736.92,2093.48,387.08,1432.83,0.49
