,DOY,INSgdmax,RADmax,RAINmax,RHmax,TMAXmax,TMINmax,Tmax,WINDmax,YEAR,DOY,INSgdmin,RADmin,RAINmin,RHmin,TMAXmin,TMINmin,Tmin,WINDmin,YEAR,DOY,INSgdmean,RADmean,RAINmean,RHmean,TMAXmean,TMINmean,Tmean,WINDmean,YEAR,NDVI,EVI,RED,NIR,BLUE,MIR,pixrel
0,113.0,28.36,31.015600000000003,37.4592,91.0156,23.863200000000003,15.2712,18.6388,5.3876,2003.0,113.0,2.2108,22.185599999999997,0.0,52.5296,12.9316,2.5332,8.6364,1.412,2003.0,113.0,15.9232,27.55605333333333,8.446319999999998,73.36725333333332,18.201333333333334,8.153973333333333,12.87904,3.6089866666666666,2003.0,5308.44,3425.49,875.2,2887.17,464.65,1805.67,1.0
1,129.0,28.770400000000002,30.634400000000007,32.937599999999996,91.5152,25.0928,14.921999999999999,19.128400000000003,7.7791999999999994,2003.0,129.0,2.8416,26.256,0.0,63.0288,16.2548,7.14,11.0164,1.1616,2003.0,129.0,18.50234666666667,28.86202666666667,6.168453333333334,77.06970666666665,20.258186666666667,10.151253333333333,14.841119999999998,3.6407466666666664,2003.0,6397.38,4239.15,681.75,3139.32,367.31,1488.31,0.1
2,145.0,30.6268,32.144,15.516000000000002,82.4416,32.6344,18.796,24.5016,5.8188,2003.0,145.0,3.6068000000000002,24.400000000000002,0.0,28.596,17.6084,7.0892,13.8324,0.8395999999999999,2003.0,145.0,24.393920000000005,28.04565333333333,2.16248,44.455333333333336,25.17610666666667,13.117946666666668,19.17813333333334,2.975253333333333,2003.0,7126.36,4710.4,516.68,3200.11,281.26,1158.92,0.07
3,161.0,30.218799999999998,32.864,14.35,77.3208,33.086800000000004,18.5336,24.994799999999998,5.1044,2003.0,161.0,6.7943999999999996,29.236,0.0,39.5864,19.3588,9.5228,13.8588,1.0116,2003.0,161.0,22.164186666666662,30.911493333333325,2.4810399999999997,57.634213333333335,27.047760000000004,14.285493333333331,20.65317333333333,2.4250400000000005,2003.0,6974.72,5243.95,683.37,3872.34,370.27,1590.51,0.03
4,177.0,32.6584,35.92719999999999,24.8416,84.7956,34.7684,22.309999999999995,27.2692,5.541200000000001,2003.0,177.0,5.8584,26.412000000000003,0.0,33.7536,23.682399999999998,11.9408,18.066799999999997,1.4436,2003.0,177.0,24.340186666666664,31.760186666666673,6.855706666666668,59.31677333333332,29.784319999999997,17.560826666666664,23.4904,3.3844266666666676,2003.0,7333.08,5358.96,565.7,3748.8,309.16,1218.9,0.0
5,193.0,31.125600000000002,36.8256,26.740000000000002,80.39280000000001,34.83,23.141599999999997,27.8436,4.76,2003.0,193.0,14.801200000000001,29.218399999999995,0.0,49.2344,25.607599999999998,14.275599999999999,21.1796,1.0968,2003.0,193.0,24.705493333333333,33.30149333333333,3.8894399999999996,64.62397333333334,31.059599999999993,19.85485333333333,25.113226666666662,2.963573333333334,2003.0,7798.69,5806.85,485.83,3945.67,266.54,1022.83,0.11
6,209.0,28.181599999999996,35.606,29.294800000000002,69.49799999999999,36.466,23.979999999999997,30.107200000000006,5.1884,2003.0,209.0,8.5316,30.575600000000005,0.0,42.6368,25.693199999999997,12.7896,20.170800000000003,1.082,2003.0,209.0,22.02984,32.47173333333333,4.803520000000002,53.99392,31.104239999999997,18.657093333333332,24.694639999999993,2.6877333333333335,2003.0,7798.35,5522.17,446.72,3649.22,248.78,924.38,0.52
7,225.0,26.0932,35.6304,4.8672,66.4812,37.876000000000005,24.741600000000002,30.406399999999998,3.6852,2003.0,225.0,17.9232,31.889599999999998,0.0,42.803599999999996,29.336399999999998,16.736399999999996,22.845999999999997,0.9416,2003.0,225.0,22.75770666666666,33.56557333333333,0.7406133333333333,54.923893333333325,33.164159999999995,20.617653333333333,26.54669333333333,2.454533333333333,2003.0,7029.7,4477.28,527.64,3043.76,288.86,1065.79,0.48
8,241.0,25.0228,35.363200000000006,16.363200000000003,80.3592,37.1968,22.455599999999997,29.2532,4.204000000000001,2003.0,241.0,3.7864,25.928800000000003,0.0,40.480399999999996,21.140800000000002,9.6332,18.138,0.9723999999999999,2003.0,241.0,19.630933333333335,31.309413333333328,2.2748266666666668,61.022853333333344,29.33877333333334,17.00842666666667,23.011306666666663,2.493893333333334,2003.0,6207.46,3746.15,640.57,2735.3,343.56,1306.2,0.0
9,257.0,24.23,33.9844,21.366,93.54560000000001,30.6068,21.4936,24.6416,5.731999999999999,2003.0,257.0,0.7480000000000001,27.461199999999998,0.0,49.9144,15.8384,5.1128,10.9472,1.3396000000000001,2003.0,257.0,15.616373333333334,30.247573333333328,5.102228571428572,63.80128,24.67749333333333,13.325946666666667,18.980079999999997,3.1119200000000005,2003.0,6029.35,3577.03,654.12,2666.06,336.75,1269.74,0.0
10,273.0,20.294400000000003,31.424,4.994799999999999,64.86240000000001,26.2896,13.1112,18.9268,5.2168,2003.0,273.0,8.2636,25.3632,0.0,41.56,14.217199999999998,0.8156,8.4672,1.6316000000000002,2003.0,273.0,16.369439999999997,28.005200000000002,0.7134133333333333,50.62834666666667,20.788986666666666,7.343280000000001,14.011680000000002,3.1642133333333335,2003.0,5045.62,3024.06,860.35,2591.6,452.88,1493.85,0.0
11,289.0,17.7056,31.7768,8.5116,80.30519999999999,29.258399999999998,17.012800000000002,20.9012,5.218400000000001,2003.0,289.0,5.1224,24.4416,0.0,37.8188,14.616799999999998,1.8323999999999998,8.73,1.4072,2003.0,289.0,12.755146666666667,27.36813333333333,1.1877333333333333,55.16552,21.77741333333333,9.885999999999997,15.267360000000002,2.905946666666667,2003.0,4709.72,2640.06,842.32,2330.14,435.66,1522.07,0.12
12,305.0,12.8228,29.539599999999997,9.2412,95.9192,23.8084,10.9888,15.7012,5.928399999999999,2003.0,305.0,0.5464,23.046799999999998,0.0,39.2152,0.34400000000000003,-4.218,-1.184,2.0563999999999996,2003.0,305.0,7.661493333333334,26.699839999999995,1.5018133333333332,66.47840000000001,10.729680000000002,2.5501333333333327,6.34304,3.172586666666667,2003.0,4421.63,2375.98,836.75,2165.52,434.92,1472.35,0.37
