,DOY,INSgdmax,RADmax,RAINmax,RHmax,TMAXmax,TMINmax,Tmax,WINDmax,YEAR,DOY,INSgdmin,RADmin,RAINmin,RHmin,TMAXmin,TMINmin,Tmin,WINDmin,YEAR,DOY,INSgdmean,RADmean,RAINmean,RHmean,TMAXmean,TMINmean,Tmean,WINDmean,YEAR,NDVI,EVI,RED,NIR,BLUE,MIR,pixrel
0,113.0,27.6984,31.68,27.196399999999997,91.5676,24.6396,14.834,18.985999999999997,5.8988,2003.0,113.0,2.3756,22.2152,0.0,44.0396,11.9292,2.5488,8.338799999999999,1.698,2003.0,113.0,14.331119999999999,27.30088,5.706160000000001,69.39309333333333,17.959626666666665,7.7036,12.526026666666667,3.66336,2003.0,4368.33,1765.32,547.31,1429.0,346.18,839.84,0.16
1,129.0,30.254000000000005,31.6496,25.772,90.63999999999999,24.879600000000003,14.9812,19.0796,8.4692,2003.0,129.0,1.8144000000000002,24.4836,0.0,56.9128,14.3664,5.417199999999999,10.726399999999998,1.2688,2003.0,129.0,16.932586666666666,28.72896,5.55136,76.09031999999999,19.53058666666667,9.483733333333333,14.310293333333334,3.59448,2003.0,5153.15,2174.49,452.52,1537.55,278.59,754.54,0.0
2,145.0,30.98,32.6648,18.044,81.57679999999999,31.622,18.514400000000002,23.915999999999997,5.8976,2003.0,145.0,7.582,25.0504,0.0,26.6732,17.7916,6.8824000000000005,13.4756,0.9648000000000001,2003.0,145.0,24.048133333333336,28.228,2.1339733333333335,42.25213333333333,24.74042666666667,12.507333333333335,18.715173333333336,3.0942933333333333,2003.0,6240.56,2899.38,401.41,1854.9,270.27,661.01,0.88
3,161.0,29.383200000000002,33.0608,29.4544,80.8712,32.4992,19.8112,24.7488,4.993200000000001,2003.0,161.0,11.4016,28.5404,0.0,37.6208,19.366799999999998,9.8472,14.3456,1.002,2003.0,161.0,21.274346666666666,30.930933333333336,4.765146666666667,60.81021333333334,26.05608,14.232266666666666,20.072746666666667,2.4350933333333336,2003.0,6749.62,3103.94,316.04,1857.85,218.85,515.25,0.0
4,177.0,32.754799999999996,35.474000000000004,24.256,81.79480000000001,34.446,22.925199999999997,27.494,5.7992,2003.0,177.0,5.8027999999999995,25.709200000000003,0.0,34.418,23.169999999999998,11.981200000000001,18.2932,0.95,2003.0,177.0,25.526,31.4912,4.032133333333333,54.399226666666664,30.181759999999997,17.379600000000003,23.648933333333332,3.314,2003.0,6750.32,3418.14,349.32,2098.69,234.9,576.0,0.0
5,193.0,31.07,36.014,36.6868,80.06960000000001,34.5552,22.5276,27.3004,4.731199999999999,2003.0,193.0,11.6548,28.8508,0.0,42.2204,23.8784,14.0776,20.74,1.1816,2003.0,193.0,23.546720000000004,32.938453333333335,6.322773333333333,64.12552,30.355253333333337,19.312453333333334,24.647946666666666,2.741066666666666,2003.0,6905.19,3398.94,327.78,2052.14,226.35,558.43,0.01
6,209.0,27.205599999999997,35.8508,24.8152,66.872,36.9584,24.1028,30.034399999999998,5.4948,2003.0,209.0,8.692400000000001,29.3992,0.0,45.12,25.3684,12.736799999999999,20.1592,0.9076,2003.0,209.0,22.810880000000004,32.133520000000004,4.169040000000001,55.45114666666666,30.47168,18.48837333333333,24.29008,2.76056,2003.0,7162.68,3059.56,266.05,1756.79,197.23,455.07,0.92
7,225.0,26.3,35.37,5.549200000000001,69.4992,37.55,24.962,30.556800000000003,3.5308,2003.0,225.0,15.2764,30.4232,0.0,43.8116,29.1104,16.0852,22.2416,1.4948,2003.0,225.0,21.797706666666663,33.235839999999996,0.7966399999999999,57.57762666666666,32.83058666666667,20.161546666666666,26.036426666666667,2.46904,2003.0,6594.83,2902.87,299.49,1742.08,191.13,483.27,0.01
8,241.0,24.8852,35.0496,17.4376,69.0592,37.150400000000005,21.906,28.812399999999997,3.6864,2003.0,241.0,6.0196000000000005,26.495600000000003,0.0,42.440799999999996,22.154,9.5748,18.5916,0.7008,2003.0,241.0,20.666399999999996,31.201786666666663,3.036293333333333,58.14389333333333,29.565466666666666,16.69821333333333,22.926693333333333,2.435226666666667,2003.0,6538.97,2719.87,292.8,1619.02,198.22,471.13,0.03
9,257.0,23.1392,34.4452,18.6688,96.1748,30.753999999999998,20.7016,24.862,5.3468,2003.0,257.0,0.8352,27.6952,0.0,48.034000000000006,15.313600000000001,4.9436,11.0272,1.2656,2003.0,257.0,15.931840000000001,30.44781333333333,4.955971428571429,63.21978666666667,24.89568,13.673706666666668,19.310266666666664,3.1041333333333334,2003.0,6585.79,2438.25,258.58,1423.79,169.08,380.83,0.14
10,273.0,19.7888,31.3452,10.2932,60.47200000000001,26.331200000000003,12.6228,18.8428,5.486,2003.0,273.0,7.9124,25.3852,0.0,39.0792,12.496400000000001,-1.8496,6.5687999999999995,1.302,2003.0,273.0,16.143786666666664,28.070773333333335,1.5930133333333334,50.28226666666667,19.95066666666667,6.499733333333333,13.160106666666668,3.1404000000000005,2003.0,5538.51,2130.45,371.28,1413.74,223.65,490.47,0.03
11,289.0,17.3032,31.716,15.8124,77.334,28.8828,16.7724,20.5544,5.539199999999999,2003.0,289.0,5.1808,24.8004,0.0,37.8856,14.276800000000001,1.6264000000000003,8.3444,1.614,2003.0,289.0,12.684826666666666,27.744079999999993,1.5307733333333333,54.68322666666667,21.009813333333334,9.780000000000001,14.878266666666665,3.09856,2003.0,4952.05,1609.6,424.41,1189.53,295.36,620.8,0.99
12,305.0,12.4632,29.2068,12.124400000000001,94.404,23.2772,8.4648,14.3564,6.191599999999999,2003.0,305.0,1.0408000000000002,22.158,0.0,41.1272,0.728,-5.728800000000001,-2.3288,1.7235999999999998,2003.0,305.0,7.542773333333333,26.3228,2.4901066666666667,66.25042666666667,9.80744,2.2171999999999996,5.8212,3.1775733333333336,2003.0,4825.79,1740.13,420.21,1293.69,254.01,490.41,6.48
