,DOY,INSgdmax,RADmax,RAINmax,RHmax,TMAXmax,TMINmax,Tmax,WINDmax,YEAR,DOY,INSgdmin,RADmin,RAINmin,RHmin,TMAXmin,TMINmin,Tmin,WINDmin,YEAR,DOY,INSgdmean,RADmean,RAINmean,RHmean,TMAXmean,TMINmean,Tmean,WINDmean,YEAR,NDVI,EVI,RED,NIR,BLUE,MIR,pixrel
0,113.0,27.72,30.17,13.24,95.11,24.38,11.77,16.63,6.43,2003.0,113.0,3.42,22.1,0.0,39.26,3.56,-1.95,0.64,1.5,2003.0,113.0,15.395333333333332,26.132,3.8153333333333337,67.78,14.752666666666668,5.095999999999999,9.841333333333333,3.833333333333334,2003.0,2963.25,1525.66,1022.76,1897.31,519.91,2070.39,0.06
1,129.0,30.35,29.56,23.28,96.82,21.67,9.82,14.46,8.3,2003.0,129.0,3.89,24.08,0.0,60.62,10.76,3.36,7.75,1.47,2003.0,129.0,16.286666666666665,27.062666666666658,4.473333333333334,78.96733333333333,16.595333333333333,6.6659999999999995,11.514666666666667,3.7713333333333323,2003.0,3794.22,1919.34,857.33,1926.75,438.01,1899.32,0.0
2,145.0,30.89,32.18,6.78,80.76,28.24,19.1,22.68,8.01,2003.0,145.0,5.15,24.77,0.0,28.02,15.23,4.52,10.34,1.58,2003.0,145.0,20.870666666666672,28.160666666666668,1.6773333333333336,45.57266666666667,22.95466666666667,10.795333333333334,17.111333333333334,3.506,2003.0,5547.44,3207.85,693.02,2499.85,355.45,1585.74,1.0
3,161.0,30.6,34.92,8.76,83.17,31.26,19.79,24.92,4.38,2003.0,161.0,12.82,28.3,0.0,43.38,18.85,6.05,12.9,1.16,2003.0,161.0,21.58333333333333,30.472,3.3833333333333333,64.03466666666667,24.595333333333333,13.167333333333328,18.70866666666667,2.2326666666666664,2003.0,7181.94,4649.16,480.43,3134.39,248.5,996.73,0.18
4,177.0,32.8,34.67,24.46,92.4,32.6,21.37,25.96,6.43,2003.0,177.0,7.02,25.49,0.0,31.95,21.42,11.5,15.64,1.32,2003.0,177.0,24.348000000000003,30.489333333333335,6.035333333333336,60.238000000000014,28.11733333333333,15.996000000000002,21.738000000000003,4.074000000000001,2003.0,7333.06,4778.77,464.68,3202.32,239.89,908.67,0.0
5,193.0,31.07,33.98,8.26,89.48,32.39,21.18,26.04,6.58,2003.0,193.0,15.66,28.73,0.0,48.95,21.88,12.31,17.73,1.28,2003.0,193.0,23.83,31.771333333333338,2.2113333333333336,69.39333333333335,27.875333333333334,16.778666666666666,22.09666666666667,3.2553333333333336,2003.0,7633.83,4988.56,418.59,3270.69,213.79,816.04,0.03
6,209.0,27.76,36.11,13.32,73.34,35.53,23.1,27.2,6.9,2003.0,209.0,18.14,29.27,0.0,50.65,23.74,11.2,18.12,1.16,2003.0,209.0,23.95466666666667,31.067333333333337,2.1086666666666667,61.395999999999994,28.146000000000004,16.013333333333335,21.698666666666664,3.2853333333333334,2003.0,6917.12,4390.99,548.22,3053.74,279.54,921.2,0.52
7,225.0,28.12,35.78,8.95,72.16,35.93,24.08,28.49,5.24,2003.0,225.0,12.53,27.97,0.0,45.81,24.32,13.22,20.67,1.18,2003.0,225.0,23.42466666666667,31.855333333333338,1.0266666666666666,60.73466666666666,31.084666666666678,18.254,24.19333333333334,2.791333333333333,2003.0,5961.25,3650.15,711.66,2788.89,364.01,1227.4,0.07
8,241.0,24.66,34.78,10.33,68.51,36.01,22.16,28.07,4.73,2003.0,241.0,8.03,27.58,0.0,45.09,21.81,8.81,16.08,0.51,2003.0,241.0,20.674,30.581999999999997,1.2126666666666668,54.98266666666667,28.31333333333334,14.476666666666665,21.11733333333334,2.802,2003.0,5673.31,3200.44,665.14,2449.01,331.07,1233.94,0.0
9,257.0,21.67,33.62,18.79,81.56,30.7,20.06,24.87,7.69,2003.0,257.0,3.89,26.17,0.0,48.48,12.62,5.65,8.27,1.65,2003.0,257.0,14.130666666666666,29.98933333333333,3.986428571428571,64.05266666666665,23.761999999999997,12.376,17.780666666666672,4.130666666666666,2003.0,5510.62,2850.54,596.29,2133.36,306.61,1235.16,0.0
10,273.0,18.9,30.28,14.39,58.62,26.43,12.47,18.51,6.95,2003.0,273.0,10.66,25.74,0.0,41.6,11.66,0.15,6.24,2.12,2003.0,273.0,15.335999999999997,27.754,1.395,51.96266666666667,18.10533333333333,6.432,11.93,4.128,2003.0,3976.07,1941.16,761.78,1828.63,383.87,1551.1,0.02
11,289.0,14.98,31.18,2.89,83.98,24.98,16.48,19.14,5.63,2003.0,289.0,5.83,23.58,0.0,42.33,12.3,2.48,7.1,1.96,2003.0,289.0,11.665999999999999,27.09533333333333,0.8273333333333334,61.238000000000014,18.293333333333333,8.13,12.798000000000002,3.714666666666667,2003.0,3746.14,1797.22,785.5,1772.92,391.85,1641.44,0.14
12,305.0,9.47,26.93,7.68,91.26,11.03,3.11,6.75,7.18,2003.0,305.0,2.45,22.9,0.0,50.61,-4.14,-12.97,-7.41,1.44,2003.0,305.0,5.782666666666667,24.827999999999996,1.5493333333333335,77.88866666666667,2.7039999999999993,-3.529333333333333,-0.4460000000000003,3.6060000000000003,2003.0,241.57,287.17,5618.73,5842.28,5397.37,619.29,2.02
