,DOY,INSgdmax,RADmax,RAINmax,RHmax,TMAXmax,TMINmax,Tmax,WINDmax,YEAR,DOY,INSgdmin,RADmin,RAINmin,RHmin,TMAXmin,TMINmin,Tmin,WINDmin,YEAR,DOY,INSgdmean,RADmean,RAINmean,RHmean,TMAXmean,TMINmean,Tmean,WINDmean,YEAR,NDVI,EVI,RED,NIR,BLUE,MIR,pixrel
0,113.0,27.956699999999998,30.9974,26.5065,94.02109999999999,21.776400000000002,14.156300000000002,17.2767,6.0119,2003.0,113.0,3.3246,22.2768,0.0,51.5422,8.4497,2.2222999999999997,6.1023,1.4055,2003.0,113.0,15.85718,27.164560000000005,5.536813333333333,70.93118666666668,16.895780000000002,7.1950666666666665,11.713240000000003,3.935506666666667,2003.0,5190.34,3442.42,949.27,3009.75,497.0,1950.45,1.0
1,129.0,29.185,29.7058,27.1358,93.2314,25.473000000000003,12.3931,16.709500000000002,8.3734,2003.0,129.0,1.9098000000000002,26.182300000000005,0.0,62.0293,13.1536,5.680300000000001,9.8233,1.0362,2003.0,129.0,17.03926,28.058733333333326,4.781173333333333,78.23675999999999,18.58602666666667,8.741086666666666,13.526766666666665,3.9217066666666662,2003.0,5668.91,3742.08,827.44,3027.21,438.4,1869.67,0.07
2,145.0,30.994200000000003,32.3109,13.886800000000001,82.74350000000001,30.1658,20.782199999999996,24.4084,6.6475,2003.0,145.0,3.6252000000000004,24.147,0.0,29.133200000000002,16.3543,5.6696,11.8721,1.5082,2003.0,145.0,22.480800000000002,28.49036,2.7023133333333336,45.04929333333334,24.468226666666666,12.407526666666666,18.600440000000003,3.2850333333333332,2003.0,6187.04,4046.0,702.33,3043.18,373.21,1748.84,0.23
3,161.0,29.3717,33.170199999999994,11.5712,71.7501,33.3892,19.1427,25.868400000000005,5.1438,2003.0,161.0,8.1922,28.6753,0.0,41.7778,18.766,8.594299999999999,12.980799999999999,1.2155,2003.0,161.0,20.42985333333333,31.003559999999997,3.3681133333333335,56.29259999999999,26.797206666666664,14.277233333333333,20.48420666666667,2.542673333333333,2003.0,6686.01,4743.37,701.34,3538.65,374.59,1646.8,0.01
4,177.0,31.8164,35.9165,24.2785,89.2649,34.1058,22.3726,26.7894,6.0207,2003.0,177.0,7.0528,26.6252,0.0,34.4662,22.733700000000002,11.5704,16.6615,0.8871,2003.0,177.0,25.40624,31.186333333333334,6.291033333333333,61.718506666666656,29.005020000000002,16.60404666666667,22.55488666666667,3.85944,2003.0,7297.36,5203.35,567.07,3638.68,303.9,1257.25,0.0
5,193.0,30.8934,36.6442,19.3188,87.142,33.7592,22.6023,27.6465,5.45,2003.0,193.0,16.268199999999997,29.4518,0.0,49.65239999999999,24.4633,13.056799999999997,20.363400000000002,1.4485,2003.0,193.0,24.2974,32.82892000000001,3.4831333333333325,67.64689333333334,29.76802,19.090639999999997,24.031473333333334,3.1714333333333338,2003.0,7273.27,5452.34,608.94,3900.36,331.31,1274.8,0.04
6,209.0,27.560899999999997,34.9202,29.8851,74.9702,36.2916,24.5634,29.3784,6.2188,2003.0,209.0,6.820600000000001,29.399,0.0,44.6957,24.279899999999998,12.2158,18.988999999999997,0.7604,2003.0,209.0,22.631866666666667,31.848280000000003,4.10056,57.98714,29.902859999999993,17.31344666666667,23.37282666666667,3.0225000000000004,2003.0,7207.75,5256.67,591.88,3732.18,317.75,1220.31,0.24
7,225.0,26.581,35.6648,7.3619,67.151,37.1537,24.29,29.726100000000002,4.518000000000001,2003.0,225.0,16.101699999999997,30.0883,0.0,43.385799999999996,27.895599999999998,15.883199999999999,21.9795,1.0448,2003.0,225.0,22.4082,32.70587333333334,1.17794,57.688233333333336,32.05018666666666,19.424846666666667,25.439700000000002,2.6427133333333335,2003.0,7081.96,4914.59,585.13,3462.76,314.2,1146.1,0.38
8,241.0,24.8099,35.211600000000004,9.3549,66.8585,36.130500000000005,21.738599999999998,28.938100000000002,3.8028,2003.0,241.0,6.3178,26.661100000000005,0.0,43.68260000000001,21.3276,10.496200000000002,17.6773,1.205,2003.0,241.0,21.147066666666667,30.96796666666667,1.4979266666666669,56.151606666666666,29.479126666666666,16.5696,22.755359999999996,2.8877800000000002,2003.0,6192.1,3669.27,627.19,2683.66,323.13,1299.97,0.0
9,257.0,23.0742,34.2817,26.124499999999998,81.0399,30.0959,20.0184,24.768700000000003,7.407400000000001,2003.0,257.0,1.2465,26.886599999999998,0.0,45.5103,15.144300000000001,6.253399999999999,9.5655,1.9988000000000001,2003.0,257.0,15.278113333333335,30.078120000000002,5.158085714285715,62.682379999999995,24.24174,12.687166666666666,18.371446666666664,3.8595133333333336,2003.0,5446.9,3202.49,755.59,2576.64,389.56,1347.34,0.0
10,273.0,19.2074,31.397199999999998,11.5087,58.9928,26.5272,12.9132,19.1534,6.0238,2003.0,273.0,8.5642,25.999900000000004,0.0,39.97999999999999,15.034899999999999,1.5265,8.822299999999998,1.6926000000000003,2003.0,273.0,15.932793333333331,28.04162,1.0576999999999999,49.37253333333333,20.556900000000006,7.712506666666667,13.861193333333336,3.8381600000000002,2003.0,4415.31,2444.01,906.24,2329.91,421.09,1606.13,0.0
11,289.0,16.3474,31.4674,12.2796,82.3887,27.685399999999998,17.8761,20.4465,5.0493999999999994,2003.0,289.0,3.8781,24.6409,0.0,38.565,14.1931,2.4535,9.050899999999999,1.4229999999999998,2003.0,289.0,11.880313333333334,27.445526666666666,1.8711866666666666,57.46856,20.640159999999995,9.383953333333332,14.57274,3.362633333333334,2003.0,3892.24,2153.92,993.72,2236.44,488.91,1767.27,0.03
12,305.0,11.936699999999998,28.724000000000004,26.232300000000002,91.7183,15.947000000000001,5.8458,9.6006,7.0314000000000005,2003.0,305.0,1.2450999999999999,22.3348,0.0,43.0927,-2.423,-5.5692,-3.2642,1.968,2003.0,305.0,7.728820000000001,25.598366666666664,5.117966666666667,68.32238666666666,7.019606666666666,0.14281999999999995,3.341393333333334,3.538573333333333,2003.0,3446.31,1790.57,958.59,1961.65,490.41,1861.72,0.0
