,DOY,INSgdmax,RADmax,RAINmax,RHmax,TMAXmax,TMINmax,Tmax,WINDmax,YEAR,DOY,INSgdmin,RADmin,RAINmin,RHmin,TMAXmin,TMINmin,Tmin,WINDmin,YEAR,DOY,INSgdmean,RADmean,RAINmean,RHmean,TMAXmean,TMINmean,Tmean,WINDmean,YEAR,NDVI,EVI,RED,NIR,BLUE,MIR,pixrel
0,113.0,27.851999999999997,29.928,20.516000000000002,94.42199999999998,23.086000000000002,11.796,17.072,5.832,2003.0,113.0,4.062,20.978,0.0,37.052,4.99,-2.364,0.558,1.6160000000000003,2003.0,113.0,15.114666666666666,26.1808,4.3878666666666675,65.9856,14.864400000000002,4.438533333333333,9.693466666666666,3.393066666666667,2003.0,4079.74,1991.06,804.7,1896.57,403.45,1423.53,0.31
1,129.0,29.357999999999997,29.580000000000002,42.384,95.22200000000001,20.926000000000002,10.8,14.642000000000001,6.522,2003.0,129.0,2.836,24.131999999999998,0.0,44.832,12.037999999999998,2.992,9.001999999999999,1.352,2003.0,129.0,16.720133333333333,26.938266666666664,7.383866666666666,71.75013333333334,16.763733333333334,6.896533333333334,11.710133333333335,3.1221333333333328,2003.0,4860.29,2359.56,674.45,1940.29,345.1,1247.63,0.0
2,145.0,30.311999999999998,31.588,14.161999999999999,88.62599999999999,28.38,16.71,20.648000000000003,5.039999999999999,2003.0,145.0,7.973999999999999,24.776,0.0,27.536,14.500000000000002,3.5460000000000003,10.862000000000002,1.4080000000000001,2003.0,145.0,23.480799999999995,27.3116,1.7413333333333336,44.78733333333334,22.344399999999997,10.051466666666666,16.10373333333333,3.009066666666667,2003.0,6996.15,3842.41,439.63,2496.0,237.97,784.08,0.99
3,161.0,27.606,32.018,16.962,87.22400000000002,31.857999999999997,16.343999999999998,23.696,3.3659999999999997,2003.0,161.0,5.444,28.016000000000002,0.0,38.349999999999994,16.804000000000002,9.367999999999999,14.740000000000002,1.186,2003.0,161.0,20.13453333333333,30.209333333333337,3.7873333333333337,63.8716,23.723733333333335,12.971066666666665,18.25626666666667,2.022666666666667,2003.0,7857.72,5226.44,394.82,3356.58,216.33,773.98,0.0
4,177.0,32.885999999999996,34.608000000000004,23.352,82.42599999999999,32.494,22.574,26.45,5.578,2003.0,177.0,1.7120000000000002,24.664,0.0,32.628,21.296,10.911999999999999,17.137999999999998,0.964,2003.0,177.0,24.50213333333333,30.43133333333333,4.573600000000001,51.74066666666667,28.644933333333334,16.476133333333333,22.4048,3.1574666666666666,2003.0,8206.58,5234.73,311.14,3213.37,171.16,599.58,0.1
5,193.0,30.089999999999996,33.672,15.251999999999999,84.828,31.919999999999998,20.781999999999996,25.554000000000002,4.726,2003.0,193.0,11.4,28.151999999999994,0.0,42.742,19.742,12.741999999999999,18.572,0.874,2003.0,193.0,22.108666666666668,31.568533333333328,3.4113333333333333,61.28426666666668,28.084266666666664,16.880933333333335,22.3188,2.621733333333334,2003.0,8303.28,5626.0,318.93,3492.71,179.15,661.03,0.02
6,209.0,29.216,36.52,9.097999999999999,73.706,34.412,24.606,28.811999999999998,5.3420000000000005,2003.0,209.0,17.708,27.748,0.0,43.142,24.694,13.408000000000001,19.416,1.608,2003.0,209.0,22.696,31.366666666666667,2.0572,58.95800000000001,28.26946666666667,17.324133333333332,22.49026666666667,2.893066666666667,2003.0,8252.81,5303.06,308.78,3252.35,172.83,639.92,0.45
7,225.0,25.798000000000005,35.902,4.33,72.342,35.721999999999994,24.06,29.054000000000002,3.91,2003.0,225.0,13.190000000000001,28.740000000000002,0.0,43.736000000000004,27.19,13.952,20.878,1.31,2003.0,225.0,21.878133333333338,32.130399999999995,0.6604,59.4892,31.317733333333333,18.928533333333334,24.53653333333333,2.519333333333334,2003.0,8233.45,4708.62,265.49,2774.85,147.58,533.43,0.0
8,241.0,24.112000000000002,34.708,9.610000000000001,72.19200000000001,36.122,20.637999999999998,27.35,4.204,2003.0,241.0,11.469999999999999,26.624000000000002,0.0,40.08,22.932,10.66,17.166,0.48599999999999993,2003.0,241.0,20.61213333333333,30.394933333333327,1.5586666666666666,53.276799999999994,27.961599999999994,15.042,21.38706666666667,2.2868000000000004,2003.0,7929.11,4838.92,341.99,2999.85,187.02,685.51,0.0
9,257.0,21.48,34.50000000000001,16.479999999999997,84.85999999999999,31.432,20.338,24.701999999999998,5.336,2003.0,257.0,1.7239999999999998,28.226,0.0,48.459999999999994,14.578,6.432,11.613999999999999,0.9180000000000001,2003.0,257.0,15.36,30.543066666666668,3.389571428571429,61.53426666666667,24.5728,14.239733333333335,19.31973333333334,3.1722666666666663,2003.0,7654.37,4037.3,324.63,2447.5,175.15,616.77,0.12
10,273.0,18.639999999999997,29.869999999999997,6.719999999999999,66.958,26.776,11.938,18.392000000000003,5.5120000000000005,2003.0,273.0,6.93,24.272,0.0,36.128,10.372000000000002,-2.614,4.784,1.98,2003.0,273.0,13.537066666666664,27.67173333333333,1.5171428571428573,49.89960000000001,16.2356,5.909066666666666,10.922933333333333,3.5353333333333334,2003.0,5807.4,2878.45,563.67,2111.06,280.05,777.06,0.0
11,289.0,16.445999999999998,31.639999999999997,6.518,72.21199999999999,26.238,18.380000000000003,20.996000000000002,4.682,2003.0,289.0,5.3100000000000005,23.956,0.0,38.455999999999996,12.32,1.5,7.477999999999999,1.7479999999999998,2003.0,289.0,11.465866666666667,27.239066666666666,1.0777333333333332,54.88119999999999,18.58426666666667,8.869333333333334,13.1904,3.364933333333334,2003.0,5030.95,2147.24,542.76,1654.89,273.09,981.56,0.54
12,305.0,11.526,27.98,20.99,91.19,14.345999999999998,4.192,8.309999999999999,4.9079999999999995,2003.0,305.0,2.312,19.444,0.0,45.394000000000005,-2.6900000000000004,-9.612,-6.562,1.232,2003.0,305.0,6.823733333333334,24.64146666666667,3.464666666666667,71.31799999999998,4.734666666666667,-1.4272,1.5205333333333333,2.7824000000000004,2003.0,3259.62,1677.18,1383.29,2310.9,1072.35,753.02,1.45
