,DOY,INSgdmax,RADmax,RAINmax,RHmax,TMAXmax,TMINmax,Tmax,WINDmax,YEAR,DOY,INSgdmin,RADmin,RAINmin,RHmin,TMAXmin,TMINmin,Tmin,WINDmin,YEAR,DOY,INSgdmean,RADmean,RAINmean,RHmean,TMAXmean,TMINmean,Tmean,WINDmean,YEAR,NDVI,EVI,RED,NIR,BLUE,MIR,pixrel
0,113.0,27.482000000000003,31.823999999999998,24.302999999999997,92.597,24.859,14.630999999999998,19.086,6.131,2003.0,113.0,2.819,22.308999999999997,0.0,43.109,11.533,2.535,8.0,1.914,2003.0,113.0,14.059533333333334,27.141866666666672,5.393000000000001,67.26239999999999,17.746466666666667,7.590799999999999,12.368933333333333,3.7318,2003.0,4550.63,1775.69,463.33,1349.42,304.19,704.94,0.23
1,129.0,30.092,31.451,27.814000000000004,90.375,24.395999999999997,14.574,18.386,8.667,2003.0,129.0,1.5410000000000001,24.145000000000003,0.0,55.111999999999995,13.71,5.136,10.451,1.261,2003.0,129.0,16.518666666666668,28.573266666666665,5.956066666666665,76.18499999999999,18.964733333333335,9.1154,13.861066666666668,3.5825999999999993,2003.0,5360.7,2041.76,329.48,1322.12,227.27,530.95,0.0
2,145.0,30.904,32.409,19.425,81.471,31.110999999999997,18.334,23.804999999999996,5.969999999999999,2003.0,145.0,6.742999999999999,24.95,0.0,26.538,17.375,6.639000000000001,13.208,0.924,2003.0,145.0,24.098200000000006,28.122799999999998,2.3710666666666667,41.788799999999995,24.472333333333342,12.282800000000002,18.478,3.137133333333333,2003.0,6142.93,2928.14,336.98,1791.63,268.58,487.48,0.71
3,161.0,28.936999999999998,33.132999999999996,30.448999999999998,82.30100000000002,32.589,20.418,24.810000000000002,4.865,2003.0,161.0,13.290999999999999,28.678,0.0,37.021,19.364,10.306999999999999,14.477,1.027,2003.0,161.0,20.90353333333333,30.783800000000006,4.926333333333334,61.284333333333336,25.74686666666667,14.252266666666667,19.879066666666667,2.4207333333333336,2003.0,7013.93,3396.25,273.35,2010.75,200.74,445.7,0.0
4,177.0,32.629,35.208000000000006,19.766000000000002,81.98599999999999,34.238,22.959,27.509999999999998,5.967,2003.0,177.0,4.021,25.429000000000002,0.0,34.623,22.921,11.873,18.002000000000002,0.76,2003.0,177.0,25.61873333333334,31.250333333333334,3.3580666666666668,53.382066666666674,30.078333333333333,17.140533333333337,23.499333333333333,3.3342666666666667,2003.0,6753.07,3371.41,284.81,2003.58,218.5,450.12,0.0
5,193.0,31.088,35.788000000000004,43.457,81.56700000000001,34.122,22.023999999999997,27.052000000000003,4.832999999999999,2003.0,193.0,11.414,28.836,0.0,41.583,23.13,13.715,20.374,1.1509999999999998,2003.0,193.0,23.103733333333338,32.76819999999999,7.152266666666667,64.55139999999997,29.940133333333335,18.968866666666663,24.2912,2.668333333333333,2003.0,6835.58,3304.53,251.7,1931.03,192.89,408.37,0.01
6,209.0,26.982,35.900999999999996,15.116,67.525,37.08,23.997999999999998,30.125,5.7059999999999995,2003.0,209.0,7.702,29.165,0.0,45.141,25.26,12.818999999999999,20.006999999999998,0.86,2003.0,209.0,22.921333333333333,31.916600000000003,3.3044000000000007,55.97193333333333,30.160333333333327,18.3352,24.0512,2.8297333333333334,2003.0,6793.96,3037.41,254.35,1752.15,220.48,317.01,0.71
7,225.0,26.313999999999997,35.294000000000004,6.049,70.032,37.471,24.709000000000003,30.451999999999998,3.673,2003.0,225.0,15.392,30.002000000000002,0.0,43.721000000000004,28.866999999999997,15.785999999999998,21.965999999999998,1.5190000000000001,2003.0,225.0,21.970733333333328,33.07773333333333,0.7737999999999999,58.17033333333334,32.64893333333334,19.8818,25.80226666666667,2.4890000000000003,2003.0,6277.32,2720.19,265.85,1591.75,209.19,388.59,0.0
8,241.0,24.770000000000003,35.075,15.608999999999998,63.851,37.289,21.655,28.749,3.541,2003.0,241.0,7.096,26.726000000000003,0.0,42.18,22.673000000000002,9.636000000000001,18.71,0.718,2003.0,241.0,21.246,31.018733333333337,2.533866666666667,55.62213333333334,29.780733333333334,16.570999999999998,22.958266666666667,2.4465333333333334,2003.0,6195.96,2530.97,243.86,1463.16,200.3,352.62,0.03
9,257.0,22.775,34.445,18.576999999999998,96.026,31.012999999999998,20.649,24.911,5.516,2003.0,257.0,0.929,27.45,0.0,47.69899999999999,15.425000000000002,5.132000000000001,11.094,1.278,2003.0,257.0,15.773066666666665,30.467999999999996,5.517285714285715,62.82246666666667,24.873,13.687600000000002,19.324199999999998,3.145866666666667,2003.0,6611.87,2431.35,213.57,1376.35,159.36,314.48,0.0
10,273.0,19.397,31.392000000000003,12.568999999999999,57.674,26.439999999999998,12.297,18.716,5.596,2003.0,273.0,6.952,25.411,0.0,38.163999999999994,12.119000000000002,-2.4949999999999997,6.1579999999999995,1.3160000000000003,2003.0,273.0,15.784466666666667,28.03253333333334,1.9920666666666669,49.4234,19.684933333333337,6.351266666666667,12.948266666666667,3.2441999999999998,2003.0,5310.71,1911.53,265.79,1245.52,158.1,345.54,7.65
11,289.0,16.994,31.849,19.226,76.40800000000002,28.489,17.074,20.403999999999996,5.546,2003.0,289.0,5.216,24.854,0.0,38.238,14.209,1.423,8.243,1.6520000000000001,2003.0,289.0,12.367533333333334,27.717733333333328,1.9048666666666667,54.4028,20.722266666666663,9.7604,14.731466666666664,3.1798666666666664,2003.0,5304.38,1593.27,346.66,1098.6,249.45,478.7,0.63
12,305.0,12.114,28.375,12.013,94.182,22.667,7.376,13.375,6.409000000000001,2003.0,305.0,1.048,21.614,0.0,41.891,0.198,-6.186000000000001,-2.969,1.6309999999999998,2003.0,305.0,7.406066666666667,25.92266666666667,2.9748666666666663,66.18393333333331,8.973533333333334,1.8365999999999998,5.190933333333334,3.1848,2003.0,4135.33,1764.55,803.45,1666.0,706.74,414.66,1.99
