,DOY,INSgdmax,RADmax,RAINmax,RHmax,TMAXmax,TMINmax,Tmax,WINDmax,YEAR,DOY,INSgdmin,RADmin,RAINmin,RHmin,TMAXmin,TMINmin,Tmin,WINDmin,YEAR,DOY,INSgdmean,RADmean,RAINmean,RHmean,TMAXmean,TMINmean,Tmean,WINDmean,YEAR,NDVI,EVI,RED,NIR,BLUE,MIR,pixrel
0,113.0,27.9051,31.082300000000004,22.446799999999996,93.5903,22.372100000000003,13.1274,16.6363,5.8861,2003.0,113.0,3.8524000000000003,21.927599999999998,0.0,45.970099999999995,8.1955,1.5114999999999998,5.0741,1.3849,2003.0,113.0,15.514693333333332,26.79813333333334,5.477346666666666,69.90484,16.211640000000003,6.58034,11.124160000000002,3.9276400000000002,2003.0,5576.87,3631.21,804.45,2936.18,420.73,1657.99,0.3
1,129.0,28.2581,29.503999999999998,27.0368,93.91149999999999,24.8161,11.9885,15.815,8.500300000000001,2003.0,129.0,2.3563,25.361800000000002,0.0,60.3848,13.0134,5.269,9.2967,1.2818999999999998,2003.0,129.0,16.430080000000004,27.76020666666666,5.1508199999999995,78.95330666666666,17.925873333333335,8.11176,12.869753333333332,3.8989199999999995,2003.0,5987.41,3994.44,763.8,3113.61,400.81,1650.52,0.02
2,145.0,30.576500000000003,32.2723,14.551200000000001,81.3421,29.562800000000003,20.3324,23.8798,7.160499999999999,2003.0,145.0,4.4477,24.5608,0.0,28.0109,16.112199999999998,5.3401,11.5075,1.6739000000000002,2003.0,145.0,21.76148,28.453353333333332,2.22912,44.78496666666666,24.007673333333333,11.95956,18.169853333333332,3.390253333333334,2003.0,6649.5,4441.29,630.27,3208.3,333.74,1386.72,0.56
3,161.0,29.3738,33.6783,15.9911,72.90979999999999,32.8305,19.0139,25.522699999999997,5.122299999999999,2003.0,161.0,10.4116,28.746000000000002,0.0,42.6241,19.1514,8.141,13.009699999999999,1.2846000000000002,2003.0,161.0,21.21866,31.058899999999994,3.9298600000000006,58.36359999999999,26.228806666666664,13.965933333333332,19.98656666666667,2.479093333333333,2003.0,7149.2,5321.52,639.83,3862.79,343.29,1415.5,0.02
4,177.0,32.3838,35.337900000000005,21.997500000000002,89.8604,33.4367,22.3243,26.3034,6.0793,2003.0,177.0,5.9491,26.0424,0.0,33.4717,22.312400000000004,11.5105,16.3183,0.9054000000000001,2003.0,177.0,25.095599999999997,31.005513333333333,5.5364466666666665,60.32892,28.83714666666667,16.39532,22.357573333333335,3.9478533333333328,2003.0,7329.36,5242.28,557.65,3660.31,297.93,1184.72,0.0
5,193.0,31.008500000000005,35.760400000000004,13.918400000000002,87.95759999999999,33.2288,22.1039,26.99,5.7981,2003.0,193.0,15.6905,29.1799,0.0,48.9803,23.5768,12.968399999999999,19.6997,1.3787,2003.0,193.0,23.440866666666665,32.568826666666666,3.197193333333333,68.08894666666667,29.169793333333338,18.535,23.516759999999998,3.2226533333333336,2003.0,7214.54,5131.16,575.26,3613.99,309.77,1159.56,0.04
6,209.0,27.6226,34.7923,20.4594,75.3202,35.8042,23.9587,28.555999999999997,6.4445,2003.0,209.0,10.564599999999999,28.996499999999997,0.0,47.1739,23.8034,11.735500000000002,18.5157,1.1547999999999998,2003.0,209.0,22.999693333333333,31.51661333333334,2.9104799999999997,59.845839999999995,29.198986666666666,16.821373333333334,22.736213333333332,3.153853333333334,2003.0,6770.05,4592.04,626.22,3304.66,335.76,1227.78,0.18
7,225.0,26.4938,35.5089,8.312199999999999,68.1517,36.744200000000006,24.284100000000002,29.2357,4.7985999999999995,2003.0,225.0,16.952199999999998,29.4443,0.0,44.6791,27.042900000000003,15.093699999999998,21.6396,1.0954000000000002,2003.0,225.0,22.764340000000004,32.36356666666667,1.1632799999999999,58.80328,31.77184666666667,19.028519999999997,25.040200000000002,2.687446666666667,2003.0,5699.8,3636.58,799.12,2900.27,422.81,1455.32,0.02
8,241.0,24.8113,34.8788,9.0608,66.27420000000001,36.2934,21.661500000000004,28.509300000000003,4.0868,2003.0,241.0,9.596100000000002,26.677500000000002,0.0,43.4136,22.2888,10.5885,17.4391,1.5230000000000001,2003.0,241.0,21.47838,30.831473333333335,1.8572133333333336,54.70067333333333,29.27191333333333,16.074033333333333,22.417273333333334,2.883313333333333,2003.0,5549.39,3183.53,712.71,2486.78,370.62,1477.15,0.0
9,257.0,22.6565,34.0702,23.5856,78.14429999999999,30.3647,20.0326,24.8908,7.5678,2003.0,257.0,0.6335999999999999,26.8128,0.0,45.030499999999996,14.265,6.1573,9.150799999999998,1.8646,2003.0,257.0,14.826466666666668,29.864586666666668,4.610528571428572,61.830046666666675,24.211413333333326,12.731293333333333,18.38261333333333,3.9544466666666667,2003.0,6066.93,3350.67,592.67,2427.91,305.94,1200.26,0.0
10,273.0,18.907600000000002,30.825300000000002,10.613800000000001,58.269000000000005,26.4615,13.202199999999998,19.1092,6.2265,2003.0,273.0,7.7866,25.8951,0.0,39.6024,13.9631,1.0163,8.0643,1.4070999999999998,2003.0,273.0,15.731586666666667,27.82362,0.9236933333333333,49.691813333333315,19.919646666666665,7.352800000000001,13.331526666666669,3.9362866666666667,2003.0,5196.73,2974.65,762.87,2438.11,390.73,1449.86,0.0
11,289.0,15.795099999999998,31.145200000000003,8.8538,82.5013,26.9299,17.6937,20.2042,5.3008999999999995,2003.0,289.0,4.4299,24.7911,0.0,39.69840000000001,13.8416,2.6368,8.6642,1.7101000000000002,2003.0,289.0,11.5205,27.39309333333334,1.3794533333333334,58.403326666666665,19.887906666666666,9.092213333333333,14.069426666666665,3.5117000000000003,2003.0,4852.35,2620.52,751.53,2198.35,390.45,1526.77,0.0
12,305.0,11.336400000000001,28.693800000000003,22.233200000000004,90.4005,13.912299999999998,5.113,8.5762,7.291400000000001,2003.0,305.0,1.5735000000000001,21.796599999999998,0.0,45.153999999999996,-3.0334,-6.955100000000001,-4.1433,1.7294,2003.0,305.0,7.403586666666667,25.277293333333333,4.13298,70.33999333333333,5.61764,-0.7823933333333333,2.2540999999999993,3.58582,2003.0,4444.21,2333.84,788.58,2074.09,412.25,1502.65,0.44
