,DOY,INSgdmax,RADmax,RAINmax,RHmax,TMAXmax,TMINmax,Tmax,WINDmax,YEAR,DOY,INSgdmin,RADmin,RAINmin,RHmin,TMAXmin,TMINmin,Tmin,WINDmin,YEAR,DOY,INSgdmean,RADmean,RAINmean,RHmean,TMAXmean,TMINmean,Tmean,WINDmean,YEAR,NDVI,EVI,RED,NIR,BLUE,MIR,pixrel
0,113.0,27.833399999999997,29.902700000000003,8.785,96.1549,23.780600000000003,11.5513,16.3141,6.049300000000001,2003.0,113.0,3.3875999999999995,22.221500000000002,0.0,39.154700000000005,2.8877,-2.4521999999999995,0.1945,1.7511,2003.0,113.0,15.065393333333333,26.10932,3.6792533333333335,68.50305999999999,14.714866666666667,4.74176,9.669613333333334,3.8894933333333332,2003.0,2776.67,1427.88,1008.74,1820.52,525.2,1819.96,0.24
1,129.0,30.2609,29.3251,18.598200000000002,96.63369999999999,22.4881,9.9577,14.3142,8.2514,2003.0,129.0,4.1491999999999996,23.9099,0.0,60.0935,10.897699999999999,3.2952,7.6447,1.7373000000000003,2003.0,129.0,15.800126666666667,27.002726666666668,4.9555533333333335,79.53001333333333,16.595333333333336,6.38142,11.398026666666667,3.915513333333333,2003.0,3721.7,1925.39,842.11,1919.88,441.49,1628.25,0.02
2,145.0,31.205900000000003,32.2448,14.1591,78.2247,28.7908,18.6788,22.8501,8.398800000000001,2003.0,145.0,7.920200000000001,24.5918,0.0,28.489800000000002,15.1814,4.7468,10.056500000000002,1.2317,2003.0,145.0,21.570506666666663,28.37450666666667,2.4452133333333332,46.502006666666674,22.958986666666668,10.958413333333333,17.193953333333337,3.4946599999999997,2003.0,5201.69,2878.64,641.47,2243.03,335.73,1231.54,1.0
3,161.0,30.745800000000003,34.2234,13.2393,79.4035,31.1304,20.7863,25.673299999999998,4.3476,2003.0,161.0,13.192599999999999,28.0651,0.0,41.3712,18.769,5.9366,12.252,0.7792999999999999,2003.0,161.0,22.400893333333336,30.317020000000003,3.7192133333333333,62.05826666666666,24.858853333333336,13.223493333333334,18.841506666666668,2.320146666666667,2003.0,7281.58,4650.09,459.99,3095.78,239.72,895.72,0.2
4,177.0,32.8243,34.5809,24.816399999999998,93.9714,32.2598,21.070300000000003,25.5145,7.3696,2003.0,177.0,6.5826,26.1866,0.0,32.371199999999995,21.582,11.2165,15.534699999999999,1.4577,2003.0,177.0,23.637900000000002,30.49959333333333,5.027693333333334,62.657199999999996,27.759853333333332,15.95712,21.54468,4.30134,2003.0,7312.86,4744.82,468.23,3184.8,241.79,818.83,0.01
5,193.0,31.0133,34.0124,7.3123,89.48,32.7788,20.9613,25.7727,6.5314,2003.0,193.0,15.627600000000001,28.900100000000002,0.0,50.7725,22.122999999999998,12.3748,17.7543,1.3124,2003.0,193.0,24.322479999999995,31.765393333333336,1.0060533333333335,70.18605333333333,27.708473333333334,16.962266666666665,22.08694666666667,3.408153333333334,2003.0,7586.8,4984.58,442.83,3294.81,226.36,818.28,0.01
6,209.0,28.051600000000004,36.1667,8.4924,73.9637,36.291399999999996,22.7355,27.143299999999996,7.062,2003.0,209.0,16.4228,29.504899999999996,0.0,49.880500000000005,23.6509,11.1919,18.0876,0.8522000000000001,2003.0,209.0,23.087426666666666,31.24877333333334,1.4066666666666667,61.09036,28.244279999999996,15.832973333333339,21.63764666666666,3.3139533333333335,2003.0,6485.25,3920.33,578.29,2776.78,293.04,945.02,0.35
7,225.0,27.7636,35.6099,4.4788,75.01929999999999,36.335,23.901799999999998,28.8545,5.3614999999999995,2003.0,225.0,13.404799999999998,28.2049,0.0,44.716499999999996,24.3524,13.0094,20.6295,1.099,2003.0,225.0,23.054226666666665,31.781353333333335,0.7474866666666666,61.11752666666666,30.827626666666667,18.06878,24.04159333333333,2.870713333333333,2003.0,5656.66,3573.15,860.09,2936.45,437.88,1309.83,0.19
8,241.0,24.5709,34.9825,11.6908,67.34359999999998,35.7184,22.0952,28.0862,5.499499999999999,2003.0,241.0,7.8518,27.58,0.0,45.99720000000001,21.567,8.4617,15.9747,0.5262,2003.0,241.0,20.35162,30.58523999999999,1.8509466666666667,55.54750666666666,28.34789333333334,14.486926666666664,21.09303333333333,2.95644,2003.0,5337.83,3150.98,802.44,2600.76,392.77,1330.46,0.01
9,257.0,22.1398,33.3608,27.189700000000002,89.66,30.4165,20.246299999999998,24.3354,8.257000000000001,2003.0,257.0,3.8009,26.259100000000004,0.0,48.123599999999996,12.806299999999998,4.9777000000000005,7.873100000000001,1.6338,2003.0,257.0,13.868766666666666,29.746873333333326,3.665321428571428,68.21930666666667,23.22092,11.677779999999998,17.01224666666667,4.311026666666667,2003.0,5238.1,2807.03,654.12,2185.33,340.2,1207.85,0.0
10,273.0,18.8676,30.28,14.892199999999999,59.8512,26.3571,12.194600000000001,18.299400000000002,7.0877,2003.0,273.0,10.4818,25.5051,0.0,41.907799999999995,11.7896,0.8628,6.2805,1.5449,2003.0,273.0,15.502859999999998,27.783160000000002,1.171092857142857,52.36712666666667,18.212253333333333,6.457380000000001,11.938640000000001,4.142039999999999,2003.0,3806.27,1899.46,807.76,1852.75,416.12,1486.18,0.0
11,289.0,14.8342,30.8884,5.6602,86.3047,24.728900000000003,15.7429,18.5973,6.0674,2003.0,289.0,5.425000000000001,23.6124,0.0,41.9169,12.0003,2.3017999999999996,6.8894,1.798,2003.0,289.0,11.30258,27.197393333333334,1.3970333333333333,62.88392,18.181013333333336,7.894019999999999,12.57444,3.747606666666667,2003.0,3652.23,1822.08,821.2,1824.65,425.52,1486.33,0.11
12,305.0,8.7977,27.3917,14.913299999999998,91.7055,9.936499999999999,2.7374,6.3369,7.455399999999999,2003.0,305.0,2.8306999999999998,22.8109,0.0,50.4237,-5.1282000000000005,-14.5495,-8.2605,1.6505999999999998,2003.0,305.0,5.774566666666667,24.770760000000003,1.7869333333333335,78.99134666666666,2.3691999999999993,-4.291813333333334,-1.04864,3.73884,2003.0,491.77,447.39,4483.48,4791.56,4266.49,659.74,2.11
