,DOY,INSgdmax,RADmax,RAINmax,RHmax,TMAXmax,TMINmax,Tmax,WINDmax,YEAR,DOY,INSgdmin,RADmin,RAINmin,RHmin,TMAXmin,TMINmin,Tmin,WINDmin,YEAR,DOY,INSgdmean,RADmean,RAINmean,RHmean,TMAXmean,TMINmean,Tmean,WINDmean,YEAR,NDVI,EVI,RED,NIR,BLUE,MIR,pixrel
0,113.0,28.2175,30.8902,27.714400000000005,92.63629999999999,23.641599999999997,15.1075,18.4731,5.681100000000001,2003.0,113.0,2.6263,21.978700000000003,0.0,51.587199999999996,12.1694,2.2982,8.0861,1.4870999999999999,2003.0,113.0,15.539886666666664,27.38818,7.645486666666666,71.60802666666666,17.650213333333337,7.748586666666666,12.313106666666666,3.6889133333333333,2003.0,5869.1,3804.11,768.58,2988.56,405.59,1492.61,0.7
1,129.0,28.9369,29.983900000000002,32.4357,92.3567,25.193199999999997,14.1748,17.921200000000002,8.2253,2003.0,129.0,2.3154,25.3433,0.0,61.2324,14.698900000000002,6.3282,10.3734,1.0746,2003.0,129.0,17.56456666666667,28.516166666666663,5.964846666666668,77.36130666666666,19.332226666666667,9.4654,14.10912,3.692266666666666,2003.0,7035.89,4835.34,581.6,3383.51,317.86,1255.04,0.0
2,145.0,31.1646,32.546499999999995,21.839100000000002,82.41560000000001,31.438299999999998,19.337799999999998,24.1955,6.139399999999999,2003.0,145.0,3.9139999999999997,24.080600000000004,0.0,27.7919,16.9407,6.4556000000000004,13.1097,0.9886,2003.0,145.0,23.643546666666666,28.13106666666667,2.7960133333333332,43.77510666666667,24.692313333333335,12.655719999999999,18.793393333333338,3.106346666666666,2003.0,7588.74,5458.1,492.36,3683.37,274.04,1040.43,0.24
3,161.0,29.3887,32.7175,13.692899999999998,76.1739,33.236900000000006,19.729499999999998,25.283299999999997,5.0146,2003.0,161.0,9.172899999999998,28.790800000000004,0.0,39.415800000000004,19.4493,9.5517,13.910500000000003,1.0383,2003.0,161.0,21.411566666666666,30.91766,2.9077199999999994,57.929833333333335,26.678900000000006,14.174186666666667,20.406913333333335,2.4050666666666665,2003.0,7517.77,5826.01,586.83,4137.52,322.87,1201.96,0.03
4,177.0,32.5985,35.686,20.7689,85.361,34.173899999999996,22.4564,27.103099999999998,5.8816,2003.0,177.0,4.4939,26.0023,0.0,34.2358,23.1432,11.7348,17.5227,1.0779,2003.0,177.0,24.90340666666667,31.437579999999997,5.607513333333333,57.84441999999999,29.59382,17.097293333333333,23.17585333333333,3.487866666666667,2003.0,7424.83,5333.8,538.14,3667.29,298.58,1051.44,0.0
5,193.0,30.8777,36.4762,23.9351,82.2325,34.689699999999995,22.6681,27.5128,5.0245,2003.0,193.0,12.8963,28.626600000000003,0.0,48.5446,24.5247,13.7898,20.692,1.1249,2003.0,193.0,24.000459999999997,32.94276666666667,4.42086,65.47832666666667,30.34182666666667,19.407006666666664,24.5717,2.9039466666666667,2003.0,7274.1,5268.34,571.91,3695.61,311.82,1157.76,0.08
6,209.0,28.5709,35.404799999999994,24.7984,70.5453,36.646899999999995,24.181799999999996,30.0024,5.4323,2003.0,209.0,8.1579,29.831400000000002,0.0,43.7658,25.0273,12.113399999999999,19.5661,0.8665,2003.0,209.0,22.150460000000002,32.064926666666665,3.62394,55.772106666666666,30.401706666666666,18.20484,24.09309333333333,2.8523600000000005,2003.0,7023.52,4844.34,588.85,3401.38,322.16,1146.64,0.11
7,225.0,26.1698,35.7098,3.8367999999999993,67.58869999999999,37.3432,24.4306,29.9852,3.9505999999999997,2003.0,225.0,17.078699999999998,31.1858,0.0,43.677400000000006,28.791000000000004,16.311300000000003,22.3032,1.113,2003.0,225.0,22.377819999999996,33.22919333333333,0.4505933333333333,56.62327333333332,32.6692,20.11156666666667,26.018520000000002,2.50394,2003.0,6213.16,4144.3,724.32,3139.83,387.5,1390.84,0.12
8,241.0,24.8248,35.417100000000005,12.635100000000001,70.5239,36.9011,21.8744,28.9938,3.8484000000000007,2003.0,241.0,6.6502,26.182300000000005,0.0,41.491899999999994,21.7395,10.3891,18.1661,0.7582,2003.0,241.0,20.528900000000004,31.07594,1.6647333333333334,57.45360000000001,29.553533333333334,16.775793333333333,22.9686,2.563786666666667,2003.0,6180.24,3624.52,619.47,2635.38,324.47,1320.49,0.0
9,257.0,23.4797,34.59610000000001,18.2991,88.4461,30.8374,21.5827,24.8474,6.141399999999999,2003.0,257.0,0.6499999999999999,27.4456,0.0,47.5905,15.5538,5.577999999999999,10.685500000000001,1.4093,2003.0,257.0,15.360159999999999,30.21953333333333,5.026728571428571,61.98399333333333,24.698099999999997,13.271793333333331,18.994260000000004,3.2806266666666666,2003.0,6634.8,4045.11,565.37,2823.33,302.43,1125.36,0.0
10,273.0,19.9096,31.4483,7.1775,60.1481,26.471300000000003,12.6952,19.0071,5.5821000000000005,2003.0,273.0,7.551399999999999,25.8707,0.0,40.4264,13.721500000000002,-0.09399999999999997,7.8199999999999985,1.3599,2003.0,273.0,16.18293333333333,27.998406666666668,0.8539000000000001,49.59983333333333,20.42841333333333,7.10416,13.663786666666667,3.330706666666667,2003.0,6519.6,4007.74,584.37,2841.24,306.46,1127.7,0.0
11,289.0,17.161,31.4789,13.700599999999998,78.98949999999999,28.550200000000004,17.7464,20.881700000000002,5.2361,2003.0,289.0,5.2171,24.5071,0.0,38.4261,14.654899999999998,1.749,8.6978,1.5359,2003.0,289.0,12.468193333333334,27.273966666666666,1.5291466666666664,55.23615333333335,21.203966666666666,9.815893333333332,14.945760000000003,3.1058866666666667,2003.0,5696.28,3298.69,681.26,2523.61,355.98,1277.66,0.0
12,305.0,12.2466,28.845800000000004,15.7214,93.2838,21.3519,8.2791,13.1614,6.481199999999999,2003.0,305.0,0.8964999999999999,22.329700000000003,0.0,40.9441,-0.596,-5.1450000000000005,-2.3045999999999998,1.8852999999999998,2003.0,305.0,7.628546666666667,26.15161333333333,2.4543399999999997,66.42527333333334,9.140179999999999,1.6819666666666664,5.10564,3.2411200000000004,2003.0,5357.36,2887.53,670.63,2259.04,349.97,1331.84,0.22
