,DOY,INSgdmax,RADmax,RAINmax,RHmax,TMAXmax,TMINmax,Tmax,WINDmax,YEAR,DOY,INSgdmin,RADmin,RAINmin,RHmin,TMAXmin,TMINmin,Tmin,WINDmin,YEAR,DOY,INSgdmean,RADmean,RAINmean,RHmean,TMAXmean,TMINmean,Tmean,WINDmean,YEAR,NDVI,EVI,RED,NIR,BLUE,MIR,pixrel
0,113.0,28.2002,30.9283,17.1679,90.08019999999999,24.669299999999996,14.331399999999999,17.8525,5.9051,2002.9999999999998,113.0,3.6836999999999995,21.3135,0.0,39.928700000000006,9.2015,2.0039,6.0621,1.8938,2002.9999999999998,113.0,14.772786666666665,26.690666666666672,4.8819,61.47398666666666,17.057993333333332,7.028153333333334,11.820346666666664,3.6061600000000005,2002.9999999999998,4365.36,1896.01,615.15,1606.66,318.01,1122.16,0.0
1,129.0,30.3242,30.450199999999995,34.3213,91.2763,22.3541,13.9942,17.0213,7.649000000000001,2002.9999999999998,129.0,1.9549999999999998,23.9812,0.0,46.6755,13.908000000000001,4.1088,10.3139,1.7609,2002.9999999999998,129.0,15.971886666666666,27.854020000000002,7.312613333333333,73.51249333333334,17.951340000000002,8.236326666666667,12.94928666666667,3.3786333333333336,2002.9999999999998,5544.97,2562.67,505.14,1832.65,277.14,921.11,0.0
2,144.99999999999997,31.452499999999997,32.665699999999994,10.421299999999999,86.503,29.853199999999998,17.97,21.8397,5.375,2002.9999999999998,144.99999999999997,8.5869,24.619799999999998,0.0,27.0552,15.999600000000001,5.525,12.088899999999999,1.2147000000000001,2002.9999999999998,144.99999999999997,24.33988666666667,27.616746666666668,1.66222,43.359339999999996,23.25636666666667,11.090186666666666,17.198046666666666,3.041866666666667,2002.9999999999998,6781.37,3451.89,378.41,2180.85,217.56,654.04,0.88
3,161.00000000000003,28.539599999999997,32.743399999999994,16.739,83.9168,32.2076,18.978900000000003,24.2688,4.2113000000000005,2002.9999999999998,161.00000000000003,8.5239,28.1938,0.0,36.7971,17.7185,10.339099999999998,15.4054,1.2814,2002.9999999999998,161.00000000000003,20.409386666666663,30.175813333333334,3.8087066666666667,62.40459333333333,24.828626666666665,14.027906666666667,19.22218,2.2866066666666667,2002.9999999999998,7488.04,4830.74,389.4,3106.07,223.09,754.39,0.02
4,177.0,32.55799999999999,34.7948,22.7678,78.4303,33.669000000000004,22.9421,27.6115,5.6555,2002.9999999999998,177.0,4.8433,25.499299999999998,0.0,33.6841,22.265499999999996,10.501299999999999,18.2176,0.6613,2002.9999999999998,177.0,25.718913333333333,30.858053333333334,2.726846666666667,50.27427333333333,29.74505333333334,16.747179999999997,23.20466666666666,3.13714,2002.9999999999998,7683.83,4839.0,312.52,2989.63,185.36,611.88,0.03
5,193.0,30.4565,34.95470000000001,27.388999999999996,83.40440000000001,33.336999999999996,21.6385,26.520500000000006,4.7429,2002.9999999999998,193.0,9.802700000000002,28.2827,0.0,42.93150000000001,21.434399999999997,13.312100000000001,19.941,0.6540999999999999,2002.9999999999998,193.0,22.384486666666664,32.22658,4.38206,62.86411333333332,29.0488,18.052280000000003,23.383546666666668,2.590486666666667,2002.9999999999998,7807.87,4921.03,304.09,3016.5,177.3,618.45,0.0
6,209.00000000000003,26.496999999999996,34.989900000000006,7.5626,72.4943,36.5893,24.2649,29.909800000000004,5.7829,2002.9999999999998,209.00000000000003,16.265700000000002,28.2963,0.0,42.4475,26.0271,13.999900000000002,20.165899999999997,1.3079,2002.9999999999998,209.00000000000003,22.520086666666664,31.69722,1.7948133333333331,56.138486666666665,29.44770666666667,18.276853333333335,23.62017333333333,2.8285133333333334,2002.9999999999998,7614.7,4609.12,352.31,2859.86,224.49,593.78,0.85
7,225.0,25.1113,35.3279,3.7627000000000006,72.41290000000001,36.889199999999995,24.971700000000002,30.1597,3.6684,2002.9999999999998,225.0,16.9087,29.020999999999997,0.0,44.0116,27.709300000000002,14.94,21.6056,1.3470999999999997,2002.9999999999998,225.0,22.115046666666668,32.60873333333333,0.3979066666666667,58.727959999999996,31.922860000000004,19.524093333333333,25.256320000000002,2.4736133333333337,2002.9999999999998,7687.32,4084.36,274.36,2408.52,162.75,518.53,0.08
8,240.99999999999997,24.6371,34.6233,11.0426,67.7634,36.22050000000001,21.6605,28.3459,3.7851,2002.9999999999998,240.99999999999997,8.9828,26.9307,0.0,43.5206,24.1441,10.2349,18.457100000000004,0.8543999999999999,2002.9999999999998,240.99999999999997,21.33542,30.682,1.72284,53.93097333333334,29.1499,16.193826666666663,22.474240000000005,2.278073333333333,2002.9999999999998,7443.64,4157.58,315.85,2533.81,179.78,592.09,0.0
9,257.0,22.1144,34.3301,16.477899999999998,94.69859999999998,31.722299999999997,20.2071,24.7638,5.0344,2002.9999999999998,257.0,1.3282,26.9471,0.0,47.12979999999999,15.8583,5.7096,12.3522,1.1258000000000001,2002.9999999999998,257.0,15.678653333333333,30.551773333333333,3.288235714285714,62.85503333333334,24.86056666666667,14.34934,19.6205,3.0262533333333335,2002.9999999999998,7017.6,3311.27,295.97,1976.59,170.16,488.58,0.03
10,273.0,18.8794,30.0381,10.611500000000001,62.084900000000005,26.399299999999997,12.6859,18.5378,5.140199999999999,2002.9999999999998,273.0,5.789199999999999,24.506700000000002,0.0,35.0039,10.8952,-2.6504000000000003,5.132299999999999,1.5751000000000002,2002.9999999999998,273.0,14.562186666666666,27.61685333333333,1.5601666666666665,49.40740666666667,17.767619999999997,6.290313333333333,11.867333333333335,3.376066666666667,2002.9999999999998,5424.57,2356.69,460.77,1676.11,252.11,668.38,2.55
11,289.00000000000006,16.6811,31.624699999999994,9.3539,73.29160000000002,27.844600000000003,17.6158,20.6518,5.0165999999999995,2002.9999999999998,289.00000000000006,6.008800000000001,24.8735,0.0,39.3708,13.29,1.3896000000000004,7.845299999999999,1.8243999999999998,2002.9999999999998,289.00000000000006,12.61492,27.549073333333332,1.3731066666666667,53.83271333333333,19.717286666666666,9.612720000000003,14.105519999999999,3.1917333333333335,2002.9999999999998,5200.65,1911.43,405.42,1346.42,214.54,740.99,0.02
12,305.0,12.676699999999999,28.274299999999997,24.110599999999998,94.298,20.6557,6.900099999999999,11.4195,5.619400000000001,2002.9999999999998,305.0,1.1575000000000002,20.282700000000002,0.0,39.86820000000001,-0.08829999999999999,-6.3461,-3.7986000000000004,1.3927,2002.9999999999998,305.0,7.29778,25.328433333333336,3.1503866666666664,66.61666,7.883566666666667,1.2671933333333332,4.449179999999999,2.94298,2002.9999999999998,2778.07,1678.32,1512.27,2441.79,1220.91,570.26,1.95
