,DOY,INSgdmax,RADmax,RAINmax,RHmax,TMAXmax,TMINmax,Tmax,WINDmax,YEAR,DOY,INSgdmin,RADmin,RAINmin,RHmin,TMAXmin,TMINmin,Tmin,WINDmin,YEAR,DOY,INSgdmean,RADmean,RAINmean,RHmean,TMAXmean,TMINmean,Tmean,WINDmean,YEAR,NDVI,EVI,RED,NIR,BLUE,MIR,pixrel
0,113.0,28.5268,31.3898,17.1146,83.1976,25.497799999999998,14.099999999999998,19.6026,6.068999999999999,2003.0,113.0,3.1506,22.5434,0.0,36.376200000000004,10.4938,2.8334,8.651399999999999,1.7116,2003.0,113.0,13.972933333333334,27.430933333333336,5.02188,60.167626666666656,18.7002,8.187053333333333,13.216906666666667,3.7740799999999997,2003.0,4837.03,1997.02,471.56,1493.99,254.81,865.13,0.14
1,129.0,30.8084,31.5336,47.8938,89.4998,23.757800000000003,15.6848,19.227,8.882000000000001,2003.0,129.0,1.1568,24.7272,0.0,49.389,14.9036,5.712400000000001,11.244599999999998,1.5297999999999998,2003.0,129.0,16.339666666666666,28.95350666666667,7.8859466666666655,74.75973333333334,19.24108,9.387986666666665,14.16334666666667,3.6001199999999995,2003.0,5699.24,2487.81,398.93,1658.71,242.02,679.07,0.08
2,145.0,31.2618,33.1618,9.6734,85.08440000000002,30.989600000000003,19.46,22.845,5.709999999999999,2003.0,145.0,9.4606,23.6064,0.0,28.507999999999996,17.782,7.1168,13.0886,1.2197999999999998,2003.0,145.0,24.456093333333335,27.844346666666667,1.37452,43.18718666666667,24.099026666666667,12.07072,18.13449333333333,3.14696,2003.0,6586.86,3128.17,327.48,1897.63,231.27,469.7,0.89
3,161.0,29.082,33.7128,37.904399999999995,80.04240000000001,32.3836,19.2014,24.848,4.967,2003.0,161.0,10.674999999999999,27.94,0.0,36.6142,18.9038,10.832999999999998,14.8948,1.1583999999999999,2003.0,161.0,20.00221333333333,30.601386666666663,6.6472,60.25262666666667,25.921146666666665,14.748053333333333,20.17236,2.59476,2003.0,7030.56,3980.3,336.91,2471.0,219.4,576.06,0.02
4,177.0,32.1864,34.9352,29.369999999999997,76.11580000000001,35.4088,23.622999999999998,28.3794,5.703,2003.0,177.0,10.8794,25.8138,0.0,33.8574,23.2734,11.1878,19.0404,0.6890000000000001,2003.0,177.0,26.12748,31.381013333333335,2.6799866666666667,50.35281333333333,30.69952,17.223133333333337,23.950746666666667,3.1756933333333333,2003.0,7302.72,4056.91,289.65,2442.28,193.63,520.23,0.01
5,193.0,30.9878,35.818200000000004,36.0176,81.10119999999999,34.5,22.231,26.9242,4.661,2003.0,193.0,8.1834,28.910200000000003,0.0,43.273399999999995,22.5888,13.4114,20.3808,1.0586,2003.0,193.0,22.730093333333336,32.563,7.9791333333333325,63.61046666666667,30.11410666666667,18.854906666666665,24.268106666666668,2.5781199999999997,2003.0,7424.17,4097.04,283.3,2447.97,196.9,473.62,0.04
6,209.0,26.5132,35.9554,9.889199999999999,70.1438,37.0674,24.8342,30.1308,5.8018,2003.0,209.0,7.4314,30.256999999999998,0.0,42.375,26.3414,14.2498,20.9054,0.969,2003.0,209.0,22.25958666666667,32.41347999999999,2.1965866666666667,54.68230666666667,30.32661333333333,18.865866666666673,24.36293333333333,2.7269466666666666,2003.0,7429.67,3657.85,238.76,2114.62,161.57,397.13,0.14
7,225.0,25.671799999999998,35.477000000000004,1.9434,70.877,37.304,25.7114,30.6374,3.3995999999999995,2003.0,225.0,13.660999999999998,29.65,0.0,44.928399999999996,28.351,15.7272,22.0872,1.491,2003.0,225.0,22.273746666666668,32.94226666666667,0.2373866666666667,58.179199999999994,32.46078666666667,19.974106666666664,25.758133333333333,2.4465333333333334,2003.0,7272.41,3515.23,234.34,2024.21,160.31,412.99,0.0
8,241.0,24.781399999999998,35.013400000000004,27.867600000000003,69.102,37.2902,22.283,29.397800000000004,3.8465999999999996,2003.0,241.0,5.7012,26.487000000000002,0.0,41.816,22.700200000000002,10.0854,18.9662,0.9928000000000001,2003.0,241.0,20.928706666666667,31.045386666666666,3.90656,56.264453333333336,29.679479999999998,16.906666666666666,23.086853333333337,2.4412666666666665,2003.0,7353.44,3590.08,252.25,2094.44,168.04,430.34,0.06
9,257.0,22.450000000000003,34.696600000000004,21.3198,94.1268,31.4266,20.723399999999998,25.0304,4.8628,2003.0,257.0,1.6688,26.5118,0.0,48.1852,17.0946,5.3919999999999995,12.7752,1.2372,2003.0,257.0,16.303866666666668,30.50002666666667,3.8673285714285717,61.92854666666666,25.551933333333338,14.433133333333334,20.094119999999997,2.976026666666667,2003.0,6991.74,2890.63,228.9,1639.72,158.13,329.3,0.02
10,273.0,19.37,30.3934,14.0506,59.6946,26.3234,13.627399999999998,19.1528,5.252000000000001,2003.0,273.0,5.6956,24.9346,0.0,33.8806,11.854,-1.9215999999999998,5.9182,1.3142,2003.0,273.0,14.978853333333333,27.804266666666663,2.0816399999999997,49.16868,18.976146666666665,6.778813333333334,12.804026666666665,3.24472,2003.0,5637.0,2287.01,345.42,1483.74,210.93,383.62,0.01
11,289.0,16.919800000000002,31.807,18.5494,73.93800000000002,28.975600000000004,16.8856,20.9672,5.4264,2003.0,289.0,7.2912,24.8318,0.0,38.61,13.9972,2.1420000000000003,8.289,1.5939999999999999,2003.0,289.0,12.828373333333333,27.67545333333333,2.416,53.646519999999995,20.50892,10.283173333333334,14.92296,3.0729599999999997,2003.0,5694.72,1829.52,282.21,1153.56,167.13,486.06,0.23
12,305.0,12.6418,29.945800000000002,11.835999999999999,95.2944,23.1874,8.8078,14.5074,6.0388,2003.0,305.0,0.5482,21.7134,0.0,44.6464,1.4082,-5.5518,-2.3655999999999997,1.5373999999999999,2003.0,305.0,7.4674,26.354253333333332,2.2647733333333333,66.38937333333334,10.241213333333334,2.9483866666666665,6.527773333333333,3.1584399999999997,2003.0,4284.56,2108.89,874.73,1953.05,689.91,514.82,1.69
