,DOY,INSgdmax,RADmax,RAINmax,RHmax,TMAXmax,TMINmax,Tmax,WINDmax,YEAR,DOY,INSgdmin,RADmin,RAINmin,RHmin,TMAXmin,TMINmin,Tmin,WINDmin,YEAR,DOY,INSgdmean,RADmean,RAINmean,RHmean,TMAXmean,TMINmean,Tmean,WINDmean,YEAR,NDVI,EVI,RED,NIR,BLUE,MIR,pixrel
0,113.0,28.58,31.5,16.86,86.99,25.57,14.1,19.5,6.05,2003.0,113.0,2.63,22.57,0.0,37.52,10.3,2.67,8.45,1.59,2003.0,113.0,13.96533333333333,27.410666666666668,5.24,62.285999999999994,18.374666666666666,8.012,12.983333333333333,3.73,2003.0,4340.16,1882.59,546.99,1526.46,297.27,1003.21,0.07
1,129.0,30.74,31.64,48.46,89.61,23.64,15.51,18.98,8.73,2003.0,129.0,0.83,24.37,0.0,49.37,14.25,5.91,11.18,1.45,2003.0,129.0,16.320666666666664,28.90866666666667,7.522666666666667,74.97,19.127333333333333,9.331999999999999,14.092666666666672,3.5339999999999985,2003.0,5514.18,2683.77,445.82,1845.27,258.18,790.59,0.2
2,145.0,31.03,33.12,7.23,84.18,31.21,19.27,23.13,5.52,2003.0,145.0,8.75,23.69,0.0,27.33,17.06,7.17,13.1,1.14,2003.0,145.0,24.43,27.932,0.9106666666666666,42.09,24.217333333333332,12.206,18.267999999999997,3.0993333333333326,2003.0,6918.14,3760.3,341.95,2323.33,216.82,599.78,0.78
3,161.0,28.55,33.88,35.48,81.95,32.49,19.95,24.81,4.91,2003.0,161.0,12.67,27.94,0.0,36.58,18.14,11.27,14.72,1.09,2003.0,161.0,20.01133333333333,30.571999999999992,6.543333333333334,60.93333333333333,25.808666666666664,14.680666666666665,20.062666666666665,2.5053333333333336,2003.0,7306.87,4305.58,300.96,2618.29,194.65,536.85,0.1
4,177.0,32.08,34.92,27.47,78.62,35.12,23.49,28.14,5.76,2003.0,177.0,8.17,25.24,0.0,33.39,23.11,11.45,19.01,0.67,2003.0,177.0,26.021333333333338,31.253333333333334,2.788666666666667,51.23466666666666,30.495333333333335,17.181333333333335,23.80533333333333,3.1926666666666663,2003.0,7245.51,4409.76,293.77,2682.21,195.16,531.7,0.0
5,193.0,31.25,35.86,36.77,80.82,34.5,22.06,26.89,4.68,2003.0,193.0,8.21,28.8,0.0,41.97,22.68,13.4,20.32,1.07,2003.0,193.0,22.957333333333334,32.506,7.772666666666667,63.897999999999996,30.05533333333334,18.874666666666666,24.26,2.575333333333333,2003.0,7633.22,4644.64,254.17,2815.55,152.74,530.43,2.63
6,209.0,26.46,35.64,8.24,69.19,37.17,24.61,30.26,5.76,2003.0,209.0,7.99,30.2,0.0,42.09,26.52,13.98,20.97,0.95,2003.0,209.0,22.75333333333334,32.282,1.886,54.39933333333333,30.34333333333333,18.838000000000005,24.368,2.7373333333333334,2003.0,7707.56,4456.73,275.86,2677.32,164.74,485.44,0.66
7,225.0,25.63,35.42,2.35,69.87,37.57,25.51,30.74,3.43,2003.0,225.0,12.35,29.84,0.0,43.91,28.75,15.75,22.11,1.51,2003.0,225.0,22.223333333333336,32.98533333333334,0.322,58.11333333333332,32.59733333333334,19.927999999999997,25.79866666666667,2.4440000000000004,2003.0,7300.57,3848.04,250.37,2251.21,154.88,431.24,0.25
8,241.0,24.77,34.85,22.35,66.29,37.37,22.15,29.28,3.82,2003.0,241.0,5.8,26.24,0.0,41.55,22.97,9.96,19.16,0.97,2003.0,241.0,21.084,30.965333333333334,3.4206666666666674,55.64733333333333,29.763333333333332,16.856,23.11066666666667,2.427333333333333,2003.0,7422.16,3804.42,252.13,2229.56,158.43,443.22,0.21
9,257.0,22.64,34.67,18.01,96.08,31.4,20.37,25.19,5.03,2003.0,257.0,1.19,26.28,0.0,47.6,16.46,5.24,12.57,1.26,2003.0,257.0,15.566666666666668,30.384,3.8600000000000008,62.29866666666666,25.386000000000003,14.29,19.913999999999998,3.0246666666666666,2003.0,6630.12,3210.28,286.6,1922.87,177.8,422.87,0.23
10,273.0,19.37,30.42,15.62,59.06,26.35,13.35,19.13,5.29,2003.0,273.0,5.08,25.06,0.0,34.69,11.93,-2.18,5.96,1.28,2003.0,273.0,15.116666666666667,27.809333333333328,2.5206666666666666,48.90800000000001,19.237333333333332,6.7106666666666674,12.890666666666666,3.2279999999999998,2003.0,5728.42,2492.98,359.83,1632.25,194.93,483.44,0.03
11,289.0,17.03,31.75,16.22,75.04,28.93,16.84,20.8,5.51,2003.0,289.0,6.44,24.98,0.0,38.04,14.02,1.99,8.27,1.67,2003.0,289.0,12.825333333333333,27.57133333333333,2.3146666666666667,53.70199999999999,20.622666666666664,10.232000000000001,14.900666666666666,3.0886666666666667,2003.0,5008.42,1832.48,438.15,1339.19,264.65,672.56,0.76
12,305.0,12.6,29.41,11.95,95.91,22.91,8.69,14.23,6.13,2003.0,305.0,0.4,21.74,0.0,43.97,1.26,-5.7,-2.51,1.64,2003.0,305.0,7.430666666666667,26.252666666666663,2.598666666666667,66.17733333333334,9.851333333333335,2.633999999999999,6.171333333333333,3.1439999999999997,2003.0,3589.73,1888.0,1198.43,2178.49,1010.44,739.15,1.97
