,DOY,INSgdmax,RADmax,RAINmax,RHmax,TMAXmax,TMINmax,Tmax,WINDmax,YEAR,DOY,INSgdmin,RADmin,RAINmin,RHmin,TMAXmin,TMINmin,Tmin,WINDmin,YEAR,DOY,INSgdmean,RADmean,RAINmean,RHmean,TMAXmean,TMINmean,Tmean,WINDmean,YEAR,NDVI,EVI,RED,NIR,BLUE,MIR,pixrel
0,113.0,28.0139,30.308300000000003,25.3729,95.14439999999999,22.511699999999998,11.2887,15.8065,5.9136,2003.0,113.0,2.3071,22.5066,0.0,43.453,7.4106000000000005,0.3807999999999999,3.3526,1.9923000000000002,2003.0,113.0,15.004940000000001,26.73895333333333,5.111533333333333,71.24978,15.875033333333334,5.935673333333333,10.679093333333334,4.122840000000001,2003.0,4152.94,2402.25,965.7,2333.2,519.55,1804.52,0.72
1,129.0,28.4437,29.6613,29.1526,93.7986,24.7909,11.99,16.0667,8.2741,2003.0,129.0,3.2687999999999997,24.064100000000003,0.0,59.27289999999999,11.3464,4.2898,8.9024,1.2477,2003.0,129.0,16.401886666666666,27.538326666666663,5.55708,78.20519333333333,17.82585333333333,7.623413333333332,12.653673333333334,3.9956333333333336,2003.0,4743.54,3301.25,1092.64,3096.36,592.36,2093.64,0.66
2,145.0,31.4442,32.6341,20.7522,77.6825,29.6315,19.785800000000002,24.0375,7.5428999999999995,2003.0,145.0,7.1551,24.894999999999996,0.0,30.694200000000002,15.825199999999999,5.0956,10.8203,1.1544999999999999,2003.0,145.0,22.2059,29.01566,3.73032,46.5865,23.942346666666666,11.822153333333333,18.111846666666665,3.3672333333333335,2003.0,4884.23,3271.03,1023.05,2972.96,547.5,2080.55,0.74
3,161.0,26.9756,34.6499,17.115299999999998,73.739,32.3271,20.806600000000003,26.332900000000002,5.0086,2003.0,161.0,10.0549,28.706400000000002,0.0,39.7664,17.9231,7.1891,11.9971,0.7838999999999999,2003.0,161.0,20.133293333333334,30.995506666666667,4.192353333333333,55.598846666666674,26.364173333333333,14.165593333333332,20.170213333333333,2.6162866666666664,2003.0,6222.81,4097.94,716.41,3058.62,407.83,1306.19,0.07
4,177.0,31.835499999999996,34.7125,23.5015,92.21900000000001,33.707100000000004,21.4619,26.4416,7.2529,2003.0,177.0,8.4771,26.8991,0.0,35.7267,22.5392,11.231100000000001,16.1102,1.238,2003.0,177.0,24.969233333333335,31.015346666666666,4.965933333333334,64.66514666666667,28.194613333333336,16.206380000000003,21.99391333333333,4.299166666666666,2003.0,6615.36,4762.19,710.5,3511.48,412.09,1347.35,0.03
5,193.0,31.0277,35.9572,9.3138,87.72540000000001,33.5591,22.2335,26.7883,5.706799999999999,2003.0,193.0,15.853000000000002,28.652800000000006,0.0,52.128600000000006,24.0749,12.661299999999999,19.4735,1.6617,2003.0,193.0,24.42942,32.397553333333335,1.54398,70.02783333333335,28.88594,18.375320000000002,23.223253333333332,3.4571533333333333,2003.0,7061.19,5401.82,655.11,3906.94,384.17,1183.12,0.12
6,209.0,28.808,35.3009,23.200899999999997,75.8277,36.6286,23.452999999999996,28.084399999999995,6.9369000000000005,2003.0,209.0,7.1815999999999995,28.9912,0.0,46.910199999999996,23.9172,11.969899999999999,18.5469,1.0547,2003.0,209.0,23.34708666666667,31.67530666666666,3.383346666666667,59.665773333333334,29.289713333333335,16.270473333333335,22.48795333333333,3.1305000000000005,2003.0,7221.59,5128.65,543.88,3509.01,320.56,1031.47,0.03
7,225.0,26.8742,35.5483,8.6523,73.2645,37.0799,24.052100000000003,29.5072,4.9884,2003.0,225.0,14.4211,29.2108,0.0,41.670899999999996,26.6503,14.1472,21.2919,1.0836999999999999,2003.0,225.0,23.02576666666667,32.23412666666667,1.2991466666666667,59.40148666666666,31.258153333333333,18.544653333333336,24.593746666666668,2.8139933333333333,2003.0,6937.78,4799.06,585.8,3347.95,341.32,1025.28,0.98
8,241.0,24.7574,35.4853,7.3193,65.9538,36.3601,22.1297,28.638800000000003,4.8268,2003.0,241.0,9.2383,27.3201,0.0,45.952600000000004,21.7975,9.284,16.9869,1.2672,2003.0,241.0,21.05724,31.019326666666668,1.3753533333333334,55.934046666666674,29.13325333333334,15.795306666666665,22.121053333333336,3.0907466666666674,2003.0,6061.02,3831.99,710.17,2893.42,389.67,1216.43,0.04
9,257.0,22.7044,33.9292,27.102200000000003,91.3409,29.7459,20.124200000000002,24.1915,8.1113,2003.0,257.0,4.078100000000001,26.678400000000003,0.0,46.7012,14.548100000000002,4.5901,8.5745,2.2460999999999998,2003.0,257.0,14.937680000000002,29.81176666666666,6.06882857142857,68.56831333333334,23.397886666666665,11.633933333333333,17.130033333333333,4.359906666666666,2003.0,4865.29,2931.08,918.47,2641.26,463.93,1425.33,0.05
10,273.0,19.3978,30.735600000000005,11.4129,63.6436,26.3779,13.111899999999999,18.6483,6.3418,2003.0,273.0,9.1701,25.528999999999996,0.0,40.2698,13.993300000000001,2.2049000000000003,8.0913,1.4943,2003.0,273.0,16.172,27.97114,1.592109523809524,50.67766,19.846573333333332,7.36988,13.226986666666665,4.115820000000001,2003.0,3855.71,2226.02,1092.48,2415.99,526.41,1677.55,0.05
11,289.0,15.6861,30.805100000000003,10.5255,86.018,26.1607,16.1483,19.0329,5.603,2003.0,289.0,4.1311,24.569499999999998,0.0,39.0239,13.146500000000001,3.2487,8.054400000000001,1.6869,2003.0,289.0,11.9065,27.529339999999998,1.7651933333333332,61.80920666666667,19.664899999999996,8.408173333333332,13.583246666666666,3.6190866666666666,2003.0,3348.43,1930.15,1141.46,2266.15,587.68,1794.79,0.08
12,305.0,11.5723,28.118499999999997,15.887099999999998,92.0452,14.0412,4.654,8.3749,7.4329,2003.0,305.0,2.2991,21.2657,0.0,45.9208,-3.6152999999999995,-11.780100000000001,-6.619299999999999,1.9844,2003.0,305.0,7.2495666666666665,25.000939999999996,1.76398,73.34544,4.805959999999999,-2.2369866666666667,1.01246,3.846873333333333,2003.0,3089.01,1678.76,1072.14,2024.38,565.87,1760.35,0.13
