,DOY,INSgdmax,RADmax,RAINmax,RHmax,TMAXmax,TMINmax,Tmax,WINDmax,YEAR,DOY,INSgdmin,RADmin,RAINmin,RHmin,TMAXmin,TMINmin,Tmin,WINDmin,YEAR,DOY,INSgdmean,RADmean,RAINmean,RHmean,TMAXmean,TMINmean,Tmean,WINDmean,YEAR,NDVI,EVI,RED,NIR,BLUE,MIR,pixrel
0,113.0,28.15,31.0176,16.227600000000002,86.106,24.2116,14.458599999999999,17.5018,5.761799999999999,2003.0,113.0,2.992,21.238599999999998,0.0,39.626400000000004,9.0368,1.9264,5.776,1.8906,2003.0,113.0,15.069706666666663,26.69997333333334,4.10388,59.61693333333335,17.100386666666665,6.9245866666666664,11.785639999999997,3.5834,2003.0,1932.85,434.11,121.23,824.73,-65.11,502.83,76.62
1,129.0,29.6096,30.405,32.833800000000004,91.188,21.897400000000005,13.8096,17.0292,7.601799999999999,2003.0,129.0,2.3628,23.0658,0.0,45.656200000000005,13.8236,3.3772,9.979800000000001,1.892,2003.0,129.0,16.153306666666666,27.62172,7.771373333333333,72.84210666666667,17.878666666666668,8.062773333333332,12.837106666666667,3.4359333333333337,2003.0,2339.47,590.74,5.31,884.29,-158.06,326.08,91.87
2,145.0,31.4212,32.6526,7.317399999999999,88.068,29.5518,18.0922,21.2988,5.5044,2003.0,145.0,8.083400000000001,24.0568,0.0,28.235000000000003,16.776200000000003,5.3296,11.887599999999999,1.2726,2003.0,145.0,24.48896,27.45401333333333,1.3533733333333333,44.784306666666666,23.00164,10.682466666666667,16.85604,3.0532533333333336,2003.0,3907.93,2125.5,138.92,1638.84,31.15,366.13,51.47
3,161.0,29.752000000000002,32.935,16.8072,82.443,31.999200000000002,18.1538,24.1802,4.146199999999999,2003.0,161.0,6.232800000000001,27.6682,0.0,36.393,18.458000000000002,9.5466,15.657599999999999,1.2508,2003.0,161.0,20.36434666666667,30.09176,4.237333333333334,61.44746666666667,24.827346666666664,14.011573333333333,19.213293333333333,2.331533333333333,2003.0,3949.48,2253.44,-103.44,1752.52,-200.19,99.53,89.26
4,177.0,32.62,35.105199999999996,20.043,76.20660000000001,34.1138,23.405399999999997,27.9604,5.5382,2003.0,177.0,6.3764,25.6678,0.0,34.534600000000005,22.291199999999996,9.7558,18.1724,0.6139999999999999,2003.0,177.0,25.631079999999997,30.90053333333333,2.073706666666667,49.269400000000005,29.820640000000004,16.625999999999998,23.226199999999995,3.084226666666666,2003.0,4861.48,2514.57,-92.48,1695.46,-149.13,60.15,66.44
5,193.0,30.369799999999998,34.882600000000004,27.362,83.1882,33.2194,21.7672,26.378,4.7566,2003.0,193.0,9.087,28.095,0.0,43.1876,21.1944,13.277000000000001,20.0378,0.5704,2003.0,193.0,22.550306666666664,32.037079999999996,4.627986666666668,62.14327999999998,28.92861333333333,17.960160000000002,23.295973333333336,2.586093333333334,2003.0,4137.44,2347.9,-184.45,1708.6,-250.82,5.43,91.81
6,209.0,26.746399999999998,35.074,9.3156,73.554,36.4312,24.124599999999997,29.8568,5.8622,2003.0,209.0,15.297600000000001,27.934799999999996,0.0,42.660799999999995,25.6874,14.249600000000001,20.0764,1.3698000000000001,2003.0,209.0,22.43412,31.67488,2.65728,56.49896,29.29358666666667,18.256280000000004,23.52654666666666,2.806946666666667,2003.0,4496.59,2367.45,-56.14,1710.0,-110.42,71.18,76.74
7,225.0,25.1714,35.477599999999995,3.717,73.2852,36.4354,25.3204,30.0472,3.6836,2003.0,225.0,15.8014,29.0152,0.0,44.8968,27.3106,14.853,21.4874,1.2708,2003.0,225.0,22.02924,32.518586666666664,0.4229333333333333,58.97710666666667,31.638213333333333,19.564799999999998,25.12770666666667,2.475146666666667,2003.0,4238.57,1961.41,-183.95,1385.7,-238.37,-31.75,86.85
8,241.0,24.6824,34.7378,8.902999999999999,68.5042,36.0798,21.7674,28.315200000000004,3.734,2003.0,241.0,8.9962,26.967399999999998,0.0,44.118399999999994,24.3396,10.3324,18.4718,0.8333999999999999,2003.0,241.0,21.58294666666667,30.617893333333335,1.2217333333333336,54.17977333333334,28.997706666666666,16.11689333333333,22.35142666666667,2.254266666666666,2003.0,4212.67,1957.41,-165.79,1423.3,-224.07,-8.93,86.9
9,257.0,21.6886,34.378600000000006,20.7792,95.0332,31.510399999999997,20.406599999999997,24.555600000000002,4.8396,2003.0,257.0,2.608,27.345399999999998,0.0,49.6716,16.0852,5.8784,12.553200000000002,1.1264,2003.0,257.0,16.15405333333333,30.6896,4.016528571428571,63.39317333333334,24.819480000000002,14.415093333333333,19.644320000000004,2.953533333333333,2003.0,3824.67,1500.8,-114.33,1177.37,-185.64,9.97,84.23
10,273.0,18.8626,30.0688,9.52,62.920199999999994,26.288400000000003,12.691799999999997,18.2924,5.0116,2003.0,273.0,4.8154,24.3348,0.0,34.5608,10.592400000000001,-2.5492,4.8886,1.6462,2003.0,273.0,14.413573333333334,27.69338666666666,1.46084,50.25382666666667,17.24921333333333,6.11284,11.501133333333335,3.358106666666667,2003.0,2502.4,720.03,6.43,930.82,-154.65,87.12,86.7
11,289.0,16.7188,31.195999999999998,13.152999999999999,71.8974,27.8182,17.3422,20.4854,4.9336,2003.0,289.0,6.7808,24.6038,0.0,39.858599999999996,12.7038,1.2211999999999998,7.6684,1.62,2003.0,289.0,12.65324,27.328253333333333,1.7174799999999997,54.00553333333333,19.426280000000002,9.360653333333335,13.878613333333332,3.178626666666667,2003.0,2904.78,599.29,122.47,846.9,4.59,321.18,71.71
12,305.0,13.278,28.6454,29.807599999999997,95.55860000000001,20.941200000000002,7.103400000000001,11.6246,5.402200000000001,2003.0,305.0,1.0924,20.563000000000002,0.0,39.9536,-0.13540000000000002,-6.302,-3.842,1.3666,2003.0,305.0,7.187773333333334,25.37608,3.810693333333334,66.88004,8.122186666666668,1.45308,4.639399999999998,2.9087599999999996,2003.0,1152.7,269.61,627.5,1273.03,494.75,98.5,77.74
