,DOY,INSgdmax,RADmax,RAINmax,RHmax,TMAXmax,TMINmax,Tmax,WINDmax,YEAR,DOY,INSgdmin,RADmin,RAINmin,RHmin,TMAXmin,TMINmin,Tmin,WINDmin,YEAR,DOY,INSgdmean,RADmean,RAINmean,RHmean,TMAXmean,TMINmean,Tmean,WINDmean,YEAR,NDVI,EVI,RED,NIR,BLUE,MIR,pixrel
0,113.0,27.956000000000003,29.826,20.076999999999998,94.76,23.119999999999997,11.3565,17.184,6.1415,2003.0,113.0,3.9905,21.528000000000002,0.0,38.931999999999995,3.961,-2.3505000000000003,0.183,1.606,2003.0,113.0,14.870966666666666,26.25796666666667,4.669766666666667,67.48833333333333,14.855,4.668933333333334,9.782799999999998,3.4672666666666667,2003.0,4029.64,1907.07,734.92,1774.01,378.74,1324.88,0.0
1,129.0,29.984499999999997,29.399499999999996,41.84049999999999,95.431,20.44,10.998,14.2085,7.209499999999999,2003.0,129.0,2.0029999999999997,24.2985,0.0,48.504999999999995,11.405999999999999,3.7855,8.508,1.2805000000000002,2003.0,129.0,16.436266666666665,26.906666666666666,8.881799999999998,74.27473333333334,16.671366666666664,6.9735,11.676733333333333,3.1967333333333334,2003.0,4905.83,2208.31,549.06,1703.9,297.6,957.6,0.0
2,145.0,30.5855,32.1985,21.421,85.9255,28.810000000000002,18.853,21.8625,6.0185,2003.0,145.0,4.4155,24.776999999999997,0.0,28.286,14.671999999999999,3.6645,10.6215,1.674,2003.0,145.0,22.209600000000002,27.514200000000002,2.5803,44.750033333333334,22.629633333333334,10.3506,16.50133333333333,3.1771666666666674,2003.0,6860.02,3767.55,410.86,2412.31,247.55,659.52,0.99
3,161.0,29.642500000000002,32.0095,16.955500000000004,85.64,32.022499999999994,17.134,24.026,3.6955,2003.0,161.0,7.4174999999999995,28.043999999999997,0.0,40.214,17.0295,8.686,14.927500000000002,1.0450000000000002,2003.0,161.0,20.07193333333333,30.153466666666667,4.230900000000001,64.61503333333333,24.09356666666666,13.047666666666666,18.433400000000002,2.0349000000000004,2003.0,7499.55,4746.2,381.89,3042.52,221.51,693.54,0.01
4,177.0,32.535,34.533,21.067000000000004,86.34150000000001,32.985,23.4035,26.444000000000003,5.911,2003.0,177.0,4.021,24.8545,0.0,32.2535,21.163,12.072,16.305999999999997,1.3370000000000002,2003.0,177.0,25.14196666666667,30.310733333333335,3.6145666666666663,53.708633333333346,28.641166666666663,16.4123,22.33803333333333,3.3348999999999993,2003.0,7680.76,4841.77,345.62,3050.34,202.21,658.33,0.0
5,193.0,30.484499999999997,34.1295,19.7515,84.06450000000001,32.3105,19.805,25.722500000000004,5.12,2003.0,193.0,13.6115,28.44,0.0,43.156,20.346,12.542,18.2425,0.9009999999999999,2003.0,193.0,22.5859,31.562033333333336,3.7319333333333335,64.35163333333334,28.123266666666662,16.6633,22.184800000000003,2.724466666666667,2003.0,7706.13,4854.56,345.63,3043.34,207.36,612.96,0.22
6,209.0,27.063,36.043000000000006,7.5035,72.6495,34.285999999999994,24.128,28.511999999999997,5.591,2003.0,209.0,19.582,28.3215,0.0,47.817,25.035500000000003,12.662,19.078500000000002,1.5885,2003.0,209.0,23.727233333333334,31.17943333333333,1.9469333333333336,59.764166666666675,28.39486666666667,16.870266666666662,22.313800000000004,3.0229,2003.0,7706.07,4501.47,309.03,2746.51,185.74,577.15,0.24
7,225.0,25.374499999999998,35.353500000000004,6.297,72.04100000000001,35.568,24.023500000000002,28.529999999999998,4.2195,2003.0,225.0,11.869,28.897000000000002,0.0,44.6385,27.979499999999998,13.9575,20.978,1.2670000000000001,2003.0,225.0,21.855333333333334,32.026666666666664,1.0330000000000001,60.138400000000004,31.560433333333336,18.454700000000003,24.44546666666667,2.5385666666666666,2003.0,7481.91,4027.44,282.42,2395.43,171.97,502.1,0.0
8,241.0,24.110999999999997,35.163000000000004,10.197000000000001,71.223,36.639,21.0735,27.7625,4.3105,2003.0,241.0,12.519,26.288999999999998,0.0,40.0195,22.6715,9.879999999999999,16.452499999999997,0.55,2003.0,241.0,20.943133333333336,30.238666666666667,1.3927666666666667,54.28979999999999,28.126799999999996,14.564333333333336,21.17956666666667,2.3894333333333333,2003.0,7288.75,4030.51,327.39,2480.76,187.58,602.67,0.01
9,257.0,21.2745,34.418,12.699,76.8745,31.147499999999997,20.691999999999997,24.8825,6.1365,2003.0,257.0,0.8620000000000001,27.604999999999997,0.0,49.588499999999996,13.234,5.9965,9.8675,1.0505,2003.0,257.0,15.151866666666667,30.199599999999997,3.0646428571428572,59.99453333333332,24.557266666666663,13.418766666666667,19.0153,3.3971000000000005,2003.0,6868.78,3316.35,327.77,2034.7,189.67,535.25,0.0
10,273.0,19.009500000000003,29.9915,6.9185,63.182500000000005,26.949,11.984000000000002,18.7605,6.029,2003.0,273.0,7.1225000000000005,24.472500000000004,0.0,39.615500000000004,11.3505,-2.6845,5.091,2.0765000000000002,2003.0,273.0,14.090466666666666,27.55126666666667,1.264607142857143,50.925,16.915399999999998,5.8385,11.205566666666666,3.693966666666667,2003.0,5664.07,2616.67,475.82,1853.68,240.38,672.5,0.0
11,289.0,16.214499999999997,31.626000000000005,4.8229999999999995,74.774,25.650000000000002,18.1525,20.4325,4.9535,2003.0,289.0,4.064500000000001,24.275000000000002,0.0,41.150499999999994,12.620999999999999,1.7735,7.3065,1.981,2003.0,289.0,11.217366666666667,27.614166666666673,0.6096666666666667,57.1567,18.58966666666667,8.742866666666664,13.176333333333334,3.4532333333333325,2003.0,4746.74,1896.89,508.52,1471.45,279.78,868.06,0.06
12,305.0,11.240999999999998,27.872999999999998,27.231499999999997,90.66,13.004000000000001,4.399,7.877000000000001,5.59,2003.0,305.0,1.782,20.0235,0.0,46.014500000000005,-3.5765,-10.7465,-6.921,1.1265,2003.0,305.0,6.846633333333334,24.5838,3.8611333333333335,73.82803333333332,3.861966666666666,-2.1405,0.7822666666666666,2.965966666666666,2003.0,1338.17,1052.4,2402.77,3044.43,2266.66,583.53,2.38
