,DOY,INSgdmax,RADmax,RAINmax,RHmax,TMAXmax,TMINmax,Tmax,WINDmax,YEAR,DOY,INSgdmin,RADmin,RAINmin,RHmin,TMAXmin,TMINmin,Tmin,WINDmin,YEAR,DOY,INSgdmean,RADmean,RAINmean,RHmean,TMAXmean,TMINmean,Tmean,WINDmean,YEAR,NDVI,EVI,RED,NIR,BLUE,MIR,pixrel
0,113.0,28.1292,31.122300000000003,23.4256,93.5993,22.785899999999998,13.581599999999998,17.289,6.050599999999999,2003.0,113.0,3.5184,21.746900000000004,0.0,45.515299999999996,9.2517,1.6925,5.730700000000001,1.5267,2003.0,113.0,15.269453333333333,26.859506666666665,6.1411533333333335,69.51357333333334,16.315566666666665,6.826560000000001,11.267653333333335,3.84322,2003.0,4567.97,2165.46,684.53,1850.35,347.17,1257.79,0.01
1,129.0,29.305100000000003,29.5715,30.9172,93.2157,24.3474,12.6908,16.0532,8.5241,2003.0,129.0,1.9826000000000001,24.300400000000003,0.0,59.3996,13.1955,5.1458,9.5089,1.307,2003.0,129.0,16.572913333333336,27.812179999999998,6.05708,78.2157,17.959960000000002,8.307166666666667,12.93968,3.7659399999999996,2003.0,5234.15,2543.89,618.0,1974.98,322.86,1202.19,0.0
2,145.0,30.901699999999998,32.329899999999995,19.639899999999997,81.77629999999999,29.836799999999997,20.0454,23.7565,6.895,2003.0,145.0,4.739,24.582,0.0,27.43,16.1244,5.461,11.8524,1.4882,2003.0,145.0,22.241593333333334,28.177660000000003,2.5061133333333334,43.85048666666667,23.962713333333333,11.942846666666666,18.14674,3.3446733333333336,2003.0,6581.59,3625.22,494.24,2440.95,272.43,969.06,0.95
3,161.0,29.5223,33.073,19.8303,76.327,32.9809,20.0364,25.4006,4.9885,2003.0,161.0,10.3031,28.578000000000003,0.0,40.3281,19.605799999999995,8.8303,13.707899999999999,1.3353000000000002,2003.0,161.0,20.995893333333335,30.872320000000002,3.716666666666667,59.31294666666666,26.034060000000004,13.956826666666664,19.91238666666667,2.38296,2003.0,7295.78,4281.87,418.32,2748.87,235.35,789.67,0.0
4,177.0,32.623,35.1563,22.707,87.7053,33.4388,22.335,26.5839,6.219799999999999,2003.0,177.0,4.4216999999999995,25.6631,0.0,33.7999,22.3195,11.6601,16.5796,0.8558,2003.0,177.0,25.239733333333334,30.945299999999996,5.7338000000000005,57.72347333333333,29.083800000000004,16.50926,22.59246,3.75734,2003.0,7424.9,4256.49,386.91,2680.19,216.02,772.52,0.0
5,193.0,30.9897,35.5349,19.2719,86.5645,34.0353,21.7833,26.958199999999998,5.5634,2003.0,193.0,13.6223,28.512999999999998,0.0,47.963800000000006,23.168599999999998,13.0868,19.7372,1.1995,2003.0,193.0,23.258786666666666,32.460633333333334,4.303800000000001,66.95932000000002,29.331706666666665,18.45715333333333,23.601633333333332,3.03878,2003.0,7533.33,4325.27,373.8,2697.85,210.88,742.46,0.0
6,209.0,28.047800000000002,34.887600000000006,24.4049,72.05930000000001,35.7418,24.3199,29.097099999999998,6.1059,2003.0,209.0,11.5399,28.731,0.0,46.5502,24.233099999999997,11.7038,18.6917,1.1233,2003.0,209.0,23.10326666666667,31.52561333333334,3.39006,58.95056666666666,29.331366666666668,17.241860000000003,22.999739999999996,3.1212533333333337,2003.0,7135.23,3924.46,437.1,2523.67,306.98,739.24,0.88
7,225.0,26.268,35.7751,5.5808,68.70060000000001,36.6987,24.280099999999997,29.299699999999998,4.5437,2003.0,225.0,15.1798,29.686300000000003,0.0,44.6352,27.633700000000005,15.4206,21.6574,1.3475000000000001,2003.0,225.0,22.310806666666664,32.54951333333333,0.6580733333333333,58.72252,31.975513333333332,19.204566666666665,25.197940000000003,2.6264866666666666,2003.0,7184.51,3774.97,405.94,2388.19,226.1,777.8,0.0
8,241.0,24.7006,34.8679,8.6809,65.263,36.4801,21.2044,28.303600000000003,4.0259,2003.0,241.0,10.8705,26.4218,0.0,42.9927,22.5492,10.862300000000001,17.6318,1.4315,2003.0,241.0,21.538220000000003,30.64420666666667,1.4721066666666667,54.39379999999999,29.361106666666664,16.047986666666667,22.476713333333333,2.7330066666666664,2003.0,7012.14,3454.84,398.88,2189.27,214.34,788.11,0.0
9,257.0,22.627499999999998,34.335,20.0056,77.8709,30.7922,21.1204,25.0379,7.066,2003.0,257.0,0.6436,27.026200000000003,0.0,45.216,14.6344,6.0257,9.7607,1.5649000000000002,2003.0,257.0,14.992873333333332,30.023306666666663,4.194657142857143,60.41811333333334,24.529306666666663,13.044846666666668,18.79365333333333,3.703126666666667,2003.0,6967.33,3099.87,346.8,1911.2,189.56,683.12,0.0
10,273.0,19.2486,30.8964,10.220200000000002,56.8837,26.6569,12.9156,19.1456,6.096,2003.0,273.0,7.7608999999999995,25.7046,0.0,39.6158,13.4543,-0.3020999999999999,7.381599999999999,1.5727,2003.0,273.0,15.724026666666663,27.75228666666667,1.1002,49.48512666666666,19.692813333333334,7.000393333333333,13.111946666666668,3.7812000000000006,2003.0,5037.43,2183.04,550.04,1686.16,278.24,914.89,0.0
11,289.0,15.900499999999997,31.1931,10.1644,79.6078,27.1868,18.2864,20.6613,5.2604,2003.0,289.0,4.7216000000000005,24.9191,0.0,39.6426,14.0332,2.2309,8.6366,1.7194,2003.0,289.0,11.782773333333335,27.427486666666667,1.4136866666666665,56.85210000000001,20.082813333333334,9.381539999999998,14.251000000000001,3.454833333333333,2003.0,4829.16,1826.99,498.67,1419.76,253.1,980.4,0.13
12,305.0,11.5242,28.649,24.6581,90.755,15.3733,5.3056,9.3245,7.1066,2003.0,305.0,2.1122,21.3991,0.0,43.7828,-2.5484,-6.471400000000001,-3.9016,1.5911,2003.0,305.0,7.4748,25.37705333333333,3.804013333333333,69.26044666666667,6.121553333333333,-0.27185333333333334,2.748966666666667,3.4423200000000005,2003.0,3647.98,1705.78,918.96,1791.99,637.01,753.22,1.44
