,DOY,INSgdmax,RADmax,RAINmax,RHmax,TMAXmax,TMINmax,Tmax,WINDmax,YEAR,DOY,INSgdmin,RADmin,RAINmin,RHmin,TMAXmin,TMINmin,Tmin,WINDmin,YEAR,DOY,INSgdmean,RADmean,RAINmean,RHmean,TMAXmean,TMINmean,Tmean,WINDmean,YEAR,NDVI,EVI,RED,NIR,BLUE,MIR,pixrel
0,113.0,27.9524,29.9912,13.0684,95.8764,23.3208,11.4132,16.0636,5.904,2003.0,113.0,3.1588,22.2192,0.0,39.8524,4.0404,-1.8391999999999997,0.9328,1.8072,2003.0,113.0,15.004800000000003,26.24213333333333,4.111013333333333,69.11768,14.985813333333335,4.959573333333333,9.865093333333334,3.9455999999999998,2003.0,2393.79,1280.37,1062.61,1791.94,576.42,2113.26,0.18
1,129.0,29.646399999999996,29.34,23.245600000000003,96.04680000000002,23.2792,10.3484,14.663599999999999,8.2876,2003.0,129.0,4.3416,23.9204,0.0,60.098800000000004,11.0476,3.532,7.9532,1.7244000000000002,2003.0,129.0,15.850826666666666,27.091146666666663,5.68672,79.57053333333333,16.842853333333338,6.602133333333334,11.632933333333334,3.9672533333333337,2003.0,2970.78,1475.82,889.25,1705.55,480.07,1808.96,0.19
2,145.0,31.2912,32.419599999999996,18.6732,77.6384,28.976000000000003,18.885199999999998,23.1084,8.3052,2003.0,145.0,7.7943999999999996,24.4492,0.0,28.714800000000004,15.354800000000001,4.853199999999999,10.214,1.1836,2003.0,145.0,21.73896,28.509040000000006,3.18216,46.56656,23.16290666666667,11.168213333333334,17.39346666666667,3.471653333333333,2003.0,3823.57,1938.44,779.56,1844.23,418.79,1624.56,0.86
3,161.0,29.7608,34.2308,15.975599999999998,77.0696,31.354800000000004,20.8576,25.855600000000003,4.5472,2003.0,161.0,12.6472,28.1808,0.0,40.928,18.5204,6.209599999999999,12.0664,0.69,2003.0,161.0,22.075973333333337,30.41730666666667,3.8571733333333333,60.43210666666667,25.213173333333337,13.413253333333333,19.138293333333333,2.3933066666666667,2003.0,7869.68,5684.58,421.5,3776.71,220.38,841.11,0.22
4,177.0,32.5192,34.571200000000005,23.9788,93.8276,32.418,21.156799999999997,25.608800000000002,7.45,2003.0,177.0,6.7824,26.369600000000002,0.0,32.8536,21.779600000000002,11.2116,15.6248,1.3976,2003.0,177.0,23.863893333333337,30.587306666666663,4.4967733333333335,63.20730666666667,27.840453333333336,15.99616,21.622533333333333,4.3367466666666665,2003.0,8164.71,6473.34,434.93,4439.39,221.52,758.73,0.0
5,193.0,30.9188,34.4848,7.9524,89.046,32.8532,21.293599999999998,25.914400000000004,6.379999999999999,2003.0,193.0,15.7936,28.760800000000003,0.0,51.05160000000001,22.5776,12.493599999999999,18.152,1.3956,2003.0,193.0,24.304719999999996,31.904373333333332,1.1088,70.26989333333333,27.914239999999996,17.34488,22.34357333333333,3.4516533333333337,2003.0,8023.05,6118.74,446.4,4159.55,227.55,661.44,0.07
6,209.0,28.3916,35.9084,12.1312,74.9388,36.4084,22.7732,27.2168,7.0608,2003.0,209.0,13.4888,29.408799999999996,0.0,49.3948,23.607599999999998,11.355199999999998,18.1332,0.8864,2003.0,209.0,22.96930666666666,31.303466666666665,1.951706666666667,61.055253333333326,28.409573333333334,15.860853333333337,21.757733333333334,3.2857600000000002,2003.0,5505.36,3543.94,789.56,2858.07,399.54,989.74,0.06
7,225.0,27.570800000000002,35.5588,5.2416,75.09360000000001,36.542,23.946800000000003,29.004400000000004,5.3256,2003.0,225.0,13.4896,28.422400000000003,0.0,44.132400000000004,24.9172,13.2232,20.7348,1.0576,2003.0,225.0,22.974986666666666,31.864986666666667,0.8053866666666667,60.820746666666665,30.883813333333332,18.155813333333334,24.141146666666664,2.8669333333333333,2003.0,3719.84,2500.73,1421.82,2987.74,720.18,1799.65,0.0
8,241.0,24.611600000000003,35.1616,10.8956,66.5436,35.818,22.135999999999996,28.2104,5.428,2003.0,241.0,8.507200000000001,27.467999999999996,0.0,45.857200000000006,21.8152,8.7104,16.2384,0.7176,2003.0,241.0,20.488800000000005,30.668506666666662,1.8563733333333334,55.413066666666666,28.549573333333335,14.807786666666663,21.354453333333332,3.006666666666667,2003.0,3316.73,1954.55,1262.31,2434.05,636.65,1822.77,0.05
9,257.0,22.238799999999998,33.319599999999994,27.3932,90.6248,30.218400000000003,20.317999999999998,24.28,8.272400000000001,2003.0,257.0,3.6679999999999997,26.3304,0.0,47.4044,13.0712,4.8676,7.908799999999999,1.7195999999999998,2003.0,257.0,13.940800000000001,29.684586666666657,4.0338,68.56797333333334,23.236986666666667,11.626933333333334,16.98021333333333,4.344746666666667,2003.0,3629.65,1910.94,907.16,1977.12,469.05,1558.4,0.02
10,273.0,18.9412,30.3696,14.3436,60.5656,26.3428,12.474400000000001,18.39,6.9184,2003.0,273.0,9.684,25.3688,0.0,41.3864,12.293199999999999,1.3352,6.696,1.3092,2003.0,273.0,15.645600000000002,27.81072,1.2849180952380952,51.95912,18.60637333333333,6.691440000000001,12.240266666666669,4.1388,2003.0,3208.95,1571.82,888.56,1755.32,463.07,1594.14,0.0
11,289.0,15.0408,30.9488,7.9116,86.654,25.006000000000004,15.7688,18.624,6.002000000000001,2003.0,289.0,5.0164,23.83,0.0,41.372,12.282800000000002,2.61,7.1508,1.8132,2003.0,289.0,11.34632,27.290400000000005,1.5963733333333332,62.89834666666667,18.450160000000004,7.982773333333332,12.754586666666665,3.7288266666666665,2003.0,2983.28,1433.06,900.0,1683.43,471.35,1612.87,0.33
12,305.0,9.314800000000002,27.6232,18.2592,91.0708,10.212,3.1456,6.6796,7.542399999999999,2003.0,305.0,2.7464000000000004,22.4372,0.0,49.5568,-4.9344,-13.926,-7.8328000000000015,1.742,2003.0,305.0,6.063866666666667,24.805680000000002,1.7932,77.72175999999999,2.8185599999999993,-3.899466666666667,-0.6691999999999998,3.7826933333333335,2003.0,956.72,528.98,3558.49,3871.33,3285.87,841.04,1.52
