,DOY,INSgdmax,RADmax,RAINmax,RHmax,TMAXmax,TMINmax,Tmax,WINDmax,YEAR,DOY,INSgdmin,RADmin,RAINmin,RHmin,TMAXmin,TMINmin,Tmin,WINDmin,YEAR,DOY,INSgdmean,RADmean,RAINmean,RHmean,TMAXmean,TMINmean,Tmean,WINDmean,YEAR,NDVI,EVI,RED,NIR,BLUE,MIR,pixrel
0,113.0,28.1042,30.559399999999997,25.061799999999998,94.19720000000001,22.5936,11.4656,15.7244,5.7704,2003.0,113.0,2.9566,22.046400000000002,0.0,41.6866,7.5556,0.3,3.399,1.7038000000000002,2003.0,113.0,15.10936,26.58416,5.3043733333333325,69.97825333333333,15.708626666666667,5.831959999999999,10.529920000000002,4.029306666666667,2003.0,5672.11,3842.88,842.47,3135.96,444.31,1855.84,1.0
1,129.0,28.0056,29.4732,34.9,94.5486,24.69,11.3662,15.533000000000001,8.451600000000001,2003.0,129.0,4.1366,24.18,0.0,60.068599999999996,11.7036,4.3672,8.843800000000002,1.5092,2003.0,129.0,16.191986666666665,27.396786666666667,6.74456,79.32441333333334,17.47881333333333,7.420546666666667,12.3368,3.982306666666666,2003.0,5470.13,3773.22,910.99,3183.27,477.2,2211.97,0.46
2,145.0,31.0574,32.681799999999996,23.076599999999996,78.3178,29.12,19.774,23.6414,7.7572,2003.0,145.0,5.7714,24.4058,0.0,28.5914,15.8586,5.016,10.8966,1.3974000000000002,2003.0,145.0,21.63629333333333,28.670533333333335,3.9407733333333335,45.793960000000006,23.68969333333333,11.61696,17.862906666666664,3.431813333333333,2003.0,5830.73,3893.68,792.84,3083.4,417.9,1932.84,0.35
3,161.0,27.7016,34.5582,20.0708,73.4648,32.111399999999996,20.091600000000003,25.7296,5.0878000000000005,2003.0,161.0,11.2072,28.695400000000003,0.0,41.5278,18.296599999999998,7.1646,12.2296,0.8382,2003.0,161.0,21.00924,30.86296,4.079706666666667,58.00617333333334,25.935693333333333,13.843933333333334,19.780079999999998,2.508386666666667,2003.0,6832.78,4800.23,652.37,3502.01,348.91,1420.23,0.0
4,177.0,31.979999999999997,34.665,21.0978,91.98740000000001,33.043000000000006,21.734199999999998,26.0888,6.856,2003.0,177.0,6.9802,26.253600000000002,0.0,33.5982,22.1536,11.4012,15.956399999999999,1.1001999999999998,2003.0,177.0,24.871426666666665,30.833706666666668,4.036946666666667,62.28248000000001,28.370453333333337,16.150506666666665,22.005719999999997,4.22584,2003.0,7361.99,5286.49,553.56,3673.18,300.0,1234.83,0.06
5,193.0,30.803600000000003,35.5474,9.9464,88.11200000000001,32.8464,22.150000000000002,26.4764,6.0252,2003.0,193.0,15.985199999999999,28.4872,0.0,50.1422,23.436200000000003,12.788599999999999,19.1756,1.5276,2003.0,193.0,23.70356,32.304159999999996,2.2702133333333334,69.61785333333334,28.599466666666668,18.197373333333335,23.045039999999997,3.4224533333333342,2003.0,7445.04,5556.17,552.66,3889.03,299.08,1120.86,0.67
6,209.0,28.723399999999998,35.0982,22.06,76.6982,36.068,23.2018,27.559600000000003,6.884599999999999,2003.0,209.0,8.5452,28.9446,0.0,48.685399999999994,23.537,11.709799999999998,18.2518,1.2353999999999998,2003.0,209.0,23.21102666666667,31.33847999999999,3.360146666666667,61.141879999999986,28.762680000000003,16.147066666666667,22.15048,3.209346666666667,2003.0,7341.48,5260.94,538.37,3641.17,288.13,1143.34,0.07
7,225.0,27.0638,35.4936,9.7622,72.4342,36.741600000000005,24.198600000000003,29.105,5.123600000000001,2003.0,225.0,14.3292,28.866,0.0,43.809999999999995,26.35,14.043000000000001,21.1288,1.0312000000000001,2003.0,225.0,23.012173333333337,32.120333333333335,1.1394800000000003,59.76582666666666,31.2726,18.548706666666668,24.55176,2.789226666666667,2003.0,6341.55,4256.87,704.3,3182.03,377.54,1303.77,0.05
8,241.0,24.7882,35.266,8.097599999999998,65.4058,36.289,22.1032,28.4394,4.655200000000001,2003.0,241.0,10.627600000000001,27.076,0.0,44.55480000000001,22.6598,9.8434,17.044999999999998,1.3586,2003.0,241.0,21.20950666666667,30.84790666666667,1.6316266666666668,54.49526666666667,29.062586666666668,15.650239999999998,22.071493333333336,3.007133333333334,2003.0,5908.88,3534.69,675.97,2674.81,343.73,1416.66,0.0
9,257.0,22.256800000000002,33.5286,22.704400000000003,85.256,30.0412,20.312,24.5848,7.9102,2003.0,257.0,2.6702,26.5432,0.0,45.5724,13.642600000000002,5.237,8.383,1.9213999999999998,2003.0,257.0,14.349,29.680719999999994,4.981485714285714,65.58945333333332,23.74593333333333,12.112333333333332,17.604693333333334,4.25628,2003.0,5175.01,3058.61,827.88,2596.76,407.56,1479.85,0.08
10,273.0,19.0486,30.516800000000003,11.6602,60.789,26.363000000000003,13.3808,18.8306,6.392200000000001,2003.0,273.0,7.6178,25.339399999999998,0.0,39.7248,13.4242,1.7872,7.6932,1.1098,2003.0,273.0,15.842493333333335,27.81633333333333,1.4866400000000002,50.491453333333325,19.53869333333333,7.2462800000000005,13.003906666666667,4.100506666666668,2003.0,3913.6,2313.4,1092.42,2473.75,535.39,1900.99,0.0
11,289.0,15.5768,31.168200000000002,10.545399999999999,85.31540000000001,25.997400000000003,16.5868,19.2618,5.5544,2003.0,289.0,4.3322,24.510399999999997,0.0,40.272,13.2784,3.3384,8.069600000000001,1.9291999999999998,2003.0,289.0,11.56776,27.441133333333333,1.5798666666666668,61.24708000000001,19.247959999999996,8.477786666666667,13.4428,3.6535599999999997,2003.0,3646.88,2059.53,1053.79,2249.35,530.47,1951.61,0.05
12,305.0,11.0136,28.116799999999998,21.096,89.2714,11.8634,4.4616,7.815199999999999,7.5687999999999995,2003.0,305.0,2.1804,21.465,0.0,47.229400000000005,-3.7645999999999997,-10.5302,-5.8793999999999995,1.7824,2003.0,305.0,6.901066666666667,24.961026666666665,1.9899600000000002,73.31810666666665,4.273239999999999,-2.1940666666666666,0.8604933333333331,3.7732133333333326,2003.0,3371.03,1741.97,1028.31,2001.44,584.84,1873.67,0.06
