,DOY,INSgdmax,RADmax,RAINmax,RHmax,TMAXmax,TMINmax,Tmax,WINDmax,YEAR,DOY,INSgdmin,RADmin,RAINmin,RHmin,TMAXmin,TMINmin,Tmin,WINDmin,YEAR,DOY,INSgdmean,RADmean,RAINmean,RHmean,TMAXmean,TMINmean,Tmean,WINDmean,YEAR,NDVI,EVI,RED,NIR,BLUE,MIR,pixrel
0,113.0,27.9216,31.104999999999997,20.8944,93.28219999999999,22.8502,12.3564,16.1984,5.864400000000001,2003.0,113.0,3.944,21.745,0.0,41.6018,8.075,1.1058,4.3578,1.4594,2003.0,113.0,15.250213333333335,26.5588,5.42036,69.08666666666667,15.727053333333334,6.178000000000001,10.730266666666667,3.937,2003.0,4262.23,1903.39,700.47,1707.84,351.75,1193.99,0.0
1,129.0,28.0286,29.375,27.0336,94.0682,24.194,11.780000000000001,15.2504,8.5686,2003.0,129.0,2.4696,24.3484,0.0,58.911199999999994,12.750600000000002,4.8636,9.0002,1.4584000000000001,2003.0,129.0,16.018546666666673,27.521613333333335,5.46776,79.12169333333333,17.479386666666667,7.694253333333333,12.437466666666666,3.8645999999999994,2003.0,4847.09,2240.62,652.6,1835.01,333.43,1123.75,0.0
2,145.0,30.375799999999998,32.239,15.930200000000001,80.38740000000001,29.176000000000002,20.056,23.547399999999996,7.4799999999999995,2003.0,145.0,5.6648000000000005,25.025599999999997,0.0,27.3384,15.9344,5.104,11.2616,1.7348000000000001,2003.0,145.0,21.414306666666665,28.435666666666666,2.0630266666666666,44.53310666666666,23.69625333333334,11.640253333333332,17.878146666666666,3.4586533333333334,2003.0,6328.46,3373.53,510.78,2309.92,276.75,898.46,0.94
3,161.0,29.3966,34.05800000000001,20.4442,74.6292,32.4602,19.3072,25.315999999999995,5.0806000000000004,2003.0,161.0,11.523,28.854,0.0,42.491,19.438000000000002,7.859400000000001,13.1038,1.2977999999999998,2003.0,161.0,21.640426666666663,31.07272,4.224373333333334,59.79125333333333,25.81577333333333,13.785919999999999,19.656506666666665,2.4293866666666664,2003.0,7242.34,4044.81,396.21,2564.17,219.85,695.79,0.08
4,177.0,32.745200000000004,34.8346,20.449199999999998,90.0394,33.096799999999995,22.2272,26.074199999999998,6.2208000000000006,2003.0,177.0,5.0822,25.7086,0.0,33.001,22.0458,11.5334,16.1104,0.916,2003.0,177.0,24.926106666666662,30.88462666666667,5.082053333333333,59.25494666666666,28.72629333333334,16.261879999999998,22.24310666666667,3.9983066666666667,2003.0,7341.38,4061.23,374.19,2535.62,207.04,673.27,0.0
5,193.0,31.0798,35.129400000000004,10.9802,88.44379999999998,33.139,21.6946,26.593999999999994,5.981200000000001,2003.0,193.0,14.9534,28.894,0.0,48.4188,22.888799999999996,12.8812,19.2368,1.3122,2003.0,193.0,22.95586666666667,32.38676,3.0464266666666666,68.25005333333334,28.804000000000002,18.115426666666668,23.16374666666666,3.2436666666666674,2003.0,7510.12,4201.54,353.57,2593.02,199.01,645.96,0.0
6,209.0,27.7164,34.7744,17.185000000000002,74.86019999999999,35.4856,23.6614,28.047,6.5986,2003.0,209.0,13.231,28.6488,0.0,48.70119999999999,23.6134,11.5296,18.2434,1.4374000000000002,2003.0,209.0,23.334960000000002,31.349893333333338,2.42396,60.90553333333333,28.767266666666664,16.544786666666663,22.34878666666667,3.240613333333334,2003.0,7618.47,4046.93,335.63,2448.79,201.06,591.45,0.63
7,225.0,26.375200000000003,35.4698,8.7372,69.272,36.485800000000005,24.2842,28.941000000000003,4.9626,2003.0,225.0,16.9756,28.980600000000003,0.0,45.239599999999996,26.516599999999997,14.5592,21.418400000000002,1.1886,2003.0,225.0,22.927133333333337,32.149159999999995,1.0888666666666669,59.55776,31.57716,18.748493333333332,24.769880000000008,2.7184666666666666,2003.0,7326.04,3830.15,361.72,2361.92,202.85,664.45,0.0
8,241.0,24.809199999999997,34.5846,8.1654,65.87719999999999,36.415400000000005,21.4712,28.154,4.2902000000000005,2003.0,241.0,11.821800000000001,26.71,0.0,43.3866,22.863599999999998,10.7074,17.2608,1.817,2003.0,241.0,21.724520000000002,30.695400000000003,1.9449600000000002,53.80362666666666,29.122239999999998,15.708559999999999,22.167133333333332,2.87548,2003.0,7090.76,3494.64,368.51,2174.17,201.23,677.42,0.0
9,257.0,22.385799999999996,34.005199999999995,21.836399999999998,76.3594,30.5756,20.314,24.975,7.6448,2003.0,257.0,0.6499999999999999,26.8052,0.0,44.993199999999995,13.756400000000001,5.9442,8.925799999999999,1.777,2003.0,257.0,14.5942,29.753386666666664,4.288314285714286,61.34588000000001,24.220799999999993,12.73836,18.393653333333333,4.015346666666667,2003.0,6876.43,3027.68,351.11,1876.06,188.09,652.54,0.0
10,273.0,18.830000000000002,30.319200000000002,9.1324,57.9446,26.4602,13.3784,19.082399999999996,6.3420000000000005,2003.0,273.0,7.380599999999999,25.7688,0.0,39.3652,13.1534,0.5613999999999999,7.4479999999999995,1.3654,2003.0,273.0,15.62674666666667,27.66097333333333,0.9081066666666667,49.94939999999998,19.446719999999996,7.094866666666668,12.945466666666668,4.014693333333334,2003.0,4941.21,2169.24,589.48,1727.87,285.1,892.87,0.0
11,289.0,15.349799999999998,30.8906,6.4152000000000005,82.282,26.421599999999998,17.639200000000002,20.0774,5.4764,2003.0,289.0,4.68,24.956200000000003,0.0,40.3836,13.5636,2.7646,8.4296,1.8616000000000004,2003.0,289.0,11.311866666666667,27.39276,1.07356,58.90081333333333,19.4092,8.904146666666666,13.750293333333333,3.621666666666666,2003.0,4707.16,1743.16,507.77,1378.27,258.3,937.12,0.3
12,305.0,10.98,28.6396,18.689,89.68599999999999,12.842199999999998,4.6024,7.935,7.432400000000001,2003.0,305.0,2.0164,21.208600000000004,0.0,46.2492,-3.4716,-7.935600000000001,-4.826,1.5578000000000003,2003.0,305.0,7.189253333333333,25.06893333333333,3.036506666666667,71.729,4.648466666666667,-1.413333333333333,1.5067333333333326,3.6216,2003.0,2588.64,1455.72,1947.13,2717.35,1701.57,597.69,1.75
