,DOY,INSgdmax,RADmax,RAINmax,RHmax,TMAXmax,TMINmax,Tmax,WINDmax,YEAR,DOY,INSgdmin,RADmin,RAINmin,RHmin,TMAXmin,TMINmin,Tmin,WINDmin,YEAR,DOY,INSgdmean,RADmean,RAINmean,RHmean,TMAXmean,TMINmean,Tmean,WINDmean,YEAR,NDVI,EVI,RED,NIR,BLUE,MIR,pixrel
0,113.0,27.815499999999997,31.2535,16.619500000000002,94.601,24.233999999999995,14.245,17.5185,6.2695,2003.0,113.0,4.5215,21.8055,0.0,41.984,8.453999999999999,1.6334999999999997,4.830000000000001,2.077,2003.0,113.0,14.50876666666667,26.62953333333333,4.195033333333333,66.44773333333333,16.217766666666666,6.866233333333334,11.250800000000002,3.7068333333333334,2003.0,5200.39,2372.52,591.23,1838.74,294.92,997.86,0.0
1,129.0,30.341,30.3405,30.163,91.826,22.831,13.6565,16.0825,8.1705,2003.0,129.0,1.4925,23.7655,0.0,52.619499999999995,12.81,5.3905,10.035,1.6905,2003.0,129.0,15.733666666666666,27.74073333333333,6.081266666666667,76.20216666666667,17.68136666666667,8.150266666666667,12.667966666666668,3.4249666666666663,2003.0,5770.17,2754.99,541.12,1990.55,276.35,924.21,0.0
2,145.0,30.846500000000002,31.939,10.0525,81.90400000000001,29.5675,19.001,23.2135,6.271,2003.0,145.0,8.246,24.983999999999998,0.0,26.8935,15.8145,5.38,12.105500000000003,1.314,2003.0,145.0,23.50293333333333,27.796100000000006,1.6514,42.53283333333333,23.55366666666667,11.579699999999999,17.677733333333336,3.2140666666666666,2003.0,6774.6,3520.32,441.27,2288.68,242.96,740.27,1.0
3,161.0,29.068500000000004,33.111,18.522,86.06,32.64,19.7345,24.413000000000004,4.4535,2003.0,161.0,10.873999999999999,28.4435,0.0,38.8665,17.912,10.2585,14.8985,1.4634999999999998,2003.0,161.0,21.067233333333338,30.377000000000002,4.8453333333333335,63.58556666666667,24.900033333333337,13.7918,19.189899999999998,2.2226666666666666,2003.0,7096.26,4347.68,487.71,2888.66,268.49,861.77,0.01
4,177.0,32.5295,34.778,21.8195,84.2555,33.067,23.454500000000003,26.795999999999996,6.1155,2003.0,177.0,1.4795,25.716499999999996,0.0,34.19649999999999,21.906,12.104,16.9235,0.8394999999999999,2003.0,177.0,25.48406666666666,30.81459999999999,5.135233333333333,53.035133333333334,29.381966666666667,16.74516666666667,22.92256666666666,3.392633333333334,2003.0,7487.51,4463.95,398.21,2809.94,228.2,706.14,0.0
5,193.0,30.8645,34.538000000000004,19.150000000000002,83.51899999999999,33.017500000000005,20.999,26.546999999999997,4.888499999999999,2003.0,193.0,9.4125,28.870499999999996,0.0,42.490500000000004,21.734499999999997,13.035499999999999,19.396999999999995,0.7855000000000001,2003.0,193.0,22.5178,32.14123333333333,4.3472,65.16583333333334,29.046333333333333,17.892866666666663,23.223066666666664,2.7454,2003.0,7598.66,4544.17,383.19,2851.57,218.79,669.43,0.55
6,209.0,26.771500000000003,34.702000000000005,9.5965,70.14600000000002,36.021,24.5775,29.5105,5.837,2003.0,209.0,19.029500000000002,29.384999999999998,0.0,47.7365,25.488,12.533499999999998,19.46,1.3315000000000001,2003.0,209.0,23.994133333333327,31.515466666666665,2.157933333333333,58.406,29.271266666666666,17.709966666666666,23.14546666666667,3.0378333333333334,2003.0,7538.31,4561.3,399.4,2882.05,227.15,713.33,0.95
7,225.0,25.3495,35.5895,10.9015,71.3445,36.7545,24.386,29.573500000000003,4.0874999999999995,2003.0,225.0,15.363000000000001,29.030500000000004,0.0,44.512,28.376,14.7645,21.5175,1.439,2003.0,225.0,21.927666666666667,32.61163333333333,1.0369000000000002,59.49216666666666,32.086833333333324,19.025233333333333,25.113699999999998,2.5308333333333337,2003.0,7683.3,3823.54,292.77,2242.09,171.62,508.05,0.14
8,241.0,24.553500000000003,34.2525,6.906000000000001,66.805,36.1965,20.68,27.572499999999998,3.9925,2003.0,241.0,13.154499999999999,26.384500000000003,0.0,43.576,23.678000000000004,10.318999999999999,17.735,1.328,2003.0,241.0,21.766000000000002,30.21416666666666,1.1695,54.0364,29.25366666666666,15.590066666666667,22.211499999999997,2.4086999999999996,2003.0,7470.11,3432.52,295.41,2019.99,168.39,547.34,0.0
9,257.0,21.9135,34.6445,20.38,86.1175,31.439000000000004,20.5025,24.876499999999997,5.996,2003.0,257.0,0.6785000000000001,27.510999999999996,0.0,45.9825,14.4005,5.4475,10.4535,1.0955,2003.0,257.0,15.354766666666668,30.3736,3.7141785714285716,61.53966666666667,24.60403333333333,13.45396666666667,19.080966666666665,3.3229666666666673,2003.0,7107.6,3243.79,334.48,1968.59,188.06,549.09,0.01
10,273.0,19.222,30.322499999999998,12.479,58.67349999999999,26.887,12.3065,19.011,5.714,2003.0,273.0,4.9155,24.795,0.0,38.9405,11.565,-3.012,5.601,1.6524999999999999,2003.0,273.0,14.482433333333335,27.74393333333333,1.4808000000000001,49.634600000000006,18.536799999999996,6.195566666666667,12.255633333333336,3.6074666666666664,2003.0,6230.21,2690.27,415.11,1777.35,215.82,600.67,0.0
11,289.0,16.1225,31.653,3.998,75.599,27.0755,18.474,20.8695,5.0325,2003.0,289.0,4.1005,25.4395,0.0,40.036500000000004,13.864999999999998,1.6985000000000001,8.2555,1.924,2003.0,289.0,11.970700000000003,27.632466666666666,0.5568333333333333,55.01723333333333,19.828466666666664,9.508833333333333,14.170366666666666,3.401166666666666,2003.0,5560.16,2152.62,431.37,1504.05,219.89,730.87,0.09
12,305.0,11.723499999999998,28.285,33.903,90.54549999999999,17.909000000000002,5.557,9.425500000000001,6.3515,2003.0,305.0,2.3779999999999997,20.636999999999997,0.0,37.925000000000004,-1.5174999999999998,-6.622999999999999,-4.271999999999999,1.1985000000000001,2003.0,305.0,7.218933333333334,25.069000000000003,4.647466666666666,68.18103333333333,6.141900000000002,0.012333333333333397,2.952866666666666,3.1644666666666668,2003.0,2141.77,1472.32,2235.21,3061.44,2120.97,527.65,2.06
