,DOY,INSgdmax,RADmax,RAINmax,RHmax,TMAXmax,TMINmax,Tmax,WINDmax,YEAR,DOY,INSgdmin,RADmin,RAINmin,RHmin,TMAXmin,TMINmin,Tmin,WINDmin,YEAR,DOY,INSgdmean,RADmean,RAINmean,RHmean,TMAXmean,TMINmean,Tmean,WINDmean,YEAR,NDVI,EVI,RED,NIR,BLUE,MIR,pixrel
0,113.0,28.036,31.227600000000002,24.5184,93.8468,22.1408,14.896,17.8716,5.922000000000001,2003.0,113.0,3.97,22.2192,0.0,52.779999999999994,9.1052,2.3747999999999996,6.739599999999999,1.2759999999999998,2003.0,113.0,15.646613333333335,27.419306666666664,5.685039999999999,71.97685333333334,17.34410666666667,7.6704533333333345,12.230666666666668,3.854586666666667,2003.0,4762.78,2965.63,952.55,2704.81,495.35,1907.33,1.0
1,129.0,29.059199999999997,30.4968,25.2528,93.1592,25.050400000000003,12.9476,17.118,8.118400000000001,2003.0,129.0,2.3983999999999996,26.578400000000002,0.0,61.2464,14.946,6.072800000000001,10.3028,1.1104,2003.0,129.0,17.684800000000003,28.335946666666658,4.707226666666666,77.93189333333333,19.1888,9.369546666666668,14.047519999999999,3.846453333333333,2003.0,5916.06,3897.12,780.03,3060.85,408.47,1752.33,0.45
2,145.0,30.674,32.1624,14.0616,82.7712,31.212,20.459200000000003,24.744799999999998,6.3492,2003.0,145.0,2.4092000000000002,24.0144,0.0,29.4576,16.6812,6.3027999999999995,12.486799999999999,1.3388,2003.0,145.0,23.097546666666666,28.44074666666667,2.468186666666667,45.03181333333333,24.838026666666664,12.79064,18.91130666666667,3.186933333333333,2003.0,6216.81,4102.83,703.88,3086.02,372.52,1647.8,0.36
3,161.0,30.0036,32.804,12.3188,73.2808,33.5732,18.6656,25.813200000000002,5.1708,2003.0,161.0,7.6904,28.8928,0.0,41.34479999999999,18.9724,8.614,13.215599999999998,1.0956,2003.0,161.0,21.14136,30.9092,3.5632800000000007,56.38578666666666,27.07384,14.351733333333332,20.637760000000004,2.51736,2003.0,6361.36,4656.01,800.93,3639.95,427.04,1869.26,0.14
4,177.0,31.9,35.9608,26.221600000000002,88.23159999999999,34.08200000000001,22.394,26.8588,5.766,2003.0,177.0,7.869599999999998,27.071199999999997,0.0,33.9808,23.152,11.8304,17.050800000000002,1.0548000000000002,2003.0,177.0,25.23181333333333,31.458213333333333,6.97048,62.061040000000006,29.21872,17.008986666666665,22.864799999999995,3.7347199999999994,2003.0,7169.47,5021.92,569.65,3503.79,312.21,1247.32,0.03
5,193.0,30.858400000000003,36.6584,20.1056,85.5952,34.158,22.7328,27.8396,5.252000000000001,2003.0,193.0,15.341999999999999,29.52,0.0,49.307199999999995,25.250799999999998,13.4708,20.733200000000004,1.5608,2003.0,193.0,24.647573333333334,33.003040000000006,3.7820799999999997,66.68994666666666,30.32946666666667,19.401893333333334,24.459999999999997,3.1397333333333335,2003.0,7741.85,5353.44,442.62,3512.26,249.11,902.7,0.31
6,209.0,28.156,35.223600000000005,27.2076,72.58519999999999,36.257999999999996,24.6384,29.843200000000003,5.904400000000001,2003.0,209.0,7.7244,29.6484,0.0,43.3304,25.0188,12.6936,19.5068,0.9059999999999999,2003.0,209.0,22.49048,32.06885333333334,4.042666666666666,56.17242666666667,30.51901333333333,17.83592,23.9756,2.9128533333333335,2003.0,7412.86,5256.07,513.11,3578.13,286.25,1059.76,0.32
7,225.0,26.727600000000002,35.9792,9.6104,65.60999999999999,37.404799999999994,24.2944,30.0728,4.2908,2003.0,225.0,17.208,30.5,0.0,42.766000000000005,28.572400000000002,16.508399999999998,22.418799999999997,1.1303999999999998,2003.0,225.0,22.638133333333332,32.953093333333335,1.2248800000000002,56.25493333333334,32.56965333333333,19.894666666666666,25.938160000000003,2.5898933333333334,2003.0,6961.94,4309.3,505.48,2901.11,277.86,1022.35,0.0
8,241.0,24.9108,35.456,13.0344,73.4072,36.571200000000005,22.014000000000003,29.111600000000003,4.1144,2003.0,241.0,6.263999999999999,26.358400000000003,0.0,42.9588,21.144800000000004,10.5748,17.6828,0.8636,2003.0,241.0,20.59968,31.125626666666665,1.9311466666666672,58.25106666666666,29.443199999999997,16.777120000000004,22.866719999999997,2.76296,2003.0,5769.73,3497.7,716.0,2692.19,382.52,1426.78,0.0
9,257.0,23.5636,34.1516,25.828400000000002,81.9288,30.1172,20.1392,24.7584,7.0648,2003.0,257.0,1.7056,27.031599999999997,0.0,46.292,15.7528,6.1136,10.0968,1.7548,2003.0,257.0,15.469973333333336,30.15370666666667,4.950057142857142,62.91056,24.3144,12.881999999999998,18.560186666666667,3.6608800000000006,2003.0,5303.06,3013.06,750.81,2437.51,387.58,1413.08,0.0
10,273.0,19.5776,31.4648,10.629199999999999,60.74,26.642400000000002,12.9832,18.9292,5.7384,2003.0,273.0,7.8172,25.9424,0.0,41.3088,14.4652,1.6572,9.040799999999999,1.8364,2003.0,273.0,16.076373333333333,28.094746666666673,1.0657333333333332,49.87757333333333,20.770373333333335,7.816400000000001,14.097013333333333,3.6706666666666674,2003.0,4339.44,2594.62,1003.37,2519.64,517.26,1662.9,0.0
11,289.0,16.956,31.5216,10.4452,81.87,28.2912,17.8232,20.7284,4.973599999999999,2003.0,289.0,4.2416,24.5584,0.0,38.3828,14.6112,2.3476,9.1092,1.3128,2003.0,289.0,12.255413333333333,27.519066666666667,1.6124800000000001,56.580079999999995,21.16989333333333,9.721573333333334,14.9584,3.195866666666667,2003.0,4186.05,2301.64,926.75,2233.38,468.78,1650.27,0.07
12,305.0,12.3636,28.5932,21.4052,92.864,18.089199999999998,6.5312,11.691600000000001,6.628399999999999,2003.0,305.0,1.3967999999999998,22.412399999999998,0.0,41.1952,-1.5112,-4.6692,-2.3712,2.0532,2003.0,305.0,7.904000000000001,25.958506666666665,3.7389866666666665,67.59258666666666,8.36488,0.9775466666666666,4.433546666666667,3.4332266666666666,2003.0,3834.95,1974.98,877.73,1971.59,452.29,1710.46,0.04
