,DOY,INSgdmax,RADmax,RAINmax,RHmax,TMAXmax,TMINmax,Tmax,WINDmax,YEAR,DOY,INSgdmin,RADmin,RAINmin,RHmin,TMAXmin,TMINmin,Tmin,WINDmin,YEAR,DOY,INSgdmean,RADmean,RAINmean,RHmean,TMAXmean,TMINmean,Tmean,WINDmean,YEAR,NDVI,EVI,RED,NIR,BLUE,MIR,pixrel
0,113.0,27.775199999999998,30.295,14.678799999999999,94.71209999999999,24.105399999999996,11.8542,16.554499999999997,6.333499999999999,2003.0,113.0,3.5056,22.012600000000003,0.0,39.673899999999996,4.347700000000001,-1.4289999999999998,1.2699,1.5011999999999999,2003.0,113.0,15.367059999999997,26.20646,4.08408,68.00881333333332,14.919686666666667,5.2714,9.99204,3.8449666666666675,2003.0,3331.96,1754.51,1031.64,2037.84,522.69,1912.77,0.03
1,129.0,29.8975,29.5356,24.7847,96.3406,22.059500000000007,10.1964,14.5754,8.328800000000001,2003.0,129.0,3.6259000000000006,24.117,0.0,60.1402,11.1039,3.6267000000000005,7.973599999999999,1.4582,2003.0,129.0,16.276286666666667,27.13936666666666,4.7405800000000005,78.92159333333333,16.74102,6.851579999999999,11.67362,3.775986666666666,2003.0,4087.24,2075.77,854.92,2007.19,441.11,1706.63,0.0
2,144.99999999999997,30.7671,32.1726,9.238000000000001,80.85520000000001,28.412599999999998,19.273400000000002,22.8092,7.8828,2003.0,144.99999999999997,5.189500000000001,24.791399999999996,0.0,27.929199999999998,15.3338,4.588899999999999,10.496599999999999,1.6078000000000003,2003.0,144.99999999999997,20.967066666666664,28.19934,1.8212866666666665,45.39586666666667,23.076300000000003,10.921579999999999,17.22790666666667,3.4936066666666665,2003.0,5999.85,3637.39,684.21,2745.94,359.28,1430.36,1.0
3,161.0,30.387900000000002,34.7214,11.1524,81.72380000000001,31.470100000000002,19.606,24.968700000000002,4.492,2003.0,161.0,12.424400000000002,28.390700000000002,0.0,43.1465,18.8963,6.4024,12.97,1.1692,2003.0,161.0,21.54829999999999,30.584366666666668,3.54716,63.32035333333332,24.796646666666664,13.276113333333331,18.869373333333336,2.2623399999999996,2003.0,7456.07,4708.69,442.62,3095.84,233.7,880.68,0.23
4,177.0,32.7987,34.705000000000005,24.124400000000005,91.90410000000001,32.697300000000006,21.5165,25.990600000000004,6.3854,2003.0,177.0,6.622999999999999,25.516199999999998,0.0,32.1667,21.5168,11.522400000000001,15.7255,1.2507000000000001,2003.0,177.0,24.47685333333333,30.5572,5.811153333333334,59.963073333333334,28.229833333333335,16.038980000000002,21.83076,4.047006666666667,2003.0,7474.89,4776.96,441.84,3129.29,236.51,898.17,0.01
5,193.0,31.036199999999997,34.15789999999999,8.8393,89.20770000000002,32.5617,21.2594,26.1478,6.4585,2003.0,193.0,15.440599999999998,28.7558,0.0,48.825500000000005,22.017,12.41,17.9935,1.2807,2003.0,193.0,23.65576,31.872706666666673,2.39354,69.11903333333335,28.04157333333333,16.994806666666666,22.277120000000004,3.2431933333333336,2003.0,7685.41,5015.91,422.55,3270.26,224.71,810.84,0.08
6,209.0,27.774,35.921,13.6371,73.5643,35.4913,23.212000000000003,27.368499999999997,6.829300000000001,2003.0,209.0,17.3567,29.145400000000002,0.0,50.2983,23.7393,11.272099999999998,18.1452,1.2188999999999999,2003.0,209.0,23.84140666666667,31.11278,2.106426666666667,61.29102666666667,28.25201333333334,16.11064,21.816966666666666,3.2730933333333336,2003.0,7377.69,4801.75,493.85,3225.18,275.7,846.6,0.78
7,225.0,27.751800000000003,35.7014,8.8882,71.5554,36.0049,24.114799999999995,28.547599999999996,5.1755,2003.0,225.0,13.2373,28.1433,0.0,45.696000000000005,24.774,13.471400000000001,20.800400000000003,1.1762,2003.0,225.0,23.313546666666667,31.90852666666667,1.0526466666666667,60.522533333333335,31.17811333333334,18.3382,24.295213333333333,2.7732466666666666,2003.0,6569.81,3878.66,587.44,2751.15,298.97,1031.23,0.0
8,241.0,24.6904,34.789300000000004,9.6893,68.19600000000001,36.0984,22.0426,28.086299999999998,4.6452,2003.0,241.0,8.691799999999999,27.383,0.0,44.7217,22.001799999999996,9.1614,16.279699999999995,0.7335,2003.0,241.0,20.8511,30.597553333333327,1.3481800000000002,54.772819999999996,28.446380000000005,14.685953333333334,21.29436666666667,2.807733333333333,2003.0,6396.85,3695.29,609.17,2676.03,297.68,1160.76,0.0
9,257.0,21.767100000000003,33.721,18.876099999999997,80.5768,30.6819,20.1526,24.896900000000002,7.667700000000001,2003.0,257.0,3.1897,26.3045,0.0,47.8764,12.8182,5.7136000000000005,8.4076,1.6673,2003.0,257.0,14.219,29.939179999999997,3.980928571428571,63.428866666666664,23.857319999999994,12.458766666666666,17.91744666666667,4.099553333333332,2003.0,6405.22,3333.66,508.93,2292.79,265.9,974.7,0.0
10,273.0,18.857699999999998,30.2698,12.946300000000003,58.5342,26.4447,12.619500000000002,18.618100000000002,6.8309,2003.0,273.0,9.9076,25.720399999999998,0.0,41.20910000000001,11.911,0.1679,6.4474,1.9968000000000001,2003.0,273.0,15.347526666666663,27.733093333333333,1.279271904761905,51.61637333333333,18.315066666666667,6.533546666666667,12.092026666666666,4.103366666666667,2003.0,4900.37,2534.96,728.8,2124.82,368.43,1322.57,0.03
11,288.99999999999994,15.050899999999999,31.1358,3.4558999999999997,83.5182,25.233500000000003,16.716900000000003,19.325300000000002,5.5957,2003.0,288.99999999999994,5.541,23.8204,0.0,42.01069999999999,12.509500000000001,2.5333,7.331099999999999,1.9461,2003.0,288.99999999999994,11.587826666666665,27.161626666666667,0.8508,60.780440000000006,18.486586666666664,8.268860000000002,12.966500000000002,3.6938066666666667,2003.0,4326.05,2014.6,698.18,1781.3,355.01,1365.7,0.0
12,305.0,9.780800000000001,27.2782,9.841899999999999,90.9405,11.3761,3.387,6.966099999999999,7.1956,2003.0,305.0,2.3464000000000005,22.479,0.0,49.9087,-4.012099999999999,-12.067300000000001,-6.946000000000001,1.4537,2003.0,305.0,6.068813333333334,24.852726666666662,1.8843799999999997,76.79711333333333,3.0516866666666664,-3.1428933333333338,-0.09239333333333374,3.598113333333334,2003.0,646.91,619.55,4538.81,4964.42,4331.74,651.1,2.06
