,DOY,INSgdmax,RADmax,RAINmax,RHmax,TMAXmax,TMINmax,Tmax,WINDmax,YEAR,DOY,INSgdmin,RADmin,RAINmin,RHmin,TMAXmin,TMINmin,Tmin,WINDmin,YEAR,DOY,INSgdmean,RADmean,RAINmean,RHmean,TMAXmean,TMINmean,Tmean,WINDmean,YEAR,NDVI,EVI,RED,NIR,BLUE,MIR,pixrel
0,113.0,27.726,31.752,22.648999999999997,91.35099999999998,25.017,14.513,19.177999999999997,6.1129999999999995,2003.0,113.0,2.7769999999999997,22.367,0.0,41.867000000000004,11.259,2.565,8.1,1.842,2003.0,113.0,14.038599999999999,27.2016,5.359,66.15653333333333,17.886066666666665,7.684399999999999,12.505466666666665,3.7314,2003.0,4305.18,1921.69,623.31,1639.12,330.38,1099.66,0.07
1,129.0,30.235999999999997,31.493,32.402,90.205,24.228,14.782000000000002,18.518,8.681000000000001,2003.0,129.0,1.383,24.195,0.0,53.836,13.83,5.308,10.613,1.303,2003.0,129.0,16.474666666666664,28.647799999999997,6.3042,75.91499999999999,19.000866666666667,9.163533333333334,13.912533333333332,3.571799999999999,2003.0,5128.9,2319.64,504.5,1702.8,281.71,907.05,0.03
2,145.0,30.932000000000002,32.567,16.715,82.07300000000001,31.133000000000003,18.542,23.654999999999998,5.869999999999999,2003.0,145.0,7.189,24.669999999999998,0.0,26.714,17.305,6.757,13.184000000000001,0.972,2003.0,145.0,24.171933333333335,28.0804,2.046533333333333,41.85573333333333,24.415666666666674,12.265733333333335,18.431333333333335,3.1287333333333334,2003.0,6499.68,3445.04,412.39,2208.65,257.39,713.06,0.88
3,161.0,28.851,33.29900000000001,31.567,82.22300000000001,32.567,20.314,24.809999999999995,4.875000000000001,2003.0,161.0,13.152999999999999,28.514000000000003,0.0,36.923,19.092,10.520999999999999,14.531,1.0410000000000001,2003.0,161.0,20.705266666666667,30.73673333333333,5.285666666666668,61.20633333333333,25.7606,14.347466666666666,19.919866666666667,2.4395333333333338,2003.0,7123.88,4202.09,380.08,2664.38,236.12,681.52,0.09
4,177.0,32.507,35.144000000000005,21.478,81.238,34.434000000000005,23.077,27.650000000000002,5.921,2003.0,177.0,4.943,25.387,0.0,34.349,22.963,11.779,18.226,0.74,2003.0,177.0,25.7082,31.250999999999998,3.2315333333333336,52.90486666666668,30.171,17.149600000000003,23.56733333333333,3.3028000000000004,2003.0,7080.27,4273.0,350.04,2664.01,221.41,610.17,0.01
5,193.0,31.124000000000002,35.804,41.971000000000004,81.401,34.205999999999996,22.031999999999996,27.016000000000002,4.7989999999999995,2003.0,193.0,10.701999999999998,28.828,0.0,41.669,23.029999999999998,13.645,20.362,1.1329999999999998,2003.0,193.0,23.0712,32.70993333333333,7.290133333333333,64.40619999999998,29.96573333333334,18.94793333333333,24.284266666666667,2.647666666666666,2003.0,7218.41,4291.03,343.43,2654.04,216.48,619.31,0.06
6,209.0,26.866,35.843,13.588000000000001,67.89500000000001,37.1,24.133999999999997,30.155,5.718,2003.0,209.0,7.766,29.395000000000003,0.0,44.463,25.54,13.076999999999998,20.221,0.8799999999999999,2003.0,209.0,22.884000000000004,31.997800000000005,2.9892000000000003,55.62246666666667,30.201,18.446933333333334,24.1216,2.8092,2003.0,7349.99,4301.3,359.3,2682.17,223.59,624.71,0.95
7,225.0,26.162,35.322,5.227,69.996,37.493,24.887,30.516,3.6189999999999998,2003.0,225.0,14.716000000000001,29.966,0.0,43.763,28.840999999999998,15.777999999999999,21.997999999999998,1.517,2003.0,225.0,22.026866666666667,33.057199999999995,0.6734,58.157666666666664,32.63746666666667,19.892066666666665,25.801466666666666,2.479,2003.0,6975.95,3621.88,308.41,2172.59,198.57,510.88,0.06
8,241.0,24.77,35.025,17.107,64.393,37.307,21.765,28.867000000000004,3.6029999999999998,2003.0,241.0,6.808000000000001,26.618000000000002,0.0,42.04,22.738999999999997,9.708,18.810000000000002,0.774,2003.0,241.0,21.21,31.00686666666667,2.730933333333333,55.627733333333325,29.77686666666667,16.63433333333333,22.99213333333333,2.442266666666667,2003.0,6897.76,3353.8,309.42,2008.51,199.41,504.18,0.08
9,257.0,22.745,34.495000000000005,18.451,96.038,31.099000000000004,20.587,24.973,5.408,2003.0,257.0,0.987,27.189999999999998,0.0,47.67700000000001,15.655000000000001,5.156000000000001,11.422,1.274,2003.0,257.0,15.7272,30.44933333333333,5.149,62.706066666666665,24.987,13.82146666666667,19.455266666666667,3.1189333333333336,2003.0,6699.46,3049.73,305.99,1854.9,183.98,506.64,2.65
10,273.0,19.391,31.176000000000002,13.247,57.982000000000006,26.42,12.530999999999999,18.808,5.528,2003.0,273.0,6.536,25.333000000000002,0.0,37.391999999999996,12.077000000000002,-2.425,6.114,1.308,2003.0,273.0,15.636066666666666,27.98293333333334,2.1095333333333337,49.308866666666674,19.58546666666667,6.431133333333334,12.935466666666667,3.2405999999999997,2003.0,5490.33,2398.1,408.97,1646.29,225.04,587.32,2.6
11,289.0,17.002,31.826999999999998,18.558,76.104,28.587000000000003,17.022,20.492,5.537999999999999,2003.0,289.0,5.488,24.881999999999998,0.0,38.193999999999996,14.167,1.549,8.249,1.656,2003.0,289.0,12.469266666666666,27.685199999999995,1.9959333333333333,54.24706666666666,20.700133333333333,9.865200000000002,14.769066666666664,3.1595999999999997,2003.0,4713.99,1698.13,394.64,1259.08,211.71,660.99,5.69
12,305.0,12.222,28.605,11.998999999999999,94.56599999999999,22.720999999999997,7.667999999999999,13.565,6.3469999999999995,2003.0,305.0,0.904,21.642,0.0,42.352999999999994,0.43399999999999994,-6.078,-2.867,1.633,2003.0,305.0,7.411533333333333,25.996000000000002,2.8912666666666667,66.18246666666667,9.168600000000001,2.0138,5.408799999999999,3.1757333333333335,2003.0,2152.83,1543.1,1905.7,2772.38,1753.97,629.85,2.57
