,DOY,INSgdmax,RADmax,RAINmax,RHmax,TMAXmax,TMINmax,Tmax,WINDmax,YEAR,DOY,INSgdmin,RADmin,RAINmin,RHmin,TMAXmin,TMINmin,Tmin,WINDmin,YEAR,DOY,INSgdmean,RADmean,RAINmean,RHmean,TMAXmean,TMINmean,Tmean,WINDmean,YEAR,NDVI,EVI,RED,NIR,BLUE,MIR,pixrel
0,113.0,27.6653,31.4269,18.768400000000003,94.24239999999999,24.4463,14.4202,17.974999999999998,6.2322999999999995,2003.0,113.0,4.068300000000001,21.953400000000002,0.0,42.5088,9.3767,1.8952,5.7277000000000005,2.0564999999999998,2003.0,113.0,14.361573333333336,26.76930666666667,4.47564,66.76500666666666,16.657106666666667,7.073506666666666,11.567000000000002,3.7092799999999997,2003.0,4609.85,2192.42,755.22,1941.5,391.55,1314.03,0.02
1,129.0,30.2543,30.6845,28.7008,91.39009999999999,23.2872,13.930400000000002,16.750899999999998,8.2979,2003.0,129.0,1.5206,23.8928,0.0,53.321799999999996,13.046500000000002,5.3198,10.157,1.5666000000000002,2003.0,129.0,15.942846666666666,27.978413333333332,5.963286666666667,76.16664,18.055380000000003,8.42914,13.01126,3.462566666666666,2003.0,5549.97,2697.72,586.75,2022.78,305.34,1082.17,0.01
2,145.0,30.861599999999996,32.046,12.7854,81.70249999999999,30.0137,18.7412,23.3972,6.1691,2003.0,145.0,7.847700000000001,25.011899999999997,0.0,26.7624,16.274,5.7351,12.4461,1.184,2003.0,145.0,23.719586666666665,27.89076666666667,1.8829733333333336,42.27505333333333,23.824746666666673,11.783446666666668,17.909666666666666,3.185826666666667,2003.0,6878.28,3867.9,458.13,2543.47,252.86,852.22,0.99
3,161.0,29.0084,33.0997,21.5049,85.22260000000001,32.621300000000005,19.9162,24.497600000000002,4.5546999999999995,2003.0,161.0,11.6205,28.5328,0.0,38.3338,18.293,10.2923,14.797899999999998,1.3324,2003.0,161.0,21.053313333333335,30.489253333333338,4.852693333333333,63.029700000000005,25.11756666666667,13.909780000000001,19.36782,2.27454,2003.0,7409.38,4893.56,439.28,3227.77,239.75,842.2,2.57
4,177.0,32.562200000000004,34.913399999999996,20.8412,83.59539999999998,33.373200000000004,23.3402,26.9927,6.068099999999999,2003.0,177.0,2.0051,25.655900000000003,0.0,34.3837,22.189999999999998,12.062,17.2226,0.8197000000000001,2003.0,177.0,25.517199999999995,30.944226666666665,4.594726666666666,53.09242666666666,29.583280000000002,16.870933333333333,23.094239999999996,3.367513333333333,2003.0,7632.73,4979.49,388.4,3196.12,214.4,746.57,2.56
5,193.0,30.913799999999995,34.885400000000004,26.3364,82.8357,33.2777,21.2887,26.6937,4.85,2003.0,193.0,9.9595,28.889699999999998,0.0,42.0441,22.1292,13.245899999999999,19.684199999999997,0.8831,2003.0,193.0,22.678853333333336,32.32873333333333,5.122313333333333,64.95296666666667,29.300166666666662,18.20496,23.532126666666667,2.7165333333333335,2003.0,7787.01,4966.5,368.0,3128.24,207.05,689.49,0.31
6,209.0,26.8057,35.056700000000006,10.7254,69.33510000000001,36.36,24.3915,29.7053,5.7852,2003.0,209.0,15.8989,29.333999999999996,0.0,47.0917,25.4253,12.611899999999999,19.6231,1.1908,2003.0,209.0,23.69922666666666,31.626079999999998,2.4689466666666666,57.70677333333333,29.532713333333334,17.896406666666667,23.412973333333333,2.974426666666667,2003.0,7681.12,4925.36,392.26,3140.42,220.05,730.64,0.9
7,225.0,25.623199999999997,35.4859,9.839599999999999,71.0369,36.9701,24.4567,29.8378,3.9556000000000004,2003.0,225.0,15.5525,29.310000000000002,0.0,44.26090000000001,28.5534,15.0445,21.6447,1.4561000000000002,2003.0,225.0,21.925626666666663,32.75761333333333,0.99582,59.116233333333334,32.258959999999995,19.274113333333332,25.317500000000003,2.516246666666667,2003.0,7727.41,4204.84,315.18,2528.59,179.82,598.24,0.02
8,241.0,24.613799999999998,34.4894,9.1942,65.9372,36.499,20.946800000000003,27.8877,3.8436999999999997,2003.0,241.0,11.429,26.503100000000003,0.0,43.2085,23.3997,10.082799999999999,18.0139,1.1231,2003.0,241.0,21.617106666666665,30.444833333333328,1.5312666666666668,54.51173333333333,29.40826,15.862939999999998,22.42256,2.4098533333333334,2003.0,7293.79,3671.76,330.43,2251.31,179.27,653.0,2.55
9,257.0,22.151,34.5975,19.9251,89.4596,31.317899999999995,20.5096,24.8658,5.832700000000001,2003.0,257.0,0.7438,27.5516,0.0,46.5243,14.6639,5.333,10.6176,1.138,2003.0,257.0,15.497326666666668,30.41674666666666,4.301714285714286,62.02014666666667,24.663113333333328,13.512746666666668,19.136073333333332,3.2615733333333337,2003.0,7214.56,3450.87,319.46,2106.45,169.49,628.74,2.55
10,273.0,19.272199999999998,30.655099999999997,12.478499999999999,58.450100000000006,26.7624,12.2439,18.9043,5.6726,2003.0,273.0,5.4489,24.9672,0.0,38.8056,11.6785,-2.9417999999999997,5.7256,1.5472,2003.0,273.0,14.842893333333333,27.84244,1.6185666666666667,49.58858666666667,18.86042,6.2095666666666665,12.441573333333334,3.4930799999999995,2003.0,6063.65,2751.79,456.97,1876.15,239.95,755.33,0.01
11,289.0,16.4007,31.732200000000002,8.3988,75.779,27.481500000000004,18.0656,20.722099999999998,5.173699999999999,2003.0,289.0,4.3629,25.2731,0.0,39.5167,13.9744,1.5801,8.24,1.8488,2003.0,289.0,12.082366666666669,27.664419999999996,0.9102999999999999,54.800639999999994,20.09433333333333,9.572626666666668,14.331633333333333,3.334366666666666,2003.0,5372.3,2154.08,473.69,1565.67,246.4,875.08,0.74
12,305.0,11.8328,28.259999999999998,27.7607,91.54760000000002,19.4308,6.072699999999999,10.5749,6.347700000000001,2003.0,305.0,1.9861999999999997,20.9113,0.0,38.784499999999994,-0.9992,-6.5098,-3.9074999999999993,1.3175999999999999,2003.0,305.0,7.2651200000000005,25.301433333333335,4.206153333333333,67.52467333333333,6.967993333333334,0.5443133333333334,3.600466666666666,3.16188,2003.0,1962.64,1394.16,2308.28,3130.51,2150.98,537.68,4.82
