,DOY,INSgdmax,RADmax,RAINmax,RHmax,TMAXmax,TMINmax,Tmax,WINDmax,YEAR,DOY,INSgdmin,RADmin,RAINmin,RHmin,TMAXmin,TMINmin,Tmin,WINDmin,YEAR,DOY,INSgdmean,RADmean,RAINmean,RHmean,TMAXmean,TMINmean,Tmean,WINDmean,YEAR,NDVI,EVI,RED,NIR,BLUE,MIR,pixrel
0,113.0,27.892000000000003,30.2912,18.924,94.7756,23.4668,12.2904,17.308799999999998,6.167999999999999,2003.0,113.0,4.2028,21.622799999999998,0.0,39.895199999999996,5.3868,-1.0936000000000001,1.6444,1.7600000000000002,2003.0,113.0,14.732266666666666,26.379093333333337,4.511066666666667,67.11029333333333,15.300453333333333,5.36312,10.25368,3.5340800000000003,2003.0,3848.31,1743.09,715.64,1650.3,362.67,1324.61,0.01
1,129.0,30.1052,29.700000000000003,38.023999999999994,94.2316,21.1884,11.8672,14.818000000000001,7.483600000000001,2003.0,129.0,1.7928,24.167199999999998,0.0,49.44,11.868400000000001,4.321599999999999,9.0228,1.4144,2003.0,129.0,16.176026666666665,27.17176,8.042426666666666,74.75578666666667,17.00362666666667,7.352639999999999,11.9992,3.2549333333333332,2003.0,4941.4,2233.95,580.9,1752.44,308.57,1055.98,0.01
2,145.0,30.680000000000003,32.1272,17.442,84.7012,29.060000000000002,18.868399999999998,22.275199999999998,6.046399999999999,2003.0,145.0,5.6972000000000005,24.8576,0.0,27.8352,15.028,4.206799999999999,11.110000000000001,1.5583999999999998,2003.0,145.0,22.686026666666663,27.58968,2.2456533333333333,44.00962666666666,22.915813333333332,10.739146666666667,16.862879999999997,3.177706666666667,2003.0,7009.14,3746.74,390.07,2363.68,230.56,664.49,0.98
3,161.0,29.4076,32.3108,17.2436,85.91040000000001,32.2356,17.9152,24.1184,3.9132,2003.0,161.0,8.4824,28.168,0.0,39.7612,17.2424,9.2624,14.967199999999998,1.1812,2003.0,161.0,20.378586666666667,30.20474666666667,4.463066666666667,64.33367999999999,24.328853333333335,13.277519999999999,18.65914666666667,2.0908266666666666,2003.0,7723.49,5027.29,389.5,3218.8,225.23,746.74,0.08
4,177.0,32.51,34.6032,20.8208,85.5076,33.0124,23.5132,26.5652,5.957199999999999,2003.0,177.0,3.1311999999999998,25.127999999999997,0.0,32.8632,21.3968,12.0928,16.528399999999998,1.18,2003.0,177.0,25.256906666666666,30.468453333333336,4.02544,53.322746666666674,28.892719999999997,16.539173333333334,22.544639999999994,3.33432,2003.0,7904.27,5020.06,337.92,3143.07,194.57,690.51,0.0
5,193.0,30.605199999999996,34.2752,19.7336,83.71440000000001,32.467200000000005,20.1468,25.962,4.9996,2003.0,193.0,12.2256,28.590400000000002,0.0,42.69879999999999,20.7548,12.706800000000001,18.6248,0.8516000000000001,2003.0,193.0,22.53266666666667,31.742933333333333,3.9255733333333334,64.48213333333334,28.417493333333333,17.06088,22.51890666666667,2.7179466666666667,2003.0,7979.13,4993.23,322.01,3086.76,186.47,653.58,0.04
6,209.0,26.9072,35.584,7.7700000000000005,71.90440000000001,34.8392,24.287599999999998,28.86,5.6364,2003.0,209.0,19.4776,28.668,0.0,47.72280000000001,25.223599999999998,12.6752,19.2448,1.5136,2003.0,209.0,23.81077333333333,31.295519999999996,2.000773333333333,59.28194666666667,28.685360000000003,17.16744,22.598640000000003,3.01936,2003.0,7909.66,4573.55,293.26,2759.16,170.29,585.06,0.0
7,225.0,25.31,35.4204,7.840400000000001,71.9228,35.95400000000001,24.1384,28.886000000000003,4.1484000000000005,2003.0,225.0,13.0796,28.965600000000002,0.0,44.564800000000005,28.182,14.209600000000002,21.159599999999998,1.3212000000000002,2003.0,225.0,21.847946666666665,32.218293333333335,1.0397066666666668,59.92386666666667,31.738746666666664,18.642666666666667,24.664640000000006,2.5303199999999997,2003.0,7825.11,4069.19,262.85,2370.24,156.24,507.12,0.0
8,241.0,24.230399999999996,34.852000000000004,9.334800000000001,69.8512,36.4996,20.918,27.6892,4.1975999999999996,2003.0,241.0,12.847600000000002,26.3152,0.0,41.043200000000006,23.0232,10.0216,16.8796,0.79,2003.0,241.0,21.21416,30.22341333333333,1.3247466666666665,54.20032,28.483306666666664,14.895333333333333,21.51208,2.38312,2003.0,7725.55,4461.75,322.45,2730.43,178.99,654.29,0.0
9,257.0,21.4752,34.5,15.302399999999999,79.98,31.256,20.5828,24.866799999999998,6.035200000000001,2003.0,257.0,0.8024,27.6148,0.0,48.501599999999996,13.618,5.8144,10.095600000000001,1.046,2003.0,257.0,15.248853333333333,30.27277333333333,3.2952857142857144,60.52807999999999,24.582079999999994,13.451893333333334,19.052,3.3527466666666665,2003.0,7198.32,3496.59,320.82,2116.91,178.66,570.57,0.0
10,273.0,19.0976,30.092399999999998,8.84,61.958,26.9376,12.065999999999999,18.8368,5.9008,2003.0,273.0,6.368399999999999,24.5456,0.0,39.324799999999996,11.388,-2.8652,5.2,1.9256,2003.0,273.0,14.182293333333334,27.614133333333335,1.3510857142857144,50.480399999999996,17.397199999999998,5.934986666666667,11.518453333333333,3.652026666666667,2003.0,5835.3,2554.2,438.78,1756.41,228.45,683.31,0.0
11,289.0,16.2348,31.6528,4.5948,74.8344,26.1244,18.2696,20.5912,4.9588,2003.0,289.0,4.07,24.668,0.0,40.744,13.0336,1.7176,7.6076,1.9639999999999997,2003.0,289.0,11.456266666666668,27.626480000000008,0.58568,56.367493333333336,18.99194666666667,9.002346666666664,13.501439999999999,3.429146666666666,2003.0,4742.17,1852.77,502.29,1441.93,261.51,890.14,0.34
12,305.0,11.4204,27.988,29.838,90.6316,14.6724,4.8111999999999995,8.4092,5.7864,2003.0,305.0,1.9456,20.215199999999996,0.0,43.1588,-2.8884,-9.3944,-6.078799999999999,1.1424,2003.0,305.0,6.964320000000001,24.738533333333336,4.142106666666667,71.88951999999999,4.628746666666667,-1.4156799999999998,1.5115733333333332,3.011946666666666,2003.0,1373.45,1129.27,2397.36,3076.07,2222.56,541.37,2.24
