,DOY,INSgdmax,RADmax,RAINmax,RHmax,TMAXmax,TMINmax,Tmax,WINDmax,YEAR,DOY,INSgdmin,RADmin,RAINmin,RHmin,TMAXmin,TMINmin,Tmin,WINDmin,YEAR,DOY,INSgdmean,RADmean,RAINmean,RHmean,TMAXmean,TMINmean,Tmean,WINDmean,YEAR,NDVI,EVI,RED,NIR,BLUE,MIR,pixrel
0,113.0,27.9497,30.9434,26.9415,93.99010000000001,21.8324,14.0333,17.1697,6.0129,2003.0,113.0,3.1586,22.3488,0.0,51.1802,8.412700000000001,2.2393,6.019299999999999,1.4505,2003.0,113.0,15.862713333333332,27.166960000000003,5.439346666666665,70.91532000000001,16.88198,7.1644000000000005,11.699506666666668,3.959106666666667,2003.0,4130.52,2732.48,1185.15,2875.36,599.52,2579.7,0.99
1,129.0,29.235,29.687800000000003,26.4178,93.1374,25.443,12.342099999999999,16.7145,8.359399999999999,2003.0,129.0,1.8518,25.9993,0.0,61.8763,12.9976,5.6173,9.8303,1.0342,2003.0,129.0,17.00132666666667,28.031399999999994,4.648106666666666,78.11715999999998,18.59376,8.719553333333334,13.53243333333333,3.929973333333333,2003.0,4899.78,3284.3,1033.23,3026.85,526.32,2301.7,0.21
2,145.0,31.0122,32.3219,14.0588,82.6085,30.147799999999997,20.8202,24.4444,6.672499999999999,2003.0,145.0,4.1332,24.276999999999997,0.0,29.261200000000002,16.3513,5.6536,11.8311,1.4862,2003.0,145.0,22.519466666666666,28.554759999999998,2.7965133333333334,45.13769333333334,24.480626666666666,12.40026,18.608040000000003,3.2880333333333334,2003.0,5075.75,3337.75,971.11,2978.87,491.09,2393.67,0.54
3,161.0,29.3147,33.328199999999995,11.8192,71.82909999999998,33.357200000000006,19.2757,25.9044,5.1458,2003.0,161.0,8.0302,28.7623,0.0,41.6398,18.706,8.491299999999999,12.912799999999999,1.1605,2003.0,161.0,20.42065333333333,31.029293333333328,3.3376466666666667,56.14659999999999,26.81047333333333,14.298233333333332,20.50080666666667,2.5546066666666665,2003.0,6095.36,4206.5,800.54,3317.56,422.23,1888.32,0.06
4,177.0,31.7724,35.8515,23.6935,89.4359,34.1878,22.3266,26.815399999999997,6.0737,2003.0,177.0,7.1648,26.733200000000004,0.0,34.5642,22.756700000000002,11.586399999999998,16.6465,0.8961,2003.0,177.0,25.39584,31.209666666666667,6.1940333333333335,62.032106666666664,28.970819999999996,16.59424666666667,22.535353333333333,3.883706666666667,2003.0,7184.71,5065.49,578.52,3554.06,311.09,1278.39,0.0
5,193.0,30.879400000000004,36.6622,18.6708,87.22200000000001,33.827200000000005,22.6193,27.6815,5.45,2003.0,193.0,16.2462,29.4738,0.0,49.748400000000004,24.4703,13.0288,20.3494,1.4635,2003.0,193.0,24.390066666666666,32.849053333333345,3.298466666666666,67.73262666666666,29.77048666666667,19.082906666666666,24.022073333333335,3.190433333333334,2003.0,7374.6,5713.61,614.5,4111.8,334.96,1333.43,0.09
6,209.0,27.5719,34.9782,31.0141,75.0282,36.3556,24.5494,29.3144,6.2708,2003.0,209.0,6.694599999999999,29.409,0.0,44.698699999999995,24.3009,12.2978,18.999,0.7764,2003.0,209.0,22.64653333333333,31.896146666666667,4.169626666666667,57.97440666666665,29.915593333333334,17.28964666666667,23.365893333333332,3.024166666666667,2003.0,7537.59,5729.5,544.63,4000.79,295.7,1169.02,0.07
7,225.0,26.571,35.656800000000004,7.6629000000000005,67.441,37.1767,24.29,29.7451,4.538,2003.0,225.0,16.1447,30.045299999999997,0.0,43.1678,27.8196,15.8112,21.9845,1.0368,2003.0,225.0,22.446200000000005,32.69247333333334,1.2038733333333334,57.69923333333334,32.01098666666667,19.39371333333333,25.416033333333335,2.6529133333333337,2003.0,7369.46,5105.14,509.85,3468.85,275.85,1021.63,0.12
8,241.0,24.8309,35.1756,8.9259,66.9735,36.1255,21.7326,28.9371,3.8148,2003.0,241.0,6.079799999999999,26.7301,0.0,43.8366,21.2316,10.4942,17.6443,1.2550000000000001,2003.0,241.0,21.143066666666666,30.981633333333335,1.4533266666666669,56.260873333333336,29.46252666666667,16.56026666666667,22.736426666666667,2.907313333333333,2003.0,6254.59,3818.08,640.22,2803.46,328.86,1267.51,0.0
9,257.0,23.0922,34.32470000000001,26.4795,81.5609,30.0569,20.0544,24.7417,7.4534,2003.0,257.0,1.5815000000000001,26.900599999999997,0.0,45.7473,15.141300000000001,6.1394,9.5105,2.0507999999999997,2003.0,257.0,15.294313333333335,30.072920000000003,5.310085714285714,63.04258,24.20967333333333,12.615499999999999,18.30098,3.8950466666666674,2003.0,4772.13,2859.52,921.01,2616.63,444.52,1581.1,0.03
10,273.0,19.2534,31.2852,10.6817,59.404799999999994,26.5152,12.941199999999998,19.1394,6.025799999999999,2003.0,273.0,8.5822,26.0209,0.0,39.98,15.0059,1.6615000000000002,8.8393,1.7466,2003.0,273.0,15.97286,28.04808666666667,1.0673666666666666,49.43386666666667,20.5679,7.752773333333334,13.87726,3.864560000000001,2003.0,3825.37,2203.59,1102.94,2439.57,504.99,1848.23,0.0
11,289.0,16.293400000000002,31.413399999999996,12.1636,82.6617,27.651400000000002,17.7951,20.381500000000003,5.0754,2003.0,289.0,3.7771000000000003,24.651899999999998,0.0,38.51499999999999,14.1421,2.5185,9.0619,1.393,2003.0,289.0,11.867846666666665,27.451593333333335,1.8819866666666667,57.630959999999995,20.633226666666665,9.34042,14.55734,3.3763000000000005,2003.0,3427.06,2007.36,1167.58,2362.5,571.4,1975.84,0.13
12,305.0,11.929699999999999,28.683999999999997,24.4493,91.77530000000002,16.076999999999998,5.8278,9.5746,7.0374,2003.0,305.0,1.2741,22.2268,0.0,43.1257,-2.4930000000000003,-5.7372,-3.3822,1.988,2003.0,305.0,7.709953333333335,25.594699999999996,4.711633333333333,68.49452,6.948873333333333,0.07061999999999993,3.2687933333333334,3.5648400000000002,2003.0,3078.8,1695.88,1118.63,2101.78,564.65,2025.96,0.08
