,DOY,INSgdmax,RADmax,RAINmax,RHmax,TMAXmax,TMINmax,Tmax,WINDmax,YEAR,DOY,INSgdmin,RADmin,RAINmin,RHmin,TMAXmin,TMINmin,Tmin,WINDmin,YEAR,DOY,INSgdmean,RADmean,RAINmean,RHmean,TMAXmean,TMINmean,Tmean,WINDmean,YEAR,NDVI,EVI,RED,NIR,BLUE,MIR,pixrel
0,113.0,28.12,31.39,23.04,93.55,22.74,15.54,18.37,5.81,2003.0,113.0,4.39,22.32,0.0,53.48,9.85,2.61,7.35,1.22,2003.0,113.0,15.392000000000001,27.74933333333333,5.638,73.26933333333334,17.88133333333333,8.201333333333334,12.856,3.808666666666667,2003.0,4438.54,2835.14,1048.46,2758.21,536.98,2174.97,1.0
1,129.0,29.02,31.46,21.12,92.84,24.44,13.53,17.65,7.76,2003.0,129.0,2.88,26.64,0.0,59.88,16.85,6.42,10.93,1.2,2003.0,129.0,18.41466666666667,28.622666666666664,4.291333333333333,77.25466666666668,19.974666666666664,10.117333333333335,14.724,3.770666666666666,2003.0,5514.73,3467.37,806.16,2815.16,415.37,1830.9,0.35
2,145.0,30.31,32.0,14.7,82.48,32.5,20.14,25.26,6.03,2003.0,145.0,2.09,24.16,0.0,30.18,17.09,7.07,13.17,1.07,2003.0,145.0,23.976,28.533333333333335,2.398,45.22333333333333,25.338666666666665,13.260666666666669,19.325333333333333,3.069333333333333,2003.0,5831.23,3782.29,754.89,2953.54,391.35,1812.28,0.34
3,161.0,30.67,32.72,13.87,75.42,33.73,18.38,25.83,5.21,2003.0,161.0,6.66,29.38,0.0,40.46,19.09,8.39,13.35,0.81,2003.0,161.0,22.02466666666667,30.851333333333336,3.738,56.15133333333333,27.458000000000002,14.497333333333332,20.873333333333335,2.5140000000000002,2003.0,6086.59,4339.01,842.17,3481.13,440.43,2031.52,0.02
4,177.0,31.9,35.86,27.28,87.33,34.25,22.31,27.01,5.57,2003.0,177.0,9.18,27.9,0.0,33.6,23.74,12.2,17.51,1.29,2003.0,177.0,24.984666666666666,31.860666666666667,7.600666666666667,63.25533333333335,29.408000000000005,17.500666666666667,23.211999999999993,3.6346666666666665,2003.0,7090.6,4993.11,596.49,3530.95,320.59,1342.46,0.0
5,193.0,30.78,36.72,19.54,83.82,34.83,22.94,28.17,5.0,2003.0,193.0,14.11,29.66,0.0,49.1,26.27,13.93,21.17,1.74,2003.0,193.0,25.317333333333337,33.27333333333333,3.7159999999999997,65.67933333333333,31.05,19.779333333333337,24.98266666666666,3.1453333333333338,2003.0,7692.25,5498.88,477.12,3699.24,261.2,1019.43,0.44
6,209.0,28.94,35.75,26.53,69.69,36.37,24.7,30.28,5.63,2003.0,209.0,8.57,29.99,0.0,41.6,26.01,13.5,20.19,1.13,2003.0,209.0,22.346,32.465333333333334,4.136,53.832,31.334000000000007,18.44333333333333,24.726,2.7773333333333334,2003.0,7913.11,5732.15,433.73,3795.19,240.11,901.54,0.72
7,225.0,26.89,36.36,13.2,64.35,37.78,24.3,30.56,4.05,2003.0,225.0,18.72,30.92,0.0,41.45,29.25,17.13,22.99,1.22,2003.0,225.0,23.022666666666666,33.23533333333334,1.3473333333333335,54.457333333333345,33.135999999999996,20.417333333333335,26.515333333333334,2.547333333333333,2003.0,7296.43,4641.23,466.86,3066.94,251.79,963.18,0.01
8,241.0,25.09,35.68,16.68,82.02,37.12,22.35,29.33,4.54,2003.0,241.0,5.62,26.14,0.0,42.41,20.68,10.67,17.61,0.55,2003.0,241.0,19.893333333333327,31.359333333333336,2.374666666666667,61.187333333333335,29.35733333333333,17.018666666666668,22.962666666666667,2.651333333333333,2003.0,5891.88,3588.63,712.02,2756.3,369.91,1383.65,0.0
9,257.0,24.23,34.09,26.31,84.32,30.05,20.38,24.68,6.74,2003.0,257.0,3.1,27.25,0.0,47.86,16.52,5.66,10.64,1.57,2003.0,257.0,15.753333333333332,30.237333333333336,5.0528571428571425,64.07199999999999,24.329333333333334,12.956666666666665,18.63,3.494,2003.0,4912.11,2821.79,830.66,2438.42,418.7,1527.45,0.0
10,273.0,20.16,31.28,7.51,63.96,26.76,13.14,18.61,5.38,2003.0,273.0,6.91,25.92,0.0,43.0,13.67,2.15,9.36,2.15,2003.0,273.0,16.356,28.178000000000008,1.0993333333333333,50.668666666666674,21.06866666666666,8.046000000000001,14.436,3.5213333333333336,2003.0,3992.7,2429.48,1112.02,2566.34,559.01,1841.79,0.0
11,289.0,17.6,31.46,7.83,81.87,28.98,17.56,20.93,4.94,2003.0,289.0,4.46,24.48,0.0,38.03,15.02,2.37,9.21,1.1,2003.0,289.0,12.702666666666666,27.627333333333333,1.3093333333333335,55.84199999999999,21.827333333333335,10.046000000000001,15.411999999999999,3.016666666666667,2003.0,3863.05,2173.97,1028.35,2290.89,501.69,1769.62,0.13
12,305.0,12.89,28.33,10.95,94.46,21.13,7.36,14.29,6.13,2003.0,305.0,1.66,22.25,0.0,38.86,-0.52,-3.93,-1.52,2.21,2003.0,305.0,8.081333333333335,26.408,1.0013333333333334,67.08,9.905999999999999,1.8653333333333333,5.648000000000001,3.3626666666666667,2003.0,3476.06,1910.78,1057.28,2157.2,531.56,1836.94,0.16
