,DOY,INSgdmax,RADmax,RAINmax,RHmax,TMAXmax,TMINmax,Tmax,WINDmax,YEAR,DOY,INSgdmin,RADmin,RAINmin,RHmin,TMAXmin,TMINmin,Tmin,WINDmin,YEAR,DOY,INSgdmean,RADmean,RAINmean,RHmean,TMAXmean,TMINmean,Tmean,WINDmean,YEAR,NDVI,EVI,RED,NIR,BLUE,MIR,pixrel
0,113.0,27.8084,31.2464,22.7523,93.5268,24.0071,14.8788,18.6388,5.9866,2003.0,113.0,2.9049,22.0263,0.0,48.0252,11.628699999999998,2.3017000000000003,7.8025,1.7022,2003.0,113.0,14.784293333333334,27.214660000000002,6.382713333333333,69.38788,17.448140000000002,7.512533333333334,12.094166666666666,3.739866666666667,2003.0,3293.78,1281.14,741.37,1437.44,560.58,675.64,8.12
1,129.0,29.4477,30.344399999999997,29.2252,91.91730000000001,24.9284,13.9921,17.6061,8.5715,2003.0,129.0,1.8323999999999998,24.503500000000003,0.0,58.2575,13.691299999999998,5.4866,10.1281,1.1101999999999999,2003.0,129.0,16.789646666666666,28.390073333333333,5.783573333333333,77.04727333333334,18.820406666666667,9.052786666666666,13.718906666666667,3.6709933333333327,2003.0,3949.82,1557.44,376.22,1187.74,227.32,591.15,5.23
2,145.0,31.2499,32.607299999999995,23.7772,81.8957,30.846300000000003,19.1091,23.962600000000002,6.2147,2003.0,145.0,5.0745000000000005,24.370200000000004,0.0,26.9633,16.8731,6.2673000000000005,12.8719,1.0121,2003.0,145.0,23.52522,28.176253333333335,2.9309933333333333,42.702479999999994,24.433800000000005,12.334206666666667,18.530833333333334,3.17162,2003.0,5269.93,2380.09,403.57,1626.41,291.69,534.41,0.97
3,161.0,28.915100000000002,32.7963,20.0783,78.23949999999999,33.042500000000004,20.4818,25.211199999999998,4.919,2003.0,161.0,11.784699999999999,28.612500000000004,0.0,38.4034,19.5,9.810599999999997,14.1432,1.0377,2003.0,161.0,20.957826666666662,30.87380666666667,3.8423933333333333,59.409373333333335,26.161260000000006,14.148026666666668,20.092700000000004,2.4015,2003.0,5159.31,2434.64,245.58,1561.48,165.98,363.88,15.42
4,177.0,32.6015,35.4111,18.5088,84.3837,33.9276,22.6935,27.1745,6.0549,2003.0,177.0,3.6485,25.6447,0.0,34.630199999999995,22.841,11.7371,17.459300000000002,0.8112999999999999,2003.0,177.0,25.400933333333334,31.240559999999995,4.252053333333334,55.61919333333333,29.695700000000002,16.93736666666667,23.17151333333333,3.4742933333333337,2003.0,5653.73,2776.81,249.96,1779.82,149.0,362.19,12.82
5,193.0,30.8576,36.0573,31.072499999999998,82.7415,34.3868,22.220599999999997,27.2116,5.0565,2003.0,193.0,11.705100000000002,28.4978,0.0,45.410399999999996,23.5753,13.584800000000001,20.379999999999995,1.16,2003.0,193.0,23.383139999999997,32.74738,5.710206666666666,65.46691333333334,29.900980000000004,19.061539999999997,24.251793333333335,2.791946666666666,2003.0,5385.67,2474.7,172.17,1582.83,94.92,298.32,23.09
6,209.0,28.101999999999997,35.5465,19.4023,69.6292,36.8871,24.165999999999997,30.009700000000002,5.641,2003.0,209.0,7.817499999999999,29.2211,0.0,44.87819999999999,24.8191,12.105899999999998,19.475199999999997,0.7792000000000001,2003.0,209.0,22.52464,31.833913333333335,3.1021,56.59388666666666,30.033013333333333,18.06142666666667,23.835066666666663,2.9108,2003.0,5619.87,2503.8,273.68,1556.13,215.79,351.17,6.03
7,225.0,26.301499999999997,35.575,4.6546,68.9821,37.1886,24.384,30.007,3.9537000000000004,2003.0,225.0,16.219700000000003,30.4271,0.0,43.995000000000005,28.620400000000004,15.9434,21.9559,1.3489,2003.0,225.0,22.060273333333328,33.039226666666664,0.5038266666666666,57.893860000000004,32.47609333333334,19.82120666666667,25.730293333333336,2.51996,2003.0,4972.89,2201.36,196.56,1402.87,116.51,272.14,17.91
8,241.0,24.7287,35.3124,12.146,63.992999999999995,36.9437,21.541,28.772599999999997,3.5808,2003.0,241.0,8.001100000000001,26.526300000000003,0.0,42.214600000000004,22.3273,10.366999999999999,18.370900000000002,0.6428,2003.0,241.0,21.173140000000004,30.967633333333335,1.7521133333333334,55.35776666666666,29.72878,16.591253333333334,22.940546666666663,2.545426666666667,2003.0,5046.24,2020.18,175.91,1317.23,93.69,281.21,23.04
9,257.0,22.913899999999998,34.7563,17.3597,89.4828,30.97,21.2287,24.939,6.0774,2003.0,257.0,0.7525,27.4915,0.0,46.730599999999995,15.3572,5.5743,10.682200000000002,1.3862,2003.0,257.0,15.44436,30.31449333333333,5.2741,61.67038000000001,24.748739999999998,13.3886,19.102513333333334,3.30054,2003.0,4994.03,1637.81,85.3,1065.57,15.72,148.91,33.28
10,273.0,19.5534,31.4764,10.111900000000002,57.278099999999995,26.5385,12.3275,18.894199999999998,5.7421,2003.0,273.0,7.101,25.898400000000002,0.0,39.252100000000006,12.877500000000001,-1.4148999999999998,6.9175,1.2492,2003.0,273.0,15.979419999999998,28.022720000000003,1.355526666666667,49.163639999999994,20.012360000000005,6.6999466666666665,13.248486666666667,3.364393333333334,2003.0,4092.36,1356.96,251.46,1042.87,119.26,298.96,20.54
11,289.0,16.8838,31.5178,18.049599999999998,77.52170000000001,28.2335,17.7667,20.6609,5.3671,2003.0,289.0,5.1861999999999995,24.6689,0.0,38.5904,14.5014,1.5665,8.5055,1.6263999999999998,2003.0,289.0,12.297,27.43113333333333,1.7952199999999998,54.96368000000001,20.795479999999998,9.747726666666665,14.731153333333332,3.217533333333333,2003.0,3819.27,1099.41,593.49,1168.17,493.53,637.07,10.94
12,305.0,11.953800000000001,28.324900000000003,16.6751,92.5563,20.911300000000004,6.7698,12.229800000000001,6.676,2003.0,305.0,1.1377,21.747500000000002,0.0,41.88420000000001,-0.6869999999999999,-5.939100000000001,-3.0259,1.7185000000000001,2003.0,305.0,7.530380000000001,25.83132666666667,3.0363333333333333,66.31603999999999,8.419339999999998,1.3707933333333333,4.61826,3.2487266666666668,2003.0,2832.95,979.2,664.03,1234.48,553.16,439.98,19.4
