,DOY,INSgdmax,RADmax,RAINmax,RHmax,TMAXmax,TMINmax,Tmax,WINDmax,YEAR,DOY,INSgdmin,RADmin,RAINmin,RHmin,TMAXmin,TMINmin,Tmin,WINDmin,YEAR,DOY,INSgdmean,RADmean,RAINmean,RHmean,TMAXmean,TMINmean,Tmean,WINDmean,YEAR,NDVI,EVI,RED,NIR,BLUE,MIR,pixrel
0,113.0,27.36,31.86,25.13,93.22,24.78,14.69,19.04,6.14,2003.0,113.0,2.84,22.28,0.0,43.73,11.67,2.52,7.95,1.95,2003.0,113.0,14.07,27.112000000000002,5.41,67.81533333333333,17.676666666666666,7.544,12.300666666666666,3.7319999999999998,2003.0,4000.23,1592.71,765.6,1559.81,577.5,778.07,0.33
1,129.0,30.02,31.43,25.52,90.46,24.48,14.47,18.32,8.66,2003.0,129.0,1.62,24.12,0.0,55.75,13.65,5.05,10.37,1.24,2003.0,129.0,16.540666666666667,28.535999999999998,5.781999999999999,76.32,18.94666666666667,9.091333333333333,13.835333333333333,3.5879999999999996,2003.0,4827.28,1972.54,385.93,1377.05,246.84,618.66,2.58
2,145.0,30.89,32.33,20.78,81.17,31.1,18.23,23.88,6.02,2003.0,145.0,6.52,25.09,0.0,26.45,17.41,6.58,13.22,0.9,2003.0,145.0,24.061333333333337,28.144000000000002,2.533333333333333,41.755333333333326,24.500666666666675,12.291333333333336,18.501333333333335,3.1413333333333333,2003.0,6108.44,2896.53,365.31,1823.47,258.31,572.09,0.62
3,161.0,28.98,33.05,29.89,82.34,32.6,20.47,24.81,4.86,2003.0,161.0,13.36,28.76,0.0,37.07,19.5,10.2,14.45,1.02,2003.0,161.0,21.002666666666663,30.807333333333336,4.746666666666667,61.32333333333334,25.74,14.204666666666666,19.858666666666668,2.4113333333333338,2003.0,6693.76,2863.91,239.29,1673.82,164.69,398.76,2.59
4,177.0,32.69,35.24,18.91,82.36,34.14,22.9,27.44,5.99,2003.0,177.0,3.56,25.45,0.0,34.76,22.9,11.92,17.89,0.77,2003.0,177.0,25.574,31.25,3.421333333333334,53.62066666666667,30.031999999999996,17.136000000000003,23.465333333333334,3.35,2003.0,6651.72,3301.85,289.09,1990.86,189.46,453.14,0.02
5,193.0,31.07,35.78,44.2,81.65,34.08,22.02,27.07,4.85,2003.0,193.0,11.77,28.84,0.0,41.54,23.18,13.75,20.38,1.16,2003.0,193.0,23.12,32.79733333333333,7.083333333333332,64.62399999999998,29.92733333333333,18.979333333333333,24.294666666666668,2.678666666666666,2003.0,6845.56,3199.69,256.35,1907.57,166.41,452.11,2.57
6,209.0,27.04,35.93,15.88,67.34,37.07,23.93,30.11,5.7,2003.0,209.0,7.67,29.05,0.0,45.48,25.12,12.69,19.9,0.85,2003.0,209.0,22.94,31.87600000000001,3.4620000000000006,56.14666666666666,30.139999999999997,18.279333333333334,24.016000000000005,2.8400000000000007,2003.0,6577.92,2883.12,235.69,1681.76,178.96,383.78,3.44
7,225.0,26.39,35.28,6.46,70.05,37.46,24.62,30.42,3.7,2003.0,225.0,15.73,30.02,0.0,43.7,28.88,15.79,21.95,1.52,2003.0,225.0,21.942666666666664,33.087999999999994,0.824,58.17666666666667,32.65466666666667,19.876666666666665,25.802666666666667,2.494,2003.0,6234.22,2699.31,273.72,1617.98,174.24,415.33,0.06
8,241.0,24.77,35.1,14.86,63.58,37.28,21.6,28.69,3.51,2003.0,241.0,7.24,26.78,0.0,42.25,22.64,9.6,18.66,0.69,2003.0,241.0,21.264,31.02466666666667,2.4353333333333333,55.61933333333334,29.782666666666668,16.53933333333333,22.94133333333333,2.448666666666667,2003.0,5995.0,2501.45,269.35,1515.34,184.19,402.79,2.62
9,257.0,22.79,34.42,18.64,96.02,30.97,20.68,24.88,5.57,2003.0,257.0,0.9,27.58,0.0,47.71,15.31,5.12,10.93,1.28,2003.0,257.0,15.796,30.47733333333333,5.701428571428572,62.88066666666666,24.816,13.620666666666668,19.258666666666667,3.1593333333333335,2003.0,6333.48,2261.21,229.72,1333.68,139.35,336.44,2.78
10,273.0,19.4,31.5,12.23,57.52,26.45,12.18,18.67,5.63,2003.0,273.0,7.16,25.45,0.0,38.55,12.14,-2.53,6.18,1.32,2003.0,273.0,15.858666666666666,28.05733333333334,1.9333333333333338,49.48066666666668,19.73466666666667,6.311333333333334,12.954666666666666,3.2460000000000004,2003.0,5339.12,2034.17,347.31,1350.85,204.72,432.24,0.03
11,289.0,16.99,31.86,19.56,76.56,28.44,17.1,20.36,5.55,2003.0,289.0,5.08,24.84,0.0,38.26,14.23,1.36,8.24,1.65,2003.0,289.0,12.316666666666668,27.733999999999995,1.8593333333333333,54.480666666666664,20.73333333333333,9.708000000000002,14.712666666666662,3.1899999999999995,2003.0,5141.15,1504.16,532.92,1247.56,415.9,697.03,0.93
12,305.0,12.06,28.26,12.02,93.99,22.64,7.23,13.28,6.44,2003.0,305.0,1.12,21.6,0.0,41.66,0.08,-6.24,-3.02,1.63,2003.0,305.0,7.403333333333333,25.886000000000003,3.016666666666667,66.18466666666666,8.876000000000001,1.7480000000000002,5.082,3.1893333333333334,2003.0,4239.79,1480.3,399.44,1176.18,257.44,406.45,11.31
