,DOY,INSgdmax,RADmax,RAINmax,RHmax,TMAXmax,TMINmax,Tmax,WINDmax,YEAR,DOY,INSgdmin,RADmin,RAINmin,RHmin,TMAXmin,TMINmin,Tmin,WINDmin,YEAR,DOY,INSgdmean,RADmean,RAINmean,RHmean,TMAXmean,TMINmean,Tmean,WINDmean,YEAR,NDVI,EVI,RED,NIR,BLUE,MIR,pixrel
0,113.0,27.9128,31.1,20.7952,93.2776,22.851599999999998,12.341199999999999,16.1772,5.8552,2003.0,113.0,3.952,21.75,0.0,41.6044,8.06,1.0964,4.3424000000000005,1.4552,2003.0,113.0,15.25504,26.55706666666667,5.404213333333333,69.09866666666666,15.725760000000001,6.168666666666668,10.725466666666668,3.939333333333333,2003.0,4529.57,2079.27,705.27,1814.05,354.33,1309.18,0.0
1,129.0,27.978800000000003,29.37,26.888799999999996,94.0956,24.212,11.760000000000002,15.2432,8.568800000000001,2003.0,129.0,2.4867999999999997,24.3772,0.0,58.92959999999999,12.744800000000001,4.8688,8.9916,1.4572,2003.0,129.0,16.00970666666667,27.520906666666665,5.43408,79.14621333333332,17.479093333333335,7.687359999999999,12.435066666666668,3.8687999999999994,2003.0,5281.19,2434.63,592.01,1866.94,306.51,1121.08,0.0
2,145.0,30.3664,32.242,15.831600000000002,80.3592,29.168,20.058,23.5492,7.49,2003.0,145.0,5.6684,25.0248,0.0,27.347199999999997,15.9352,5.101999999999999,11.2528,1.7384,2003.0,145.0,21.399786666666664,28.446666666666665,2.0575466666666666,44.55951999999999,23.697360000000003,11.640026666666666,17.878506666666667,3.4598933333333335,2003.0,6864.74,3853.98,474.91,2547.11,261.69,917.73,0.88
3,161.0,29.382800000000003,34.084,20.2936,74.5136,32.4516,19.277600000000003,25.317999999999998,5.0848,2003.0,161.0,11.554,28.862,0.0,42.568000000000005,19.424,7.8352,13.080400000000001,1.2924,2003.0,161.0,21.656746666666667,31.08109333333333,4.2323200000000005,59.76536,25.82085333333333,13.78469333333333,19.657386666666667,2.4324266666666667,2003.0,7809.99,4742.11,357.16,2946.1,204.95,693.33,0.1
4,177.0,32.7416,34.836800000000004,20.3336,90.1052,33.0944,22.2276,26.0636,6.2164,2003.0,177.0,5.1176,25.7188,0.0,32.988,22.0464,11.5272,16.1032,0.918,2003.0,177.0,24.917519999999996,30.888346666666667,5.05376,59.329573333333336,28.71901333333334,16.25837333333333,22.236186666666665,4.004453333333333,2003.0,7963.25,4692.73,318.22,2847.0,181.0,629.54,0.0
5,193.0,31.0784,35.1352,10.7416,88.4704,33.112,21.7068,26.592,5.9896,2003.0,193.0,14.9972,28.912,0.0,48.450399999999995,22.900399999999998,12.8796,19.234399999999997,1.3176,2003.0,193.0,22.9576,32.39074666666667,3.0047466666666667,68.28709333333335,28.797333333333334,18.11874666666667,23.16130666666666,3.249333333333334,2003.0,7916.67,4897.61,351.42,3044.4,198.81,688.7,0.0
6,209.0,27.711200000000005,34.775200000000005,16.93,74.9716,35.4948,23.641199999999998,28.026,6.6088000000000005,2003.0,209.0,13.198,28.660400000000003,0.0,48.7296,23.5972,11.5268,18.237199999999998,1.4392,2003.0,209.0,23.32634666666667,31.349813333333337,2.3883466666666666,60.93626666666667,28.761466666666667,16.530959999999997,22.339626666666664,3.241573333333334,2003.0,7972.38,4407.35,313.75,2650.35,201.2,563.13,0.94
7,225.0,26.381600000000002,35.4584,8.8276,69.266,36.4864,24.283600000000003,28.938000000000002,4.9708000000000006,2003.0,225.0,17.0648,28.974800000000002,0.0,45.24679999999999,26.492800000000003,14.5436,21.417199999999998,1.1788,2003.0,225.0,22.946400000000004,32.14328,1.102933333333333,59.56274666666666,31.569946666666667,18.74328,24.764373333333335,2.7204,2003.0,7645.66,4104.63,341.35,2498.1,192.27,660.17,0.0
8,241.0,24.8136,34.5868,8.1832,65.8976,36.413199999999996,21.489600000000003,28.162,4.2916,2003.0,241.0,11.7844,26.720000000000002,0.0,43.3928,22.8588,10.6992,17.2564,1.816,2003.0,241.0,21.721493333333335,30.70386666666667,1.9596799999999999,53.80834666666666,29.119919999999997,15.709813333333331,22.165733333333336,2.87984,2003.0,7501.63,3947.54,353.12,2431.9,192.05,697.76,0.0
9,257.0,22.386400000000002,34.001599999999996,21.901200000000003,76.4252,30.564799999999998,20.282000000000004,24.970000000000002,7.6584,2003.0,257.0,0.6500000000000001,26.8016,0.0,44.995599999999996,13.741200000000001,5.9436,8.9064,1.7860000000000003,2003.0,257.0,14.585600000000001,29.747093333333332,4.308657142857143,61.398373333333346,24.210399999999993,12.728213333333334,18.37989333333333,4.022773333333333,2003.0,7398.4,3329.81,303.71,1980.82,167.02,591.19,0.0
10,273.0,18.82,30.313600000000005,9.0992,57.99680000000001,26.4516,13.3872,19.0792,6.346000000000001,2003.0,273.0,7.3648,25.7804,0.0,39.361599999999996,13.1572,0.6012,7.464,1.3532000000000002,2003.0,273.0,15.629306666666668,27.663786666666667,0.8988533333333334,49.95586666666666,19.453093333333328,7.103600000000002,12.951066666666666,4.018213333333334,2003.0,5588.17,2490.57,517.79,1815.67,259.36,830.03,0.0
11,289.0,15.3484,30.884800000000002,6.401600000000001,82.37599999999999,26.4128,17.6136,20.059199999999997,5.481199999999999,2003.0,289.0,4.68,24.9496,0.0,40.3888,13.558799999999998,2.7768,8.4268,1.8628,2003.0,289.0,11.303600000000001,27.38874666666667,1.07048,58.953173333333325,19.4016,8.893839999999999,13.74301333333333,3.623333333333333,2003.0,5259.38,1989.46,459.58,1455.08,233.76,869.84,0.07
12,305.0,10.969999999999999,28.6368,18.462000000000003,89.668,12.817599999999999,4.5992,7.92,7.4392,2003.0,305.0,1.9912000000000003,21.2188,0.0,46.3036,-3.4827999999999997,-7.9648,-4.838,1.5624000000000002,2003.0,305.0,7.184026666666667,25.066133333333333,3.0187200000000005,71.76333333333332,4.634399999999999,-1.4286666666666665,1.4918666666666658,3.626133333333333,2003.0,2105.93,1376.0,2416.95,3157.27,2293.05,524.39,2.06
