,DOY,INSgdmax,RADmax,RAINmax,RHmax,TMAXmax,TMINmax,Tmax,WINDmax,YEAR,DOY,INSgdmin,RADmin,RAINmin,RHmin,TMAXmin,TMINmin,Tmin,WINDmin,YEAR,DOY,INSgdmean,RADmean,RAINmean,RHmean,TMAXmean,TMINmean,Tmean,WINDmean,YEAR,NDVI,EVI,RED,NIR,BLUE,MIR,pixrel
0,113.0,27.47,31.03,35.77,93.4,22.77,15.09,17.52,5.97,2003.0,113.0,4.0,23.18,0.0,51.69,9.72,3.2,6.61,1.69,2003.0,113.0,15.413333333333334,27.678666666666672,6.7266666666666675,72.34933333333333,17.956000000000003,8.020666666666667,12.742,4.135333333333333,2003.0,3331.85,1937.68,1175.58,2348.86,558.46,2340.93,0.99
1,129.0,29.23,31.28,22.21,92.18,24.5,13.37,17.83,7.74,2003.0,129.0,2.92,26.71,0.0,55.96,14.05,5.81,11.13,1.5,2003.0,129.0,18.624000000000002,28.203999999999997,6.439333333333334,74.71466666666669,20.090666666666667,9.934666666666665,14.833333333333332,3.9226666666666663,2003.0,3964.99,2371.83,1071.09,2492.5,516.38,2281.93,0.09
2,145.0,30.89,32.44,15.78,82.49,32.24,21.2,25.95,6.07,2003.0,145.0,5.36,25.7,0.0,30.73,16.83,6.94,12.64,1.11,2003.0,145.0,23.584000000000007,29.258666666666667,2.304666666666667,45.43600000000001,25.59133333333334,13.188666666666666,19.490666666666666,3.1686666666666667,2003.0,4133.28,2784.44,1259.17,3026.53,610.21,2817.21,0.0
3,161.0,30.06,32.4,8.98,73.6,33.85,19.99,26.56,5.25,2003.0,161.0,2.77,28.98,0.0,40.32,18.84,7.77,13.04,0.84,2003.0,161.0,22.077333333333332,30.470666666666666,3.027333333333333,55.37666666666668,27.576666666666664,14.658666666666669,20.979999999999997,2.6266666666666665,2003.0,5581.8,3718.61,890.01,3127.02,450.43,1986.63,0.0
4,177.0,31.75,35.6,27.49,88.62,34.4,22.23,27.02,5.92,2003.0,177.0,9.68,28.44,0.0,35.54,23.99,12.09,17.24,1.32,2003.0,177.0,25.262666666666668,32.035333333333334,5.819333333333333,66.30133333333333,29.084666666666667,17.40533333333333,23.031999999999996,3.9406666666666665,2003.0,6562.6,4824.86,773.99,3734.08,400.84,1750.68,0.0
5,193.0,30.89,35.57,12.15,86.38,36.65,23.57,29.11,4.99,2003.0,193.0,14.08,30.6,0.0,49.84,26.37,13.84,21.12,2.17,2003.0,193.0,26.327999999999996,33.314,1.6893333333333334,65.68533333333335,31.15333333333333,19.860666666666663,25.002666666666663,3.294666666666666,2003.0,8205.98,6684.69,447.91,4582.52,244.18,982.07,0.88
6,209.0,29.23,35.32,23.0,67.66,37.14,25.03,30.1,6.32,2003.0,209.0,11.84,29.88,0.0,41.73,26.39,14.19,20.44,1.11,2003.0,209.0,22.641333333333343,32.608666666666664,2.926,53.07200000000001,31.536666666666665,18.511333333333333,24.88066666666667,2.8853333333333335,2003.0,8407.82,6548.23,361.81,4303.82,197.55,851.12,0.13
7,225.0,27.61,36.22,11.26,64.59,37.76,24.43,30.78,4.3,2003.0,225.0,15.23,30.85,0.0,40.33,29.27,16.99,23.02,1.09,2003.0,225.0,22.404,33.242,1.455333333333333,54.82866666666667,32.77,20.076,26.25666666666667,2.6659999999999995,2003.0,8085.12,5594.11,369.38,3579.1,199.35,814.13,0.0
8,241.0,25.2,34.96,10.74,84.09,37.11,21.86,29.07,4.82,2003.0,241.0,5.47,26.64,0.0,45.34,20.01,10.73,17.21,0.4,2003.0,241.0,20.062666666666665,31.350666666666665,2.170666666666667,61.77066666666668,29.11066666666666,17.09333333333333,22.825333333333333,2.844666666666667,2003.0,7366.04,4787.59,480.25,3200.84,251.04,964.37,0.0
9,257.0,23.36,34.42,32.54,84.61,29.83,20.08,24.6,7.57,2003.0,257.0,4.5,27.18,0.0,44.72,16.54,5.61,10.16,1.89,2003.0,257.0,16.238666666666667,30.118000000000006,6.508571428571429,65.84733333333332,23.959333333333337,12.389333333333333,18.112000000000002,3.9466666666666668,2003.0,5270.6,3072.91,809.22,2621.03,363.89,1305.79,0.0
10,273.0,20.05,31.54,9.52,64.27,26.7,13.16,18.62,5.75,2003.0,273.0,5.44,26.06,0.0,41.4,12.99,2.73,9.22,2.56,2003.0,273.0,16.467333333333336,28.156000000000002,1.1699999999999997,51.76333333333334,21.101333333333333,8.586,14.564,3.8286666666666673,2003.0,3690.55,2156.49,1166.84,2510.45,518.34,1845.21,0.0
11,289.0,17.93,31.25,14.08,82.87,28.7,17.87,20.73,4.78,2003.0,289.0,4.14,24.34,0.0,37.49,15.19,3.0,9.54,1.21,2003.0,289.0,13.116000000000001,27.508666666666667,2.4733333333333336,56.60466666666666,21.84333333333333,9.898,15.448,3.24,2003.0,3108.37,1982.63,1434.9,2706.42,640.92,2093.11,0.43
12,305.0,13.32,27.83,19.5,93.51,21.59,6.72,12.36,6.28,2003.0,305.0,1.4,22.64,0.0,38.51,-1.55,-4.05,-2.48,2.31,2003.0,305.0,8.089333333333334,25.993999999999996,3.3593333333333333,67.648,9.033999999999999,1.405333333333334,4.951999999999999,3.7233333333333345,2003.0,2771.82,1815.98,1543.27,2704.88,743.59,1979.23,0.46
