,DOY,INSgdmax,RADmax,RAINmax,RHmax,TMAXmax,TMINmax,Tmax,WINDmax,YEAR,DOY,INSgdmin,RADmin,RAINmin,RHmin,TMAXmin,TMINmin,Tmin,WINDmin,YEAR,DOY,INSgdmean,RADmean,RAINmean,RHmean,TMAXmean,TMINmean,Tmean,WINDmean,YEAR,NDVI,EVI,RED,NIR,BLUE,MIR,pixrel
0,113.0,27.86,29.84,7.74,96.4,23.64,11.5,16.24,5.96,2003.0,113.0,3.38,22.25,0.0,39.13,2.73,-2.57,0.09,1.81,2003.0,113.0,14.988000000000001,26.104,3.6473333333333335,68.67266666666666,14.706000000000001,4.658666666666667,9.629333333333333,3.9026666666666667,2003.0,1956.05,946.5,1061.85,1577.77,584.85,1969.09,0.08
1,129.0,30.24,29.27,17.5,96.59,22.68,9.99,14.28,8.24,2003.0,129.0,4.21,23.87,0.0,59.97,10.93,3.28,7.62,1.8,2003.0,129.0,15.686000000000002,26.988666666666663,5.068666666666667,79.66199999999999,16.595333333333336,6.314666666666667,11.370666666666667,3.9493333333333336,2003.0,2643.73,1118.09,803.99,1384.2,440.29,1355.47,0.0
2,145.0,31.28,32.26,15.89,77.63,28.92,18.58,22.89,8.49,2003.0,145.0,8.57,24.55,0.0,28.6,15.17,4.8,9.99,1.15,2003.0,145.0,21.734666666666666,28.42466666666667,2.625333333333333,46.720000000000006,22.96,10.996666666666664,17.213333333333335,3.491999999999999,2003.0,3470.47,1569.28,757.15,1578.34,414.74,1426.44,0.95
3,161.0,30.78,34.06,14.29,78.52,31.1,21.02,25.85,4.34,2003.0,161.0,13.28,28.01,0.0,40.9,18.75,5.91,12.1,0.69,2003.0,161.0,22.59266666666667,30.280666666666672,3.798,61.59466666666666,24.92066666666667,13.236666666666668,18.872666666666667,2.340666666666667,2003.0,7396.65,5194.26,490.27,3542.43,259.01,959.25,0.34
4,177.0,32.83,34.56,24.9,94.34,32.18,21.0,25.41,7.59,2003.0,177.0,6.48,26.35,0.0,32.47,21.62,11.15,15.51,1.49,2003.0,177.0,23.471333333333337,30.502,4.791333333333333,63.22466666666665,27.676,15.948,21.499333333333333,4.354666666666666,2003.0,7731.1,5926.81,497.72,4124.69,258.59,775.97,0.0
5,193.0,31.0,34.02,7.09,89.48,32.87,20.91,25.71,6.52,2003.0,193.0,15.62,28.94,0.0,51.2,22.18,12.39,17.76,1.32,2003.0,193.0,24.438,31.764,0.7233333333333333,70.372,27.66933333333333,17.005333333333333,22.084666666666667,3.4440000000000004,2003.0,7901.02,5875.7,463.17,4008.21,234.2,647.24,0.0
6,209.0,28.12,36.18,7.36,74.11,36.47,22.65,27.13,7.1,2003.0,209.0,16.02,29.56,0.0,49.7,23.63,11.19,18.08,0.78,2003.0,209.0,22.883999999999997,31.291333333333338,1.242,61.01866666666667,28.26733333333333,15.79066666666667,21.62333333333333,3.3206666666666664,2003.0,5139.34,3271.88,855.46,2769.6,441.48,986.15,0.07
7,225.0,27.68,35.57,3.43,75.69,36.43,23.86,28.94,5.39,2003.0,225.0,13.61,28.26,0.0,44.46,24.36,12.96,20.62,1.08,2003.0,225.0,22.967333333333332,31.764,0.682,61.207333333333324,30.76733333333333,18.025333333333332,24.005999999999993,2.8893333333333326,2003.0,3142.92,2126.18,1543.51,2928.52,772.35,1883.78,0.0
8,241.0,24.55,35.03,12.01,67.07,35.65,22.08,28.09,5.68,2003.0,241.0,7.81,27.58,0.0,46.21,21.51,8.38,15.95,0.53,2003.0,241.0,20.276000000000003,30.58599999999999,2.0006666666666666,55.68,28.356000000000005,14.489333333333331,21.08733333333333,2.992666666666667,2003.0,3031.54,1871.01,1372.0,2547.51,666.04,1897.24,0.28
9,257.0,22.25,33.3,29.16,91.56,30.35,20.29,24.21,8.39,2003.0,257.0,3.78,26.28,0.0,48.04,12.85,4.82,7.78,1.63,2003.0,257.0,13.807333333333334,29.689999999999994,3.59,69.19666666666667,23.094,11.514,16.832,4.353333333333334,2003.0,3062.64,1531.06,931.68,1775.48,493.17,1569.52,0.0
10,273.0,18.86,30.28,15.01,60.14,26.34,12.13,18.25,7.12,2003.0,273.0,10.44,25.45,0.0,41.98,11.82,1.03,6.29,1.41,2003.0,273.0,15.542000000000003,27.790000000000006,1.1185714285714285,52.46200000000001,18.237333333333332,6.463333333333335,11.940666666666665,4.145333333333332,2003.0,2729.12,1325.54,928.66,1648.52,505.04,1580.18,0.0
11,289.0,14.8,30.82,6.31,86.85,24.67,15.57,18.47,6.17,2003.0,289.0,5.33,23.62,0.0,41.82,11.93,2.26,6.84,1.76,2003.0,289.0,11.217333333333334,27.221333333333337,1.5306666666666666,63.27,18.15466666666667,7.838666666666666,12.521999999999998,3.755333333333333,2003.0,2513.21,1138.44,887.05,1494.17,481.72,1485.11,0.12
12,305.0,8.64,27.5,16.61,91.81,9.68,2.65,6.24,7.52,2003.0,305.0,2.92,22.79,0.0,50.38,-5.36,-14.92,-8.46,1.7,2003.0,305.0,5.772666666666667,24.757333333333335,1.842666666666667,79.25,2.290666666666666,-4.470666666666667,-1.19,3.77,2003.0,1050.73,551.63,3033.93,3349.29,2697.23,879.14,1.55
