,DOY,INSgdmax,RADmax,RAINmax,RHmax,TMAXmax,TMINmax,Tmax,WINDmax,YEAR,DOY,INSgdmin,RADmin,RAINmin,RHmin,TMAXmin,TMINmin,Tmin,WINDmin,YEAR,DOY,INSgdmean,RADmean,RAINmean,RHmean,TMAXmean,TMINmean,Tmean,WINDmean,YEAR,NDVI,EVI,RED,NIR,BLUE,MIR,pixrel
0,113.0,28.0816,30.869300000000003,17.3607,93.0238,24.6259,14.318100000000001,17.653399999999998,6.002700000000001,2003.0,113.0,4.254099999999999,21.236800000000002,0.0,40.85980000000001,8.9341,1.8506,5.5409,1.9785,2003.0,113.0,14.738246666666665,26.559673333333336,4.96556,63.017700000000005,16.665106666666667,6.874313333333333,11.533553333333332,3.6109000000000004,2003.0,4313.13,1967.9,684.35,1729.89,345.65,1208.46,0.0
1,129.0,30.520099999999996,30.2666,31.798199999999998,91.67280000000001,22.395,13.7586,16.5231,7.583,2003.0,129.0,1.8849999999999998,24.205,0.0,47.688700000000004,13.6505,4.3446,10.248199999999999,1.7486,2003.0,129.0,15.797486666666664,27.74850666666667,6.857053333333333,74.02284,17.736153333333338,8.107366666666667,12.752426666666667,3.3368133333333336,2003.0,5981.16,3123.51,545.63,2216.05,291.22,957.38,0.05
2,145.0,31.408899999999996,32.4565,11.8042,85.403,29.699600000000004,17.897,22.0984,5.4605,2003.0,145.0,8.681600000000001,25.044800000000002,0.0,26.5093,15.486,5.309,12.0085,1.2189999999999999,2003.0,145.0,24.12594,27.660973333333335,1.8700533333333333,42.83995333333333,23.25490666666667,11.156959999999998,17.24518,3.0576600000000003,2003.0,7099.27,3814.32,398.87,2418.06,218.64,701.77,1.0
3,161.0,28.169499999999996,32.569199999999995,13.884200000000002,85.3065,32.322199999999995,19.285,24.232300000000002,4.162699999999999,2003.0,161.0,9.2171,28.4724,0.0,37.367700000000006,17.3707,10.491999999999999,15.3288,1.3547000000000002,2003.0,161.0,20.616080000000004,30.17681333333333,3.4180199999999994,63.263346666666656,24.67487333333333,13.881673333333332,19.076613333333334,2.2192066666666665,2003.0,7704.01,4974.77,390.14,3180.68,215.25,740.64,0.1
4,177.0,32.59909999999999,34.658500000000004,22.7235,80.374,33.149100000000004,22.790999999999997,27.2393,5.7679,2003.0,177.0,2.9980999999999995,25.5051,0.0,33.509100000000004,22.0458,10.9374,17.865299999999998,0.7104,2003.0,177.0,25.656000000000002,30.767493333333334,3.40432,51.01150666666666,29.52474000000001,16.723246666666665,23.045806666666664,3.193226666666667,2003.0,7945.06,5289.0,348.59,3330.34,193.23,722.45,0.01
5,193.0,30.445,34.754900000000006,24.3374,83.8708,33.120099999999994,21.394999999999996,26.5157,4.769,2003.0,193.0,10.2082,28.383499999999998,0.0,42.81700000000001,21.376,13.258700000000001,19.7402,0.6404,2003.0,193.0,22.262146666666666,32.23183333333333,3.731113333333333,63.39335333333333,28.928439999999995,17.92376666666667,23.243886666666665,2.6212999999999997,2003.0,8123.45,5317.03,329.79,3310.15,182.88,654.11,0.58
6,209.0,26.4508,34.789100000000005,6.9595,72.1588,36.4588,24.3127,29.8073,5.7633,2003.0,209.0,18.531,28.3403,0.0,43.42459999999999,25.9874,13.633,19.947400000000002,1.3462,2003.0,209.0,22.81431333333333,31.574219999999997,1.5065933333333332,56.694840000000006,29.330026666666672,18.091540000000002,23.44854666666667,2.8894733333333336,2003.0,8007.62,4814.89,302.09,2909.72,169.54,618.42,0.21
7,225.0,25.042700000000004,35.3027,5.4366,72.2824,36.932,24.6411,30.005,3.7765,2003.0,225.0,17.7237,28.898500000000002,0.0,43.761,27.836799999999997,14.8048,21.5524,1.3652000000000002,2003.0,225.0,22.08984666666667,32.58540666666667,0.53086,58.88008,31.95639333333333,19.348759999999995,25.191693333333333,2.487533333333334,2003.0,8058.18,4341.56,260.21,2532.86,143.97,523.24,0.01
8,241.0,24.5824,34.466800000000006,9.026499999999999,67.467,36.0828,21.352300000000003,28.0541,3.8342000000000005,2003.0,241.0,10.2807,26.916499999999996,0.0,43.6243,24.1879,10.247600000000002,18.2117,0.9273999999999999,2003.0,241.0,21.371993333333336,30.567099999999996,1.50976,53.568473333333344,29.130053333333333,15.998686666666666,22.367806666666667,2.2843799999999996,2003.0,7794.95,4516.91,319.39,2749.08,175.35,643.31,0.02
9,257.0,22.1492,34.3217,15.3065,92.91980000000001,31.800199999999997,20.140300000000003,24.7952,5.283899999999999,2003.0,257.0,0.7448,27.0135,0.0,45.9023,15.380099999999999,5.662999999999999,11.8832,1.0962,2003.0,257.0,15.440133333333332,30.494059999999998,3.0154642857142857,62.53590666666667,24.736206666666668,14.162566666666665,19.45698,3.1073133333333334,2003.0,7420.85,3578.31,303.18,2132.22,166.81,544.91,0.02
10,273.0,18.8717,30.0184,10.636,61.624500000000005,26.541700000000002,12.4887,18.619300000000003,5.2688,2003.0,273.0,6.0379,24.5351,0.0,35.985899999999994,10.9554,-2.8588999999999998,5.1674,1.6076000000000001,2003.0,273.0,14.506839999999999,27.584566666666667,1.44464,49.213086666666655,17.869913333333333,6.261959999999999,11.909080000000001,3.447120000000001,2003.0,6279.87,2812.51,412.68,1852.88,214.88,673.18,0.0
11,289.0,16.5164,31.769099999999995,5.7435,73.9696,27.5355,17.9983,20.7242,4.9714,2003.0,289.0,5.2607,25.069300000000002,0.0,39.5116,13.497399999999999,1.4027,7.9159999999999995,1.9462,2003.0,289.0,12.447826666666666,27.6387,0.9319866666666666,54.001453333333345,19.704273333333333,9.585373333333333,14.0734,3.251853333333334,2003.0,5346.6,2039.43,485.39,1500.73,273.68,839.26,0.11
12,305.0,12.2908,27.936,25.903699999999997,92.89089999999999,19.6995,6.288500000000001,10.5149,5.7511,2003.0,305.0,1.5219,20.0144,0.0,38.7278,-0.549,-6.5228,-4.0837,1.3277,2003.0,305.0,7.298306666666667,25.10910666666667,3.30312,66.86023999999999,7.146086666666668,0.7390066666666665,3.815593333333333,2.9622066666666664,2003.0,2192.45,1526.91,2024.88,2910.63,1831.17,537.14,2.14
