,DOY,INSgdmax,RADmax,RAINmax,RHmax,TMAXmax,TMINmax,Tmax,WINDmax,YEAR,DOY,INSgdmin,RADmin,RAINmin,RHmin,TMAXmin,TMINmin,Tmin,WINDmin,YEAR,DOY,INSgdmean,RADmean,RAINmean,RHmean,TMAXmean,TMINmean,Tmean,WINDmean,YEAR,NDVI,EVI,RED,NIR,BLUE,MIR,pixrel
0,113.0,27.97,31.1,25.68,94.08,21.67,14.39,17.48,6.01,2003.0,113.0,3.64,22.14,0.0,52.23,8.52,2.19,6.26,1.32,2003.0,113.0,15.846666666666666,27.160000000000004,5.7219999999999995,70.96133333333334,16.922,7.253333333333333,11.739333333333336,3.890666666666667,2003.0,4802.04,2932.2,902.67,2608.72,473.21,1849.27,1.0
1,129.0,29.09,29.74,28.5,93.41,25.53,12.49,16.7,8.4,2003.0,129.0,2.02,26.53,0.0,62.32,13.45,5.8,9.81,1.04,2003.0,129.0,17.111333333333334,28.110666666666656,5.034,78.464,18.571333333333335,8.782,13.515999999999996,3.9059999999999997,2003.0,5712.62,3833.79,838.5,3105.95,440.9,1953.44,0.32
2,145.0,30.96,32.29,13.56,83.0,30.2,20.71,24.34,6.6,2003.0,145.0,2.66,23.9,0.0,28.89,16.36,5.7,11.95,1.55,2003.0,145.0,22.407333333333337,28.368,2.5233333333333334,44.881333333333345,24.444666666666667,12.421333333333331,18.586000000000002,3.279333333333333,2003.0,6036.99,3951.25,733.04,3020.64,389.37,1832.39,0.39
3,161.0,29.48,32.87,11.1,71.6,33.45,18.89,25.8,5.14,2003.0,161.0,8.5,28.51,0.0,42.04,18.88,8.79,13.11,1.32,2003.0,161.0,20.447333333333333,30.95466666666666,3.4260000000000006,56.56999999999998,26.772,14.237333333333334,20.45266666666667,2.52,2003.0,6247.38,4561.32,827.94,3610.29,441.02,1993.6,0.14
4,177.0,31.9,36.04,25.39,88.94,33.95,22.46,26.74,5.92,2003.0,177.0,6.84,26.42,0.0,34.28,22.69,11.54,16.69,0.87,2003.0,177.0,25.426,31.142,6.475333333333333,61.12266666666667,29.07,16.622666666666667,22.592000000000002,3.813333333333333,2003.0,7298.94,5168.36,556.25,3582.25,305.36,1257.94,0.0
5,193.0,30.92,36.61,20.55,86.99,33.63,22.57,27.58,5.45,2003.0,193.0,16.31,29.41,0.0,49.47,24.45,13.11,20.39,1.42,2003.0,193.0,24.121333333333332,32.790666666666674,3.833999999999999,67.484,29.763333333333332,19.10533333333333,24.049333333333333,3.1353333333333335,2003.0,7608.96,5429.62,491.51,3654.94,276.65,1036.07,0.27
6,209.0,27.54,34.81,27.74,74.86,36.17,24.59,29.5,6.12,2003.0,209.0,7.06,29.38,0.0,44.69,24.24,12.06,18.97,0.73,2003.0,209.0,22.604,31.757333333333335,3.9693333333333327,58.011333333333326,29.878666666666664,17.35866666666667,23.386000000000003,3.0193333333333334,2003.0,7399.74,5341.56,541.55,3685.9,298.16,1117.93,0.23
7,225.0,26.6,35.68,6.79,66.6,37.11,24.29,29.69,4.48,2003.0,225.0,16.02,30.17,0.0,43.8,28.04,16.02,21.97,1.06,2003.0,225.0,22.336000000000002,32.73133333333334,1.1286666666666667,57.66733333333334,32.12466666666666,19.483999999999998,25.484666666666673,2.6233333333333335,2003.0,7099.1,4610.24,526.06,3132.98,288.97,1056.81,0.03
8,241.0,24.77,35.28,10.17,66.64,36.14,21.75,28.94,3.78,2003.0,241.0,6.77,26.53,0.0,43.39,21.51,10.5,17.74,1.11,2003.0,241.0,21.154666666666667,30.941999999999997,1.5826666666666669,55.943999999999996,29.510666666666665,16.587333333333337,22.79133333333333,2.8506666666666667,2003.0,5966.84,3703.43,704.06,2803.51,377.07,1421.36,0.0
9,257.0,23.04,34.2,25.45,80.05,30.17,19.95,24.82,7.32,2003.0,257.0,0.61,26.86,0.0,45.06,15.15,6.47,9.67,1.9,2003.0,257.0,15.247333333333335,30.088000000000008,4.869285714285715,61.998000000000005,24.302666666666664,12.823333333333332,18.505333333333333,3.7920000000000003,2003.0,5223.66,2997.65,771.33,2466.8,393.29,1470.94,0.0
10,273.0,19.12,31.61,13.08,58.21,26.55,12.86,19.18,6.02,2003.0,273.0,8.53,25.96,0.0,39.98,15.09,1.27,8.79,1.59,2003.0,273.0,15.856666666666666,28.029333333333337,1.0393333333333332,49.25599999999999,20.536000000000005,7.636,13.830666666666668,3.7880000000000007,2003.0,4308.22,2536.01,994.0,2473.43,508.06,1674.55,0.0
11,289.0,16.45,31.57,12.5,81.87,27.75,18.03,20.57,5.0,2003.0,289.0,4.07,24.62,0.0,38.66,14.29,2.33,9.03,1.48,2003.0,289.0,11.904000000000002,27.434,1.8506666666666667,57.16,20.65333333333333,9.466666666666667,14.602,3.336666666666667,2003.0,3980.66,2222.1,976.27,2252.76,489.67,1746.24,0.03
12,305.0,11.95,28.8,29.62,91.61,15.7,5.88,9.65,7.02,2003.0,305.0,1.19,22.54,0.0,43.03,-2.29,-5.25,-3.04,1.93,2003.0,305.0,7.764666666666668,25.605333333333327,5.89,67.99533333333332,7.153999999999999,0.27999999999999986,3.479333333333334,3.4886666666666666,2003.0,3567.26,1892.35,966.46,2033.87,492.35,1866.64,0.0
