,DOY,INSgdmax,RADmax,RAINmax,RHmax,TMAXmax,TMINmax,Tmax,WINDmax,YEAR,DOY,INSgdmin,RADmin,RAINmin,RHmin,TMAXmin,TMINmin,Tmin,WINDmin,YEAR,DOY,INSgdmean,RADmean,RAINmean,RHmean,TMAXmean,TMINmean,Tmean,WINDmean,YEAR,NDVI,EVI,RED,NIR,BLUE,MIR,pixrel
0,113.0,27.805300000000003,31.2521,16.439700000000002,94.6246,24.2644,14.270999999999999,17.5271,6.269699999999999,2003.0,113.0,4.5409,21.8113,0.0,41.9944,8.4484,1.6360999999999997,4.826,2.0862000000000003,2003.0,113.0,14.497526666666671,26.62945333333333,4.1546199999999995,66.40303999999999,16.226926666666667,6.872273333333333,11.257413333333334,3.7041000000000004,2003.0,4936.64,2309.73,677.3,1917.95,329.14,1218.18,0.0
1,129.0,30.344600000000003,30.3563,30.097800000000003,91.8036,22.8186,13.677900000000003,16.0935,8.1623,2003.0,129.0,1.4875,23.7793,0.0,52.5037,12.806000000000003,5.406299999999999,10.049000000000001,1.6943,2003.0,129.0,15.719666666666667,27.744706666666662,6.063693333333334,76.16290000000001,17.685353333333335,8.153626666666666,12.670646666666668,3.419513333333333,2003.0,5789.35,2721.85,552.77,1988.14,281.27,991.03,0.0
2,145.0,30.847900000000003,31.9354,9.8395,81.9104,29.5685,18.9806,23.2081,6.254600000000001,2003.0,145.0,8.303600000000001,24.9824,0.0,26.8921,15.8127,5.3839999999999995,12.115300000000001,1.3084000000000002,2003.0,145.0,23.53375999999999,27.792593333333336,1.6377733333333333,42.514633333333336,23.55166666666667,11.578220000000002,17.67384,3.2100400000000002,2003.0,7044.32,3895.99,442.6,2534.43,240.21,796.88,0.94
3,161.0,29.0491,33.114599999999996,18.3452,86.19600000000001,32.636,19.7167,24.3958,4.4441,2003.0,161.0,10.888399999999999,28.442100000000003,0.0,38.8599,17.8672,10.287099999999999,14.9151,1.4621000000000002,2003.0,161.0,21.069940000000006,30.369933333333332,4.8656,63.64200666666667,24.885353333333335,13.790813333333334,19.180873333333334,2.2210666666666667,2003.0,7590.6,4659.95,397.06,2957.22,221.06,737.48,0.03
4,177.0,32.521699999999996,34.778800000000004,21.7437,84.1933,33.06420000000001,23.4807,26.801599999999997,6.109299999999999,2003.0,177.0,1.4357000000000002,25.725899999999996,0.0,34.20989999999999,21.903599999999997,12.110399999999998,16.934099999999997,0.8397000000000001,2003.0,177.0,25.48803999999999,30.816493333333327,5.11074,52.971746666666654,29.389179999999996,16.75216666666667,22.930606666666662,3.3854466666666667,2003.0,7651.98,4820.69,405.64,3084.72,224.45,733.88,0.02
5,193.0,30.858700000000002,34.530800000000006,19.105999999999998,83.43939999999999,32.9905,20.9954,26.5442,4.873099999999999,2003.0,193.0,9.3355,28.8863,0.0,42.3943,21.7207,13.0373,19.3982,0.7793,2003.0,193.0,22.510146666666667,32.13967333333333,4.336853333333332,65.13443333333333,29.045399999999997,17.89118666666667,23.22210666666667,2.74004,2003.0,8004.8,4703.18,317.18,2868.66,175.88,578.71,0.33
6,209.0,26.7469,34.7012,9.205899999999998,70.1476,36.0406,24.5785,29.5223,5.8302000000000005,2003.0,209.0,19.1217,29.411,0.0,47.7419,25.5128,12.552100000000001,19.48,1.3309000000000002,2003.0,209.0,24.000213333333328,31.518879999999996,2.120093333333333,58.38120000000001,29.276626666666665,17.721980000000002,23.15394666666667,3.0344333333333338,2003.0,7698.48,4888.26,401.47,3117.29,225.69,733.45,0.99
7,225.0,25.333699999999997,35.5817,11.028900000000002,71.38269999999999,36.76070000000001,24.3876,29.584100000000003,4.076499999999999,2003.0,225.0,15.409799999999999,29.0263,0.0,44.5032,28.393600000000003,14.7547,21.518500000000003,1.4354,2003.0,225.0,21.92406666666666,32.61604666666667,1.04854,59.4953,32.09103333333332,19.026339999999998,25.11595333333333,2.528633333333334,2003.0,7791.15,4118.68,306.18,2453.67,173.84,571.8,0.0
8,241.0,24.5521,34.2475,6.895600000000001,66.843,36.1899,20.68,27.567499999999995,3.9875,2003.0,241.0,13.148700000000002,26.386699999999998,0.0,43.5856,23.6908,10.3034,17.741,1.3168000000000002,2003.0,241.0,21.764133333333334,30.21169999999999,1.1665,54.04557333333333,29.254333333333328,15.588706666666665,22.211166666666667,2.4028199999999993,2003.0,7474.89,3628.34,319.92,2180.62,177.55,611.42,0.0
9,257.0,21.9041,34.6547,20.407999999999998,86.3825,31.4474,20.477500000000003,24.8699,5.973600000000001,2003.0,257.0,0.6791,27.522600000000004,0.0,46.0055,14.4003,5.4365000000000006,10.4681,1.0893000000000002,2003.0,257.0,15.362993333333332,30.380959999999998,3.720507142857143,61.59126666666667,24.60268666666666,13.459846666666667,19.08298,3.315113333333333,2003.0,7309.89,3380.54,319.58,2036.39,174.01,598.03,0.0
10,273.0,19.2212,30.317499999999995,12.519400000000001,58.7361,26.888199999999998,12.291900000000002,19.0066,5.704400000000001,2003.0,273.0,4.8492999999999995,24.785,0.0,38.92829999999999,11.534999999999998,-3.0512,5.5766,1.6474999999999997,2003.0,273.0,14.46066,27.748226666666667,1.48448,49.63382666666666,18.523413333333334,6.18454,12.24618,3.60208,2003.0,6150.24,2725.52,444.71,1847.73,227.02,712.61,0.0
11,289.0,16.1375,31.663800000000002,3.9347999999999996,75.54339999999999,27.0813,18.468400000000003,20.8697,5.0275,2003.0,289.0,4.0883,25.443700000000003,0.0,40.0339,13.866999999999999,1.6870999999999998,8.2493,1.9264000000000001,2003.0,289.0,11.977086666666668,27.63388,0.5431666666666666,54.98287333333332,19.830413333333333,9.512233333333333,14.172620000000002,3.3980333333333324,2003.0,5534.88,2186.92,459.18,1567.72,226.72,840.27,0.15
12,305.0,11.7301,28.275000000000002,34.017799999999994,90.5473,17.9934,5.574199999999999,9.4433,6.334899999999999,2003.0,305.0,2.3628,20.6342,0.0,37.79900000000001,-1.4865,-6.6218,-4.271199999999999,1.1950999999999998,2003.0,305.0,7.214826666666668,25.066466666666667,4.665279999999999,68.13741999999998,6.160606666666668,0.02846666666666673,2.969853333333333,3.158946666666667,2003.0,2438.03,1542.8,2253.08,3100.83,2116.37,542.4,2.08
