,DOY,INSgdmax,RADmax,RAINmax,RHmax,TMAXmax,TMINmax,Tmax,WINDmax,YEAR,DOY,INSgdmin,RADmin,RAINmin,RHmin,TMAXmin,TMINmin,Tmin,WINDmin,YEAR,DOY,INSgdmean,RADmean,RAINmean,RHmean,TMAXmean,TMINmean,Tmean,WINDmean,YEAR,NDVI,EVI,RED,NIR,BLUE,MIR,pixrel
0,113.0,27.9072,31.1112,22.2284,93.59440000000001,23.8368,14.9204,18.5504,5.9528,2003.0,113.0,2.9192,21.9704,0.0,48.971599999999995,11.619599999999998,2.2535999999999996,7.77,1.6476,2003.0,113.0,14.94168,27.237280000000002,6.59704,69.73437333333334,17.39778666666667,7.505599999999999,12.048666666666668,3.7416,2003.0,5349.03,2732.39,570.64,2054.07,316.62,1008.01,0.0
1,129.0,29.3216,30.1052,30.0416,92.23840000000001,25.0272,13.886800000000001,17.4488,8.552,2003.0,129.0,1.8792,24.588,0.0,58.81,13.700400000000002,5.582800000000001,10.074800000000002,1.0816,2003.0,129.0,16.844506666666668,28.357919999999996,5.78392,77.20752000000002,18.79258666666667,9.044293333333332,13.693253333333335,3.6892799999999997,2003.0,5774.96,2938.11,521.55,2098.35,296.62,1006.45,0.0
2,145.0,31.3292,32.6684,24.4376,82.0556,30.790400000000005,19.302799999999998,23.9808,6.2576,2003.0,145.0,4.756,24.211600000000004,0.0,27.0764,16.754800000000003,6.1983999999999995,12.795200000000001,1.0368,2003.0,145.0,23.407093333333336,28.18336,3.018613333333333,42.91117333333332,24.41906666666667,12.343653333333332,18.537333333333336,3.1782933333333334,2003.0,6697.14,3875.74,490.02,2599.83,297.04,910.5,0.84
3,161.0,28.9008,32.740399999999994,17.916400000000003,77.336,33.14,20.4844,25.299599999999998,4.932,2003.0,161.0,11.4376,28.580000000000005,0.0,38.697199999999995,19.5,9.724799999999998,14.0756,1.0416,2003.0,161.0,20.947946666666667,30.888453333333338,3.6431466666666665,58.98765333333334,26.254080000000005,14.135546666666666,20.14426666666667,2.399333333333333,2003.0,7097.42,3998.56,413.31,2557.03,261.24,771.91,0.06
4,177.0,32.582,35.4488,18.4204,84.8296,33.8808,22.648,27.116,6.0691999999999995,2003.0,177.0,3.668,25.687600000000003,0.0,34.6016,22.828,11.6968,17.3644,0.8204,2003.0,177.0,25.362800000000004,31.238479999999996,4.4350933333333336,56.05954666666667,29.6216,16.8936,23.10677333333333,3.5016800000000003,2003.0,7326.7,4084.46,399.01,2606.57,233.33,779.1,0.02
5,193.0,30.8108,36.1184,28.18,82.982,34.45440000000001,22.2648,27.2428,5.102,2003.0,193.0,11.6908,28.422400000000003,0.0,46.263200000000005,23.662399999999998,13.548399999999999,20.38,1.16,2003.0,193.0,23.441119999999998,32.73637333333333,5.407653333333333,65.65263999999999,29.89517333333334,19.07965333333333,24.242346666666666,2.816906666666666,2003.0,7082.41,3959.67,409.64,2535.32,243.37,785.95,0.05
6,209.0,28.336000000000002,35.461999999999996,20.178400000000003,70.1336,36.8468,24.217999999999996,29.9876,5.628,2003.0,209.0,7.85,29.2588,0.0,44.7456,24.7528,11.9772,19.3816,0.7636000000000001,2003.0,209.0,22.433120000000002,31.824640000000002,3.0228,56.69242666666666,30.009439999999998,18.013413333333336,23.795199999999998,2.9264,2003.0,7012.03,3681.9,408.45,2331.81,263.18,749.45,0.54
7,225.0,26.282000000000004,35.64,4.2568,68.7468,37.1288,24.331999999999997,29.916000000000004,4.009600000000001,2003.0,225.0,16.3276,30.5168,0.0,44.06,28.563200000000002,15.9772,21.9572,1.3112000000000001,2003.0,225.0,22.086186666666663,33.02848,0.43328,57.83154666666667,32.436746666666664,19.80898666666667,25.71434666666667,2.5256800000000004,2003.0,6771.12,3559.49,451.94,2344.99,263.6,847.93,0.0
8,241.0,24.7196,35.3592,11.548,64.084,36.869600000000005,21.528000000000002,28.790799999999997,3.5964,2003.0,241.0,8.1688,26.4704,0.0,42.2068,22.2584,10.536000000000001,18.3072,0.6324000000000001,2003.0,241.0,21.15312,30.955066666666667,1.6015733333333335,55.30013333333333,29.716906666666667,16.60269333333333,22.940373333333334,2.566746666666667,2003.0,6767.99,3208.19,388.83,2039.9,223.73,767.21,0.01
9,257.0,22.9412,34.8304,17.0776,88.0424,30.97,21.349600000000002,24.951999999999998,6.1892,2003.0,257.0,0.72,27.472,0.0,46.5148,15.3676,5.6744,10.627600000000001,1.4096000000000002,2003.0,257.0,15.366879999999998,30.27861333333333,5.179942857142857,61.403706666666665,24.733919999999998,13.337466666666666,19.068106666666672,3.3316533333333336,2003.0,7050.37,3147.16,331.79,1940.98,188.53,600.31,0.02
10,273.0,19.5872,31.4712,9.6452,57.2248,26.558,12.36,18.9436,5.7668,2003.0,273.0,7.088,25.997200000000003,0.0,39.406800000000004,13.040000000000001,-1.1692,7.08,1.2335999999999998,2003.0,273.0,16.006026666666664,28.015093333333336,1.2282133333333336,49.09378666666666,20.07354666666667,6.785573333333332,13.313226666666665,3.39048,2003.0,6125.06,2840.78,417.26,1896.95,237.46,688.48,0.0
11,289.0,16.8604,31.4424,17.7168,77.73360000000001,28.188000000000002,17.9136,20.7272,5.3268,2003.0,289.0,5.2096,24.6312,0.0,38.663199999999996,14.5612,1.612,8.564,1.6212,2003.0,289.0,12.292666666666666,27.364399999999996,1.7810933333333332,55.070106666666675,20.809173333333334,9.75648,14.73522666666667,3.2236,2003.0,5630.52,2268.85,413.01,1574.44,225.93,767.84,0.5
12,305.0,11.930399999999999,28.3392,17.7008,92.2404,20.530400000000004,6.6684,11.9984,6.728000000000001,2003.0,305.0,1.1416,21.78,0.0,41.9336,-0.8560000000000001,-5.872800000000001,-3.0272,1.738,2003.0,305.0,7.558373333333333,25.819280000000006,3.0406666666666666,66.34498666666666,8.318719999999999,1.28768,4.5160800000000005,3.261813333333333,2003.0,4764.27,2215.72,670.4,1820.26,443.78,708.57,1.09
