,DOY,INSgdmax,RADmax,RAINmax,RHmax,TMAXmax,TMINmax,Tmax,WINDmax,YEAR,DOY,INSgdmin,RADmin,RAINmin,RHmin,TMAXmin,TMINmin,Tmin,WINDmin,YEAR,DOY,INSgdmean,RADmean,RAINmean,RHmean,TMAXmean,TMINmean,Tmean,WINDmean,YEAR,NDVI,EVI,RED,NIR,BLUE,MIR,pixrel
0,113.0,28.12,30.82,21.1,93.74,23.47,15.01,18.36,5.88,2003.0,113.0,2.95,21.85,0.0,51.01,11.6,2.15,7.7,1.53,2003.0,113.0,15.280666666666667,27.285999999999998,7.0586666666666655,70.48066666666666,17.289333333333335,7.490666666666667,11.950666666666667,3.7453333333333334,2003.0,6098.85,3987.21,712.49,3035.09,376.7,1330.24,0.55
1,129.0,29.05,29.59,31.8,92.93,25.24,13.66,17.11,8.51,2003.0,129.0,1.98,24.77,0.0,60.0,13.72,5.79,9.96,1.02,2003.0,129.0,16.962666666666667,28.288666666666664,5.784666666666667,77.55266666666668,18.732666666666667,9.026,13.638000000000002,3.7286666666666664,2003.0,6789.08,4602.38,609.6,3280.11,326.59,1303.22,0.0
2,145.0,31.5,32.8,25.86,82.4,30.67,19.72,24.02,6.35,2003.0,145.0,4.07,23.87,0.0,27.32,16.5,6.05,12.63,1.09,2003.0,145.0,23.152666666666665,28.198666666666668,3.2073333333333327,43.36066666666667,24.387333333333334,12.363999999999997,18.551333333333336,3.1926666666666663,2003.0,7392.43,5144.22,512.19,3500.03,276.67,1094.98,0.29
3,161.0,28.87,32.62,13.26,75.39,33.35,20.49,25.49,4.96,2003.0,161.0,10.69,28.51,0.0,39.33,19.5,9.54,13.93,1.05,2003.0,161.0,20.926666666666666,30.920000000000005,3.214,58.07933333333333,26.454000000000004,14.108666666666668,20.255333333333336,2.3946666666666663,2003.0,7327.22,5467.06,595.24,3892.64,323.64,1225.71,0.17
4,177.0,32.54,35.53,18.23,85.79,33.78,22.55,26.99,6.1,2003.0,177.0,3.71,25.78,0.0,34.54,22.8,11.61,17.16,0.84,2003.0,177.0,25.280666666666672,31.233999999999995,4.8293333333333335,57.007999999999996,29.462000000000003,16.799333333333333,22.967333333333325,3.560666666666668,2003.0,7374.75,5223.3,535.95,3598.97,292.32,1081.63,0.0
5,193.0,30.71,36.25,21.95,83.5,34.6,22.36,27.31,5.2,2003.0,193.0,11.66,28.26,0.0,48.1,23.85,13.47,20.38,1.16,2003.0,193.0,23.565999999999995,32.71266666666667,4.756,66.05266666666667,29.882666666666672,19.118666666666662,24.222,2.8706666666666663,2003.0,7122.83,5167.97,606.26,3692.37,328.5,1208.46,0.01
6,209.0,28.84,35.28,21.85,71.22,36.76,24.33,29.94,5.6,2003.0,209.0,7.92,29.34,0.0,44.46,24.61,11.7,19.18,0.73,2003.0,209.0,22.236000000000004,31.804666666666666,2.852,56.904666666666664,29.95866666666667,17.910000000000004,23.70933333333333,2.96,2003.0,6881.27,4630.44,587.4,3251.29,321.9,1177.04,0.1
7,225.0,26.24,35.78,3.4,68.24,37.0,24.22,29.72,4.13,2003.0,225.0,16.56,30.71,0.0,44.2,28.44,16.05,21.96,1.23,2003.0,225.0,22.142,33.00533333333333,0.2813333333333333,57.69733333333333,32.352,19.78266666666667,25.680000000000003,2.5380000000000007,2003.0,5992.31,3894.1,746.65,3002.25,398.81,1377.33,0.02
8,241.0,24.7,35.46,10.26,64.28,36.71,21.5,28.83,3.63,2003.0,241.0,8.53,26.35,0.0,42.19,22.11,10.9,18.17,0.61,2003.0,241.0,21.110000000000003,30.928000000000008,1.2773333333333334,55.175999999999995,29.691333333333333,16.627333333333333,22.94,2.612666666666667,2003.0,6220.86,3584.95,605.68,2589.77,315.46,1297.89,0.0
9,257.0,23.0,34.99,16.47,84.94,30.97,21.61,24.98,6.43,2003.0,257.0,0.65,27.43,0.0,46.05,15.39,5.89,10.51,1.46,2003.0,257.0,15.2,30.20133333333333,4.977142857142857,60.82933333333333,24.701999999999998,13.22733333333333,18.994000000000007,3.3986666666666667,2003.0,6734.45,4008.52,532.3,2755.91,281.48,1035.01,0.0
10,273.0,19.66,31.46,8.64,57.11,26.6,12.43,19.05,5.82,2003.0,273.0,7.06,26.21,0.0,39.74,13.39,-0.64,7.43,1.2,2003.0,273.0,16.06333333333333,27.99866666666667,0.9540000000000001,48.94333333333332,20.205333333333336,6.969999999999999,13.452666666666666,3.446666666666667,2003.0,6539.59,3971.19,571.43,2801.72,297.17,1110.24,0.0
11,289.0,16.81,31.28,17.0,78.19,28.09,18.23,20.87,5.24,2003.0,289.0,5.26,24.55,0.0,38.82,14.69,1.71,8.69,1.61,2003.0,289.0,12.283333333333333,27.220666666666666,1.7506666666666666,55.299333333333344,20.83866666666667,9.77533333333333,14.744000000000003,3.236666666666667,2003.0,5688.38,3274.46,661.69,2481.32,350.04,1259.05,0.04
12,305.0,11.88,28.37,19.91,91.56,19.71,6.45,11.5,6.84,2003.0,305.0,1.15,21.85,0.0,42.04,-1.22,-5.73,-3.03,1.78,2003.0,305.0,7.618666666666667,25.793333333333337,3.05,66.40733333333333,8.101999999999999,1.1086666666666667,4.296,3.29,2003.0,5434.38,3088.07,691.46,2420.72,361.43,1363.97,0.41
