,DOY,INSgdmax,RADmax,RAINmax,RHmax,TMAXmax,TMINmax,Tmax,WINDmax,YEAR,DOY,INSgdmin,RADmin,RAINmin,RHmin,TMAXmin,TMINmin,Tmin,WINDmin,YEAR,DOY,INSgdmean,RADmean,RAINmean,RHmean,TMAXmean,TMINmean,Tmean,WINDmean,YEAR,NDVI,EVI,RED,NIR,BLUE,MIR,pixrel
0,113.0,28.1405,30.483499999999996,25.784499999999998,94.338,22.554,11.349,15.676,5.766,2003.0,113.0,2.8015,22.086000000000002,0.0,41.6965,7.494000000000001,0.19000000000000003,3.2725,1.7445,2003.0,113.0,15.083400000000001,26.58973333333333,5.303933333333333,70.0983,15.707233333333335,5.790233333333332,10.505133333333335,4.0405999999999995,2003.0,3091.12,1876.18,1135.38,2232.23,626.71,2072.54,0.43
1,129.0,28.054000000000002,29.493,36.22,94.59150000000001,24.744999999999997,11.3255,15.5825,8.434000000000001,2003.0,129.0,4.366499999999999,24.125,0.0,60.221500000000006,11.554,4.287999999999999,8.8295,1.5180000000000002,2003.0,129.0,16.226966666666666,27.378966666666667,6.9694,79.32903333333334,17.479033333333334,7.387033333333333,12.324333333333334,3.9954333333333327,2003.0,3582.32,2084.59,1009.46,2210.54,552.43,1937.56,0.35
2,145.0,31.1685,32.744499999999995,24.2415,78.03949999999999,29.120000000000005,19.73,23.6535,7.788,2003.0,145.0,5.7835,24.314500000000002,0.0,28.7685,15.846499999999999,5.005,10.8515,1.3435000000000001,2003.0,145.0,21.6844,28.694000000000003,4.2256,45.953900000000004,23.68756666666667,11.613733333333332,17.860266666666664,3.4265333333333334,2003.0,4391.34,2584.64,892.64,2356.67,493.51,1740.37,0.75
3,161.0,27.464000000000002,34.605500000000006,20.172,73.412,32.0685,20.239000000000004,25.789,5.0845,2003.0,161.0,11.127999999999998,28.663500000000003,0.0,41.304500000000004,18.1415,7.086500000000001,12.123999999999999,0.7755,2003.0,161.0,20.898433333333333,30.82306666666667,4.049933333333333,57.76776666666667,25.948233333333334,13.853833333333332,19.797533333333334,2.516966666666667,2003.0,6600.09,4729.52,686.17,3508.7,378.31,1342.72,0.29
4,177.0,31.869999999999997,34.6375,21.3145,92.2085,33.0375,21.6605,26.102,6.955,2003.0,177.0,7.2255,26.324000000000005,0.0,33.7005,22.169,11.387999999999998,15.940999999999999,1.1255,2003.0,177.0,24.87223333333333,30.822266666666668,3.911033333333333,62.654866666666685,28.325133333333337,16.1376,21.97763333333333,4.253266666666667,2003.0,7265.41,5420.01,579.02,3827.05,325.44,1049.06,0.05
5,193.0,30.764,35.603500000000004,10.041,88.035,32.831,22.205000000000002,26.461,6.023,2003.0,193.0,16.093,28.408,0.0,50.3655,23.5055,12.776499999999999,19.168999999999997,1.5540000000000003,2003.0,193.0,23.8129,32.287733333333335,2.1982,69.78263333333334,28.576,18.2061,23.029933333333332,3.4431333333333343,2003.0,7470.8,5566.55,542.76,3889.5,293.77,912.17,0.17
6,209.0,28.878500000000003,35.1455,23.049999999999997,76.8555,36.144999999999996,23.1545,27.509,6.9165,2003.0,209.0,7.883000000000001,28.976499999999998,0.0,48.6535,23.542499999999997,11.7395,18.2595,1.2035,2003.0,209.0,23.20156666666667,31.33686666666666,3.5363666666666673,61.14503333333333,28.76803333333334,16.102333333333334,22.130533333333336,3.2036999999999995,2003.0,6397.71,4390.88,663.78,3227.23,362.95,986.93,0.1
7,225.0,27.1595,35.509,9.8205,72.9105,36.778999999999996,24.186500000000002,29.132500000000004,5.139,2003.0,225.0,13.843,28.855,0.0,43.59,26.35,13.9825,21.087000000000003,1.018,2003.0,225.0,23.00476666666667,32.122166666666665,1.1323666666666667,59.79156666666667,31.23483333333333,18.524433333333334,24.52506666666667,2.797733333333334,2003.0,4705.01,3211.08,1120.88,3046.79,609.78,1541.83,0.06
8,241.0,24.780499999999996,35.365,8.068999999999999,65.3145,36.2725,22.178000000000004,28.473499999999998,4.708,2003.0,241.0,10.489,27.12,0.0,44.722,22.634500000000003,9.7235,17.0175,1.2915,2003.0,241.0,21.136100000000003,30.861766666666668,1.5697333333333334,54.59316666666667,29.056133333333335,15.640266666666664,22.058733333333333,3.022166666666667,2003.0,4599.87,2809.14,967.0,2589.95,505.66,1489.59,0.05
9,257.0,22.237000000000002,33.4615,22.766000000000002,86.50999999999999,29.972999999999995,20.345000000000002,24.532,7.935499999999999,2003.0,257.0,2.9705000000000004,26.508,0.0,45.656000000000006,13.6415,5.1325,8.3225,1.9335,2003.0,257.0,14.3215,29.67646666666666,5.063357142857143,66.16563333333333,23.68616666666666,12.029833333333334,17.501733333333334,4.284366666666666,2003.0,4546.58,2608.02,861.93,2342.67,453.12,1399.19,0.17
10,273.0,19.091499999999996,30.552000000000003,12.0705,61.1575,26.3575,13.372,18.7965,6.3955,2003.0,273.0,7.669499999999999,25.2635,0.0,39.782,13.4605,1.9280000000000004,7.712999999999999,1.0845,2003.0,273.0,15.8719,27.836499999999997,1.582266666666667,50.56529999999998,19.54573333333333,7.2597000000000005,13.006766666666667,4.1096,2003.0,3585.16,1933.96,964.2,2060.63,504.07,1592.94,0.02
11,289.0,15.612,31.215500000000002,11.1735,85.66850000000001,25.943500000000004,16.457,19.1595,5.561000000000001,2003.0,289.0,4.2805,24.451,0.0,40.25,13.241,3.4109999999999996,8.019,1.938,2003.0,289.0,11.6144,27.452499999999997,1.6583333333333334,61.541366666666676,19.231899999999996,8.425133333333333,13.404666666666667,3.6565666666666665,2003.0,3261.08,1740.67,981.12,1953.56,533.05,1630.49,0.5
12,305.0,11.029000000000002,28.042,21.69,89.2285,11.743500000000001,4.444,7.813000000000001,7.582,2003.0,305.0,2.231,21.492500000000003,0.0,47.3185,-3.7965,-10.885499999999999,-6.023499999999999,1.811,2003.0,305.0,6.863666666666667,24.9479,1.8529000000000002,73.51859999999999,4.232099999999998,-2.294166666666667,0.7798999999999999,3.7910333333333335,2003.0,1077.35,632.37,3660.13,4036.91,3358.62,1023.55,1.4
