,DOY,INSgdmax,RADmax,RAINmax,RHmax,TMAXmax,TMINmax,Tmax,WINDmax,YEAR,DOY,INSgdmin,RADmin,RAINmin,RHmin,TMAXmin,TMINmin,Tmin,WINDmin,YEAR,DOY,INSgdmean,RADmean,RAINmean,RHmean,TMAXmean,TMINmean,Tmean,WINDmean,YEAR,NDVI,EVI,RED,NIR,BLUE,MIR,pixrel
0,113.0,28.19,30.38,26.77,94.53,22.5,11.19,15.61,5.76,2003.0,113.0,2.59,22.14,0.0,41.71,7.41,0.04,3.1,1.8,2003.0,113.0,15.048000000000002,26.59733333333333,5.303333333333333,70.262,15.705333333333334,5.7333333333333325,10.471333333333337,4.056,2003.0,4077.02,2629.58,1140.19,2753.45,576.62,2425.31,0.92
1,129.0,28.12,29.52,38.02,94.65,24.82,11.27,15.65,8.41,2003.0,129.0,4.68,24.05,0.0,60.43,11.35,4.18,8.81,1.53,2003.0,129.0,16.274666666666665,27.354666666666667,7.276,79.33533333333334,17.479333333333333,7.341333333333333,12.307333333333334,4.013333333333333,2003.0,4294.59,2832.84,1143.64,2898.93,576.6,2567.19,0.7
2,145.0,31.32,32.83,25.83,77.66,29.12,19.67,23.67,7.83,2003.0,145.0,5.8,24.19,0.0,29.01,15.83,4.99,10.79,1.27,2003.0,145.0,21.75,28.726000000000003,4.614,46.172000000000004,23.68466666666667,11.609333333333334,17.856666666666666,3.419333333333333,2003.0,4979.0,3269.66,980.33,2954.28,500.58,2260.54,0.21
3,161.0,27.14,34.67,20.31,73.34,32.01,20.44,25.87,5.08,2003.0,161.0,11.02,28.62,0.0,41.0,17.93,6.98,11.98,0.69,2003.0,161.0,20.747333333333337,30.768666666666668,4.009333333333333,57.442666666666675,25.965333333333334,13.867333333333336,19.82133333333333,2.528666666666667,2003.0,7291.65,4786.82,497.63,3222.66,268.0,948.29,0.05
4,177.0,31.72,34.6,21.61,92.51,33.03,21.56,26.12,7.09,2003.0,177.0,7.56,26.42,0.0,33.84,22.19,11.37,15.92,1.16,2003.0,177.0,24.87333333333333,30.80666666666667,3.739333333333333,63.162666666666695,28.263333333333335,16.12,21.93933333333333,4.290666666666667,2003.0,7642.83,5696.7,519.85,3932.49,278.76,1155.98,0.03
5,193.0,30.71,35.68,10.17,87.93,32.81,22.28,26.44,6.02,2003.0,193.0,16.24,28.3,0.0,50.67,23.6,12.76,19.16,1.59,2003.0,193.0,23.962,32.26533333333333,2.1,70.00733333333334,28.543999999999997,18.218,23.009333333333334,3.471333333333334,2003.0,8024.75,6328.27,462.82,4335.81,249.79,964.14,0.45
6,209.0,29.09,35.21,24.4,77.07,36.25,23.09,27.44,6.96,2003.0,209.0,6.98,29.02,0.0,48.61,23.55,11.78,18.27,1.16,2003.0,209.0,23.188666666666666,31.334666666666656,3.776666666666667,61.149333333333324,28.775333333333336,16.041333333333334,22.103333333333335,3.1959999999999997,2003.0,7849.59,5577.23,418.47,3657.65,225.0,871.55,0.0
7,225.0,27.29,35.53,9.9,73.56,36.83,24.17,29.17,5.16,2003.0,225.0,13.18,28.84,0.0,43.29,26.35,13.9,21.03,1.0,2003.0,225.0,22.994666666666667,32.12466666666667,1.1226666666666667,59.82666666666667,31.18333333333333,18.491333333333337,24.488666666666674,2.8093333333333335,2003.0,6884.53,4699.59,640.36,3371.03,339.61,1082.3,0.0
8,241.0,24.77,35.5,8.03,65.19,36.25,22.28,28.52,4.78,2003.0,241.0,10.3,27.18,0.0,44.95,22.6,9.56,16.98,1.2,2003.0,241.0,21.036000000000005,30.88066666666667,1.4853333333333334,54.72666666666667,29.047333333333334,15.626666666666665,22.04133333333333,3.0426666666666673,2003.0,6172.16,3623.18,630.53,2659.9,315.25,1242.37,0.0
9,257.0,22.21,33.37,22.85,88.22,29.88,20.39,24.46,7.97,2003.0,257.0,3.38,26.46,0.0,45.77,13.64,4.99,8.24,1.95,2003.0,257.0,14.284,29.670666666666662,5.175,66.95133333333332,23.604666666666663,11.917333333333334,17.361333333333334,4.322666666666667,2003.0,5055.69,2909.91,800.03,2492.95,378.93,1355.8,0.01
10,273.0,19.15,30.6,12.63,61.66,26.35,13.36,18.75,6.4,2003.0,273.0,7.74,25.16,0.0,39.86,13.51,2.12,7.74,1.05,2003.0,273.0,15.912,27.86399999999999,1.7126666666666668,50.66599999999998,19.55533333333333,7.278,13.010666666666669,4.122000000000001,2003.0,3481.76,1907.99,1078.43,2211.92,509.64,1868.53,0.0
11,289.0,15.66,31.28,12.03,86.15,25.87,16.28,19.02,5.57,2003.0,289.0,4.21,24.37,0.0,40.22,13.19,3.51,7.95,1.95,2003.0,289.0,11.677999999999999,27.467999999999996,1.7653333333333334,61.94266666666668,19.209999999999994,8.353333333333333,13.352666666666666,3.660666666666666,2003.0,3143.41,1715.5,1131.02,2149.1,542.65,1957.95,0.08
12,305.0,11.05,27.94,22.5,89.17,11.58,4.42,7.81,7.6,2003.0,305.0,2.3,21.53,0.0,47.44,-3.84,-11.37,-6.22,1.85,2003.0,305.0,6.812666666666667,24.930000000000003,1.6660000000000001,73.79199999999999,4.175999999999998,-2.4306666666666668,0.6700000000000002,3.8153333333333332,2003.0,2499.59,1294.02,1324.76,2077.53,791.18,1954.32,0.16
