,DOY,INSgdmax,RADmax,RAINmax,RHmax,TMAXmax,TMINmax,Tmax,WINDmax,YEAR,DOY,INSgdmin,RADmin,RAINmin,RHmin,TMAXmin,TMINmin,Tmin,WINDmin,YEAR,DOY,INSgdmean,RADmean,RAINmean,RHmean,TMAXmean,TMINmean,Tmean,WINDmean,YEAR,NDVI,EVI,RED,NIR,BLUE,MIR,pixrel
0,113.0,28.405200000000004,31.2016,17.2864,77.6976,25.209600000000002,14.151599999999998,19.486800000000002,6.048399999999999,2003.0,113.0,3.8056,22.3572,0.0,35.0644,10.596400000000001,2.9608000000000003,8.5996,1.904,2003.0,113.0,14.132213333333333,27.381999999999998,4.532640000000001,56.89789333333333,18.99637333333333,8.290106666666665,13.392240000000003,3.8140799999999997,2003.0,2762.51,872.53,154.94,930.41,1.03,488.56,53.71
1,129.0,30.704,31.255599999999998,45.3116,89.5156,23.678800000000003,15.7132,19.3432,8.956,2003.0,129.0,1.7944,24.964399999999998,0.0,48.910000000000004,15.7108,5.1044,11.1664,1.696,2003.0,129.0,16.365146666666664,28.850266666666663,8.438426666666665,74.18490666666666,19.249066666666668,9.30733333333333,14.109786666666668,3.6825599999999996,2003.0,2921.99,778.11,-4.33,887.5,-151.26,271.38,81.67
2,145.0,31.606400000000004,33.1652,12.5884,86.85520000000001,30.4896,19.596,22.2168,5.972,2003.0,145.0,10.2744,23.478399999999997,0.0,30.2788,18.7824,6.8284,12.922400000000001,1.3452000000000002,2003.0,145.0,24.512026666666667,27.66069333333333,2.002373333333333,45.06925333333333,23.78608,11.686639999999999,17.77146666666667,3.2059466666666663,2003.0,4000.06,1978.28,159.86,1500.13,67.94,353.66,46.68
3,161.0,30.036399999999997,33.41,39.0952,77.4304,32.1692,17.936799999999998,24.8212,4.9532,2003.0,161.0,7.1176,27.857200000000002,0.0,36.598,20.0204,9.9904,15.251999999999999,1.2628000000000001,2003.0,161.0,20.02365333333333,30.579813333333334,6.579226666666666,59.313120000000005,25.96354666666667,14.763119999999999,20.224533333333333,2.698506666666666,2003.0,4268.53,2275.87,-49.22,1713.29,-148.88,151.93,79.09
4,177.0,32.3912,35.0068,30.797199999999997,72.3276,35.7264,23.8364,28.711199999999998,5.592,2003.0,177.0,14.4144,26.6336,0.0,34.6836,23.4032,10.5836,18.985599999999998,0.7031999999999999,2003.0,177.0,26.21642666666667,31.515653333333336,2.3931466666666665,48.876,30.903706666666665,17.20605333333334,24.082240000000006,3.13624,2003.0,4840.25,2405.59,-98.48,1629.19,-159.07,52.37,71.59
5,193.0,30.538399999999996,35.650400000000005,34.0088,81.7052,34.35,22.438000000000002,26.899600000000003,4.6456,2003.0,193.0,8.170000000000002,28.9604,0.0,45.1492,22.284,13.4096,20.4404,0.9812000000000001,2003.0,193.0,22.40349333333333,32.56832,7.937439999999999,62.968853333333335,30.057920000000003,18.720906666666668,24.165973333333337,2.582506666666667,2003.0,4761.97,2586.1,-111.36,1773.49,-176.26,77.95,76.56
6,209.0,26.6396,36.318799999999996,12.357999999999999,71.9796,36.8364,25.0632,29.9116,5.876,2003.0,209.0,7.3839999999999995,30.0512,0.0,42.833999999999996,25.9816,14.66,20.714800000000004,1.0456,2003.0,209.0,21.56544,32.51912,2.7770133333333336,55.318400000000004,30.175733333333334,18.837813333333337,24.25602666666667,2.71856,2003.0,4765.61,2296.46,-130.91,1555.85,-189.45,13.1,76.67
7,225.0,25.6836,35.5736,1.55,72.66159999999999,36.7848,25.991999999999997,30.415999999999997,3.3884,2003.0,225.0,15.648800000000001,29.310000000000002,0.0,46.467600000000004,27.629199999999997,15.5916,21.978,1.4324,2003.0,225.0,22.31056,32.82599999999999,0.13925333333333334,58.38450666666667,32.1484,19.999893333333333,25.619280000000003,2.453386666666667,2003.0,4518.0,2112.53,-142.57,1472.67,-201.39,4.91,81.7
8,241.0,24.791600000000003,35.2284,33.4752,73.12359999999998,37.0316,22.428,29.446,3.8672,2003.0,241.0,5.916799999999999,26.894800000000004,0.0,42.5044,22.512000000000004,10.300799999999999,18.637999999999998,1.006,2003.0,241.0,20.802933333333332,31.106959999999994,4.259173333333333,56.945253333333326,29.470906666666668,16.885973333333332,22.96112,2.43856,2003.0,4584.54,2110.34,-90.81,1473.39,-151.42,61.62,74.32
9,257.0,22.0536,34.705200000000005,26.419999999999995,91.47279999999999,31.451999999999998,21.2136,24.7304,4.601999999999999,2003.0,257.0,2.5832,26.972800000000003,0.0,49.43879999999999,17.913999999999998,5.6784,13.064399999999997,1.1928,2003.0,257.0,17.38754666666667,30.699973333333332,3.9679999999999995,61.61330666666667,25.705466666666666,14.642026666666668,20.304959999999998,2.896826666666667,2003.0,4345.63,1523.85,-117.46,1104.82,-183.97,-12.37,76.57
10,273.0,19.3136,30.323600000000003,11.2128,61.032399999999996,26.270400000000002,13.922799999999999,19.0676,5.1588,2003.0,273.0,6.3796,24.673600000000004,0.0,32.754400000000004,11.578800000000001,-1.6104,5.722799999999999,1.406,2003.0,273.0,14.70624,27.792879999999997,1.3784533333333333,49.743599999999994,18.364720000000002,6.786159999999999,12.502746666666665,3.2789599999999997,2003.0,2907.87,793.48,-12.65,904.39,-156.8,56.51,84.18
11,289.0,16.744799999999998,31.7788,21.676800000000004,72.0044,28.9132,16.971999999999998,21.136799999999997,5.2456,2003.0,289.0,8.528799999999999,24.568400000000004,0.0,39.6072,13.765600000000001,2.2424,8.231200000000001,1.4675999999999998,2003.0,289.0,12.817733333333335,27.76405333333333,2.5202933333333335,53.62368,20.20037333333334,10.231066666666667,14.819093333333333,3.0606133333333334,2003.0,3493.36,1046.75,332.88,1138.36,236.44,511.6,48.9
12,305.0,12.8312,30.607599999999998,14.1904,94.5732,23.37,8.8128,14.613199999999999,5.818,2003.0,305.0,0.8116000000000001,21.580000000000002,0.0,45.114,1.4484,-5.416799999999999,-2.3232,1.37,2003.0,305.0,7.4784533333333325,26.39856,2.0223999999999998,66.77149333333332,10.593173333333333,3.2545333333333337,6.8519733333333335,3.14864,2003.0,1568.3,520.7,512.06,1229.61,387.02,91.71,72.65
