,DOY,INSgdmax,RADmax,RAINmax,RHmax,TMAXmax,TMINmax,Tmax,WINDmax,YEAR,DOY,INSgdmin,RADmin,RAINmin,RHmin,TMAXmin,TMINmin,Tmin,WINDmin,YEAR,DOY,INSgdmean,RADmean,RAINmean,RHmean,TMAXmean,TMINmean,Tmean,WINDmean,YEAR,NDVI,EVI,RED,NIR,BLUE,MIR,pixrel
0,113.0,28.26,29.56,17.36,93.43,24.07,11.67,16.88,6.55,2003.0,113.0,3.24,21.49,0.0,39.54,4.17,-1.79,0.81,1.72,2003.0,113.0,15.256666666666666,26.194000000000003,3.9560000000000004,67.748,14.798,5.053999999999999,9.899333333333335,3.681333333333333,2003.0,3957.42,1932.46,777.18,1860.14,387.07,1486.9,2.56
1,129.0,29.88,29.77,42.61,96.21,20.63,10.96,14.18,7.96,2003.0,129.0,3.2,23.51,0.0,56.58,10.95,3.51,8.09,1.29,2003.0,129.0,17.112666666666662,27.046000000000003,6.902,77.18933333333334,16.50733333333333,6.9766666666666675,11.589333333333336,3.489333333333333,2003.0,5172.97,2723.04,647.91,2130.53,348.68,1181.88,0.0
2,145.0,30.31,31.79,26.19,84.32,28.62,19.29,22.29,7.13,2003.0,145.0,4.14,24.34,0.0,28.4,14.9,3.94,10.46,1.56,2003.0,145.0,21.150666666666666,27.84733333333333,3.3206666666666664,45.20666666666666,22.850666666666665,10.450666666666669,16.830666666666666,3.4020000000000006,2003.0,7147.38,4301.86,419.99,2767.59,244.76,747.94,1.0
3,161.0,30.64,33.52,18.96,84.88,31.5,18.16,24.52,4.18,2003.0,161.0,8.89,28.12,0.0,40.67,17.97,7.28,13.93,0.95,2003.0,161.0,20.463333333333328,30.561333333333334,3.6906666666666665,64.53333333333333,24.401999999999997,13.256666666666666,18.688,2.1153333333333335,2003.0,7833.83,5514.5,382.29,3561.24,225.08,738.14,0.01
4,177.0,33.01,34.78,32.98,89.6,32.89,21.38,26.33,6.31,2003.0,177.0,5.18,25.13,0.0,32.89,21.22,11.92,15.85,1.28,2003.0,177.0,25.077999999999996,30.45133333333333,5.183333333333334,57.052000000000014,28.39733333333334,15.999999999999995,21.971333333333334,3.7066666666666674,2003.0,7955.58,5388.62,329.49,3366.93,195.38,664.91,0.0
5,193.0,30.38,33.55,13.89,87.19,33.65,20.85,26.34,6.07,2003.0,193.0,13.07,28.44,0.0,47.83,21.03,12.39,17.91,1.11,2003.0,193.0,23.293333333333337,31.65133333333334,3.591333333333333,67.28333333333335,28.13466666666666,16.510666666666665,22.11133333333333,2.9739999999999998,2003.0,8064.24,5533.08,333.87,3472.02,200.18,618.19,0.64
6,209.0,28.26,36.86,10.04,71.12,34.78,23.71,27.98,6.37,2003.0,209.0,19.62,28.73,0.0,49.85,24.38,11.56,18.29,1.37,2003.0,209.0,23.915333333333333,31.016666666666666,1.4833333333333334,60.54,28.233999999999995,16.34333333333333,21.980666666666664,3.1793333333333336,2003.0,7838.45,5208.97,328.85,3241.2,194.68,622.19,0.19
7,225.0,26.6,35.42,7.19,69.97,35.53,24.09,28.15,4.78,2003.0,225.0,10.33,28.08,0.0,45.37,26.26,13.91,20.75,1.21,2003.0,225.0,22.627999999999997,32.001333333333335,1.1406666666666667,60.42466666666669,31.378666666666664,18.32866666666667,24.34666666666667,2.6506666666666665,2003.0,7728.79,4631.67,279.39,2792.41,164.35,548.98,2.56
8,241.0,24.7,35.6,4.63,70.9,36.43,21.9,28.0,4.51,2003.0,241.0,8.89,26.46,0.0,43.43,22.13,9.5,16.12,0.55,2003.0,241.0,20.686,30.390666666666664,1.23,54.72933333333332,28.256000000000004,14.45666666666667,21.108,2.6066666666666665,2003.0,7470.01,4149.44,325.37,2523.02,190.77,601.63,0.04
9,257.0,21.17,34.38,9.26,78.67,30.91,21.49,25.12,7.21,2003.0,257.0,0.9,26.75,0.0,48.23,12.93,5.93,9.06,1.44,2003.0,257.0,14.44,29.875333333333337,2.5692857142857144,60.05533333333333,24.252000000000002,12.939333333333336,18.622,3.798,2003.0,6998.31,3590.83,356.68,2234.7,200.36,599.12,0.02
10,273.0,18.43,30.02,3.85,58.48,26.74,12.25,18.77,6.58,2003.0,273.0,6.98,25.09,0.0,41.43,11.55,-1.44,6.06,2.39,2003.0,273.0,14.542666666666669,27.613333333333333,0.8635714285714287,51.79266666666668,17.651333333333334,6.088666666666668,11.640666666666668,3.972,2003.0,5489.8,2626.04,502.15,1919.45,246.79,813.45,2.56
11,289.0,15.16,31.36,2.41,79.22,25.27,17.63,19.91,5.4,2003.0,289.0,3.96,23.8,0.0,42.49,12.26,2.41,7.24,2.0,2003.0,289.0,11.420666666666666,27.465333333333337,0.502,59.31066666666666,18.46933333333333,8.417333333333334,13.030666666666663,3.590666666666666,2003.0,4732.93,1979.65,544.1,1562.73,295.25,1016.03,0.06
12,305.0,10.69,28.12,16.62,90.47,12.13,3.62,7.25,6.54,2003.0,305.0,2.2,20.09,0.0,50.66,-3.7,-11.63,-6.75,1.25,2003.0,305.0,6.795333333333333,24.541999999999998,3.4393333333333334,76.52666666666667,3.2406666666666673,-2.783333333333333,0.19200000000000028,3.332666666666667,2003.0,1092.51,941.9,2918.38,3490.73,2839.63,558.55,2.12
