,DOY,INSgdmax,RADmax,RAINmax,RHmax,TMAXmax,TMINmax,Tmax,WINDmax,YEAR,DOY,INSgdmin,RADmin,RAINmin,RHmin,TMAXmin,TMINmin,Tmin,WINDmin,YEAR,DOY,INSgdmean,RADmean,RAINmean,RHmean,TMAXmean,TMINmean,Tmean,WINDmean,YEAR,NDVI,EVI,RED,NIR,BLUE,MIR,pixrel
0,113.0,27.9461,31.014400000000002,11.4126,87.7757,30.42,17.3576,21.3646,8.8307,2004.0,113.0,3.6664000000000003,25.7216,0.0,38.344300000000004,13.0747,2.7853,10.024999999999999,1.7011,2004.0,113.0,18.152193333333333,28.444879999999998,2.7442399999999996,62.983913333333334,20.052693333333334,8.966793333333333,14.499379999999999,4.70884,2004.0,4591.13,1925.21,593.61,1592.05,302.01,1115.93,0.0
1,129.0,28.271099999999997,32.6948,26.9647,90.11439999999999,29.336599999999997,18.131500000000003,23.4479,5.7378,2004.0,129.0,8.9453,24.445999999999998,0.0,34.756699999999995,10.839500000000001,0.22929999999999998,5.6508,2.1403,2004.0,129.0,19.562599999999996,29.241646666666668,5.961823076923077,62.730793333333324,20.615846666666666,9.904446666666665,15.191880000000001,3.8990866666666673,2004.0,4631.06,2068.26,625.74,1712.2,317.5,1202.7,0.0
2,145.0,27.742800000000003,33.400999999999996,33.47,90.787,26.6857,18.772199999999998,21.517799999999998,6.5646,2004.0,145.0,8.4982,27.7331,0.0,59.525400000000005,15.5901,7.617699999999999,12.915199999999999,2.1791,2004.0,145.0,18.60484,30.75537333333333,9.755333333333333,80.02005333333332,21.983966666666667,13.4177,17.720973333333337,3.78104,2004.0,5607.28,2701.7,546.03,1964.14,291.61,959.38,0.01
3,161.0,29.7135,35.1203,23.6631,93.0239,29.154,21.185000000000002,24.2821,5.6889,2004.0,161.0,7.1319,29.544799999999995,0.0,50.5322,20.1222,9.9196,15.588,1.221,2004.0,161.0,19.919446666666666,32.16706666666666,5.31388,72.92831333333334,26.082500000000003,16.87256,21.201553333333333,3.1189133333333334,2004.0,7002.72,3669.45,406.09,2354.13,228.03,711.53,0.81
4,177.0,30.5073,33.942,19.3188,79.20490000000001,30.8148,21.043300000000002,24.6836,4.268000000000001,2004.0,177.0,10.1713,26.263399999999997,0.0,41.4561,19.6124,6.688300000000001,15.041699999999999,2.05,2004.0,177.0,22.60852,29.662053333333336,2.688113333333333,55.10686,24.84441333333333,13.138706666666668,19.015173333333333,2.928253333333333,2004.0,7599.76,4000.97,322.16,2420.92,181.94,624.52,0.04
5,193.0,29.7616,34.627500000000005,29.5555,86.4345,31.3984,20.6676,24.639400000000002,3.6802,2004.0,193.0,10.2424,29.384800000000002,0.0,54.476600000000005,20.791999999999998,11.256100000000002,16.853900000000003,0.9792999999999998,2004.0,193.0,21.80202,32.19296,5.573900000000001,73.29056,27.42588,17.054566666666666,21.974206666666667,2.574206666666667,2004.0,7923.11,4560.79,309.12,2745.2,178.58,603.47,0.15
6,209.0,26.3879,35.1253,18.216500000000003,87.1105,31.4889,22.3882,25.4392,5.0046,2004.0,209.0,9.993199999999998,27.812599999999996,0.0,48.2741,24.2308,10.961500000000001,18.592599999999997,0.9965999999999999,2004.0,209.0,20.538333333333334,32.14360666666667,3.7195133333333334,66.64537333333334,28.052046666666662,17.272446666666667,22.4171,2.62868,2004.0,7938.14,4591.93,313.77,2775.76,177.88,642.96,0.0
7,225.0,28.403599999999997,33.123599999999996,12.1739,77.73320000000001,28.363799999999998,17.249699999999997,21.6422,5.0161,2004.0,225.0,11.0288,28.3522,0.0,48.494800000000005,18.831699999999998,7.162700000000001,13.726299999999998,1.1814,2004.0,225.0,20.22058666666667,30.741273333333332,2.38514,63.20186666666666,23.763840000000002,12.128026666666667,17.977406666666667,3.04066,2004.0,7619.48,4579.91,377.74,2870.56,216.58,704.6,0.1
8,241.0,24.8898,34.2884,29.7364,90.8813,30.4634,19.8926,23.540800000000004,4.6599,2004.0,241.0,11.240200000000002,28.4352,0.0,47.756600000000006,21.323500000000003,9.2408,15.9394,1.4729999999999999,2004.0,241.0,19.86204,31.16816,5.7195599999999995,73.41345333333334,26.73092,16.07252666666667,21.111206666666668,2.9777533333333333,2004.0,7229.37,3634.21,352.24,2227.24,208.51,566.59,0.59
9,257.0,24.0049,34.4563,40.1352,84.9326,31.3551,20.631499999999996,24.504399999999997,6.2083,2004.0,257.0,5.2609,26.591299999999997,0.0,41.8309,20.9306,8.573,14.956299999999999,1.5728999999999997,2004.0,257.0,18.16189333333333,30.432393333333334,4.999193333333333,61.278980000000004,25.87048,14.649846666666665,20.16352,4.128046666666667,2004.0,6948.92,3205.86,361.7,2005.91,194.46,597.69,0.0
10,273.0,19.1913,31.988599999999998,9.6708,70.8272,27.4159,16.9085,22.0177,5.7751,2004.0,273.0,3.3138,24.518700000000003,0.0,30.839599999999997,13.4599,-0.6073,6.5149,1.0589,2004.0,273.0,15.718973333333334,27.788713333333334,1.0375800000000002,47.63802000000001,21.324893333333335,8.651073333333333,15.252366666666667,3.5658000000000003,2004.0,5888.84,2526.0,458.94,1762.39,225.05,696.79,0.0
11,289.0,16.8649,30.324799999999996,8.7835,97.0205,22.6629,14.8052,18.076099999999997,6.6156,2004.0,289.0,3.5300000000000002,25.7588,0.0,44.086600000000004,8.508700000000001,-1.2035,5.2089,1.3711,2004.0,289.0,9.438346666666666,27.96426,1.7786933333333335,68.56851333333333,14.27402666666667,6.406413333333334,10.106346666666667,3.59462,2004.0,4686.59,1739.9,630.3,1497.17,428.77,721.94,0.6
12,305.0,14.0789,31.664299999999997,26.6121,97.588,21.085699999999996,16.8399,18.872,7.173,2004.0,305.0,2.7542,21.564500000000002,0.0,52.2984,6.1241,-0.7165,3.7523,1.6454,2004.0,305.0,8.844926666666666,26.729513333333337,3.341107142857143,80.95812,13.234373333333334,5.3597666666666655,8.918853333333335,3.90128,2004.0,4904.73,1585.38,421.43,1197.53,209.31,842.83,0.0
