,DOY,INSgdmax,RADmax,RAINmax,RHmax,TMAXmax,TMINmax,Tmax,WINDmax,YEAR,DOY,INSgdmin,RADmin,RAINmin,RHmin,TMAXmin,TMINmin,Tmin,WINDmin,YEAR,DOY,INSgdmean,RADmean,RAINmean,RHmean,TMAXmean,TMINmean,Tmean,WINDmean,YEAR,NDVI,EVI,RED,NIR,BLUE,MIR,pixrel
0,113.0,28.2018,30.7648,10.7076,88.0262,30.6992,17.309600000000003,21.668799999999997,9.2314,2004.0,113.0,4.005599999999999,25.88,0.0,37.75860000000001,12.319400000000002,3.4238,9.8196,1.741,2004.0,113.0,18.51636,28.394720000000007,2.4225333333333334,63.29164,20.005840000000003,8.720653333333333,14.373506666666666,4.775386666666667,2004.0,5164.67,3199.5,813.54,2664.23,426.16,1751.9,0.0
1,129.0,29.287,32.442,32.0002,89.4636,29.273600000000002,18.0302,23.4146,5.8508000000000004,2004.0,129.0,10.171800000000001,24.162,0.0,34.6674,10.3494,0.379,5.346,2.285,2004.0,129.0,20.021866666666668,29.113133333333337,5.771276923076924,62.74889333333332,20.562866666666665,9.720226666666665,15.117306666666668,4.146439999999999,2004.0,6341.32,4088.63,602.97,2926.83,324.4,1178.4,0.03
2,145.0,26.888,33.145199999999996,27.59,91.14080000000001,27.405,18.391599999999997,21.4452,6.900399999999999,2004.0,145.0,7.29,27.7866,0.0,59.262,15.495000000000001,7.3142000000000005,12.706399999999999,2.3794,2004.0,145.0,18.5304,30.709519999999998,9.195893333333334,80.03818666666668,21.99212,13.145826666666668,17.523120000000002,3.9665600000000003,2004.0,6615.85,4294.89,576.49,3031.39,309.38,1136.3,0.0
3,161.0,31.8178,35.3066,22.8134,93.97819999999999,29.212000000000003,21.078000000000003,24.1566,6.165000000000001,2004.0,161.0,9.5406,28.8712,0.0,51.368399999999994,19.7324,10.0732,15.181600000000001,1.472,2004.0,161.0,20.163586666666664,32.03901333333334,5.46088,73.72838666666667,25.963026666666675,16.676426666666668,20.99446666666666,3.2486533333333334,2004.0,7170.56,5088.1,572.97,3583.94,305.9,1071.96,0.15
4,177.0,31.137,34.1472,17.6684,84.1822,30.5336,20.9118,24.5296,4.240799999999999,2004.0,177.0,10.9754,26.098799999999997,0.0,42.4174,19.177599999999998,6.643400000000001,14.8006,2.0332,2004.0,177.0,22.820213333333335,29.662693333333333,2.750066666666666,56.417586666666665,24.571173333333334,13.157279999999998,18.802346666666665,2.9522933333333334,2004.0,7455.01,4791.09,451.24,3150.9,245.11,850.19,0.07
5,193.0,29.751599999999996,34.805400000000006,22.8786,87.4414,30.9752,20.762,24.400799999999997,3.7656,2004.0,193.0,8.356,29.3496,0.0,59.13719999999999,20.4472,11.977400000000001,16.613,1.1286,2004.0,193.0,21.755026666666662,32.268053333333334,5.116028571428572,75.10631999999998,27.012159999999994,16.98876,21.71590666666667,2.6227066666666663,2004.0,7699.47,5121.72,424.35,3330.58,229.88,880.41,0.0
6,209.0,26.9846,35.409800000000004,19.0706,87.5414,31.809800000000003,22.3368,25.3916,5.2272,2004.0,209.0,10.8124,27.5664,0.0,49.219800000000006,24.3124,10.726199999999999,18.3104,0.9083999999999999,2004.0,209.0,20.90197333333333,31.894146666666664,4.161213333333333,66.84053333333333,28.062359999999998,17.063826666666667,22.26470666666667,2.7700266666666673,2004.0,7788.79,5552.27,452.97,3710.36,242.29,968.55,0.01
7,225.0,28.0696,33.120000000000005,8.4926,77.2672,28.339599999999997,16.485799999999998,21.5492,5.1454,2004.0,225.0,12.749200000000002,28.75,0.0,50.14,18.915399999999998,6.896599999999999,13.427000000000001,1.3188,2004.0,225.0,20.466293333333336,30.813480000000002,1.8892666666666666,63.9252,23.62592,12.060293333333334,17.901453333333333,3.1426799999999995,2004.0,7681.36,5084.76,430.72,3311.16,235.27,860.36,0.04
8,241.0,24.8684,34.515600000000006,16.0888,89.541,30.104800000000004,19.6912,23.367600000000003,4.7038,2004.0,241.0,11.9648,28.090400000000002,0.0,49.629599999999996,20.686600000000002,9.002799999999999,15.721599999999999,1.7896,2004.0,241.0,20.136239999999997,31.005893333333333,3.5796,73.7792,26.79781333333333,15.998120000000004,21.034440000000004,3.188786666666667,2004.0,7461.69,4874.68,466.23,3234.15,247.29,889.8,0.07
9,257.0,24.0502,34.612199999999994,38.942800000000005,84.43,31.632600000000004,20.622999999999998,24.6756,6.8658,2004.0,257.0,5.4190000000000005,26.7626,0.0,42.9178,20.9136,8.264800000000001,14.9606,1.4242,2004.0,257.0,17.912613333333333,30.64604,4.831586666666667,61.30982666666667,25.931359999999998,14.742413333333339,20.193733333333334,4.4605999999999995,2004.0,6709.79,4102.64,549.58,2867.39,285.28,987.05,0.0
10,273.0,19.3714,32.3328,7.2356,72.29959999999998,27.4194,16.9782,22.328200000000002,6.1686,2004.0,273.0,4.1556,24.3782,0.0,30.6332,13.564200000000001,-0.8198000000000001,6.6446000000000005,1.2762,2004.0,273.0,15.821333333333332,28.108626666666666,0.7595599999999999,47.71316000000001,21.39248,8.934946666666669,15.397693333333338,3.8183466666666668,2004.0,6045.91,3624.87,650.58,2706.59,329.34,1192.62,0.0
11,289.0,17.0486,30.266799999999996,7.8638,97.96099999999998,22.987000000000002,14.796399999999998,18.2142,6.484,2004.0,289.0,3.6268000000000002,25.782,0.0,42.4892,8.3458,-0.5502,5.3065999999999995,1.3110000000000002,2004.0,289.0,10.142506666666666,27.830493333333337,1.6470933333333333,67.25166666666667,14.512853333333334,6.632853333333333,10.196133333333334,3.7056133333333334,2004.0,5242.12,2834.86,781.92,2340.29,479.23,1188.66,0.25
12,305.0,13.801800000000002,31.7638,24.540599999999998,98.7224,21.174999999999997,15.861799999999999,18.4312,7.3956,2004.0,305.0,2.7168,21.059,0.0,48.4952,5.8826,-0.3742,3.3702,1.6836,2004.0,305.0,9.142306666666666,26.51782666666667,2.9579857142857144,78.62309333333333,13.559546666666666,5.336039999999999,9.008266666666666,4.07336,2004.0,4631.96,2384.55,734.64,2043.11,380.24,1449.0,0.0
