,DOY,INSgdmax,RADmax,RAINmax,RHmax,TMAXmax,TMINmax,Tmax,WINDmax,YEAR,DOY,INSgdmin,RADmin,RAINmin,RHmin,TMAXmin,TMINmin,Tmin,WINDmin,YEAR,DOY,INSgdmean,RADmean,RAINmean,RHmean,TMAXmean,TMINmean,Tmean,WINDmean,YEAR,NDVI,EVI,RED,NIR,BLUE,MIR,pixrel
0,113.0,28.166799999999995,30.7382,11.0712,82.8396,31.1094,17.2434,22.4628,9.7608,2004.0,113.0,2.6806,26.270200000000003,0.0,35.620599999999996,12.2714,3.5198,9.960600000000001,2.6448,2004.0,113.0,18.648493333333334,28.41917333333334,2.3559333333333337,62.490066666666664,20.795573333333333,9.646413333333333,15.28724,4.92772,2004.0,3420.22,2347.69,1498.27,3024.79,728.34,2822.08,0.26
1,129.0,29.778,33.154999999999994,38.870400000000004,91.05099999999999,31.274,18.612399999999997,25.125,5.7438,2004.0,129.0,5.9685999999999995,24.6584,0.0,37.0412,11.4012,0.6868000000000001,5.848,2.406,2004.0,129.0,20.581879999999998,29.451746666666665,6.5516461538461535,64.86707999999999,21.578160000000004,10.303226666666667,15.934933333333333,4.16268,2004.0,4420.29,2795.97,1119.3,2803.78,549.06,2037.86,0.87
2,145.0,27.323999999999998,33.62,32.3044,92.685,28.4622,18.675800000000002,21.860999999999997,7.0998,2004.0,145.0,8.826,28.0818,0.0,60.655,16.865000000000002,7.9164,13.466000000000001,2.3702,2004.0,145.0,19.374573333333334,31.28558666666667,7.414480000000001,81.35920000000002,22.6954,14.05648,18.307133333333333,4.103,2004.0,4539.34,3192.62,1262.78,3304.57,623.65,2529.55,0.2
3,161.0,30.5578,34.808,25.4346,93.21099999999998,28.9476,21.1782,24.4816,6.0586,2004.0,161.0,10.958,28.2418,0.0,54.9132,20.834400000000002,10.6448,15.3706,1.7222,2004.0,161.0,21.477746666666665,32.107346666666665,4.848840000000001,75.79577333333333,26.30018666666667,16.982439999999997,21.345906666666664,3.457186666666667,2004.0,6509.51,4574.85,750.08,3488.26,394.36,1489.14,0.0
4,177.0,31.3146,34.31,18.2122,92.86179999999999,30.173,20.856399999999997,23.3438,4.208,2004.0,177.0,8.9356,27.405,0.0,46.213,19.0652,8.0694,15.1942,1.4684,2004.0,177.0,21.145880000000002,30.472693333333332,2.74652,62.96142666666667,24.36750666666667,13.580919999999999,18.861346666666666,2.6101333333333336,2004.0,7866.15,5572.95,434.12,3670.92,234.37,897.11,0.0
5,193.0,30.1814,35.08480000000001,19.391800000000003,88.9496,31.1524,21.276200000000003,25.0276,4.1324,2004.0,193.0,8.7898,29.794999999999995,0.0,66.947,22.031799999999997,13.0632,18.0924,1.2742,2004.0,193.0,20.683866666666667,32.77226666666667,5.7844428571428566,78.02026666666669,27.172586666666664,17.740653333333334,22.142413333333334,2.52428,2004.0,8546.53,6573.08,325.49,4246.51,179.96,757.49,0.13
6,209.0,27.744,35.065,18.404200000000003,86.6652,31.789,21.959400000000002,25.637,5.231599999999999,2004.0,209.0,8.181000000000001,27.926599999999997,0.0,56.0278,23.026600000000002,11.041,17.7226,1.0438,2004.0,209.0,20.514266666666668,32.25662666666666,3.3761866666666664,71.65232,27.78268,17.06858666666667,22.133759999999995,2.94352,2004.0,8328.19,6739.21,402.57,4547.56,219.36,923.18,0.0
7,225.0,27.512,33.0254,16.4444,75.09200000000001,29.5262,17.7304,22.7102,4.5768,2004.0,225.0,12.3844,29.612000000000002,0.0,48.6042,20.728,8.2164,14.9162,1.4374000000000002,2004.0,225.0,20.289346666666663,31.400800000000004,2.7721333333333327,62.321839999999995,24.598200000000002,13.098773333333332,18.90028,2.9428666666666667,2004.0,8131.72,5963.67,387.97,3893.06,211.39,830.08,0.01
8,241.0,25.0482,34.354800000000004,20.458399999999997,87.15199999999999,30.6166,20.306599999999996,24.0666,4.5682,2004.0,241.0,14.0484,29.244,0.0,52.712599999999995,21.2374,9.2954,16.4446,1.7302,2004.0,241.0,21.06314666666666,31.353360000000002,3.3017466666666664,73.10713333333332,27.65666666666667,16.66417333333333,21.751199999999997,3.234973333333334,2004.0,7084.21,4580.5,541.01,3207.57,255.68,950.03,0.0
9,257.0,24.343600000000002,34.5362,20.7014,80.9358,32.193400000000004,21.049,25.346200000000003,6.8246,2004.0,257.0,10.9562,26.7976,0.0,43.785799999999995,22.4184,8.9308,16.022599999999997,1.5532,2004.0,257.0,19.629720000000002,30.425826666666662,3.0050533333333327,59.504599999999996,26.7014,15.160946666666666,20.792826666666667,4.45768,2004.0,5108.09,2940.65,794.37,2476.86,395.69,1287.12,0.0
10,273.0,19.6884,33.302600000000005,9.2716,75.86659999999999,27.110599999999998,17.155,22.4708,6.2618,2004.0,273.0,7.0882000000000005,24.4884,0.0,30.313200000000002,14.1694,-0.8964,6.970599999999999,1.3956,2004.0,273.0,16.084373333333332,29.1648,1.5313333333333334,47.584559999999996,22.3474,9.836573333333332,16.31314666666667,3.710306666666666,2004.0,3974.95,2081.35,905.29,2081.85,439.59,1459.33,0.0
11,289.0,17.932000000000002,30.7788,5.9636,97.01079999999999,23.656399999999998,15.5274,18.5248,6.764799999999999,2004.0,289.0,3.7084,26.110000000000003,0.0,40.3076,10.343399999999999,2.3396,6.7684,1.6674,2004.0,289.0,10.368346666666664,28.12229333333333,1.1639066666666666,64.26586666666667,15.987586666666669,7.84596,11.45272,3.8988933333333335,2004.0,3337.48,1722.22,1019.49,2019.34,475.7,1911.51,0.04
12,305.0,14.689,32.800399999999996,19.127,96.80680000000001,22.043800000000005,16.1986,18.9264,7.335600000000001,2004.0,305.0,2.6568,21.9822,0.0,46.1616,6.1088000000000005,-0.1084,3.4792,1.7988,2004.0,305.0,10.237093333333334,27.02288,2.7189428571428573,72.92253333333332,15.75157333333333,6.456786666666667,10.551120000000001,4.170826666666667,2004.0,3168.09,1553.71,974.49,1861.47,467.42,1729.99,0.04
