,DOY,INSgdmax,RADmax,RAINmax,RHmax,TMAXmax,TMINmax,Tmax,WINDmax,YEAR,DOY,INSgdmin,RADmin,RAINmin,RHmin,TMAXmin,TMINmin,Tmin,WINDmin,YEAR,DOY,INSgdmean,RADmean,RAINmean,RHmean,TMAXmean,TMINmean,Tmean,WINDmean,YEAR,NDVI,EVI,RED,NIR,BLUE,MIR,pixrel
0,113.0,26.147499999999997,30.62,11.465,84.47749999999999,29.61,17.669999999999998,20.72,6.9775,2004.0,113.0,3.2925,25.494999999999997,0.0,37.7025,15.005,2.43,9.5825,1.775,2004.0,113.0,15.684000000000001,28.743000000000002,3.4898333333333325,62.67183333333332,20.350166666666663,9.990166666666667,15.192833333333331,4.5585,2004.0,5165.89,2097.98,495.5,1561.54,255.61,1005.21,0.0
1,129.0,27.785,33.11,12.0775,93.6875,29.957500000000003,18.494999999999997,23.235,5.0825,2004.0,129.0,6.272500000000001,26.4225,0.0,37.3975,11.595,1.6475,8.427499999999998,1.3925,2004.0,129.0,18.07316666666667,30.156,3.949615384615385,68.23,21.296833333333332,10.980833333333333,16.153,3.0543333333333336,2004.0,5116.35,2200.86,523.16,1658.4,269.54,1044.55,0.02
2,145.0,25.759999999999998,34.7825,40.325,89.74,26.5775,20.0825,22.77,5.1125,2004.0,145.0,10.495000000000001,27.545,0.0,67.92,17.87,9.315000000000001,13.585,1.67,2004.0,145.0,18.169,31.375999999999994,10.694333333333333,81.4485,23.000999999999998,15.35433333333333,19.127666666666663,3.316,2004.0,6075.64,2985.27,494.86,2077.03,260.51,939.42,0.0
3,161.0,28.7925,34.815,25.1475,89.595,29.3325,21.9175,25.0275,4.215,2004.0,161.0,5.9775,29.1525,0.0,57.512499999999996,21.1525,9.4775,16.4,0.6725,2004.0,161.0,19.873666666666665,32.38550000000001,4.678166666666667,73.8245,26.556833333333334,17.383166666666668,21.86066666666666,2.5441666666666665,2004.0,7908.35,4855.46,317.74,2984.37,194.27,605.44,0.22
4,177.0,31.284999999999997,34.5525,17.0725,87.08750000000002,31.4525,20.910000000000004,25.0075,4.035,2004.0,177.0,7.4975000000000005,26.46,0.0,42.364999999999995,21.66,6.9175,15.205,1.3674999999999997,2004.0,177.0,22.335166666666666,29.761166666666664,2.6948333333333334,57.649,25.978166666666667,13.349500000000003,19.642,2.5909999999999993,2004.0,7934.93,5101.45,340.82,3168.78,211.27,618.49,0.68
5,193.0,27.115,35.5325,13.05,83.465,30.8825,21.6525,25.565,3.8275,2004.0,193.0,4.93,30.195,0.0,58.5125,23.25,11.0375,18.695,1.1975,2004.0,193.0,19.720666666666666,32.67366666666667,3.923392857142858,73.181,28.0875,17.81483333333333,22.781666666666666,2.4715,2004.0,8194.2,5155.46,281.81,3117.49,176.17,542.97,0.58
6,209.0,28.682499999999997,36.0825,25.585,83.0125,32.0325,23.064999999999998,26.975,3.6975,2004.0,209.0,6.675,28.302500000000002,0.0,49.035,23.5975,11.685,18.94,1.0025,2004.0,209.0,17.972,32.46666666666666,3.7573333333333334,66.21483333333333,28.522166666666664,17.879166666666666,22.969666666666665,2.2873333333333328,2004.0,8331.08,4693.94,221.34,2706.06,133.91,463.89,0.0
7,225.0,26.342499999999994,33.19499999999999,15.185,78.8375,28.8625,19.630000000000003,23.985,4.61,2004.0,225.0,4.245,27.57,0.0,42.5325,21.1675,9.41,15.64,0.7999999999999999,2004.0,225.0,18.918499999999998,30.504666666666665,3.0666666666666664,57.50866666666666,25.314666666666664,12.808833333333334,19.162500000000005,2.625166666666667,2004.0,8204.45,4497.86,235.15,2601.27,142.73,451.79,0.0
8,241.0,24.865,35.5675,25.1325,89.855,29.715,22.630000000000003,25.32,4.09,2004.0,241.0,7.667500000000001,28.925,0.0,42.94499999999999,22.075,11.557500000000001,17.1075,1.0175,2004.0,241.0,18.2235,31.96133333333333,4.877166666666666,72.25766666666667,27.307,16.594,21.903666666666666,2.3936666666666664,2004.0,7880.52,4547.19,310.43,2741.14,191.97,534.29,0.16
9,257.0,24.310000000000002,33.5425,22.09,87.97250000000001,29.625,20.64,23.7475,5.2,2004.0,257.0,7.3525,26.182499999999997,0.0,39.845,21.04,9.5225,15.8675,1.1925000000000001,2004.0,257.0,19.516666666666666,29.58016666666667,1.9530000000000003,59.35316666666667,26.052000000000003,14.836333333333334,20.580833333333338,2.9833333333333343,2004.0,7249.85,3717.21,348.56,2293.28,199.08,530.7,0.0
10,273.0,20.0525,30.740000000000002,7.5025,63.614999999999995,28.56,16.4025,22.380000000000003,4.43,2004.0,273.0,1.895,23.982499999999998,0.0,31.9125,13.7575,0.8600000000000001,7.9375,1.28,2004.0,273.0,16.56416666666667,26.977833333333336,0.9158333333333335,46.59616666666667,21.825333333333333,9.012666666666664,15.527333333333335,2.767833333333333,2004.0,5655.54,2399.46,469.36,1760.85,177.09,561.82,0.0
11,289.0,17.4175,32.46,20.23,93.1,21.137500000000003,16.955,19.324999999999996,6.629999999999999,2004.0,289.0,2.3275,24.7425,0.0,44.32500000000001,9.47,0.295,5.9399999999999995,1.9449999999999998,2004.0,289.0,8.442833333333333,28.241000000000003,3.5279999999999996,71.37733333333334,14.365499999999999,7.427166666666666,10.724166666666665,3.3959999999999995,2004.0,5764.96,2246.69,388.82,1508.01,201.05,606.92,0.0
12,305.0,14.59,31.775,23.615000000000002,95.75,22.36,18.3425,20.4925,6.82,2004.0,305.0,2.0875000000000004,21.7525,0.0,67.91,7.8,1.065,5.485,1.9675,2004.0,305.0,8.610166666666666,27.287333333333333,3.5880238095238095,83.6795,13.8415,6.936333333333334,10.294333333333332,3.426,2004.0,5736.94,1868.92,328.1,1227.36,166.49,613.2,0.02
