,DOY,INSgdmax,RADmax,RAINmax,RHmax,TMAXmax,TMINmax,Tmax,WINDmax,YEAR,DOY,INSgdmin,RADmin,RAINmin,RHmin,TMAXmin,TMINmin,Tmin,WINDmin,YEAR,DOY,INSgdmean,RADmean,RAINmean,RHmean,TMAXmean,TMINmean,Tmean,WINDmean,YEAR,NDVI,EVI,RED,NIR,BLUE,MIR,pixrel
0,113.0,27.18,31.32,11.18,85.66,30.96,17.45,20.5,7.67,2004.0,113.0,3.71,26.53,0.0,38.94,13.87,2.03,9.8,1.93,2004.0,113.0,16.770666666666667,28.423333333333336,2.720666666666666,61.618,19.938,9.108666666666666,14.448,4.435333333333333,2004.0,4670.38,2059.06,617.02,1698.92,309.78,1233.56,0.0
1,129.0,25.56,32.29,19.55,92.82,28.71,18.01,22.91,5.29,2004.0,129.0,8.35,25.85,0.0,32.91,9.95,0.84,5.94,2.01,2004.0,129.0,18.017333333333333,29.514,3.2700000000000005,62.406666666666666,20.469999999999995,9.900666666666666,15.050666666666666,3.395333333333333,2004.0,4764.86,2215.25,647.92,1832.29,326.8,1243.77,0.0
2,145.0,28.51,33.44,38.14,91.4,25.08,18.83,21.39,5.74,2004.0,145.0,7.74,27.43,0.0,67.15,15.83,7.72,12.58,2.01,2004.0,145.0,18.679333333333332,30.411333333333335,11.575999999999999,81.07999999999998,21.312,13.269333333333329,17.449333333333335,3.3573333333333335,2004.0,6214.1,3416.0,560.24,2426.32,296.26,1014.59,0.0
3,161.0,30.42,35.03,25.88,91.78,28.76,21.44,24.01,4.74,2004.0,161.0,8.89,29.63,0.0,51.81,20.47,9.17,16.1,0.93,2004.0,161.0,20.162000000000003,32.202666666666666,6.355333333333334,72.906,25.81666666666667,16.804666666666666,21.141333333333332,2.7646666666666664,2004.0,7836.31,5076.94,371.8,3221.94,212.27,710.33,0.09
4,177.0,30.2,33.26,20.65,74.17,31.51,20.52,25.01,4.12,2004.0,177.0,10.44,26.1,0.0,39.26,19.95,6.67,14.86,2.1,2004.0,177.0,22.814666666666664,29.423333333333332,2.738,52.18266666666666,25.257333333333335,12.74,19.136666666666667,2.9820000000000007,2004.0,8119.82,5613.6,354.54,3592.12,196.78,680.84,0.27
5,193.0,30.35,34.34,18.3,86.52,30.61,20.34,24.41,3.57,2004.0,193.0,9.97,29.38,0.0,53.7,21.71,9.33,16.69,0.99,2004.0,193.0,21.38533333333334,31.862666666666666,4.640000000000001,72.16399999999999,27.493999999999993,16.72533333333333,21.804666666666666,2.4893333333333336,2004.0,8424.24,5850.81,303.96,3660.64,169.57,601.15,0.91
6,209.0,26.86,35.17,25.86,87.54,30.83,22.37,25.4,4.37,2004.0,209.0,9.11,28.19,0.0,46.88,24.35,11.57,19.39,1.11,2004.0,209.0,20.597333333333335,32.11999999999999,5.097333333333334,66.21466666666666,27.851999999999997,17.520666666666667,22.47533333333333,2.344666666666667,2004.0,8372.33,5206.46,254.1,3113.93,143.83,531.84,0.0
7,225.0,27.83,32.94,15.25,77.88,27.8,18.51,22.31,4.94,2004.0,225.0,8.89,28.04,0.0,46.32,18.11,8.07,14.18,0.73,2004.0,225.0,19.262666666666664,30.37266666666666,2.6326666666666667,61.43933333333334,23.803999999999995,11.878666666666668,17.917333333333332,2.877333333333333,2004.0,8222.47,4889.84,268.68,2909.61,151.73,519.74,0.0
8,241.0,24.73,34.24,22.15,93.43,30.68,20.01,23.48,4.68,2004.0,241.0,8.64,29.12,0.0,42.12,22.29,9.07,15.87,1.12,2004.0,241.0,18.886666666666667,31.36133333333333,4.55,72.28066666666668,26.473999999999997,15.892666666666663,21.07133333333333,2.664666666666667,2004.0,7874.41,4356.19,305.58,2621.98,169.23,558.1,0.0
9,257.0,24.01,34.6,43.36,85.71,30.39,20.65,23.79,5.5,2004.0,257.0,5.94,25.2,0.0,40.46,20.17,9.14,14.69,1.52,2004.0,257.0,18.158,29.889999999999997,5.926666666666666,60.95666666666667,25.525333333333332,14.476666666666667,19.983999999999998,3.5686666666666667,2004.0,7158.62,3809.92,386.6,2404.35,212.82,595.93,0.04
10,273.0,19.22,30.96,7.38,68.99,27.26,15.73,21.22,5.02,2004.0,273.0,2.02,23.8,0.0,33.73,12.77,0.17,6.35,0.69,2004.0,273.0,15.671333333333331,26.894666666666662,0.8033333333333332,48.37933333333333,20.88133333333333,8.145333333333335,14.781333333333329,3.1786666666666665,2004.0,6878.27,3113.5,360.37,1983.46,160.33,586.91,0.0
11,289.0,16.56,30.02,13.32,95.59,21.26,15.01,17.57,6.86,2004.0,289.0,3.13,25.06,0.0,49.97,8.4,-0.62,4.48,1.52,2004.0,289.0,8.144666666666668,27.832666666666665,3.3473333333333333,71.69266666666665,13.394666666666668,6.074666666666667,9.558666666666666,3.2873333333333337,2004.0,5656.77,2182.38,419.09,1510.7,211.25,712.57,0.31
12,305.0,14.04,31.14,18.42,95.26,20.65,16.61,18.94,6.54,2004.0,305.0,2.63,21.13,0.0,57.58,6.54,-0.11,3.98,1.3,2004.0,305.0,8.256,26.60666666666667,1.8664285714285718,83.52533333333332,12.135333333333335,5.3406666666666665,8.521333333333333,3.4960000000000004,2004.0,5166.34,1739.02,390.18,1236.06,196.42,751.92,0.0
