,DOY,INSgdmax,RADmax,RAINmax,RHmax,TMAXmax,TMINmax,Tmax,WINDmax,YEAR,DOY,INSgdmin,RADmin,RAINmin,RHmin,TMAXmin,TMINmin,Tmin,WINDmin,YEAR,DOY,INSgdmean,RADmean,RAINmean,RHmean,TMAXmean,TMINmean,Tmean,WINDmean,YEAR,NDVI,EVI,RED,NIR,BLUE,MIR,pixrel
0,113.0,28.51,31.57,9.36,87.85,30.05,17.35,22.17,9.01,2004.0,113.0,3.06,26.35,0.0,36.83,13.19,3.51,11.02,2.78,2004.0,113.0,18.558666666666667,28.605999999999998,2.0260000000000002,64.36133333333333,20.858,10.718,15.771333333333335,4.870666666666667,2004.0,4718.23,3117.51,1048.85,2940.44,531.86,2360.05,0.13
1,129.0,29.02,34.16,33.32,96.22,32.32,19.29,25.36,4.66,2004.0,129.0,4.79,24.91,0.0,42.58,13.4,2.37,7.35,2.02,2004.0,129.0,20.470000000000006,29.734666666666673,6.332307692307693,67.41133333333333,22.077999999999996,11.147333333333334,16.377999999999997,3.5246666666666675,2004.0,5325.87,3407.11,865.43,2861.39,447.4,1785.16,0.38
2,145.0,28.4,34.56,38.15,92.49,27.8,19.46,22.33,6.16,2004.0,145.0,13.43,28.04,0.0,62.91,18.96,8.97,14.44,1.96,2004.0,145.0,20.028666666666666,31.580666666666662,9.635333333333332,81.70866666666667,23.395333333333333,15.184666666666665,19.317333333333337,3.7246666666666663,2004.0,5572.66,3739.63,879.88,3106.46,454.17,1879.68,0.07
3,161.0,28.58,34.67,30.46,92.11,28.68,21.47,24.84,5.18,2004.0,161.0,9.5,28.48,0.0,56.77,21.88,11.01,15.99,1.4,2004.0,161.0,20.90866666666666,32.58533333333333,6.810666666666666,76.20266666666667,26.567333333333337,17.80733333333333,21.88466666666666,3.286666666666667,2004.0,6513.11,4441.93,669.4,3273.67,357.18,1307.11,0.0
4,177.0,31.18,34.38,14.87,93.28,29.61,21.24,22.74,4.2,2004.0,177.0,7.02,27.14,0.0,46.17,20.64,9.65,16.2,0.92,2004.0,177.0,21.94,30.56866666666666,2.7526666666666673,63.831333333333326,24.86399999999999,14.274666666666667,19.433333333333334,2.3459999999999996,2004.0,7760.45,5165.17,417.5,3338.44,228.32,884.11,0.0
5,193.0,29.05,35.14,21.75,86.68,31.32,21.74,25.93,3.73,2004.0,193.0,13.61,29.3,0.0,62.02,22.9,14.11,18.98,0.97,2004.0,193.0,21.258666666666667,32.995333333333335,6.577142857142857,76.748,27.83066666666667,18.394,22.922666666666665,2.2866666666666666,2004.0,8200.99,6318.8,414.94,4212.61,229.63,920.08,0.73
6,209.0,27.9,35.35,27.81,88.17,31.9,22.58,26.31,4.76,2004.0,209.0,6.3,27.83,0.0,59.27,20.65,11.53,17.89,1.4,2004.0,209.0,19.75466666666666,32.554,3.7673333333333336,74.57933333333332,27.348666666666666,17.459333333333333,22.226666666666667,2.7739999999999996,2004.0,8226.28,6470.97,408.18,4336.59,223.45,944.51,0.0
7,225.0,27.97,33.16,28.01,76.41,30.43,18.25,23.27,4.01,2004.0,225.0,15.59,29.02,0.0,48.5,21.42,8.14,15.1,1.32,2004.0,225.0,20.91133333333333,31.32266666666667,3.3340000000000005,61.08533333333334,25.276666666666664,13.452666666666666,19.374000000000002,2.643333333333333,2004.0,8239.06,6427.43,404.1,4303.69,221.85,843.34,0.66
8,241.0,25.24,34.78,51.1,89.46,31.79,21.45,24.55,4.18,2004.0,241.0,10.55,29.23,0.0,53.49,22.64,10.97,17.16,1.1,2004.0,241.0,20.456000000000003,31.922000000000004,6.9319999999999995,74.74399999999999,27.488000000000003,17.24266666666667,22.078666666666667,2.718000000000001,2004.0,8140.55,5870.79,376.98,3804.21,204.98,803.05,0.0
9,257.0,24.44,33.08,29.83,84.61,32.07,21.19,25.0,5.17,2004.0,257.0,16.38,25.6,0.0,44.1,22.52,8.91,15.99,1.81,2004.0,257.0,20.914666666666665,29.984666666666666,5.487333333333334,61.39,26.410666666666668,14.986666666666668,20.628,3.5766666666666675,2004.0,5886.63,3723.07,777.98,3004.6,354.23,1343.25,0.0
10,273.0,19.87,31.97,8.8,73.83,27.02,17.71,21.86,5.39,2004.0,273.0,3.67,25.09,0.0,28.99,13.87,-0.1,7.14,1.24,2004.0,273.0,16.588666666666665,28.315999999999995,0.8466666666666669,46.958666666666666,22.496666666666666,9.639333333333331,16.42066666666667,3.072,2004.0,4873.88,3087.24,1008.39,2881.62,485.57,1599.66,0.0
11,289.0,17.71,30.49,6.81,95.4,22.42,15.62,18.48,6.17,2004.0,289.0,3.6,25.74,0.0,38.97,10.53,1.94,7.15,1.74,2004.0,289.0,9.948666666666666,28.396666666666665,1.5893333333333333,66.60666666666667,16.244666666666667,7.6626666666666665,11.739333333333331,3.7386666666666666,2004.0,4097.13,2319.57,995.89,2353.19,490.27,1715.87,0.0
12,305.0,15.26,33.08,37.68,96.12,22.59,17.86,20.35,6.58,2004.0,305.0,2.59,23.15,0.0,56.7,7.12,0.08,4.64,2.03,2004.0,305.0,9.924666666666667,27.453999999999997,4.550714285714286,78.69533333333334,15.849333333333336,7.1273333333333335,11.138,3.8100000000000005,2004.0,3770.31,2017.68,955.33,2108.35,472.34,1641.76,0.0
