,DOY,INSgdmax,RADmax,RAINmax,RHmax,TMAXmax,TMINmax,Tmax,WINDmax,YEAR,DOY,INSgdmin,RADmin,RAINmin,RHmin,TMAXmin,TMINmin,Tmin,WINDmin,YEAR,DOY,INSgdmean,RADmean,RAINmean,RHmean,TMAXmean,TMINmean,Tmean,WINDmean,YEAR,NDVI,EVI,RED,NIR,BLUE,MIR,pixrel
0,113.0,27.1882,31.0994,11.871999999999998,86.668,30.4774,17.456,20.9382,8.085,2003.9999999999998,113.0,3.5814000000000004,26.072199999999995,0.0,38.7284,13.842600000000001,2.5129999999999995,10.1782,1.7378,2003.9999999999998,113.0,17.199733333333334,28.485733333333332,2.940573333333333,62.37288,20.11444,9.27636,14.645760000000001,4.580933333333333,2003.9999999999998,1136.1,192.86,1167.61,1395.51,1068.37,317.43,26.43
1,129.0,26.6954,32.7626,21.020400000000002,92.70660000000001,29.3148,18.2252,23.3168,5.4758,2003.9999999999998,129.0,8.2884,25.389400000000002,0.0,34.9478,10.6106,0.7043999999999999,6.1000000000000005,2.0152,2003.9999999999998,129.0,18.727866666666664,29.522080000000003,4.987323076923077,63.20518666666666,20.716719999999995,10.094266666666666,15.328973333333336,3.5271999999999997,2003.9999999999998,344.02,-709.38,-261.99,155.99,-372.98,-100.14,130.11
2,145.0,28.481,33.6664,36.813599999999994,90.6806,25.9372,19.0928,21.6786,5.9916,2003.9999999999998,145.0,8.8506,27.5514,0.0,63.47200000000001,16.0886,7.9232000000000005,13.027,1.9671999999999998,2003.9999999999998,145.0,18.69165333333333,30.767759999999996,10.325493333333332,80.59647999999999,21.92378666666667,13.716,17.914813333333335,3.511253333333334,2003.9999999999998,1533.03,362.59,53.31,681.68,-36.37,119.52,71.96
3,161.0,29.4852,35.0462,25.2866,91.865,28.9588,21.3878,24.3098,4.984,2003.9999999999998,161.0,7.4190000000000005,29.555,0.0,51.3592,20.5354,9.6388,16.0176,0.9744,2003.9999999999998,161.0,20.095679999999998,32.27249333333333,5.5770800000000005,72.80469333333335,26.126240000000003,17.022026666666665,21.36784,2.89424,2003.9999999999998,2062.3,1067.76,208.02,933.75,118.65,217.56,28.53
4,177.0,30.5052,33.843799999999995,20.447399999999995,77.559,31.2016,20.949399999999997,24.7116,4.2282,2003.9999999999998,177.0,9.411,26.466800000000003,0.0,40.5992,20.2318,6.9544,15.122400000000003,1.9876,2003.9999999999998,177.0,22.456306666666663,29.669146666666666,2.7961333333333327,54.38484,25.208493333333337,13.03932,19.18296,2.86832,2003.9999999999998,2474.58,1672.47,442.44,1327.02,359.86,367.72,0.71
5,193.0,29.6228,34.382400000000004,24.5332,85.7294,31.2494,20.6214,24.7998,3.6849999999999996,2003.9999999999998,193.0,8.9352,29.5152,0.0,53.4436,21.785000000000004,10.378200000000001,17.149,0.9449999999999998,2003.9999999999998,193.0,21.349333333333334,32.14324,5.089700000000001,72.48541333333333,27.67465333333333,17.062466666666666,22.11708,2.493773333333334,2003.9999999999998,1967.04,520.02,-266.84,691.13,-312.08,-254.58,112.64
6,209.0,26.8204,35.162800000000004,21.3748,87.2114,31.124200000000002,22.447200000000002,25.653200000000002,4.5754,2003.9999999999998,209.0,9.089599999999999,28.1926,0.0,47.9546,24.0822,11.3002,18.9194,1.0616,2003.9999999999998,209.0,20.12474666666667,32.26250666666667,4.04872,67.17316000000001,27.918279999999996,17.515813333333334,22.502973333333333,2.444,2003.9999999999998,3501.79,1603.99,65.74,1159.22,-16.68,-66.41,40.93
7,225.0,28.107000000000003,33.1874,14.4488,78.3378,28.333199999999998,18.2344,22.2944,4.873600000000001,2003.9999999999998,225.0,8.7594,28.013,0.0,46.2502,18.8962,7.913,14.221,0.9168000000000002,2003.9999999999998,225.0,19.723573333333334,30.57281333333333,2.6394400000000005,61.73965333333333,24.01517333333333,12.12924,18.138826666666667,2.8868133333333335,2003.9999999999998,4304.24,1972.22,118.92,1348.16,22.69,103.39,30.65
8,241.0,24.755200000000002,34.2342,31.913199999999996,92.52380000000001,30.7062,20.4414,23.845200000000002,4.5367999999999995,2003.9999999999998,241.0,10.024999999999999,28.928,0.0,45.075599999999994,22.217599999999997,9.6904,16.2424,1.2058000000000002,2003.9999999999998,241.0,19.292106666666665,31.42425333333333,6.243506666666667,72.7466,26.719906666666667,16.135666666666665,21.26569333333333,2.7059466666666663,2003.9999999999998,2210.16,712.68,-54.23,764.92,-110.39,-82.06,77.05
9,256.99999999999994,24.0766,34.4162,41.8064,85.95439999999999,30.8004,20.6664,24.0582,5.5798,2003.9999999999998,256.99999999999994,6.5222,25.9302,0.0,40.962,20.683600000000002,8.985,15.0656,1.5011999999999999,2003.9999999999998,256.99999999999994,18.407173333333333,30.03956,5.068320000000001,61.18913333333334,25.738213333333334,14.538946666666664,20.117693333333335,3.664226666666667,2003.9999999999998,1749.63,-121.48,-324.45,331.83,-389.51,-288.51,122.44
10,273.0,19.241400000000002,31.274,8.5168,69.17259999999999,27.4024,16.267400000000002,21.4942,5.1986,2003.9999999999998,273.0,3.121,24.281599999999997,0.0,32.0302,13.254399999999999,-0.07499999999999997,6.537999999999999,0.8741999999999999,2003.9999999999998,273.0,15.809413333333335,27.305466666666664,0.8840666666666667,47.798613333333336,21.20830666666667,8.328226666666666,15.040119999999998,3.22708,2003.9999999999998,3989.36,1274.41,49.32,975.34,-46.83,7.42,51.02
11,289.0,16.835,30.360200000000003,11.1862,95.8022,21.747200000000003,14.995000000000001,17.9378,6.6852,2003.9999999999998,289.0,3.2694,25.4294,0.0,46.319599999999994,8.5814,-1.1016000000000001,5.1972000000000005,1.5028,2003.9999999999998,289.0,8.650853333333334,28.01637333333333,2.4691066666666663,70.51755999999999,13.942586666666669,6.2700000000000005,9.966280000000001,3.4357733333333327,2003.9999999999998,1403.47,236.27,1010.31,1299.43,983.76,514.47,32.35
12,305.0,14.254599999999998,31.5524,25.2616,96.193,21.114999999999995,17.4586,19.3274,6.8056,2003.9999999999998,305.0,2.5402,21.715799999999998,0.0,57.8316,6.617400000000001,-0.34640000000000004,4.121,1.5926,2003.9999999999998,305.0,8.537493333333332,26.856520000000003,3.1289571428571428,82.94101333333332,12.944773333333332,5.54612,8.98696,3.64296,2003.9999999999998,380.05,-904.6,-334.1,-1.59,-418.85,-227.46,135.28
