,DOY,INSgdmax,RADmax,RAINmax,RHmax,TMAXmax,TMINmax,Tmax,WINDmax,YEAR,DOY,INSgdmin,RADmin,RAINmin,RHmin,TMAXmin,TMINmin,Tmin,WINDmin,YEAR,DOY,INSgdmean,RADmean,RAINmean,RHmean,TMAXmean,TMINmean,Tmean,WINDmean,YEAR,NDVI,EVI,RED,NIR,BLUE,MIR,pixrel
0,113.0,26.5012,30.562800000000003,10.0734,85.26,28.6819,17.7059,20.514200000000002,6.616700000000001,2004.0,113.0,3.2800000000000002,25.4815,0.0,37.8983,12.738800000000001,0.5598000000000001,7.572100000000001,1.9853,2004.0,113.0,15.98648,28.46086666666666,3.303606666666666,62.103093333333334,19.43438,8.812073333333334,14.220013333333334,4.273466666666666,2004.0,924.29,-315.29,-145.19,343.74,-257.5,99.4,107.27
1,129.0,27.951500000000003,32.4841,17.4489,94.9805,27.5227,17.764200000000002,21.866,4.8758,2004.0,129.0,10.480699999999999,25.714,0.0,33.1715,10.6362,1.1325,8.0185,1.7356999999999998,2004.0,129.0,17.45715333333333,29.700686666666666,3.9509999999999996,65.44192666666666,20.325246666666665,10.267980000000001,15.274326666666669,2.883046666666666,2004.0,1215.92,-87.19,-60.82,471.11,-169.21,157.86,94.68
2,145.0,28.884700000000002,33.244699999999995,28.103599999999997,91.4382,25.770699999999998,18.3945,21.261499999999998,4.5434,2004.0,145.0,6.9676,26.7269,0.0,70.5019,16.5057,8.6639,12.649000000000001,1.8321,2004.0,145.0,18.70666,30.1451,10.59646,81.90257333333332,21.24644,13.696706666666667,17.4752,3.1098133333333333,2004.0,1176.12,-151.97,-282.79,461.29,-383.76,-94.68,132.66
3,161.0,30.2107,34.7947,24.5996,90.4009,28.594299999999997,21.8517,24.4112,4.0557,2004.0,161.0,4.4402,28.9704,0.0,57.6212,20.639999999999997,9.230899999999998,16.2121,0.7031000000000001,2004.0,161.0,20.60440666666667,31.99350666666667,6.360673333333333,73.75996666666667,25.524400000000007,16.6239,21.01504666666667,2.4634333333333336,2004.0,2461.72,873.46,-280.81,958.66,-349.96,-126.5,117.55
4,177.0,31.156899999999997,32.647099999999995,22.3012,85.0833,31.308400000000002,20.4528,25.5786,3.8251999999999997,2004.0,177.0,10.1246,25.624299999999998,0.0,40.379900000000006,20.762200000000004,7.047599999999999,14.963799999999999,1.8199999999999998,2004.0,177.0,22.46702666666667,29.1199,3.1532533333333337,53.823893333333345,25.426693333333333,12.931359999999998,19.149700000000003,2.9261466666666665,2004.0,3229.46,1583.0,53.87,1479.57,16.34,98.01,79.67
5,193.0,30.4866,34.3738,7.853999999999999,83.71260000000001,30.2159,20.311,24.780600000000003,3.4452,2004.0,193.0,8.0363,29.1369,0.0,53.7549,20.8993,11.3626,17.5498,1.4617,2004.0,193.0,20.637966666666664,31.944673333333334,2.2398357142857144,71.3828,27.353760000000005,17.037959999999995,21.962626666666665,2.4586466666666666,2004.0,2799.51,1198.27,-333.56,1140.29,-385.66,-192.04,120.1
6,209.0,27.8035,35.6953,20.9157,82.4656,30.936500000000002,22.890399999999996,26.1639,3.6308999999999996,2004.0,209.0,9.869,28.884100000000004,0.0,45.8545,24.203199999999995,11.856200000000001,19.056600000000003,0.8667999999999999,2004.0,209.0,18.94092,32.41068666666667,4.30428,63.86660666666667,28.12529333333334,17.788419999999995,22.78842666666667,2.2111266666666665,2004.0,3023.48,1153.17,-254.9,993.85,-289.5,-148.88,99.63
7,225.0,28.747500000000002,33.0884,14.3716,74.3973,27.5262,18.6247,22.9418,4.5489,2004.0,225.0,8.3094,27.3797,0.0,44.770700000000005,19.5873,8.6433,15.001299999999999,1.1586,2004.0,225.0,19.188019999999998,30.409626666666668,3.7055066666666674,57.67881333333334,24.301113333333333,12.320006666666668,18.4682,2.6650933333333335,2004.0,2734.84,876.71,-335.2,847.6,-373.86,-238.98,114.81
8,241.0,25.5888,34.345,24.891200000000005,89.2717,29.9895,21.4571,24.7029,4.5595,2004.0,241.0,7.8151,28.634599999999995,0.0,36.747600000000006,21.576099999999997,9.9755,15.9595,1.2668,2004.0,241.0,17.712339999999998,31.513620000000003,4.071280000000001,70.33343333333333,26.63754,15.989486666666668,21.334060000000004,2.497326666666667,2004.0,2630.75,1058.37,-158.3,1030.38,-199.47,-61.53,97.19
9,257.0,23.986300000000004,34.0844,10.797699999999999,87.17360000000001,29.2394,20.504699999999996,23.5505,5.3580000000000005,2004.0,257.0,8.093900000000001,25.812200000000004,0.0,39.8039,20.4528,8.851,15.352099999999998,1.1995,2004.0,257.0,18.893073333333334,29.606553333333338,1.2808799999999998,58.65429333333333,25.560513333333333,14.727366666666667,20.213886666666667,3.062726666666667,2004.0,1870.69,363.25,-271.06,675.38,-345.36,-214.9,119.93
10,273.0,19.6116,30.431900000000002,9.264600000000002,63.8669,28.2615,15.913599999999999,22.035700000000002,4.4026000000000005,2004.0,273.0,2.9183,23.6032,0.0,32.7364,13.273900000000001,0.19210000000000002,7.5304,0.7911,2004.0,273.0,16.314053333333334,26.69178666666667,0.9848733333333335,46.67544,21.270026666666663,8.772646666666668,15.035386666666666,2.942786666666666,2004.0,1304.19,-288.93,-292.48,368.57,-412.25,-197.15,130.05
11,289.0,16.7378,32.0507,30.079800000000002,92.3823,20.647999999999996,16.314100000000003,18.5515,6.6648,2004.0,289.0,2.5956,24.08,0.0,50.4714,9.0806,0.32180000000000003,4.578,1.5537,2004.0,289.0,8.349146666666664,27.711466666666666,4.850719999999999,71.39349333333334,13.370746666666667,6.7699533333333335,9.805813333333335,3.128006666666667,2004.0,1442.23,-64.94,-95.65,446.89,-166.31,-19.84,97.44
12,305.0,13.979000000000001,31.0006,15.9692,93.1694,21.440199999999997,15.622399999999999,19.249000000000002,6.166399999999999,2004.0,305.0,2.099,20.8343,0.0,61.81139999999999,7.408600000000002,0.8887,4.6981,1.2,2004.0,305.0,7.7429933333333345,26.89226,2.4114133333333334,83.21691333333331,12.438566666666663,5.839446666666667,9.046126666666666,3.2558800000000008,2004.0,1253.95,-552.88,-317.15,126.87,-391.79,-147.33,124.99
