,DOY,INSgdmax,RADmax,RAINmax,RHmax,TMAXmax,TMINmax,Tmax,WINDmax,YEAR,DOY,INSgdmin,RADmin,RAINmin,RHmin,TMAXmin,TMINmin,Tmin,WINDmin,YEAR,DOY,INSgdmean,RADmean,RAINmean,RHmean,TMAXmean,TMINmean,Tmean,WINDmean,YEAR,NDVI,EVI,RED,NIR,BLUE,MIR,pixrel
0,113.0,27.97,30.71,11.34,85.82,30.01,17.43,21.51,8.48,2004.0,113.0,2.48,25.88,0.0,37.66,13.56,2.9,10.49,1.42,2004.0,113.0,17.406666666666663,28.444666666666663,3.3079999999999994,62.986000000000004,20.51066666666667,9.718666666666667,15.094666666666667,4.6979999999999995,2004.0,4780.19,2305.88,641.01,1895.8,331.11,1255.23,0.0
1,129.0,26.53,32.94,24.19,94.75,30.57,18.45,24.15,5.52,2004.0,129.0,6.95,25.52,0.0,37.62,11.46,1.06,6.42,2.01,2004.0,129.0,19.502666666666663,29.58066666666667,7.466923076923076,65.20466666666667,21.18466666666667,10.606,15.748666666666669,3.523333333333334,2004.0,5179.67,2594.27,602.5,2010.47,309.87,1104.33,0.0
2,145.0,28.76,33.84,36.5,90.21,26.66,19.37,22.06,6.04,2004.0,145.0,11.99,27.5,0.0,60.63,16.72,8.22,13.75,1.79,2004.0,145.0,20.171333333333333,31.211333333333332,8.996000000000002,80.69733333333332,22.621333333333336,14.283999999999999,18.55933333333333,3.5733333333333337,2004.0,5785.96,3031.09,550.28,2194.85,296.48,942.08,0.01
3,161.0,29.48,35.06,23.83,92.01,28.74,21.35,24.66,5.02,2004.0,161.0,7.92,29.2,0.0,51.21,20.82,10.35,16.02,1.03,2004.0,161.0,20.248666666666665,32.43666666666667,5.158666666666665,72.93533333333333,26.534000000000002,17.387333333333334,21.724000000000004,3.0273333333333334,2004.0,6447.5,3590.73,509.86,2462.04,285.74,840.35,0.33
4,177.0,31.68,34.67,21.14,85.5,30.51,21.45,24.07,4.33,2004.0,177.0,9.61,28.04,0.0,43.64,20.38,7.31,15.22,1.92,2004.0,177.0,21.865999999999996,30.187333333333342,2.155333333333333,58.16866666666666,25.002,13.496666666666664,19.21266666666667,2.664666666666667,2004.0,6971.27,3921.56,472.26,2611.98,267.19,923.66,0.01
5,193.0,29.95,34.56,19.56,84.81,31.6,20.91,25.2,4.04,2004.0,193.0,10.55,29.56,0.0,53.24,21.64,13.38,17.82,0.78,2004.0,193.0,20.93066666666666,32.61133333333334,5.563571428571429,73.76266666666666,27.808000000000003,17.679333333333336,22.524,2.419333333333334,2004.0,7514.77,4456.21,383.25,2803.21,223.98,724.1,0.31
6,209.0,26.64,35.35,28.98,86.25,31.26,22.39,25.8,4.8,2004.0,209.0,10.33,29.2,0.0,50.93,23.6,11.4,18.34,1.25,2004.0,209.0,19.422666666666668,32.624,4.488,69.67266666666667,27.774,17.654,22.502666666666663,2.559333333333333,2004.0,7630.48,4704.69,384.13,2986.04,224.0,764.32,0.0
7,225.0,28.4,33.05,8.13,78.43,29.28,18.27,22.45,4.6,2004.0,225.0,8.64,28.01,0.0,46.59,19.96,7.58,14.55,1.07,2004.0,225.0,20.762666666666668,30.724000000000004,1.9166666666666665,61.905999999999985,24.377333333333333,12.507333333333332,18.482666666666667,2.79,2004.0,7538.13,4685.88,398.57,2990.34,229.14,737.56,0.06
8,241.0,24.37,34.13,43.37,91.88,31.27,20.82,24.12,4.2,2004.0,241.0,10.51,29.02,0.0,49.2,22.63,10.59,16.81,1.05,2004.0,241.0,19.880000000000003,31.637999999999998,7.501333333333332,73.22266666666665,27.068,16.62,21.629333333333328,2.65,2004.0,6869.53,3934.66,456.38,2583.11,292.44,698.69,0.69
9,257.0,24.26,34.63,30.76,85.41,31.35,20.79,24.34,5.29,2004.0,257.0,10.87,25.27,0.0,41.48,21.53,8.97,15.61,1.7,2004.0,257.0,19.588666666666665,29.997333333333337,3.2320000000000007,61.53866666666667,25.994666666666664,14.609333333333332,20.271333333333338,3.5893333333333333,2004.0,6737.63,3536.03,430.83,2333.26,234.99,718.76,0.0
10,273.0,19.19,31.72,5.58,70.36,27.22,16.72,21.45,5.21,2004.0,273.0,5.51,24.88,0.0,30.38,13.79,-0.58,6.77,0.86,2004.0,273.0,16.147333333333332,27.779999999999994,0.6653333333333333,47.18733333333333,21.580666666666662,8.516666666666666,15.408666666666669,3.1273333333333335,2004.0,5805.07,2694.31,517.33,1941.97,263.46,827.41,0.0
11,289.0,17.21,30.71,7.45,95.52,21.88,14.94,18.2,6.26,2004.0,289.0,3.78,25.45,0.0,42.17,9.33,-0.52,6.64,1.38,2004.0,289.0,9.377999999999998,28.166,1.3026666666666664,68.97866666666667,14.794666666666666,6.6,10.546,3.587999999999999,2004.0,4816.4,1943.38,546.23,1545.05,294.34,900.26,0.61
12,305.0,14.65,32.4,33.16,96.41,21.72,18.02,19.97,6.82,2004.0,305.0,2.48,22.86,0.0,59.22,6.99,-0.43,4.49,1.97,2004.0,305.0,8.92,27.300666666666665,4.685714285714285,82.47066666666666,14.05,5.870666666666666,9.706666666666669,3.7226666666666666,2004.0,4938.06,1849.72,475.18,1417.62,242.91,789.13,0.01
