,DOY,INSgdmax,RADmax,RAINmax,RHmax,TMAXmax,TMINmax,Tmax,WINDmax,YEAR,DOY,INSgdmin,RADmin,RAINmin,RHmin,TMAXmin,TMINmin,Tmin,WINDmin,YEAR,DOY,INSgdmean,RADmean,RAINmean,RHmean,TMAXmean,TMINmean,Tmean,WINDmean,YEAR,NDVI,EVI,RED,NIR,BLUE,MIR,pixrel
0,113.0,27.7611,30.9894,7.406499999999999,83.68390000000002,29.424799999999998,17.446199999999997,20.357800000000005,6.7889,2004.0,113.0,3.4097999999999997,25.635099999999998,0.0,38.0368,12.662300000000002,0.6384999999999998,8.155999999999999,1.9299,2004.0,113.0,16.85676666666667,28.22514666666667,2.10406,62.066986666666665,19.414526666666667,8.86014,14.102266666666665,4.1868066666666675,2004.0,2460.31,648.5,198.16,910.52,-12.26,610.2,61.26
1,129.0,26.091299999999997,32.4974,21.3823,96.2866,27.9177,17.7607,22.1207,4.8298000000000005,2004.0,129.0,9.3192,25.8827,0.0,32.582699999999996,9.9653,1.3005000000000002,7.0103,1.8715000000000002,2004.0,129.0,17.30251333333333,29.48364666666666,4.243730769230769,63.46662666666667,20.20371333333333,9.870540000000002,15.013993333333335,2.994973333333333,2004.0,2906.54,998.64,328.8,1135.12,125.53,662.58,46.07
2,145.0,28.9863,33.266,33.8511,90.5608,25.540800000000004,18.473599999999998,21.3491,4.9153,2004.0,145.0,5.588299999999999,26.6708,0.0,69.45320000000001,15.6813,8.1488,12.3706,1.8144,2004.0,145.0,18.933073333333333,30.178026666666668,10.98846666666667,81.75408,20.996226666666665,13.46126,17.273813333333337,3.114586666666666,2004.0,3819.6,1701.1,229.12,1419.54,71.9,519.54,46.04
3,161.00000000000003,29.298900000000003,34.8039,23.6549,91.3395,28.477199999999996,21.661500000000004,24.131300000000003,4.1937,2004.0,161.00000000000003,5.7231000000000005,27.715299999999996,0.0,57.2885,20.565199999999997,9.4128,16.141599999999997,0.8098,2004.0,161.00000000000003,20.62392,31.66519333333333,5.876413333333333,73.75712,25.39912,16.61526,20.906986666666665,2.535266666666667,2004.0,4858.5,2804.41,125.82,2006.58,15.15,346.54,51.45
4,177.0,31.1877,33.066599999999994,22.790100000000002,80.28160000000001,31.298099999999998,20.214,25.296,3.9472,2004.0,177.0,10.9755,26.0219,0.0,39.5201,20.5627,6.822100000000001,14.816399999999998,1.7881,2004.0,177.0,22.686886666666673,29.244353333333336,3.09506,52.59569333333333,25.23258666666667,12.82906,19.05218,2.9520799999999996,2004.0,5787.12,3803.0,366.34,2614.05,273.59,569.15,13.47
5,192.99999999999997,30.143299999999996,34.123000000000005,16.5653,85.74350000000001,30.123400000000004,20.255,24.5895,3.5374999999999996,2004.0,192.99999999999997,7.299099999999999,29.0412,0.0,56.181999999999995,20.948800000000002,10.668,16.9345,1.2813999999999999,2004.0,192.99999999999997,20.451393333333332,31.944793333333326,5.085357142857142,72.33884666666668,27.12428,16.79112,21.73118666666667,2.4390599999999996,2004.0,5743.52,3424.48,186.63,2316.4,114.13,331.76,36.58
6,209.00000000000003,26.5803,35.5783,22.2009,85.7363,30.5374,23.056299999999997,25.735699999999998,3.859,2004.0,209.00000000000003,10.331900000000001,28.295800000000003,0.0,46.059,24.1688,12.0641,19.3314,0.9353,2004.0,209.00000000000003,19.313939999999995,32.264113333333334,4.38564,65.26006,27.7236,17.853946666666662,22.576326666666667,2.2036466666666668,2004.0,5517.04,3102.65,57.21,1989.77,-4.47,231.61,41.0
7,225.0,28.5454,33.06379999999999,13.2997,76.0612,27.5295,18.5712,22.4499,4.6052,2004.0,225.0,8.0913,27.0837,0.0,44.087700000000005,18.675299999999996,8.350100000000001,14.491200000000001,0.8848000000000001,2004.0,225.0,18.733126666666667,30.118473333333338,3.615913333333333,59.15738666666667,23.915526666666665,12.110713333333331,18.129746666666662,2.717553333333334,2004.0,5718.88,3085.57,170.56,1977.5,106.34,323.1,25.79
8,240.99999999999997,25.1208,33.8781,18.8139,91.3417,29.907499999999995,20.9043,24.1569,4.534699999999999,2004.0,240.99999999999997,7.231299999999999,28.768399999999996,0.0,37.55369999999999,21.7997,9.363999999999999,15.838999999999999,1.3232000000000004,2004.0,240.99999999999997,18.4304,31.267799999999998,3.6208,71.10219333333333,26.35464666666666,16.012673333333332,21.165213333333334,2.5271200000000005,2004.0,5289.51,2941.39,205.59,1974.03,125.32,381.36,28.49
9,257.0,23.9662,33.834999999999994,23.9879,87.1951,29.3249,20.523799999999998,23.5852,5.1994,2004.0,257.0,6.6626,25.702900000000003,0.0,39.3064,20.1271,8.979800000000001,15.264,1.1912,2004.0,257.0,18.49281333333333,29.637420000000006,3.328946666666666,59.26603999999999,25.374166666666667,14.748380000000001,20.097733333333338,3.1953999999999994,2004.0,4494.44,2082.39,74.84,1528.94,-49.31,260.49,56.13
10,273.0,19.5504,30.724999999999998,15.393500000000003,65.3638,27.5781,15.3346,21.4291,4.4713,2004.0,273.0,3.7266000000000004,23.4797,0.0,32.536699999999996,12.8809,0.2778,6.922000000000001,0.7458,2004.0,273.0,16.049100000000003,26.748340000000002,1.2670066666666668,47.00432,20.90859333333333,8.524953333333334,14.880133333333333,3.001433333333334,2004.0,3372.75,1096.35,114.87,1103.22,-92.02,277.09,63.76
11,289.0,16.784399999999998,30.9409,21.8754,93.7003,20.495999999999995,15.604800000000001,17.782299999999996,6.5582,2004.0,289.0,2.8538,24.163599999999995,0.0,49.8741,8.726700000000001,-0.002899999999999999,4.3105,1.466,2004.0,289.0,8.143553333333333,27.58316,4.808233333333334,71.88620666666668,13.206826666666664,6.307273333333333,9.54896,3.0846466666666665,2004.0,3571.69,1316.92,305.04,1206.6,138.21,547.55,36.32
12,305.0,13.859,30.7831,17.583000000000002,94.1051,21.0381,15.6796,19.0003,5.931500000000001,2004.0,305.0,2.0340000000000003,21.3936,0.0,57.3183,7.0325,0.3813999999999999,4.268599999999999,1.1846,2004.0,305.0,7.932219999999999,26.660013333333332,2.564326666666667,82.85029333333333,12.272793333333333,5.529793333333331,8.755053333333334,3.260146666666667,2004.0,3013.47,543.61,30.73,677.38,-107.68,310.69,66.32
