,DOY,INSgdmax,RADmax,RAINmax,RHmax,TMAXmax,TMINmax,Tmax,WINDmax,YEAR,DOY,INSgdmin,RADmin,RAINmin,RHmin,TMAXmin,TMINmin,Tmin,WINDmin,YEAR,DOY,INSgdmean,RADmean,RAINmean,RHmean,TMAXmean,TMINmean,Tmean,WINDmean,YEAR,NDVI,EVI,RED,NIR,BLUE,MIR,pixrel
0,113.0,28.4947,30.386,12.740000000000002,84.4804,33.2421,17.2047,23.241400000000002,8.664,2004.0,113.0,6.1421,26.1016,0.0,33.03,10.7105,3.0629999999999997,8.648299999999999,2.7727000000000004,2004.0,113.0,19.71106,28.14142,2.6053333333333337,59.30312666666667,20.174626666666665,7.7758333333333365,13.935559999999999,4.7777,2004.0,3543.75,2100.22,1130.55,2380.07,575.37,2449.68,0.06
1,129.0,29.8224,31.6726,19.5932,91.3668,30.557299999999998,16.8055,22.146,7.132300000000001,2004.0,129.0,11.1112,24.3324,0.0,36.2735,7.2010000000000005,-1.8091000000000002,3.1639,3.1387,2004.0,129.0,22.336113333333333,28.675393333333332,4.191261538461538,62.03774666666666,20.5895,8.796659999999997,14.705760000000001,4.68556,2004.0,3992.76,2457.98,1061.24,2520.13,546.66,2146.39,0.74
2,145.0,28.1549,33.1708,35.374900000000004,93.301,29.509600000000002,18.06,21.6115,7.4191,2004.0,145.0,7.2715000000000005,27.039999999999996,0.0,55.7388,14.497500000000002,6.077,10.6867,2.8095,2004.0,145.0,18.36782666666667,30.314206666666667,9.21592,78.44323999999999,21.448939999999997,11.870826666666666,16.634700000000002,4.3441,2004.0,4428.67,2886.39,1094.44,2840.58,561.59,2298.84,0.13
3,161.0,31.8485,34.276,19.1399,94.3312,29.951699999999995,20.734199999999998,24.0377,7.0858,2004.0,161.0,6.603300000000001,28.7482,0.0,48.8278,18.6337,9.3651,14.151700000000002,1.5299,2004.0,161.0,22.10577333333333,31.248313333333336,4.948639999999999,74.22716666666668,25.539286666666666,15.722006666666664,20.385633333333335,3.3554133333333334,2004.0,6405.9,4261.31,682.79,3165.29,363.98,1292.07,0.17
4,177.0,31.9225,33.7817,13.9281,87.0214,30.7429,20.279899999999998,23.892500000000002,4.3877,2004.0,177.0,8.3988,25.159899999999997,0.0,43.6253,17.8712,7.0049,13.6955,2.0585,2004.0,177.0,22.621033333333333,29.270653333333335,1.8308400000000002,57.47354666666667,24.300573333333332,12.604006666666669,18.314239999999998,3.0111400000000006,2004.0,7668.51,5193.93,438.52,3404.12,238.26,896.66,0.0
5,193.0,30.575000000000003,33.7968,12.7365,91.2582,30.6524,20.4812,23.9391,4.6288,2004.0,193.0,7.7818,29.306,0.0,67.43270000000001,20.917900000000003,11.2033,16.424,1.8962999999999999,2004.0,193.0,21.190526666666663,32.17180666666667,3.85555,78.28688666666667,26.479020000000002,16.44971333333333,21.079033333333335,2.863406666666667,2004.0,8126.85,6165.23,415.24,4098.23,226.63,933.57,0.14
6,209.0,29.5216,35.0015,15.844100000000001,88.9383,31.826,21.499699999999997,24.7699,5.5547,2004.0,209.0,9.319700000000001,27.120800000000003,0.0,48.6738,23.9855,9.1406,17.5645,0.9504999999999999,2004.0,209.0,22.67823333333333,31.32906,4.369646666666667,67.83306,27.71976,16.060566666666666,21.566513333333337,3.0712266666666665,2004.0,8352.95,6387.73,363.48,4182.24,197.49,826.25,0.0
7,225.0,25.5226,32.2902,11.0795,83.2276,28.0139,16.7347,21.2767,5.6091,2004.0,225.0,14.3827,28.289900000000003,0.0,48.5048,19.633699999999997,6.0285,13.587900000000001,1.059,2004.0,225.0,21.23533333333333,30.596099999999996,1.68506,64.93647333333332,23.326353333333333,12.123653333333333,17.74135333333333,3.4007799999999992,2004.0,8031.85,5796.15,400.64,3791.61,217.79,804.13,0.0
8,241.0,25.1509,33.2527,11.689499999999999,88.87220000000002,31.0829,19.021299999999997,24.4203,5.5603,2004.0,241.0,11.052700000000002,26.876900000000006,0.0,50.2444,20.058600000000002,9.345400000000001,16.043599999999998,2.0841,2004.0,241.0,19.888166666666667,30.62086,1.5097999999999998,71.65124,27.185606666666665,15.449633333333335,20.891473333333334,3.726746666666666,2004.0,7473.43,5047.67,467.94,3398.95,239.12,867.99,0.0
9,257.0,24.0534,34.5031,27.217099999999995,83.9111,31.180800000000005,20.1837,24.736199999999997,8.317300000000001,2004.0,257.0,5.2038,28.470100000000002,0.0,39.9601,20.521,7.655199999999999,14.338000000000001,2.0322,2004.0,257.0,16.38959333333333,31.037346666666668,4.892346666666667,61.330740000000006,26.17002666666667,14.653166666666666,20.13814,5.275793333333333,2004.0,5822.04,3755.36,771.28,2980.97,393.06,1140.03,0.0
10,273.0,19.7773,32.538399999999996,22.018,80.3784,26.538600000000002,13.785200000000003,18.7659,6.482799999999999,2004.0,273.0,6.9527,23.987299999999998,0.0,36.412800000000004,13.3643,-1.3882999999999999,6.6047,0.8926999999999998,2004.0,273.0,15.570766666666664,28.280293333333326,2.1748466666666664,55.61682,20.558353333333333,8.221653333333332,14.25694666666667,4.141233333333334,2004.0,3787.58,2215.81,1121.14,2457.6,539.62,1688.18,0.0
11,289.0,17.2724,30.0524,5.2634,97.93319999999999,22.976100000000002,13.700999999999999,18.0341,6.6199,2004.0,289.0,3.721,24.953400000000002,0.0,43.1254,9.277,0.5171,5.6648,1.3904999999999998,2004.0,289.0,10.252633333333335,27.13274,1.3655866666666667,64.68652666666667,14.7085,6.644386666666667,10.16436,3.9038533333333327,2004.0,3256.87,1745.1,1085.24,2124.01,500.03,1906.38,0.0
12,305.0,12.8992,31.587499999999995,7.0,98.44310000000002,20.0803,13.1728,16.5501,7.7586,2004.0,305.0,1.9694,20.271800000000002,0.0,48.48,4.8131,-0.5895,2.0798,2.4322,2004.0,305.0,10.009939999999999,25.93806666666667,1.0110214285714285,75.38413999999999,13.366726666666667,4.49816,8.479053333333331,4.2941466666666654,2004.0,2967.76,1543.77,1068.67,1965.63,520.81,1827.85,0.0
