,DOY,INSgdmax,RADmax,RAINmax,RHmax,TMAXmax,TMINmax,Tmax,WINDmax,YEAR,DOY,INSgdmin,RADmin,RAINmin,RHmin,TMAXmin,TMINmin,Tmin,WINDmin,YEAR,DOY,INSgdmean,RADmean,RAINmean,RHmean,TMAXmean,TMINmean,Tmean,WINDmean,YEAR,NDVI,EVI,RED,NIR,BLUE,MIR,pixrel
0,113.0,25.63,30.56,12.05,85.94,28.95,17.7,21.11,6.91,2004.0,113.0,3.78,25.63,0.0,37.26,14.75,2.31,8.96,1.85,2004.0,113.0,15.698,28.766000000000005,3.237333333333333,62.08133333333333,20.430666666666664,10.056666666666668,15.335333333333333,4.617999999999999,2004.0,5439.18,2208.11,464.63,1569.34,252.74,810.7,0.01
1,129.0,28.73,33.08,16.66,91.22,29.71,18.36,22.98,5.06,2004.0,129.0,7.27,26.1,0.0,38.05,13.38,1.97,8.84,1.28,2004.0,129.0,18.10066666666667,30.315999999999995,4.123846153846154,70.134,21.377333333333333,11.335333333333335,16.284,3.013333333333334,2004.0,5518.92,2297.98,465.44,1629.08,244.49,898.81,0.0
2,145.0,26.24,34.49,46.16,89.32,26.54,19.94,22.98,4.94,2004.0,145.0,6.88,27.14,0.0,69.33,18.2,9.66,13.66,1.79,2004.0,145.0,18.326000000000004,31.257999999999992,10.787333333333333,81.32,23.194000000000003,15.503333333333332,19.25866666666667,3.332,2004.0,6321.69,3098.17,462.03,2080.03,252.21,863.13,0.01
3,161.0,28.44,35.46,23.58,88.8,29.76,21.88,25.23,4.23,2004.0,161.0,5.22,29.34,0.0,57.85,21.25,9.32,16.49,0.68,2004.0,161.0,20.430666666666664,32.766,4.116666666666666,73.016,26.779333333333327,17.406666666666663,21.994666666666667,2.488666666666666,2004.0,7872.53,4711.66,331.71,2859.32,206.06,609.57,0.09
4,177.0,31.18,34.2,18.94,86.48,31.67,20.61,25.72,3.99,2004.0,177.0,9.47,26.46,0.0,42.8,21.09,6.73,15.46,1.3,2004.0,177.0,22.086666666666666,29.750666666666657,2.649333333333333,56.86399999999999,26.33066666666667,13.462,19.942,2.6419999999999986,2004.0,7981.58,5081.32,343.48,3116.09,214.7,629.36,0.9
5,193.0,27.25,35.75,10.98,80.36,31.46,21.87,25.64,3.85,2004.0,193.0,10.12,29.52,0.0,59.09,23.13,11.57,19.07,1.55,2004.0,193.0,20.008666666666667,32.61666666666666,2.947857142857143,71.664,28.377999999999997,18.063333333333333,23.012666666666668,2.58,2004.0,8350.73,5033.15,263.51,2966.09,165.53,510.32,0.61
6,209.0,28.66,36.54,19.69,78.46,32.85,22.93,27.14,3.42,2004.0,209.0,6.84,29.09,0.0,48.45,23.44,12.15,18.76,1.28,2004.0,209.0,17.860000000000003,32.75266666666666,3.3593333333333337,64.00533333333333,28.960666666666665,17.844666666666665,23.212666666666667,2.3333333333333335,2004.0,8507.49,4640.9,204.09,2614.15,126.76,424.28,0.0
7,225.0,28.15,33.3,14.42,75.62,29.08,19.96,24.36,4.64,2004.0,225.0,4.14,26.46,0.0,43.71,21.61,9.32,15.79,0.65,2004.0,225.0,18.874,30.654666666666667,2.990666666666667,56.08666666666667,25.68466666666667,13.04933333333333,19.451999999999998,2.6226666666666665,2004.0,8369.54,4474.49,216.22,2530.42,134.78,414.93,0.0
8,241.0,25.27,35.68,23.82,88.49,30.09,22.93,25.59,4.09,2004.0,241.0,5.29,28.55,0.0,43.14,21.61,11.55,17.16,1.16,2004.0,241.0,17.552000000000003,32.03133333333333,4.940666666666667,71.91666666666667,27.432,16.434000000000005,21.90866666666666,2.4186666666666667,2004.0,7953.26,4378.54,287.78,2575.81,178.51,486.48,0.01
9,257.0,24.34,33.73,14.74,86.48,29.7,20.88,23.86,5.44,2004.0,257.0,5.98,26.1,0.0,38.24,21.34,9.68,15.98,1.41,2004.0,257.0,19.46466666666667,29.628666666666668,2.1060000000000003,58.52666666666667,26.307999999999996,14.927333333333335,20.755333333333333,2.9253333333333336,2004.0,7449.66,3769.46,328.83,2287.36,180.39,501.6,0.0
10,273.0,20.27,31.28,6.55,61.98,29.19,17.25,23.04,4.46,2004.0,273.0,2.3,23.36,0.0,32.85,13.99,0.53,8.71,1.31,2004.0,273.0,17.126666666666665,26.797333333333334,0.8013333333333335,46.57866666666667,22.139333333333333,9.344666666666665,15.773333333333333,2.7653333333333334,2004.0,6049.98,2497.23,415.24,1724.13,160.26,505.47,0.0
11,289.0,17.71,33.3,26.11,92.56,21.67,17.72,20.06,6.84,2004.0,289.0,1.87,24.12,0.0,45.24,9.53,0.88,5.85,2.02,2004.0,289.0,8.471333333333334,28.16,5.53,70.79933333333334,14.464000000000004,7.916666666666668,10.950666666666667,3.4179999999999997,2004.0,6210.2,2392.83,358.2,1528.15,200.47,542.33,0.15
12,305.0,14.62,31.64,19.82,94.91,22.36,17.84,20.47,7.03,2004.0,305.0,2.41,21.67,0.0,70.61,7.86,1.26,5.77,1.99,2004.0,305.0,8.606666666666667,27.423333333333336,3.2906666666666666,83.954,13.678000000000003,7.173333333333334,10.405333333333333,3.4460000000000006,2004.0,6316.6,2133.91,294.98,1312.73,159.57,536.54,0.01
