,DOY,INSgdmax,RADmax,RAINmax,RHmax,TMAXmax,TMINmax,Tmax,WINDmax,YEAR,DOY,INSgdmin,RADmin,RAINmin,RHmin,TMAXmin,TMINmin,Tmin,WINDmin,YEAR,DOY,INSgdmean,RADmean,RAINmean,RHmean,TMAXmean,TMINmean,Tmean,WINDmean,YEAR,NDVI,EVI,RED,NIR,BLUE,MIR,pixrel
0,113.0,27.3518,30.948200000000003,8.1076,83.78229999999999,29.7965,17.5796,20.5498,6.886100000000001,2004.0,113.0,3.2305,25.5505,0.0,38.004099999999994,13.6629,1.3913,8.8386,1.8706,2004.0,113.0,16.496286666666666,28.420880000000004,2.4475066666666665,62.279513333333334,19.80430666666667,9.3315,14.547246666666666,4.332753333333334,2004.0,4633.95,1988.91,561.97,1595.05,285.3,1113.12,0.01
1,129.0,26.284099999999995,32.805099999999996,17.3371,95.9103,28.8139,18.0308,22.663400000000003,4.9359,2004.0,129.0,8.2783,26.195,0.0,34.044399999999996,10.343399999999999,1.3993,7.4994,1.7248,2004.0,129.0,17.48556666666667,29.742653333333333,3.8214461538461535,65.02655333333334,20.653599999999997,10.27262,15.468366666666666,3.0206533333333327,2004.0,4680.62,2132.88,597.09,1726.68,303.95,1134.6,0.0
2,145.0,27.8378,33.821400000000004,34.7553,90.0877,25.8664,19.2054,21.8156,5.0360000000000005,2004.0,145.0,7.7671,26.9832,0.0,68.64259999999999,16.4803,8.6238,12.896700000000001,1.7707000000000002,2004.0,145.0,18.836246666666668,30.6225,10.791080000000003,81.75486666666666,21.749873333333333,14.187106666666665,17.999046666666665,3.1873866666666664,2004.0,5849.92,3004.87,530.27,2142.0,280.53,955.76,0.1
3,161.0,29.0775,34.7675,24.8258,90.90520000000001,28.700900000000004,21.7558,24.4441,4.1966,2004.0,161.0,5.8883,28.0783,0.0,57.4,20.7984,9.4831,16.2695,0.7504,2004.0,161.0,20.387033333333335,31.87140666666667,5.578213333333333,73.97429333333334,25.826513333333335,16.937153333333335,21.285359999999997,2.53676,2004.0,7289.38,4485.94,398.02,2860.61,263.35,669.68,0.7
4,177.0,31.1525,33.5846,20.7514,83.5514,31.3532,20.467299999999998,25.1318,3.9629,2004.0,177.0,9.7076,26.3394,0.0,40.5584,21.0259,6.792400000000001,14.8989,1.6781000000000001,2004.0,177.0,22.547533333333337,29.433239999999998,3.01686,54.71521333333333,25.472513333333332,12.994866666666665,19.227993333333334,2.8035866666666664,2004.0,7800.78,5193.53,377.44,3331.05,213.51,681.35,0.68
5,193.0,29.073300000000003,34.6158,15.8304,85.06280000000001,30.261200000000002,20.7827,24.957099999999997,3.6323999999999996,2004.0,193.0,5.9269,29.5021,0.0,57.2145,21.8629,10.6992,17.5583,1.214,2004.0,193.0,20.160666666666664,32.220093333333324,4.958292857142857,72.99701333333333,27.45243333333333,17.166073333333333,22.106579999999997,2.43578,2004.0,8127.91,5308.64,301.61,3291.51,174.81,579.65,0.81
6,209.0,27.2227,35.7357,23.7243,85.4546,31.023,23.0899,26.196399999999997,3.8369,2004.0,209.0,9.273200000000001,28.1874,0.0,47.2066,23.978299999999997,11.865,19.2814,0.9234,2004.0,209.0,18.76688,32.3423,4.30942,66.03879333333333,27.965960000000003,17.89379333333333,22.710000000000004,2.227333333333333,2004.0,8116.1,4746.26,244.59,2799.26,139.17,503.55,0.0
7,225.0,27.622700000000002,33.1332,13.6444,77.34389999999999,28.0597,18.9572,23.022499999999997,4.6134,2004.0,225.0,7.0538,27.336999999999996,0.0,43.1986,19.5996,8.7633,14.946800000000001,0.8768,2004.0,225.0,18.801566666666666,30.235353333333336,3.5757399999999997,58.6549,24.427979999999998,12.3423,18.499626666666668,2.681833333333334,2004.0,7872.9,4541.7,265.71,2695.68,152.28,500.74,0.0
8,241.0,24.924300000000002,34.4714,21.2619,91.0805,29.831199999999995,21.5518,24.606900000000003,4.3781,2004.0,241.0,7.6627,28.9093,0.0,39.597,22.0089,10.2602,16.3061,1.2112,2004.0,241.0,18.530413333333332,31.50652,4.031006666666666,71.61110666666667,26.707446666666662,16.264093333333335,21.461139999999997,2.4670733333333335,2004.0,7555.54,4478.72,336.05,2771.65,191.0,572.53,0.01
9,257.0,24.1057,33.6944,24.5266,87.68609999999998,29.4325,20.56,23.6296,5.1736,2004.0,257.0,7.2539,25.848200000000002,0.0,39.777,20.4442,9.1082,15.515099999999997,1.1468,2004.0,257.0,18.87204,29.60062666666667,2.8592066666666662,59.45714666666666,25.601740000000003,14.755080000000001,20.25332666666667,3.1237133333333333,2004.0,6894.22,3632.6,379.76,2303.99,210.32,578.74,0.0
10,273.0,19.712,30.6806,14.2185,64.964,27.8408,15.537099999999999,21.6374,4.4401,2004.0,273.0,3.1871,23.7545,0.0,32.2767,13.1909,0.4541,7.1775,0.9015,2004.0,273.0,16.210506666666667,26.84414666666667,1.26086,46.8968,21.215486666666667,8.623726666666666,15.081746666666668,2.905793333333334,2004.0,5494.05,2435.71,485.56,1794.26,196.9,646.57,0.0
11,289.0,17.025199999999998,31.389400000000002,21.0907,93.5413,20.6451,16.0233,18.276,6.566700000000001,2004.0,289.0,2.7479999999999998,24.367099999999997,0.0,47.993100000000005,9.1284,0.0263,4.9315,1.6587,2004.0,289.0,8.247073333333333,27.831606666666666,4.21094,71.92599333333334,13.607726666666666,6.66234,9.954099999999999,3.20732,2004.0,5191.64,2138.29,527.41,1605.02,330.08,746.21,0.57
12,305.0,14.124400000000001,31.1969,20.2436,94.7168,21.5426,16.8082,19.608900000000002,6.2743,2004.0,305.0,2.0068,21.5857,0.0,61.0604,7.3512,0.6449,4.72,1.4507999999999999,2004.0,305.0,8.19504,26.887346666666666,2.9636704761904764,83.19716666666666,12.878939999999997,6.026086666666664,9.31844,3.32464,2004.0,5260.39,1836.17,384.72,1282.75,196.91,702.25,0.07
