,DOY,INSgdmax,RADmax,RAINmax,RHmax,TMAXmax,TMINmax,Tmax,WINDmax,YEAR,DOY,INSgdmin,RADmin,RAINmin,RHmin,TMAXmin,TMINmin,Tmin,WINDmin,YEAR,DOY,INSgdmean,RADmean,RAINmean,RHmean,TMAXmean,TMINmean,Tmean,WINDmean,YEAR,NDVI,EVI,RED,NIR,BLUE,MIR,pixrel
0,113.0,25.8763,30.7009,13.236199999999998,85.8779,30.1519,17.6165,20.9815,7.5481,2004.0,113.0,3.5998,26.137299999999996,0.0,38.5025,14.6028,3.2878000000000003,10.7209,1.6282000000000003,2004.0,113.0,16.291233333333334,28.61875333333333,3.3315599999999996,62.67204666666666,20.426573333333337,9.924500000000002,15.121553333333335,4.607686666666666,2004.0,4731.46,1660.95,387.95,1191.36,237.09,677.09,0.03
1,129.0,26.7479,33.372299999999996,16.953200000000002,96.4066,30.1183,18.6705,23.6158,5.307499999999999,2004.0,129.0,7.854,26.251600000000003,0.0,38.09349999999999,10.7912,1.6182999999999998,7.1503,1.8476,2004.0,129.0,18.475800000000003,30.02088666666667,4.9603,65.69641333333334,21.25086,10.610366666666666,15.990433333333335,3.2147400000000004,2004.0,4863.23,1805.93,393.36,1298.89,231.83,746.77,2.55
2,145.0,28.418799999999997,34.384100000000004,35.92660000000001,89.84519999999999,26.537800000000004,19.8168,22.4129,5.5267,2004.0,145.0,9.9774,27.497299999999996,0.0,66.19720000000001,17.4468,8.6606,13.699200000000001,1.6909,2004.0,145.0,18.483806666666663,31.32137333333333,9.306133333333333,81.19495333333333,22.776006666666664,14.82210666666667,18.850839999999998,3.3912866666666677,2004.0,6072.47,2676.61,372.19,1720.28,235.98,639.92,0.0
3,161.0,29.658199999999997,35.0698,26.8619,90.5386,28.9899,21.6516,24.733800000000002,4.3927000000000005,2004.0,161.0,8.4224,28.742000000000004,0.0,54.1027,21.0765,9.869299999999999,16.3265,0.7918000000000001,2004.0,161.0,20.532479999999996,32.41410666666666,5.135033333333333,73.49892000000001,26.537186666666667,17.437973333333332,21.82064,2.744786666666667,2004.0,6497.93,3005.82,330.2,1818.76,239.69,516.82,0.15
4,177.0,31.4766,34.6961,19.8865,84.9497,31.2147,21.2362,24.221899999999998,4.258800000000001,2004.0,177.0,6.7181999999999995,27.0516,0.0,41.967699999999994,21.536799999999996,7.762999999999999,15.424500000000002,1.5988,2004.0,177.0,21.821180000000002,30.01348666666667,3.2737600000000002,57.866006666666664,25.622866666666667,13.27546,19.3767,2.5919800000000004,2004.0,7143.63,3569.61,293.44,2093.58,225.14,441.21,0.37
5,193.0,27.9139,34.3638,17.2461,84.2303,31.3599,21.144999999999996,25.487800000000004,3.9417999999999997,2004.0,193.0,2.2952000000000004,30.0111,0.0,56.5539,23.672800000000002,10.6251,18.2655,1.0191000000000001,2004.0,193.0,20.128106666666667,32.552886666666666,4.244842857142857,73.38448666666666,28.00516666666667,17.54408,22.615926666666663,2.396473333333334,2004.0,7456.3,3665.83,243.58,2100.65,182.99,417.69,0.17
6,209.0,28.376800000000003,35.4863,19.728699999999996,87.0704,31.2119,22.7011,26.5198,4.1815,2004.0,209.0,7.437799999999999,28.353199999999998,0.0,49.88249999999999,23.5108,11.3647,18.625899999999998,0.9709,2004.0,209.0,18.839893333333332,32.41367333333333,3.3042000000000002,69.55379333333335,27.85052,17.793226666666666,22.60272666666667,2.3532,2004.0,7533.56,3546.85,220.34,2021.76,153.05,400.87,0.0
7,225.0,27.184199999999997,33.6907,14.952800000000003,79.7534,29.016199999999998,19.006700000000002,23.6251,4.6174,2004.0,225.0,5.5067,27.7138,0.0,43.1057,20.411,9.1181,15.068000000000001,0.8412999999999999,2004.0,225.0,19.378773333333335,30.611846666666665,2.70514,59.66872666666667,24.777213333333325,12.486226666666665,18.78644,2.68632,2004.0,7231.62,3448.51,256.41,1996.5,186.17,413.91,0.07
8,241.0,24.6343,34.651300000000006,33.8698,92.659,30.677500000000002,22.1037,24.916800000000002,4.1248000000000005,2004.0,241.0,10.2783,29.2675,0.0,45.64660000000001,23.065200000000004,11.255500000000001,17.1683,1.1265999999999998,2004.0,241.0,18.997753333333332,31.88638,7.217760000000002,72.47979333333336,27.176593333333336,16.556273333333333,21.81442,2.4369533333333324,2004.0,7107.18,3133.13,239.91,1774.21,184.31,338.83,0.25
9,257.0,24.3609,34.1673,39.5997,87.93929999999999,30.4439,20.733999999999998,23.736099999999997,5.146100000000001,2004.0,257.0,9.593499999999999,25.9925,0.0,41.1282,20.94,9.2873,15.873500000000002,1.1113000000000002,2004.0,257.0,19.063039999999997,29.657379999999996,3.4361000000000006,61.09838666666667,25.881406666666667,14.560659999999995,20.30748666666667,3.194646666666667,2004.0,6974.54,2547.45,205.15,1438.84,127.88,288.6,0.0
10,273.0,19.605900000000002,30.5339,6.0451999999999995,67.2311,27.7236,15.954700000000003,21.3683,4.681,2004.0,273.0,4.578799999999999,24.3205,0.0,31.6174,13.697399999999998,0.5263,7.0971,1.0438,2004.0,273.0,16.275166666666667,27.25434,0.50102,47.1994,21.594806666666667,8.366079999999998,15.213913333333334,2.8678466666666664,2004.0,6654.38,2414.46,220.56,1415.27,118.22,319.04,2.55
11,289.0,17.3461,31.057699999999997,12.919499999999998,94.48930000000001,21.003500000000003,15.5603,18.470999999999997,6.4817,2004.0,289.0,2.9237,25.385,0.0,43.7851,8.841,-0.8482999999999999,6.2484,1.7286000000000001,2004.0,289.0,8.520333333333335,28.283659999999994,2.5149866666666667,71.32582000000002,14.360506666666668,6.633539999999997,10.44218666666667,3.4501466666666665,2004.0,3675.77,1430.78,701.66,1380.36,629.85,686.34,2.32
12,305.0,14.614799999999999,31.9505,29.647600000000004,96.0213,22.0816,18.945000000000004,20.3869,6.7239,2004.0,305.0,1.9190999999999998,22.1889,0.0,65.2787,7.5016,0.48669999999999997,4.754899999999999,1.9513000000000003,2004.0,305.0,8.655993333333333,27.2449,4.0861,83.35542,13.96792,6.340553333333334,10.006773333333333,3.5150333333333332,2004.0,5684.56,1600.99,225.09,1002.0,124.39,389.5,5.3
