,DOY,INSgdmax,RADmax,RAINmax,RHmax,TMAXmax,TMINmax,Tmax,WINDmax,YEAR,DOY,INSgdmin,RADmin,RAINmin,RHmin,TMAXmin,TMINmin,Tmin,WINDmin,YEAR,DOY,INSgdmean,RADmean,RAINmean,RHmean,TMAXmean,TMINmean,Tmean,WINDmean,YEAR,NDVI,EVI,RED,NIR,BLUE,MIR,pixrel
0,113.0,28.2245,30.808300000000003,11.0659,83.4559,30.9345,17.2512,22.3885,9.659500000000001,2004.0,113.0,2.7886,26.2368,0.0,35.8411,12.363199999999999,3.5211,10.1043,2.625,2004.0,113.0,18.664166666666667,28.421393333333334,2.358,62.791753333333325,20.78765333333333,9.782333333333334,15.340486666666669,4.919746666666667,2004.0,3372.45,2318.53,1502.35,3030.37,724.65,2953.45,0.12
1,129.0,29.682399999999998,33.241699999999994,38.7145,91.6507,31.4208,18.709699999999998,25.1479,5.616099999999999,2004.0,129.0,5.823599999999999,24.6692,0.0,37.6049,11.7942,0.9264,6.0962,2.3358,2004.0,129.0,20.55872,29.489266666666666,6.462823076923078,65.18717333333332,21.628953333333335,10.427226666666668,15.985553333333332,4.070346666666667,2004.0,4186.08,2907.83,1229.34,2999.72,607.91,2214.55,1.36
2,145.0,27.446399999999997,33.6934,32.1312,92.5655,28.3166,18.782600000000002,21.894499999999997,6.9655000000000005,2004.0,145.0,9.4388,28.0628,0.0,60.9684,17.084,8.0965,13.609900000000001,2.284,2004.0,145.0,19.45854,31.319013333333334,7.6458,81.43950666666669,22.774733333333334,14.203246666666669,18.434306666666668,4.046646666666667,2004.0,4232.72,2786.26,1153.12,2875.59,570.78,2133.7,0.04
3,161.0,30.348699999999997,34.8211,25.906799999999997,93.07389999999998,28.893499999999996,21.2188,24.5304,5.9272,2004.0,161.0,11.1874,28.3031,0.0,55.1168,20.9728,10.6619,15.465899999999998,1.6544,2004.0,161.0,21.387506666666667,32.16919333333334,5.141586666666667,75.7869,26.339346666666668,17.100593333333332,21.420066666666663,3.4297466666666674,2004.0,5563.34,3747.18,894.08,3144.72,462.95,1557.02,0.0
4,177.0,31.2612,34.325100000000006,17.6871,92.7352,30.080999999999996,20.9158,23.3089,4.2223,2004.0,177.0,8.6432,27.3776,0.0,46.155699999999996,19.3327,8.2585,15.3202,1.4098000000000002,2004.0,177.0,21.213913333333338,30.47306666666666,2.669486666666667,62.907619999999994,24.437273333333334,13.672573333333334,18.946266666666666,2.5814733333333333,2004.0,7652.31,5268.25,459.08,3491.23,248.68,933.81,0.0
5,193.0,30.0624,35.10680000000001,19.4029,88.48129999999999,31.176699999999997,21.3408,25.1369,4.0744,2004.0,193.0,9.4635,29.721999999999998,0.0,65.7933,22.1041,13.1849,18.1869,1.2153999999999998,2004.0,193.0,20.779473333333332,32.77508666666667,5.838785714285714,77.73362,27.270079999999997,17.823653333333333,22.24845333333333,2.491766666666667,2004.0,8462.39,7331.75,419.36,5099.27,229.06,921.94,0.95
6,209.0,27.738899999999997,35.112500000000004,18.8504,86.978,31.785999999999998,22.044299999999996,25.7228,5.1777999999999995,2004.0,209.0,8.0058,27.881300000000003,0.0,56.314800000000005,22.759099999999997,11.106700000000002,17.753599999999995,1.0744,2004.0,209.0,20.396226666666667,32.287639999999996,3.3617999999999997,71.95608666666666,27.731919999999995,17.14440666666667,22.159446666666664,2.91466,2004.0,8484.12,7099.06,380.82,4802.06,209.81,927.65,0.0
7,225.0,27.5621,33.0598,16.373900000000003,75.17399999999999,29.627200000000002,17.7015,22.769399999999997,4.5095,2004.0,225.0,12.7011,29.5051,0.0,48.6498,20.7826,8.191799999999999,14.9148,1.4405000000000001,2004.0,225.0,20.32903333333333,31.37784666666667,2.6321199999999996,62.179586666666665,24.67344,13.136173333333332,18.947586666666666,2.9023266666666667,2004.0,8398.08,6572.34,364.02,4320.68,200.98,820.82,0.13
8,241.0,25.0551,34.4374,23.9285,87.5464,30.7791,20.4447,24.0831,4.5149,2004.0,241.0,13.503499999999999,29.2397,0.0,52.739900000000006,21.4052,9.4875,16.521700000000003,1.6178,2004.0,241.0,20.966326666666664,31.43128666666667,3.8288066666666665,73.35905333333332,27.614233333333335,16.730226666666667,21.782366666666668,3.1571933333333337,2004.0,7890.06,5776.96,440.03,3865.96,229.35,862.24,0.0
9,257.0,24.353,34.4252,22.6338,81.4453,32.169999999999995,21.069499999999998,25.2892,6.587899999999999,2004.0,257.0,11.7074,26.510400000000004,0.0,43.8031,22.420299999999997,8.927900000000001,16.0122,1.5767,2004.0,257.0,19.79942,30.35126666666666,3.262853333333333,59.79300666666667,26.646633333333334,15.133659999999999,20.760246666666667,4.3285,2004.0,5005.15,3196.26,937.44,2830.72,484.3,1432.92,0.0
10,273.0,19.6641,33.003600000000006,9.026900000000001,75.5409,27.125299999999996,17.2238,22.406100000000002,6.132199999999999,2004.0,273.0,6.5718,24.583399999999997,0.0,30.113899999999994,14.1068,-0.7968999999999999,6.9847,1.3298,2004.0,273.0,16.138973333333333,29.024540000000002,1.41302,47.466759999999994,22.354326666666665,9.79283333333333,16.31726,3.618013333333333,2004.0,3802.14,2286.84,1158.46,2564.57,542.62,1656.41,0.0
11,289.0,17.8577,30.7636,6.1896,96.8052,23.464399999999998,15.523699999999998,18.4986,6.6771,2004.0,289.0,3.718,26.092599999999997,0.0,40.258,10.331599999999998,2.2180999999999997,6.816300000000001,1.6532,2004.0,289.0,10.323599999999999,28.161726666666667,1.2290999999999999,64.68064000000001,15.993620000000002,7.794466666666667,11.467039999999999,3.87538,2004.0,3211.01,1828.66,1192.82,2321.02,540.94,2040.05,0.06
12,305.0,14.746500000000001,32.7938,21.485599999999998,96.72740000000002,22.1305,16.4418,19.133499999999998,7.2366,2004.0,305.0,2.6647,22.1186,0.0,47.568299999999994,6.2538,-0.12519999999999998,3.6515999999999997,1.8552,2004.0,305.0,10.165913333333332,27.073026666666667,2.952,73.85817333333333,15.717353333333332,6.527353333333333,10.599086666666668,4.1196866666666665,2004.0,2968.14,1584.24,1107.78,2048.36,522.31,1754.6,0.0
