,DOY,INSgdmax,RADmax,RAINmax,RHmax,TMAXmax,TMINmax,Tmax,WINDmax,YEAR,DOY,INSgdmin,RADmin,RAINmin,RHmin,TMAXmin,TMINmin,Tmin,WINDmin,YEAR,DOY,INSgdmean,RADmean,RAINmean,RHmean,TMAXmean,TMINmean,Tmean,WINDmean,YEAR,NDVI,EVI,RED,NIR,BLUE,MIR,pixrel
0,113.0,26.2993,30.6376,11.2934,84.04849999999999,29.8036,17.661199999999997,20.6056,6.9973,2004.0,113.0,3.1495,25.4554,0.0,37.832300000000004,15.0798,2.4652000000000003,9.765099999999999,1.7530000000000001,2004.0,113.0,15.679893333333334,28.736253333333337,3.5638999999999994,62.845046666666654,20.32655333333333,9.970659999999999,15.151033333333332,4.5410466666666665,2004.0,4358.11,1633.88,477.87,1303.69,257.39,917.9,0.14
1,129.0,27.507799999999996,33.11879999999999,10.7333,94.41130000000001,30.0301,18.534599999999998,23.3098,5.089099999999999,2004.0,129.0,5.979900000000001,26.517100000000003,0.0,37.2061,11.0714,1.5529,8.3065,1.4255,2004.0,129.0,18.0651,30.10906666666667,3.898507692307693,67.67149333333334,21.273220000000002,10.876846666666665,16.114573333333333,3.06636,2004.0,4003.69,1652.55,511.97,1382.12,270.97,965.06,2.57
2,145.0,25.619200000000003,34.868300000000005,38.6134,89.86319999999998,26.5885,20.124299999999998,22.7084,5.1631,2004.0,145.0,11.555399999999999,27.6638,0.0,67.5064,17.773200000000003,9.213799999999999,13.563,1.6348,2004.0,145.0,18.122946666666664,31.410613333333327,10.667053333333335,81.48619333333333,22.944386666666666,15.310626666666662,19.089239999999997,3.3113066666666664,2004.0,5708.39,2747.55,431.38,1866.49,260.42,761.75,0.11
3,161.0,28.8959,34.625800000000005,25.607300000000002,89.8282,29.207100000000004,21.928500000000003,24.9681,4.2106,2004.0,161.0,6.199700000000001,29.0975,0.0,57.413500000000006,21.1239,9.5237,16.373600000000003,0.6703000000000001,2004.0,161.0,19.710279999999997,32.27388666666668,4.842873333333334,74.06166,26.491566666666667,17.376273333333334,21.821359999999995,2.560446666666667,2004.0,6228.33,3411.55,402.87,2196.39,268.61,631.58,0.06
4,177.0,31.3158,34.6559,16.5247,87.26570000000001,31.3887,20.998000000000005,24.7985,4.0482,2004.0,177.0,6.918900000000001,26.46,0.0,42.237399999999994,21.8272,6.972500000000001,15.1302,1.3872999999999998,2004.0,177.0,22.40806,29.764246666666665,2.70818,57.87926666666667,25.874766666666666,13.316500000000001,19.554,2.57604,2004.0,7164.62,4304.47,364.48,2707.01,237.25,598.6,0.64
5,193.0,27.0754,35.4687,13.6572,84.3758,30.7131,21.588699999999996,25.543000000000003,3.8208999999999995,2004.0,193.0,3.4076000000000004,30.393000000000004,0.0,58.3431,23.2852,10.881299999999998,18.584999999999997,1.0941,2004.0,193.0,19.636186666666667,32.69038666666667,4.209550000000001,73.62598666666666,28.002286666666663,17.741939999999996,22.713906666666663,2.4396733333333334,2004.0,7429.53,4090.96,273.62,2452.81,180.47,478.48,0.52
6,209.0,28.689100000000003,35.9483,27.3142,84.34790000000001,31.792700000000004,23.1046,26.9266,3.7788999999999997,2004.0,209.0,6.6266,28.0715,0.0,49.206599999999995,23.643699999999995,11.548599999999999,18.9928,0.9210999999999999,2004.0,209.0,18.004853333333337,32.38277333333333,3.8740799999999997,66.86295333333334,28.393539999999998,17.88928666666667,22.89838666666667,2.273839999999999,2004.0,7439.58,3858.11,249.55,2272.06,161.84,464.15,0.03
7,225.0,25.812299999999997,33.1642,15.409400000000002,79.7813,28.7987,19.5332,23.875,4.6011999999999995,2004.0,225.0,4.2758,27.895600000000005,0.0,42.1871,21.0377,9.436399999999999,15.596,0.844,2004.0,225.0,18.931553333333333,30.46066666666667,3.08896,57.925786666666674,25.20613333333333,12.738286666666665,19.077580000000005,2.6259,2004.0,7001.44,3735.7,273.82,2230.19,176.5,464.96,0.0
8,241.0,24.746199999999998,35.5345,25.517500000000002,90.25540000000001,29.605,22.542,25.2408,4.09,2004.0,241.0,8.3649,29.035,0.0,42.88780000000001,22.211399999999998,11.5597,17.092100000000002,0.9757,2004.0,241.0,18.420473333333334,31.940799999999996,4.85854,72.35769333333333,27.27033333333333,16.640933333333336,21.9022,2.386333333333333,2004.0,7065.12,3552.27,297.74,2143.8,188.31,495.96,0.02
9,257.0,24.301199999999998,33.48749999999999,24.246000000000002,88.41029999999999,29.603,20.5696,23.7145,5.1296,2004.0,257.0,7.7551,26.2067,0.0,40.315799999999996,20.952,9.4763,15.8345,1.1287000000000003,2004.0,257.0,19.53192,29.565940000000005,1.90812,59.59560666666666,25.97690666666667,14.80964,20.529646666666668,3.000346666666667,2004.0,6519.53,2962.81,308.15,1840.83,179.24,449.88,2.55
10,273.0,19.9887,30.581599999999998,7.781900000000001,64.09459999999999,28.3752,16.1539,22.1864,4.4212,2004.0,273.0,1.7762,24.165100000000002,0.0,31.637500000000003,13.689300000000001,0.9568000000000001,7.7109,1.2711999999999999,2004.0,273.0,16.39916666666667,27.030780000000004,0.94942,46.6013,21.73322666666667,8.91528,15.455173333333333,2.768566666666666,2004.0,5413.81,2167.43,395.45,1545.61,165.05,504.43,2.56
11,289.0,17.3317,32.2136,18.505200000000002,93.2584,20.9813,16.7306,19.109399999999997,6.568399999999999,2004.0,289.0,2.4617,24.9251,0.0,44.0566,9.452399999999999,0.12340000000000001,5.9664,1.9229999999999998,2004.0,289.0,8.434473333333333,28.264760000000006,2.940746666666667,71.54688000000002,14.336606666666665,7.283579999999998,10.657726666666665,3.3895466666666665,2004.0,4934.0,1865.32,419.55,1341.49,248.34,656.05,0.88
12,305.0,14.581199999999999,31.814600000000002,24.7282,95.99640000000001,22.36,18.489900000000002,20.499100000000002,6.7584,2004.0,305.0,1.9929000000000001,21.7767,0.0,67.11800000000001,7.7824,1.0078,5.401399999999999,1.9609,2004.0,305.0,8.611193333333333,27.24744,3.675248571428572,83.59898000000001,13.889459999999998,6.866813333333334,10.261773333333334,3.4201333333333337,2004.0,4857.47,1473.46,311.7,1029.46,167.09,513.31,2.65
