,DOY,INSgdmax,RADmax,RAINmax,RHmax,TMAXmax,TMINmax,Tmax,WINDmax,YEAR,DOY,INSgdmin,RADmin,RAINmin,RHmin,TMAXmin,TMINmin,Tmin,WINDmin,YEAR,DOY,INSgdmean,RADmean,RAINmean,RHmean,TMAXmean,TMINmean,Tmean,WINDmean,YEAR,NDVI,EVI,RED,NIR,BLUE,MIR,pixrel
0,113.0,27.744400000000002,31.137400000000003,7.3370999999999995,84.01660000000001,29.980600000000003,17.5247,20.5249,6.972799999999999,2004.0,113.0,3.3531,25.7581,0.0,38.2262,13.1147,1.0589,8.6131,1.93,2004.0,113.0,16.876906666666667,28.292746666666666,2.0334266666666663,61.926206666666666,19.614853333333336,9.033413333333334,14.285873333333335,4.266013333333333,2004.0,4452.17,1943.33,624.82,1642.48,314.5,1247.01,0.0
1,129.0,25.6762,32.5888,20.4879,95.95739999999999,28.295000000000005,17.8191,22.4369,4.9331000000000005,2004.0,129.0,9.2464,25.9994,0.0,32.5697,10.008099999999999,1.2467000000000001,6.9111,1.8938,2004.0,129.0,17.3395,29.556606666666664,3.6990461538461537,63.531040000000004,20.370399999999997,9.968173333333334,15.135326666666668,3.064993333333333,2004.0,4569.48,2128.13,665.08,1799.7,336.29,1279.52,0.0
2,145.0,28.8669,33.3238,33.8489,90.39569999999999,25.436899999999998,18.7636,21.3817,5.100899999999999,2004.0,145.0,6.1547,26.7743,0.0,68.8764,15.8466,8.2346,12.5717,1.8688999999999998,2004.0,145.0,19.103740000000002,30.262486666666668,10.976740000000001,81.74787333333332,21.190266666666666,13.574219999999999,17.462060000000005,3.1658799999999996,2004.0,6547.39,3737.81,518.54,2565.81,276.46,960.27,0.22
3,161.0,29.374200000000002,34.8806,24.6599,91.4812,28.511000000000003,21.6309,24.159400000000005,4.2835,2004.0,161.0,6.258900000000001,27.928499999999996,0.0,56.44969999999999,20.6111,9.4107,16.1996,0.8138000000000001,2004.0,161.0,20.63454666666667,31.769406666666665,6.001753333333333,73.74374666666665,25.5566,16.7355,21.043946666666663,2.564913333333333,2004.0,7672.24,5058.5,387.93,3254.3,213.69,763.04,0.06
4,177.0,30.9221,33.085699999999996,22.4926,80.4282,31.368899999999996,20.254399999999997,25.259,3.954,2004.0,177.0,11.0044,26.249400000000005,0.0,39.6584,20.5061,6.6949,14.8019,1.8676,2004.0,177.0,22.6459,29.29606666666667,3.0949,52.978359999999995,25.277253333333334,12.821893333333332,19.084100000000003,2.927773333333333,2004.0,7950.2,5446.95,373.27,3499.42,204.75,715.23,0.15
5,193.0,30.1093,34.223800000000004,17.104799999999997,85.5406,30.145200000000003,20.3815,24.6258,3.5451,2004.0,193.0,7.728999999999999,29.106099999999998,0.0,56.16510000000001,21.2535,10.400699999999999,16.997099999999996,1.2307,2004.0,193.0,20.58798,31.966139999999996,5.1943214285714285,72.57346666666668,27.239466666666665,16.859793333333332,21.810753333333334,2.4450666666666665,2004.0,8305.66,5709.32,316.27,3579.77,174.61,617.61,0.92
6,209.0,26.5612,35.5601,22.523400000000002,86.1871,30.6889,22.9593,25.7652,3.9467,2004.0,209.0,10.3301,28.2481,0.0,46.3239,24.175700000000003,11.951799999999999,19.4149,0.9606,2004.0,209.0,19.387746666666665,32.29264,4.6148266666666675,65.69564,27.77896,17.831639999999997,22.597066666666667,2.2290200000000002,2004.0,8189.4,5028.46,267.97,3013.25,147.88,570.87,0.0
7,225.0,28.427599999999998,33.0894,13.1833,76.386,27.717,18.6511,22.558999999999997,4.6744,2004.0,225.0,8.4999,27.209999999999997,0.0,44.162,18.7657,8.368799999999998,14.5535,0.8628,2004.0,225.0,18.82608666666667,30.169040000000003,3.613173333333333,59.403066666666675,24.00984,12.105533333333334,18.169099999999997,2.737893333333334,2004.0,8011.71,4675.57,277.88,2789.88,153.54,551.27,0.0
8,241.0,24.970699999999997,33.999300000000005,19.651699999999998,91.7949,30.074099999999998,20.8898,24.160600000000002,4.5472,2004.0,241.0,7.5028999999999995,28.8876,0.0,38.68379999999999,21.9663,9.526499999999999,15.9115,1.2943000000000002,2004.0,241.0,18.62494,31.30544666666666,3.7819733333333336,71.41414666666667,26.43969333333333,16.04428,21.214646666666663,2.5340800000000003,2004.0,7746.11,4587.39,338.57,2834.18,185.32,630.57,0.01
9,257.0,24.01,33.93599999999999,27.7228,87.0297,29.5268,20.5753,23.624,5.2509999999999994,2004.0,257.0,6.8032,25.5901,0.0,39.6466,20.194899999999997,8.965699999999998,15.246099999999998,1.2211999999999998,2004.0,257.0,18.48004,29.66479333333334,3.7719866666666664,59.64194666666666,25.439566666666664,14.686933333333334,20.097433333333335,3.2488399999999995,2004.0,7001.6,3708.92,399.21,2369.54,211.83,649.85,0.0
10,273.0,19.5188,30.777400000000004,15.6717,65.97710000000001,27.5339,15.331600000000002,21.352800000000002,4.5469,2004.0,273.0,3.5721,23.5842,0.0,32.8004,12.9194,0.19490000000000002,6.831399999999999,0.7149,2004.0,273.0,16.05092,26.773486666666667,1.3085266666666668,47.26934666666666,20.952159999999996,8.428640000000001,14.88204,3.0082400000000002,2004.0,5549.55,2514.41,520.99,1878.74,212.08,746.23,0.0
11,289.0,16.825599999999998,30.8334,20.922800000000002,93.99640000000001,20.6209,15.5744,17.827299999999997,6.619300000000001,2004.0,289.0,2.9225000000000003,24.2466,0.0,49.9534,8.8731,-0.1137,4.4302,1.5283,2004.0,289.0,8.15352,27.65338666666667,4.616126666666667,72.03186,13.275146666666666,6.316473333333334,9.602933333333333,3.1467866666666664,2004.0,5432.39,2168.41,447.27,1544.23,222.94,755.34,0.11
12,305.0,13.9238,30.9325,18.0382,94.2723,21.056700000000003,16.0788,19.1309,6.125,2004.0,305.0,2.1237,21.428799999999995,0.0,58.036500000000004,7.038,0.3714,4.3203,1.217,2004.0,305.0,8.03522,26.694646666666667,2.481379523809524,83.09317999999999,12.336746666666665,5.569746666666664,8.799106666666667,3.3150600000000003,2004.0,4916.76,1706.15,421.43,1256.27,215.25,797.96,0.0
