,DOY,INSgdmax,RADmax,RAINmax,RHmax,TMAXmax,TMINmax,Tmax,WINDmax,YEAR,DOY,INSgdmin,RADmin,RAINmin,RHmin,TMAXmin,TMINmin,Tmin,WINDmin,YEAR,DOY,INSgdmean,RADmean,RAINmean,RHmean,TMAXmean,TMINmean,Tmean,WINDmean,YEAR,NDVI,EVI,RED,NIR,BLUE,MIR,pixrel
0,113.0,28.58,30.74,11.96,85.23,30.6,17.26,21.83,9.25,2004.0,113.0,2.84,25.88,0.0,36.81,12.09,3.43,10.08,1.71,2004.0,113.0,18.69533333333333,28.236,2.6953333333333336,63.52599999999998,20.358,9.452666666666667,14.963333333333333,4.802666666666667,2004.0,5849.21,3739.46,746.93,2906.3,395.11,1642.95,0.0
1,129.0,29.38,32.69,41.17,90.53,30.65,18.52,24.45,5.64,2004.0,129.0,7.45,24.41,0.0,36.05,11.98,1.03,6.09,2.13,2004.0,129.0,19.901999999999997,29.491333333333333,6.1800000000000015,65.03999999999999,21.094,10.357999999999999,15.630666666666663,3.9013333333333327,2004.0,6605.54,4118.23,579.12,2899.85,306.96,1287.87,0.25
2,145.0,26.64,33.48,32.55,91.55,27.56,18.9,21.78,6.64,2004.0,145.0,10.08,27.83,0.0,61.06,16.27,7.99,13.5,2.15,2004.0,145.0,19.262,31.16666666666667,9.389333333333333,81.26,22.492666666666665,13.899333333333335,18.178666666666672,3.8706666666666667,2004.0,7105.31,4765.82,540.35,3277.39,292.35,1122.77,0.0
3,161.0,31.39,35.35,23.08,93.6,28.84,21.14,24.51,5.7,2004.0,161.0,13.18,28.4,0.0,53.34,20.34,10.47,15.38,1.41,2004.0,161.0,20.61866666666667,32.164666666666676,6.086666666666668,74.59266666666667,26.245333333333335,17.101333333333336,21.351999999999997,3.2573333333333334,2004.0,7489.72,5476.43,533.92,3779.0,294.27,1003.71,0.01
4,177.0,31.54,34.42,18.09,90.19,29.74,21.29,23.86,4.34,2004.0,177.0,9.32,27.5,0.0,45.35,19.5,6.91,15.03,1.81,2004.0,177.0,21.627333333333333,30.162,2.768666666666667,60.51000000000001,24.448,13.295333333333334,18.804,2.72,2004.0,7845.44,5142.86,395.45,3287.26,215.19,785.88,0.03
5,193.0,29.95,35.32,18.21,86.53,31.0,21.01,24.81,4.15,2004.0,193.0,9.72,29.3,0.0,59.1,21.34,13.05,17.45,1.11,2004.0,193.0,20.466666666666665,32.564,5.265714285714285,76.30333333333331,27.17666666666667,17.589333333333332,22.10733333333333,2.493333333333333,2004.0,7916.43,5388.93,400.11,3469.36,219.15,852.2,0.0
6,209.0,26.78,34.92,15.58,86.63,31.32,22.25,25.59,5.19,2004.0,209.0,9.25,27.43,0.0,52.45,23.99,11.34,18.05,1.02,2004.0,209.0,20.216666666666665,32.211999999999996,3.5159999999999996,69.77933333333334,27.848666666666663,17.362666666666666,22.32133333333333,2.7526666666666673,2004.0,7988.34,5830.67,422.0,3854.63,228.28,913.53,0.0
7,225.0,27.4,33.12,6.8,76.92,29.22,16.74,22.38,4.73,2004.0,225.0,11.41,28.44,0.0,49.52,19.74,7.56,14.14,1.48,2004.0,225.0,20.130666666666674,30.945333333333334,1.044,63.12333333333333,24.11200000000001,12.468666666666667,18.360666666666663,2.927333333333333,2004.0,7898.46,5461.33,410.09,3562.92,223.19,834.23,0.82
8,241.0,24.98,35.21,20.9,89.82,31.01,20.15,23.69,4.4,2004.0,241.0,11.63,28.76,0.0,51.75,21.35,9.35,16.23,1.43,2004.0,241.0,20.723999999999997,31.405999999999995,4.542666666666666,73.90733333333331,27.167333333333332,16.457333333333334,21.471333333333337,2.986666666666667,2004.0,7857.92,5244.89,397.84,3375.42,214.14,818.73,0.0
9,257.0,24.23,35.35,25.65,83.5,31.8,20.84,24.75,6.19,2004.0,257.0,9.79,25.38,0.0,43.42,21.67,8.55,15.5,1.48,2004.0,257.0,19.435333333333332,30.186,2.6206666666666667,61.15399999999999,26.14133333333333,14.845333333333336,20.367333333333338,4.111333333333333,2004.0,6725.74,4294.6,590.26,3059.69,295.92,1088.02,0.0
10,273.0,19.08,31.75,5.45,73.49,27.19,17.53,22.26,5.84,2004.0,273.0,4.54,24.62,0.0,29.79,13.93,-0.95,6.75,0.96,2004.0,273.0,15.842,28.258666666666667,0.674,47.144,21.803333333333335,9.104000000000001,15.762666666666668,3.5100000000000007,2004.0,6156.0,3904.35,697.91,2951.04,358.66,1270.48,0.0
11,289.0,17.03,30.49,6.32,97.0,22.77,14.97,18.27,6.36,2004.0,289.0,3.85,26.03,0.0,41.46,8.91,0.2,6.28,1.28,2004.0,289.0,10.205333333333334,28.088,1.204,66.68333333333334,15.197333333333336,6.883333333333335,10.708666666666666,3.750666666666667,2004.0,5245.31,2950.52,744.82,2408.56,374.39,1357.94,0.0
12,305.0,14.18,32.08,28.49,97.78,21.95,16.55,19.2,7.16,2004.0,305.0,2.63,21.71,0.0,49.76,6.36,-0.43,3.86,1.82,2004.0,305.0,9.335333333333333,26.89933333333333,3.8485714285714283,77.95266666666666,14.536666666666667,5.929999999999999,9.826666666666666,3.9939999999999998,2004.0,4680.24,2493.15,768.74,2155.75,391.1,1503.11,0.0
