,DOY,INSgdmax,RADmax,RAINmax,RHmax,TMAXmax,TMINmax,Tmax,WINDmax,YEAR,DOY,INSgdmin,RADmin,RAINmin,RHmin,TMAXmin,TMINmin,Tmin,WINDmin,YEAR,DOY,INSgdmean,RADmean,RAINmean,RHmean,TMAXmean,TMINmean,Tmean,WINDmean,YEAR,NDVI,EVI,RED,NIR,BLUE,MIR,pixrel
0,112.99999999999999,26.9662,31.0808,10.639299999999999,85.181,30.430999999999997,17.522699999999997,20.6329,7.4144000000000005,2004.0,112.99999999999999,3.5559,26.165900000000004,0.0,38.580200000000005,13.903500000000001,2.0997,9.703499999999998,1.8452000000000002,2004.0,112.99999999999999,16.62744,28.45126666666667,2.7249199999999996,62.028886666666665,19.990160000000003,9.334613333333333,14.60626,4.436866666666667,2004.0,4840.57,2140.15,611.43,1729.64,305.12,1228.29,0.0
1,129.0,25.9826,32.6856,18.7291,94.676,29.013799999999996,18.1491,22.9767,5.1861,2004.0,129.0,8.3594,26.025000000000002,0.0,34.32769999999999,10.228299999999999,1.1825,6.6259,1.9094,2004.0,129.0,17.947633333333332,29.68172666666667,3.8456153846153844,63.79465333333333,20.677559999999996,10.144173333333333,15.361660000000002,3.2426999999999992,2004.0,5014.1,2346.9,631.04,1874.6,319.62,1215.28,0.0
2,145.0,28.448700000000002,33.7144,36.402499999999996,90.65690000000001,25.6187,19.1224,21.7081,5.4821,2004.0,145.0,8.0531,27.2771,0.0,67.4016,16.3344,8.1702,12.9069,1.8723,2004.0,145.0,18.720979999999997,30.64752666666667,10.79294,81.31352666666666,21.72504,13.842393333333332,17.8843,3.3106666666666666,2004.0,6092.46,3182.36,555.64,2261.83,292.81,1011.66,0.0
3,161.0,29.866399999999995,34.97840000000001,25.780299999999997,91.2928,28.769400000000005,21.5695,24.279200000000003,4.5007,2004.0,161.0,7.9173,28.9085,0.0,53.938900000000004,20.693099999999998,9.430499999999999,16.197599999999998,0.8506,2004.0,161.0,20.364293333333336,32.13871333333333,5.8785533333333335,73.34406666666668,25.958186666666666,16.97254,21.31792,2.6947666666666668,2004.0,7436.95,4234.68,387.66,2653.43,222.34,697.03,0.11
4,177.0,30.7757,33.6413,20.769599999999997,79.24839999999999,31.390100000000004,20.650599999999997,24.8684,4.1058,2004.0,177.0,9.4856,26.399000000000004,0.0,40.1946,20.5949,6.9679,14.998899999999999,1.8754,2004.0,177.0,22.49798,29.553386666666665,2.9710600000000005,54.11026666666667,25.38372,12.92505333333333,19.2019,2.84912,2004.0,8234.15,5097.73,298.33,3084.11,170.68,560.9,0.23
5,193.0,29.512700000000002,34.366600000000005,17.4874,85.5744,30.6746,20.613500000000002,24.7956,3.6689,2004.0,193.0,7.0892,29.512699999999995,0.0,55.3225,22.1543,10.0263,17.2621,1.0683,2004.0,193.0,20.763486666666665,32.104993333333326,4.675235714285715,72.65785333333332,27.57613333333333,17.017073333333332,22.053913333333334,2.45104,2004.0,8333.03,5797.72,323.95,3633.5,184.17,641.27,0.5
6,209.0,27.247,35.3939,23.464600000000004,86.9045,30.9313,22.651899999999998,25.856,4.1777,2004.0,209.0,8.9079,28.240299999999998,0.0,47.5959,24.0565,11.622,19.1853,1.024,2004.0,209.0,19.695773333333335,32.25394666666666,4.453293333333334,66.94993333333333,27.85608,17.6932,22.560760000000002,2.3113533333333334,2004.0,8425.79,5324.74,269.63,3193.87,150.25,571.13,0.0
7,225.0,27.7338,33.181599999999996,14.611099999999999,78.03540000000001,28.1312,18.7223,22.784599999999998,4.768800000000001,2004.0,225.0,7.7091,27.7228,0.0,44.7122,19.0107,8.4824,14.5745,0.8006000000000001,2004.0,225.0,19.155526666666667,30.380586666666662,2.9443466666666667,60.26442666666667,24.17252,12.135226666666666,18.261006666666667,2.7785466666666663,2004.0,8192.66,4995.27,296.05,3003.5,169.95,547.52,0.0
8,241.0,24.772499999999997,34.3381,24.5825,92.6349,30.460100000000004,20.902,24.114399999999996,4.475,2004.0,241.0,8.7307,29.0896,0.0,42.0954,22.3935,9.8665,16.2673,1.1629,2004.0,241.0,18.821526666666664,31.50579333333333,5.0262,72.09517333333334,26.67945333333333,16.138053333333332,21.3381,2.557733333333333,2004.0,7900.65,4846.18,349.44,2998.57,197.69,612.89,0.0
9,257.0,24.1124,34.2538,37.18900000000001,86.7695,30.127200000000002,20.646299999999997,23.726599999999998,5.3236,2004.0,257.0,7.1912,25.5561,0.0,40.3998,20.4079,9.1445,15.197099999999999,1.3149999999999997,2004.0,257.0,18.540946666666667,29.753406666666667,4.51012,60.5656,25.61240666666667,14.571693333333334,20.122619999999998,3.3587866666666666,2004.0,7257.36,3862.35,386.85,2439.68,206.56,628.42,0.0
10,273.0,19.4362,30.7828,9.3609,67.48270000000001,27.5045,15.6948,21.3386,4.7749,2004.0,273.0,3.0849,23.890200000000004,0.0,32.8378,13.088799999999999,0.3047,6.734999999999999,0.8137,2004.0,273.0,15.962453333333332,26.95879333333333,0.8739800000000001,47.689613333333334,21.120933333333333,8.315320000000002,14.949919999999999,3.03352,2004.0,7291.11,3401.55,328.56,2090.67,153.09,572.13,0.0
11,289.0,16.868199999999998,30.6096,15.5588,94.7612,21.0039,15.385200000000001,17.9403,6.6835,2004.0,289.0,2.9896999999999996,24.9116,0.0,48.121,8.6921,-0.5035000000000001,4.9836,1.5939,2004.0,289.0,8.255720000000002,27.917546666666667,3.465513333333334,71.68811333333333,13.649986666666667,6.3390466666666665,9.84572,3.294333333333334,2004.0,4907.42,2308.42,672.62,1867.98,412.5,948.12,1.12
12,305.0,14.1786,31.3195,21.4578,95.2151,21.205299999999998,17.1428,19.432300000000005,6.481399999999999,2004.0,305.0,2.2792999999999997,21.5112,0.0,60.09769999999999,6.9796,0.2266,4.3367,1.4728,2004.0,305.0,8.312713333333335,26.822380000000003,2.683936666666667,83.36556666666665,12.737533333333332,5.728466666666666,9.055746666666668,3.4470600000000005,2004.0,5475.51,1965.83,404.22,1374.1,200.09,759.95,0.05
