,DOY,INSgdmax,RADmax,RAINmax,RHmax,TMAXmax,TMINmax,Tmax,WINDmax,YEAR,DOY,INSgdmin,RADmin,RAINmin,RHmin,TMAXmin,TMINmin,Tmin,WINDmin,YEAR,DOY,INSgdmean,RADmean,RAINmean,RHmean,TMAXmean,TMINmean,Tmean,WINDmean,YEAR,NDVI,EVI,RED,NIR,BLUE,MIR,pixrel
0,113.0,25.6708,30.5488,11.966800000000003,85.91919999999999,28.9052,17.704,21.061999999999998,6.882000000000001,2004.0,113.0,3.7399999999999998,25.6156,0.0,37.307199999999995,14.5844,2.1636,8.832,1.862,2004.0,113.0,15.701680000000001,28.745733333333337,3.27264,62.08549333333333,20.348533333333332,9.952720000000001,15.245413333333333,4.591333333333333,2004.0,2931.37,763.22,114.85,882.1,-54.45,408.79,63.88
1,129.0,28.7156,33.0288,16.6544,91.4864,29.520400000000002,18.311999999999998,22.880799999999997,5.045599999999999,2004.0,129.0,7.549199999999999,26.062400000000004,0.0,37.674,13.1736,1.8988,8.7936,1.3136,2004.0,129.0,18.054640000000003,30.26965333333333,4.113507692307692,69.79437333333334,21.29264,11.256026666666667,16.20581333333333,3.0004800000000005,2004.0,2989.9,784.47,93.13,909.43,-81.89,437.49,68.94
2,145.0,26.4504,34.3892,44.611999999999995,89.51599999999999,26.483999999999998,19.808799999999998,22.839999999999996,4.8992,2004.0,145.0,6.9112,27.108800000000002,0.0,69.4508,18.0784,9.5872,13.5808,1.7932000000000001,2004.0,145.0,18.34616,31.167119999999993,10.766586666666667,81.36698666666666,23.039920000000002,15.36008,19.116213333333338,3.3138666666666663,2004.0,3655.69,1472.32,73.99,1281.52,-80.06,345.25,68.92
3,161.0,28.604,35.40560000000001,23.665599999999998,88.90639999999999,29.669600000000003,21.881599999999995,25.169199999999996,4.2132000000000005,2004.0,161.0,5.1304,29.340000000000003,0.0,57.8364,21.2012,9.308,16.4676,0.68,2004.0,161.0,20.441866666666662,32.71085333333333,4.305359999999999,73.07221333333334,26.679386666666662,17.34197333333333,21.916106666666668,2.4853599999999996,2004.0,4860.76,2598.59,-10.82,1815.0,-104.49,190.71,66.39
4,177.0,31.18,34.0672,19.1968,86.44000000000001,31.640400000000003,20.6028,25.714399999999998,3.9748,2004.0,177.0,9.5012,26.379200000000004,0.0,42.62,21.0668,6.762800000000001,15.424000000000003,1.3416000000000001,2004.0,177.0,22.114026666666664,29.697013333333327,2.689333333333333,56.635306666666665,26.261440000000004,13.421519999999997,19.88024,2.6649333333333325,2004.0,5015.03,2966.62,-1.5,2076.08,-92.34,188.72,66.67
5,193.0,27.518,35.6436,10.538400000000001,80.59360000000001,31.364,21.743600000000004,25.573600000000003,3.8156,2004.0,193.0,9.9696,29.4912,0.0,58.601200000000006,22.946,11.5692,18.9588,1.5468,2004.0,193.0,20.063546666666667,32.562,2.8259714285714286,71.6144,28.299599999999998,17.984506666666668,22.931866666666668,2.5707733333333334,2004.0,5488.29,3096.66,-36.79,2036.22,-102.1,138.77,61.76
6,209.0,28.619199999999996,36.4736,19.7684,78.7072,32.7028,22.922800000000002,27.068800000000003,3.432,2004.0,209.0,7.0672,29.086800000000004,0.0,48.23480000000001,23.5024,12.1228,18.776,1.2456,2004.0,209.0,17.942240000000005,32.72706666666666,3.430426666666667,63.95759999999999,28.901520000000005,17.837893333333334,23.18226666666667,2.3236800000000004,2004.0,5520.06,2775.58,-77.72,1748.31,-129.41,86.09,58.75
7,225.0,28.201999999999998,33.282399999999996,14.450400000000002,75.4864,28.951999999999995,19.852000000000004,24.2536,4.6312,2004.0,225.0,4.4712,26.540800000000004,0.0,43.8172,21.4628,9.2704,15.734799999999998,0.6964000000000001,2004.0,225.0,18.90872,30.641066666666667,3.045546666666667,56.186240000000005,25.579279999999994,12.994559999999996,19.37856,2.62512,2004.0,5222.38,2505.02,-86.26,1616.19,-146.85,51.79,63.81
8,241.0,25.3076,35.5816,24.028,88.506,30.0828,22.8204,25.527600000000003,4.1284,2004.0,241.0,5.5036000000000005,28.5524,0.0,42.6024,21.6004,11.431600000000001,17.0648,1.1672,2004.0,241.0,17.546560000000003,31.994586666666663,4.880613333333334,71.77080000000001,27.372799999999994,16.396613333333338,21.86461333333333,2.4247466666666666,2004.0,4908.61,2575.15,66.64,1816.77,-11.07,201.58,61.36
9,257.0,24.3112,33.764399999999995,14.1328,86.53280000000001,29.660800000000002,20.848799999999997,23.8344,5.436800000000001,2004.0,257.0,6.1728000000000005,26.080000000000005,0.0,38.37200000000001,21.2744,9.612,15.9296,1.394,2004.0,257.0,19.42632,29.626640000000002,1.9964000000000004,58.52160000000001,26.251146666666664,14.911280000000001,20.714,2.93376,2004.0,4419.93,1949.38,-18.55,1441.7,-127.68,107.05,71.49
10,273.0,20.218,31.205600000000004,6.594799999999999,62.099199999999996,29.130000000000003,17.1572,22.9736,4.4544,2004.0,273.0,2.3288,23.3808,0.0,32.8436,13.939599999999999,0.5028,8.628400000000001,1.27,2004.0,273.0,17.065599999999996,26.787680000000005,0.8069333333333334,46.57861333333333,22.07624,9.304986666666665,15.717120000000001,2.7788800000000005,2004.0,3532.19,1035.2,44.56,1010.78,-136.7,141.25,68.9
11,289.0,17.6292,33.2224,26.5892,92.51840000000001,21.591600000000003,17.6208,19.9536,6.827999999999999,2004.0,289.0,1.9220000000000002,24.1168,0.0,45.6696,9.4964,0.8424,5.7516,1.9832,2004.0,289.0,8.465679999999999,28.126133333333332,5.47512,70.83181333333334,14.379093333333335,7.833520000000001,10.8632,3.395013333333333,2004.0,3395.05,819.19,22.49,809.17,-99.74,179.63,66.45
12,305.0,14.5704,31.5912,19.4696,94.7516,22.292799999999996,17.6552,20.373999999999995,6.9636,2004.0,305.0,2.3868,21.5892,0.0,69.98440000000001,7.8296,1.2392,5.6907999999999985,1.9268000000000003,2004.0,305.0,8.53232,27.384666666666668,3.2161600000000004,83.89954666666667,13.580133333333333,7.07136,10.30064,3.43032,2004.0,3452.91,657.07,-15.39,672.03,-124.84,200.83,66.41
