,DOY,INSgdmax,RADmax,RAINmax,RHmax,TMAXmax,TMINmax,Tmax,WINDmax,YEAR,DOY,INSgdmin,RADmin,RAINmin,RHmin,TMAXmin,TMINmin,Tmin,WINDmin,YEAR,DOY,INSgdmean,RADmean,RAINmean,RHmean,TMAXmean,TMINmean,Tmean,WINDmean,YEAR,NDVI,EVI,RED,NIR,BLUE,MIR,pixrel
0,113.0,27.9448,30.7352,10.346,86.12559999999999,31.8624,17.2956,22.465600000000002,9.347999999999999,2004.0,113.0,3.9776000000000002,26.0044,0.0,36.504,11.6924,3.5616,9.2972,2.248,2004.0,113.0,18.73528,28.28512,2.1903733333333335,61.799546666666664,20.133946666666663,8.392933333333334,14.30816,4.825279999999999,2004.0,4027.15,2543.18,1155.64,2698.16,585.41,2558.36,0.24
1,129.0,29.2536,32.3836,27.2252,90.0492,29.8112,17.5552,23.2548,6.2692,2004.0,129.0,8.436399999999999,24.4044,0.0,35.406800000000004,8.668,-0.5212,4.2627999999999995,2.776,2004.0,129.0,20.65965333333334,28.965973333333338,5.702430769230769,62.68034666666666,20.661920000000002,9.31608,15.059999999999999,4.46632,2004.0,4476.3,2829.44,1036.16,2724.26,528.3,2208.95,0.95
2,145.0,26.9408,32.98,41.5084,91.5064,28.5736,18.2256,21.630399999999998,7.2868,2004.0,145.0,6.933999999999999,27.4,0.0,58.057199999999995,15.239999999999998,6.6512,12.0052,2.7744,2004.0,145.0,18.503306666666667,30.561466666666668,8.5588,79.5932,21.91496,12.720906666666666,17.230559999999997,4.1944,2004.0,4964.29,3187.1,954.15,2840.16,493.53,2102.81,0.0
3,161.0,31.7612,34.729600000000005,20.357599999999998,94.3888,29.3604,20.933999999999997,24.0656,6.6952,2004.0,161.0,9.72,27.85,0.0,51.3604,19.288,9.9816,14.694399999999998,1.7504000000000002,2004.0,161.0,20.929413333333336,31.622053333333337,4.37072,74.54114666666668,25.804186666666666,16.270346666666665,20.742213333333332,3.3621333333333334,2004.0,6484.13,4416.44,699.98,3292.82,375.23,1305.11,0.0
4,177.0,31.756,34.1948,17.159999999999997,88.4848,30.5116,20.6264,24.1508,4.2212000000000005,2004.0,177.0,10.3608,25.5928,0.0,43.9232,18.2708,6.8096,14.319199999999999,2.036,2004.0,177.0,22.47613333333333,29.563333333333333,2.2152000000000003,58.36394666666666,24.334533333333333,12.926986666666664,18.51344,2.9463999999999997,2004.0,7932.81,5498.4,404.05,3558.41,221.62,859.34,0.0
5,193.0,30.17,34.6392,13.0488,89.4924,30.746000000000002,20.8808,24.1344,4.2724,2004.0,193.0,5.6776,29.6552,0.0,68.2004,20.861200000000004,11.8216,16.614800000000002,1.6092,2004.0,193.0,21.21458666666667,32.39290666666667,4.542571428571428,77.64338666666667,26.642400000000002,16.87325333333333,21.393493333333335,2.7225866666666665,2004.0,8307.07,6375.44,377.42,4188.9,207.84,843.93,0.17
6,209.0,28.517200000000003,34.844,18.5396,87.34440000000001,31.9448,21.974,25.102,5.5304,2004.0,209.0,8.48,27.0488,0.0,49.4316,24.2744,10.2152,17.938000000000002,0.9568,2004.0,209.0,21.68997333333333,31.66008,4.755866666666667,67.60896,27.952080000000002,16.652586666666664,21.965093333333336,2.9634666666666662,2004.0,8431.27,6872.51,380.62,4600.7,210.77,888.34,0.0
7,225.0,26.464,32.8104,13.0424,78.8068,28.324399999999997,17.1496,21.648400000000002,5.268,2004.0,225.0,11.435200000000002,28.233199999999997,0.0,50.1104,19.4096,6.7872,13.624799999999999,1.2155999999999998,2004.0,225.0,20.83669333333333,30.67944,2.4653599999999996,64.18629333333332,23.616933333333336,12.162053333333333,17.95549333333333,3.25408,2004.0,8256.49,6269.63,380.55,4114.88,208.61,824.29,0.04
8,241.0,25.186,33.894400000000005,10.722000000000001,87.4952,30.272,19.4776,23.9568,4.8916,2004.0,241.0,12.9328,27.884,0.0,50.9032,20.352000000000004,9.037600000000001,15.806000000000001,2.2560000000000002,2004.0,241.0,20.486906666666666,30.77776,1.50968,72.91279999999999,27.124826666666664,15.915893333333333,21.07837333333333,3.4975466666666666,2004.0,8042.57,5911.0,412.74,3897.13,223.82,841.18,0.0
9,257.0,24.0552,34.3888,25.8356,83.2784,31.6524,20.5392,24.8784,7.7224,2004.0,257.0,5.155200000000001,27.961600000000004,0.0,43.7644,20.9908,8.0656,14.942799999999998,1.5192,2004.0,257.0,17.37053333333333,30.781626666666668,4.741626666666666,60.737759999999994,26.17890666666667,14.837306666666665,20.309679999999997,4.928693333333333,2004.0,5689.59,3693.99,815.46,2991.38,419.37,1266.47,0.0
10,273.0,19.5496,33.1684,16.1788,73.6104,26.662799999999997,16.1108,21.430799999999998,6.5188,2004.0,273.0,7.7059999999999995,23.903599999999997,0.0,32.3232,13.6892,-1.0868,6.7532,1.2968,2004.0,273.0,15.835546666666666,28.563973333333337,2.3673866666666665,49.70111999999999,21.36085333333333,9.045813333333333,15.300106666666668,4.083573333333333,2004.0,4250.88,2645.95,1103.09,2712.18,542.89,1639.49,0.0
11,289.0,17.4344,30.1892,4.034,98.44800000000001,23.3496,14.7252,18.418400000000002,6.7864,2004.0,289.0,3.64,25.2288,0.0,41.482,8.5156,0.43879999999999997,5.8591999999999995,1.4328,2004.0,289.0,10.208293333333332,27.59744,1.0136266666666667,65.17306666666667,14.828800000000001,6.941866666666667,10.39992,3.8458933333333336,2004.0,3576.92,2174.06,1233.83,2589.44,579.63,1940.09,0.0
12,305.0,13.234,32.0744,15.1792,98.9192,20.840799999999998,14.6416,17.64,7.6272,2004.0,305.0,2.8208,20.8388,0.0,46.086,5.429600000000001,0.1008,2.6864,1.7788,2004.0,305.0,9.583999999999998,26.398266666666665,2.1371142857142855,75.13304,13.959226666666666,5.21408,9.125013333333335,4.242186666666667,2004.0,3321.17,1826.05,1084.59,2157.4,526.55,1892.45,0.0
