,DOY,INSgdmax,RADmax,RAINmax,RHmax,TMAXmax,TMINmax,Tmax,WINDmax,YEAR,DOY,INSgdmin,RADmin,RAINmin,RHmin,TMAXmin,TMINmin,Tmin,WINDmin,YEAR,DOY,INSgdmean,RADmean,RAINmean,RHmean,TMAXmean,TMINmean,Tmean,WINDmean,YEAR,NDVI,EVI,RED,NIR,BLUE,MIR,pixrel
0,113.0,27.7658,30.572200000000002,15.333199999999998,89.229,29.274600000000003,17.1594,20.3748,8.2388,2004.0,113.0,3.4226,25.0988,0.0,41.668,12.376800000000001,1.2506,8.663,1.8234,2004.0,113.0,18.545733333333335,27.96817333333334,3.27596,63.87006666666667,19.152559999999998,7.655213333333334,13.18672,4.42512,2004.0,3852.68,1567.23,548.22,1462.1,267.36,983.31,15.38
1,129.0,29.3744,31.9722,20.9308,86.97479999999999,27.256,16.8166,21.197,5.2942,2004.0,129.0,11.0598,23.8168,0.0,34.8264,9.153199999999998,-0.9817999999999999,4.9998000000000005,2.1312,2004.0,129.0,20.179746666666663,28.455066666666664,4.961446153846154,58.363746666666664,19.519600000000004,8.674826666666668,14.089733333333335,3.890053333333334,2004.0,3971.87,1755.24,508.66,1616.36,207.3,984.52,25.51
2,145.0,28.2596,32.5042,36.9552,93.42439999999999,25.247600000000002,16.683,20.5646,6.5287999999999995,2004.0,145.0,5.454000000000001,28.047400000000003,0.0,60.0106,14.342400000000001,6.379,10.831599999999998,2.0328,2004.0,145.0,16.760186666666662,30.18784,9.098946666666667,79.31830666666667,20.512306666666667,11.968546666666667,16.245240000000003,3.7488533333333334,2004.0,4915.62,2544.67,442.66,1997.06,184.93,826.13,25.5
3,161.0,28.657000000000004,34.3426,27.557199999999998,92.95280000000001,29.3166,21.174400000000002,24.2168,5.9719999999999995,2004.0,161.0,5.257,28.9918,0.0,50.7118,19.5352,8.965000000000002,15.333400000000001,1.2426000000000001,2004.0,161.0,19.023266666666668,31.654039999999995,5.489599999999999,72.16741333333334,25.216826666666666,15.877373333333335,20.29024,3.004973333333334,2004.0,6124.01,3570.91,324.55,2394.51,157.67,571.7,17.91
4,177.0,30.814,33.9716,19.797800000000002,65.885,31.4204,20.491000000000003,25.107599999999998,4.3124,2004.0,177.0,10.141599999999999,25.9192,0.0,39.117200000000004,19.049599999999998,6.597200000000001,14.552800000000001,1.6663999999999999,2004.0,177.0,23.512359999999997,29.220560000000006,2.6558133333333336,50.068826666666666,24.92085333333333,12.33508,18.782653333333336,3.198106666666667,2004.0,6720.58,4072.07,262.41,2622.0,124.29,469.67,17.91
5,193.0,30.1124,33.58420000000001,28.242800000000003,89.59560000000002,31.431600000000003,20.1536,24.061999999999998,3.7276,2004.0,193.0,9.717200000000002,28.692600000000006,0.0,53.0786,19.004399999999997,8.6574,15.4648,1.0748000000000002,2004.0,193.0,21.931573333333333,31.611013333333332,4.788957142857143,70.90854666666667,27.014266666666664,16.045693333333332,21.28168,2.6820266666666672,2004.0,6920.27,4055.09,164.36,2519.65,53.84,361.86,26.24
6,209.0,25.615,34.655,24.726599999999998,91.4564,31.2496,21.870600000000003,24.8688,4.9277999999999995,2004.0,209.0,7.0278,27.3376,0.0,44.371199999999995,24.1468,9.967400000000001,18.470799999999997,0.7449999999999999,2004.0,209.0,20.645173333333336,31.433386666666664,4.973373333333333,63.067719999999994,27.873079999999995,16.641053333333332,22.02904,2.499346666666667,2004.0,6677.45,4018.02,211.38,2576.76,75.49,438.96,25.51
7,225.0,28.315400000000004,32.7388,6.4894,77.2004,26.534000000000002,16.451800000000002,20.2984,5.3528,2004.0,225.0,13.093,28.001600000000003,0.0,49.6266,16.2468,6.174,12.807999999999998,1.0532000000000001,2004.0,225.0,19.85404,30.368239999999993,1.0459066666666668,64.44586666666666,22.863186666666667,11.547413333333331,17.177840000000003,3.210693333333333,2004.0,6557.94,4031.08,229.93,2640.07,82.38,456.03,28.1
8,241.0,25.013,34.1446,18.340600000000002,91.8098,29.7106,19.1588,23.0992,4.916799999999999,2004.0,241.0,12.1666,28.143799999999995,0.0,44.19460000000001,20.2184,6.151400000000001,14.9268,1.8399999999999999,2004.0,241.0,18.836759999999998,30.757346666666667,3.5283733333333336,73.88837333333332,25.729200000000002,15.207266666666667,20.201533333333334,3.1669066666666668,2004.0,6406.03,3211.35,162.35,2035.49,35.86,360.0,30.6
9,257.0,23.5492,33.434599999999996,67.36359999999999,86.917,30.657600000000002,20.384,24.352,6.6302,2004.0,257.0,2.0266,27.555399999999995,0.0,41.5236,19.448999999999998,7.6974,13.849,1.3492,2004.0,257.0,17.073359999999997,30.613773333333334,8.005786666666665,61.912826666666675,25.289906666666667,14.394360000000002,19.740026666666665,4.337293333333334,2004.0,6231.57,2968.1,212.28,1910.16,69.35,375.76,25.51
10,273.0,19.2516,32.1808,8.0694,69.99419999999999,27.958999999999996,16.519000000000002,22.053399999999996,5.9216,2004.0,273.0,3.3506,23.2934,0.0,32.4978,12.0412,0.10040000000000002,5.8276,1.478,2004.0,273.0,15.644440000000001,27.213146666666667,1.1191466666666667,50.021666666666675,20.610373333333335,8.305933333333332,14.507359999999998,3.7977600000000002,2004.0,5988.31,2665.92,227.17,1777.37,52.96,427.25,25.52
11,289.0,16.3884,29.8034,8.4346,97.84559999999999,22.499200000000002,14.5584,17.4476,7.0716,2004.0,289.0,3.31,25.5926,0.0,44.3464,6.663400000000001,-2.7094,2.5894,0.9364000000000001,2004.0,289.0,8.988599999999998,27.592386666666666,2.132226666666667,69.49278666666666,13.182506666666665,5.757386666666667,9.256386666666668,3.3515733333333335,2004.0,4092.67,1536.21,354.47,1339.77,112.17,567.29,31.39
12,305.0,13.048399999999999,30.6796,16.309,97.48940000000002,19.584799999999998,15.8344,17.5168,6.6574,2004.0,305.0,2.9434,20.5222,0.0,50.5422,5.5268,-0.5116,3.0382,1.6996,2004.0,305.0,8.298039999999999,26.16298666666667,2.2903857142857142,82.41086666666668,11.439706666666666,4.458466666666666,7.613720000000001,3.7837333333333336,2004.0,4062.14,1316.85,307.38,1116.84,104.07,617.04,25.5
