,DOY,INSgdmax,RADmax,RAINmax,RHmax,TMAXmax,TMINmax,Tmax,WINDmax,YEAR,DOY,INSgdmin,RADmin,RAINmin,RHmin,TMAXmin,TMINmin,Tmin,WINDmin,YEAR,DOY,INSgdmean,RADmean,RAINmean,RHmean,TMAXmean,TMINmean,Tmean,WINDmean,YEAR,NDVI,EVI,RED,NIR,BLUE,MIR,pixrel
0,113.0,27.0382,31.3204,13.1924,84.6758,28.966,17.5736,21.0922,7.037800000000001,2004.0,113.0,3.1516,25.7416,0.0,37.58,15.09,3.0586,10.4542,1.9876,2004.0,113.0,16.596253333333333,28.838293333333333,3.9109599999999993,62.84130666666667,20.669293333333332,10.62248,15.634573333333332,4.564226666666666,2004.0,5057.06,1847.5,432.57,1348.47,233.16,843.3,0.03
1,129.0,28.5554,33.5466,11.2304,92.053,30.272199999999998,18.999,23.400999999999996,4.792999999999999,2004.0,129.0,7.360200000000001,26.627200000000002,0.0,43.45479999999999,11.853200000000001,1.8532000000000002,8.8138,1.2194,2004.0,129.0,18.787240000000004,30.23514666666667,3.608246153846154,69.38813333333334,21.65736,11.278106666666666,16.479413333333333,3.0543199999999997,2004.0,5038.52,1983.44,471.12,1478.46,244.69,946.99,0.0
2,145.0,28.1434,34.7288,42.7162,88.52459999999999,27.648400000000002,20.5242,23.245400000000004,5.1160000000000005,2004.0,145.0,8.9406,27.9716,0.0,66.0946,18.7104,9.4106,14.3214,1.549,2004.0,145.0,19.140506666666667,31.571213333333333,9.438253333333332,80.63633333333334,23.82046666666667,16.035106666666664,19.83532,3.3322666666666665,2004.0,6138.03,2925.4,454.99,1978.65,254.81,854.39,0.02
3,161.0,28.6346,34.870000000000005,26.506999999999998,88.4452,29.562600000000003,21.957,25.203000000000003,4.2694,2004.0,161.0,6.192200000000001,29.419400000000003,0.0,57.14619999999999,21.606,9.6812,16.672400000000003,0.6754000000000001,2004.0,161.0,19.6646,32.586266666666674,4.561493333333334,74.13467999999999,26.893066666666662,17.614733333333334,22.11984,2.6051466666666667,2004.0,6680.08,3538.72,403.02,2236.06,265.79,668.96,0.29
4,177.0,31.3416,34.9022,14.3872,85.5566,30.624000000000002,21.4204,24.559400000000004,4.0392,2004.0,177.0,8.1036,26.5788,0.0,43.245999999999995,22.1578,7.460600000000001,15.508799999999999,1.255,2004.0,177.0,22.132520000000003,30.229066666666668,2.6322400000000004,59.462266666666665,26.194746666666667,13.707640000000001,19.91172,2.45268,2004.0,7493.02,4465.84,357.18,2724.88,250.4,606.54,0.76
5,193.0,27.691,35.46000000000001,18.940199999999997,83.5496,31.4676,21.5638,26.0854,4.0792,2004.0,193.0,5.090000000000001,30.2634,0.0,60.0318,24.1324,11.891399999999999,19.3152,0.8208000000000001,2004.0,193.0,20.09482666666667,32.79202666666667,5.662985714285714,73.78170666666666,28.384146666666666,18.27308,23.177346666666665,2.3831333333333333,2004.0,7855.99,4665.32,304.48,2770.39,218.32,549.93,0.69
6,209.0,28.8682,35.946200000000005,21.507399999999997,83.5796,32.26219999999999,23.272,27.227800000000002,3.5416,2004.0,209.0,5.4536,27.7916,0.0,49.851,22.0732,12.1402,18.843400000000003,0.9693999999999999,2004.0,209.0,18.302733333333332,32.623693333333335,4.21472,66.93297333333334,28.5974,18.033946666666665,23.062186666666666,2.3101599999999998,2004.0,7979.91,4196.08,236.83,2427.57,148.42,477.82,0.0
7,225.0,26.7498,33.5272,8.42,78.3818,29.162599999999998,19.5578,24.1678,4.5082,2004.0,225.0,9.221,27.4702,0.0,41.3408,21.884,9.5642,15.833,0.742,2004.0,225.0,19.88769333333333,30.615946666666666,1.63004,57.292186666666666,25.693173333333334,13.206746666666666,19.540480000000002,2.59612,2004.0,7726.14,4059.84,264.16,2360.92,173.6,482.21,0.0
8,241.0,24.476200000000002,35.5894,29.134,89.9266,29.7682,23.1402,25.645799999999998,4.0306,2004.0,241.0,8.109,29.4226,0.0,48.5446,22.4676,11.732800000000001,17.9108,1.0132,2004.0,241.0,18.244653333333332,32.13347999999999,7.063159999999999,73.48337333333333,27.453253333333333,16.927773333333334,22.118000000000002,2.338893333333333,2004.0,7210.86,3752.14,329.08,2230.82,246.6,487.52,0.07
9,257.0,24.435,33.42059999999999,22.5474,88.05959999999999,29.6,20.884,23.71,4.9201999999999995,2004.0,257.0,6.4114,26.0318,0.0,40.0614,21.458399999999997,9.956,16.1918,1.2226000000000001,2004.0,257.0,19.99372,29.508200000000002,1.9938000000000002,59.94654666666667,26.04946666666667,14.97484,20.70698666666667,2.893226666666667,2004.0,7094.73,2900.79,266.1,1717.27,143.64,426.34,0.0
10,273.0,20.3904,30.9326,4.8392,61.702999999999996,28.355400000000003,16.595200000000002,22.4732,4.2256,2004.0,273.0,1.76,23.9794,0.0,30.142000000000003,14.2092,1.4398,8.4144,1.081,2004.0,273.0,16.992626666666666,27.08768,0.52164,45.6048,22.172106666666668,9.41464,15.895693333333336,2.679386666666667,2004.0,6998.51,2775.84,262.13,1664.73,125.67,447.54,2.55
11,289.0,17.9194,32.709199999999996,24.895799999999998,93.0694,21.3866,17.375,19.6092,6.3332,2004.0,289.0,2.2856,24.793400000000002,0.0,43.075,10.281600000000001,0.05140000000000001,6.736800000000001,1.92,2004.0,289.0,8.706933333333334,28.336400000000005,4.557346666666667,70.73984000000002,14.959066666666669,7.799679999999999,11.288746666666668,3.4030666666666667,2004.0,4937.55,1959.08,499.91,1453.98,353.84,603.63,1.33
12,305.0,14.9904,32.0576,28.6654,96.2838,22.851399999999998,19.401000000000003,21.0184,6.782399999999999,2004.0,305.0,1.7478,21.915,0.0,68.5814,7.920399999999999,1.1404,5.7734,1.8304,2004.0,305.0,8.999053333333332,27.473840000000003,3.632757142857143,83.40799999999999,14.890319999999997,7.6288133333333334,11.138253333333335,3.383333333333333,2004.0,5678.38,1785.86,302.89,1147.49,175.43,483.08,0.04
