,DOY,INSgdmax,RADmax,RAINmax,RHmax,TMAXmax,TMINmax,Tmax,WINDmax,YEAR,DOY,INSgdmin,RADmin,RAINmin,RHmin,TMAXmin,TMINmin,Tmin,WINDmin,YEAR,DOY,INSgdmean,RADmean,RAINmean,RHmean,TMAXmean,TMINmean,Tmean,WINDmean,YEAR,NDVI,EVI,RED,NIR,BLUE,MIR,pixrel
0,113.0,28.432399999999998,30.7564,11.3245,84.34030000000001,30.9444,17.2641,22.080099999999998,9.4345,2004.0,113.0,2.5612,26.072699999999998,0.0,36.2647,12.0818,3.4341,9.895500000000002,1.9436999999999998,2004.0,113.0,18.606226666666664,28.310893333333336,2.5400800000000006,62.92521333333332,20.462413333333334,9.340053333333334,14.971806666666666,4.828906666666667,2004.0,3811.37,2513.5,1302.51,2881.61,646.43,2800.56,0.14
1,129.0,29.5276,32.763799999999996,39.6694,90.12819999999999,30.5475,18.4052,24.532,5.7589,2004.0,129.0,7.3926,24.483800000000002,0.0,35.9516,11.16,0.6774,5.663600000000001,2.2899000000000003,2004.0,129.0,20.036479999999997,29.444046666666665,6.469838461538462,64.69915333333333,21.136913333333336,10.183066666666667,15.632853333333333,4.057406666666666,2004.0,4257.1,2794.51,1174.44,2855.38,615.5,2275.45,1.27
2,145.0,26.64,33.53739999999999,34.9608,92.0543,27.9782,18.7442,21.820999999999998,6.8736999999999995,2004.0,145.0,9.2231,27.9161,0.0,60.6213,16.2413,7.682500000000001,13.2991,2.3509,2004.0,145.0,19.18902,31.158193333333337,9.0217,81.10228666666669,22.46205333333333,13.761846666666667,18.068786666666668,3.978906666666666,2004.0,4683.81,2971.12,1009.35,2777.19,513.03,2102.66,0.0
3,161.0,31.39,35.1901,23.3178,93.68199999999999,28.9589,21.094900000000003,24.448500000000003,5.9296,2004.0,161.0,11.6302,28.2401,0.0,53.4179,20.2498,10.547899999999998,15.2406,1.5863,2004.0,161.0,20.867126666666664,32.09141333333334,5.519226666666667,74.90864,26.199686666666665,16.932413333333333,21.26152666666667,3.3256666666666668,2004.0,6259.3,4227.44,735.68,3211.28,395.54,1348.86,0.0
4,177.0,31.6548,34.3749,18.889499999999998,91.1125,29.9409,21.1465,23.7247,4.2703,2004.0,177.0,9.689,27.5,0.0,45.649300000000004,19.0039,6.8977,14.927499999999998,1.7977,2004.0,177.0,21.57649333333333,30.231426666666664,3.0368066666666667,61.29146,24.349873333333335,13.230553333333333,18.694666666666667,2.7227333333333332,2004.0,7921.08,5499.57,407.42,3555.41,227.03,855.83,0.0
5,193.0,30.0402,35.229800000000004,19.066900000000004,87.76820000000001,30.987699999999997,20.9649,24.740299999999998,4.223800000000001,2004.0,193.0,8.7606,29.464,0.0,62.6055,21.450699999999998,12.9557,17.482799999999997,1.2412,2004.0,193.0,20.341753333333333,32.651466666666664,5.392814285714286,77.12879999999998,27.04246,17.524553333333333,21.98679333333333,2.5362466666666665,2004.0,8487.38,6810.26,359.19,4504.11,203.67,829.1,0.4
6,209.0,26.9727,34.8626,17.347099999999998,86.015,31.4266,22.110599999999998,25.508,5.235100000000001,2004.0,209.0,9.1311,27.622699999999995,0.0,52.933800000000005,24.051499999999997,11.225200000000001,17.9516,1.0282,2004.0,209.0,20.429046666666665,32.20298,3.67098,69.88292666666668,27.880919999999996,17.182266666666667,22.236326666666667,2.8251,2004.0,8530.71,7088.21,365.71,4747.41,205.69,881.93,0.0
7,225.0,27.3836,33.0298,11.941399999999998,76.8093,29.1913,17.133599999999998,22.3923,4.766900000000001,2004.0,225.0,11.4387,28.780300000000004,0.0,49.2084,19.8958,7.707599999999999,14.303999999999998,1.4266999999999999,2004.0,225.0,20.208293333333337,31.06040666666667,1.9353399999999998,63.126886666666664,24.12594,12.531533333333334,18.414786666666664,2.9768066666666666,2004.0,8344.83,6478.3,370.42,4249.56,208.56,791.7,0.27
8,241.0,25.025100000000002,34.9435,18.3539,88.8196,30.759900000000002,20.0475,23.8335,4.4861,2004.0,241.0,12.749300000000002,28.833800000000004,0.0,52.0247,21.1901,9.1983,16.213600000000003,1.6637,2004.0,241.0,20.915606666666665,31.305686666666666,3.6808466666666666,73.43747333333332,27.326413333333335,16.435466666666667,21.50194666666667,3.1282533333333333,2004.0,8310.49,6299.16,366.84,4103.49,203.92,800.02,0.0
9,257.0,24.2423,35.1737,21.1236,82.5406,31.8943,20.84,24.9181,6.5795,2004.0,257.0,9.023299999999999,26.191799999999997,0.0,43.5061,21.793,8.6033,15.5943,1.4882,2004.0,257.0,19.27188,30.339066666666664,2.5506933333333333,60.52396666666665,26.31435333333333,14.927059999999999,20.48486666666667,4.330819999999999,2004.0,5851.75,3812.11,785.65,3023.59,408.22,1226.94,0.0
10,273.0,19.301399999999997,32.5782,6.6554,74.29769999999999,27.099800000000002,17.4152,22.3215,6.0737000000000005,2004.0,273.0,5.6019000000000005,24.460100000000004,0.0,30.1385,14.0858,-1.0402,6.7828,1.1978,2004.0,273.0,15.841453333333334,28.60006,0.9839600000000002,47.416239999999995,21.897086666666667,9.290413333333333,15.85396,3.6578733333333333,2004.0,4236.05,2661.76,1119.63,2734.76,557.82,1618.79,0.0
11,289.0,17.337500000000002,30.489999999999995,5.7501,97.2132,23.1677,15.084800000000001,18.3807,6.5322000000000005,2004.0,289.0,3.7639000000000005,25.9849,0.0,41.0623,9.197000000000001,0.7781,6.2964,1.403,2004.0,289.0,10.25098,28.04098666666666,1.1047799999999999,65.65478000000002,15.360240000000001,7.131246666666668,10.84588,3.80178,2004.0,3678.82,2377.68,1314.69,2815.04,646.97,1871.23,0.0
12,305.0,14.2251,32.285,24.8615,97.71440000000001,21.8311,16.1769,18.8884,7.2912,2004.0,305.0,2.5849,21.636200000000002,0.0,47.689499999999995,6.1386,-0.27010000000000006,3.5729999999999995,1.6929,2004.0,305.0,9.603473333333334,26.875826666666665,3.4628785714285715,75.84253333333334,14.845533333333332,5.963073333333332,9.938186666666667,4.082286666666666,2004.0,3281.92,1792.82,1075.04,2119.92,531.41,1778.02,0.0
