,DOY,INSgdmax,RADmax,RAINmax,RHmax,TMAXmax,TMINmax,Tmax,WINDmax,YEAR,DOY,INSgdmin,RADmin,RAINmin,RHmin,TMAXmin,TMINmin,Tmin,WINDmin,YEAR,DOY,INSgdmean,RADmean,RAINmean,RHmean,TMAXmean,TMINmean,Tmean,WINDmean,YEAR,NDVI,EVI,RED,NIR,BLUE,MIR,pixrel
0,113.0,28.01,30.28,13.75,91.63,30.45,16.97,21.04,8.42,2004.0,113.0,3.17,25.31,0.0,40.25,12.04,2.0,8.61,1.99,2004.0,113.0,19.233999999999998,27.566666666666666,2.586,63.95066666666666,18.80733333333333,6.995999999999999,12.716,4.548666666666667,2004.0,2937.49,1499.21,1008.55,1860.09,513.76,1911.4,0.01
1,129.0,29.05,32.08,20.64,88.75,28.01,16.43,20.25,6.23,2004.0,129.0,7.88,24.3,0.0,35.17,7.23,-0.25,3.82,2.57,2004.0,129.0,20.63799999999999,28.17666666666667,5.017692307692307,57.75933333333332,19.326666666666668,8.184,13.776000000000002,4.336666666666667,2004.0,3090.29,1648.71,1041.16,1991.79,530.12,2102.03,0.06
2,145.0,28.69,32.58,35.83,94.15,25.52,16.55,19.75,7.02,2004.0,145.0,5.08,27.68,0.0,60.85,13.8,6.41,10.41,2.13,2004.0,145.0,15.872666666666667,29.906666666666673,11.996666666666664,79.02266666666668,20.346666666666668,11.317333333333334,15.751333333333331,4.108666666666667,2004.0,4817.53,2397.02,653.5,1959.45,336.9,1042.13,0.01
3,161.0,30.38,34.34,27.16,94.52,29.41,21.06,23.94,6.9,2004.0,161.0,6.7,29.05,0.0,51.76,18.86,8.63,14.82,1.38,2004.0,161.0,18.952666666666666,31.618,5.879333333333332,72.80199999999999,24.96333333333333,15.510666666666669,19.90133333333334,3.178,2004.0,6058.87,3379.57,578.2,2456.13,304.36,1029.63,0.38
4,177.0,29.74,33.55,16.57,69.5,31.25,20.11,24.94,4.85,2004.0,177.0,11.09,26.17,0.0,38.55,18.78,6.54,14.35,1.44,2004.0,177.0,24.004666666666665,29.342,2.366666666666667,50.181999999999995,24.70133333333333,12.519333333333334,18.648000000000003,3.2513333333333327,2004.0,6940.44,4089.98,483.75,2749.01,253.71,1003.94,0.0
5,193.0,31.0,33.59,12.23,89.83,30.9,20.59,23.69,3.96,2004.0,193.0,6.95,29.48,0.0,59.8,18.24,8.92,14.89,1.02,2004.0,193.0,22.288,31.82933333333333,3.4428571428571435,73.35666666666664,26.440666666666672,15.8,20.857333333333337,2.7739999999999996,2004.0,7388.24,4722.66,446.82,3112.16,234.15,946.2,0.69
6,209.0,26.96,34.06,32.55,93.85,32.17,21.36,24.92,5.53,2004.0,209.0,4.18,27.04,0.0,43.28,24.07,9.35,18.26,0.75,2004.0,209.0,20.957333333333334,31.205333333333325,7.951333333333335,63.30733333333333,27.70666666666667,16.314666666666668,21.703333333333333,2.7386666666666666,2004.0,7093.0,4522.35,497.64,3071.2,256.34,1084.01,0.01
7,225.0,28.4,32.29,6.96,78.61,26.48,15.81,20.43,5.83,2004.0,225.0,12.71,27.9,0.0,52.21,16.28,5.49,12.36,0.98,2004.0,225.0,20.719333333333328,30.43066666666667,1.1666666666666667,65.58,22.772666666666666,11.39466666666667,17.00333333333333,3.488,2004.0,7065.76,4700.85,548.53,3285.47,280.17,972.62,0.08
8,241.0,25.2,33.7,18.32,89.53,29.35,19.0,23.02,4.81,2004.0,241.0,8.6,27.58,0.0,46.74,19.51,5.3,14.81,2.02,2004.0,241.0,19.1,30.369999999999994,2.3966666666666665,74.50999999999999,25.684,14.931333333333333,19.95266666666667,3.536666666666667,2004.0,6778.3,4056.57,517.38,2782.5,264.99,964.17,0.01
9,257.0,23.47,33.26,62.76,88.39,30.75,19.72,24.36,7.95,2004.0,257.0,4.25,27.36,0.0,43.16,18.85,6.33,13.39,1.46,2004.0,257.0,17.192,30.724666666666668,7.557333333333335,63.82200000000001,24.987999999999996,14.259333333333334,19.488000000000003,4.890000000000001,2004.0,6006.82,3145.6,562.77,2296.54,257.5,1047.82,0.0
10,273.0,19.3,32.65,7.89,71.13,26.97,14.4,20.63,6.44,2004.0,273.0,6.26,23.83,0.0,34.06,11.8,-0.17,5.92,1.41,2004.0,273.0,15.413333333333332,27.90733333333333,0.8960000000000001,52.599999999999994,20.185333333333336,8.127999999999998,14.159999999999998,4.200666666666667,2004.0,5131.7,2765.19,709.09,2244.62,357.76,1320.65,0.0
11,289.0,16.38,30.31,5.27,99.34,22.53,14.39,17.68,6.98,2004.0,289.0,3.92,25.52,0.0,42.34,6.95,-1.95,2.0,0.93,2004.0,289.0,9.863999999999999,27.537333333333333,2.048,68.18133333333333,13.298,5.888000000000002,9.198666666666666,3.6593333333333335,2004.0,4623.4,2358.07,733.42,2026.87,371.38,1295.52,0.65
12,305.0,12.42,30.96,10.45,99.38,19.05,14.79,16.75,7.1,2004.0,305.0,3.02,20.09,0.0,49.59,5.3,0.06,2.3,2.48,2004.0,305.0,8.755333333333333,25.91533333333333,1.405,81.36533333333333,11.418666666666669,4.1000000000000005,7.348666666666666,4.099333333333333,2004.0,3852.49,1696.69,710.12,1615.97,348.62,1321.92,0.0
