,DOY,INSgdmax,RADmax,RAINmax,RHmax,TMAXmax,TMINmax,Tmax,WINDmax,YEAR,DOY,INSgdmin,RADmin,RAINmin,RHmin,TMAXmin,TMINmin,Tmin,WINDmin,YEAR,DOY,INSgdmean,RADmean,RAINmean,RHmean,TMAXmean,TMINmean,Tmean,WINDmean,YEAR,NDVI,EVI,RED,NIR,BLUE,MIR,pixrel
0,113.0,28.3604,30.7292,11.7368,85.44239999999999,30.3876,17.3212,21.7148,8.9728,2004.0,113.0,2.7104,25.879999999999995,0.0,37.116,12.6192,3.2392000000000003,10.227599999999999,1.6056,2004.0,113.0,18.23141333333333,28.31112,2.9158933333333334,63.331599999999995,20.41296,9.548426666666668,15.010613333333334,4.764986666666667,2004.0,5643.39,3497.27,751.05,2763.27,392.76,1644.38,0.0
1,129.0,28.354,32.78,35.0572,92.0492,30.6212,18.494799999999998,24.342,5.5968,2004.0,129.0,7.27,24.809600000000003,0.0,36.6152,11.7928,1.0408,6.2088,2.0867999999999998,2004.0,129.0,19.758239999999997,29.523493333333334,6.643292307692308,65.09928,21.126640000000002,10.44728,15.673146666666668,3.765253333333333,2004.0,6763.54,4252.79,537.18,2930.1,287.64,1120.58,0.05
2,145.0,27.403200000000005,33.6096,33.971999999999994,91.0676,27.236,19.0692,21.8808,6.4239999999999995,2004.0,145.0,10.7676,27.711199999999998,0.0,60.90520000000001,16.432,8.0728,13.59,2.0204,2004.0,145.0,19.58936,31.182746666666667,9.247733333333334,81.05744,22.538986666666666,14.037813333333334,18.31570666666667,3.763626666666667,2004.0,6967.98,4578.67,536.52,3152.52,289.23,1084.82,0.0
3,161.0,30.7024,35.2456,23.349999999999998,93.0276,28.804,21.215600000000002,24.564,5.4552,2004.0,161.0,11.2864,28.688,0.0,52.5732,20.5128,10.4268,15.610400000000002,1.2731999999999999,2004.0,161.0,20.485466666666667,32.26258666666667,5.752586666666667,73.99602666666667,26.349253333333337,17.204293333333336,21.48592,3.1745333333333337,2004.0,7251.27,5096.84,544.42,3538.79,294.82,955.68,0.06
4,177.0,31.590400000000002,34.510000000000005,19.188,88.5016,30.017200000000003,21.3476,23.9356,4.3364,2004.0,177.0,9.4244,27.6944,0.0,44.7344,19.8168,7.053999999999999,15.0984,1.8496000000000001,2004.0,177.0,21.71325333333333,30.171120000000002,2.5478666666666667,59.66712,24.64744,13.36781333333333,18.95112,2.70008,2004.0,7413.65,4861.22,485.09,3252.08,262.7,940.65,0.02
5,193.0,29.95,35.046400000000006,18.696,85.9108,31.216,20.974,24.9504,4.1104,2004.0,193.0,10.0188,29.3936,0.0,56.990399999999994,21.448,13.168800000000001,17.583199999999998,0.9912000000000001,2004.0,193.0,20.633706666666665,32.58104,5.372942857142857,75.38869333333332,27.40394666666667,17.62173333333333,22.257333333333335,2.4666933333333336,2004.0,7897.62,5312.56,392.25,3403.67,216.22,808.83,0.0
6,209.0,26.7296,35.0748,20.404,86.4932,31.2984,22.3004,25.6656,5.0496,2004.0,209.0,9.6388,28.0672,0.0,51.902800000000006,23.8496,11.3616,18.1544,1.1028,2004.0,209.0,19.93082666666667,32.36032,3.86592,69.74093333333334,27.82178666666666,17.467546666666664,22.386613333333333,2.683066666666667,2004.0,7994.21,5883.58,424.84,3905.62,232.75,951.75,0.0
7,225.0,27.759999999999998,33.0948,7.2788,77.4636,29.2416,17.2908,22.4052,4.6832,2004.0,225.0,10.4128,28.2852,0.0,48.4652,19.819200000000002,7.5672,14.287600000000001,1.3324,2004.0,225.0,20.358186666666672,30.865653333333334,1.3581599999999998,62.68509333333333,24.207520000000002,12.482586666666666,18.404586666666667,2.8778933333333327,2004.0,7963.33,5349.15,377.2,3414.01,205.96,766.49,0.58
8,241.0,24.7604,34.821200000000005,28.989199999999997,90.5616,31.103600000000004,20.391199999999998,23.8448,4.328,2004.0,241.0,11.2268,28.8536,0.0,50.831999999999994,21.8108,9.7964,16.4388,1.2932000000000001,2004.0,241.0,20.42016,31.489519999999995,5.607786666666666,73.66085333333332,27.131573333333336,16.515893333333334,21.528213333333333,2.8654666666666664,2004.0,7421.43,4847.12,463.89,3214.74,249.88,898.98,0.08
9,257.0,24.2408,35.0908,27.489600000000003,84.1876,31.638,20.822,24.6024,5.866,2004.0,257.0,10.178799999999999,25.3404,0.0,42.7216,21.619600000000002,8.7012,15.5396,1.5592000000000001,2004.0,257.0,19.49053333333333,30.118080000000003,2.840746666666667,61.29247999999999,26.08853333333333,14.760373333333334,20.332773333333336,3.923413333333333,2004.0,6647.0,4087.77,576.08,2891.25,294.88,1054.79,0.0
10,273.0,19.1196,31.7392,5.4968,72.3632,27.2008,17.2384,21.968400000000003,5.6132,2004.0,273.0,4.8892,24.7136,0.0,30.0024,13.8796,-0.8168,6.7572,0.9239999999999999,2004.0,273.0,15.951920000000001,28.086346666666664,0.67088,47.1596,21.723173333333335,8.89256,15.635226666666668,3.3722400000000006,2004.0,5797.13,3416.68,695.55,2633.4,349.34,1227.27,0.04
11,289.0,17.0948,30.569200000000002,6.726800000000001,96.46719999999999,22.449599999999997,14.9592,18.244799999999998,6.324,2004.0,289.0,3.8247999999999998,25.8212,0.0,41.7156,9.0612,-0.059199999999999975,6.409600000000001,1.3159999999999998,2004.0,289.0,9.907493333333333,28.116080000000004,1.23952,67.50965333333333,15.052373333333335,6.781333333333334,10.650106666666666,3.6921066666666666,2004.0,5195.62,2754.61,688.27,2205.17,352.73,1296.63,0.02
12,305.0,14.3492,32.1952,30.1712,97.2868,21.8672,17.0792,19.4772,7.037599999999999,2004.0,305.0,2.576,22.124000000000002,0.0,53.1656,6.5868,-0.43,4.0868,1.874,2004.0,305.0,9.185813333333332,27.043813333333333,4.1499428571428565,79.57914666666666,14.361466666666667,5.908639999999999,9.783466666666667,3.89632,2004.0,4684.9,2407.01,733.88,2054.65,378.7,1433.28,0.0
