,DOY,INSgdmax,RADmax,RAINmax,RHmax,TMAXmax,TMINmax,Tmax,WINDmax,YEAR,DOY,INSgdmin,RADmin,RAINmin,RHmin,TMAXmin,TMINmin,Tmin,WINDmin,YEAR,DOY,INSgdmean,RADmean,RAINmean,RHmean,TMAXmean,TMINmean,Tmean,WINDmean,YEAR,NDVI,EVI,RED,NIR,BLUE,MIR,pixrel
0,113.0,27.79,30.35,16.31,89.35,28.96,17.1,20.19,8.12,2004.0,113.0,3.24,24.98,0.0,42.35,12.06,0.98,8.3,1.83,2004.0,113.0,18.651333333333334,27.816666666666674,3.433333333333333,64.19933333333334,18.958666666666666,7.35,12.883999999999999,4.359999999999999,2004.0,3914.27,1703.39,658.88,1615.59,311.07,1334.76,7.65
1,129.0,29.7,31.75,20.35,86.57,26.86,16.48,20.68,5.16,2004.0,129.0,11.59,23.72,0.0,35.24,8.7,-1.16,4.87,2.14,2004.0,129.0,20.447999999999997,28.26,4.842307692307693,57.532,19.289333333333335,8.397333333333334,13.850666666666665,3.888,2004.0,4275.87,2164.28,746.7,1980.98,367.38,1386.52,5.1
2,145.0,28.33,32.26,37.14,94.19,25.01,16.1,20.36,6.52,2004.0,145.0,4.86,28.12,0.0,60.29,14.14,6.06,10.33,1.98,2004.0,145.0,16.448666666666664,30.09133333333334,8.693999999999999,79.25333333333334,20.198,11.633999999999999,15.913333333333334,3.7526666666666673,2004.0,5778.36,3361.51,610.26,2521.06,318.06,1076.18,5.1
3,161.0,28.8,34.16,28.49,93.01,29.31,21.17,24.23,6.06,2004.0,161.0,5.51,28.62,0.0,51.11,19.39,8.8,15.23,1.28,2004.0,161.0,18.884666666666668,31.518666666666665,5.574666666666667,72.16800000000002,25.012666666666668,15.632,20.064666666666668,2.991333333333334,2004.0,7615.36,5252.19,380.34,3426.5,210.4,750.75,5.11
4,177.0,31.21,34.13,19.8,64.29,31.46,20.37,25.09,4.33,2004.0,177.0,10.19,26.06,0.0,39.06,18.9,6.65,14.39,1.53,2004.0,177.0,23.679999999999996,29.18066666666667,2.5933333333333333,49.48333333333333,24.89533333333333,12.163333333333332,18.693333333333335,3.238000000000001,2004.0,7991.33,5549.48,300.11,3502.45,166.83,579.46,5.21
5,193.0,30.24,33.34,24.89,90.48,31.37,20.07,23.93,3.82,2004.0,193.0,9.22,28.51,0.0,53.6,18.56,8.4,15.17,1.11,2004.0,193.0,21.801333333333332,31.528,4.465714285714285,70.75733333333332,26.85733333333333,15.846666666666666,21.11066666666666,2.6993333333333336,2004.0,8185.46,5321.75,236.09,3213.75,130.99,481.83,5.95
6,209.0,25.56,34.6,28.02,92.64,31.21,21.71,24.75,4.93,2004.0,209.0,6.37,27.32,0.0,43.94,24.05,9.71,18.33,0.69,2004.0,209.0,20.592666666666663,31.247999999999994,5.5053333333333345,62.592666666666666,27.781999999999996,16.474,21.897333333333325,2.486,2004.0,7976.51,5368.02,290.39,3341.97,160.75,589.14,5.1
7,225.0,28.19,32.62,3.46,77.02,26.16,16.19,20.03,5.41,2004.0,225.0,13.72,27.94,0.0,50.06,15.71,5.91,12.61,1.04,2004.0,225.0,19.865333333333336,30.281999999999996,0.4646666666666668,64.77,22.672666666666665,11.430666666666665,17.015333333333334,3.242666666666666,2004.0,7817.81,5145.93,316.11,3232.58,176.17,591.9,5.2
8,241.0,24.98,34.16,13.89,91.9,29.55,19.04,23.02,4.93,2004.0,241.0,12.49,28.08,0.0,43.88,19.95,5.41,14.72,1.95,2004.0,241.0,18.633333333333333,30.677999999999997,2.678,74.08666666666666,25.518000000000008,15.032000000000004,20.008666666666667,3.22,2004.0,7606.07,4235.25,263.15,2561.92,135.8,504.35,7.65
9,257.0,23.47,33.23,73.11,87.39,30.53,20.34,24.33,6.76,2004.0,257.0,2.02,27.65,0.0,41.66,19.13,7.44,13.64,1.27,2004.0,257.0,16.944,30.64266666666667,8.512666666666666,62.12666666666666,25.16333333333334,14.342000000000006,19.64733333333333,4.392,2004.0,7267.86,3853.21,311.02,2374.16,166.24,520.41,5.1
10,273.0,19.3,32.26,6.47,70.08,28.08,16.42,22.06,5.97,2004.0,273.0,3.85,22.97,0.0,32.83,11.72,0.25,5.7,1.61,2004.0,273.0,15.702666666666666,27.128666666666668,1.0273333333333334,50.63399999999999,20.471333333333337,8.262666666666666,14.363333333333333,3.854666666666667,2004.0,6898.07,3431.97,343.95,2210.27,146.2,598.31,5.1
11,289.0,16.34,29.7,7.9,98.07,22.42,14.51,17.32,7.12,2004.0,289.0,3.31,25.52,0.0,43.77,6.23,-2.87,2.09,0.8,2004.0,289.0,9.018666666666665,27.491333333333333,2.1253333333333333,69.48266666666667,13.019999999999998,5.660000000000001,9.111333333333333,3.3093333333333335,2004.0,5088.84,2112.46,450.8,1565.92,222.5,768.74,5.66
12,305.0,12.78,30.53,13.9,97.54,19.29,15.5,17.2,6.51,2004.0,305.0,2.95,20.3,0.0,50.1,5.43,-0.34,2.86,1.77,2004.0,305.0,8.228666666666665,26.040666666666667,2.1085714285714285,82.45266666666666,11.146666666666668,4.284666666666666,7.395333333333334,3.7646666666666664,2004.0,4629.47,1727.17,456.23,1354.9,222.12,872.41,5.1
