,DOY,INSgdmax,RADmax,RAINmax,RHmax,TMAXmax,TMINmax,Tmax,WINDmax,YEAR,DOY,INSgdmin,RADmin,RAINmin,RHmin,TMAXmin,TMINmin,Tmin,WINDmin,YEAR,DOY,INSgdmean,RADmean,RAINmean,RHmean,TMAXmean,TMINmean,Tmean,WINDmean,YEAR,NDVI,EVI,RED,NIR,BLUE,MIR,pixrel
0,113.0,28.48,31.14,12.7,85.5,28.66,17.86,21.13,7.27,2004.0,113.0,2.88,26.42,0.0,38.77,14.08,4.02,11.56,2.23,2004.0,113.0,17.362,28.74466666666667,3.5193333333333334,63.877333333333326,20.79266666666667,11.019333333333332,15.728666666666667,4.552666666666666,2004.0,5304.83,2883.17,644.62,2266.19,342.11,1197.85,0.0
1,129.0,28.33,33.98,15.79,93.34,30.59,19.44,23.56,4.37,2004.0,129.0,6.77,26.5,0.0,48.5,12.27,1.92,8.36,1.65,2004.0,129.0,19.39266666666667,30.19,4.664615384615384,68.64933333333333,22.044,10.967333333333334,16.505333333333333,3.0939999999999994,2004.0,6045.06,3414.9,519.34,2420.4,279.15,1034.16,0.1
2,145.0,30.92,34.34,38.18,89.31,27.33,20.38,23.28,5.01,2004.0,145.0,9.14,28.48,0.0,62.34,18.96,8.88,14.85,1.49,2004.0,145.0,19.810666666666666,31.718666666666667,8.341999999999999,80.15666666666668,24.142666666666663,16.051333333333336,20.070666666666668,3.3726666666666665,2004.0,6394.25,3827.58,542.14,2716.11,296.97,1025.79,0.02
3,161.0,29.48,34.31,28.87,88.31,29.53,21.74,25.07,4.42,2004.0,161.0,8.57,29.52,0.0,58.42,22.08,10.56,16.75,0.78,2004.0,161.0,19.845999999999997,32.68533333333333,5.185333333333333,74.79133333333336,26.984666666666673,17.894,22.225999999999996,2.779333333333333,2004.0,6965.25,4368.11,495.97,2989.3,284.84,905.92,0.22
4,177.0,30.78,35.14,19.24,87.68,29.56,21.38,23.52,4.13,2004.0,177.0,8.64,26.82,0.0,44.8,22.51,9.08,16.34,1.19,2004.0,177.0,21.70133333333333,30.66333333333333,3.244666666666667,62.19066666666666,25.999333333333333,14.026000000000002,19.844666666666665,2.2840000000000003,2004.0,7360.18,4591.79,437.48,2991.21,262.87,777.32,0.22
5,193.0,27.97,35.06,25.43,83.78,32.15,21.9,26.63,4.14,2004.0,193.0,8.5,30.6,0.0,62.35,25.01,14.28,19.49,0.65,2004.0,193.0,20.776666666666664,32.89266666666667,7.981428571428571,74.768,28.49333333333334,18.487333333333336,23.345333333333333,2.2306666666666666,2004.0,7609.21,4991.9,410.79,3198.45,259.8,769.57,0.36
6,209.0,28.04,36.04,25.42,87.25,31.97,23.18,27.2,3.81,2004.0,209.0,4.97,27.97,0.0,55.42,20.06,11.89,18.37,0.67,2004.0,209.0,18.038666666666664,32.69133333333333,3.516,71.99600000000001,27.773333333333333,17.874,22.602666666666668,2.3626666666666667,2004.0,7710.0,4903.18,384.21,3154.36,222.64,788.37,0.01
7,225.0,27.14,33.73,6.56,81.24,29.81,19.85,24.38,4.19,2004.0,225.0,13.75,27.76,0.0,43.62,21.84,9.19,15.6,0.78,2004.0,225.0,21.011333333333333,30.852666666666675,1.1066666666666665,58.794000000000004,25.606666666666662,13.32666666666667,19.577333333333335,2.5580000000000003,2004.0,7348.82,4791.12,475.34,3199.65,288.64,885.03,0.22
8,241.0,24.77,35.64,40.04,91.2,29.38,23.26,25.5,3.76,2004.0,241.0,6.73,29.3,0.0,53.8,23.49,11.52,18.29,0.79,2004.0,241.0,18.302000000000003,32.276,8.898,74.1,27.486666666666668,17.100666666666665,22.222,2.2933333333333334,2004.0,7374.79,4264.64,414.1,2761.94,243.02,745.41,0.56
9,257.0,24.66,33.3,25.71,89.73,30.37,20.6,23.77,4.57,2004.0,257.0,9.5,25.67,0.0,42.92,22.16,10.08,16.47,1.12,2004.0,257.0,20.713999999999995,29.539999999999996,2.004,62.07866666666668,25.983999999999995,14.760000000000002,20.562,2.8680000000000003,2004.0,7013.52,3897.28,431.37,2580.1,236.67,748.6,0.0
10,273.0,20.74,31.21,0.68,65.12,27.84,16.5,22.04,4.21,2004.0,273.0,4.68,24.16,0.0,28.78,14.41,1.79,7.86,1.0,2004.0,273.0,17.044666666666668,27.292666666666666,0.047333333333333345,45.924,22.285333333333327,9.138666666666666,15.821999999999997,2.6206666666666663,2004.0,6559.67,3432.35,491.22,2377.62,249.52,856.97,0.03
11,289.0,18.32,32.33,17.61,93.33,21.71,15.95,19.23,5.92,2004.0,289.0,1.94,25.13,0.0,39.14,10.9,-0.78,7.8,1.86,2004.0,289.0,9.327333333333335,28.49266666666666,1.9780000000000002,69.52,15.778666666666663,7.201333333333334,11.461333333333332,3.4066666666666663,2004.0,4834.43,2571.58,744.78,2140.19,534.91,1021.07,0.93
12,305.0,15.3,33.01,40.39,96.81,23.08,20.02,21.39,6.51,2004.0,305.0,1.91,22.46,0.0,69.19,7.78,0.7,5.48,1.66,2004.0,305.0,9.050666666666666,27.88266666666667,5.502857142857142,82.59266666666666,15.771333333333335,7.483333333333333,11.569333333333335,3.3606666666666665,2004.0,5381.95,2518.0,528.91,1854.73,291.85,816.46,0.02
