,DOY,INSgdmax,RADmax,RAINmax,RHmax,TMAXmax,TMINmax,Tmax,WINDmax,YEAR,DOY,INSgdmin,RADmin,RAINmin,RHmin,TMAXmin,TMINmin,Tmin,WINDmin,YEAR,DOY,INSgdmean,RADmean,RAINmean,RHmean,TMAXmean,TMINmean,Tmean,WINDmean,YEAR,NDVI,EVI,RED,NIR,BLUE,MIR,pixrel
0,113.0,27.97,30.78,9.94,89.74,30.76,17.34,21.57,9.22,2004.0,113.0,4.72,25.88,0.0,38.34,12.46,3.42,9.66,1.76,2004.0,113.0,18.406666666666663,28.492000000000004,2.2553333333333336,63.14800000000001,19.790000000000003,8.271999999999998,14.011999999999999,4.758666666666667,2004.0,3672.85,2117.46,931.79,2138.9,500.35,1828.34,0.01
1,129.0,29.23,32.29,26.38,88.81,28.43,17.73,22.78,5.98,2004.0,129.0,11.84,24.01,0.0,33.82,9.35,-0.02,4.89,2.38,2004.0,129.0,20.095333333333333,28.881333333333338,5.520769230769232,61.344666666666654,20.237333333333332,9.329333333333333,14.802666666666669,4.296666666666667,2004.0,3922.18,2297.35,909.43,2208.83,494.82,1703.31,0.03
2,145.0,27.04,32.94,24.55,90.89,27.31,18.08,21.24,7.06,2004.0,145.0,5.58,27.76,0.0,58.16,15.02,6.9,12.22,2.52,2004.0,145.0,18.082,30.42933333333333,9.077333333333334,79.28933333333333,21.685333333333332,12.684000000000003,17.121333333333336,4.025333333333334,2004.0,5205.34,3034.36,723.71,2420.18,392.56,1247.01,0.1
3,161.0,32.08,35.28,22.65,94.21,29.44,21.04,23.94,6.45,2004.0,161.0,7.31,29.16,0.0,50.16,19.36,9.83,15.06,1.51,2004.0,161.0,19.884666666666664,31.962,5.077333333333334,73.19866666666667,25.79000000000001,16.416,20.77533333333333,3.2433333333333336,2004.0,6255.65,4010.06,633.45,2926.87,350.59,1161.62,0.69
4,177.0,30.89,33.98,17.41,80.5,31.02,20.68,24.94,4.18,2004.0,177.0,11.99,25.24,0.0,40.62,18.98,6.48,14.66,2.17,2004.0,177.0,23.551333333333332,29.35666666666667,2.738666666666666,53.90933333333332,24.646666666666665,13.072666666666667,18.801333333333336,3.094666666666667,2004.0,6758.81,4209.07,520.67,2876.76,287.19,964.25,0.16
5,193.0,29.63,34.49,25.74,88.0,30.96,20.61,24.15,3.53,2004.0,193.0,7.52,29.38,0.0,59.16,19.9,11.32,16.1,1.14,2004.0,193.0,22.54466666666666,32.086666666666666,5.024285714285715,74.37266666666666,26.911333333333328,16.62066666666667,21.476,2.7019999999999995,2004.0,7147.04,4778.54,520.75,3260.06,287.0,943.07,0.19
6,209.0,27.11,35.71,21.21,88.1,32.11,22.39,25.27,5.25,2004.0,209.0,11.77,27.65,0.0,47.24,24.51,10.35,18.47,0.84,2004.0,209.0,21.322,31.699333333333335,4.5566666666666675,65.03933333333333,28.19333333333333,16.880666666666666,22.230000000000008,2.780666666666667,2004.0,7452.4,5148.75,491.77,3490.53,262.62,882.78,0.04
7,225.0,28.48,33.12,9.53,77.48,27.8,16.33,21.04,5.4,2004.0,225.0,13.57,28.94,0.0,50.52,18.41,6.49,12.99,1.22,2004.0,225.0,20.672000000000004,30.73266666666667,2.4073333333333333,64.41666666666667,23.327999999999996,11.81,17.62,3.2746666666666666,2004.0,7153.37,5021.86,599.77,3579.37,316.65,882.11,0.13
8,241.0,24.8,34.09,13.14,89.37,29.55,19.41,23.17,4.89,2004.0,241.0,12.17,27.68,0.0,48.33,20.28,8.79,15.41,2.01,2004.0,241.0,19.776,30.76066666666667,2.989333333333333,73.70066666666668,26.571333333333335,15.71666666666667,20.766666666666666,3.312666666666667,2004.0,6606.74,4223.0,592.36,2989.95,324.79,888.5,0.3
9,257.0,23.94,34.16,47.09,85.0,31.53,20.49,24.63,7.28,2004.0,257.0,2.74,27.61,0.0,42.61,20.45,8.09,14.63,1.39,2004.0,257.0,16.979333333333336,30.928000000000008,6.186666666666667,61.40533333333335,25.802666666666667,14.67933333333334,20.08733333333333,4.674666666666666,2004.0,5822.99,3345.63,654.28,2554.13,313.78,1020.37,0.0
10,273.0,19.55,32.69,8.33,71.57,27.56,16.64,22.37,6.37,2004.0,273.0,3.92,24.23,0.0,31.15,13.34,-0.74,6.58,1.47,2004.0,273.0,15.808666666666666,28.016666666666666,0.8119999999999998,48.062000000000005,21.140666666666664,8.831333333333333,15.174000000000005,4.0073333333333325,2004.0,4969.96,2850.62,797.06,2417.67,406.19,1284.8,0.03
11,289.0,17.06,30.13,8.81,98.55,23.12,14.69,18.18,6.56,2004.0,289.0,3.49,25.63,0.0,43.12,8.0,-1.01,4.71,1.33,2004.0,289.0,10.103999999999997,27.672666666666668,1.9186666666666667,67.6,14.093333333333335,6.479333333333332,9.882000000000001,3.6779999999999995,2004.0,3098.17,1721.28,1774.19,2747.86,1542.49,1278.75,1.65
12,305.0,13.57,31.57,22.12,99.3,20.7,15.44,17.96,7.54,2004.0,305.0,2.77,20.66,0.0,47.72,5.59,-0.34,3.07,1.6,2004.0,305.0,9.024,26.284000000000002,2.4121428571428574,79.034,12.960666666666667,4.9719999999999995,8.506666666666666,4.122000000000001,2004.0,3760.43,1873.77,809.45,1832.81,429.64,1448.75,0.01
