,DOY,INSgdmax,RADmax,RAINmax,RHmax,TMAXmax,TMINmax,Tmax,WINDmax,YEAR,DOY,INSgdmin,RADmin,RAINmin,RHmin,TMAXmin,TMINmin,Tmin,WINDmin,YEAR,DOY,INSgdmean,RADmean,RAINmean,RHmean,TMAXmean,TMINmean,Tmean,WINDmean,YEAR,NDVI,EVI,RED,NIR,BLUE,MIR,pixrel
0,113.0,26.6909,30.9861,12.806400000000002,85.0063,29.4609,17.6313,20.9701,7.2125,2004.0,113.0,3.2596,25.879099999999998,0.0,38.03450000000001,14.8378,3.1186000000000003,10.526499999999999,1.857,2004.0,113.0,16.41106,28.742033333333335,3.6305733333333325,62.897366666666656,20.543253333333332,10.326273333333333,15.395606666666668,4.571899999999999,2004.0,4960.56,1761.5,382.08,1232.5,238.76,650.93,0.03
1,129.0,27.774099999999997,33.458099999999995,13.3384,93.98060000000001,30.213899999999995,18.8575,23.468799999999998,4.9645,2004.0,129.0,7.195600000000001,26.480200000000004,0.0,41.1519,11.4098,1.7299,8.1567,1.4958,2004.0,129.0,18.619320000000002,30.139993333333337,4.185115384615385,67.84181333333333,21.49927333333333,10.964086666666667,16.26280666666667,3.1105666666666663,2004.0,5118.69,1895.39,385.82,1318.17,232.12,701.56,0.0
2,145.0,28.043000000000003,34.6105,39.3652,89.26,27.079,20.2184,22.891099999999998,5.2427,2004.0,145.0,9.7852,27.8221,0.0,65.998,18.17,9.0864,14.0424,1.6019,2004.0,145.0,18.817126666666667,31.480013333333332,9.510893333333334,80.91755333333334,23.36747333333333,15.527159999999999,19.4164,3.350686666666667,2004.0,5818.78,2541.81,401.74,1679.95,256.03,665.54,0.0
3,161.0,29.087,34.826800000000006,26.7009,89.3392,29.313700000000004,21.835600000000003,24.9998,4.3119,2004.0,161.0,7.1290000000000004,29.1592,0.0,56.375299999999996,21.4005,9.799900000000001,16.517699999999998,0.721,2004.0,161.0,19.95634666666667,32.48304,4.857246666666667,73.99562666666667,26.716986666666667,17.544173333333333,21.982226666666666,2.65816,2004.0,6264.26,2845.0,335.14,1750.47,232.42,526.2,0.05
4,176.99999999999997,31.3234,34.819700000000005,16.955099999999998,85.8965,30.838700000000003,21.284399999999998,24.3891,4.118399999999999,2004.0,176.99999999999997,7.496999999999999,26.728,0.0,42.8177,21.9442,7.6288,15.4949,1.3798,2004.0,176.99999999999997,22.044806666666666,30.120953333333333,2.906746666666667,58.956939999999996,25.936840000000004,13.533246666666667,19.671593333333334,2.501153333333334,2004.0,7036.78,3455.65,322.01,2064.58,241.97,465.5,0.65
5,193.0,27.674899999999997,35.079800000000006,18.1157,83.95710000000001,31.3607,21.470399999999998,25.855,3.9953999999999996,2004.0,193.0,4.2192,30.247300000000003,0.0,58.872299999999996,23.924,11.549300000000002,18.8711,0.9125000000000001,2004.0,193.0,20.087653333333336,32.70976666666667,5.196942857142858,73.73974,28.205740000000002,17.969653333333333,22.933766666666664,2.38154,2004.0,7235.43,3525.24,270.37,2021.43,224.1,406.06,0.16
6,209.0,28.6004,35.8099,22.447899999999997,85.2032,31.8155,23.0561,26.9492,3.8123,2004.0,209.0,6.2336,28.028999999999996,0.0,50.3045,22.6054,11.7633,18.7571,0.9291,2004.0,209.0,18.38956,32.519286666666666,3.803093333333333,68.25598000000001,28.242853333333333,17.917133333333332,22.84202,2.321813333333333,2004.0,7530.67,3379.68,218.26,1930.99,147.34,393.32,0.0
7,225.0,26.7396,33.531299999999995,11.5408,79.37180000000001,29.113999999999997,19.409100000000002,23.964499999999997,4.527,2004.0,225.0,7.620699999999999,27.6604,0.0,42.262100000000004,21.265,9.3657,15.527999999999999,0.7963000000000001,2004.0,225.0,19.668186666666664,30.608953333333332,2.1777933333333332,58.30575333333333,25.308799999999998,12.908,19.22368,2.625746666666667,2004.0,7127.34,3256.93,250.56,1885.6,175.43,391.25,0.0
8,241.0,24.6009,35.2925,31.044800000000002,90.9718,29.9791,22.719299999999997,25.3292,4.0436,2004.0,241.0,8.7083,29.2943,0.0,47.1384,22.711999999999996,11.5319,17.5687,1.0182,2004.0,241.0,18.521046666666667,32.035419999999995,6.892373333333333,73.03091333333333,27.336486666666666,16.778660000000002,21.99482,2.3732333333333333,2004.0,6961.75,2914.09,254.28,1658.4,202.82,333.04,0.25
9,257.0,24.4099,33.6511,28.518900000000002,88.2641,29.938900000000004,20.75,23.7241,4.991700000000001,2004.0,257.0,7.9627,26.015900000000002,0.0,40.7364,21.2732,9.6723,16.0549,1.1591,2004.0,257.0,19.693133333333336,29.567846666666668,2.4257,60.459293333333335,25.97567333333334,14.794046666666667,20.534913333333336,3.0041933333333337,2004.0,6909.89,2552.08,234.54,1462.5,157.13,310.33,0.0
10,273.0,20.1071,30.768700000000003,5.3408,64.2081,28.106800000000003,16.3003,22.0299,4.4008,2004.0,273.0,2.9268,24.141700000000004,0.0,30.7294,13.973999999999998,1.1057000000000001,7.8163,1.0958,2004.0,273.0,16.662913333333336,27.15084666666667,0.5466066666666667,46.31333333333333,21.921993333333337,8.9682,15.594660000000001,2.748273333333333,2004.0,6809.93,2348.77,220.82,1356.89,123.58,326.87,0.0
11,289.0,17.6723,32.06229999999999,19.2429,93.5745,21.222300000000004,16.5463,19.1216,6.3793,2004.0,289.0,2.4845,25.0392,0.0,43.0741,9.744800000000001,-0.3021,6.5518,1.8546,2004.0,289.0,8.661200000000001,28.323193333333336,3.3563599999999996,70.95100666666667,14.741106666666667,7.280313333333332,10.926626666666667,3.415413333333333,2004.0,4189.1,1588.43,526.64,1277.49,426.18,510.12,2.24
12,305.0,14.83,32.0763,29.452800000000003,96.2087,22.5458,19.159000000000002,20.7651,6.7311000000000005,2004.0,305.0,1.8595,22.0299,0.0,67.33090000000001,7.7508,0.8679,5.3581,1.8744999999999998,2004.0,305.0,8.827086666666666,27.40142,3.970371428571428,83.34295333333333,14.510946666666666,7.073860000000002,10.669666666666666,3.4284999999999997,2004.0,5855.21,1735.67,250.26,1073.88,154.32,380.82,2.89
