,DOY,INSgdmax,RADmax,RAINmax,RHmax,TMAXmax,TMINmax,Tmax,WINDmax,YEAR,DOY,INSgdmin,RADmin,RAINmin,RHmin,TMAXmin,TMINmin,Tmin,WINDmin,YEAR,DOY,INSgdmean,RADmean,RAINmean,RHmean,TMAXmean,TMINmean,Tmean,WINDmean,YEAR,NDVI,EVI,RED,NIR,BLUE,MIR,pixrel
0,113.0,27.666700000000002,30.978800000000003,8.833300000000001,83.93730000000001,29.389700000000005,17.3435,20.2066,6.915,2003.9999999999998,113.0,3.5857999999999994,25.825800000000005,0.0,38.1983,12.5679,0.6688999999999999,8.271899999999999,1.9252,2003.9999999999998,113.0,16.879179999999998,28.201133333333335,2.3571866666666668,62.07458666666666,19.37257333333334,8.74764,14.002559999999999,4.180353333333334,2003.9999999999998,4024.97,1763.62,686.98,1641.58,334.91,1262.09,2.55
1,129.0,26.2706,32.3217,22.0236,95.35949999999998,27.787800000000004,17.765300000000003,22.056900000000006,4.8751999999999995,2003.9999999999998,129.0,8.9711,25.7517,0.0,32.671600000000005,9.869299999999999,1.1754,6.6502,1.906,2003.9999999999998,129.0,17.535506666666663,29.38498666666667,4.532423076923076,62.82946,20.092426666666665,9.734466666666666,14.862693333333334,3.071579999999999,2003.9999999999998,4206.98,1993.66,736.41,1820.69,364.59,1349.17,0.01
2,145.0,28.929,33.24209999999999,35.793699999999994,91.0098,25.4801,18.2555,21.3256,5.036499999999999,2003.9999999999998,145.0,5.633500000000001,26.831100000000003,0.0,69.13510000000001,15.4878,7.8443000000000005,12.1792,1.8218999999999999,2003.9999999999998,145.0,18.67256,30.16294,11.202766666666669,81.49773333333333,20.86334666666667,13.2337,17.09866666666667,3.147146666666666,2003.9999999999998,5851.89,3273.84,580.32,2393.53,306.59,999.8,2.61
3,161.0,29.5592,34.784800000000004,23.2749,91.4092,28.541700000000002,21.598200000000002,24.043300000000002,4.3082,2003.9999999999998,161.0,6.3475,28.0655,0.0,56.1947,20.4664,9.3361,16.0473,0.8587,2003.9999999999998,161.0,20.45558,31.71182,5.882833333333333,73.45553999999998,25.3604,16.538813333333334,20.82262,2.591206666666667,2003.9999999999998,7267.12,4640.38,430.89,3047.95,235.45,810.63,2.66
4,177.0,31.132,33.1603,22.391299999999998,77.4147,31.300299999999996,20.2658,25.2228,4.011,2003.9999999999998,177.0,10.814099999999998,25.8282,0.0,39.207800000000006,20.375500000000002,6.8927,14.8318,1.8051000000000001,2003.9999999999998,177.0,22.798740000000002,29.255480000000002,2.9639800000000003,51.90138666666667,25.177946666666667,12.788286666666668,19.037253333333332,2.993933333333333,2003.9999999999998,7561.33,5179.42,436.7,3396.88,247.79,817.53,0.64
5,193.0,30.240299999999998,34.058600000000006,17.3447,86.4525,30.264499999999998,20.142599999999998,24.4619,3.5487,2003.9999999999998,193.0,7.7452,29.0755,0.0,55.472500000000004,20.8649,10.429799999999998,16.714900000000004,1.2253,2003.9999999999998,193.0,20.62526666666666,31.886306666666663,4.993207142857143,72.08280666666666,27.108013333333332,16.664893333333332,21.644746666666666,2.4508133333333335,2003.9999999999998,7923.29,5237.93,350.13,3295.94,198.07,665.99,0.76
6,209.0,26.6014,35.439400000000006,23.052599999999998,86.1931,30.447699999999998,22.921699999999998,25.5422,3.9629000000000003,2003.9999999999998,209.0,9.935699999999999,28.261100000000003,0.0,46.047700000000006,24.2228,11.998299999999999,19.2654,0.9731,2003.9999999999998,209.0,19.716406666666664,32.16334666666667,4.383120000000001,65.17390666666665,27.68164,17.748819999999995,22.496779999999998,2.2263200000000003,2003.9999999999998,7857.95,4737.25,313.51,2889.82,177.98,635.46,0.01
7,225.0,28.4073,32.9818,14.192499999999999,76.4681,27.3941,18.4397,22.2209,4.6559,2003.9999999999998,225.0,7.9615,27.2416,0.0,44.803,18.2758,8.1804,14.2569,0.831,2003.9999999999998,225.0,18.78204,30.128486666666667,3.2599666666666662,59.85244,23.731293333333333,12.011386666666667,17.974839999999997,2.758606666666667,2003.9999999999998,7716.2,4477.58,329.21,2736.39,186.62,629.15,0.01
8,241.0,25.108999999999998,33.840500000000006,18.787300000000002,91.7474,29.983599999999996,20.558,23.869400000000002,4.5736,2003.9999999999998,241.0,7.455,28.7622,0.0,38.0261,21.7884,8.997099999999998,15.749500000000001,1.2898000000000003,2003.9999999999998,241.0,18.42279333333333,31.234259999999995,3.74708,71.25106666666667,26.274413333333328,15.928186666666667,21.05398,2.574873333333333,2003.9999999999998,7460.22,4166.67,338.48,2587.98,181.85,633.17,2.59
9,257.0,23.9229,33.9698,27.677999999999997,86.8519,29.496100000000002,20.5099,23.6251,5.2456000000000005,2003.9999999999998,257.0,6.1233,25.6581,0.0,39.3251,20.039299999999997,9.0486,15.0579,1.2777,2003.9999999999998,257.0,18.34974,29.707253333333334,3.912373333333333,59.51254666666666,25.33977333333333,14.716786666666666,20.04508666666667,3.2854333333333328,2003.9999999999998,6686.28,3629.67,448.38,2393.52,243.7,756.76,0.03
10,273.0,19.459199999999996,30.765900000000002,12.6165,66.1285,27.474,15.445599999999999,21.406799999999997,4.5977,2003.9999999999998,273.0,3.3405,23.477700000000002,0.0,32.677299999999995,12.7516,0.3385,6.7632,0.7637000000000002,2003.9999999999998,273.0,15.886873333333336,26.777953333333333,1.0750933333333332,47.259133333333324,20.819006666666663,8.47788,14.825786666666668,3.0664600000000006,2003.9999999999998,5364.81,2439.06,555.01,1875.22,238.05,821.34,0.03
11,289.0,16.654999999999998,30.644,19.256,94.1796,20.6344,15.3717,17.5966,6.5931999999999995,2003.9999999999998,289.0,2.8926,24.394199999999998,0.0,49.65990000000001,8.3953,-0.12869999999999998,4.1957,1.4026999999999998,2003.9999999999998,289.0,8.118139999999999,27.583173333333335,4.472193333333334,71.68907333333333,13.180226666666666,6.175693333333334,9.467106666666666,3.0838,2003.9999999999998,5097.07,2090.99,485.98,1570.55,239.72,772.19,2.6
12,305.0,13.836999999999998,30.7243,17.4286,94.4225,20.837500000000002,15.5534,18.7991,5.914899999999999,2003.9999999999998,305.0,2.1516,21.3011,0.0,56.2611,6.8089,0.18329999999999996,4.0753,1.1905999999999999,2003.9999999999998,305.0,7.944533333333333,26.579953333333336,2.423395238095238,82.80164666666664,12.125653333333332,5.386773333333331,8.588926666666667,3.284306666666667,2003.9999999999998,4668.93,1654.79,462.8,1284.07,233.06,882.66,0.01
