,DOY,INSgdmax,RADmax,RAINmax,RHmax,TMAXmax,TMINmax,Tmax,WINDmax,YEAR,DOY,INSgdmin,RADmin,RAINmin,RHmin,TMAXmin,TMINmin,Tmin,WINDmin,YEAR,DOY,INSgdmean,RADmean,RAINmean,RHmean,TMAXmean,TMINmean,Tmean,WINDmean,YEAR,NDVI,EVI,RED,NIR,BLUE,MIR,pixrel
0,113.0,27.472199999999994,30.968400000000003,7.622599999999999,83.97620000000002,29.6155,17.5783,20.5454,6.818900000000001,2004.0,113.0,3.2750000000000004,25.5691,0.0,38.015299999999996,13.178,1.0082,8.412699999999997,1.9180999999999997,2004.0,113.0,16.625706666666666,28.35006666666667,2.2841533333333333,62.09494666666666,19.627860000000005,9.105100000000002,14.359039999999998,4.275666666666667,2004.0,4810.78,1998.3,537.73,1559.49,279.71,1096.17,0.04
1,129.0,26.251099999999997,32.6825,19.1367,96.05789999999999,28.3273,17.8654,22.384800000000006,4.889200000000001,2004.0,129.0,9.184099999999999,26.037399999999998,0.0,33.1725,10.270999999999999,1.3363,7.3891,1.7955000000000003,2004.0,129.0,17.340713333333333,29.652926666666662,3.8269692307692305,64.50619333333334,20.4591,10.136953333333334,15.287900000000004,2.988806666666666,2004.0,4806.27,2092.06,555.73,1639.3,289.0,1089.8,0.0
2,145.0,28.544299999999996,33.4741,33.0972,90.31540000000001,25.6749,18.862299999999998,21.5275,4.930000000000001,2004.0,145.0,6.5964,26.7661,0.0,69.2311,16.1793,8.4975,12.7018,1.8169000000000002,2004.0,145.0,18.998580000000004,30.358753333333333,10.797740000000001,81.83653333333334,21.394333333333332,13.84916,17.66394666666667,3.146826666666666,2004.0,6200.24,3236.42,487.92,2215.66,263.18,911.88,0.05
3,161.0,29.2669,34.8295,24.5458,91.0697,28.5777,21.7255,24.318600000000004,4.174100000000001,2004.0,161.0,5.5828,27.959799999999998,0.0,57.4398,20.700200000000002,9.432300000000001,16.239299999999997,0.7637,2004.0,161.0,20.60331333333334,31.80373333333333,5.84674,73.89357999999999,25.62972,16.786873333333332,21.121366666666667,2.5187266666666672,2004.0,7713.76,4862.76,349.67,3032.38,204.91,682.6,0.04
4,176.99999999999997,31.109299999999998,33.1789,22.070199999999996,82.8331,31.346200000000003,20.324399999999997,25.301599999999997,3.9212,2004.0,176.99999999999997,10.520399999999997,26.2103,0.0,40.1383,20.772199999999998,6.777,14.8606,1.7666000000000002,2004.0,176.99999999999997,22.561413333333334,29.308180000000004,3.109773333333333,53.78775999999999,25.380493333333334,12.91137333333333,19.148206666666667,2.878226666666666,2004.0,8008.8,5340.65,349.94,3361.58,203.07,670.52,0.29
5,193.00000000000003,29.764200000000002,34.3812,15.176400000000001,84.9298,30.165300000000002,20.527600000000003,24.7918,3.561,2004.0,193.00000000000003,7.026699999999999,29.208499999999997,0.0,56.477500000000006,21.376099999999997,10.766399999999999,17.319399999999998,1.2907,2004.0,193.00000000000003,20.36604666666667,32.06451333333333,4.727535714285714,72.56293333333333,27.314653333333332,17.016293333333333,21.946253333333335,2.4419666666666666,2004.0,8221.35,5423.35,307.24,3338.17,180.78,638.72,0.49
6,209.00000000000003,26.9437,35.6947,22.239299999999997,85.1434,30.8523,23.0536,26.019099999999998,3.8122999999999996,2004.0,209.00000000000003,10.0102,28.3415,0.0,46.5073,24.085800000000006,11.9582,19.3142,0.9261999999999999,2004.0,209.00000000000003,18.97361333333333,32.352340000000005,4.400786666666668,65.45398,27.899440000000006,17.878966666666663,22.683653333333336,2.2153666666666667,2004.0,8258.08,4784.1,238.08,2788.18,137.37,513.22,0.0
7,225.0,28.2885,33.1232,13.2856,76.2195,27.812400000000004,18.7819,22.816200000000002,4.6085,2004.0,225.0,7.905,27.165699999999998,0.0,43.7081,19.2619,8.5785,14.800899999999999,0.9186,2004.0,225.0,18.821926666666666,30.20992,3.7102266666666672,58.64566666666667,24.23327333333333,12.251006666666665,18.364293333333332,2.693106666666667,2004.0,8049.11,4488.52,250.8,2624.73,143.31,504.67,0.0
8,240.99999999999997,25.0752,34.1976,20.6774,90.98089999999999,29.922300000000003,21.307100000000002,24.4749,4.4738999999999995,2004.0,240.99999999999997,7.4253,28.8266,0.0,38.4016,21.8821,9.902099999999999,16.0673,1.2818,2004.0,240.99999999999997,18.41894,31.403726666666664,3.836306666666667,71.23796666666667,26.56444666666666,16.127753333333334,21.33563333333333,2.491966666666667,2004.0,7737.91,4514.9,318.24,2746.99,182.89,596.72,0.01
9,257.0,24.0423,33.806200000000004,22.415699999999998,87.38300000000001,29.366600000000005,20.558699999999998,23.6019,5.218800000000002,2004.0,257.0,7.1981,25.7524,0.0,39.5903,20.332,8.988,15.418299999999999,1.1665,2004.0,257.0,18.711499999999997,29.61171333333334,2.877893333333333,59.281319999999994,25.513473333333337,14.74118,20.186540000000004,3.1433133333333325,2004.0,7177.84,3756.35,365.4,2336.27,201.1,595.6,0.0
10,273.0,19.6382,30.689899999999998,15.07,64.96450000000002,27.7915,15.4694,21.5825,4.4406,2004.0,273.0,3.5099000000000005,23.610199999999995,0.0,32.5314,13.088899999999999,0.2825,7.1242,0.7967,2004.0,273.0,16.19924,26.770653333333335,1.2945133333333334,46.93769333333333,21.107759999999995,8.585180000000001,14.992826666666668,2.944453333333334,2004.0,5634.55,2452.46,482.84,1799.19,189.88,652.71,0.0
11,288.99999999999994,16.9208,31.3103,23.189799999999998,93.42950000000002,20.582599999999996,15.918499999999998,18.1371,6.5876,2004.0,288.99999999999994,2.7802,24.1678,0.0,49.3354,9.0446,0.065,4.625599999999999,1.5820999999999998,2004.0,288.99999999999994,8.216439999999999,27.705866666666665,4.684026666666666,71.9236,13.399853333333333,6.54306,9.769426666666668,3.15246,2004.0,5597.63,2201.89,432.28,1529.79,235.43,662.25,0.05
12,305.0,13.9934,31.0134,18.412,94.1574,21.3282,16.213,19.340000000000003,6.1484000000000005,2004.0,305.0,2.0348,21.431299999999997,0.0,59.7802,7.255800000000001,0.5971,4.560499999999999,1.2918,2004.0,305.0,8.030073333333334,26.80482,2.701700952380952,83.11153999999998,12.56423333333333,5.802886666666665,9.053593333333334,3.292413333333333,2004.0,5400.29,1853.52,365.15,1265.4,187.69,710.14,0.02
