,DOY,INSgdmax,RADmax,RAINmax,RHmax,TMAXmax,TMINmax,Tmax,WINDmax,YEAR,DOY,INSgdmin,RADmin,RAINmin,RHmin,TMAXmin,TMINmin,Tmin,WINDmin,YEAR,DOY,INSgdmean,RADmean,RAINmean,RHmean,TMAXmean,TMINmean,Tmean,WINDmean,YEAR,NDVI,EVI,RED,NIR,BLUE,MIR,pixrel
0,113.0,27.952599999999997,30.3948,16.1198,91.5808,31.8358,16.7896,21.7944,8.0182,2004.0,113.0,3.4651999999999994,25.629800000000003,0.0,36.0926,11.2282,2.6477999999999997,8.2246,2.3672,2004.0,113.0,19.25368,27.532773333333335,3.1791333333333336,62.98962666666666,18.780546666666666,6.78608,12.587533333333333,4.591853333333334,2004.0,2912.56,1439.67,939.52,1746.2,481.34,1852.09,0.13
1,129.0,29.2878,32.1948,14.982,90.8574,28.8956,16.413600000000002,19.8974,6.9762,2004.0,129.0,7.355200000000001,23.89,0.0,35.547200000000004,6.549400000000001,-1.0617999999999999,3.0738,2.8078,2004.0,129.0,20.90149333333333,28.12418666666667,3.5688153846153843,58.888200000000005,19.31628,8.019453333333333,13.704386666666668,4.548773333333333,2004.0,2981.54,1540.81,982.12,1860.93,505.87,1930.02,0.0
2,145.0,29.1656,32.61279999999999,39.3642,92.84620000000001,26.290800000000004,16.8206,20.1354,7.102,2004.0,145.0,4.6044,27.327399999999997,0.0,59.5544,13.6196,6.1312,10.213199999999999,2.1464,2004.0,145.0,15.720146666666663,29.9012,10.593373333333334,78.89857333333333,20.30238666666667,10.896946666666667,15.553439999999998,4.2825066666666665,2004.0,4717.31,2354.18,647.44,1916.63,338.55,1081.87,0.12
3,161.0,31.7986,34.610600000000005,23.9784,95.1432,29.541200000000003,20.8304,23.8088,7.2034,2004.0,161.0,7.347800000000001,28.516999999999996,0.0,52.4242,18.5402,8.3348,14.418199999999999,1.298,2004.0,161.0,20.403519999999997,31.306946666666676,5.809359999999999,73.36561333333334,24.826666666666668,15.191413333333333,19.70781333333333,3.299906666666667,2004.0,6541.14,3701.68,519.5,2552.05,289.62,1007.9,0.53
4,177.0,30.855200000000004,33.9928,15.217,75.04320000000001,31.1598,19.765600000000003,24.562800000000003,5.0222,2004.0,177.0,12.5086,25.555,0.0,37.4676,18.8128,6.6302,14.268,1.4646,2004.0,177.0,23.81388,29.235946666666667,1.66748,50.88337333333334,24.579426666666663,12.5412,18.567093333333332,3.224546666666666,2004.0,6675.07,3872.88,472.82,2608.15,248.63,971.03,0.0
5,193.0,31.082,33.795,10.1636,90.14159999999998,30.391599999999997,20.967200000000002,23.476799999999997,3.96,2004.0,193.0,5.351,29.217599999999997,0.0,64.8348,18.6582,9.6826,14.9064,1.4054,2004.0,193.0,22.012479999999996,31.88564000000001,3.1699142857142855,75.50670666666666,26.18974666666666,15.850840000000002,20.641399999999997,2.8314000000000004,2004.0,7275.59,4804.68,494.12,3263.88,255.39,983.91,0.35
6,209.0,28.231,34.3224,22.1524,94.59620000000001,32.0716,21.138599999999997,24.616600000000002,5.6202,2004.0,209.0,2.7286,27.1876,0.0,44.4772,23.9388,9.0794,18.0386,0.6516000000000001,2004.0,209.0,21.56522666666667,31.057186666666666,6.50212,64.79317333333333,27.407093333333336,16.02001333333333,21.405399999999997,2.9032133333333334,2004.0,7600.52,5001.06,443.49,3290.37,233.03,834.25,0.0
7,225.0,28.022799999999997,31.757,9.8874,81.39800000000001,26.726000000000003,16.3676,20.717,6.0022,2004.0,225.0,13.6202,27.842599999999997,0.0,51.734399999999994,16.9278,5.285,12.3272,0.9636,2004.0,225.0,20.70348,30.185213333333333,1.38916,65.98781333333332,22.79125333333333,11.527506666666667,17.011533333333333,3.59296,2004.0,7365.95,5202.94,538.0,3606.99,284.08,843.69,0.0
8,241.0,24.699799999999996,33.1916,11.956800000000001,88.0704,29.850200000000005,18.7376,23.4956,5.4414,2004.0,241.0,6.090800000000001,27.2192,0.0,48.470200000000006,19.378800000000002,5.7345999999999995,14.990400000000001,1.938,2004.0,241.0,18.656653333333335,30.34758666666667,1.75324,74.04806666666667,25.85893333333333,14.805053333333337,19.936813333333337,3.704493333333334,2004.0,6621.07,3983.95,552.37,2770.77,291.29,857.77,0.04
9,257.0,23.4454,33.645399999999995,51.72280000000001,89.23460000000001,30.627000000000002,19.949599999999997,24.294400000000003,8.384599999999999,2004.0,257.0,6.1934,27.565,0.0,43.5372,18.726999999999997,6.2726,13.086599999999999,1.7224,2004.0,257.0,16.67704,30.857506666666662,8.130786666666667,65.29472,24.823453333333333,14.152186666666665,19.264960000000002,5.0862533333333335,2004.0,5850.66,3071.82,593.09,2289.17,274.67,950.47,0.0
10,273.0,19.505000000000003,32.44499999999999,15.68,77.59979999999999,25.658,13.129000000000001,18.6292,6.399,2004.0,273.0,6.9734,24.395799999999998,0.0,37.2416,11.718,-0.5882000000000001,5.9364,1.1558,2004.0,273.0,15.299079999999998,28.06149333333333,1.6411066666666667,56.85962666666667,19.678026666666668,7.762826666666665,13.600760000000001,4.305626666666666,2004.0,4839.43,2616.75,787.86,2250.17,396.41,1267.69,0.03
11,289.0,16.4702,30.0722,3.5561999999999996,99.52860000000001,22.2922,13.9062,17.557000000000002,6.5454,2004.0,289.0,3.51,25.4052,0.0,42.528600000000004,7.802800000000001,-2.3846,2.2132,1.2744,2004.0,289.0,9.850879999999997,27.41214666666667,0.8907066666666668,67.67566666666666,13.418266666666668,5.790146666666667,9.160946666666668,3.9118933333333334,2004.0,2837.07,1541.3,1319.19,2180.01,997.05,1365.97,2.12
12,305.0,12.4528,30.7222,12.172000000000002,99.8884,18.7876,13.6666,16.2252,7.3706,2004.0,305.0,3.5858,19.8522,0.0,51.1562,4.8572,-0.26800000000000007,1.9555999999999998,2.7342,2004.0,305.0,8.863026666666666,25.708693333333336,1.5936,81.26529333333333,11.409373333333335,3.8627466666666668,7.201066666666665,4.216866666666666,2004.0,3616.09,1586.65,737.26,1584.1,365.07,1275.8,0.0
