,DOY,INSgdmax,RADmax,RAINmax,RHmax,TMAXmax,TMINmax,Tmax,WINDmax,YEAR,DOY,INSgdmin,RADmin,RAINmin,RHmin,TMAXmin,TMINmin,Tmin,WINDmin,YEAR,DOY,INSgdmean,RADmean,RAINmean,RHmean,TMAXmean,TMINmean,Tmean,WINDmean,YEAR,NDVI,EVI,RED,NIR,BLUE,MIR,pixrel
0,113.0,28.1464,31.185299999999998,13.0158,86.0062,29.701299999999996,17.6162,21.617800000000003,8.2644,2004.0,113.0,2.2889,25.831,0.0,37.6551,13.7462,3.2479,10.896700000000001,1.8708,2004.0,113.0,17.77057333333333,28.467206666666666,3.148913333333333,63.55211333333334,20.673019999999998,10.32496,15.423946666666666,4.68232,2004.0,6153.23,4052.14,717.07,3077.7,379.98,1496.75,0.0
1,129.0,27.0053,33.047799999999995,23.7147,95.4948,31.1139,18.6411,24.316599999999998,4.858499999999999,2004.0,129.0,5.6417,25.5739,0.0,42.1084,12.1264,1.4373,7.017799999999999,2.0002,2004.0,129.0,19.612426666666664,29.653186666666663,7.523461538461539,66.67368666666667,21.559026666666664,10.757573333333333,16.030253333333334,3.3528133333333336,2004.0,7426.78,5000.05,485.59,3342.32,270.45,981.12,0.04
2,145.0,29.328400000000002,33.9821,37.7446,90.77350000000001,27.0177,19.6199,22.4471,5.741099999999999,2004.0,145.0,12.0586,27.7646,0.0,60.982800000000005,17.886200000000002,8.455200000000001,14.264500000000002,1.7263,2004.0,145.0,20.44638666666667,31.27372666666667,7.983986666666668,80.60064,23.166866666666667,14.910546666666665,19.132633333333334,3.525313333333333,2004.0,7532.43,5364.29,496.18,3622.07,276.77,948.03,0.0
3,161.0,28.4069,34.6043,28.538899999999998,91.2603,28.8576,21.472500000000004,24.8119,4.8436,2004.0,161.0,7.797499999999999,29.249000000000002,0.0,53.841300000000004,21.3688,10.688099999999999,16.1719,1.0202,2004.0,161.0,19.906646666666667,32.533359999999995,5.807426666666666,73.94473333333333,26.640493333333332,17.65912,21.913140000000006,3.015246666666667,2004.0,7495.6,5596.96,552.82,3893.6,306.89,975.14,0.11
4,177.0,31.748600000000003,34.7729,22.340500000000002,87.9794,29.936700000000002,21.528399999999998,23.501599999999996,4.2173,2004.0,177.0,8.904399999999999,27.706799999999998,0.0,44.4534,21.051299999999998,8.4076,15.8864,1.4692,2004.0,177.0,22.025413333333333,30.385293333333337,2.806706666666667,60.451413333333335,25.166313333333328,13.8609,19.417160000000003,2.4807533333333334,2004.0,7631.68,5319.55,475.3,3545.77,266.5,880.82,0.05
5,193.0,29.4551,34.6678,26.6797,84.6189,31.6196,21.218700000000002,25.7635,3.9665,2004.0,193.0,11.1821,29.3983,0.0,56.5916,22.5024,14.085600000000001,18.4864,0.8682,2004.0,193.0,20.99502,32.74951333333334,8.29007142857143,74.57083999999999,27.99583333333333,18.098773333333334,22.86308,2.322966666666667,2004.0,7769.57,5553.96,460.53,3696.86,256.97,915.58,0.08
6,209.0,26.586100000000002,35.546,23.903599999999997,86.9213,31.583400000000005,22.8016,26.2655,4.535399999999999,2004.0,209.0,7.9338999999999995,28.950100000000003,0.0,54.159099999999995,21.9781,11.3216,18.3106,1.1814,2004.0,209.0,18.75626666666667,32.664833333333334,3.86374,71.77248,27.598580000000005,17.661513333333335,22.42328666666667,2.54202,2004.0,7844.24,5733.19,456.86,3819.68,257.05,959.74,0.02
7,225.0,28.473499999999998,32.9422,11.07,79.28750000000001,29.7994,18.5248,23.0184,4.2325,2004.0,225.0,10.898900000000001,27.9561,0.0,46.3156,20.6705,7.829899999999999,14.893,0.9964999999999999,2004.0,225.0,21.001133333333335,30.963120000000004,2.0466800000000003,61.167406666666665,24.83826,12.856866666666665,18.908313333333332,2.66946,2004.0,7711.37,5550.18,483.03,3742.44,266.77,927.68,0.57
8,241.0,24.8453,34.816,36.005300000000005,91.58109999999999,31.172,21.8343,24.6492,3.9158000000000004,2004.0,241.0,8.9077,29.2307,0.0,51.066900000000004,23.095499999999998,11.1045,17.2853,0.8932,2004.0,241.0,19.474933333333333,31.860786666666666,6.382499999999999,73.70254,27.24080666666667,16.940133333333332,21.900793333333333,2.5301133333333334,2004.0,7712.38,5215.11,427.74,3393.44,239.9,803.2,0.0
9,257.0,24.367800000000003,34.135099999999994,35.6943,86.8849,31.384300000000003,20.9223,24.3155,4.9519,2004.0,257.0,12.0166,25.4121,0.0,42.1905,21.8828,9.215,15.9236,1.3961999999999999,2004.0,257.0,20.411539999999995,29.81374666666667,4.939813333333333,61.77647999999999,26.0845,14.677606666666666,20.389913333333332,3.3404133333333332,2004.0,7378.78,5013.26,503.3,3387.07,277.33,936.97,0.0
10,273.0,19.611400000000003,31.592599999999997,3.2672,70.066,27.141599999999997,16.8572,21.2687,4.9846,2004.0,273.0,5.7893,24.683999999999997,0.0,29.6009,13.9419,-0.060600000000000015,7.0395,0.9482,2004.0,273.0,16.657586666666667,27.694086666666664,0.38832,46.928286666666665,21.870746666666665,8.802826666666666,15.680779999999999,2.941786666666667,2004.0,6524.61,4181.87,617.95,3011.86,330.84,1058.18,0.0
11,289.0,17.7539,31.043200000000002,6.8424000000000005,94.6772,21.821199999999997,15.3418,18.479300000000002,5.9415000000000004,2004.0,289.0,3.4810999999999996,25.7342,0.0,40.420700000000004,9.927800000000001,-0.177,7.0075,1.5809000000000002,2004.0,289.0,9.32312,28.33325333333334,1.3843333333333332,68.63076666666667,15.353593333333334,6.93418,11.024893333333335,3.5429199999999996,2004.0,6216.21,3575.24,588.28,2580.63,305.76,1079.77,0.0
12,305.0,14.9881,32.8606,36.1637,96.50309999999999,22.141399999999997,18.5443,20.4698,6.5603,2004.0,305.0,2.7985,22.5415,0.0,62.10119999999999,7.2497,0.03550000000000003,4.833,1.8523999999999998,2004.0,305.0,9.185906666666668,27.427086666666668,5.163814285714285,82.26257999999999,14.817993333333334,6.514199999999999,10.455060000000001,3.6158466666666667,2004.0,5502.93,3114.32,687.18,2429.79,356.65,1300.53,0.0
