,DOY,INSgdmax,RADmax,RAINmax,RHmax,TMAXmax,TMINmax,Tmax,WINDmax,YEAR,DOY,INSgdmin,RADmin,RAINmin,RHmin,TMAXmin,TMINmin,Tmin,WINDmin,YEAR,DOY,INSgdmean,RADmean,RAINmean,RHmean,TMAXmean,TMINmean,Tmean,WINDmean,YEAR,NDVI,EVI,RED,NIR,BLUE,MIR,pixrel
0,113.0,27.5958,31.127499999999998,18.9416,85.5753,28.603799999999996,17.1651,19.668400000000002,7.315799999999999,2004.0,113.0,3.8716999999999997,26.145000000000003,0.0,39.9487,11.706299999999999,0.5362,8.3293,1.8915,2004.0,113.0,17.390259999999998,28.04449333333333,4.372060000000001,62.59692666666667,19.09202666666667,8.049146666666669,13.384373333333334,4.126306666666666,2004.0,4344.43,1875.56,619.81,1599.09,316.69,1222.97,0.0
1,129.0,28.162599999999998,31.874200000000002,24.247,88.0075,26.692600000000002,17.093700000000002,21.447000000000003,4.9435,2004.0,129.0,8.188300000000002,25.3803,0.0,32.8715,9.826799999999999,-0.25339999999999996,5.270100000000001,1.9869,2004.0,129.0,19.12408,28.700366666666667,5.590661538461539,59.75940666666666,19.38738,9.068553333333332,14.12256,3.36402,2004.0,4557.19,2178.87,679.94,1849.13,350.25,1293.14,0.0
2,145.0,27.8478,32.361999999999995,40.142,93.0709,25.5189,16.7202,20.981900000000003,5.5244,2004.0,145.0,5.8843,27.4839,0.0,66.2799,14.8983,6.4649,10.9245,1.8175000000000001,2004.0,145.0,18.183453333333333,29.87952,10.407653333333336,80.48863999999998,20.119526666666665,12.116899999999998,16.182940000000002,3.308053333333334,2004.0,6064.14,3323.27,567.37,2379.49,308.62,994.92,0.0
3,161.0,30.4739,34.1984,22.6845,91.6491,29.021800000000002,21.2937,24.071600000000004,4.894000000000001,2004.0,161.0,7.6426,28.628999999999998,0.0,52.118,19.9387,8.9698,15.476299999999998,1.0686000000000002,2004.0,161.0,20.313433333333332,31.603606666666668,6.221353333333333,72.32747333333333,25.125720000000005,16.007973333333332,20.33386,2.78212,2004.0,7894.99,5234.72,360.84,3298.35,213.66,686.6,0.02
4,177.0,31.0085,33.9299,21.4816,64.5604,31.509999999999998,20.543100000000003,25.341100000000004,4.1893,2004.0,177.0,10.4708,25.4609,0.0,38.336000000000006,19.349400000000003,7.055,14.6675,1.7073000000000003,2004.0,177.0,23.232006666666667,29.128166666666672,2.6764,49.09702,25.052,12.357053333333333,18.908233333333335,3.17296,2004.0,8222.12,5691.3,333.02,3584.84,195.7,613.73,0.61
5,193.0,30.819700000000005,33.485299999999995,23.836299999999998,90.23140000000001,30.525299999999998,19.939600000000002,23.8325,3.6239000000000003,2004.0,193.0,9.5542,28.8795,0.0,53.2688,19.9236,9.630300000000002,15.5504,1.2595,2004.0,193.0,21.212340000000005,31.558259999999997,4.20275,71.42428666666666,26.928306666666664,16.06262,21.170700000000004,2.543746666666667,2004.0,8493.51,5592.11,259.74,3371.28,156.55,507.78,0.7
6,209.0,26.2209,34.9467,18.3525,89.99629999999999,30.329500000000003,22.293,24.737799999999996,4.285299999999999,2004.0,209.0,9.194700000000001,27.912799999999997,0.0,45.1321,24.326900000000002,10.8308,18.62,1.0099,2004.0,209.0,20.61992,31.679559999999995,4.087093333333334,63.43342666666666,27.670279999999998,16.958566666666666,22.128320000000002,2.3138666666666667,2004.0,8407.27,5218.63,241.32,3076.28,149.3,480.24,0.02
7,225.0,28.130300000000002,32.52419999999999,21.3253,77.34870000000001,26.2292,17.532099999999996,20.8932,4.9092,2004.0,225.0,9.5599,26.8234,0.0,48.1988,16.231199999999998,6.8072,13.102,0.5913999999999999,2004.0,225.0,18.739579999999997,30.018980000000003,2.3878066666666666,63.09740000000001,22.880000000000003,11.529086666666666,17.226386666666667,2.9517666666666664,2004.0,8231.95,5081.38,276.25,3047.93,161.5,522.27,0.07
8,241.0,24.899399999999996,33.7934,23.921,93.1836,29.8407,19.640400000000003,23.1181,4.757,2004.0,241.0,10.218499999999999,28.427,0.0,40.4414,21.1427,6.8216,15.138499999999999,1.3202,2004.0,241.0,18.185453333333335,30.89163333333333,4.2353266666666665,72.26167333333333,25.80050666666667,15.4435,20.418886666666666,2.8335533333333327,2004.0,7918.58,4488.4,293.64,2685.03,170.29,515.62,0.0
9,257.0,23.509500000000003,33.984,35.113299999999995,86.13350000000001,30.1975,20.3651,23.974800000000002,5.6155,2004.0,257.0,4.084300000000001,26.1702,0.0,40.0673,19.677200000000003,8.7396,14.0663,1.5816,2004.0,257.0,17.704213333333332,30.142559999999996,5.270113333333333,60.64148,25.17421333333333,14.494633333333333,19.78174666666667,3.722153333333333,2004.0,7368.03,3832.12,342.27,2351.74,190.76,524.06,0.0
10,273.0,19.112199999999998,30.651999999999997,4.5695,69.3981,27.568,15.9841,21.7513,5.2202,2004.0,273.0,2.2356,23.7692,0.0,33.7531,11.7921,0.5165000000000001,5.995799999999999,1.0442,2004.0,273.0,15.29095333333333,26.888506666666668,0.6139133333333333,49.05128666666666,20.41574,8.348613333333333,14.495919999999998,3.3952933333333335,2004.0,7067.79,3292.18,335.62,2058.98,150.1,536.45,0.0
11,289.0,16.1134,29.688899999999997,12.072600000000001,96.6372,21.483300000000003,14.709700000000002,17.0002,6.7676,2004.0,289.0,2.9067,24.8059,0.0,45.026599999999995,6.6829,-0.5969,3.1094,1.0041000000000002,2004.0,289.0,8.059453333333334,27.513886666666664,2.8370800000000003,71.17111999999999,12.903406666666664,5.692233333333333,9.03147333333333,3.04042,2004.0,5379.67,2010.51,414.39,1408.34,218.68,716.39,0.2
12,305.0,13.5703,30.416200000000003,14.816400000000002,95.9761,19.933899999999998,14.5695,17.7388,5.793100000000001,2004.0,305.0,2.7378,21.1069,0.0,52.7136,5.777699999999999,-0.1793,3.5565,1.2692,2004.0,305.0,7.880753333333333,26.18676,2.2844652380952377,82.90266,11.250860000000001,4.74212,7.751333333333333,3.3594533333333327,2004.0,4829.09,1660.6,412.52,1221.01,218.77,794.36,0.0
