,DOY,INSgdmax,RADmax,RAINmax,RHmax,TMAXmax,TMINmax,Tmax,WINDmax,YEAR,DOY,INSgdmin,RADmin,RAINmin,RHmin,TMAXmin,TMINmin,Tmin,WINDmin,YEAR,DOY,INSgdmean,RADmean,RAINmean,RHmean,TMAXmean,TMINmean,Tmean,WINDmean,YEAR,NDVI,EVI,RED,NIR,BLUE,MIR,pixrel
0,113.0,28.1684,30.6777,11.0369,84.8938,32.2642,17.2717,22.748200000000004,9.214400000000001,2004.0,113.0,4.3408,26.1011,0.0,35.2012,11.4514,3.3581000000000003,9.1208,2.4604,2004.0,113.0,19.04666,28.27174,2.3689666666666667,60.86797333333333,20.271393333333332,8.33752,14.329686666666666,4.821573333333333,2004.0,3927.37,2594.15,1211.56,2793.03,635.09,2310.53,0.01
1,129.0,29.5409,32.2889,26.420100000000005,90.4074,30.188599999999997,17.412399999999998,23.1792,6.524,2004.0,129.0,9.1797,24.4267,0.0,35.757400000000004,8.3423,-0.8531000000000001,3.9959999999999996,2.8851,2004.0,129.0,21.19892666666667,28.954993333333334,5.4694692307692305,62.69980666666666,20.750953333333335,9.25072,15.059666666666667,4.52078,2004.0,4738.09,3147.08,1025.13,2899.82,543.74,1882.44,0.5
2,145.0,27.3241,33.190999999999995,38.59230000000001,92.3774,28.908099999999997,18.237199999999998,21.6773,7.3421,2004.0,145.0,7.209,27.450599999999998,0.0,57.6197,15.204799999999999,6.5779000000000005,11.729099999999999,2.7967000000000004,2004.0,145.0,18.566546666666667,30.588973333333335,8.706866666666667,79.40877333333333,21.859899999999996,12.584966666666666,17.160206666666667,4.242613333333333,2004.0,4848.53,3302.52,1031.26,3008.81,553.19,1891.99,0.05
3,161.0,31.6718,34.6393,20.4287,94.19019999999999,29.5034,20.888800000000003,24.092800000000004,6.7575,2004.0,161.0,8.8264,28.2006,0.0,50.806,19.2528,9.8897,14.593800000000002,1.7027999999999999,2004.0,161.0,21.379713333333335,31.559040000000003,4.543853333333334,74.56752,25.789366666666666,16.161013333333333,20.699559999999998,3.377440000000001,2004.0,6534.23,4487.89,678.78,3273.76,387.87,1203.88,0.0
4,177.0,31.746999999999996,34.0703,16.3158,88.74770000000001,30.5575,20.5347,23.953400000000002,4.2416,2004.0,177.0,9.6131,25.868199999999998,0.0,44.2484,18.0887,6.8838,14.172899999999998,1.9932,2004.0,177.0,22.269259999999996,29.62422,2.2303333333333333,58.90210666666667,24.286313333333336,12.863286666666667,18.448553333333333,2.924313333333333,2004.0,7308.82,5142.73,521.19,3482.05,302.37,952.87,0.03
5,193.0,30.3502,34.4736,14.0212,90.0247,30.7794,20.7526,24.1694,4.4046,2004.0,193.0,6.6918999999999995,29.5522,0.0,67.82150000000001,21.037599999999998,11.7973,16.739800000000002,1.6665,2004.0,193.0,21.036253333333335,32.39873333333334,4.478942857142857,78.00756000000001,26.633066666666664,16.833766666666666,21.36822,2.749346666666667,2004.0,7850.98,6165.69,487.67,4216.82,287.87,917.52,0.62
6,209.0,28.6447,34.879000000000005,17.3704,87.2919,31.869,21.7658,25.047700000000003,5.5047,2004.0,209.0,8.967500000000001,27.258199999999995,0.0,50.156499999999994,24.135600000000004,10.0151,17.7788,0.9757,2004.0,209.0,21.86301333333333,31.65309333333333,4.386786666666667,68.19042,27.867440000000002,16.490286666666666,21.85076,2.9976666666666665,2004.0,7906.08,5966.99,434.72,3952.37,259.44,850.53,0.03
7,225.0,26.320400000000003,32.7055,12.9746,79.92930000000001,28.377299999999998,17.1557,21.6764,5.292299999999999,2004.0,225.0,12.231300000000001,28.476799999999997,0.0,49.1981,19.6566,6.8172,13.8325,1.1832,2004.0,225.0,20.824686666666665,30.776873333333334,2.2959466666666666,64.21665999999999,23.62779333333333,12.256359999999997,17.99939333333333,3.266513333333333,2004.0,7717.33,5657.22,458.33,3766.33,269.44,854.73,0.02
8,241.0,25.1938,33.780100000000004,11.4926,88.0138,30.6175,19.382299999999997,24.1751,5.0832,2004.0,241.0,12.679300000000001,27.750799999999998,0.0,50.9285,20.3871,9.1659,15.9793,2.1451,2004.0,241.0,20.46460666666667,30.785093333333332,1.64284,72.35753333333332,27.253186666666664,15.85356,21.116546666666665,3.556326666666667,2004.0,7057.12,4687.52,539.72,3234.14,289.46,920.8,0.0
9,257.0,24.1046,34.5321,24.0586,82.92779999999999,31.561200000000003,20.464900000000004,24.9016,7.846400000000001,2004.0,257.0,5.6029,28.070500000000003,0.0,42.41460000000001,21.0434,8.0392,14.905000000000001,1.6929,2004.0,257.0,17.32163333333333,30.83978666666667,4.323973333333333,60.61028,26.287280000000003,14.826893333333334,20.340333333333334,5.0134,2004.0,5213.51,3261.25,859.86,2746.17,461.35,1287.22,0.04
10,273.0,19.634800000000002,33.1061,17.2444,76.03269999999999,26.7093,15.5531,20.723100000000002,6.4995,2004.0,273.0,7.2665,24.0152,0.0,33.4136,13.774700000000001,-1.2186,6.725299999999999,1.2129999999999999,2004.0,273.0,15.692133333333334,28.592386666666666,2.197,51.33337999999999,21.235619999999997,8.891233333333334,15.094280000000001,4.072766666666666,2004.0,4196.52,2449.84,1018.8,2453.13,511.99,1537.14,0.0
11,289.0,17.455,30.2014,4.445399999999999,97.9982,23.3444,14.499199999999998,18.3155,6.7331,2004.0,289.0,3.6563000000000003,25.2557,0.0,41.7412,9.0562,0.812,5.9262,1.4177,2004.0,289.0,10.240626666666666,27.53023333333333,1.0800333333333332,64.71862,14.958946666666664,6.9796933333333335,10.470606666666667,3.8706266666666664,2004.0,3495.65,1887.36,1038.3,2140.62,496.61,1796.4,0.04
12,305.0,13.3,31.9999,12.7828,98.42020000000001,20.7683,14.357600000000001,17.4167,7.654,2004.0,305.0,2.5039,20.7359,0.0,46.4871,5.2775,-0.15039999999999998,2.5349,1.9023999999999999,2004.0,305.0,9.833326666666665,26.3071,1.8315571428571427,74.53324666666666,14.04992,5.1442266666666665,9.116286666666667,4.259293333333333,2004.0,3151.24,1673.89,1054.72,2018.35,533.89,1712.2,0.03
