,DOY,INSgdmax,RADmax,RAINmax,RHmax,TMAXmax,TMINmax,Tmax,WINDmax,YEAR,DOY,INSgdmin,RADmin,RAINmin,RHmin,TMAXmin,TMINmin,Tmin,WINDmin,YEAR,DOY,INSgdmean,RADmean,RAINmean,RHmean,TMAXmean,TMINmean,Tmean,WINDmean,YEAR,NDVI,EVI,RED,NIR,BLUE,MIR,pixrel
0,113.0,27.205,31.322000000000003,11.2145,85.817,30.931500000000003,17.446,20.526500000000002,7.7195,2004.0,113.0,3.7279999999999998,26.479499999999998,0.0,38.955499999999994,13.8515,2.0389999999999997,9.807500000000001,1.9235,2004.0,113.0,16.8407,28.427433333333333,2.720533333333333,61.67223333333334,19.9331,9.0901,14.438600000000001,4.446366666666667,2004.0,5347.87,2223.69,509.57,1651.98,249.39,914.11,0.0
1,129.0,25.692999999999998,32.3135,19.722,92.5995,28.707500000000003,18.01,22.915999999999997,5.314,2004.0,129.0,8.3915,25.7655,0.0,32.9325,9.990499999999999,0.7805,5.916,2.0145,2004.0,129.0,18.0779,29.495633333333338,3.375692307692308,62.35196666666666,20.463299999999997,9.888566666666666,15.045,3.4204333333333325,2004.0,5486.92,2473.28,545.68,1839.99,273.0,931.46,0.02
2,145.0,28.485000000000003,33.436499999999995,38.048,91.3655,25.1305,18.826,21.384999999999998,5.781000000000001,2004.0,145.0,7.731000000000001,27.448,0.0,66.74350000000001,15.7915,7.709499999999999,12.581499999999998,2.0205,2004.0,145.0,18.6386,30.417266666666666,11.52393333333333,81.00343333333332,21.327733333333335,13.263599999999997,17.44796666666667,3.3762333333333334,2004.0,5981.53,3095.83,564.22,2226.47,291.03,933.86,0.05
3,161.0,30.3065,35.028,25.798499999999997,91.8285,28.789,21.427500000000002,24.018000000000004,4.7860000000000005,2004.0,161.0,8.6635,29.663999999999998,0.0,51.6845,20.449,9.188999999999998,16.080000000000002,0.9390000000000001,2004.0,161.0,20.129633333333338,32.19923333333333,6.296966666666668,72.86896666666667,25.82286666666667,16.8018,21.138766666666665,2.7790999999999997,2004.0,7109.45,3922.97,417.51,2505.76,237.12,678.63,0.16
4,177.0,30.160500000000003,33.2675,20.606999999999996,74.0385,31.498500000000003,20.54,25.018000000000004,4.1265,2004.0,177.0,10.4165,26.066000000000003,0.0,39.263,19.9315,6.657,14.873500000000002,2.1025,2004.0,177.0,22.81983333333333,29.420266666666663,2.744966666666667,52.180766666666656,25.245033333333335,12.7502,19.134800000000002,2.9857333333333336,2004.0,7748.06,4247.1,322.83,2571.75,183.15,548.81,0.09
5,193.0,30.3155,34.3455,19.3915,86.517,30.662,20.3455,24.416,3.5614999999999997,2004.0,193.0,10.0455,29.377999999999997,0.0,53.5765,21.6535,9.342,16.681,0.988,2004.0,193.0,21.435733333333335,31.864799999999995,4.704750000000001,72.12803333333332,27.49783333333333,16.726633333333332,21.808833333333332,2.4959000000000002,2004.0,7966.65,4748.15,323.99,2885.16,188.54,575.95,0.58
6,209.0,26.807499999999997,35.154,25.219499999999996,87.52600000000001,30.858,22.3735,25.3945,4.397500000000001,2004.0,209.0,9.122499999999999,28.150500000000005,0.0,46.831,24.357,11.5355,19.369,1.1015,2004.0,209.0,20.609033333333336,32.118533333333325,4.996833333333334,66.14153333333333,27.869199999999996,17.506300000000003,22.476366666666664,2.3547666666666673,2004.0,7992.38,4681.48,311.64,2830.99,174.88,568.42,0.0
7,225.0,27.876499999999997,32.95099999999999,15.349,77.87799999999999,27.803,18.453500000000002,22.256999999999998,4.950500000000001,2004.0,225.0,8.989,28.049,0.0,46.4085,18.112,8.022,14.146499999999998,0.7484999999999999,2004.0,225.0,19.290233333333333,30.387733333333326,2.656366666666667,61.5322,23.790733333333332,11.8828,17.909166666666664,2.8883333333333328,2004.0,7782.89,4520.03,341.29,2764.74,193.62,570.7,0.0
8,241.0,24.749999999999996,34.2325,22.7485,93.333,30.66,19.9885,23.474999999999998,4.6895,2004.0,241.0,8.759,29.082500000000003,0.0,42.2795,22.233999999999995,9.0555,15.859499999999999,1.1365,2004.0,241.0,18.920233333333332,31.345200000000002,4.649666666666667,72.3259,26.474199999999996,15.889466666666667,21.06203333333333,2.680366666666667,2004.0,7681.68,3839.65,300.33,2278.04,167.38,517.35,0.0
9,257.0,24.001000000000005,34.577999999999996,43.5415,85.6865,30.426000000000002,20.644499999999997,23.821999999999996,5.5335,2004.0,257.0,5.745500000000001,25.301000000000002,0.0,40.489000000000004,20.1905,9.1135,14.684999999999999,1.5254999999999999,2004.0,257.0,18.126700000000003,29.921066666666665,5.940766666666666,60.96656666666667,25.536,14.481833333333334,19.98823333333333,3.5974,2004.0,7335.27,3513.72,329.07,2127.41,180.43,528.54,0.0
10,273.0,19.213,31.007,7.698,69.02499999999999,27.273500000000002,15.787000000000003,21.2605,5.0565,2004.0,273.0,1.998,23.832,0.0,33.609500000000004,12.7905,0.14000000000000004,6.3465,0.706,2004.0,273.0,15.659666666666666,26.92556666666666,0.8354,48.35289999999999,20.892433333333337,8.161033333333336,14.793166666666664,3.199533333333333,2004.0,7231.32,3213.18,318.51,1958.69,152.1,529.39,0.0
11,289.0,16.56,30.027500000000003,13.170500000000002,95.66300000000001,21.336,14.996,17.5865,6.862,2004.0,289.0,3.139,25.0995,0.0,49.791,8.39,-0.696,4.474,1.515,2004.0,289.0,8.181533333333334,27.83856666666666,3.2878,71.58446666666666,13.412866666666666,6.076066666666667,9.569266666666666,3.298033333333333,2004.0,5470.36,2204.18,466.1,1590.93,220.14,664.39,0.96
12,305.0,14.037999999999998,31.143500000000003,18.741500000000002,95.36250000000001,20.648999999999997,16.6305,18.925,6.571999999999999,2004.0,305.0,2.6445,21.139,0.0,57.30649999999999,6.506499999999999,-0.1605,3.9645,1.3075,2004.0,305.0,8.2704,26.60616666666667,1.9198571428571427,83.4622,12.152500000000002,5.3273666666666655,8.514666666666667,3.513766666666667,2004.0,5614.84,1977.84,382.08,1352.68,189.2,672.35,0.0
