,DOY,INSgdmax,RADmax,RAINmax,RHmax,TMAXmax,TMINmax,Tmax,WINDmax,YEAR,DOY,INSgdmin,RADmin,RAINmin,RHmin,TMAXmin,TMINmin,Tmin,WINDmin,YEAR,DOY,INSgdmean,RADmean,RAINmean,RHmean,TMAXmean,TMINmean,Tmean,WINDmean,YEAR,NDVI,EVI,RED,NIR,BLUE,MIR,pixrel
0,113.0,27.9497,30.8206,10.075099999999999,89.67419999999998,30.734100000000005,17.3421,21.5322,9.1808,2004.0,113.0,4.6745,25.854799999999997,0.0,38.40370000000001,12.5328,3.3353,9.6803,1.7628,2004.0,113.0,18.390193333333333,28.492933333333337,2.28772,63.116826666666675,19.7935,8.304573333333332,14.02936,4.75148,2004.0,4250.62,1743.1,630.91,1528.57,321.82,1118.77,0.0
1,129.0,29.159299999999998,32.3229,26.142699999999998,88.782,28.446099999999998,17.7496,22.797500000000003,5.9653,2004.0,129.0,11.653799999999999,24.020500000000002,0.0,33.787800000000004,9.448699999999999,-0.0431,4.9299,2.3604000000000003,2004.0,129.0,20.034666666666666,28.89990666666667,5.511184615384616,61.342426666666654,20.244239999999998,9.352386666666666,14.812093333333335,4.268713333333333,2004.0,4321.39,1882.94,672.03,1656.93,342.94,1246.18,0.0
2,145.0,27.107899999999997,32.970099999999995,25.372500000000002,90.87740000000001,27.2246,18.1269,21.2435,7.0249999999999995,2004.0,145.0,5.7186,27.762100000000004,0.0,58.2202,15.022799999999998,6.9427,12.247300000000001,2.4990000000000006,2004.0,145.0,18.066786666666665,30.436379999999996,9.179346666666666,79.30748666666666,21.681226666666664,12.71694666666667,17.142380000000003,4.0050333333333334,2004.0,5943.26,2812.16,487.2,1949.09,262.23,826.42,0.0
3,161.0,31.804900000000004,35.2597,22.762,94.1078,29.433,21.0505,23.956100000000003,6.3947,2004.0,161.0,7.1034999999999995,29.2405,0.0,50.0998,19.4083,9.8104,15.104800000000001,1.4820000000000002,2004.0,161.0,19.858766666666664,31.97404,5.08508,73.12633333333335,25.800546666666673,16.439193333333336,20.797359999999994,3.230033333333334,2004.0,7032.18,3812.05,435.82,2461.96,265.37,712.41,1.01
4,177.0,30.7864,33.9401,17.576600000000003,79.8728,31.0382,20.6968,24.956100000000003,4.1849,2004.0,177.0,11.8486,25.252599999999997,0.0,40.529,19.022000000000002,6.475099999999999,14.692900000000002,2.1686,2004.0,177.0,23.506999999999998,29.35704,2.748373333333333,53.78580666666666,24.672193333333333,13.06366,18.822193333333335,3.0920066666666672,2004.0,7726.01,4119.62,307.84,2468.31,173.81,574.32,0.01
5,193.0,29.632099999999998,34.4872,26.7473,87.8922,31.008300000000002,20.5988,24.176599999999997,3.5208999999999997,2004.0,193.0,7.7972,29.377199999999995,0.0,58.6049,19.947599999999998,11.1975,16.128700000000002,1.1267,2004.0,193.0,22.534073333333332,32.073973333333335,5.088035714285715,74.16770666666666,26.95748666666666,16.629813333333335,21.50484,2.696306666666666,2004.0,8004.75,4616.15,300.34,2777.95,169.28,574.28,0.34
6,209.0,27.019,35.649800000000006,20.6388,88.04119999999999,32.0596,22.393500000000003,25.2714,5.2269000000000005,2004.0,209.0,11.6013,27.632499999999997,0.0,47.14620000000001,24.5086,10.387099999999998,18.505,0.8469999999999999,2004.0,209.0,21.28765333333333,31.726726666666668,4.4538133333333345,65.01921999999999,28.19352,16.905353333333334,22.248620000000006,2.764286666666667,2004.0,7956.66,4636.63,313.19,2807.65,176.67,605.27,0.01
7,225.0,28.4996,33.1228,10.068999999999999,77.5052,27.804199999999998,16.403499999999998,21.0547,5.3825,2004.0,225.0,13.381,28.8896,0.0,50.349900000000005,18.3918,6.5334,13.0264,1.2115999999999998,2004.0,225.0,20.611940000000004,30.728559999999998,2.4562866666666667,64.33826666666667,23.342746666666667,11.820593333333335,17.62938,3.2622533333333332,2004.0,7789.46,4762.74,361.13,2976.36,200.95,656.44,0.08
8,241.0,24.8231,34.09,14.6086,89.51839999999999,29.601100000000002,19.4219,23.1847,4.8886,2004.0,241.0,12.0895,27.728299999999997,0.0,48.1186,20.3423,8.789299999999999,15.4275,1.9707999999999997,2004.0,241.0,19.76074,30.780126666666668,3.2381133333333336,73.66459333333334,26.564799999999998,15.72450666666667,20.77497333333333,3.289286666666667,2004.0,7164.5,3774.52,385.72,2343.75,243.89,568.76,0.79
9,257.0,23.9323,34.16,47.083,85.01679999999999,31.5006,20.493499999999997,24.615999999999996,7.2023,2004.0,257.0,2.6917,27.5827,0.0,42.500099999999996,20.4591,8.1264,14.627200000000002,1.4067999999999998,2004.0,257.0,17.01802,30.898833333333336,6.188206666666668,61.387786666666685,25.79818666666667,14.672380000000004,20.086026666666662,4.637473333333333,2004.0,6706.99,2890.23,368.6,1850.95,174.39,605.13,0.0
10,273.0,19.5171,32.634699999999995,8.7087,71.43839999999999,27.5579,16.6561,22.346200000000003,6.326599999999999,2004.0,273.0,3.7561999999999998,24.244699999999998,0.0,31.161899999999996,13.328799999999998,-0.7182999999999999,6.559000000000001,1.4378,2004.0,273.0,15.78272,27.981386666666666,0.8562866666666666,48.04720666666668,21.138053333333335,8.805293333333333,15.163080000000004,3.9785399999999993,2004.0,5771.06,2495.91,478.82,1764.52,237.19,692.07,0.0
11,289.0,17.025,30.132799999999996,8.916400000000001,98.445,23.096200000000003,14.692799999999998,18.1604,6.583799999999999,2004.0,289.0,3.4774,25.645399999999995,0.0,43.3489,8.014000000000001,-1.0891,4.6855,1.3363,2004.0,289.0,10.018459999999997,27.692126666666667,1.9353266666666669,67.73500666666666,14.06990666666667,6.452966666666664,9.87420666666667,3.665633333333333,2004.0,3557.41,1459.28,1234.45,1998.05,1035.54,1132.02,1.73
12,305.0,13.600100000000001,31.544800000000002,22.311100000000003,99.16069999999999,20.695099999999996,15.550599999999998,18.0076,7.5148,2004.0,305.0,2.7805000000000004,20.7055,0.0,48.027300000000004,5.6095999999999995,-0.39460000000000006,3.1119999999999997,1.5895000000000001,2004.0,305.0,8.9904,26.30588666666667,2.4487428571428573,79.26000666666667,12.926926666666667,4.979186666666666,8.49836,4.103053333333333,2004.0,4787.63,1588.59,441.2,1218.75,218.73,855.43,0.0
