,DOY,INSgdmax,RADmax,RAINmax,RHmax,TMAXmax,TMINmax,Tmax,WINDmax,YEAR,DOY,INSgdmin,RADmin,RAINmin,RHmin,TMAXmin,TMINmin,Tmin,WINDmin,YEAR,DOY,INSgdmean,RADmean,RAINmean,RHmean,TMAXmean,TMINmean,Tmean,WINDmean,YEAR,NDVI,EVI,RED,NIR,BLUE,MIR,pixrel
0,113.0,26.964399999999998,30.8789,13.0744,85.93299999999999,29.7031,17.6666,21.1608,7.6602,2004.0,113.0,3.2151,26.220599999999997,0.0,38.477900000000005,14.2484,3.5245,11.030899999999999,1.7954,2004.0,113.0,16.87833333333333,28.615566666666666,3.3440999999999996,63.107939999999985,20.569113333333334,10.25236,15.318386666666669,4.6125066666666665,2004.0,5576.94,3119.91,618.22,2368.65,326.78,1203.57,0.0
1,129.0,27.1419,33.495999999999995,18.3983,95.4788,30.393499999999996,18.8763,23.7372,5.0333,2004.0,129.0,7.408700000000001,26.1725,0.0,41.453799999999994,11.3768,1.6471,7.3266,1.8542,2004.0,129.0,18.961786666666665,29.989800000000002,5.420707692307692,66.43139333333333,21.497679999999995,10.70464,16.11022666666667,3.23092,2004.0,6530.77,3890.61,448.34,2606.44,243.48,895.77,0.04
2,145.0,29.466,34.24830000000001,36.5898,89.81569999999999,26.813900000000004,19.894299999999998,22.6085,5.4727,2004.0,145.0,9.973200000000002,27.785199999999996,0.0,64.05000000000001,17.833399999999997,8.6232,14.0943,1.6509,2004.0,145.0,19.21677333333333,31.41159333333333,8.767573333333333,80.78088000000001,23.17353333333333,15.094426666666667,19.179606666666665,3.420446666666667,2004.0,6989.34,4463.89,455.92,3004.84,253.78,852.14,0.0
3,161.0,29.5271,34.8467,27.455099999999998,90.1577,29.092,21.6121,24.8119,4.51,2004.0,161.0,8.5377,29.019199999999998,0.0,54.7933,21.3638,10.211099999999998,16.401899999999998,0.8402000000000001,2004.0,161.0,20.32242,32.51652,5.241333333333333,73.81433333333334,26.677173333333336,17.589333333333332,21.93642,2.8187800000000003,2004.0,7289.06,4981.49,461.61,3353.97,266.7,838.64,0.25
4,177.0,31.3378,34.8283,20.330899999999996,85.8774,30.5527,21.3412,23.8958,4.2409,2004.0,177.0,7.695,27.178400000000003,0.0,43.124399999999994,21.6443,8.2254,15.7366,1.513,2004.0,177.0,21.763800000000003,30.267013333333335,3.1762533333333334,59.36071999999999,25.6141,13.559646666666666,19.485733333333336,2.5015133333333335,2004.0,7569.82,5056.96,425.91,3294.55,257.55,765.49,0.14
5,193.0,28.313699999999997,34.516600000000004,20.963499999999996,84.16730000000001,31.680400000000002,21.310499999999998,25.809099999999997,4.0173,2004.0,193.0,5.509900000000001,30.0453,0.0,57.779799999999994,23.800200000000004,12.1974,18.571599999999997,0.8768,2004.0,193.0,20.501353333333334,32.661366666666666,5.8063714285714285,73.89802666666667,28.126700000000003,17.860173333333336,22.831053333333333,2.341193333333334,2004.0,7921.32,5162.09,359.8,3254.82,215.41,703.99,0.31
6,209.0,27.9391,35.601,21.8384,87.2465,31.421599999999998,22.7882,26.5959,4.1934000000000005,2004.0,209.0,7.0889,28.3981,0.0,52.003699999999995,22.383899999999997,11.4968,18.4696,0.9348000000000001,2004.0,209.0,18.719466666666666,32.53686,3.4656200000000004,70.68326666666668,27.75483333333333,17.783686666666668,22.55352666666667,2.39774,2004.0,7733.54,5029.96,373.25,3199.21,215.65,778.96,0.01
7,225.0,27.514699999999998,33.6182,11.6354,80.00630000000001,29.3572,19.0948,23.663999999999998,4.4585,2004.0,225.0,8.708300000000001,27.756300000000003,0.0,43.9268,20.7533,8.8609,15.1166,0.8571,2004.0,225.0,20.145266666666664,30.73654666666667,2.0976933333333334,59.887193333333336,24.951099999999997,12.741453333333332,18.974086666666665,2.66162,2004.0,7683.29,5024.18,405.13,3218.91,240.88,772.74,0.07
8,241.0,24.6655,34.8334,37.2257,92.26929999999999,30.498599999999996,22.265500000000003,24.965400000000002,4.01,2004.0,241.0,9.3097,29.271100000000004,0.0,48.9829,23.2207,11.2377,17.4727,1.0152,2004.0,241.0,18.964826666666667,31.96933333333333,7.815673333333333,73.12488666666667,27.254340000000003,16.745493333333332,21.915860000000002,2.4270199999999997,2004.0,7283.98,4262.37,491.45,2800.66,356.68,696.04,0.68
9,257.0,24.4424,34.012699999999995,35.8381,88.09309999999999,30.657899999999998,20.734100000000005,23.853899999999996,4.978300000000001,2004.0,257.0,10.058,25.7691,0.0,41.8261,21.4238,9.462399999999999,16.0286,1.1880000000000002,2004.0,257.0,19.665886666666665,29.674506666666666,3.296426666666667,61.59497333333334,25.932806666666664,14.612406666666665,20.366979999999998,3.16432,2004.0,7180.87,4139.2,394.17,2662.08,217.27,699.78,0.0
10,273.0,19.8614,30.921599999999998,4.08,67.42099999999999,27.607,16.2458,21.4887,4.6424,2004.0,273.0,5.0306999999999995,24.366799999999998,0.0,30.5221,13.9305,0.6982000000000002,7.2322999999999995,0.9892000000000001,2004.0,273.0,16.511493333333334,27.36838,0.3387466666666667,46.86188666666666,21.805053333333333,8.595466666666667,15.428326666666667,2.834413333333333,2004.0,6640.89,3443.75,433.94,2300.4,223.11,732.32,0.0
11,289.0,17.6519,31.2948,12.7546,94.36179999999999,21.3566,15.5068,18.6141,6.245699999999999,2004.0,289.0,2.8077,25.389400000000002,0.0,41.996300000000005,9.517399999999999,-0.8116,6.8133,1.7077,2004.0,289.0,8.902093333333333,28.339333333333332,2.1268533333333335,70.3425,14.89502,6.769713333333333,10.778440000000003,3.4631466666666664,2004.0,5954.67,2823.05,475.32,1984.96,250.85,833.24,0.01
12,305.0,14.8503,32.3856,33.9789,96.3209,22.316599999999998,19.168100000000003,20.6346,6.6527,2004.0,305.0,2.0451,22.3861,0.0,65.4376,7.491499999999999,0.38749999999999996,4.894,1.8603999999999998,2004.0,305.0,8.84476,27.446646666666666,4.6716999999999995,82.94259333333332,14.57182,6.599920000000001,10.44642,3.5060066666666665,2004.0,5563.94,2684.74,522.32,1943.26,282.79,879.28,0.07
