,DOY,INSgdmax,RADmax,RAINmax,RHmax,TMAXmax,TMINmax,Tmax,WINDmax,YEAR,DOY,INSgdmin,RADmin,RAINmin,RHmin,TMAXmin,TMINmin,Tmin,WINDmin,YEAR,DOY,INSgdmean,RADmean,RAINmean,RHmean,TMAXmean,TMINmean,Tmean,WINDmean,YEAR,NDVI,EVI,RED,NIR,BLUE,MIR,pixrel
0,113.0,28.359399999999997,30.447699999999998,9.514700000000001,87.8162,33.176700000000004,15.568100000000001,22.712600000000002,7.71,2004.0000000000002,113.0,4.726999999999999,25.845699999999997,0.0,31.9486,10.605599999999999,2.789,8.0714,2.6627,2004.0000000000002,113.0,19.62016,27.67465333333333,1.8804733333333332,60.78392,19.321993333333335,6.853986666666667,12.902433333333333,4.60996,2004.0000000000002,3867.62,2347.93,1103.35,2510.13,561.73,2524.4,0.03
1,129.0,29.915,31.878099999999996,14.644400000000001,92.59669999999998,30.2562,16.1929,20.4119,7.5146999999999995,2004.0000000000002,129.0,9.4849,23.884,0.0,36.6434,6.0823,-1.8364,2.6170000000000004,2.9677,2004.0000000000002,129.0,22.502346666666668,28.175233333333328,2.979792307692308,60.79556666666668,19.77965333333333,8.069019999999998,13.962246666666667,4.675706666666667,2004.0000000000002,4032.6,2435.75,1050.96,2497.05,534.0,2326.14,0.6
2,145.0,29.0363,32.9034,30.8057,93.9149,28.019700000000004,17.2566,20.8078,7.353000000000001,2004.0000000000002,145.0,5.5739,27.0499,0.0,59.446,13.8161,5.4191,9.866800000000001,2.2896999999999994,2004.0000000000002,145.0,17.149726666666666,29.855853333333332,8.431613333333333,78.82236666666667,20.507,10.834726666666665,15.689386666666666,4.367733333333334,2004.0000000000002,4824.39,3145.95,1018.18,2918.57,522.67,2362.69,0.05
3,161.0,32.0507,34.121700000000004,19.6629,94.95400000000001,29.828100000000003,20.4636,23.875900000000005,7.153300000000001,2004.0000000000002,161.0,7.4302,28.3932,0.0,51.5035,18.418400000000002,8.318200000000001,13.9728,1.2875,2004.0000000000002,161.0,21.549466666666664,31.01256666666667,5.01502,74.03142000000001,24.959306666666663,14.971006666666668,19.728613333333332,3.39818,2004.0000000000002,6692.85,4569.97,651.38,3334.72,345.51,1275.12,0.08
4,177.0,31.2035,33.9787,13.696699999999998,81.242,30.7684,19.5653,24.0179,4.851399999999999,2004.0000000000002,177.0,10.788,24.8687,0.0,38.622699999999995,18.6938,6.3331,13.7114,1.7011999999999998,2004.0000000000002,177.0,23.219186666666666,29.101213333333337,1.45378,53.60199333333333,24.4275,12.458060000000001,18.37842666666667,3.1130133333333334,2004.0000000000002,7777.58,5319.74,421.67,3471.45,227.97,913.35,0.0
5,193.0,30.5317,33.633,8.2401,91.4829,30.336000000000002,20.695999999999998,23.7443,4.3504000000000005,2004.0000000000002,193.0,6.619599999999999,29.4595,0.0,65.9344,19.74,10.129199999999999,15.5895,1.7129,2004.0000000000002,193.0,22.03358,31.782006666666668,2.5644357142857137,77.45710666666666,26.179919999999996,15.992140000000003,20.665266666666668,2.8916799999999996,2004.0000000000002,7941.88,5821.51,430.64,3873.95,229.44,988.84,0.02
6,209.0,29.076999999999998,34.2809,24.915599999999998,93.2842,31.592199999999995,20.9531,24.343,5.8243,2004.0000000000002,209.0,4.7071000000000005,26.9509,0.0,47.71229999999999,23.3129,8.8746,17.5941,0.8481,2004.0000000000002,209.0,22.043119999999995,31.021873333333332,5.384053333333333,67.38439333333334,27.2275,15.658073333333332,21.16728666666667,3.0380599999999998,2004.0000000000002,8157.78,6183.79,406.88,4109.62,217.39,915.92,0.0
7,225.0,26.1976,31.8638,11.778200000000002,83.7169,27.4161,16.5066,20.9447,5.927899999999999,2004.0000000000002,225.0,14.962399999999999,27.912299999999995,0.0,49.27119999999999,18.5119,5.4846,12.9068,0.98,2004.0000000000002,225.0,21.182966666666665,30.20922666666667,1.5168733333333335,65.76881333333333,22.974339999999998,11.860293333333335,17.2821,3.57912,2004.0000000000002,7781.09,5463.49,441.87,3626.57,234.51,902.38,0.02
8,241.0,24.877399999999998,32.8423,9.6962,87.73970000000001,30.517500000000002,18.748299999999997,24.069599999999998,5.8972,2004.0000000000002,241.0,8.751600000000002,26.945600000000002,0.0,49.821999999999996,19.5426,7.4864,15.516399999999999,1.9443,2004.0000000000002,241.0,19.139306666666666,30.409386666666666,1.5076066666666668,72.39415333333334,26.424806666666672,14.816446666666668,20.229533333333336,3.7794666666666665,2004.0000000000002,7126.24,4719.5,534.05,3279.94,267.37,1014.47,0.04
9,257.0,23.8028,33.855700000000006,38.6486,87.902,31.2934,19.927600000000005,24.399799999999995,8.423800000000002,2004.0000000000002,257.0,5.9844,27.957400000000003,0.0,40.5521,19.3292,6.9032,13.434199999999999,1.9547000000000003,2004.0000000000002,257.0,16.491273333333336,30.999080000000003,6.7562733333333345,65.07056,25.169246666666666,14.181193333333333,19.365033333333333,5.201479999999999,2004.0000000000002,4991.33,3053.12,901.45,2717.74,437.25,1427.14,0.0
10,273.0,19.425700000000003,31.8007,17.4457,86.65030000000002,25.392,12.693999999999999,18.020400000000002,6.2353000000000005,2004.0000000000002,273.0,6.1207,23.9225,0.0,40.5565,12.1403,-1.1582999999999999,6.054399999999999,0.8848999999999999,2004.0000000000002,273.0,15.274913333333334,27.997853333333335,2.1518800000000002,61.37678666666665,19.40810666666667,7.40156,13.159846666666668,4.1885666666666665,2004.0000000000002,3566.77,2130.79,1216.96,2536.85,579.33,1856.41,0.0
11,288.99999999999994,16.9431,29.641200000000005,5.4219,98.58879999999999,22.2308,13.116900000000001,17.2817,6.6595,2004.0000000000002,288.99999999999994,3.4754,24.7616,0.0,44.1393,8.2737,-1.4547,3.6609999999999996,1.6325000000000003,2004.0000000000002,288.99999999999994,9.979053333333335,27.114313333333335,1.0558733333333332,66.60042666666668,13.894713333333334,5.9054866666666666,9.4258,4.048713333333334,2004.0000000000002,3148.2,1757.07,1184.34,2263.2,543.29,2031.6,0.0
12,305.0,12.633600000000001,31.035700000000002,6.7871999999999995,99.27060000000002,18.8952,12.7236,15.804499999999997,7.5966,2004.0000000000002,305.0,3.3824000000000005,19.8277,0.0,52.656800000000004,4.4475999999999996,-0.4541,1.8938,2.646,2004.0000000000002,305.0,9.420113333333333,25.680746666666664,1.146664285714286,79.86509999999998,11.878813333333335,3.758113333333334,7.41086,4.2542599999999995,2004.0000000000002,2854.25,1437.88,1027.32,1846.06,510.12,2034.32,0.02
