,DOY,INSgdmax,RADmax,RAINmax,RHmax,TMAXmax,TMINmax,Tmax,WINDmax,YEAR,DOY,INSgdmin,RADmin,RAINmin,RHmin,TMAXmin,TMINmin,Tmin,WINDmin,YEAR,DOY,INSgdmean,RADmean,RAINmean,RHmean,TMAXmean,TMINmean,Tmean,WINDmean,YEAR,NDVI,EVI,RED,NIR,BLUE,MIR,pixrel
0,113.0,27.4793,30.414300000000004,14.5038,83.5746,27.0949,16.7065,19.0465,6.6456,2004.0,113.0,4.3682,25.971900000000005,0.0,38.175,10.4541,-0.8562000000000001,6.9023,1.9049,2004.0,113.0,16.958920000000003,27.845013333333338,3.5887933333333337,62.69566666666667,18.448680000000003,7.667373333333331,12.925566666666668,3.8497399999999997,2004.0,4027.87,1870.35,760.75,1773.39,373.48,1498.74,0.0
1,129.0,28.5582,31.3931,27.7499,92.9942,25.840999999999994,17.4757,20.595000000000002,4.6242,2004.0,129.0,8.073599999999999,24.8748,0.0,32.9928,9.3916,0.8392999999999999,5.7505999999999995,1.9385,2004.0,129.0,18.27883333333333,28.721826666666672,7.611207692307692,60.24133333333334,19.034673333333334,8.8615,13.849206666666666,3.0730199999999996,2004.0,4437.48,2196.6,760.89,1966.75,377.87,1425.13,0.0
2,145.0,29.085900000000002,32.8451,42.3336,93.20479999999999,25.691499999999998,16.3141,21.0924,4.7628,2004.0,145.0,3.5953,26.9937,0.0,70.00399999999999,14.180100000000001,6.4220000000000015,10.679,1.6355,2004.0,145.0,17.189286666666668,29.762719999999998,11.8072,80.62684666666667,19.627766666666666,11.979059999999999,15.739373333333335,3.068679999999999,2004.0,6484.85,3817.17,562.28,2682.56,295.83,1004.08,0.29
3,161.0,30.1331,34.365,18.2025,91.13690000000001,28.6601,21.482400000000002,23.6667,4.3839,2004.0,161.0,6.3736,28.33,0.0,55.61300000000001,19.9294,9.076,15.472599999999998,1.0187,2004.0,161.0,19.893866666666668,31.43075333333333,5.449273333333333,72.46674666666665,24.611680000000003,15.787153333333334,19.98532,2.6711333333333336,2004.0,7752.52,5139.07,415.32,3331.76,227.63,783.67,0.27
4,177.0,31.963800000000003,33.47430000000001,22.2363,66.5621,31.061799999999998,20.2927,25.149499999999996,4.2017,2004.0,177.0,10.2061,24.3487,0.0,37.6118,19.9004,7.6015999999999995,14.908800000000001,1.5402,2004.0,177.0,23.349473333333336,29.080393333333333,2.53516,47.984433333333335,24.822453333333335,12.638300000000001,18.852173333333333,3.234426666666667,2004.0,7994.03,5741.53,408.99,3759.41,223.09,806.69,0.51
5,193.0,30.719300000000004,33.4043,18.683999999999997,89.87089999999999,30.6328,19.2971,23.8592,3.5652999999999997,2004.0,193.0,7.6372,28.9043,0.0,53.223,19.340199999999996,10.6164,15.6582,1.2487000000000001,2004.0,193.0,20.69033333333333,31.59017333333334,4.298021428571428,70.37222666666666,26.59112,15.944346666666666,21.017853333333335,2.47368,2004.0,8264.32,5925.13,357.2,3808.27,195.46,685.33,0.9
6,209.0,26.652500000000003,35.0294,23.853900000000003,86.4057,29.5741,22.8178,24.739200000000004,3.9861,2004.0,209.0,8.6805,28.2782,0.0,44.9005,24.369799999999998,12.0957,18.6805,0.9965999999999999,2004.0,209.0,20.762233333333334,31.689653333333332,3.468826666666667,63.09070666666666,27.33048,17.42589333333333,22.128140000000002,2.2078333333333333,2004.0,8313.31,5358.6,296.32,3266.79,160.77,635.08,0.0
7,225.0,28.4026,32.5826,18.135099999999998,76.609,26.133500000000005,17.6301,20.9431,4.5763,2004.0,225.0,6.199299999999999,27.1738,0.0,47.050200000000004,16.4585,7.425999999999999,13.1618,0.7160000000000001,2004.0,225.0,18.554559999999995,29.943213333333333,2.0955466666666664,61.43688,22.70470666666666,11.668686666666666,17.259593333333335,2.8290266666666675,2004.0,8160.09,5120.0,313.84,3129.12,172.68,626.25,0.0
8,241.0,25.6057,33.245,15.934199999999999,91.47489999999999,29.556800000000003,19.447,22.885499999999997,4.663799999999999,2004.0,241.0,7.4032,28.2532,0.0,35.44970000000001,21.049000000000003,6.996600000000001,15.1275,1.3053,2004.0,241.0,17.652853333333333,30.941126666666666,3.5553533333333336,70.65409999999999,25.643600000000006,15.496913333333335,20.450313333333334,2.723533333333333,2004.0,7882.65,4512.94,322.82,2745.19,175.42,590.31,0.01
9,257.0,23.5758,33.982600000000005,25.819100000000002,86.36789999999999,29.326600000000003,20.255100000000002,23.639899999999997,5.226699999999999,2004.0,257.0,3.6794,26.0118,0.0,38.157199999999996,19.4636,9.2757,14.3863,1.4589,2004.0,257.0,17.87908666666667,29.865526666666668,4.201393333333334,58.97365333333333,24.96143333333333,14.830339999999998,19.853026666666665,3.4083333333333323,2004.0,7226.2,4175.94,432.57,2709.08,228.84,758.6,0.0
10,273.0,19.262600000000003,30.684500000000003,2.4601,66.52369999999999,27.3197,15.835899999999999,21.652700000000003,4.7654000000000005,2004.0,273.0,2.6652,23.104300000000002,0.0,32.21619999999999,12.089300000000001,0.8607,6.5208,0.9674,2004.0,273.0,15.313453333333332,26.785959999999996,0.2950533333333334,47.23842,20.324253333333335,8.680466666666666,14.61097333333333,3.2768466666666667,2004.0,5662.61,2714.28,575.88,2078.23,228.63,870.07,0.0
11,289.0,16.0464,30.0133,13.907799999999998,94.8252,20.670199999999998,14.686399999999999,16.771900000000002,6.4826999999999995,2004.0,289.0,2.757,24.821299999999997,0.0,48.1399,6.6265,-0.1501,3.2561000000000004,0.9247,2004.0,289.0,7.990286666666665,27.303019999999997,3.9993866666666666,70.49630666666667,12.801486666666667,5.673173333333333,8.95534,2.83774,2004.0,5141.87,2514.45,638.75,2007.04,315.5,1130.91,0.75
12,305.0,13.4881,29.9344,14.9684,94.9533,20.043699999999998,13.5367,17.562600000000003,5.1052,2004.0,305.0,2.2305,20.8842,0.0,49.7826,5.9816,-0.4324,3.2225,1.094,2004.0,305.0,7.587173333333332,26.153186666666663,2.305306666666667,81.73007333333335,11.330286666666668,4.7182666666666675,7.81294,3.1565399999999992,2004.0,4951.4,1917.34,491.07,1467.0,237.36,999.05,0.0
