,DOY,INSgdmax,RADmax,RAINmax,RHmax,TMAXmax,TMINmax,Tmax,WINDmax,YEAR,DOY,INSgdmin,RADmin,RAINmin,RHmin,TMAXmin,TMINmin,Tmin,WINDmin,YEAR,DOY,INSgdmean,RADmean,RAINmean,RHmean,TMAXmean,TMINmean,Tmean,WINDmean,YEAR,NDVI,EVI,RED,NIR,BLUE,MIR,pixrel
0,113.0,28.2896,30.4732,8.318000000000001,89.3736,33.1204,14.888,22.4616,7.2992,2004.0,113.0,4.0771999999999995,25.730399999999996,0.0,31.562399999999997,10.571200000000001,2.6684,7.8208,2.6096000000000004,2004.0,113.0,19.571626666666667,27.46656,1.6064266666666667,61.48312,18.934773333333336,6.44816,12.441786666666667,4.53648,2004.0,3897.05,2139.43,880.12,2084.42,464.08,2090.99,0.0
1,129.0,29.9404,31.9768,12.4556,93.0984,30.0932,15.931199999999999,19.6376,7.672,2004.0,129.0,8.7144,23.686,0.0,36.7776,5.602,-1.8328000000000002,2.3856,2.8904,2004.0,129.0,22.533039999999996,27.95509333333333,2.457446153846154,60.206080000000014,19.413306666666667,7.748746666666666,13.629893333333332,4.6693066666666665,2004.0,4490.66,2417.49,744.63,2087.41,389.98,1611.16,0.16
2,145.0,29.4296,32.7796,29.0668,94.14840000000001,27.3264,16.8952,20.4404,7.3176,2004.0,145.0,4.804,27.06,0.0,61.056,13.5116,5.1504,9.5164,2.0587999999999997,2004.0,145.0,16.576373333333333,29.657306666666663,8.14416,78.98837333333333,20.089493333333337,10.381093333333332,15.271359999999996,4.376906666666667,2004.0,5628.48,3159.39,608.68,2363.69,319.82,1306.95,0.05
3,161.0,32.1404,34.0696,19.9968,95.2344,29.7676,20.3544,23.8028,7.186399999999999,2004.0,161.0,7.7864,28.2404,0.0,52.699200000000005,18.3256,7.8596,13.904399999999999,1.1811999999999998,2004.0,161.0,21.28541333333333,30.915920000000007,5.067946666666668,73.93064000000001,24.70141333333333,14.647093333333334,19.439866666666667,3.4148266666666665,2004.0,6727.73,4200.08,537.54,2915.47,284.53,1260.54,0.16
4,177.0,30.887200000000004,34.06720000000001,13.628,78.578,30.790399999999998,19.256800000000002,24.0848,5.059999999999999,2004.0,177.0,11.885200000000001,24.7588,0.0,36.4016,19.0556,6.0496,13.7332,1.5384,2004.0,177.0,23.495359999999998,29.03077333333334,1.2915733333333335,51.84141333333334,24.486293333333336,12.396533333333334,18.411013333333337,3.1603999999999997,2004.0,7124.16,4411.83,471.57,2950.15,243.55,992.05,0.0
5,193.0,30.53,33.5664,6.327999999999999,91.5476,30.1964,20.7992,23.650399999999998,4.2184,2004.0,193.0,6.0716,29.517200000000003,0.0,65.27879999999999,19.1984,9.6524,15.2064,1.6267999999999998,2004.0,193.0,22.397866666666665,31.615280000000006,2.016685714285714,77.05431999999999,26.04802666666666,15.788533333333335,20.482533333333333,2.9027733333333328,2004.0,7271.69,4825.73,501.18,3273.06,263.11,1085.01,0.12
6,209.0,28.8672,33.9696,28.724,95.2236,31.5028,20.7176,24.162399999999998,5.936400000000001,2004.0,209.0,2.6304,26.885600000000004,0.0,47.21,23.036,8.7616,17.6176,0.7971999999999999,2004.0,209.0,21.75693333333333,30.887866666666667,5.84808,67.12624000000001,27.015546666666665,15.490213333333331,20.997493333333335,3.0209066666666664,2004.0,7498.12,5145.94,486.22,3494.14,252.18,988.36,0.0
7,225.0,26.541600000000003,31.6704,12.05,83.8872,27.1372,16.406399999999998,20.7952,6.0704,2004.0,225.0,15.187999999999999,27.7464,0.0,49.669200000000004,17.982,5.24,12.593599999999999,0.9447999999999999,2004.0,225.0,21.146373333333333,30.03861333333333,1.4405333333333332,66.14117333333333,22.8156,11.737040000000002,17.074133333333336,3.6580533333333336,2004.0,7021.69,4693.67,560.84,3304.2,291.56,1005.95,0.08
8,241.0,24.749599999999997,32.6696,8.857600000000001,87.2484,30.2564,18.6268,23.904,6.036,2004.0,241.0,7.652800000000001,26.9804,0.0,49.61,19.311999999999998,6.628,15.2732,1.8820000000000001,2004.0,241.0,18.79544,30.31530666666666,1.5106666666666666,72.76056,26.078213333333338,14.538693333333335,19.932320000000004,3.801626666666667,2004.0,6477.05,4248.93,665.67,3173.35,335.15,1091.31,0.27
9,257.0,23.6832,33.57040000000001,43.934400000000004,89.686,31.322000000000003,19.817600000000002,24.249599999999997,8.4724,2004.0,257.0,6.3464,27.724000000000004,0.0,40.8916,18.791199999999996,6.5564,13.0276,1.9168,2004.0,257.0,16.537653333333335,30.979386666666667,7.610666666666668,66.71797333333333,24.72197333333333,13.973626666666666,19.023466666666668,5.167333333333333,2004.0,5623.48,3336.72,743.43,2661.79,364.24,1283.35,0.0
10,273.0,19.276400000000002,31.4956,15.452,89.1812,24.891199999999998,12.219199999999999,17.695999999999998,6.1316,2004.0,273.0,5.7848,23.912,0.0,42.294799999999995,11.5936,-1.0448,5.8108,0.8872,2004.0,273.0,15.145306666666666,27.877466666666667,2.1304533333333335,63.79562666666666,18.910026666666667,7.050853333333333,12.689119999999999,4.213146666666667,2004.0,4528.05,2454.4,861.97,2248.15,428.88,1548.36,0.0
11,289.0,16.7864,29.4728,5.4296,98.90119999999999,21.9056,12.880400000000002,16.96,6.6704,2004.0,289.0,3.3667999999999996,24.696,0.0,44.538399999999996,7.8304,-2.3431999999999995,2.7464000000000004,1.73,2004.0,289.0,9.856106666666665,27.113599999999998,0.9092533333333332,67.46130666666667,13.527253333333336,5.579173333333334,9.095920000000001,4.109706666666667,2004.0,3733.74,1887.06,900.49,1960.0,447.7,1357.13,0.03
12,305.0,12.513200000000001,30.784000000000002,6.8500000000000005,99.6504,18.3728,12.546,15.4868,7.521199999999999,2004.0,305.0,4.006399999999999,19.6328,0.0,54.4488,4.2964,-0.3932,1.8115999999999999,2.7443999999999997,2004.0,305.0,9.148613333333333,25.567573333333335,1.2186285714285716,81.85792000000001,11.216320000000001,3.4362400000000006,6.937626666666666,4.236586666666666,2004.0,3267.34,1518.21,838.19,1658.11,434.16,1721.33,0.0
