,DOY,INSgdmax,RADmax,RAINmax,RHmax,TMAXmax,TMINmax,Tmax,WINDmax,YEAR,DOY,INSgdmin,RADmin,RAINmin,RHmin,TMAXmin,TMINmin,Tmin,WINDmin,YEAR,DOY,INSgdmean,RADmean,RAINmean,RHmean,TMAXmean,TMINmean,Tmean,WINDmean,YEAR,NDVI,EVI,RED,NIR,BLUE,MIR,pixrel
0,113.0,27.3004,30.71,12.0189,85.9254,30.0689,17.485799999999998,21.3643,8.2165,2004.0,113.0,2.8489,25.9916,0.0,37.9514,13.860700000000001,3.0581,10.6047,1.4788999999999999,2004.0,113.0,17.08922666666666,28.49323333333333,3.304073333333333,62.87956666666666,20.489380000000004,9.780460000000001,15.1019,4.6732,2004.0,5000.02,2367.7,558.91,1827.29,304.6,1073.43,0.03
1,129.0,26.564100000000003,33.085699999999996,22.2432,95.3514,30.4336,18.5244,23.9981,5.4642,2004.0,129.0,7.318900000000001,25.7339,0.0,37.8091,11.243,1.2367,6.5936,1.979,2004.0,129.0,19.20341333333333,29.71334666666667,6.7393769230769225,65.26914666666667,21.204299999999996,10.595666666666666,15.818106666666669,3.4344666666666672,2004.0,5450.15,2767.13,508.19,2009.09,273.15,1017.69,0.01
2,145.0,28.7848,33.9857,36.208600000000004,90.09530000000001,26.6197,19.494,22.1561,5.8974,2004.0,145.0,11.2863,27.4907,0.0,62.29780000000001,16.930799999999998,8.331600000000002,13.7407,1.7621,2004.0,145.0,19.665206666666663,31.241093333333332,9.029273333333334,80.83786666666666,22.661839999999998,14.428460000000001,18.638899999999996,3.5206333333333335,2004.0,6159.79,3268.01,478.94,2263.42,262.29,900.06,0.01
3,161.0,29.5699,35.0848,24.8251,91.5853,28.8082,21.4306,24.6724,4.834,2004.0,161.0,8.1773,29.0419,0.0,51.95400000000001,20.8975,10.2167,16.113,0.9618000000000002,2004.0,161.0,20.375766666666664,32.43687333333333,5.163833333333333,73.08248,26.537513333333333,17.405933333333333,21.754173333333338,2.94818,2004.0,6786.12,3799.49,427.38,2487.0,256.03,751.11,0.27
4,177.0,31.624200000000002,34.6793,20.910600000000002,85.221,30.7208,21.394199999999998,24.0917,4.3176,2004.0,177.0,8.707899999999999,27.761000000000003,0.0,43.109899999999996,20.7241,7.4867,15.297500000000001,1.8300999999999998,2004.0,177.0,21.82446,30.144966666666672,2.5281599999999997,58.07277333333333,25.18345333333333,13.4264,19.255860000000002,2.6429666666666667,2004.0,7325.92,4121.91,370.76,2580.05,230.18,683.63,0.06
5,193.0,29.357899999999997,34.44840000000001,19.0051,84.6178,31.556600000000003,20.962699999999998,25.2868,4.0152,2004.0,193.0,7.9491000000000005,29.6809,0.0,54.1855,22.2879,12.5151,17.944,0.8513,2004.0,193.0,20.705193333333334,32.586740000000006,5.154592857142857,73.63143333333333,27.869793333333334,17.628700000000002,22.548386666666666,2.410446666666667,2004.0,7626.7,4456.12,352.17,2756.13,220.53,653.97,0.46
6,209.0,27.1639,35.371700000000004,25.7498,86.62200000000001,31.219700000000003,22.4675,26.0046,4.6264,2004.0,209.0,9.4713,28.951999999999998,0.0,50.6355,23.565900000000003,11.381400000000001,18.4113,1.1663000000000001,2004.0,209.0,19.28048,32.56076,4.093886666666667,69.75636666666668,27.773379999999996,17.692646666666665,22.52044,2.499193333333333,2004.0,7589.68,4390.83,341.69,2704.19,209.47,686.67,0.0
7,225.0,28.09,33.2732,10.2225,78.833,29.208700000000004,18.4746,22.8034,4.606199999999999,2004.0,225.0,7.725500000000001,27.907700000000002,0.0,45.5546,20.0716,8.0419,14.686399999999999,0.9986999999999999,2004.0,225.0,20.354293333333334,30.696513333333336,2.1431733333333334,61.29054666666666,24.48211333333333,12.489559999999997,18.563886666666665,2.760653333333333,2004.0,7562.05,4416.15,367.12,2745.68,226.44,686.78,0.09
8,241.0,24.4475,34.2509,40.8094,92.23029999999999,31.136699999999998,21.1982,24.352500000000003,4.1783,2004.0,241.0,10.5224,29.1068,0.0,48.226600000000005,22.803600000000003,10.7822,16.924699999999998,1.081,2004.0,241.0,19.632,31.712606666666666,7.522826666666667,72.9974,27.097553333333334,16.596026666666667,21.682653333333334,2.5863466666666666,2004.0,6588.68,3806.81,498.13,2430.76,434.81,663.65,1.54
9,257.0,24.2941,34.51840000000001,34.197900000000004,86.1695,31.108200000000004,20.780700000000003,24.153999999999996,5.2466,2004.0,257.0,10.556899999999999,25.4839,0.0,41.4056,21.3471,9.0599,15.6937,1.5171000000000001,2004.0,257.0,19.403906666666664,29.896273333333333,3.3663333333333334,61.470259999999996,25.955606666666668,14.582879999999998,20.272573333333337,3.475873333333333,2004.0,7163.85,3598.13,350.07,2251.09,197.79,605.07,0.0
10,273.0,19.3016,31.3511,5.6419999999999995,69.53229999999999,27.347099999999998,16.475099999999998,21.387999999999998,5.0581,2004.0,273.0,5.3519,24.712600000000002,0.0,30.764400000000002,13.7621,-0.25759999999999994,6.844399999999999,0.9064999999999999,2004.0,273.0,16.18226,27.627066666666664,0.5934133333333333,47.21874666666666,21.57922,8.44516,15.337573333333335,3.0514866666666665,2004.0,6566.4,2977.93,382.03,1931.16,200.39,618.86,0.0
11,289.0,17.2534,30.765800000000002,8.8977,95.2565,21.610300000000002,15.0795,18.2558,6.3251,2004.0,289.0,3.5351000000000004,25.45,0.0,42.659800000000004,9.1502,-0.6657,6.5315,1.4791999999999998,2004.0,289.0,9.116153333333333,28.2032,1.6624733333333332,69.69497333333334,14.661366666666668,6.581193333333332,10.504253333333335,3.548113333333333,2004.0,5633.02,2134.59,388.45,1464.0,213.93,666.39,0.21
12,305.0,14.640699999999999,32.2667,32.292,96.28909999999999,21.8192,18.3269,20.094,6.789,2004.0,305.0,2.3033,22.6709,0.0,61.017999999999994,7.1357,-0.16959999999999997,4.5427,1.9638,2004.0,305.0,8.840226666666666,27.28351333333333,4.518314285714286,82.73416666666665,14.027886666666667,5.992393333333333,9.788093333333334,3.662733333333333,2004.0,5595.7,2179.15,411.44,1521.15,221.7,717.27,0.0
