,DOY,INSgdmax,RADmax,RAINmax,RHmax,TMAXmax,TMINmax,Tmax,WINDmax,YEAR,DOY,INSgdmin,RADmin,RAINmin,RHmin,TMAXmin,TMINmin,Tmin,WINDmin,YEAR,DOY,INSgdmean,RADmean,RAINmean,RHmean,TMAXmean,TMINmean,Tmean,WINDmean,YEAR,NDVI,EVI,RED,NIR,BLUE,MIR,pixrel
0,113.0,27.68,31.36,11.87,88.8,30.39,17.37,21.03,8.66,2004.0,113.0,4.07,25.52,0.0,39.25,13.5,2.21,9.95,1.8,2004.0,113.0,18.171333333333337,28.50533333333333,2.7179999999999995,62.70266666666667,19.84,8.737333333333334,14.260000000000002,4.656000000000001,2004.0,3597.33,1321.39,504.4,1226.44,277.89,720.42,10.35
1,129.0,28.22,32.76,22.99,88.41,28.66,18.01,23.03,5.77,2004.0,129.0,9.18,24.16,0.0,33.36,10.76,-0.35,5.46,2.1,2004.0,129.0,19.228666666666665,29.14666666666667,5.383846153846154,61.31266666666666,20.336,9.658666666666667,14.937333333333335,3.8973333333333335,2004.0,3395.08,1170.22,353.61,1149.03,122.08,696.81,33.18
2,145.0,28.01,33.37,36.3,90.71,26.09,18.75,21.29,6.56,2004.0,145.0,7.56,27.79,0.0,59.02,15.06,7.51,12.61,2.22,2004.0,145.0,17.864666666666665,30.529999999999994,10.534666666666665,79.54866666666666,21.626666666666665,13.154666666666667,17.422000000000004,3.7353333333333336,2004.0,4557.11,1976.04,307.05,1472.82,132.15,530.71,25.54
3,161.0,28.15,34.99,24.25,92.75,29.34,21.19,24.17,5.66,2004.0,161.0,4.36,30.31,0.0,49.3,20.05,9.55,15.7,1.11,2004.0,161.0,19.514666666666667,32.134,5.188,72.16533333333334,25.940666666666672,16.747333333333334,21.09,3.0533333333333332,2004.0,5442.04,2626.35,290.66,1734.17,152.12,444.98,15.69
4,177.0,29.41,33.41,19.79,71.54,31.28,20.92,25.17,4.25,2004.0,177.0,9.97,25.42,0.0,39.32,19.58,6.41,15.13,2.15,2004.0,177.0,22.917999999999996,29.36200000000001,2.877333333333332,52.144666666666666,25.011333333333333,12.944,19.099333333333334,3.0566666666666666,2004.0,6145.36,3091.52,334.4,1906.08,220.33,446.64,0.12
5,193.0,29.66,34.45,40.13,86.46,31.65,20.45,24.53,3.4,2004.0,193.0,11.48,29.34,0.0,51.23,20.58,9.57,16.51,0.95,2004.0,193.0,22.393333333333334,31.90533333333333,5.935,71.44466666666668,27.570666666666668,16.75133333333333,21.888,2.6206666666666667,2004.0,6333.93,3526.07,271.68,2192.2,161.81,425.64,10.64
6,209.0,25.81,34.85,13.05,87.26,31.39,22.44,25.29,4.92,2004.0,209.0,9.36,27.4,0.0,45.9,24.49,10.88,18.97,0.94,2004.0,209.0,20.831333333333337,32.09066666666667,3.0873333333333335,64.752,28.195999999999994,17.233333333333334,22.496000000000002,2.5466666666666664,2004.0,6297.01,3485.96,258.78,2133.13,151.66,389.78,7.73
7,225.0,28.76,33.16,17.23,77.84,27.86,17.38,21.25,5.15,2004.0,225.0,10.87,28.22,0.0,48.09,18.15,7.11,13.51,1.1,2004.0,225.0,19.814000000000004,30.673999999999996,3.1066666666666674,63.29666666666667,23.538666666666668,11.961333333333334,17.754,3.0973333333333333,2004.0,6507.45,3647.64,339.85,2313.54,202.18,509.43,5.38
8,241.0,25.13,34.09,34.12,91.49,30.28,19.58,23.38,4.87,2004.0,241.0,11.02,28.37,0.0,45.31,21.17,8.78,15.66,1.45,2004.0,241.0,19.558,31.038666666666657,6.543333333333334,73.18533333333333,26.478,15.828666666666669,20.88533333333333,2.9786666666666664,2004.0,5831.76,2651.43,233.89,1675.78,123.05,322.76,18.27
9,257.0,23.83,34.16,46.99,85.24,31.11,20.54,24.43,6.17,2004.0,257.0,2.05,27.22,0.0,41.04,20.58,8.61,14.59,1.63,2004.0,257.0,17.532,30.511333333333333,6.208666666666667,61.15466666666667,25.738666666666667,14.58,20.068666666666665,4.143333333333334,2004.0,5471.5,2158.27,234.45,1413.75,96.79,388.06,17.93
10,273.0,19.08,31.9,13.74,69.69,27.53,16.87,22.03,5.75,2004.0,273.0,1.58,24.44,0.0,31.32,13.18,-0.43,6.28,1.01,2004.0,273.0,15.438000000000004,27.512666666666668,1.4446666666666668,47.850666666666676,21.10333333333334,8.459333333333332,15.017999999999999,3.596000000000001,2004.0,5538.16,2287.01,332.38,1511.49,171.06,425.98,5.11
11,289.0,16.56,30.17,10.33,97.05,22.78,14.73,17.9,6.9,2004.0,289.0,3.31,25.85,0.0,46.39,8.2,-2.14,4.36,1.42,2004.0,289.0,8.882,27.950666666666667,2.1566666666666667,69.52866666666667,13.758666666666665,6.102666666666668,9.770666666666669,3.501333333333333,2004.0,3792.81,1272.03,594.24,1282.81,418.98,634.62,10.84
12,305.0,14.0,31.21,24.85,97.31,20.63,17.02,18.64,7.18,2004.0,305.0,2.92,21.31,0.0,52.11,5.87,-1.12,3.67,1.45,2004.0,305.0,8.544,26.59666666666667,2.935,82.26266666666666,12.478666666666667,5.074666666666666,8.388,3.8513333333333333,2004.0,3716.66,951.45,217.24,865.89,47.85,492.59,33.15
