,DOY,INSgdmax,RADmax,RAINmax,RHmax,TMAXmax,TMINmax,Tmax,WINDmax,YEAR,DOY,INSgdmin,RADmin,RAINmin,RHmin,TMAXmin,TMINmin,Tmin,WINDmin,YEAR,DOY,INSgdmean,RADmean,RAINmean,RHmean,TMAXmean,TMINmean,Tmean,WINDmean,YEAR,NDVI,EVI,RED,NIR,BLUE,MIR,pixrel
0,113.0,26.32,30.64,11.27,83.99,29.83,17.66,20.59,7.0,2004.0,113.0,3.13,25.45,0.0,37.85,15.09,2.47,9.79,1.75,2004.0,113.0,15.679333333333334,28.735333333333337,3.5739999999999994,62.868666666666655,20.32333333333333,9.967999999999998,15.145333333333332,4.538666666666667,2004.0,4032.3,1687.5,534.23,1406.53,293.18,1049.83,0.09
1,129.0,27.47,33.12,10.55,94.51,30.04,18.54,23.32,5.09,2004.0,129.0,5.94,26.53,0.0,37.18,11.0,1.54,8.29,1.43,2004.0,129.0,18.064000000000004,30.102666666666675,3.891538461538462,67.59533333333334,21.27,10.862666666666666,16.109333333333332,3.068,2004.0,4154.36,1833.19,542.33,1502.48,292.32,1031.61,0.06
2,145.0,25.6,34.88,38.38,89.88,26.59,20.13,22.7,5.17,2004.0,145.0,11.7,27.68,0.0,67.45,17.76,9.2,13.56,1.63,2004.0,145.0,18.116666666666667,31.41533333333333,10.663333333333334,81.49133333333334,22.936666666666664,15.304666666666662,19.083999999999996,3.3106666666666666,2004.0,5325.93,2587.94,471.04,1842.04,261.17,836.92,0.08
3,161.0,28.91,34.6,25.67,89.86,29.19,21.93,24.96,4.21,2004.0,161.0,6.23,29.09,0.0,57.4,21.12,9.53,16.37,0.67,2004.0,161.0,19.688,32.25866666666668,4.865333333333334,74.09400000000001,26.48266666666667,17.375333333333334,21.815999999999995,2.562666666666667,2004.0,6426.31,3606.01,369.6,2274.74,267.98,571.78,0.37
4,177.0,31.32,34.67,16.45,87.29,31.38,21.01,24.77,4.05,2004.0,177.0,6.84,26.46,0.0,42.22,21.85,6.98,15.12,1.39,2004.0,177.0,22.417999999999996,29.764666666666663,2.71,57.91066666666668,25.860666666666667,13.312000000000001,19.541999999999998,2.574,2004.0,7526.31,4686.85,319.37,2934.09,204.85,522.78,0.79
5,193.0,27.07,35.46,13.74,84.5,30.69,21.58,25.54,3.82,2004.0,193.0,3.2,30.42,0.0,58.32,23.29,10.86,18.57,1.08,2004.0,193.0,19.624666666666666,32.69266666666667,4.248571428571429,73.68666666666667,27.990666666666666,17.731999999999996,22.70466666666666,2.4353333333333333,2004.0,7644.28,4633.84,246.89,2800.47,164.41,447.72,0.61
6,209.0,28.69,35.93,27.55,84.53,31.76,23.11,26.92,3.79,2004.0,209.0,6.62,28.04,0.0,49.23,23.65,11.53,19.0,0.91,2004.0,209.0,18.009333333333334,32.37133333333333,3.8899999999999992,66.95133333333334,28.375999999999998,17.890666666666668,22.88866666666667,2.2719999999999994,2004.0,7509.91,4292.3,195.3,2526.49,115.56,403.58,2.55
7,225.0,25.74,33.16,15.44,79.91,28.79,19.52,23.86,4.6,2004.0,225.0,4.28,27.94,0.0,42.14,21.02,9.44,15.59,0.85,2004.0,225.0,18.93333333333333,30.45466666666666,3.092,57.98266666666667,25.19133333333333,12.728666666666667,19.066000000000006,2.6260000000000003,2004.0,7203.73,4096.25,247.19,2425.15,162.19,426.21,0.0
8,241.0,24.73,35.53,25.57,90.31,29.59,22.53,25.23,4.09,2004.0,241.0,8.46,29.05,0.0,42.88,22.23,11.56,17.09,0.97,2004.0,241.0,18.447333333333333,31.938,4.855999999999999,72.37133333333334,27.265333333333327,16.647333333333336,21.902,2.385333333333333,2004.0,6955.75,3987.53,304.85,2453.98,195.81,481.95,0.03
9,257.0,24.3,33.48,24.54,88.47,29.6,20.56,23.71,5.12,2004.0,257.0,7.81,26.21,0.0,40.38,20.94,9.47,15.83,1.12,2004.0,257.0,19.534,29.564000000000007,1.9020000000000001,59.62866666666666,25.966666666666676,14.806000000000001,20.52266666666667,3.0026666666666673,2004.0,6560.07,3357.79,343.81,2111.0,200.74,492.44,0.03
10,273.0,19.98,30.56,7.82,64.16,28.35,16.12,22.16,4.42,2004.0,273.0,1.76,24.19,0.0,31.6,13.68,0.97,7.68,1.27,2004.0,273.0,16.37666666666667,27.038,0.9540000000000001,46.602000000000004,21.72066666666667,8.901999999999997,15.445333333333332,2.7686666666666664,2004.0,5487.15,2319.2,383.82,1633.2,150.19,504.71,2.58
11,289.0,17.32,32.18,18.27,93.28,20.96,16.7,19.08,6.56,2004.0,289.0,2.48,24.95,0.0,44.02,9.45,0.1,5.97,1.92,2004.0,289.0,8.433333333333334,28.268000000000008,2.8606666666666665,71.57000000000001,14.332666666666665,7.2639999999999985,10.648666666666665,3.388666666666667,2004.0,4232.51,1773.89,665.43,1572.27,473.0,770.63,1.32
12,305.0,14.58,31.82,24.88,96.03,22.36,18.51,20.5,6.75,2004.0,305.0,1.98,21.78,0.0,67.01,7.78,1.0,5.39,1.96,2004.0,305.0,8.611333333333333,27.242000000000004,3.6871428571428573,83.58800000000001,13.895999999999997,6.857333333333333,10.257333333333333,3.4193333333333333,2004.0,4701.1,1580.78,328.12,1132.94,161.85,604.18,5.26
