,DOY,INSgdmax,RADmax,RAINmax,RHmax,TMAXmax,TMINmax,Tmax,WINDmax,YEAR,DOY,INSgdmin,RADmin,RAINmin,RHmin,TMAXmin,TMINmin,Tmin,WINDmin,YEAR,DOY,INSgdmean,RADmean,RAINmean,RHmean,TMAXmean,TMINmean,Tmean,WINDmean,YEAR,NDVI,EVI,RED,NIR,BLUE,MIR,pixrel
0,113.0,28.22,30.78,10.41,83.06,31.44,17.27,22.44,9.7,2004.0,113.0,2.16,26.35,0.0,35.48,12.07,3.44,9.63,2.28,2004.0,113.0,18.478,28.418666666666674,2.316666666666667,62.06066666666666,20.612666666666666,9.177999999999999,14.984000000000002,4.866666666666666,2004.0,3523.85,2315.92,1354.86,2825.51,670.95,2713.25,0.09
1,129.0,29.74,32.87,37.51,89.55,30.4,18.24,24.65,5.93,2004.0,129.0,7.31,24.59,0.0,35.81,9.98,0.17,5.05,2.52,2004.0,129.0,20.23,29.375999999999998,6.886923076923077,64.20866666666666,21.19866666666667,9.931333333333335,15.636000000000003,4.282,2004.0,4227.64,2858.23,1217.75,2967.2,639.86,2165.88,1.1
2,145.0,26.64,33.62,38.43,92.78,28.58,18.52,21.88,7.21,2004.0,145.0,7.99,28.04,0.0,59.99,16.2,7.24,13.01,2.64,2004.0,145.0,19.084,31.146000000000004,8.492666666666668,80.87533333333334,22.417999999999996,13.564,17.910666666666664,4.134666666666666,2004.0,4489.15,3057.91,1131.44,3030.18,575.64,2242.66,0.06
3,161.0,31.39,34.96,23.66,93.8,29.13,21.03,24.36,6.26,2004.0,161.0,9.4,28.01,0.0,53.53,20.12,10.66,15.04,1.84,2004.0,161.0,21.224666666666664,31.986,4.702666666666667,75.36333333333333,26.134,16.68933333333333,21.13133333333333,3.4240000000000004,2004.0,6194.03,4251.52,771.52,3291.89,409.55,1434.69,0.0
4,177.0,31.82,34.31,20.04,92.44,30.23,20.94,23.53,4.17,2004.0,177.0,10.22,27.5,0.0,46.08,18.29,6.88,14.78,1.78,2004.0,177.0,21.50333333333334,30.331333333333326,3.4226666666666663,62.416000000000004,24.20866666666667,13.137333333333334,18.537333333333333,2.726666666666666,2004.0,7798.44,5472.78,439.82,3595.52,243.81,896.7,0.0
5,193.0,30.17,35.1,20.3,89.55,30.97,20.9,24.64,4.33,2004.0,193.0,7.38,29.7,0.0,67.65,21.61,12.82,17.53,1.43,2004.0,193.0,20.162,32.77733333333334,5.575714285714286,78.31666666666668,26.84933333333333,17.431333333333335,21.81333333333333,2.5980000000000003,2004.0,8458.77,6773.14,371.93,4516.38,207.31,849.97,0.49
6,209.0,27.25,34.78,19.89,85.13,31.58,21.91,25.39,5.3,2004.0,209.0,8.96,27.9,0.0,53.63,24.14,11.06,17.81,1.04,2004.0,209.0,20.734666666666673,32.19,3.8939999999999997,70.032,27.92733333333333,16.922666666666668,22.113999999999997,2.9293333333333336,2004.0,8420.83,6869.55,383.73,4601.49,214.62,906.2,0.01
7,225.0,27.36,32.9,19.34,76.65,29.15,17.7,22.41,4.82,2004.0,225.0,11.48,29.27,0.0,48.76,20.12,7.92,14.54,1.35,2004.0,225.0,20.319999999999997,31.22600000000001,3.2179999999999995,63.13199999999999,24.146,12.621999999999998,18.49266666666666,3.048,2004.0,8240.9,6225.25,379.23,4072.59,210.51,827.85,0.01
8,241.0,25.09,34.56,14.69,87.38,30.4,19.9,24.04,4.61,2004.0,241.0,14.36,28.94,0.0,52.42,20.96,8.98,16.19,2.0,2004.0,241.0,21.19133333333333,31.161333333333335,2.4406666666666665,72.76133333333333,27.555333333333333,16.404,21.546,3.3320000000000003,2004.0,7691.11,5427.61,456.73,3637.34,238.26,886.63,0.0
9,257.0,24.26,34.92,14.61,81.16,32.03,20.84,25.16,7.14,2004.0,257.0,7.92,27.36,0.0,43.63,21.97,8.68,15.73,1.5,2004.0,257.0,19.03666666666667,30.559333333333328,2.4499999999999997,59.61733333333333,26.56333333333333,15.044666666666664,20.654,4.6466666666666665,2004.0,5260.34,3202.09,832.88,2681.08,433.05,1288.19,0.0
10,273.0,19.62,33.77,8.39,75.46,26.97,17.25,22.41,6.41,2004.0,273.0,7.13,24.23,0.0,30.64,14.31,-1.17,6.83,1.54,2004.0,273.0,15.840666666666664,29.09133333333334,1.4300000000000004,47.80799999999999,22.031999999999996,9.558666666666666,15.985333333333331,3.8706666666666663,2004.0,4139.04,2321.1,1001.0,2366.91,481.08,1500.83,0.0
11,289.0,17.78,30.49,4.93,97.52,23.74,15.25,18.54,6.78,2004.0,289.0,3.64,25.92,0.0,40.49,9.61,1.61,6.32,1.58,2004.0,289.0,10.316666666666665,27.973333333333326,0.9620000000000001,64.17466666666668,15.594666666666667,7.488,11.043333333333333,3.875333333333333,2004.0,3375.56,1855.89,1138.5,2269.88,530.96,1920.97,0.0
12,305.0,14.29,32.58,19.64,97.62,21.66,15.64,18.44,7.48,2004.0,305.0,2.52,21.53,0.0,44.71,5.82,-0.04,3.16,1.51,2004.0,305.0,9.989333333333333,26.842,2.907857142857143,72.806,15.289999999999997,6.010666666666666,10.098666666666668,4.2093333333333325,2004.0,3031.24,1593.32,1081.66,2015.01,526.29,1794.29,0.0
