,DOY,INSgdmax,RADmax,RAINmax,RHmax,TMAXmax,TMINmax,Tmax,WINDmax,YEAR,DOY,INSgdmin,RADmin,RAINmin,RHmin,TMAXmin,TMINmin,Tmin,WINDmin,YEAR,DOY,INSgdmean,RADmean,RAINmean,RHmean,TMAXmean,TMINmean,Tmean,WINDmean,YEAR,NDVI,EVI,RED,NIR,BLUE,MIR,pixrel
0,113.0,28.5527,31.0637,10.946,86.2518,30.3855,17.2951,21.962600000000002,9.1564,2004.0,113.0,2.9257999999999997,26.063299999999998,0.0,36.817800000000005,12.519,3.4612,10.4466,2.1273,2004.0,113.0,18.64203333333333,28.3803,2.4342933333333336,63.85178,20.552999999999997,9.946146666666667,15.278453333333333,4.829186666666667,2004.0,5215.97,3352.32,902.95,2877.09,467.72,2028.71,0.07
1,129.0,29.239599999999996,33.2633,38.1085,92.7491,31.3013,18.8203,24.8049,5.2578,2004.0,129.0,6.4126,24.605,0.0,38.5967,12.5338,1.5526,6.5814,2.0871000000000004,2004.0,129.0,20.123520000000003,29.586233333333332,6.2394,65.96482,21.47776,10.66584,15.922126666666665,3.754433333333333,2004.0,5857.95,3757.53,761.4,2899.16,443.44,1511.37,0.59
2,145.0,27.3264,33.9012,34.733999999999995,91.91659999999999,27.653599999999997,19.118399999999998,21.994500000000002,6.4528,2004.0,145.0,11.3865,27.911899999999996,0.0,61.781499999999994,17.3191,8.3722,13.866599999999998,2.0759,2004.0,145.0,19.561,31.328126666666662,9.485273333333332,81.43498000000001,22.844706666666667,14.400613333333332,18.62274666666667,3.8137266666666667,2004.0,6359.82,4160.95,656.32,3043.53,352.64,1392.58,0.01
3,161.0,30.2941,35.0848,25.958199999999998,93.0189,28.7776,21.2687,24.6387,5.497199999999999,2004.0,161.0,11.7448,28.431199999999997,0.0,54.67770000000001,20.9406,10.680600000000002,15.6179,1.4061,2004.0,161.0,20.731766666666665,32.32872666666667,6.369026666666667,75.22056666666667,26.370913333333334,17.376673333333333,21.559739999999998,3.2687733333333338,2004.0,6953.47,4849.48,601.75,3437.75,331.26,1137.63,0.02
4,177.0,31.3996,34.404399999999995,16.8342,91.3951,29.689299999999996,21.2705,23.4232,4.2854,2004.0,177.0,8.423,27.3596,0.0,45.669799999999995,19.9446,7.9786,15.486299999999998,1.4628999999999999,2004.0,177.0,21.749273333333328,30.320599999999995,2.7624266666666664,61.80532,24.610239999999997,13.677273333333332,19.049439999999997,2.57414,2004.0,7778.26,5233.6,421.8,3388.57,234.42,870.93,0.0
5,193.0,29.599000000000004,35.2498,19.590600000000002,86.58850000000001,31.1248,21.2947,25.2468,3.9862,2004.0,193.0,11.237100000000002,29.3,0.0,60.238800000000005,21.9484,13.4634,18.0467,1.0554000000000001,2004.0,193.0,20.775546666666663,32.73222,5.77717142857143,76.47675333333332,27.43172666666667,17.903153333333332,22.425313333333335,2.412733333333333,2004.0,8064.7,5874.5,404.47,3833.15,227.16,874.18,0.14
6,209.0,27.2168,35.0877,20.3497,87.2306,31.5462,22.3787,25.8708,5.0222999999999995,2004.0,209.0,8.099499999999999,27.586,0.0,55.10980000000001,22.687399999999997,11.4141,17.9876,1.1682,2004.0,209.0,20.03648666666666,32.34538,3.6140199999999996,71.65133333333334,27.653666666666666,17.400366666666667,22.284413333333333,2.7609866666666667,2004.0,8030.29,6150.42,440.43,4128.56,244.8,972.88,0.01
7,225.0,27.622299999999996,33.1356,15.071900000000001,76.72109999999999,29.691899999999997,17.328899999999997,22.7271,4.4492,2004.0,225.0,13.040199999999999,28.666200000000003,0.0,49.12220000000001,20.395200000000003,7.786199999999999,14.5144,1.4176000000000002,2004.0,225.0,20.43512666666667,31.092493333333334,1.9371000000000003,62.32851333333333,24.566220000000005,12.852426666666666,18.755866666666666,2.816573333333333,2004.0,7981.7,5764.89,414.56,3783.83,231.94,807.4,0.43
8,241.0,25.0814,35.0423,32.678,89.6796,31.3142,20.656999999999996,24.0254,4.3142,2004.0,241.0,11.2088,28.9433,0.0,52.4286,21.853100000000005,9.9818,16.5927,1.3013,2004.0,241.0,20.61948,31.607239999999997,5.474506666666667,74.23363333333332,27.29239333333333,16.763613333333335,21.708193333333334,2.881886666666667,2004.0,7938.34,5587.4,407.9,3632.71,228.06,825.06,0.0
9,257.0,24.3119,34.46469999999999,27.280199999999997,83.9329,31.9053,20.9765,24.8475,5.7922,2004.0,257.0,12.3601,25.4658,0.0,43.6852,22.0015,8.6904,15.6911,1.6087000000000002,2004.0,257.0,20.012273333333333,30.107480000000002,3.738666666666667,61.246039999999994,26.24637333333333,14.900453333333335,20.468993333333337,3.9028133333333335,2004.0,6348.05,4050.26,680.17,3050.62,330.35,1227.61,0.0
10,273.0,19.388099999999998,31.8358,6.756500000000001,73.62259999999999,27.1237,17.6002,22.104,5.6645,2004.0,273.0,4.2007,24.8033,0.0,29.478,13.906600000000001,-0.6184999999999999,6.902099999999999,1.0692,2004.0,273.0,16.133200000000002,28.281026666666662,0.7413400000000001,47.07172,22.073733333333333,9.31278,16.019286666666666,3.3391800000000003,2004.0,5418.15,3438.57,869.98,2892.78,445.6,1434.86,0.0
11,289.0,17.2952,30.490000000000002,6.511100000000001,96.376,22.633499999999998,15.2235,18.3519,6.2859,2004.0,289.0,3.7525000000000004,25.9169,0.0,40.4889,9.5418,0.8785999999999999,6.619300000000001,1.4594,2004.0,289.0,10.105233333333334,28.208380000000002,1.35428,66.65343333333334,15.605793333333335,7.1872733333333345,11.110626666666667,3.745986666666667,2004.0,4560.74,2698.36,945.27,2523.26,480.58,1569.08,0.0
12,305.0,14.6012,32.47,32.0741,97.1326,22.1996,17.0609,19.6485,6.9338,2004.0,305.0,2.6144,22.2716,0.0,52.4666,6.6564000000000005,-0.23109999999999997,4.164199999999999,1.9019,2004.0,305.0,9.565173333333334,27.11565333333333,4.122407142857142,78.24230666666666,15.048606666666668,6.396959999999999,10.338086666666666,3.9222400000000004,2004.0,4196.29,2243.19,870.89,2136.13,437.97,1542.11,0.0
