,DOY,INSgdmax,RADmax,RAINmax,RHmax,TMAXmax,TMINmax,Tmax,WINDmax,YEAR,DOY,INSgdmin,RADmin,RAINmin,RHmin,TMAXmin,TMINmin,Tmin,WINDmin,YEAR,DOY,INSgdmean,RADmean,RAINmean,RHmean,TMAXmean,TMINmean,Tmean,WINDmean,YEAR,NDVI,EVI,RED,NIR,BLUE,MIR,pixrel
0,113.0,28.33,31.68,14.76,86.2,29.38,17.81,21.73,8.04,2004.0,113.0,2.09,25.78,0.0,37.65,13.94,3.61,11.32,2.34,2004.0,113.0,18.149333333333335,28.490666666666666,2.983333333333333,64.14133333333334,20.841999999999995,10.956,15.766666666666667,4.6659999999999995,2004.0,5578.74,3644.85,839.51,2979.43,442.35,1816.9,0.0
1,129.0,27.5,33.16,23.22,96.27,31.68,18.84,24.49,4.17,2004.0,129.0,4.28,25.63,0.0,46.78,12.82,1.83,7.64,1.99,2004.0,129.0,19.72666666666667,29.728666666666662,7.582307692307693,68.20266666666667,21.948666666666664,10.915333333333335,16.32333333333333,3.1753333333333336,2004.0,6641.85,4343.14,613.39,3093.79,334.46,1325.98,0.29
2,145.0,29.92,34.13,39.04,91.36,27.39,19.88,22.85,5.43,2004.0,145.0,12.13,28.04,0.0,61.35,19.1,8.7,14.8,1.66,2004.0,145.0,20.73266666666667,31.338666666666665,6.930666666666668,80.50000000000001,23.734666666666666,15.562666666666667,19.729333333333336,3.475333333333333,2004.0,6985.94,4714.67,556.99,3272.35,304.98,1090.71,0.0
3,161.0,27.29,34.13,33.44,90.48,28.98,21.6,24.97,4.66,2004.0,161.0,7.67,29.3,0.0,56.58,21.94,11.04,16.33,1.01,2004.0,161.0,19.550666666666665,32.63399999999999,6.482666666666665,74.99533333333335,26.751333333333328,17.942,22.110000000000003,3.0026666666666673,2004.0,7325.94,5396.78,577.23,3794.1,317.85,1080.7,0.01
4,177.0,31.82,34.88,23.59,90.56,29.34,21.61,22.91,4.1,2004.0,177.0,8.17,27.36,0.0,45.3,21.75,9.55,16.58,1.0,2004.0,177.0,22.191333333333333,30.59133333333334,3.484666666666667,62.827333333333335,25.33733333333333,14.240000000000002,19.630000000000003,2.2893333333333334,2004.0,7728.02,5374.01,458.5,3570.25,250.82,898.11,0.32
5,193.0,28.94,34.78,34.09,84.42,31.64,21.54,26.35,3.89,2004.0,193.0,11.84,29.23,0.0,60.08,23.4,14.82,19.18,0.96,2004.0,193.0,21.062,32.89333333333334,11.127857142857142,75.41199999999999,28.19133333333333,18.53533333333333,23.215999999999998,2.2226666666666666,2004.0,8017.45,5920.34,426.4,3915.94,237.07,911.28,0.09
6,209.0,26.53,35.75,18.62,87.62,31.92,23.23,26.75,4.26,2004.0,209.0,5.44,28.69,0.0,57.52,20.29,11.24,18.28,1.11,2004.0,209.0,18.062666666666665,32.70733333333334,3.214,73.95800000000001,27.416000000000004,17.669333333333334,22.340666666666667,2.524,2004.0,8036.9,5976.93,423.47,3955.29,235.27,918.82,0.0
7,225.0,28.55,32.83,14.13,80.18,30.34,18.79,23.61,3.85,2004.0,225.0,13.25,27.9,0.0,46.03,21.41,8.09,15.25,0.92,2004.0,225.0,21.249333333333333,31.212,2.1820000000000004,60.39866666666667,25.317999999999998,13.220666666666668,19.351333333333333,2.544,2004.0,7871.97,5985.99,474.47,4059.32,264.25,966.4,0.32
8,241.0,25.34,35.53,28.34,91.27,31.07,22.89,25.2,3.62,2004.0,241.0,7.24,29.45,0.0,53.01,23.58,11.64,17.78,0.73,2004.0,241.0,19.053333333333335,32.092666666666666,5.218,74.202,27.42066666666667,17.27333333333333,22.183333333333334,2.405333333333333,2004.0,7943.33,5466.84,397.56,3529.14,219.25,794.23,0.0
9,257.0,24.48,33.62,40.83,88.42,31.42,21.06,24.29,4.6,2004.0,257.0,13.21,25.56,0.0,42.93,22.25,9.47,16.25,1.08,2004.0,257.0,21.267999999999997,29.622666666666667,6.7173333333333325,62.023999999999994,26.178,14.748666666666669,20.513333333333332,3.0813333333333337,2004.0,6740.77,4342.12,588.43,3078.55,305.24,1080.63,0.0
10,273.0,20.05,31.46,0.86,69.76,27.06,17.0,21.08,4.75,2004.0,273.0,6.08,24.48,0.0,28.79,14.1,0.48,7.32,1.04,2004.0,273.0,17.18866666666667,27.604666666666667,0.1,46.65866666666667,22.172666666666665,9.100666666666667,15.963999999999999,2.748666666666667,2004.0,5957.22,3637.74,696.29,2785.58,347.04,1256.27,0.0
11,289.0,18.32,31.39,6.21,93.8,21.76,15.76,18.77,5.61,2004.0,289.0,3.17,26.03,0.0,38.6,10.55,0.18,7.39,1.79,2004.0,289.0,9.266,28.50733333333334,1.4693333333333334,68.26866666666666,15.935333333333336,7.281999999999999,11.523333333333335,3.4960000000000004,2004.0,5381.91,2953.74,684.98,2324.44,351.52,1322.05,0.0
12,305.0,15.34,33.34,39.29,96.6,22.58,19.09,20.99,6.29,2004.0,305.0,3.13,22.21,0.0,65.1,7.52,0.52,5.19,1.73,2004.0,305.0,9.462666666666667,27.55866666666667,5.661428571428571,82.04599999999999,15.617333333333333,7.184,11.234000000000002,3.5046666666666666,2004.0,4758.12,2656.96,809.44,2306.8,415.29,1560.1,0.0
