,DOY,INSgdmax,RADmax,RAINmax,RHmax,TMAXmax,TMINmax,Tmax,WINDmax,YEAR,DOY,INSgdmin,RADmin,RAINmin,RHmin,TMAXmin,TMINmin,Tmin,WINDmin,YEAR,DOY,INSgdmean,RADmean,RAINmean,RHmean,TMAXmean,TMINmean,Tmean,WINDmean,YEAR,NDVI,EVI,RED,NIR,BLUE,MIR,pixrel
0,113.0,28.0401,31.542799999999996,13.828899999999999,85.37280000000001,28.4321,17.6692,21.3367,7.164000000000001,2004.0,113.0,3.0336999999999996,26.192100000000003,0.0,38.0174,14.6153,3.7762,11.2738,2.2088,2004.0,113.0,17.370126666666664,28.84077333333333,3.8790266666666664,63.315886666666664,20.883473333333335,11.104486666666666,15.899680000000002,4.570333333333332,2004.0,4864.21,1632.98,353.03,1126.36,233.04,588.04,0.13
1,129.0,28.939500000000002,33.942899999999995,13.6806,91.54860000000001,30.526399999999995,19.4135,23.512299999999996,4.460100000000001,2004.0,129.0,7.724,26.6113,0.0,48.659,12.4343,2.026,8.837,1.3267,2004.0,129.0,19.39832,30.273740000000004,3.9768384615384615,69.85031333333333,22.01396666666667,11.319606666666665,16.65868,3.066793333333333,2004.0,5108.38,1689.87,333.74,1151.49,209.17,582.67,2.58
2,145.0,30.5967,34.4778,42.5419,88.2818,27.9766,20.6344,23.507900000000003,5.0418,2004.0,145.0,7.788500000000001,28.3422,0.0,63.718,19.2568,9.2563,14.913599999999999,1.4847000000000001,2004.0,145.0,19.917726666666667,31.710893333333335,8.369913333333333,80.02487333333335,24.370919999999998,16.372513333333334,20.285140000000002,3.3610066666666665,2004.0,5952.6,2281.74,339.44,1460.89,203.71,601.11,0.02
3,161.0,28.907599999999995,34.7287,27.9955,87.74289999999999,29.7155,21.8672,25.2502,4.367,2004.0,161.0,7.2927,29.6154,0.0,57.630300000000005,22.0482,10.162500000000001,16.845399999999998,0.7270000000000001,2004.0,161.0,19.739293333333332,32.78073333333333,4.71752,74.46167333333332,27.121406666666665,17.854073333333332,22.306913333333334,2.7061933333333332,2004.0,5956.36,2420.87,328.03,1501.79,225.99,521.75,0.02
4,177.0,31.087400000000002,35.1188,15.736699999999999,85.77199999999999,29.782600000000002,21.5867,23.9758,4.077,2004.0,177.0,8.9262,26.7458,0.0,44.4396,22.4623,8.4387,16.075,1.1635,2004.0,177.0,21.80097333333333,30.64284,2.884973333333334,61.445133333333324,26.253733333333336,14.035893333333334,20.047126666666664,2.318626666666667,2004.0,6794.69,3030.99,317.66,1818.53,221.87,492.89,0.28
5,193.0,28.1025,35.272000000000006,24.3382,83.22879999999999,32.1394,21.7145,26.587600000000002,4.2248,2004.0,193.0,7.546,30.350899999999996,0.0,61.894200000000005,24.925200000000004,13.4797,19.7338,0.6234999999999999,2004.0,193.0,20.627560000000003,32.88418666666667,7.391235714285714,74.28817333333333,28.613113333333335,18.61806666666667,23.469706666666667,2.2879066666666668,2004.0,6910.17,3183.4,299.74,1814.22,269.73,407.34,0.55
6,209.0,28.559399999999997,35.997600000000006,20.6182,84.87559999999999,32.3516,23.3019,27.3537,3.5556,2004.0,209.0,4.6997,27.7633,0.0,52.7488,20.4151,12.298100000000002,18.5502,0.8554999999999999,2004.0,209.0,18.31108666666666,32.76942,4.0329266666666665,69.30430666666666,28.310046666666665,18.02346,22.924553333333336,2.3520666666666665,2004.0,7232.19,2912.66,220.26,1644.51,151.46,384.22,0.0
7,225.0,27.3891,33.7883,4.376399999999999,79.0352,29.6351,19.712200000000003,24.406499999999998,4.3172,2004.0,225.0,13.580400000000001,27.3943,0.0,42.0512,22.253400000000003,9.444399999999998,15.8332,0.7111000000000001,2004.0,225.0,20.84668,30.800020000000004,0.7240066666666666,57.6863,25.879086666666666,13.478953333333333,19.77202,2.5647133333333336,2004.0,6741.82,2808.55,302.16,1650.55,248.42,416.29,0.58
8,241.0,24.499699999999997,35.64,35.8689,90.352,29.666199999999996,23.472,25.765,3.8766,2004.0,241.0,7.3024000000000004,29.5332,0.0,53.57209999999999,23.0554,11.710799999999999,18.4596,0.9278000000000002,2004.0,241.0,18.180100000000003,32.28872,8.922026666666667,74.27525333333332,27.553800000000003,17.135646666666666,22.264400000000002,2.2965133333333334,2004.0,6864.74,2594.2,250.19,1468.74,197.27,338.49,0.93
9,257.0,24.6017,33.3371,23.1342,88.6594,29.961900000000004,20.8968,23.738200000000003,4.6654,2004.0,257.0,7.231599999999999,25.781299999999998,0.0,41.2611,22.022199999999998,10.233699999999999,16.485899999999997,1.2207000000000001,2004.0,257.0,20.53980666666667,29.497953333333328,2.0400400000000003,61.09216000000001,26.05608,14.950093333333333,20.722060000000003,2.8319599999999996,2004.0,6695.04,2297.78,222.45,1308.58,160.94,264.48,0.06
10,273.0,20.740000000000002,31.2312,1.5385999999999997,62.19970000000001,28.1156,16.765,22.411,4.1305,2004.0,273.0,3.1323999999999996,23.9692,0.0,28.8436,14.5425,1.8165,8.4854,0.9576,2004.0,273.0,17.295180000000002,27.20645333333333,0.10351333333333332,45.30460666666666,22.429139999999997,9.51638,16.064386666666667,2.61148,2004.0,6709.88,2065.17,205.45,1185.54,114.41,295.37,0.01
11,289.0,18.3783,32.76989999999999,24.462899999999998,93.0968,21.7312,17.009999999999998,19.6699,6.0366,2004.0,289.0,2.0354,24.8809,0.0,40.798899999999996,10.947700000000001,-0.3613,7.582699999999999,1.8918,2004.0,289.0,9.122046666666668,28.44072666666667,4.111073333333333,69.79171333333333,15.627086666666667,7.760306666666667,11.658846666666669,3.41126,2004.0,4728.0,1583.55,450.01,1184.63,379.59,492.84,1.45
12,305.0,15.321200000000001,32.6125,35.885000000000005,96.6457,23.1807,20.0942,21.427100000000003,6.6690000000000005,2004.0,305.0,1.7191999999999998,22.232100000000003,0.0,69.5769,7.9178,0.9968,5.8086,1.6918,2004.0,305.0,9.198360000000001,27.77066,4.48715,82.94352666666666,15.753313333333335,7.9087466666666675,11.738580000000002,3.3564266666666662,2004.0,5579.31,1752.0,278.07,1103.17,176.11,387.79,0.35
