,DOY,INSgdmax,RADmax,RAINmax,RHmax,TMAXmax,TMINmax,Tmax,WINDmax,YEAR,DOY,INSgdmin,RADmin,RAINmin,RHmin,TMAXmin,TMINmin,Tmin,WINDmin,YEAR,DOY,INSgdmean,RADmean,RAINmean,RHmean,TMAXmean,TMINmean,Tmean,WINDmean,YEAR,NDVI,EVI,RED,NIR,BLUE,MIR,pixrel
0,113.0,28.234999999999996,30.834000000000003,10.366999999999999,82.795,31.54,17.281,22.522000000000002,9.706999999999999,2004.0,113.0,2.2359999999999998,26.357,0.0,35.356,12.043,3.3920000000000003,9.565999999999999,2.353,2004.0,113.0,18.576800000000002,28.425600000000003,2.363266666666667,61.71853333333333,20.667133333333332,9.1556,14.996466666666667,4.870733333333332,2004.0,3436.34,2262.13,1349.15,2770.43,682.51,2756.21,0.11
1,129.0,29.782999999999998,32.909,36.91199999999999,89.634,30.47,18.175,24.648,6.0169999999999995,2004.0,129.0,7.5329999999999995,24.604,0.0,35.839,9.794,0.060999999999999985,4.929,2.5890000000000004,2004.0,129.0,20.40266666666667,29.37653333333333,6.885307692307693,64.11046666666665,21.216733333333337,9.897600000000002,15.63546666666667,4.315,2004.0,4067.13,2733.22,1185.13,2871.03,622.85,2255.5,0.66
2,145.0,26.752,33.67399999999999,37.662,92.933,28.659999999999997,18.53,21.889999999999997,7.253,2004.0,145.0,7.965,28.098,0.0,59.843,16.214,7.225,12.912,2.692,2004.0,145.0,19.080466666666666,31.137733333333337,8.443266666666668,80.76473333333334,22.4056,13.510066666666665,17.885266666666666,4.155733333333333,2004.0,4419.38,2928.7,1084.79,2859.09,565.55,2079.82,0.09
3,161.0,31.322,34.963,23.417,93.694,29.144,21.025,24.334,6.297,2004.0,161.0,9.526,28.089,0.0,53.245,20.13,10.613,15.036,1.8419999999999999,2004.0,161.0,21.29313333333333,31.9594,4.6189333333333344,75.3198,26.139066666666665,16.65613333333333,21.119999999999997,3.4326000000000003,2004.0,6756.52,4630.86,644.75,3335.07,356.14,1272.85,0.0
4,177.0,31.720000000000002,34.277,19.451999999999998,92.405,30.270999999999997,20.874,23.519000000000002,4.142,2004.0,177.0,10.019,27.58,0.0,46.109,18.194,6.885,14.715,1.7759999999999998,2004.0,177.0,21.399800000000006,30.3422,3.2925333333333335,62.50646666666667,24.186933333333336,13.128266666666667,18.52273333333333,2.724933333333333,2004.0,7778.31,5445.87,440.57,3569.24,248.84,892.2,0.0
5,193.0,30.256000000000004,35.1,19.933,89.548,30.999,20.881,24.641,4.353,2004.0,193.0,7.495,29.689,0.0,67.57700000000001,21.642999999999997,12.787,17.551000000000002,1.4369999999999998,2004.0,193.0,20.191533333333332,32.779133333333334,5.506571428571429,78.38920000000002,26.851266666666664,17.40886666666667,21.801,2.6090666666666666,2004.0,8496.37,6685.8,351.7,4380.11,199.83,789.42,0.44
6,209.0,27.337,34.78,19.009,84.95700000000001,31.616999999999997,21.830000000000002,25.378,5.313,2004.0,209.0,9.176,27.947,0.0,53.892999999999994,24.099,11.009,17.774,1.048,2004.0,209.0,20.81233333333334,32.18213333333333,3.7546666666666666,70.13680000000001,27.911199999999994,16.871066666666668,22.080599999999997,2.941466666666667,2004.0,8459.06,6774.29,365.8,4475.96,208.52,840.29,0.0
7,225.0,27.320000000000004,32.947,18.433999999999997,76.94400000000002,29.142,17.741,22.409,4.827,2004.0,225.0,11.358,29.324000000000005,0.0,48.48799999999999,20.193,7.988999999999999,14.613999999999999,1.335,2004.0,225.0,20.268666666666665,31.25813333333334,3.110266666666666,63.13239999999999,24.14673333333333,12.653199999999998,18.50613333333333,3.0573333333333332,2004.0,8229.61,6278.38,390.38,4114.85,222.29,820.62,0.01
8,241.0,25.141,34.495,14.347999999999999,87.568,30.517,19.846999999999998,24.134,4.674,2004.0,241.0,14.422,28.901,0.0,52.34,20.976,9.048,16.237000000000002,1.981,2004.0,241.0,21.22946666666666,31.138333333333335,2.3884000000000003,72.54153333333332,27.60086666666667,16.385199999999998,21.557866666666666,3.362066666666667,2004.0,7272.42,4915.51,526.89,3396.39,264.25,918.67,0.0
9,257.0,24.278,34.938,14.409999999999998,80.943,32.001000000000005,20.806,25.180000000000003,7.2170000000000005,2004.0,257.0,7.818999999999999,27.457,0.0,43.347,21.989,8.655999999999999,15.727,1.536,2004.0,257.0,18.948133333333338,30.59206666666666,2.386333333333333,59.47599999999999,26.621799999999997,15.05373333333333,20.680733333333333,4.6941999999999995,2004.0,4854.69,2985.14,927.67,2681.95,472.07,1380.54,0.0
10,273.0,19.627000000000002,33.791,9.469000000000001,75.574,27.008999999999997,17.141000000000002,22.272000000000002,6.426,2004.0,273.0,6.971000000000001,24.269,0.0,30.905,14.408000000000001,-1.209,6.833,1.5279999999999998,2004.0,273.0,15.746533333333332,29.11466666666667,1.5122000000000002,48.12879999999999,22.018,9.553133333333331,15.9544,3.886266666666666,2004.0,3740.23,2111.36,1067.53,2317.61,517.23,1638.1,0.0
11,289.0,17.788,30.487,4.764,97.33699999999999,23.789,15.224,18.524,6.776000000000001,2004.0,289.0,3.6290000000000004,25.895000000000003,0.0,40.423,9.774999999999999,1.8050000000000002,6.378,1.5380000000000003,2004.0,289.0,10.315866666666665,27.97613333333333,0.9213333333333333,63.99140000000001,15.632066666666667,7.525733333333333,11.076466666666667,3.8784666666666663,2004.0,3153.71,1681.65,1095.7,2095.22,510.23,1967.16,0.0
12,305.0,14.251,32.548,18.517000000000003,97.447,21.665,15.596,18.374,7.501,2004.0,305.0,2.5060000000000002,21.442999999999998,0.0,44.628,5.7620000000000005,-0.07,3.0770000000000004,1.48,2004.0,305.0,10.059666666666667,26.790999999999997,2.7472857142857143,72.44886666666667,15.323799999999997,6.006466666666666,10.106066666666667,4.220333333333333,2004.0,2923.92,1510.1,1064.13,1933.51,532.39,1718.6,0.03
