,DOY,INSgdmax,RADmax,RAINmax,RHmax,TMAXmax,TMINmax,Tmax,WINDmax,YEAR,DOY,INSgdmin,RADmin,RAINmin,RHmin,TMAXmin,TMINmin,Tmin,WINDmin,YEAR,DOY,INSgdmean,RADmean,RAINmean,RHmean,TMAXmean,TMINmean,Tmean,WINDmean,YEAR,NDVI,EVI,RED,NIR,BLUE,MIR,pixrel
0,113.0,28.441,31.2804,13.2356,85.682,28.8472,17.846999999999998,21.285999999999998,7.4702,2004.0,113.0,2.6746000000000003,26.253600000000002,0.0,38.4788,14.0436,3.9133999999999998,11.497600000000002,2.2586,2004.0,113.0,17.566706666666665,28.678626666666666,3.3799733333333335,63.94597333333333,20.805493333333335,11.002866666666666,15.738546666666668,4.582133333333333,2004.0,5778.37,3657.99,756.07,2879.42,392.9,1518.95,0.0
1,129.0,28.114200000000004,33.766799999999996,17.7218,94.1018,30.873399999999997,19.284000000000002,23.801799999999997,4.318,2004.0,129.0,6.122599999999999,26.2738,0.0,48.0528,12.413,1.8965999999999998,8.1728,1.7384,2004.0,129.0,19.479506666666673,30.07005333333333,5.423215384615384,68.5332,22.019213333333333,10.953813333333333,16.45801333333333,3.1151466666666665,2004.0,7367.01,4896.97,485.86,3279.37,263.88,996.22,0.02
2,145.0,30.66,34.2854,38.403600000000004,89.84300000000002,27.345599999999997,20.25,23.1682,5.1192,2004.0,145.0,9.9174,28.3656,0.0,62.0826,18.9964,8.8332,14.837,1.5342,2004.0,145.0,20.050386666666668,31.619866666666667,7.975053333333332,80.24593333333334,24.036586666666665,15.924280000000003,19.981920000000002,3.3993599999999997,2004.0,7743.42,5747.07,474.0,3880.36,259.79,955.33,0.0
3,161.0,28.910600000000002,34.263200000000005,30.0582,88.8742,29.387000000000004,21.703599999999998,25.044,4.4824,2004.0,161.0,8.336,29.4628,0.0,57.9416,22.043599999999998,10.684800000000001,16.6408,0.8397999999999999,2004.0,161.0,19.769213333333333,32.67198666666667,5.52264,74.84437333333335,26.924,17.906480000000002,22.195839999999997,2.8373999999999997,2004.0,7987.65,6152.2,457.42,4151.61,256.7,867.85,0.38
4,177.0,31.050400000000003,35.0724,20.371000000000002,88.4288,29.5028,21.439799999999998,23.361400000000003,4.122199999999999,2004.0,177.0,8.517800000000001,26.9604,0.0,44.93,22.3124,9.2022,16.4024,1.1406,2004.0,177.0,21.828733333333332,30.644613333333332,3.307066666666667,62.356199999999994,25.827213333333333,14.081640000000004,19.788853333333332,2.2853866666666667,2004.0,8088.71,5729.78,389.85,3697.12,217.82,775.1,0.0
5,193.0,28.222199999999997,34.9872,27.681600000000003,83.9464,32.0174,21.8064,26.557199999999998,4.074999999999999,2004.0,193.0,9.3684,30.2438,0.0,61.7598,24.5914,14.420399999999999,19.409399999999998,0.7306,2004.0,193.0,20.850853333333333,32.89284000000001,8.799499999999998,74.93544,28.414813333333335,18.499813333333336,23.311706666666666,2.2285866666666667,2004.0,8121.27,5793.68,388.13,3747.95,215.33,803.25,0.09
6,209.0,27.6474,35.9646,23.652,87.3462,31.957,23.192999999999998,27.083,3.9269999999999996,2004.0,209.0,5.092199999999999,28.157199999999996,0.0,55.965999999999994,20.119799999999998,11.721,18.346600000000002,0.7844000000000001,2004.0,209.0,18.044906666666662,32.69549333333333,3.43748,72.50612000000001,27.680426666666666,17.820786666666667,22.534546666666664,2.4046133333333333,2004.0,8059.44,5922.61,415.54,3892.11,231.15,904.21,0.0
7,225.0,27.506600000000002,33.496,8.5282,80.9644,29.9478,19.5744,24.1798,4.1016,2004.0,225.0,13.620000000000001,27.7964,0.0,44.2466,21.7282,8.904,15.508999999999999,0.8164,2004.0,225.0,21.07321333333333,30.946093333333337,1.3862533333333333,59.21121333333334,25.53161333333333,13.299106666666669,19.518573333333336,2.5543600000000004,2004.0,7867.77,5561.13,432.47,3652.39,240.42,878.75,0.03
8,241.0,24.9182,35.6114,36.998,91.2182,29.8194,23.1638,25.422,3.7236000000000002,2004.0,241.0,6.8626000000000005,29.339000000000002,0.0,53.5946,23.513399999999997,11.551200000000001,18.157400000000003,0.7744,2004.0,241.0,18.49734666666667,32.22833333333334,7.9412,74.12652,27.469506666666668,17.14556,22.21194666666667,2.3224533333333333,2004.0,7906.07,5056.44,375.95,3196.78,204.48,734.69,0.0
9,257.0,24.6132,33.3832,29.6412,89.3894,30.643,20.7196,23.9052,4.5778,2004.0,257.0,10.4646,25.6414,0.0,42.9226,22.1834,9.921399999999998,16.412799999999997,1.1096000000000001,2004.0,257.0,20.85804,29.56149333333333,3.2294666666666663,62.06445333333335,26.03444,14.757053333333333,20.54934666666667,2.923466666666667,2004.0,7478.99,4821.59,455.17,3167.57,248.17,879.02,0.0
10,273.0,20.5606,31.275,0.7268,66.3264,27.637199999999996,16.630000000000003,21.790399999999998,4.3504000000000005,2004.0,273.0,5.0440000000000005,24.243199999999998,0.0,28.782600000000002,14.3294,1.4494,7.7196,1.0104,2004.0,273.0,17.082106666666668,27.373786666666668,0.061026666666666673,46.11501333333333,22.25604,9.128786666666667,15.85892,2.6539466666666662,2004.0,6484.2,3832.43,570.26,2716.32,291.25,1006.75,0.0
11,289.0,18.32,32.0856,14.645999999999997,93.4522,21.723,15.900599999999999,19.1104,5.8393999999999995,2004.0,289.0,2.2598000000000003,25.363999999999997,0.0,38.9996,10.809000000000001,-0.5304,7.693399999999999,1.8418,2004.0,289.0,9.311386666666667,28.49648,1.8457466666666669,69.19465333333332,15.8194,7.222306666666666,11.477453333333333,3.4298933333333332,2004.0,5824.21,3033.14,572.78,2229.82,283.38,1131.3,0.0
12,305.0,15.310400000000001,33.0958,40.104,96.75540000000001,22.95,19.7782,21.286,6.4528,2004.0,305.0,2.2272,22.395,0.0,68.1266,7.7124,0.6532,5.4046,1.6782,2004.0,305.0,9.157786666666667,27.79842666666667,5.544085714285713,82.45053333333333,15.731293333333333,7.405506666666667,11.482146666666669,3.398106666666666,2004.0,5380.2,2778.74,621.27,2136.09,319.85,1164.96,0.0
