,DOY,INSgdmax,RADmax,RAINmax,RHmax,TMAXmax,TMINmax,Tmax,WINDmax,YEAR,DOY,INSgdmin,RADmin,RAINmin,RHmin,TMAXmin,TMINmin,Tmin,WINDmin,YEAR,DOY,INSgdmean,RADmean,RAINmean,RHmean,TMAXmean,TMINmean,Tmean,WINDmean,YEAR,NDVI,EVI,RED,NIR,BLUE,MIR,pixrel
0,113.0,28.15,31.79,17.97,90.79,26.24,13.79,19.25,6.6,2005.0,113.0,6.98,23.76,0.0,33.6,10.7,-0.44,6.71,2.2,2005.0,113.0,17.578,27.536000000000005,5.547272727272728,58.11000000000001,15.553999999999998,5.982000000000002,11.043333333333333,4.3340000000000005,2005.0,3293.34,1678.53,933.37,1858.3,507.18,1712.73,0.02
1,129.0,28.84,31.68,29.0,93.83,25.09,17.1,20.56,7.84,2005.0,129.0,3.96,23.44,0.0,26.69,9.81,-0.29,5.6,2.59,2005.0,129.0,16.977999999999998,28.06933333333333,7.7139999999999995,62.3,18.380666666666666,8.304,13.524000000000001,4.8886666666666665,2005.0,3773.73,1863.86,798.36,1807.21,430.97,1227.56,0.0
2,145.0,30.49,31.72,23.61,62.43,28.89,19.65,23.67,6.57,2005.0,145.0,3.6,25.63,0.0,31.75,20.74,9.97,15.71,2.17,2005.0,145.0,20.981333333333335,28.836666666666666,4.360666666666666,47.16466666666667,24.876666666666665,13.691333333333334,19.317333333333334,4.354,2005.0,4451.39,2780.81,1104.25,2670.83,859.56,1412.69,1.81
3,161.0,32.4,33.77,39.31,85.31,29.41,19.05,23.36,5.91,2005.0,161.0,12.89,27.58,0.0,41.75,22.29,12.98,18.69,1.0,2005.0,161.0,20.561333333333334,31.581999999999997,6.6626666666666665,71.59933333333332,26.00666666666667,16.18133333333333,20.766666666666666,3.775333333333333,2005.0,6726.09,3915.73,487.01,2628.34,266.36,852.19,0.15
4,177.0,31.79,35.06,18.59,79.44,34.49,23.13,27.53,6.45,2005.0,177.0,6.77,28.33,0.0,39.41,24.99,13.6,18.85,1.12,2005.0,177.0,23.448,32.772,4.516666666666667,62.18666666666664,30.43733333333333,19.125999999999998,24.510000000000005,4.038666666666667,2005.0,7083.28,4331.7,467.86,2869.02,258.35,721.64,0.44
5,193.0,29.95,33.8,10.16,63.88,35.34,23.48,28.88,5.23,2005.0,193.0,17.06,28.73,0.0,36.99,26.18,13.39,20.49,1.13,2005.0,193.0,25.790000000000006,32.144666666666666,0.8666666666666667,52.16799999999999,31.921999999999993,19.717333333333332,25.801333333333332,3.0566666666666666,2005.0,6827.88,4005.86,469.15,2667.31,259.34,850.81,0.01
6,209.0,28.22,36.25,16.62,75.32,39.23,24.68,30.67,5.37,2005.0,209.0,11.16,30.28,0.0,40.85,22.64,10.39,16.08,1.65,2005.0,209.0,20.966666666666665,33.73666666666667,5.89,58.614000000000004,31.83600000000001,19.276666666666667,25.197333333333336,3.7160000000000006,2005.0,6589.98,3998.99,558.3,2782.67,303.31,1006.9,0.05
7,225.0,29.09,34.16,21.13,83.5,30.88,20.67,25.48,4.04,2005.0,225.0,7.27,28.98,0.0,41.86,22.52,10.69,16.64,1.14,2005.0,225.0,21.56533333333333,31.324666666666666,5.319333333333333,67.85866666666666,27.362,16.21,21.625333333333334,2.5446666666666666,2005.0,6323.23,3746.89,573.54,2652.34,307.44,1078.65,0.01
8,241.0,24.84,33.73,8.7,88.95,31.04,19.82,24.6,5.63,2005.0,241.0,9.58,28.19,0.0,35.72,22.02,10.66,17.55,1.08,2005.0,241.0,19.782666666666668,30.979333333333333,1.7333333333333334,60.74599999999999,27.336,14.776666666666667,21.06533333333334,3.0426666666666673,2005.0,6133.85,3455.9,558.19,2447.27,298.67,1093.55,0.0
9,257.0,21.28,35.78,55.97,86.34,33.54,23.42,27.61,6.6,2005.0,257.0,8.6,29.38,0.0,44.56,20.55,8.1,14.64,0.88,2005.0,257.0,16.219333333333335,31.582000000000004,5.754666666666667,66.506,26.552000000000003,15.521333333333333,20.959333333333333,3.6706666666666665,2005.0,5640.25,3133.42,632.55,2363.32,332.04,1123.91,0.03
10,273.0,18.97,33.55,8.39,92.93,25.02,20.97,22.3,6.56,2005.0,273.0,1.15,24.41,0.0,49.85,5.75,1.26,3.2,2.59,2005.0,273.0,12.652666666666665,30.045999999999996,2.3066666666666666,76.75066666666666,19.060666666666666,10.551333333333334,14.81,4.648666666666667,2005.0,4656.21,2439.6,739.37,2085.97,392.08,1229.95,0.15
11,289.0,16.49,29.59,9.39,92.19,26.04,13.75,17.44,6.13,2005.0,289.0,4.07,25.42,0.0,41.75,7.97,2.66,5.04,1.97,2005.0,289.0,11.592666666666668,27.20266666666667,2.0046666666666666,67.836,15.077333333333334,6.746666666666667,10.538666666666668,3.206666666666666,2005.0,4377.16,2016.7,658.86,1730.19,348.91,1147.52,0.01
12,305.0,13.32,29.56,4.05,79.47,20.16,10.43,12.55,6.57,2005.0,305.0,4.5,24.05,0.0,46.52,5.54,-1.89,2.92,0.82,2005.0,305.0,10.413333333333334,25.522000000000002,0.5726666666666667,66.47666666666666,13.35933333333333,3.9806666666666666,8.435333333333334,3.219333333333333,2005.0,4177.39,1749.91,612.7,1529.46,314.98,990.82,0.0
