,DOY,INSgdmax,RADmax,RAINmax,RHmax,TMAXmax,TMINmax,Tmax,WINDmax,YEAR,DOY,INSgdmin,RADmin,RAINmin,RHmin,TMAXmin,TMINmin,Tmin,WINDmin,YEAR,DOY,INSgdmean,RADmean,RAINmean,RHmean,TMAXmean,TMINmean,Tmean,WINDmean,YEAR,NDVI,EVI,RED,NIR,BLUE,MIR,pixrel
0,113.0,28.6438,32.1212,33.5638,92.5692,26.927,14.234399999999999,20.4906,5.7668,2005.0,113.0,7.419,23.9286,0.0,32.690799999999996,10.9464,-0.03739999999999999,6.9802,1.6998,2005.0,113.0,17.313280000000002,28.04088,5.943036363636363,55.42654666666667,17.481466666666662,7.158719999999999,12.61368,3.811026666666667,2005.0,4632.13,1864.91,485.82,1434.82,276.56,858.29,2.58
1,129.0,28.835,32.022400000000005,25.0132,87.75999999999999,28.091,17.650399999999998,21.628999999999998,6.5138,2005.0,129.0,5.918,24.5336,0.0,27.727,11.0504,-0.41879999999999995,6.287599999999999,1.4189999999999998,2005.0,129.0,20.033733333333334,28.482693333333334,4.3435733333333335,59.33710666666668,20.59104,9.027026666666666,14.932853333333334,3.8343066666666665,2005.0,4970.67,2033.63,470.36,1486.09,276.07,797.59,0.04
2,145.0,31.3198,31.948,13.9478,63.32040000000001,30.4952,19.2636,23.9094,5.2612000000000005,2005.0,145.0,4.447,25.7108,0.0,29.5438,22.635199999999998,10.680200000000001,17.1016,2.0504,2005.0,145.0,21.38172,29.23918666666666,2.21436,44.11632,25.88357333333333,14.357893333333333,20.179800000000004,3.7304399999999998,2005.0,6216.96,3142.1,447.38,2068.45,281.92,749.49,0.0
3,161.0,32.486999999999995,34.5086,18.936999999999998,80.4596,31.788199999999996,21.0064,24.749200000000002,5.9670000000000005,2005.0,161.0,4.792,27.349800000000002,0.0,38.5008,23.584400000000002,12.1018,20.255200000000002,1.2982,2005.0,161.0,21.822893333333333,32.29278666666667,5.026893333333332,66.60853333333333,28.33141333333333,17.712253333333337,23.00696,3.4551466666666664,2005.0,7134.63,3863.21,325.32,2331.32,221.24,596.59,0.0
4,177.0,32.2662,35.3968,25.647999999999996,68.0694,35.8662,23.6542,28.768,4.6454,2005.0,177.0,14.553200000000002,27.864400000000003,0.0,45.949999999999996,26.803199999999997,12.8612,21.3682,1.2696,2005.0,177.0,25.815773333333333,32.61121333333334,5.228706666666667,55.97503999999999,32.17736,19.54609333333334,25.794386666666668,2.815946666666666,2005.0,7149.34,3906.02,325.79,2350.0,224.74,580.87,0.0
5,193.0,29.762800000000006,34.3686,11.247,55.914,36.53,22.899,29.137399999999996,4.2704,2005.0,193.0,23.224800000000002,28.9042,0.0,32.298,30.270799999999998,14.5082,22.3716,0.9832,2005.0,193.0,26.65561333333334,32.19804,1.28812,44.08758666666667,33.76170666666666,19.881346666666666,26.92722666666667,2.43344,2005.0,7069.48,3728.35,316.69,2221.72,229.28,535.14,0.01
6,209.0,29.4442,36.831199999999995,9.345600000000001,82.4896,39.1834,25.4498,31.7772,4.4288,2005.0,209.0,2.6248,29.891199999999998,0.0,39.764399999999995,24.684800000000003,10.7666,18.3306,1.516,2005.0,209.0,20.75108,34.14606666666666,2.1906933333333334,55.86378666666667,33.83817333333333,20.335413333333335,26.769959999999998,2.844386666666667,2005.0,7134.97,3713.85,320.84,2220.79,221.4,562.93,0.07
7,225.0,28.863800000000005,35.971000000000004,28.099600000000002,73.68719999999999,35.7868,23.013800000000003,28.195999999999998,3.2119999999999997,2005.0,225.0,4.7376000000000005,28.458000000000002,0.0,40.961600000000004,24.874,14.591800000000003,21.2446,0.6738000000000001,2005.0,225.0,20.938720000000004,32.61074666666667,6.190013333333333,56.61669333333333,31.205799999999996,18.833039999999997,24.903586666666666,2.027546666666667,2005.0,7118.16,3243.39,282.12,1898.77,185.96,490.38,0.01
8,241.0,25.3106,34.647400000000005,14.119200000000001,83.0732,33.9012,20.9502,26.129199999999997,3.639,2005.0,241.0,8.0608,29.1154,0.0,35.5854,23.8684,13.020400000000002,21.3392,1.1303999999999998,2005.0,241.0,19.593293333333335,31.5366,1.9944133333333336,56.421413333333334,29.453386666666667,16.977173333333333,23.105799999999995,2.3475200000000003,2005.0,6860.47,3007.55,297.55,1780.58,194.23,487.51,0.0
9,257.0,21.745600000000003,35.3094,12.044599999999999,85.0582,34.7924,24.360599999999998,28.6558,4.2014,2005.0,257.0,6.043,29.2244,0.0,43.9384,18.084200000000003,9.134599999999999,14.8106,1.2846000000000002,2005.0,257.0,16.846666666666668,31.932959999999994,3.3265466666666663,62.677440000000004,28.304026666666665,16.80369333333333,22.627733333333335,2.7198,2005.0,6175.33,2675.71,359.81,1721.43,203.9,509.18,2.55
10,273.0,19.556,34.333800000000004,24.517400000000002,87.1248,26.968400000000003,21.3114,23.705999999999996,4.8866,2005.0,273.0,3.0656000000000003,26.111799999999995,0.0,60.359,8.4436,3.0106,5.1718,1.69,2005.0,273.0,12.15196,30.920799999999993,3.1106533333333335,76.97154666666667,21.143573333333336,11.998840000000001,16.641546666666663,3.4781866666666668,2005.0,5494.31,2098.79,365.36,1409.23,211.93,547.47,2.56
11,289.0,16.9898,30.101,20.674000000000003,84.9828,25.904400000000003,14.132000000000001,19.287200000000006,4.574,2005.0,289.0,1.9804,25.8742,0.0,34.283,8.2714,2.6776,5.4148000000000005,1.3854,2005.0,289.0,12.039279999999998,27.602466666666665,2.1669466666666666,65.89794666666666,16.98325333333333,7.837720000000001,12.300919999999998,2.7757066666666668,2005.0,5365.19,1846.47,339.24,1213.97,213.36,520.7,0.02
12,305.0,14.261800000000001,29.4742,7.6815999999999995,93.57159999999999,20.7738,12.5318,14.9116,4.6998,2005.0,305.0,4.711,23.4936,0.0,44.242000000000004,8.2894,0.1238,4.612,1.0874000000000001,2005.0,305.0,10.593413333333332,26.22630666666667,1.3467600000000002,67.35650666666666,15.199133333333332,5.486839999999999,10.254466666666666,2.88452,2005.0,5426.81,1630.95,318.02,1075.42,213.93,432.09,0.1
