,DOY,INSgdmax,RADmax,RAINmax,RHmax,TMAXmax,TMINmax,Tmax,WINDmax,YEAR,DOY,INSgdmin,RADmin,RAINmin,RHmin,TMAXmin,TMINmin,Tmin,WINDmin,YEAR,DOY,INSgdmean,RADmean,RAINmean,RHmean,TMAXmean,TMINmean,Tmean,WINDmean,YEAR,NDVI,EVI,RED,NIR,BLUE,MIR,pixrel
0,113.0,28.168999999999997,31.7745,25.1815,91.65350000000001,26.5855,15.5105,20.476,6.645499999999999,2005.0,113.0,7.177,24.052,0.0,31.8975,11.554000000000002,0.7055,7.5264999999999995,2.2775,2005.0,113.0,16.768533333333334,28.224500000000003,6.88190909090909,55.37123333333333,17.02623333333333,7.405233333333334,12.519599999999999,4.369566666666667,2005.0,4467.91,2804.96,1018.9,2685.31,519.37,2103.86,0.03
1,129.0,28.7925,32.04,24.5015,92.518,27.521500000000003,17.355,20.890500000000003,7.182,2005.0,129.0,7.0225,24.393,0.0,28.595000000000002,11.1645,0.9784999999999999,6.800000000000001,2.586,2005.0,129.0,19.461166666666664,28.527166666666666,4.7207333333333334,62.2316,19.758766666666663,9.390300000000002,14.678899999999999,4.700366666666667,2005.0,4631.95,3202.12,1163.0,3151.39,588.66,2451.38,0.47
2,145.0,31.18,32.543499999999995,15.6005,63.044,30.883000000000003,20.051000000000002,23.752499999999998,5.9945,2005.0,145.0,8.1245,25.0235,0.0,29.717999999999996,21.919,11.205499999999999,17.0715,2.0745,2005.0,145.0,21.738766666666667,29.008333333333333,2.8415666666666666,45.43423333333334,25.942300000000003,14.380433333333333,20.188533333333332,4.0893,2005.0,5147.76,3670.72,1060.97,3347.99,546.83,2214.36,0.99
3,161.0,32.131,33.4295,32.447500000000005,86.101,29.831,19.839000000000002,23.788,6.441,2005.0,161.0,10.717500000000001,28.585,0.0,48.729,23.4195,13.067500000000003,19.431,0.8365,2005.0,161.0,20.995700000000003,31.89163333333333,7.294133333333333,72.73256666666667,26.388266666666667,16.6343,21.240233333333336,3.7550333333333334,2005.0,6498.49,4654.22,754.35,3552.15,403.81,1637.69,0.17
4,177.0,31.476999999999997,36.016,18.780499999999996,72.7275,34.2945,23.5605,27.955,5.6905,2005.0,177.0,13.305,28.0295,0.0,43.027,26.734,14.5735,20.3695,1.4029999999999998,2005.0,177.0,25.13086666666667,32.6605,5.748266666666668,57.91106666666665,31.589333333333336,19.943599999999996,25.419566666666668,3.849966666666667,2005.0,7432.21,5395.37,550.65,3745.76,302.86,1176.31,0.09
5,193.0,29.872999999999998,34.457,10.532,57.6335,34.946,22.9805,28.644,4.6325,2005.0,193.0,22.892000000000003,29.521499999999996,0.0,37.552499999999995,28.5885,14.226500000000001,22.055,0.9655,2005.0,193.0,26.513533333333328,32.4092,1.1733333333333331,49.96766666666666,32.56953333333333,19.69756666666667,26.272866666666665,2.7888333333333337,2005.0,7896.71,5937.74,452.25,3984.17,250.35,972.08,0.0
6,209.0,28.8875,35.871,16.244500000000002,81.83200000000001,39.705,25.4335,31.7295,5.654999999999999,2005.0,209.0,12.193999999999999,30.8185,0.0,36.861000000000004,23.0205,10.7725,16.517,2.096,2005.0,209.0,21.261433333333333,33.91850000000001,3.1680666666666664,55.231566666666666,32.8522,20.2357,26.204200000000004,3.835233333333333,2005.0,8193.89,6055.58,374.21,3941.2,207.17,807.69,0.18
7,225.0,28.646,35.3325,22.336,76.0515,32.4385,20.887,26.189999999999998,3.8715,2005.0,225.0,7.584,29.148000000000003,0.0,42.1495,23.317,11.677,18.062,0.794,2005.0,225.0,20.7839,32.18886666666667,5.080933333333332,64.42206666666668,28.834733333333336,17.123333333333328,22.916999999999998,2.3593333333333333,2005.0,8109.02,5936.49,388.92,3879.26,215.88,837.29,0.04
8,241.0,25.153,34.3815,12.5615,88.49700000000001,30.8855,20.448,24.324999999999996,4.8465,2005.0,241.0,8.052,29.154500000000002,0.0,35.400999999999996,22.8415,11.5505,20.8865,0.6809999999999999,2005.0,241.0,18.882733333333334,31.74386666666667,1.9051666666666667,62.10143333333334,27.952433333333335,16.2528,22.049466666666667,2.690166666666667,2005.0,6847.46,4555.25,584.93,3202.89,320.19,1068.57,0.89
9,257.0,21.696,35.6715,28.1315,84.725,34.8375,23.3145,27.978,6.2585,2005.0,257.0,8.5415,29.158500000000004,0.0,43.352500000000006,20.911,7.5565,15.159,0.9735,2005.0,257.0,17.048099999999998,31.701633333333334,3.0502666666666656,66.92956666666666,26.902800000000006,16.02903333333333,21.35023333333333,3.575966666666667,2005.0,5033.16,3077.32,880.01,2662.47,460.33,1543.99,0.0
10,273.0,19.431,34.392,9.0835,91.076,25.297,21.054499999999997,22.747,6.299,2005.0,273.0,3.2675,24.3385,0.0,52.342,6.564,1.8805,3.6945,2.3600000000000003,2005.0,273.0,12.345133333333333,30.424733333333336,1.3078333333333332,77.6549,19.6241,11.199433333333333,15.461733333333335,4.480666666666666,2005.0,4198.75,2412.85,969.24,2357.73,499.99,1745.32,0.0
11,289.0,16.528499999999998,30.412999999999997,11.1775,91.57,26.7855,14.402999999999999,18.407500000000002,5.5565,2005.0,289.0,4.541,25.892000000000003,0.0,43.5415,8.308000000000002,2.1955,5.0585,1.7910000000000001,2005.0,289.0,11.419500000000001,27.64953333333333,1.9175666666666666,68.66843333333333,16.030766666666665,7.360966666666665,11.285433333333334,3.1304333333333334,2005.0,3575.13,2042.93,1114.3,2316.82,563.55,1906.54,0.0
12,305.0,13.9,28.2445,3.8845,83.971,20.720999999999997,10.296000000000001,12.933499999999999,5.98,2005.0,305.0,5.561,23.777,0.0,45.335,5.3695,-1.8924999999999998,2.5615,0.7144999999999999,2005.0,305.0,11.351333333333333,25.751766666666672,0.5876666666666667,67.2232,14.25773333333333,4.427866666666667,8.9871,3.165333333333333,2005.0,3283.56,2005.89,1281.09,2504.03,642.5,2099.17,0.1
