,DOY,INSgdmax,RADmax,RAINmax,RHmax,TMAXmax,TMINmax,Tmax,WINDmax,YEAR,DOY,INSgdmin,RADmin,RAINmin,RHmin,TMAXmin,TMINmin,Tmin,WINDmin,YEAR,DOY,INSgdmean,RADmean,RAINmean,RHmean,TMAXmean,TMINmean,Tmean,WINDmean,YEAR,NDVI,EVI,RED,NIR,BLUE,MIR,pixrel
0,113.0,28.8686,31.811599999999995,20.4406,83.0168,26.688,13.555800000000001,19.852,5.4746000000000015,2005.0,113.0,8.5432,24.001600000000003,0.0,34.9284,10.3134,0.0778,6.2898,2.0347999999999997,2005.0,113.0,17.79450666666667,27.59336,3.4591090909090916,54.60914666666666,16.109813333333335,6.082906666666666,11.323786666666665,3.7619999999999996,2005.0,5598.02,2508.09,518.69,1816.73,263.26,874.4,0.0
1,129.0,29.4824,32.2942,27.621000000000002,92.1344,26.1046,17.104999999999997,21.172400000000003,7.0738,2005.0,129.0,4.2842,23.296599999999998,0.0,25.746000000000002,9.5606,-0.30839999999999995,5.363,2.1750000000000003,2005.0,129.0,18.24270666666667,27.74024,4.593719999999999,59.22126666666667,18.620319999999996,8.252466666666669,13.588946666666667,4.154786666666667,2005.0,5609.13,2596.45,534.59,1879.76,281.31,793.86,0.37
2,145.0,31.184200000000004,31.6824,9.1164,66.9862,28.7588,19.505,23.3266,6.2904,2005.0,145.0,2.8588,26.012600000000003,0.0,35.19740000000001,20.189,9.9368,15.534999999999998,2.1475999999999997,2005.0,145.0,20.20483999999999,28.92612,2.1148933333333333,46.57233333333334,24.411506666666664,13.59486666666667,19.116506666666666,3.852959999999999,2005.0,7005.73,3959.64,458.65,2593.66,250.05,778.99,0.0
3,161.0,32.8234,34.2592,23.7314,79.9114,30.5642,20.189999999999998,24.1102,5.7658,2005.0,161.0,7.533799999999999,26.266399999999997,0.0,36.9402,22.509,12.7284,19.390600000000003,1.8196,2005.0,161.0,21.016306666666665,31.934520000000003,4.898759999999999,65.69492000000001,27.37170666666666,16.82344,22.073066666666673,3.6192133333333336,2005.0,7815.58,4875.61,368.22,3035.68,215.51,661.19,0.0
4,177.0,31.695,35.726,21.8778,74.35379999999999,35.055800000000005,23.2806,28.6072,6.106800000000001,2005.0,177.0,10.5886,27.845,0.0,43.694799999999994,24.683999999999997,10.876800000000001,19.468,1.6038,2005.0,177.0,24.224146666666666,32.38786666666667,5.247919999999999,58.67145333333334,30.80729333333334,19.170533333333335,25.073093333333333,3.326533333333333,2005.0,8069.03,4917.88,316.79,2980.65,184.47,583.24,0.01
5,193.0,29.695799999999995,33.6558,13.602000000000002,60.1042,35.0812,23.4434,28.6858,5.2048,2005.0,193.0,22.692400000000003,28.902400000000004,0.0,34.2036,27.133000000000003,14.291,21.046,1.331,2005.0,193.0,26.755986666666665,31.79453333333333,1.1659599999999999,46.26352,32.41785333333333,19.48225333333334,26.127026666666666,2.5333333333333337,2005.0,8049.97,4930.65,320.31,2994.47,187.68,586.64,0.0
6,209.0,28.9232,35.8134,17.360400000000002,78.0626,38.3678,25.436,31.6114,4.9274000000000004,2005.0,209.0,2.1448,29.9148,0.0,40.909000000000006,23.8204,10.3026,17.1628,1.0596,2005.0,209.0,20.087266666666665,33.826906666666666,5.154293333333333,59.602360000000004,32.205000000000005,19.572493333333327,25.626973333333336,3.0301066666666676,2005.0,8054.49,4552.83,289.56,2691.65,172.67,517.45,0.0
7,225.0,28.7582,33.9434,24.284399999999998,74.6742,33.4184,21.314000000000004,26.5334,3.454,2005.0,225.0,8.742400000000002,27.6264,0.0,42.070800000000006,24.7038,12.5308,18.6674,1.1714,2005.0,225.0,21.36766666666667,31.36633333333333,4.630933333333333,61.02174666666666,28.963973333333332,16.88745333333333,22.812466666666666,2.2084266666666665,2005.0,8000.44,3974.6,254.46,2292.9,140.28,475.12,0.01
8,241.0,24.6116,33.5176,33.7302,88.25619999999999,32.909,19.761,25.308999999999997,4.5478,2005.0,241.0,9.885000000000002,27.9958,0.0,36.582,23.777600000000003,11.357800000000001,18.5492,1.5274,2005.0,241.0,19.623920000000002,30.465920000000004,3.3336533333333334,57.01430666666667,28.022933333333334,14.924333333333335,21.628013333333335,2.6959599999999995,2005.0,7607.08,3652.31,297.13,2162.47,163.09,523.42,0.0
9,257.0,21.311000000000003,35.7852,24.544,84.67999999999999,33.718199999999996,23.845,27.378400000000003,4.682599999999999,2005.0,257.0,8.296,29.067400000000003,0.0,46.66480000000001,21.358999999999998,8.440999999999999,15.686,0.9034000000000001,2005.0,257.0,16.33457333333333,31.77692,3.49884,63.61958666666666,27.292000000000005,15.556746666666664,21.48562666666667,2.8333733333333337,2005.0,7330.42,3425.67,325.11,2067.6,177.02,545.69,0.0
10,273.0,18.866600000000002,33.7408,9.4262,89.198,25.532400000000003,21.2264,22.973799999999997,5.1486,2005.0,273.0,2.9914,25.4092,0.0,57.578799999999994,7.6184,1.5922,4.1524,1.9285999999999999,2005.0,273.0,11.46696,30.230933333333336,1.7963466666666665,75.83826666666666,19.884919999999997,10.76628,15.45208,3.7735733333333337,2005.0,6228.67,2551.61,397.06,1693.94,184.52,609.16,0.0
11,289.0,16.459,29.594199999999997,5.6450000000000005,85.9036,24.983599999999996,14.297600000000001,17.6614,4.5058,2005.0,289.0,4.6015999999999995,25.9026,0.0,40.272400000000005,8.661000000000001,3.0966000000000005,5.9664,1.6844,2005.0,289.0,11.955786666666667,27.138426666666668,0.8906266666666667,64.63763999999999,15.470426666666668,7.337493333333333,11.25496,2.8544533333333333,2005.0,5709.55,2101.91,390.08,1423.79,198.14,640.78,0.0
12,305.0,13.469,29.0876,7.7176,85.11519999999999,19.9282,11.5216,12.556199999999999,4.6518,2005.0,305.0,3.8068,23.253800000000002,0.0,44.3724,8.2822,0.48900000000000005,4.9628000000000005,1.0886,2005.0,305.0,9.916079999999997,25.773799999999998,1.33548,66.13684,13.577146666666671,4.57704,9.048039999999999,2.9057066666666667,2005.0,5922.22,1883.22,320.58,1229.78,147.85,606.71,0.0
