,DOY,INSgdmax,RADmax,RAINmax,RHmax,TMAXmax,TMINmax,Tmax,WINDmax,YEAR,DOY,INSgdmin,RADmin,RAINmin,RHmin,TMAXmin,TMINmin,Tmin,WINDmin,YEAR,DOY,INSgdmean,RADmean,RAINmean,RHmean,TMAXmean,TMINmean,Tmean,WINDmean,YEAR,NDVI,EVI,RED,NIR,BLUE,MIR,pixrel
0,113.0,28.331000000000003,32.054,24.4802,82.0215,26.8123,13.829699999999999,20.1737,5.3826,2005.0,113.0,4.8073999999999995,23.8093,0.0,35.6356,9.4707,0.4696,5.8367,1.7369,2005.0,113.0,16.61658,27.805400000000002,4.029436363636364,54.06297333333334,16.377666666666663,6.157206666666665,11.5337,3.51546,2005.0,4800.05,2005.32,551.29,1592.48,276.82,1049.94,0.0
1,129.0,29.2643,32.288199999999996,19.4129,86.43,26.1812,15.9885,20.0158,6.175700000000001,2005.0,129.0,5.5146,23.5396,0.0,25.1655,10.1438,-0.3191,5.589700000000001,1.8019,2005.0,129.0,17.46282,28.204813333333334,4.193533333333333,57.88578666666666,19.008053333333333,8.279593333333333,13.73864,3.7369266666666663,2005.0,5148.99,2260.18,539.96,1713.96,280.36,927.77,0.24
2,145.0,31.4876,31.4034,11.7732,68.7233,29.0387,19.5438,22.9528,5.5574,2005.0,145.0,4.1234,26.106499999999997,0.0,34.0364,20.8128,9.9103,15.403300000000002,2.0961999999999996,2005.0,145.0,20.1181,28.889860000000002,2.217313333333333,45.531653333333324,24.50810666666667,13.401286666666664,19.10914,3.60668,2005.0,7121.68,4080.37,436.03,2667.23,238.88,815.18,0.0
3,161.0,32.7752,34.0133,12.6893,79.24210000000001,31.786500000000004,20.655700000000003,24.8399,5.5999,2005.0,161.0,4.3453,26.397499999999997,0.0,36.3333,22.8008,12.1598,19.863300000000002,1.1601,2005.0,161.0,21.17964666666667,31.868953333333334,3.5696666666666674,64.57074,27.9805,17.44448,22.656193333333334,3.4637999999999995,2005.0,8169.05,5292.97,304.47,3273.93,177.91,657.38,0.0
4,177.0,32.1841,35.0474,19.3866,73.2474,35.4441,22.6637,28.6145,5.3934,2005.0,177.0,10.6381,27.971,0.0,44.0459,24.833199999999998,10.9223,19.7969,1.4613,2005.0,177.0,24.172966666666667,32.262179999999994,4.47678,57.52083333333333,31.344086666666666,18.78858,25.133599999999998,2.8885333333333327,2005.0,8247.26,5364.24,287.29,3296.22,169.87,643.97,0.01
5,193.0,30.835800000000003,34.1914,9.541400000000001,61.2726,35.7696,23.83,28.871499999999997,4.918100000000001,2005.0,193.0,22.8275,28.9333,0.0,29.9433,28.073,14.8093,21.6145,1.0139,2005.0,193.0,26.94430666666667,31.98246,1.1463866666666669,45.13755333333334,32.9951,19.72292,26.51418,2.457093333333334,2005.0,8435.31,4890.11,225.21,2846.31,130.65,494.83,0.0
6,209.0,29.0993,36.0789,14.921999999999997,79.8352,37.925399999999996,24.530900000000003,30.702099999999998,4.3911,2005.0,209.0,7.043500000000001,30.1732,0.0,41.783899999999996,24.2132,10.922,17.9825,1.3647,2005.0,209.0,21.0548,33.782853333333335,4.752706666666666,59.94672666666666,32.333106666666666,19.796173333333336,25.801826666666667,2.7156866666666675,2005.0,8107.73,4710.1,267.28,2791.59,157.81,536.74,0.3
7,225.0,28.7925,34.9756,26.8793,68.7475,34.7645,21.6038,27.8082,3.2015000000000002,2005.0,225.0,6.9908,27.7772,0.0,41.1998,26.1729,13.9143,20.641,0.7864,2005.0,225.0,21.229480000000002,31.762766666666664,4.478880000000001,55.59658666666667,30.463720000000002,17.877453333333335,24.0958,2.02716,2005.0,8016.84,4258.04,239.14,2468.59,132.1,497.04,0.01
8,241.0,24.9191,33.9124,39.156,86.23840000000001,33.376,19.6758,26.3089,4.1403,2005.0,241.0,6.989700000000001,27.3815,0.0,34.9298,25.2175,12.509799999999998,19.6099,1.4542000000000002,2005.0,241.0,19.032513333333334,30.282160000000005,3.82774,54.25935333333333,28.602513333333334,15.68982,22.154786666666666,2.619373333333333,2005.0,7255.75,3912.4,350.61,2417.35,200.83,600.98,0.01
9,257.0,20.9281,36.057900000000004,29.9837,84.47,34.491,23.8741,27.980799999999995,4.315,2005.0,257.0,6.892799999999999,27.799099999999996,0.0,45.9311,21.0768,8.5123,15.5792,1.1978,2005.0,257.0,16.600173333333334,31.73862,4.750846666666667,61.55236000000001,27.93999333333333,16.166479999999996,22.13834,2.599753333333333,2005.0,6725.26,3267.57,380.21,2094.08,194.5,640.48,0.0
10,273.0,19.0532,34.2199,9.5944,86.9976,27.200599999999998,21.221000000000004,23.426,4.680299999999999,2005.0,273.0,3.0399000000000003,25.421599999999998,0.0,54.6254,8.7233,2.9011,5.3522,1.8528,2005.0,273.0,11.481079999999999,30.480240000000002,1.6935600000000002,75.51883333333333,20.639553333333332,11.696733333333333,16.192253333333337,3.4284399999999993,2005.0,5751.41,2301.01,402.15,1568.97,196.59,706.57,0.01
11,289.0,16.589,30.4149,7.024100000000001,85.81139999999999,24.6352,13.4588,17.957,4.0489,2005.0,289.0,4.083900000000001,24.8891,0.0,38.2121,8.6434,3.4814,6.1156999999999995,1.2601,2005.0,289.0,11.933580000000005,26.97061333333334,0.93918,64.45674,15.876613333333333,7.589873333333333,11.708473333333336,2.6773333333333333,2005.0,5352.24,1954.3,399.84,1365.29,213.6,699.32,0.0
12,305.0,13.4188,28.9615,11.1314,92.41810000000001,19.7942,11.714400000000001,13.765699999999999,4.2754,2005.0,305.0,3.8192,22.212400000000002,0.0,42.5769,9.3351,0.8023,5.1973,1.3628,2005.0,305.0,9.583826666666667,25.915813333333332,2.2034800000000003,65.91054666666668,14.140946666666666,5.176726666666666,9.669773333333334,2.8430999999999997,2005.0,5335.98,1828.59,375.37,1270.32,190.95,653.18,0.01
