,DOY,INSgdmax,RADmax,RAINmax,RHmax,TMAXmax,TMINmax,Tmax,WINDmax,YEAR,DOY,INSgdmin,RADmin,RAINmin,RHmin,TMAXmin,TMINmin,Tmin,WINDmin,YEAR,DOY,INSgdmean,RADmean,RAINmean,RHmean,TMAXmean,TMINmean,Tmean,WINDmean,YEAR,NDVI,EVI,RED,NIR,BLUE,MIR,pixrel
0,113.0,28.2682,31.6816,29.594600000000003,91.2166,27.0062,15.893,20.931799999999996,6.219,2005.0,113.0,7.7752,24.160400000000003,0.0,31.665599999999998,11.6562,0.9238,7.792200000000001,2.3366,2005.0,113.0,16.6506,28.421760000000006,7.8022,54.25014666666665,17.464133333333333,7.78936,12.945986666666666,4.2956,2005.0,4197.62,2691.69,1127.68,2768.38,564.13,2332.64,0.03
1,129.0,28.9516,32.218599999999995,27.1154,91.4786,27.8736,17.8698,21.391800000000003,6.979800000000001,2005.0,129.0,7.164000000000001,24.436999999999998,0.0,29.951400000000007,11.471799999999998,1.0150000000000001,6.9472,2.3422,2005.0,129.0,20.1024,28.626493333333336,5.12824,61.97846666666666,20.176466666666666,9.629853333333333,15.0338,4.452146666666666,2005.0,4395.54,3129.16,1294.35,3293.75,651.58,2640.83,0.36
2,145.0,30.651199999999996,32.577,13.0304,65.303,30.8418,20.3708,24.2172,5.7572,2005.0,145.0,9.2894,25.502000000000002,0.0,29.567999999999998,22.2304,11.502,17.480800000000002,2.183,2005.0,145.0,21.868453333333335,29.292466666666666,2.18892,45.39837333333334,26.172893333333334,14.61292,20.434066666666663,3.96692,2005.0,5155.63,3704.91,1086.78,3417.03,558.32,2230.81,0.98
3,161.0,32.18,33.592,27.132600000000004,86.4512,29.8778,20.195999999999998,24.0672,6.318,2005.0,161.0,9.6592,28.543400000000005,0.0,48.727,23.840400000000002,13.4282,19.607000000000003,0.8384,2005.0,161.0,21.223666666666666,31.99590666666666,7.471253333333335,72.29793333333335,26.775773333333333,17.014879999999998,21.680733333333336,3.6902000000000004,2005.0,6360.5,4444.57,757.69,3410.3,404.65,1631.41,0.15
4,177.0,31.6382,36.053399999999996,26.1174,71.63279999999999,34.5512,23.950000000000003,28.5208,5.3522,2005.0,177.0,12.8674,28.013399999999997,0.0,43.303200000000004,26.878,14.742,20.7714,1.3948,2005.0,177.0,25.11752,32.76048,5.785933333333333,56.34343999999999,31.84316,20.176866666666665,25.753080000000004,3.595026666666667,2005.0,7517.05,5424.67,525.68,3714.9,291.21,1108.11,0.0
5,193.0,29.3312,34.6302,11.379600000000002,55.281800000000004,35.132,23.2836,28.904000000000003,4.3998,2005.0,193.0,23.183999999999997,29.696800000000003,0.0,35.6764,28.693399999999997,14.084,22.1416,0.8575999999999999,2005.0,193.0,26.389346666666665,32.45146666666666,1.2331333333333332,48.24101333333333,32.955173333333335,19.839466666666667,26.574320000000004,2.570546666666667,2005.0,8033.09,6141.12,432.88,4098.68,243.01,949.64,0.0
6,209.0,28.8532,36.179,12.414200000000001,83.4292,39.4024,25.416400000000003,31.8594,5.329599999999999,2005.0,209.0,9.0378,30.8066,0.0,36.8176,23.611399999999996,10.568,16.9692,1.9884,2005.0,209.0,21.40873333333333,34.01438666666667,2.93708,54.33516,33.253933333333336,20.404653333333332,26.560066666666668,3.5954533333333334,2005.0,8221.45,6314.36,399.15,4170.62,224.29,823.01,0.52
7,225.0,28.7132,35.6404,26.2664,78.9098,33.2294,21.4548,26.6834,3.6962,2005.0,225.0,5.405399999999999,29.4506,0.0,41.494600000000005,22.834399999999995,12.6112,18.738599999999998,0.6172,2005.0,225.0,20.568293333333333,32.51101333333334,5.729613333333333,63.494746666666664,29.314853333333332,17.664066666666663,23.446679999999994,2.2270133333333333,2005.0,8282.64,6273.83,378.34,4093.67,212.74,816.78,0.02
8,241.0,25.105199999999996,34.568200000000004,17.6846,87.4662,30.8682,20.971000000000004,24.4056,4.315999999999999,2005.0,241.0,8.741999999999999,29.528399999999998,0.0,37.739999999999995,23.296,12.208200000000001,21.2488,0.692,2005.0,241.0,19.050026666666668,31.93566666666667,2.637306666666667,62.64170666666668,28.128866666666667,16.793799999999997,22.433333333333337,2.5054533333333335,2005.0,6845.17,4696.07,618.52,3358.89,336.41,1087.48,0.77
9,257.0,21.968400000000003,35.8202,32.4088,84.55519999999999,35.047399999999996,23.801399999999997,28.0884,5.7484,2005.0,257.0,6.784,29.4924,0.0,43.099599999999995,20.3378,7.594800000000001,15.179400000000001,1.0064,2005.0,257.0,16.792106666666665,31.966586666666668,3.5645733333333323,66.49401333333334,27.171466666666667,16.4786,21.718466666666664,3.35528,2005.0,5003.46,3076.08,890.22,2673.47,467.91,1521.21,0.0
10,273.0,19.7302,34.446600000000004,15.5896,90.0566,25.720399999999998,21.2102,23.0434,5.9884,2005.0,273.0,2.6418,24.395000000000003,0.0,56.525999999999996,7.2898,2.3878000000000004,4.098800000000001,2.011,2005.0,273.0,12.548733333333333,30.640626666666666,1.8114400000000002,78.35742666666665,19.977653333333336,11.511813333333333,15.8338,4.204439999999999,2005.0,4157.85,2438.52,995.1,2417.26,505.85,1762.78,0.0
11,289.0,16.706599999999998,30.608400000000003,11.9594,91.1634,26.767200000000003,14.884400000000001,18.7662,5.3326,2005.0,289.0,3.9366,25.9852,0.0,43.4228,8.1378,2.3106,5.16,1.8134000000000001,2005.0,289.0,11.266026666666667,27.938666666666666,1.75092,69.27017333333335,16.408493333333332,7.70892,11.670373333333334,3.03228,2005.0,3581.7,2054.19,1102.66,2320.66,545.14,1914.06,0.0
12,305.0,14.0634,28.406799999999997,5.084399999999999,85.1722,20.7956,10.3278,13.4414,5.4074,2005.0,305.0,5.45,24.0066,0.0,46.1682,5.828800000000001,-1.752,2.7948,0.7242,2005.0,305.0,11.406426666666666,26.01965333333334,0.7375866666666666,67.8354,14.618546666666667,4.733413333333332,9.321000000000002,3.0689066666666664,2005.0,3200.68,2047.79,1341.79,2593.73,660.93,2187.99,0.57
