,DOY,INSgdmax,RADmax,RAINmax,RHmax,TMAXmax,TMINmax,Tmax,WINDmax,YEAR,DOY,INSgdmin,RADmin,RAINmin,RHmin,TMAXmin,TMINmin,Tmin,WINDmin,YEAR,DOY,INSgdmean,RADmean,RAINmean,RHmean,TMAXmean,TMINmean,Tmean,WINDmean,YEAR,NDVI,EVI,RED,NIR,BLUE,MIR,pixrel
0,113.0,28.588500000000003,32.2325,36.438,91.515,27.0075,13.974,20.464,5.7325,2005.0,113.0,7.194999999999999,23.667499999999997,0.0,33.2515,10.413,0.27549999999999997,6.4965,1.795,2005.0,113.0,17.2164,27.992299999999997,5.939090909090909,55.4692,17.179066666666667,6.848433333333332,12.2767,3.7843333333333335,2005.0,4430.58,1912.56,569.58,1569.08,298.64,1067.74,0.01
1,129.0,28.94,32.10849999999999,23.3745,86.19200000000001,28.0175,16.9525,21.363,6.812000000000001,2005.0,129.0,5.932,24.171,0.0,26.306000000000004,10.5275,-0.115,6.0405,1.58,2005.0,129.0,19.007766666666665,28.38133333333333,3.854833333333333,58.403866666666666,20.176966666666665,8.9112,14.674366666666668,3.909066666666667,2005.0,4815.26,2108.74,522.27,1609.09,287.33,892.98,0.03
2,145.0,31.180500000000002,31.545500000000004,13.2415,66.02799999999999,29.881999999999998,19.471500000000002,23.631500000000003,5.4285,2005.0,145.0,5.511,26.093,0.0,31.073999999999998,22.0255,10.3575,16.585,2.175,2005.0,145.0,20.9683,28.973933333333328,2.1218666666666666,44.41806666666666,25.395999999999997,14.0232,19.8123,3.7603999999999997,2005.0,6631.36,3776.04,435.39,2478.26,257.01,775.06,0.02
3,161.0,32.746,34.2125,14.225999999999999,80.5275,32.522499999999994,20.8825,24.78,5.9495,2005.0,161.0,4.4245,26.615500000000004,0.0,37.203,23.113999999999997,12.078,20.069,1.1224999999999998,2005.0,161.0,21.7997,32.1827,4.4605,65.97736666666665,28.19416666666666,17.598666666666666,22.905366666666666,3.4868333333333332,2005.0,7670.94,4667.87,299.42,2845.12,192.77,598.24,0.0
4,177.0,32.233999999999995,35.2575,23.891,69.573,35.82,23.2335,28.729499999999998,5.008,2005.0,177.0,15.889500000000002,27.975,0.0,45.8765,26.403499999999998,12.269,20.727,1.1835,2005.0,177.0,25.5242,32.44806666666667,5.484533333333334,56.62006666666666,31.928533333333334,19.265766666666664,25.584433333333337,2.8781999999999996,2005.0,7515.44,4678.06,317.24,2858.76,214.21,595.08,0.01
5,193.0,30.771500000000003,34.548500000000004,11.6215,55.137,36.2395,23.3435,29.209500000000002,4.619,2005.0,193.0,23.845,28.879000000000005,0.0,30.985500000000002,29.7185,14.7,22.205000000000002,0.93,2005.0,193.0,26.9813,32.1097,1.1857333333333333,43.7248,33.65703333333333,19.87313333333333,26.909633333333336,2.467366666666667,2005.0,7592.32,4746.05,299.91,2897.69,190.07,587.55,0.02
6,209.0,29.1915,36.62049999999999,12.168,83.73700000000001,39.024499999999996,25.1705,31.608500000000003,4.6045,2005.0,209.0,2.671,30.0655,0.0,39.826,24.573500000000003,10.670000000000002,18.136000000000003,1.6070000000000002,2005.0,209.0,20.4883,34.119699999999995,2.8905999999999996,57.29066666666667,33.4304,20.173433333333335,26.50433333333333,2.857266666666667,2005.0,7473.42,4523.05,304.25,2739.46,203.43,531.65,0.08
7,225.0,28.808500000000002,35.51950000000001,25.959,71.156,35.616,22.6505,28.136499999999998,3.0965,2005.0,225.0,5.6455,28.2445,0.0,41.6,26.204,14.267,21.3685,0.4715,2005.0,225.0,21.405900000000003,32.30456666666667,5.991866666666667,55.435,31.1176,18.465866666666667,24.74963333333333,1.9976333333333338,2005.0,7519.57,4007.36,259.61,2352.62,159.13,498.38,0.03
8,241.0,25.34,34.513,12.1725,85.9845,33.6275,20.4315,26.0305,3.6180000000000003,2005.0,241.0,7.3895,28.154999999999994,0.0,35.5315,24.364,12.403,20.838,1.1675,2005.0,241.0,19.390433333333334,30.953499999999995,2.0370666666666666,56.46873333333333,29.103199999999998,16.263966666666665,22.61253333333333,2.4217666666666666,2005.0,6868.67,3629.14,349.15,2254.23,210.94,621.95,0.01
9,257.0,21.397000000000002,35.091,13.292,85.03649999999999,34.756,24.0995,28.45,4.2105,2005.0,257.0,6.848000000000001,28.7855,0.0,44.784,19.5325,8.929499999999999,15.071000000000002,1.3105,2005.0,257.0,16.828000000000003,31.714,3.577566666666667,62.289500000000004,28.256100000000004,16.461766666666666,22.41726666666667,2.7034666666666665,2005.0,6535.08,3355.97,358.15,2133.76,202.92,603.34,2.56
10,273.0,19.3355,34.394000000000005,14.247,86.814,27.075499999999998,21.2575,23.671,4.9195,2005.0,273.0,3.2140000000000004,25.878,0.0,60.243500000000004,8.487,2.9139999999999997,5.169,1.718,2005.0,273.0,11.989,30.798299999999998,1.9281666666666664,76.54939999999999,21.018133333333335,11.807366666666669,16.4616,3.518133333333333,2005.0,5424.52,2215.7,408.46,1558.99,205.11,715.58,2.55
11,289.0,16.878500000000003,30.115000000000002,19.4175,83.9265,25.458499999999997,14.363,19.052,4.245,2005.0,289.0,1.6115,25.401,0.0,34.870999999999995,8.525500000000001,3.141,5.548500000000001,1.307,2005.0,289.0,11.9522,27.2793,1.8745333333333332,64.83693333333332,16.564933333333336,7.850366666666668,12.152566666666667,2.7814000000000005,2005.0,4898.46,1762.91,386.39,1265.94,217.33,637.31,2.68
12,305.0,14.1085,29.039499999999997,10.937999999999999,94.9135,20.522499999999997,11.815,14.188499999999998,4.445,2005.0,305.0,3.5385,23.0015,0.0,44.522,8.823500000000001,0.9855,5.1265,1.163,2005.0,305.0,10.228200000000001,26.1494,1.9139,66.43236666666667,14.962299999999999,5.489033333333333,10.165099999999999,2.9233,2005.0,4654.75,1553.51,374.46,1146.0,203.76,581.78,2.59
