,DOY,INSgdmax,RADmax,RAINmax,RHmax,TMAXmax,TMINmax,Tmax,WINDmax,YEAR,DOY,INSgdmin,RADmin,RAINmin,RHmin,TMAXmin,TMINmin,Tmin,WINDmin,YEAR,DOY,INSgdmean,RADmean,RAINmean,RHmean,TMAXmean,TMINmean,Tmean,WINDmean,YEAR,NDVI,EVI,RED,NIR,BLUE,MIR,pixrel
0,113.0,28.8755,31.808,20.500500000000002,82.954,26.689999999999998,13.5565,19.855,5.4705,2005.0,113.0,8.536,24.003000000000004,0.0,34.927,10.3095,0.0815,6.2865,2.034,2005.0,113.0,17.790866666666666,27.5938,3.446227272727273,54.58873333333332,16.113400000000002,6.083866666666666,11.325266666666666,3.758666666666666,2005.0,5402.97,2460.55,568.75,1857.09,285.57,995.69,0.0
1,129.0,29.482,32.2885,27.642500000000002,92.12200000000001,26.110500000000002,17.1025,21.172,7.0665000000000004,2005.0,129.0,4.278499999999999,23.295499999999997,0.0,25.720000000000002,9.560500000000001,-0.307,5.362500000000001,2.1725,2005.0,129.0,18.24736666666667,27.737199999999994,4.584433333333333,59.204166666666666,18.620599999999996,8.251500000000002,13.588233333333333,4.150433333333334,2005.0,5628.89,2592.66,536.87,1886.32,278.92,876.82,0.01
2,145.0,31.188500000000005,31.682,9.037,66.9985,28.759000000000004,19.512500000000003,23.325499999999998,6.287,2005.0,145.0,2.844,26.0155,0.0,35.2045,20.1875,9.934,15.532499999999999,2.148,2005.0,145.0,20.205699999999993,28.926766666666666,2.0996333333333332,46.56416666666666,24.410366666666665,13.593833333333336,19.11553333333333,3.8497999999999992,2005.0,6971.14,3979.3,470.31,2634.82,251.53,822.36,0.0
3,161.0,32.8245,34.261,23.8145,79.8795,30.5685,20.195,24.113500000000002,5.7665,2005.0,161.0,7.471500000000001,26.261999999999997,0.0,36.9385,22.512499999999996,12.727000000000002,19.395500000000002,1.8230000000000002,2005.0,161.0,21.022366666666663,31.936433333333337,4.895966666666666,65.6701,27.378199999999996,16.826866666666668,22.079000000000004,3.6179,2005.0,7919.49,4849.19,340.76,2989.73,190.17,620.35,0.0
4,177.0,31.6925,35.73,21.916499999999996,74.3515,35.0615,23.275499999999997,28.611,6.104,2005.0,177.0,10.6005,27.842499999999998,0.0,43.739,24.68,10.863999999999999,19.47,1.6065,2005.0,177.0,24.2249,32.38433333333334,5.234266666666666,58.6621,30.80696666666668,19.168333333333333,25.07346666666667,3.3223333333333325,2005.0,8008.82,4910.84,328.26,3007.59,184.71,594.14,0.0
5,193.0,29.6965,33.656499999999994,13.635,60.088499999999996,35.081,23.439500000000002,28.681499999999996,5.204000000000001,2005.0,193.0,22.732,28.897000000000002,0.0,34.203,27.142500000000002,14.297499999999998,21.05,1.3325,2005.0,193.0,26.76176666666666,31.79,1.1706333333333332,46.24526666666666,32.4191,19.47810000000001,26.126299999999997,2.531,2005.0,7951.33,4849.69,335.86,2976.92,190.58,592.68,0.05
6,209.0,28.926000000000002,35.8145,17.407,78.0705,38.3615,25.435,31.6145,4.9245,2005.0,209.0,2.034,29.909,0.0,40.912499999999994,23.826999999999998,10.3005,17.169,1.058,2005.0,209.0,20.079499999999996,33.82686666666667,5.159466666666667,59.608966666666674,32.20616666666667,19.57396666666666,25.6287,3.0265333333333344,2005.0,8000.51,4539.29,300.39,2711.94,171.07,530.36,0.0
7,225.0,28.7535,33.944500000000005,24.217,74.6135,33.432,21.320000000000004,26.539500000000004,3.455,2005.0,225.0,8.737,27.612,0.0,42.074000000000005,24.7165,12.544,18.6795,1.1745,2005.0,225.0,21.363166666666668,31.366166666666665,4.623333333333334,60.98023333333333,28.9742,16.892099999999996,22.819499999999998,2.2071333333333327,2005.0,7936.96,4039.12,273.64,2367.11,147.63,509.1,0.0
8,241.0,24.608,33.518,33.8985,88.2585,32.917500000000004,19.7575,25.312499999999996,4.5465,2005.0,241.0,9.8875,27.991500000000002,0.0,36.580000000000005,23.793,11.361500000000001,18.555999999999997,1.5295,2005.0,241.0,19.626933333333337,30.464600000000004,3.3409333333333335,56.99670000000001,28.026,14.9255,21.630233333333333,2.693966666666666,2005.0,7500.89,3671.72,322.76,2221.9,173.63,577.55,0.0
9,257.0,21.317500000000003,35.791000000000004,24.129999999999995,84.715,33.7185,23.852500000000003,27.377,4.6754999999999995,2005.0,257.0,8.3,29.0645,0.0,46.68899999999999,21.3625,8.442499999999997,15.69,0.9045000000000001,2005.0,257.0,16.338033333333332,31.77876666666667,3.4693666666666667,63.61043333333333,27.294000000000004,15.557399999999998,21.48746666666667,2.8293666666666666,2005.0,7091.89,3427.02,375.61,2158.94,196.04,635.67,0.0
10,273.0,18.8655,33.739000000000004,9.4185,89.17500000000001,25.532,21.227,22.976499999999998,5.140499999999999,2005.0,273.0,2.9845,25.415999999999997,0.0,57.609,7.627,1.5935,4.157,1.9254999999999998,2005.0,273.0,11.4578,30.232000000000003,1.7900666666666663,75.83266666666667,19.889433333333333,10.767233333333332,15.455066666666667,3.7685333333333335,2005.0,6086.84,2585.72,430.82,1766.65,201.58,686.06,0.0
11,289.0,16.4575,29.593500000000002,5.617500000000001,85.883,24.978,14.298,17.6645,4.4965,2005.0,289.0,4.608,25.905500000000004,0.0,40.282,8.6625,3.1005000000000003,5.972,1.682,2005.0,289.0,11.957266666666666,27.138133333333332,0.8933000000000001,64.61736666666667,15.473133333333335,7.340133333333333,11.2588,2.852266666666666,2005.0,5723.04,2173.42,412.02,1497.32,205.48,675.15,0.0
12,305.0,13.4625,29.088,7.693,85.131,19.9285,11.522999999999998,12.558500000000002,4.6415,2005.0,305.0,3.8089999999999997,23.241500000000002,0.0,44.352000000000004,8.2985,0.4975,4.974,1.0905000000000002,2005.0,305.0,9.911733333333332,25.77583333333333,1.3312333333333333,66.13270000000001,13.58006666666667,4.5802000000000005,9.051366666666667,2.903866666666666,2005.0,5689.85,1884.4,363.16,1284.7,170.99,640.9,0.0
