,DOY,INSgdmax,RADmax,RAINmax,RHmax,TMAXmax,TMINmax,Tmax,WINDmax,YEAR,DOY,INSgdmin,RADmin,RAINmin,RHmin,TMAXmin,TMINmin,Tmin,WINDmin,YEAR,DOY,INSgdmean,RADmean,RAINmean,RHmean,TMAXmean,TMINmean,Tmean,WINDmean,YEAR,NDVI,EVI,RED,NIR,BLUE,MIR,pixrel
0,113.0,28.69,32.18,30.46,92.67,26.99,14.1,20.52,5.75,2005.0,113.0,8.28,23.58,0.0,32.8,10.56,-0.26,6.64,1.83,2005.0,113.0,17.124000000000002,27.817999999999998,5.684545454545455,55.070666666666654,17.226666666666667,6.885999999999998,12.304,3.8426666666666667,2005.0,4312.03,1787.48,497.39,1426.75,266.32,923.34,2.55
1,129.0,28.94,31.93,25.66,87.55,28.07,16.97,21.65,6.98,2005.0,129.0,5.54,24.08,0.0,26.53,10.37,-0.15,5.96,1.65,2005.0,129.0,19.311333333333334,28.21333333333333,4.061333333333333,59.022666666666666,20.096,8.862666666666666,14.629333333333333,3.984666666666667,2005.0,4741.43,2024.73,488.95,1525.38,269.64,826.2,0.08
2,145.0,31.03,31.57,12.65,65.16,30.05,19.44,23.67,5.53,2005.0,145.0,4.72,26.03,0.0,30.43,21.98,10.55,16.69,2.21,2005.0,145.0,20.766000000000005,28.94266666666666,2.148,44.51,25.41933333333333,14.035333333333334,19.834000000000003,3.8079999999999994,2005.0,6463.37,3439.14,422.92,2247.87,262.53,715.79,0.04
3,161.0,32.76,34.16,16.9,80.51,32.12,20.83,24.64,6.03,2005.0,161.0,3.49,26.64,0.0,37.14,23.03,12.19,20.02,1.21,2005.0,161.0,21.703333333333333,32.214666666666666,4.977333333333332,66.21933333333332,28.05533333333333,17.505333333333336,22.802,3.5066666666666664,2005.0,7315.16,4185.42,274.2,2535.97,170.12,542.68,2.55
4,177.0,32.22,35.17,26.74,68.88,35.61,23.44,28.81,5.12,2005.0,177.0,16.67,27.94,0.0,46.16,26.61,12.5,20.86,1.32,2005.0,177.0,26.005333333333336,32.39533333333334,5.678666666666668,56.16599999999998,31.866,19.429333333333336,25.668666666666674,2.976666666666666,2005.0,7077.87,4185.41,298.52,2569.23,187.41,551.47,2.55
5,193.0,30.67,34.02,14.25,53.52,35.69,22.71,29.15,4.64,2005.0,193.0,24.3,28.69,0.0,32.13,29.75,14.63,22.17,1.0,2005.0,193.0,27.25733333333334,31.906,1.252,43.25066666666667,33.58866666666666,19.830666666666666,26.870666666666672,2.462,2005.0,7062.89,4048.13,301.56,2446.1,209.4,520.37,0.02
6,209.0,29.23,36.47,12.84,84.01,39.49,25.37,32.13,4.79,2005.0,209.0,2.23,29.74,0.0,39.63,24.5,10.46,17.94,1.6,2005.0,209.0,20.426,34.13066666666666,2.9713333333333334,56.618666666666655,33.529333333333334,20.241333333333333,26.572,2.942666666666667,2005.0,7152.01,4004.97,302.54,2447.54,186.3,535.59,2.66
7,225.0,28.91,35.53,27.31,72.36,35.35,22.85,27.86,3.17,2005.0,225.0,5.04,28.08,0.0,41.6,25.63,14.26,20.98,0.51,2005.0,225.0,21.436000000000003,32.208666666666666,6.293333333333333,56.27733333333334,30.845999999999993,18.267999999999997,24.514666666666663,2.0426666666666673,2005.0,6812.85,3471.76,281.5,2083.73,170.15,475.38,2.58
8,241.0,25.34,34.45,11.91,85.61,33.54,20.4,25.81,3.66,2005.0,241.0,6.91,28.33,0.0,35.64,23.44,12.13,21.02,1.08,2005.0,241.0,19.59133333333333,30.991999999999997,1.9073333333333335,56.88733333333332,28.984666666666662,16.255333333333333,22.591999999999995,2.4080000000000004,2005.0,6243.56,2898.16,281.76,1782.14,160.13,469.26,5.11
9,257.0,21.46,35.28,10.52,84.97,34.49,24.18,28.45,4.34,2005.0,257.0,7.24,29.09,0.0,44.98,19.34,8.66,15.05,1.23,2005.0,257.0,16.79066666666667,31.699999999999996,2.7186666666666666,62.356,28.14666666666667,16.345333333333333,22.339333333333332,2.766,2005.0,5616.77,2616.75,329.77,1729.52,177.87,507.63,10.21
10,273.0,19.22,34.38,15.92,86.73,26.54,21.24,23.58,5.0,2005.0,273.0,3.2,25.99,0.0,60.17,8.2,2.62,4.84,1.69,2005.0,273.0,11.94,30.70799999999999,1.8033333333333335,76.34266666666666,20.88933333333334,11.592000000000002,16.334666666666667,3.5946666666666673,2005.0,4775.75,1831.2,356.84,1333.15,171.06,573.17,10.21
11,289.0,16.7,29.66,26.05,84.42,25.56,14.3,19.01,4.28,2005.0,289.0,1.51,25.45,0.0,34.22,8.41,2.98,5.44,1.44,2005.0,289.0,11.905999999999999,27.214666666666666,2.4606666666666666,65.12066666666666,16.531333333333333,7.656000000000001,12.01,2.812666666666667,2005.0,4469.54,1565.16,411.47,1182.25,253.19,593.46,2.82
12,305.0,13.93,28.84,9.37,94.21,20.61,11.78,13.87,4.41,2005.0,305.0,3.64,23.04,0.0,44.83,8.47,0.59,4.78,1.1,2005.0,305.0,10.289333333333333,25.900666666666666,1.5939999999999999,66.73266666666666,14.839333333333332,5.276,9.964666666666666,2.9379999999999997,2005.0,4529.71,1437.39,374.28,1089.35,215.58,514.54,5.31
