,DOY,INSgdmax,RADmax,RAINmax,RHmax,TMAXmax,TMINmax,Tmax,WINDmax,YEAR,DOY,INSgdmin,RADmin,RAINmin,RHmin,TMAXmin,TMINmin,Tmin,WINDmin,YEAR,DOY,INSgdmean,RADmean,RAINmean,RHmean,TMAXmean,TMINmean,Tmean,WINDmean,YEAR,NDVI,EVI,RED,NIR,BLUE,MIR,pixrel
0,113.0,28.264000000000003,32.226,26.908,92.4,26.924,15.326,20.764,6.193999999999999,2005.0,113.0,7.324,24.056,0.0,31.738,11.354,0.6499999999999999,7.442,2.012,2005.0,113.0,16.655066666666666,28.190400000000004,7.407818181818182,54.45906666666666,17.160533333333333,7.339866666666668,12.549199999999999,4.212533333333333,2005.0,5539.27,3471.94,790.11,2799.49,416.65,1593.16,0.0
1,129.0,28.772,32.344,24.344,91.818,28.296,17.552,21.368000000000002,7.272,2005.0,129.0,6.552,24.29,0.0,28.631999999999998,10.616,0.44599999999999995,6.401999999999999,2.252,2005.0,129.0,19.549999999999997,28.495066666666666,4.588,61.14106666666667,19.882133333333336,9.275466666666668,14.7136,4.465466666666666,2005.0,6193.52,4324.55,764.3,3344.34,412.78,1477.25,0.19
2,145.0,31.204,32.358000000000004,14.984000000000002,63.512,30.338,19.866,24.002000000000002,5.789999999999999,2005.0,145.0,7.4239999999999995,25.131999999999998,0.0,29.384,21.878,11.008000000000001,16.964,2.066,2005.0,145.0,21.168666666666667,29.022533333333328,2.4235999999999995,45.64026666666666,25.644933333333334,14.263866666666669,20.026666666666667,4.030266666666667,2005.0,6889.94,4943.68,654.19,3606.16,351.85,1365.17,0.3
3,161.0,32.312,33.644,31.708,85.116,30.134,20.102,24.044,6.176,2005.0,161.0,11.864,28.4,0.0,43.647999999999996,23.35,13.150000000000002,19.578000000000003,0.958,2005.0,161.0,21.47866666666667,31.945199999999993,7.730533333333334,71.048,26.808933333333336,16.912266666666667,21.677466666666668,3.673466666666666,2005.0,7298.14,5127.91,555.93,3566.87,301.47,1163.63,0.33
4,177.0,31.839999999999996,35.918000000000006,18.512,71.71799999999999,34.534000000000006,23.748000000000005,28.518,5.298,2005.0,177.0,14.354,27.983999999999998,0.0,42.37,26.689999999999998,14.332,20.532,1.434,2005.0,177.0,25.2612,32.69306666666667,5.494533333333334,56.73226666666665,31.6916,20.0004,25.63106666666667,3.5752,2005.0,7570.98,5007.84,451.24,3292.6,246.3,904.11,0.24
5,193.0,29.866,34.480000000000004,9.894,54.33800000000001,35.222,23.382,28.948,4.55,2005.0,193.0,23.119999999999997,29.240000000000002,0.0,34.358,28.532,14.26,22.036,0.9380000000000001,2005.0,193.0,26.458533333333335,32.294666666666664,1.044,46.7928,32.9088,19.89186666666667,26.60226666666667,2.617466666666667,2005.0,7094.84,4799.59,566.54,3335.0,309.84,1137.57,0.01
6,209.0,28.816000000000003,35.984,13.464000000000002,82.738,39.428000000000004,25.48,31.938,5.386,2005.0,209.0,8.536,30.548000000000002,0.0,37.54599999999999,23.491999999999997,10.576,16.897999999999996,1.934,2005.0,209.0,21.2172,34.00893333333334,2.7646666666666664,55.248266666666666,33.059200000000004,20.32893333333333,26.381466666666668,3.5405333333333333,2005.0,7365.43,5000.57,515.36,3399.56,283.7,1019.77,0.39
7,225.0,28.772,35.408,23.259999999999998,75.316,33.174,21.506,26.578,3.596,2005.0,225.0,6.556000000000001,29.136000000000003,0.0,41.634,23.838,12.370000000000001,18.886,0.636,2005.0,225.0,20.904933333333332,32.1904,5.217599999999999,62.10586666666667,29.29293333333333,17.383466666666664,23.331333333333333,2.2296,2005.0,7227.04,4727.61,511.94,3203.2,278.7,999.14,0.01
8,241.0,25.061999999999998,34.576,12.262,86.14600000000002,31.482,20.576,24.56,4.2299999999999995,2005.0,241.0,8.608,29.342,0.0,36.304,22.472,11.748,21.012,0.79,2005.0,241.0,19.30826666666667,31.647066666666667,2.0070666666666668,60.55106666666667,28.166800000000002,16.2824,22.23986666666667,2.5609333333333333,2005.0,7029.59,4588.85,551.21,3170.17,297.54,1090.89,0.45
9,257.0,21.682000000000002,35.95399999999999,28.842,83.71600000000001,34.808,23.892,28.024,5.498,2005.0,257.0,7.1899999999999995,29.352000000000004,0.0,43.730000000000004,20.878,7.564,15.296,0.948,2005.0,257.0,16.7384,31.8428,3.6074666666666664,65.2712,27.321200000000005,16.209999999999997,21.686,3.2607999999999997,2005.0,6198.6,3655.36,621.86,2660.82,322.51,1270.91,0.0
10,273.0,19.592,34.432,13.65,89.86,25.72,21.136000000000003,23.048000000000002,5.83,2005.0,273.0,2.698,24.82,0.0,56.06399999999999,7.101999999999999,2.204,4.018,2.068,2005.0,273.0,12.155999999999999,30.55773333333333,1.8474666666666666,77.4448,19.942,11.273866666666667,15.710533333333334,4.1888,2005.0,5722.71,3278.53,673.31,2490.3,357.21,1301.88,0.0
11,289.0,16.677999999999997,30.162,11.748,89.994,26.392,14.71,18.45,5.167999999999999,2005.0,289.0,3.8999999999999995,25.864,0.0,40.608000000000004,8.138,2.468,5.236000000000001,1.8160000000000003,2005.0,289.0,11.4952,27.686666666666667,1.6090666666666666,67.968,16.122,7.460266666666666,11.455466666666668,3.0317333333333334,2005.0,5172.38,2789.02,708.25,2240.55,371.42,1341.84,0.0
12,305.0,13.972000000000001,28.54,5.030000000000001,87.48,20.552,10.91,12.916,5.356,2005.0,305.0,4.9719999999999995,24.108,0.0,46.242,6.218,-1.8079999999999998,3.154,0.754,2005.0,305.0,10.979733333333332,26.011600000000005,0.6419999999999999,67.72546666666666,14.207999999999998,4.622133333333332,9.167733333333333,3.0697333333333336,2005.0,4675.88,2557.85,814.43,2254.69,421.23,1405.74,0.0
