,DOY,INSgdmax,RADmax,RAINmax,RHmax,TMAXmax,TMINmax,Tmax,WINDmax,YEAR,DOY,INSgdmin,RADmin,RAINmin,RHmin,TMAXmin,TMINmin,Tmin,WINDmin,YEAR,DOY,INSgdmean,RADmean,RAINmean,RHmean,TMAXmean,TMINmean,Tmean,WINDmean,YEAR,NDVI,EVI,RED,NIR,BLUE,MIR,pixrel
0,113.0,28.4,32.33,47.54,89.37,27.04,13.74,20.36,5.7,2005.0,113.0,5.18,23.83,0.0,34.09,10.14,1.27,6.23,1.73,2005.0,113.0,17.387999999999998,28.316,6.411818181818182,56.20933333333334,17.090666666666667,6.778666666666664,12.225999999999999,3.676,2005.0,4387.22,1472.02,347.82,1073.71,196.73,659.93,0.06
1,129.0,28.94,32.44,19.13,83.67,27.92,16.92,20.83,6.5,2005.0,129.0,6.66,24.34,0.0,25.89,10.82,-0.05,6.19,1.45,2005.0,129.0,18.444,28.69333333333333,3.4713333333333334,57.254666666666665,20.327333333333332,9.001333333333331,14.758000000000003,3.7686666666666664,2005.0,4359.83,1605.43,398.02,1183.0,261.56,619.87,0.1
2,145.0,31.46,31.5,14.34,67.64,29.57,19.53,23.56,5.24,2005.0,145.0,6.98,26.21,0.0,32.27,22.11,10.0,16.39,2.11,2005.0,145.0,21.343999999999998,29.031999999999996,2.0733333333333333,44.24733333333333,25.352666666666675,14.000666666666666,19.772,3.6719999999999997,2005.0,6394.25,2873.61,299.67,1784.56,188.32,503.23,0.02
3,161.0,32.72,34.31,9.26,80.56,33.27,20.98,25.04,5.8,2005.0,161.0,6.16,26.57,0.0,37.32,23.27,11.87,20.16,0.96,2005.0,161.0,21.978666666666673,32.12333333333333,3.500666666666667,65.528,28.452,17.772,23.097333333333335,3.45,2005.0,7258.68,3469.28,206.76,2014.47,137.0,410.62,0.0
4,177.0,32.26,35.42,18.6,70.86,36.21,22.85,28.58,4.8,2005.0,177.0,14.44,28.04,0.0,45.35,26.02,11.84,20.48,0.93,2005.0,177.0,24.63066666666667,32.546,5.1240000000000006,57.46333333333333,32.04466666666667,18.962,25.428000000000008,2.6953333333333322,2005.0,6589.39,3490.46,283.39,2091.66,216.48,459.93,0.0
5,193.0,30.96,35.53,6.74,58.14,37.26,24.52,29.32,4.58,2005.0,193.0,23.0,29.23,0.0,28.86,29.66,14.83,22.27,0.8,2005.0,193.0,26.46866666666666,32.48800000000001,1.0626666666666666,44.60533333333333,33.784,19.951999999999998,26.981999999999992,2.4773333333333336,2005.0,6886.18,3414.63,231.32,2011.33,163.88,393.75,0.0
6,209.0,29.12,36.9,10.92,83.23,38.16,24.8,30.64,4.26,2005.0,209.0,3.49,30.67,0.0,40.19,24.71,11.06,18.5,1.62,2005.0,209.0,20.604,34.099333333333334,2.740666666666667,58.53866666666667,33.24666666666667,20.047333333333334,26.378666666666668,2.6986666666666665,2005.0,7416.06,3463.95,220.15,1999.24,150.79,398.15,0.19
7,225.0,28.62,35.5,23.45,68.92,36.11,22.28,28.65,2.96,2005.0,225.0,6.77,28.55,0.0,41.6,27.27,14.28,22.09,0.4,2005.0,225.0,21.35,32.48266666666667,5.432,53.87066666666667,31.622000000000003,18.833333333333336,25.185999999999993,1.9140000000000004,2005.0,7138.03,2785.47,173.8,1552.61,115.08,294.19,0.04
8,241.0,25.34,34.63,12.66,86.68,33.79,20.49,26.44,3.54,2005.0,241.0,8.28,27.83,0.0,35.33,26.08,12.91,20.5,1.33,2005.0,241.0,19.017333333333337,30.881999999999998,2.278,55.69133333333334,29.323333333333334,16.279999999999998,22.650666666666666,2.4473333333333334,2005.0,6587.17,2721.99,269.52,1636.49,186.08,405.82,0.05
9,257.0,21.28,34.74,18.44,85.16,35.25,23.95,28.45,3.97,2005.0,257.0,6.12,28.22,0.0,44.42,19.89,9.43,15.11,1.46,2005.0,257.0,16.897333333333332,31.74,5.172666666666668,62.166000000000004,28.459333333333337,16.677999999999997,22.562,2.587333333333333,2005.0,6198.26,2406.76,236.41,1428.52,157.71,343.0,0.04
10,273.0,19.55,34.42,11.14,86.97,28.07,21.29,23.84,4.77,2005.0,273.0,3.24,25.67,0.0,60.38,9.02,3.46,5.78,1.77,2005.0,273.0,12.08,30.966000000000005,2.1599999999999997,76.93333333333334,21.25733333333333,12.207333333333333,16.697333333333333,3.3759999999999994,2005.0,5138.11,1702.47,279.8,1123.94,159.29,434.27,2.6
11,289.0,17.21,30.96,7.1,83.01,25.27,14.48,19.13,4.18,2005.0,289.0,1.8,25.31,0.0,36.08,8.74,3.44,5.75,1.06,2005.0,289.0,12.038000000000002,27.399333333333335,0.7859999999999999,64.31,16.627333333333336,8.211333333333334,12.417333333333334,2.7233333333333336,2005.0,5279.36,1432.55,258.47,929.63,166.23,423.69,0.53
12,305.0,14.44,29.41,13.85,96.22,20.36,11.88,14.78,4.51,2005.0,305.0,3.35,22.93,0.0,43.95,9.48,1.72,5.77,1.28,2005.0,305.0,10.114666666666666,26.61133333333333,2.5080000000000005,65.87466666666667,15.190666666666665,5.884666666666666,10.537333333333331,2.8959999999999995,2005.0,5191.58,1206.61,221.86,839.08,129.7,303.09,10.33
