,DOY,INSgdmax,RADmax,RAINmax,RHmax,TMAXmax,TMINmax,Tmax,WINDmax,YEAR,DOY,INSgdmin,RADmin,RAINmin,RHmin,TMAXmin,TMINmin,Tmin,WINDmin,YEAR,DOY,INSgdmean,RADmean,RAINmean,RHmean,TMAXmean,TMINmean,Tmean,WINDmean,YEAR,NDVI,EVI,RED,NIR,BLUE,MIR,pixrel
0,113.0,28.58,32.04,37.85,92.43,26.84,14.42,20.45,5.79,2005.0,113.0,6.23,24.41,0.0,32.54,11.48,0.27,7.45,1.52,2005.0,113.0,17.574666666666666,28.348666666666666,6.3,55.91800000000001,17.83333333333333,7.535333333333333,13.041333333333332,3.7673333333333336,2005.0,5417.73,2926.08,656.91,2289.16,353.97,1247.34,0.0
1,129.0,28.69,32.15,24.12,88.05,28.12,18.59,21.6,5.87,2005.0,129.0,6.44,25.16,0.0,29.38,11.99,-0.79,6.74,1.1,2005.0,129.0,21.031333333333333,28.85466666666667,4.733333333333333,59.77133333333334,21.27466666666667,9.254,15.352,3.6266666666666665,2005.0,6094.2,3420.5,544.24,2447.6,297.01,958.41,0.01
2,145.0,31.72,32.47,15.74,60.78,31.11,19.02,24.24,4.89,2005.0,145.0,4.07,25.27,0.0,28.32,23.54,10.86,17.67,1.83,2005.0,145.0,22.232000000000003,29.64866666666666,2.3059999999999996,43.57266666666667,26.52466666666667,14.803333333333335,20.657333333333337,3.6233333333333335,2005.0,6667.43,4154.78,566.41,2927.65,320.07,1052.3,0.01
3,161.0,32.11,34.99,21.75,80.39,31.33,21.25,24.9,5.88,2005.0,161.0,6.59,28.33,0.0,40.38,24.35,11.98,20.58,1.42,2005.0,161.0,21.988000000000003,32.40066666666667,5.095333333333333,67.146,28.712666666666667,17.998000000000005,23.290000000000006,3.384,2005.0,7327.15,4585.38,475.09,3064.11,270.23,959.7,0.06
4,177.0,32.33,35.71,24.14,66.95,36.22,23.95,28.71,3.99,2005.0,177.0,11.63,27.76,0.0,45.66,27.07,13.36,22.07,1.2,2005.0,177.0,25.553999999999995,32.90933333333333,4.607333333333333,55.71133333333333,32.60733333333334,19.707333333333334,25.968000000000004,2.594,2005.0,7583.35,4658.37,395.15,2963.19,232.95,795.09,0.04
5,193.0,28.51,34.85,7.1,59.22,37.69,23.16,29.12,3.76,2005.0,193.0,21.74,29.2,0.0,32.53,30.99,14.34,22.65,0.96,2005.0,193.0,25.824666666666666,32.601333333333336,1.3379999999999999,45.24333333333334,34.00066666666667,19.951333333333334,27.005333333333333,2.3939999999999997,2005.0,7146.52,4514.33,504.48,3072.4,290.86,931.57,0.05
6,209.0,29.74,37.33,4.52,80.39,38.76,25.56,31.29,3.93,2005.0,209.0,3.17,30.1,0.0,39.95,24.94,11.19,18.87,1.4,2005.0,209.0,21.200000000000003,34.16733333333333,1.1126666666666667,54.82133333333334,34.26466666666666,20.465333333333337,27.043333333333337,2.7086666666666663,2005.0,7119.83,4169.48,459.64,2748.11,263.43,892.9,0.21
7,225.0,28.8,36.58,29.19,75.52,36.39,23.24,28.66,3.27,2005.0,225.0,4.32,28.98,0.0,40.08,23.83,15.05,21.61,0.9,2005.0,225.0,20.252,33.166000000000004,6.0473333333333334,57.08533333333334,31.70266666666667,19.613333333333337,25.440666666666665,2.006666666666667,2005.0,7487.27,4393.74,398.28,2835.26,225.6,786.4,0.11
8,241.0,25.27,34.92,17.17,79.57,34.4,21.71,26.57,3.61,2005.0,241.0,9.65,30.2,0.0,35.51,24.46,14.25,21.78,1.2,2005.0,241.0,19.596,32.28866666666667,2.114666666666667,55.778,30.10066666666667,17.973999999999997,23.815333333333328,2.2640000000000002,2005.0,7235.65,4025.93,409.09,2601.43,233.69,818.43,0.01
9,257.0,22.14,35.35,14.15,85.18,35.21,24.61,28.94,4.01,2005.0,257.0,4.39,29.41,0.0,42.5,16.35,9.79,14.48,1.36,2005.0,257.0,16.923999999999996,32.254666666666665,4.166,63.12133333333333,28.521333333333327,17.436666666666664,23.026000000000003,2.656,2005.0,6493.56,3458.14,479.55,2346.53,266.53,853.64,0.0
10,273.0,20.02,34.27,36.39,87.67,27.56,21.41,23.88,4.73,2005.0,273.0,2.88,26.28,0.0,60.62,8.78,3.55,5.63,1.69,2005.0,273.0,12.444666666666667,31.214666666666673,4.9159999999999995,77.84,21.494666666666664,12.560666666666668,17.06533333333333,3.317333333333333,2005.0,6121.17,3156.56,520.71,2250.28,279.02,987.35,0.01
11,289.0,17.39,30.71,13.25,85.76,26.38,13.9,19.67,4.98,2005.0,289.0,2.63,26.46,0.0,34.37,8.08,2.26,5.38,1.31,2005.0,289.0,12.223333333333333,28.137999999999998,1.7613333333333336,66.97133333333333,17.60733333333333,8.088666666666667,12.702666666666664,2.724666666666667,2005.0,5722.34,2836.66,549.78,2080.28,309.67,961.8,0.16
12,305.0,14.72,30.35,5.35,92.69,21.0,13.57,16.35,5.1,2005.0,305.0,6.19,24.12,0.0,43.43,8.04,-0.52,4.38,1.07,2005.0,305.0,11.01333333333333,26.676000000000002,1.0053333333333334,68.218,15.696,5.778,10.654666666666664,2.810666666666667,2005.0,5672.52,2804.1,617.72,2203.27,322.52,1035.49,0.16
