,DOY,INSgdmax,RADmax,RAINmax,RHmax,TMAXmax,TMINmax,Tmax,WINDmax,YEAR,DOY,INSgdmin,RADmin,RAINmin,RHmin,TMAXmin,TMINmin,Tmin,WINDmin,YEAR,DOY,INSgdmean,RADmean,RAINmean,RHmean,TMAXmean,TMINmean,Tmean,WINDmean,YEAR,NDVI,EVI,RED,NIR,BLUE,MIR,pixrel
0,113.0,28.557699999999997,32.6588,29.1559,92.7456,27.0467,14.6418,20.7342,5.8445,2005.0,113.0,7.6248000000000005,23.9895,0.0,32.0629,10.950600000000001,0.23770000000000002,7.062099999999999,1.8426000000000002,2005.0,113.0,16.96566,28.00826,6.661618181818181,54.37262666666666,17.254806666666667,7.108179999999999,12.44764,3.9804266666666672,2005.0,3377.33,1197.8,329.74,1031.64,168.72,555.01,17.87
1,129.0,28.5998,32.4781,26.101,89.47149999999999,28.511,17.2913,21.6689,7.1564,2005.0,129.0,6.2456,24.3068,0.0,28.0546,10.2944,-0.0429,6.0608,1.8327,2005.0,129.0,19.50705333333333,28.34395333333333,4.414553333333333,59.689206666666664,20.057780000000005,9.046626666666667,14.706613333333333,4.161066666666667,2005.0,3942.84,1612.28,389.22,1218.29,225.39,607.48,2.73
2,145.0,31.03,32.0929,13.4816,63.45270000000001,29.9744,19.2888,23.8338,5.5237,2005.0,145.0,5.784699999999999,25.437800000000003,0.0,29.8126,21.790999999999997,10.6949,16.790800000000004,2.1344,2005.0,145.0,20.773980000000005,29.052706666666662,2.1605999999999996,45.13033999999999,25.431933333333333,14.113033333333334,19.892380000000003,3.9003999999999994,2005.0,5389.88,2580.61,650.77,2007.85,510.96,673.11,2.77
3,161.0,32.60249999999999,34.0277,30.1111,82.2362,31.042699999999996,20.5339,24.400600000000004,6.0237,2005.0,161.0,8.278,27.4086,0.0,38.469300000000004,23.156,12.4924,19.768,1.2288999999999999,2005.0,161.0,21.92845333333333,32.04414666666666,7.585533333333332,68.11731333333333,27.518573333333336,17.241573333333335,22.352599999999995,3.5684066666666667,2005.0,6224.43,3138.22,238.28,1923.7,156.23,420.44,7.67
4,177.0,32.1318,35.6677,22.1725,69.33359999999999,35.1816,23.622700000000002,28.8604,5.069599999999999,2005.0,177.0,15.441500000000001,27.9148,0.0,44.018,26.6982,13.2308,20.797,1.4145,2005.0,177.0,25.685713333333332,32.601553333333335,5.2884866666666674,55.928279999999994,31.8219,19.78633333333333,25.756866666666667,3.1992666666666665,2005.0,5992.25,3055.97,211.1,1911.45,129.67,349.72,17.93
5,193.0,30.216399999999997,34.272,6.8412,52.6443,35.4443,23.1258,28.992499999999996,4.6211,2005.0,193.0,24.1425,28.734099999999998,0.0,32.7474,29.1641,14.491400000000002,22.100700000000003,1.0441000000000003,2005.0,193.0,26.754593333333336,32.08408,0.61066,44.01884666666667,33.308526666666666,19.916346666666666,26.822786666666666,2.49392,2005.0,5953.74,2959.8,201.59,1782.2,137.5,324.98,12.85
6,209.0,28.984299999999998,36.3566,13.539299999999999,83.5753,39.2884,25.4204,32.13,5.0105,2005.0,209.0,3.6853,30.029799999999998,0.0,38.6535,24.122,10.397,17.5179,1.6441000000000001,2005.0,209.0,20.814079999999997,34.11848666666667,2.4744733333333335,55.71398666666667,33.39745333333334,20.32575333333333,26.5573,3.162326666666667,2005.0,5881.38,2901.48,258.1,1816.72,168.24,408.87,10.28
7,225.0,28.9289,35.4418,24.8908,73.9539,34.512100000000004,22.3964,27.2867,3.3400999999999996,2005.0,225.0,5.7645,28.760399999999997,0.0,41.4551,24.8677,13.4662,20.1484,0.5856,2005.0,225.0,21.08152,32.242266666666666,5.648633333333333,58.63059333333334,30.147539999999996,17.89924,24.02620666666666,2.1039866666666667,2005.0,5761.83,2567.5,267.2,1558.11,173.06,350.71,0.15
8,241.0,25.138399999999997,34.6768,12.275400000000001,85.05560000000001,32.784000000000006,20.6583,25.2115,3.8301000000000003,2005.0,241.0,7.8172,29.035600000000002,0.0,36.1377,22.8415,11.9536,21.064100000000003,0.954,2005.0,241.0,19.587133333333334,31.34144,2.0190533333333334,58.28803333333333,28.645306666666666,16.307413333333336,22.48658,2.4516800000000005,2005.0,5624.72,2193.87,205.35,1343.05,120.35,292.35,10.24
9,257.0,21.5734,35.9352,15.553700000000001,84.1195,34.5467,24.633599999999998,28.1854,4.718,2005.0,257.0,6.6226,29.4743,0.0,44.400400000000005,20.033,8.1056,15.1823,1.0977000000000001,2005.0,257.0,16.762526666666666,31.858759999999997,3.2944866666666672,63.33124,27.86148666666667,16.354573333333335,22.104133333333337,2.92476,2005.0,4959.38,1937.56,258.74,1332.83,146.38,349.77,17.92
10,273.0,19.4279,34.42410000000001,16.7579,88.0026,26.2313,21.2085,23.403599999999997,5.2583,2005.0,273.0,3.1559,25.744300000000003,0.0,59.5526,7.7653,2.4751000000000003,4.5187,1.7845,2005.0,273.0,12.122699999999998,30.669779999999992,2.315733333333333,76.78576666666666,20.53317333333333,11.428619999999999,16.091906666666667,3.8122266666666675,2005.0,3922.81,1334.16,274.14,1052.96,137.27,362.42,20.51
11,289.0,16.8638,29.7986,17.066200000000002,86.44229999999999,25.8876,14.7095,18.7139,4.6013,2005.0,289.0,2.8267,25.7902,0.0,35.9651,8.1706,2.7595,5.383299999999999,1.6542,2005.0,289.0,11.722039999999998,27.48934666666667,1.5270066666666664,66.30086666666666,16.379293333333333,7.597200000000001,11.783619999999999,2.8924666666666665,2005.0,3725.13,1238.87,381.21,1021.69,275.86,488.89,8.26
12,305.0,14.0245,29.0857,8.3368,92.57830000000001,20.5659,11.5343,13.3219,4.6809,2005.0,305.0,4.207,23.833800000000004,0.0,45.7498,7.5124,-0.7582,4.0807,0.9425,2005.0,305.0,10.483373333333333,26.105626666666666,1.13158,67.30092666666665,14.481913333333331,4.99208,9.611026666666666,2.97916,2005.0,3485.81,805.77,154.31,702.44,48.8,234.51,30.74
