,DOY,INSgdmax,RADmax,RAINmax,RHmax,TMAXmax,TMINmax,Tmax,WINDmax,YEAR,DOY,INSgdmin,RADmin,RAINmin,RHmin,TMAXmin,TMINmin,Tmin,WINDmin,YEAR,DOY,INSgdmean,RADmean,RAINmean,RHmean,TMAXmean,TMINmean,Tmean,WINDmean,YEAR,NDVI,EVI,RED,NIR,BLUE,MIR,pixrel
0,113.0,28.3859,31.731299999999997,28.267000000000003,89.9768,26.346399999999996,15.822199999999999,20.411499999999997,6.8426,2005.0000000000002,113.0,7.6618,24.346600000000002,0.0,32.0895,11.8675,0.7694000000000001,7.847799999999999,2.678,2005.0000000000002,113.0,17.29347333333333,28.372619999999998,6.043572727272727,55.75401333333333,17.276713333333333,7.771993333333334,12.81426,4.463326666666667,2005.0000000000002,3597.5,2111.19,1115.12,2383.85,540.46,2184.33,0.09
1,129.0,29.094900000000003,32.2881,33.3818,91.9879,26.7949,17.325899999999997,20.7954,6.9639,2005.0000000000002,129.0,8.223099999999999,24.9453,0.0,30.670700000000004,12.100200000000001,1.6327999999999998,7.4041999999999994,2.7819,2005.0000000000002,129.0,20.257726666666663,28.687346666666667,5.297733333333333,63.1875,20.072426666666665,9.75044,14.998639999999998,4.713586666666667,2005.0000000000002,3407.4,2348.14,1535.64,3099.37,732.42,3120.42,0.75
2,145.0,30.446800000000003,32.9068,13.6631,62.6219,31.603299999999997,19.6778,23.4075,5.871499999999999,2005.0000000000002,145.0,10.383799999999999,25.3187,0.0,30.812399999999997,22.227999999999998,11.630299999999998,17.6805,2.238,2005.0000000000002,145.0,22.725206666666672,29.380473333333335,2.9985866666666663,44.80039333333333,26.57184,14.820413333333335,20.675033333333335,3.9916399999999994,2005.0000000000002,4245.28,2831.9,1203.65,2987.16,591.58,2321.81,0.97
3,161.0,32.095,33.515299999999996,40.4152,86.2774,29.5949,20.0544,23.7652,6.6708,2005.0000000000002,161.0,6.8505,28.297900000000002,0.0,53.89529999999999,23.752499999999998,12.9868,19.6083,1.0993,2005.0000000000002,161.0,20.95496,31.860893333333326,8.902813333333333,73.27626666666667,26.425606666666667,16.6925,21.301853333333334,3.835653333333334,2005.0000000000002,5933.27,4366.15,931.92,3664.4,478.62,1942.62,0.16
4,177.0,30.9949,36.1729,18.739399999999996,69.7923,34.9269,23.4369,27.8308,6.039399999999999,2005.0000000000002,177.0,11.3565,28.3208,0.0,45.630399999999995,27.076,14.7379,20.711800000000004,1.5386000000000002,2005.0000000000002,177.0,25.18430666666667,32.75654,4.8418866666666664,57.32886666666667,31.845593333333333,20.12338,25.598986666666672,3.923466666666667,2005.0000000000002,7454.39,5530.56,562.02,3872.97,302.36,1183.39,0.0
5,193.0,29.4536,34.562900000000006,4.3232,59.278400000000005,34.665800000000004,22.4483,28.206,4.7336,2005.0000000000002,193.0,21.617600000000003,29.9517,0.0,40.695899999999995,29.1798,14.301499999999997,22.223,0.8779,2005.0000000000002,193.0,26.383313333333327,32.62696,0.5763533333333334,51.98270666666668,32.504933333333334,19.57580666666667,26.127906666666668,2.7991733333333335,2005.0000000000002,8392.16,6560.03,370.18,4314.69,203.77,870.96,0.0
6,209.0,29.1563,36.158100000000005,17.8018,83.1808,39.718199999999996,25.4143,31.728,5.684399999999999,2005.0000000000002,209.0,11.2097,30.761199999999995,0.0,35.812799999999996,23.071199999999997,10.729899999999999,16.570999999999998,2.1044,2005.0000000000002,209.0,21.50097333333333,33.96644,2.7960866666666666,54.141186666666655,33.1405,20.25936,26.398220000000002,3.9496933333333333,2005.0000000000002,8494.0,6839.52,360.23,4531.16,198.12,824.96,0.7
7,225.0,28.473800000000004,35.5137,22.9012,79.96860000000001,32.949999999999996,21.0886,26.264699999999998,4.053,2005.0000000000002,225.0,7.6071,29.487299999999998,0.0,42.4072,22.39,11.977599999999999,17.961499999999997,0.8678,2005.0000000000002,225.0,20.371779999999994,32.55370666666666,5.486273333333334,65.83442666666666,28.882413333333332,17.48379333333333,23.0731,2.380573333333334,2005.0000000000002,8406.65,6576.84,364.92,4320.43,202.87,790.13,0.01
8,241.0,25.110999999999997,34.5282,21.0494,90.9171,30.444799999999997,20.8839,24.163,5.0661000000000005,2005.0000000000002,241.0,7.6386,29.2847,0.0,36.147400000000005,23.157700000000002,11.604800000000001,20.8283,0.6132,2005.0000000000002,241.0,18.734813333333335,31.962726666666665,2.992806666666667,64.97239333333333,27.881213333333328,16.686099999999996,22.156786666666665,2.680066666666667,2005.0000000000002,6929.38,4842.18,605.74,3455.84,326.59,1051.97,0.4
9,257.0,21.9288,35.61,15.634699999999997,86.201,34.6374,23.481,27.933,6.592699999999999,2005.0000000000002,257.0,9.8627,29.366099999999996,0.0,42.8755,20.0353,7.5577000000000005,15.039899999999998,1.1853000000000002,2005.0000000000002,257.0,17.539340000000003,31.803193333333333,2.138846666666667,68.45258666666666,26.713320000000003,16.23897333333333,21.309333333333335,3.7378066666666676,2005.0000000000002,5094.57,3128.91,888.94,2745.41,432.5,1440.05,0.0
10,273.0,19.3029,34.2357,7.7035,91.1339,25.260399999999997,21.1154,22.7275,6.447800000000001,2005.0000000000002,273.0,4.8824000000000005,24.3406,0.0,51.859,6.560700000000001,1.9282,3.8054999999999994,2.3687,2005.0000000000002,273.0,13.071233333333335,30.444153333333333,1.3758333333333335,78.17935999999999,19.730900000000002,11.442233333333334,15.601873333333334,4.550886666666667,2005.0000000000002,3495.57,1999.01,1113.93,2308.87,541.48,1873.04,0.0
11,289.0,16.8246,30.595400000000005,9.805,91.3723,27.210899999999995,14.4726,18.7954,5.5514,2005.0000000000002,289.0,4.4957,26.1062,0.0,44.637100000000004,8.3815,1.8441999999999998,4.8587,1.7313,2005.0000000000002,289.0,11.34634,27.72177333333333,1.6645866666666669,69.70481333333333,16.386346666666668,7.631146666666666,11.552073333333333,3.139893333333333,2005.0000000000002,3065.75,1801.83,1272.75,2388.09,608.26,2085.9,0.0
12,305.0,14.247700000000002,28.419700000000002,6.6678999999999995,84.6511,21.121199999999998,9.7353,13.351999999999999,6.1945,2005.0000000000002,305.0,6.4292,23.6099,0.0,44.3165,4.9543,-1.3399,2.1625,0.8053999999999999,2005.0000000000002,305.0,11.882093333333334,25.70908666666667,0.9066866666666666,66.35398,14.811673333333331,4.631186666666667,9.260119999999999,3.219853333333333,2005.0000000000002,2815.91,1844.9,1551.89,2761.57,719.8,2394.0,0.34
