,DOY,INSgdmax,RADmax,RAINmax,RHmax,TMAXmax,TMINmax,Tmax,WINDmax,YEAR,DOY,INSgdmin,RADmin,RAINmin,RHmin,TMAXmin,TMINmin,Tmin,WINDmin,YEAR,DOY,INSgdmean,RADmean,RAINmean,RHmean,TMAXmean,TMINmean,Tmean,WINDmean,YEAR,NDVI,EVI,RED,NIR,BLUE,MIR,pixrel
0,113.0,28.3146,30.9576,17.7276,91.42500000000001,24.850699999999996,13.9758,18.505200000000002,7.452399999999999,2005.0,113.0,5.9971000000000005,23.8,0.0,30.075399999999995,10.852799999999998,-0.7953000000000001,6.536,1.5467,2005.0,113.0,18.098813333333332,27.397686666666672,3.7656090909090905,59.470273333333324,15.41542666666667,5.807499999999999,10.88138,4.450213333333333,2005.0,4034.99,2472.45,1066.74,2515.06,564.36,2014.74,0.3
1,129.0,29.410000000000004,31.152299999999997,23.0775,89.7812,23.9696,16.161,19.3268,7.706900000000001,2005.0,129.0,5.492799999999999,23.4732,0.0,26.0152,11.1244,0.0327,6.5319,2.6800000000000006,2005.0,129.0,18.626166666666666,28.128600000000006,4.818606666666666,63.15906666666667,18.613106666666667,8.280146666666667,13.49972,5.21192,2005.0,4018.63,2767.91,1292.46,3002.8,673.45,2587.14,0.24
2,145.0,31.200900000000004,32.4848,21.9326,61.3629,29.564,17.4053,22.807300000000005,6.3518,2005.0,145.0,7.904800000000001,25.279899999999998,0.0,30.9968,20.9735,9.7958,15.9212,2.153,2005.0,145.0,22.846506666666667,29.05701333333333,3.6426066666666665,46.22308,25.380493333333334,13.426973333333333,19.526313333333334,4.390366666666667,2005.0,4605.03,3268.78,1199.25,3229.07,637.11,2351.08,0.93
3,161.0,31.734700000000004,33.400099999999995,34.854,88.6211,29.487699999999997,19.430999999999997,22.8662,6.692,2005.0,161.0,13.1701,27.764200000000002,0.0,51.5214,22.714199999999998,11.808,18.2618,1.0451,2005.0,161.0,21.654153333333333,31.349266666666665,6.753680000000001,73.96488,25.224653333333336,15.261306666666666,19.99534,3.7049266666666663,2005.0,6166.19,4647.21,883.35,3743.83,491.68,1753.57,0.29
4,177.0,31.2671,35.1154,15.873900000000003,80.6234,33.393,21.9917,26.6393,6.881200000000001,2005.0,177.0,8.887599999999999,28.7975,0.0,48.29260000000001,25.4165,12.5377,18.868299999999998,1.077,2005.0,177.0,24.720019999999998,32.42869333333334,4.03968,66.51806666666667,29.656153333333336,18.841846666666665,23.802500000000002,4.193033333333334,2005.0,7243.66,5416.58,607.06,3819.41,350.91,1168.47,0.12
5,193.0,31.084,33.8498,7.8245000000000005,69.7118,33.5007,21.8919,26.6625,5.4269,2005.0,193.0,18.753800000000002,29.7701,0.0,49.340199999999996,27.6329,13.9479,20.7854,1.1425999999999998,2005.0,193.0,26.581573333333335,32.343806666666666,1.1457200000000003,59.18214666666668,31.091380000000004,18.666199999999996,24.71438,3.492066666666666,2005.0,7595.92,5757.21,526.47,3953.53,301.06,1032.65,0.03
6,209.0,29.005200000000002,36.3575,14.128800000000002,73.92360000000001,39.4337,23.1744,29.9334,6.252000000000001,2005.0,209.0,10.2212,30.044600000000003,0.0,40.7456,22.0349,9.508799999999999,15.6959,2.0433000000000003,2005.0,209.0,21.725593333333336,33.59094,4.24008,58.11407333333334,31.80003333333333,18.866866666666667,24.90068,4.052106666666667,2005.0,7770.32,5856.38,475.93,3936.33,275.61,894.35,0.33
7,225.0,28.8799,34.3082,16.104300000000002,85.882,31.075000000000003,20.4889,25.0959,4.8267,2005.0,225.0,9.1782,29.307499999999997,0.0,43.6308,21.4024,10.4376,15.809199999999999,1.1684999999999999,2005.0,225.0,20.661619999999996,31.644793333333332,3.4824600000000006,71.08627333333334,26.884686666666667,16.085259999999998,21.32499333333333,2.8861933333333334,2005.0,7758.06,5766.76,471.04,3864.7,273.12,890.9,0.2
8,241.0,25.0372,33.5654,10.398599999999998,88.0201,30.2382,19.7808,23.9321,6.9493,2005.0,241.0,7.7775,28.0744,0.0,34.412299999999995,22.902,10.462999999999997,17.7111,0.7246,2005.0,241.0,19.432879999999997,31.021546666666666,1.8067533333333332,63.06636666666667,27.251586666666665,14.9094,20.81708666666667,3.2513199999999998,2005.0,6052.46,4073.41,761.63,3124.81,428.31,1260.19,0.51
9,257.0,20.9052,35.4422,13.799199999999999,87.49370000000002,33.635600000000004,23.059599999999996,27.359099999999998,8.0961,2005.0,257.0,8.5564,27.3698,0.0,44.1911,19.9242,7.0882000000000005,14.214500000000001,1.3638,2005.0,257.0,16.624633333333332,31.041946666666668,1.8179533333333335,69.71446,25.79896,15.081439999999999,20.329833333333337,4.236646666666667,2005.0,4840.43,3033.18,966.53,2753.49,501.24,1532.13,0.02
10,273.0,18.790100000000002,33.4603,25.5117,95.6658,25.3422,20.6089,21.607800000000005,7.139600000000001,2005.0,273.0,1.7324000000000002,24.4401,0.0,50.0106,5.0266,0.22419999999999998,2.6675999999999997,2.4760999999999997,2005.0,273.0,13.4861,29.4456,3.383853333333333,77.14118666666667,18.94618,9.955526666666666,14.367993333333331,4.881473333333334,2005.0,3806.41,2292.22,1126.71,2486.3,567.05,1794.05,0.05
11,289.0,16.3001,30.1055,9.6446,93.3251,26.8921,13.5186,18.0523,6.4914999999999985,2005.0,289.0,5.8331,25.364599999999996,0.0,45.4685,7.7414000000000005,1.6839,4.492,1.7332999999999998,2005.0,289.0,11.891926666666667,27.08908,1.8744200000000002,67.56058666666667,15.341966666666666,6.477446666666667,10.362319999999999,3.30834,2005.0,3209.66,1863.97,1189.55,2280.24,619.33,1889.82,0.06
12,305.0,13.5854,28.4166,6.8493,79.2877,21.1333,9.1313,12.8769,6.9488,2005.0,305.0,4.8109,22.577399999999997,0.0,42.2899,4.6979,-2.2546,2.0563,1.4548999999999999,2005.0,305.0,10.589226666666667,25.15372,2.036286666666667,64.29750666666668,13.886380000000003,3.754293333333333,8.314853333333335,3.3720999999999997,2005.0,2974.8,1756.83,1258.88,2299.05,644.22,1984.07,0.19
