,DOY,INSgdmax,RADmax,RAINmax,RHmax,TMAXmax,TMINmax,Tmax,WINDmax,YEAR,DOY,INSgdmin,RADmin,RAINmin,RHmin,TMAXmin,TMINmin,Tmin,WINDmin,YEAR,DOY,INSgdmean,RADmean,RAINmean,RHmean,TMAXmean,TMINmean,Tmean,WINDmean,YEAR,NDVI,EVI,RED,NIR,BLUE,MIR,pixrel
0,113.0,28.1365,31.772,21.5475,91.39750000000001,26.500999999999998,14.591,19.9025,6.5055,2005.0,113.0,7.16,23.841,0.0,32.7945,11.0465,0.08650000000000002,7.079000000000001,2.164,2005.0,113.0,17.0974,27.851600000000005,6.4362272727272725,56.616,16.243699999999997,6.623400000000001,11.726133333333333,4.3247,2005.0,4794.14,2929.38,877.36,2578.68,459.92,1690.28,0.0
1,129.0,28.921,31.842,26.299999999999997,93.28999999999999,26.3905,17.325000000000003,20.83,7.588000000000001,2005.0,129.0,5.094,23.777500000000003,0.0,27.468500000000002,10.2825,0.169,6.0455000000000005,2.5315,2005.0,129.0,18.113799999999998,28.28323333333333,6.2971,62.096599999999995,19.010366666666666,8.777400000000002,14.047799999999999,4.758466666666667,2005.0,5415.76,3549.51,824.08,2922.49,431.73,1639.4,0.17
2,145.0,30.8635,31.994499999999995,20.0325,63.2355,29.664,19.947,23.841,6.3,2005.0,145.0,5.625,25.4185,0.0,30.665499999999998,21.3115,10.505500000000001,16.308500000000002,2.1159999999999997,2005.0,145.0,21.182633333333335,28.891866666666665,3.5656666666666665,46.52236666666667,25.284066666666668,13.980533333333335,19.666533333333334,4.231,2005.0,6267.64,4207.29,719.32,3174.82,408.62,1404.66,0.51
3,161.0,32.301,33.621500000000005,34.0405,85.7825,29.653,19.445999999999998,23.603,6.0765,2005.0,161.0,12.6605,28.110999999999997,0.0,43.9235,22.803,13.200499999999998,19.076999999999998,0.8965000000000001,2005.0,161.0,20.799533333333336,31.745799999999996,6.727166666666667,71.89603333333332,26.249366666666667,16.45793333333333,21.053166666666662,3.7501333333333333,2005.0,7048.33,4874.2,593.28,3470.1,317.05,1275.44,0.18
4,177.0,31.740499999999997,35.4335,18.261499999999998,76.6005,34.391000000000005,23.4135,27.863,6.0089999999999995,2005.0,177.0,10.072999999999999,28.1995,0.0,40.625,25.737,14.131,19.5385,1.2505000000000002,2005.0,177.0,24.1929,32.727599999999995,5.087266666666666,60.01526666666665,30.970433333333332,19.520799999999994,24.961200000000005,3.903666666666667,2005.0,7503.65,4833.42,443.78,3164.85,238.61,847.59,0.22
5,193.0,29.887,34.123999999999995,12.2615,60.24850000000001,35.2635,23.439500000000002,28.924999999999997,4.906000000000001,2005.0,193.0,19.508,29.1035,0.0,36.18,27.152,13.736500000000001,21.1785,1.004,2005.0,193.0,26.090599999999995,32.243966666666665,1.1894666666666667,50.446,32.29549999999999,19.773433333333337,26.104033333333334,2.8904666666666667,2005.0,7458.58,5068.08,482.56,3402.96,259.47,998.46,0.01
6,209.0,28.481,36.0385,15.054,78.48349999999999,39.396499999999996,25.049,31.183,5.4510000000000005,2005.0,209.0,11.177999999999999,30.505000000000003,0.0,39.203,22.900999999999996,10.5385,16.336499999999997,1.8569999999999998,2005.0,209.0,21.131966666666663,33.82846666666667,4.658200000000001,57.1191,32.30820000000001,19.736266666666666,25.680033333333334,3.7118,2005.0,7653.68,5222.02,454.25,3463.89,244.03,906.2,0.07
7,225.0,28.896500000000003,34.727,22.0255,79.945,31.658499999999997,20.859,25.8625,3.887,2005.0,225.0,7.0584999999999996,29.043,0.0,41.837500000000006,22.938499999999998,11.257,17.4185,0.915,2005.0,225.0,21.277633333333334,31.692766666666667,5.257833333333332,65.89786666666666,28.0976,16.6483,22.270633333333333,2.4297666666666666,2005.0,7475.65,4971.58,462.55,3305.55,247.03,936.42,0.01
8,241.0,24.9525,34.040499999999994,10.234499999999999,88.113,30.9815,20.09,24.491999999999997,5.09,2005.0,241.0,9.219999999999999,28.676000000000002,0.0,35.945,22.218,11.119,19.0845,0.9225000000000001,2005.0,241.0,19.48626666666667,31.309933333333333,1.8332333333333333,61.090399999999995,27.6261,15.437566666666669,21.538433333333337,2.8509666666666664,2005.0,7069.25,4516.86,518.57,3083.15,273.85,1044.89,0.28
9,257.0,21.4735,35.74850000000001,46.861999999999995,85.18799999999999,34.179,23.33,27.7945,6.2715,2005.0,257.0,8.2445,29.262999999999998,0.0,44.087500000000006,20.829,7.7940000000000005,14.946,0.889,2005.0,257.0,16.450633333333332,31.666600000000003,4.780866666666666,66.3605,26.786300000000004,15.786233333333332,21.20233333333333,3.5590666666666664,2005.0,6077.99,3493.69,622.71,2573.28,311.19,1179.12,0.0
10,273.0,19.2625,33.9415,9.677,91.8815,25.235999999999997,21.0285,22.561,6.3575,2005.0,273.0,1.717,24.360500000000002,0.0,51.7085,6.236000000000001,1.629,3.4745,2.4234999999999998,2005.0,273.0,12.406966666666666,30.249399999999998,1.8692666666666666,77.18266666666665,19.342666666666666,10.858833333333335,15.143600000000001,4.516366666666666,2005.0,5330.83,2982.5,708.94,2366.09,368.53,1302.98,0.02
11,289.0,16.49,29.932000000000002,10.438500000000001,91.911,26.292,14.11,17.8675,5.810499999999999,2005.0,289.0,4.0835,25.582,0.0,42.3215,8.078,2.525,5.093999999999999,1.9114999999999998,2005.0,289.0,11.513166666666667,27.431266666666666,2.0157666666666665,68.1876,15.497033333333333,7.037066666666666,10.892666666666667,3.155666666666667,2005.0,4713.5,2437.32,738.49,2073.5,379.37,1371.58,0.0
12,305.0,13.581,28.894,3.681,81.83250000000001,20.339999999999996,10.501999999999999,12.689499999999999,6.1785,2005.0,305.0,4.8420000000000005,24.018499999999996,0.0,46.3805,5.6255,-1.9304999999999999,2.8705,0.7615,2005.0,305.0,10.782933333333334,25.678000000000004,0.5384666666666666,67.06586666666666,13.722033333333332,4.208366666666667,8.694233333333333,3.1719333333333335,2005.0,4236.56,2226.15,836.57,2081.44,427.34,1458.62,0.0
