,DOY,INSgdmax,RADmax,RAINmax,RHmax,TMAXmax,TMINmax,Tmax,WINDmax,YEAR,DOY,INSgdmin,RADmin,RAINmin,RHmin,TMAXmin,TMINmin,Tmin,WINDmin,YEAR,DOY,INSgdmean,RADmean,RAINmean,RHmean,TMAXmean,TMINmean,Tmean,WINDmean,YEAR,NDVI,EVI,RED,NIR,BLUE,MIR,pixrel
0,113.0,28.12,31.75,25.92,92.14,26.82,15.57,20.7,6.39,2005.0,113.0,7.38,23.94,0.0,31.81,11.47,0.73,7.53,2.12,2005.0,113.0,16.51,28.237333333333346,7.5227272727272725,54.78999999999999,17.086666666666666,7.407333333333335,12.560666666666666,4.3133333333333335,2005.0,5621.07,3706.41,840.67,3031.34,443.5,1717.2,0.15
1,129.0,29.02,32.04,23.0,92.63,27.98,17.6,21.16,7.28,2005.0,129.0,6.48,24.19,0.0,28.42,10.86,0.73,6.59,2.46,2005.0,129.0,19.502,28.544666666666668,4.565333333333333,61.848,19.779999999999998,9.356000000000002,14.687999999999999,4.599333333333333,2005.0,6275.87,4309.6,741.68,3287.1,396.75,1475.85,0.08
2,145.0,31.32,32.33,15.66,64.22,30.61,20.31,24.05,5.97,2005.0,145.0,8.1,25.16,0.0,29.34,22.01,11.16,17.04,2.05,2005.0,145.0,21.42866666666667,28.959333333333333,2.594,45.73733333333334,25.781999999999996,14.334000000000001,20.09333333333333,4.080666666666667,2005.0,6958.05,5115.53,652.01,3730.59,351.34,1261.66,0.39
3,161.0,32.18,33.44,27.6,86.36,29.95,19.93,23.9,6.28,2005.0,161.0,12.38,28.76,0.0,46.58,23.43,13.47,19.55,0.77,2005.0,161.0,21.090666666666667,31.945999999999994,6.806000000000001,72.25866666666667,26.546,16.796,21.40333333333333,3.719333333333333,2005.0,6971.13,5016.02,644.77,3632.54,348.33,1406.31,0.1
4,177.0,31.68,35.89,17.86,73.13,34.27,23.76,28.27,5.47,2005.0,177.0,14.11,28.04,0.0,42.11,26.65,14.78,20.38,1.41,2005.0,177.0,25.10333333333333,32.67333333333333,5.784666666666667,57.36133333333331,31.622000000000003,20.00333333333333,25.512666666666668,3.7386666666666666,2005.0,7481.95,5111.05,497.51,3445.64,271.44,1019.82,0.11
5,193.0,29.81,34.52,14.83,55.81,35.17,23.39,28.98,4.51,2005.0,193.0,22.5,29.56,0.0,35.19,28.34,14.16,22.02,0.85,2005.0,193.0,26.45799999999999,32.36533333333333,1.5839999999999999,48.341333333333324,32.751999999999995,19.842000000000002,26.474000000000004,2.6873333333333336,2005.0,7283.84,5130.35,542.02,3557.53,291.42,1124.56,0.12
6,209.0,28.8,35.78,13.14,82.35,39.6,25.5,31.81,5.55,2005.0,209.0,11.2,30.78,0.0,37.19,23.22,10.72,16.65,2.11,2005.0,209.0,21.333999999999996,33.94066666666667,3.1526666666666667,55.292,32.885333333333335,20.298,26.270000000000003,3.706666666666666,2005.0,7785.09,5247.33,415.02,3414.48,223.46,874.74,0.24
7,225.0,28.66,35.42,23.12,75.6,32.61,21.09,26.33,3.7,2005.0,225.0,6.8,29.12,0.0,41.81,23.45,11.95,18.37,0.64,2005.0,225.0,20.926000000000002,32.14266666666666,5.182666666666666,63.501333333333335,28.996666666666666,17.183999999999994,23.059333333333328,2.2893333333333334,2005.0,7818.89,5154.92,390.92,3309.26,210.73,818.79,0.02
8,241.0,25.09,34.42,12.11,87.09,30.91,20.42,24.36,4.43,2005.0,241.0,8.78,29.27,0.0,36.22,22.46,11.68,20.96,0.73,2005.0,241.0,19.124000000000002,31.714000000000002,1.9553333333333334,61.51133333333334,27.98066666666667,16.245333333333335,22.11666666666667,2.6166666666666667,2005.0,7387.97,4970.58,499.25,3352.35,271.39,1006.71,0.49
9,257.0,21.71,35.71,35.73,83.78,34.96,23.22,28.02,5.87,2005.0,257.0,7.81,29.12,0.0,43.51,21.17,7.42,15.32,0.9,2005.0,257.0,16.73333333333333,31.770000000000003,3.5906666666666656,66.18266666666666,27.07266666666667,16.11,21.499333333333325,3.4226666666666663,2005.0,6611.9,4059.47,578.88,2859.81,305.32,1132.81,0.0
10,273.0,19.62,34.42,11.25,90.6,25.5,21.1,22.88,6.11,2005.0,273.0,2.41,24.3,0.0,53.98,6.83,2.08,3.81,2.22,2005.0,273.0,12.106666666666666,30.498,1.3346666666666667,77.71066666666665,19.687333333333335,11.234666666666667,15.551333333333334,4.354666666666666,2005.0,5661.81,3211.94,664.09,2441.72,350.05,1278.82,0.0
11,289.0,16.49,30.35,11.72,91.57,26.6,14.55,18.39,5.42,2005.0,289.0,4.1,25.78,0.0,43.02,8.21,2.36,5.16,1.84,2005.0,289.0,11.416000000000002,27.710666666666665,2.029333333333333,68.61733333333333,16.009999999999998,7.391999999999999,11.325333333333335,3.0933333333333333,2005.0,5100.53,2764.45,733.69,2263.51,378.56,1392.09,0.0
12,305.0,13.9,28.08,3.23,84.72,20.56,10.59,12.86,5.7,2005.0,305.0,5.26,23.98,0.0,46.21,5.73,-1.98,2.81,0.69,2005.0,305.0,11.234666666666667,25.868666666666673,0.4966666666666667,67.786,14.165333333333331,4.4866666666666655,9.010666666666667,3.114,2005.0,4425.59,2533.7,926.12,2380.64,478.31,1643.05,0.0
