,DOY,INSgdmax,RADmax,RAINmax,RHmax,TMAXmax,TMINmax,Tmax,WINDmax,YEAR,DOY,INSgdmin,RADmin,RAINmin,RHmin,TMAXmin,TMINmin,Tmin,WINDmin,YEAR,DOY,INSgdmean,RADmean,RAINmean,RHmean,TMAXmean,TMINmean,Tmean,WINDmean,YEAR,NDVI,EVI,RED,NIR,BLUE,MIR,pixrel
0,113.0,28.2838,31.6744,29.981400000000004,91.1194,27.0258,15.927,20.9562,6.2010000000000005,2005.0,113.0,7.816800000000001,24.1836,0.0,31.650399999999998,11.675799999999999,0.9441999999999999,7.8198,2.3594,2005.0,113.0,16.665399999999998,28.44117333333334,7.831618181818182,54.19332,17.503866666666667,7.829573333333334,12.986546666666667,4.293733333333334,2005.0,5345.12,3420.75,857.49,2852.07,449.25,1800.35,0.0
1,129.0,28.9444,32.237399999999994,27.5486,91.3574,27.8624,17.8982,21.4162,6.9482,2005.0,129.0,7.236000000000001,24.463,0.0,30.112600000000004,11.536200000000001,1.045,6.9848,2.3298,2005.0,129.0,20.165599999999998,28.63510666666667,5.187493333333333,61.9922,20.2182,9.65868,15.070199999999996,4.436653333333333,2005.0,5806.63,4138.7,908.64,3424.27,473.16,1917.3,0.21
2,145.0,30.580799999999996,32.602999999999994,12.753599999999999,65.417,30.8662,20.377200000000002,24.2348,5.7348,2005.0,145.0,9.4146,25.538,0.0,29.592,22.253600000000002,11.538,17.5272,2.197,2005.0,145.0,21.914746666666666,29.32753333333333,2.14628,45.36269333333334,26.214040000000004,14.64228,20.46993333333333,3.954946666666667,2005.0,6489.65,4824.69,773.94,3713.44,410.3,1582.5,0.46
3,161.0,32.18,33.608000000000004,27.083400000000005,86.4608,29.870199999999997,20.224,24.084799999999998,6.322,2005.0,161.0,9.3728,28.5206,0.0,48.952999999999996,23.8836,13.4238,19.613,0.8456,2005.0,161.0,21.237666666666666,32.00116,7.54128,72.30206666666668,26.79996,17.03792,21.709933333333332,3.687133333333333,2005.0,6910.35,5021.94,671.98,3680.79,363.06,1476.36,0.15
4,177.0,31.6338,36.0706,26.9866,71.4752,34.580799999999996,23.970000000000002,28.547199999999997,5.3398,2005.0,177.0,12.7366,28.010599999999997,0.0,43.428799999999995,26.902,14.738,20.8126,1.3932,2005.0,177.0,25.119013333333335,32.76965333333333,5.786066666666667,56.23629333333332,31.86644,20.19513333333333,25.77838666666667,3.579906666666667,2005.0,7406.69,5640.69,598.41,4015.83,327.52,1274.76,0.08
5,193.0,29.2808,34.6418,11.0164,55.22619999999999,35.128,23.272400000000005,28.896,4.388199999999999,2005.0,193.0,23.256,29.7112,0.0,35.727599999999995,28.7306,14.076,22.154400000000003,0.8584,2005.0,193.0,26.382119999999997,32.46053333333333,1.1961999999999997,48.23045333333333,32.97655999999999,19.839200000000005,26.584880000000002,2.5582533333333335,2005.0,7545.14,5582.33,529.19,3853.08,291.02,1096.04,0.01
6,209.0,28.858800000000002,36.221000000000004,12.337800000000001,83.5428,39.381600000000006,25.4076,31.8646,5.3064,2005.0,209.0,8.810199999999998,30.8094,0.0,36.7784,23.6526,10.552,17.0028,1.9756,2005.0,209.0,21.416600000000003,34.022146666666664,2.9143866666666662,54.23443999999999,33.29273333333333,20.415879999999998,26.590600000000002,3.5837466666666664,2005.0,8140.95,5670.57,361.94,3611.72,201.43,759.91,0.0
7,225.0,28.7188,35.6636,26.5976,79.25819999999999,33.2946,21.4932,26.720599999999997,3.6958,2005.0,225.0,5.2585999999999995,29.4854,0.0,41.4614,22.769599999999997,12.6808,18.7774,0.6148,2005.0,225.0,20.530640000000002,32.54978666666666,5.787186666666667,63.49405333333333,29.348346666666664,17.714599999999997,23.487453333333328,2.2204533333333334,2005.0,7901.61,5670.82,430.11,3743.5,238.28,917.23,0.06
8,241.0,25.1068,34.5838,18.2714,87.5058,30.863800000000005,21.029000000000003,24.4104,4.304,2005.0,241.0,8.738,29.5556,0.0,37.89999999999999,23.384,12.2638,21.279200000000003,0.688,2005.0,241.0,19.04224,31.959000000000003,2.7090933333333336,62.760693333333336,28.144466666666666,16.851533333333332,22.46666666666667,2.4937466666666666,2005.0,6778.82,4590.1,629.02,3299.2,343.64,1165.39,0.6
9,257.0,21.995600000000003,35.831799999999994,32.0592,84.6368,35.0566,23.8626,28.095599999999997,5.7356,2005.0,257.0,6.676,29.531600000000005,0.0,43.0564,20.2502,7.6132,15.1646,1.0175999999999998,2005.0,257.0,16.798293333333334,31.987280000000002,3.561826666666666,66.52678666666667,27.181866666666668,16.5174,21.74153333333333,3.348186666666667,2005.0,5544.76,3321.45,765.63,2654.17,397.03,1417.35,0.0
10,273.0,19.741799999999998,34.4494,16.046400000000002,89.9994,25.7436,21.2218,23.0606,5.9756,2005.0,273.0,2.6662,24.405,0.0,56.794,7.338199999999999,2.4202,4.1292,1.9890000000000003,2005.0,273.0,12.595266666666667,30.65564,1.8616266666666668,78.42550666666665,20.008213333333334,11.540986666666667,15.863533333333333,4.188626666666666,2005.0,4844.4,2724.72,811.28,2334.3,426.2,1511.1,0.01
11,289.0,16.7294,30.635600000000004,11.9846,91.1206,26.784800000000004,14.919599999999999,18.8058,5.3234,2005.0,289.0,3.9193999999999996,26.006800000000002,0.0,43.4652,8.1302,2.3054,5.16,1.8106,2005.0,289.0,11.25024,27.962666666666667,1.7216133333333334,69.33889333333335,16.45044,7.742279999999999,11.706693333333332,3.025853333333333,2005.0,4298.14,2376.02,912.11,2259.77,469.25,1663.4,0.01
12,305.0,14.0806,28.441200000000002,5.2796,85.21979999999999,20.8204,10.3002,13.502600000000001,5.3766,2005.0,305.0,5.47,24.0094,0.0,46.1638,5.8392,-1.728,2.7931999999999997,0.7278,2005.0,305.0,11.424506666666666,26.035546666666672,0.7629466666666667,67.8406,14.666253333333334,4.759386666666665,9.353666666666669,3.06416,2005.0,3831.42,2264.06,1085.33,2415.43,549.85,1909.75,0.12
