,DOY,INSgdmax,RADmax,RAINmax,RHmax,TMAXmax,TMINmax,Tmax,WINDmax,YEAR,DOY,INSgdmin,RADmin,RAINmin,RHmin,TMAXmin,TMINmin,Tmin,WINDmin,YEAR,DOY,INSgdmean,RADmean,RAINmean,RHmean,TMAXmean,TMINmean,Tmean,WINDmean,YEAR,NDVI,EVI,RED,NIR,BLUE,MIR,pixrel
0,113.0,28.22,32.15,14.81,88.92,26.5,13.49,19.57,5.86,2005.0,113.0,9.22,23.87,0.0,35.06,10.68,-0.27,6.6,2.11,2005.0,113.0,18.136666666666663,27.552000000000007,4.670000000000001,56.528,15.77266666666667,5.9926666666666675,11.184666666666667,4.075333333333333,2005.0,3912.5,1846.97,773.77,1779.43,386.06,1413.71,0.02
1,129.0,29.52,32.83,25.6,93.3,25.55,17.34,21.21,7.76,2005.0,129.0,4.82,23.4,0.0,28.19,9.57,-0.44,5.41,2.41,2005.0,129.0,17.804666666666666,28.026,5.466666666666666,60.82866666666667,18.593999999999998,8.343333333333334,13.656,4.564000000000001,2005.0,4358.32,2157.89,732.87,1923.53,372.8,1309.13,2.6
2,145.0,30.78,31.72,16.58,65.83,28.74,18.8,23.43,6.61,2005.0,145.0,4.25,25.74,0.0,34.53,20.33,10.2,15.77,2.11,2005.0,145.0,20.124,28.86533333333334,3.549333333333334,47.34,24.518666666666665,13.692,19.208000000000002,4.1499999999999995,2005.0,6265.84,3843.54,655.11,2789.08,410.24,1078.98,0.66
3,161.0,32.72,34.09,15.92,82.91,30.16,19.72,23.8,5.7,2005.0,161.0,13.39,26.68,0.0,37.1,22.18,12.86,18.93,1.5,2005.0,161.0,20.44666666666667,31.754666666666665,5.161333333333333,68.02799999999999,26.761333333333326,16.501333333333335,21.515333333333334,3.742666666666666,2005.0,7567.91,4944.63,403.52,3179.89,225.95,802.96,0.02
4,177.0,31.93,35.35,18.24,74.57,34.52,23.76,28.25,6.37,2005.0,177.0,9.47,28.08,0.0,39.54,25.06,12.08,19.28,1.35,2005.0,177.0,24.15333333333333,32.72,6.531333333333334,59.55066666666667,30.838000000000008,19.377333333333336,25.038,3.7213333333333325,2005.0,7563.76,5075.6,440.75,3329.36,249.37,769.88,0.17
5,193.0,29.63,33.59,10.5,61.58,35.1,23.81,29.09,5.28,2005.0,193.0,18.97,29.41,0.0,34.26,26.24,13.68,20.67,1.19,2005.0,193.0,26.212666666666674,32.22066666666667,0.7266666666666667,47.97933333333334,32.30066666666666,19.872666666666667,26.195333333333327,2.7526666666666673,2005.0,7610.45,4720.82,361.83,2982.78,191.25,719.48,2.56
6,209.0,28.66,35.71,12.98,77.32,38.96,25.53,31.32,5.2,2005.0,209.0,12.56,30.46,0.0,40.58,23.2,10.5,16.58,1.21,2005.0,209.0,20.817333333333337,33.83066666666666,4.668,58.981333333333325,32.09533333333333,19.434,25.464666666666673,3.366,2005.0,7321.96,4571.87,400.67,2973.28,208.7,796.24,5.11
7,225.0,29.2,33.84,30.62,80.38,32.14,20.75,25.96,3.36,2005.0,225.0,9.25,28.98,0.0,41.77,23.51,11.29,17.53,0.88,2005.0,225.0,21.790666666666667,31.381999999999998,5.345333333333333,64.92399999999999,28.002666666666663,16.450666666666667,22.151333333333334,2.33,2005.0,7202.67,4089.7,368.75,2603.62,193.66,717.46,5.1
8,241.0,24.95,33.48,17.91,88.04,32.11,20.09,24.98,4.67,2005.0,241.0,9.65,28.4,0.0,36.77,22.33,11.01,17.91,1.33,2005.0,241.0,19.340666666666667,30.589999999999996,2.6493333333333333,58.669333333333334,27.734666666666673,14.814666666666664,21.419333333333338,2.8833333333333333,2005.0,6890.93,3670.38,391.3,2386.18,195.4,797.51,5.1
9,257.0,20.7,35.24,63.46,81.39,33.69,23.14,27.51,5.35,2005.0,257.0,7.92,29.34,0.0,44.39,21.03,8.3,15.31,0.8,2005.0,257.0,16.009333333333334,31.603333333333335,6.269333333333333,64.48,27.104,15.495333333333338,21.312666666666665,3.21,2005.0,6007.49,3319.3,549.23,2420.71,268.33,1031.91,5.11
10,273.0,18.97,33.91,10.15,91.36,25.57,21.17,22.72,5.91,2005.0,273.0,3.64,24.77,0.0,54.74,6.81,1.47,3.72,2.22,2005.0,273.0,12.328000000000001,30.13066666666667,2.3866666666666663,76.36466666666666,19.460666666666665,10.67666666666667,15.171333333333335,4.247333333333334,2005.0,5222.97,2439.06,560.58,1869.33,281.0,902.77,2.57
11,289.0,16.6,29.66,8.23,87.84,25.51,14.26,17.37,5.38,2005.0,289.0,4.0,25.63,0.0,39.37,8.52,2.73,5.44,1.91,2005.0,289.0,11.816666666666668,27.166000000000004,0.6393333333333333,66.54333333333334,15.216,7.089333333333332,10.894,3.0600000000000005,2005.0,4486.27,1909.38,593.63,1609.11,299.91,1026.84,2.66
12,305.0,14.08,29.05,10.03,83.63,19.9,11.39,12.34,5.62,2005.0,305.0,3.6,24.41,0.0,46.29,6.75,-0.31,3.91,0.91,2005.0,305.0,10.324666666666669,25.582666666666668,1.7346666666666666,66.526,13.302666666666669,4.28,8.735333333333333,3.078666666666666,2005.0,4344.94,1753.09,577.99,1533.22,268.84,927.76,5.1
