,DOY,INSgdmax,RADmax,RAINmax,RHmax,TMAXmax,TMINmax,Tmax,WINDmax,YEAR,DOY,INSgdmin,RADmin,RAINmin,RHmin,TMAXmin,TMINmin,Tmin,WINDmin,YEAR,DOY,INSgdmean,RADmean,RAINmean,RHmean,TMAXmean,TMINmean,Tmean,WINDmean,YEAR,NDVI,EVI,RED,NIR,BLUE,MIR,pixrel
0,113.0,28.19,30.96,13.44,73.84,25.99,13.4,19.55,5.04,2005.0,113.0,3.96,23.72,0.0,32.6,8.67,-0.7,4.95,2.17,2005.0,113.0,16.29733333333333,27.367333333333328,2.746363636363637,50.98999999999999,14.816666666666665,5.373999999999999,10.150666666666666,3.3566666666666665,2005.0,4302.97,2089.53,720.34,1849.65,372.37,1322.2,0.01
1,129.0,29.48,31.61,24.61,93.18,24.68,15.01,18.83,5.36,2005.0,129.0,5.18,23.11,0.0,24.54,6.55,-1.7,4.16,1.88,2005.0,129.0,16.552666666666667,27.44466666666667,4.38,61.13666666666666,16.52466666666667,6.711333333333331,11.705333333333334,3.574,2005.0,4234.54,2394.03,1075.44,2369.13,816.91,1347.26,1.65
2,145.0,29.3,31.61,9.64,74.9,28.11,17.87,21.94,5.86,2005.0,145.0,6.34,26.03,0.0,38.94,18.1,7.68,13.58,2.06,2005.0,145.0,19.15466666666667,28.874666666666666,2.591333333333333,49.792000000000016,22.86466666666666,11.934666666666667,17.626,3.404666666666667,2005.0,6771.99,4302.67,528.57,2946.89,295.24,951.04,0.39
3,161.0,32.72,34.42,15.24,76.72,31.14,19.79,24.26,5.07,2005.0,161.0,9.68,26.14,0.0,36.99,23.18,10.61,18.82,1.48,2005.0,161.0,20.461999999999996,31.757333333333328,5.065333333333334,62.879333333333335,27.406000000000002,16.581999999999997,21.72533333333333,3.438666666666668,2005.0,7745.27,5388.96,377.98,3462.73,214.54,754.07,0.0
4,177.0,31.46,35.21,19.91,78.32,34.22,23.91,28.57,6.26,2005.0,177.0,11.81,27.07,0.0,43.19,22.76,9.81,18.34,1.67,2005.0,177.0,22.742000000000004,32.243333333333325,4.860666666666668,57.838,30.032666666666664,18.528000000000002,24.424,3.279333333333333,2005.0,7951.34,5501.63,345.18,3459.62,204.06,691.71,0.02
5,193.0,29.95,33.77,4.15,67.06,34.06,22.87,28.18,5.24,2005.0,193.0,21.1,29.52,0.0,34.03,24.94,14.77,20.13,1.56,2005.0,193.0,26.057333333333325,31.673333333333336,0.6833333333333332,49.019333333333336,31.238666666666674,19.17866666666667,25.302666666666664,2.481333333333333,2005.0,7780.67,5210.71,364.25,3299.47,210.27,692.68,0.02
6,209.0,27.86,35.6,33.04,80.95,35.2,24.47,29.45,4.18,2005.0,209.0,9.72,30.42,0.0,47.32,23.04,10.87,17.13,1.47,2005.0,209.0,20.726,33.461999999999996,5.527333333333332,62.997333333333344,30.22933333333333,19.044666666666664,24.413333333333334,2.8153333333333332,2005.0,7909.99,5046.66,314.86,3075.9,191.43,601.09,0.04
7,225.0,28.69,33.95,27.73,78.38,32.28,20.53,26.01,3.64,2005.0,225.0,4.82,27.47,0.0,38.07,22.89,11.34,17.82,1.63,2005.0,225.0,20.203999999999997,30.926666666666666,6.093999999999999,61.96133333333333,27.496000000000002,16.192666666666664,21.748666666666665,2.368666666666667,2005.0,7759.92,5006.52,336.41,3118.33,194.28,632.95,0.54
8,241.0,25.02,33.91,18.35,78.87,32.28,19.01,25.92,5.3,2005.0,241.0,5.11,27.72,0.0,34.48,23.23,11.48,17.63,1.63,2005.0,241.0,19.170666666666666,29.84466666666666,1.5613333333333335,52.412000000000006,27.02399999999999,14.931333333333333,21.129333333333328,2.9339999999999997,2005.0,7628.65,4720.7,354.29,2951.47,196.54,660.77,0.47
9,257.0,20.56,35.5,21.22,78.95,33.14,23.61,27.7,4.5,2005.0,257.0,7.85,27.04,0.0,44.73,20.65,9.29,15.92,1.06,2005.0,257.0,15.594000000000001,31.296666666666667,3.691333333333334,60.650666666666666,26.750000000000004,15.738666666666667,21.351999999999997,2.664666666666667,2005.0,7116.15,3874.4,367.47,2411.24,209.54,646.33,0.01
10,273.0,18.76,34.09,30.06,89.98,25.44,21.23,22.78,4.54,2005.0,273.0,3.1,24.88,0.0,49.54,8.01,1.98,4.57,1.62,2005.0,273.0,11.46533333333333,29.85066666666667,3.6693333333333333,73.90599999999999,18.968666666666667,11.036000000000001,15.087333333333332,3.4333333333333345,2005.0,5824.31,2759.3,489.53,1949.63,237.1,774.12,0.0
11,289.0,15.8,30.35,6.92,90.15,23.54,11.61,15.68,4.16,2005.0,289.0,5.47,23.76,0.0,42.32,7.26,2.47,5.2,1.63,2005.0,289.0,12.002666666666666,26.52,1.2753333333333332,67.42866666666667,14.293333333333333,6.274666666666665,10.192666666666668,2.6106666666666674,2005.0,5021.05,2067.65,490.63,1540.09,258.42,837.61,0.02
12,305.0,13.0,29.09,12.41,86.4,18.36,10.95,12.15,4.17,2005.0,305.0,2.3,22.43,0.0,43.37,7.32,-0.39,3.4,1.23,2005.0,305.0,8.866666666666665,25.25333333333334,2.1439999999999997,68.16533333333332,12.085333333333331,3.8706666666666667,7.903333333333333,2.6413333333333333,2005.0,4971.78,1894.73,495.01,1448.69,266.3,919.06,0.08
