,DOY,INSgdmax,RADmax,RAINmax,RHmax,TMAXmax,TMINmax,Tmax,WINDmax,YEAR,DOY,INSgdmin,RADmin,RAINmin,RHmin,TMAXmin,TMINmin,Tmin,WINDmin,YEAR,DOY,INSgdmean,RADmean,RAINmean,RHmean,TMAXmean,TMINmean,Tmean,WINDmean,YEAR,NDVI,EVI,RED,NIR,BLUE,MIR,pixrel
0,113.0,28.48,32.94,28.39,92.79,27.08,14.96,20.86,5.9,2005.0,113.0,7.24,24.23,0.0,31.63,11.18,0.53,7.31,1.85,2005.0,113.0,16.872666666666664,28.12,7.235454545454545,53.962666666666664,17.271333333333338,7.238666666666668,12.532,4.061333333333334,2005.0,4991.4,2279.53,600.97,1797.61,318.88,1065.68,0.0
1,129.0,28.4,32.8,26.36,90.6,28.77,17.48,21.68,7.26,2005.0,129.0,6.66,24.44,0.0,28.95,10.25,0.02,6.12,1.94,2005.0,129.0,19.622,28.420666666666666,4.622,60.080666666666666,20.035333333333337,9.154666666666667,14.751999999999999,4.264666666666667,2005.0,5231.41,2556.07,624.1,2006.37,330.84,1116.46,0.01
2,145.0,31.03,32.4,13.97,62.45,29.93,19.2,23.93,5.52,2005.0,145.0,6.41,25.09,0.0,29.45,21.68,10.78,16.85,2.09,2005.0,145.0,20.778666666666666,29.11733333333333,2.1679999999999997,45.49466666666665,25.439333333333334,14.158666666666669,19.92666666666667,3.9546666666666668,2005.0,5670.44,3042.57,723.7,2351.57,523.44,974.65,1.06
3,161.0,32.51,33.95,37.87,83.25,30.41,20.36,24.26,6.02,2005.0,161.0,11.09,27.86,0.0,39.25,23.23,12.67,19.62,1.24,2005.0,161.0,22.060666666666666,31.943999999999996,9.117333333333333,69.232,27.203333333333333,17.086666666666666,22.088666666666665,3.604666666666667,2005.0,7227.02,4056.56,416.84,2600.04,239.95,806.03,0.05
4,177.0,32.08,35.96,19.49,69.6,34.93,23.73,28.89,5.04,2005.0,177.0,14.72,27.9,0.0,42.76,26.75,13.66,20.76,1.47,2005.0,177.0,25.498,32.72266666666666,5.059333333333333,55.78866666666667,31.796000000000003,19.996,25.808666666666667,3.33,2005.0,7670.93,4204.09,331.38,2555.25,197.46,631.94,0.15
5,193.0,29.95,34.42,2.49,52.13,35.3,23.37,28.9,4.61,2005.0,193.0,24.05,28.76,0.0,33.11,28.82,14.41,22.06,1.07,2005.0,193.0,26.459333333333333,32.18866666666666,0.234,44.47,33.144,19.966666666666665,26.79466666666666,2.512666666666667,2005.0,7639.64,4178.56,337.89,2546.88,199.02,654.78,0.14
6,209.0,28.84,36.29,13.95,83.32,39.17,25.45,32.13,5.14,2005.0,209.0,4.54,30.2,0.0,38.08,23.9,10.36,17.27,1.67,2005.0,209.0,21.041999999999998,34.111333333333334,2.182666666666667,55.18266666666668,33.32000000000001,20.375333333333334,26.54866666666667,3.2913333333333337,2005.0,7211.62,4153.21,420.14,2648.33,244.92,742.11,0.09
7,225.0,28.94,35.39,23.47,74.89,34.02,22.13,26.95,3.44,2005.0,225.0,6.19,29.16,0.0,41.37,24.42,13.0,19.66,0.63,2005.0,225.0,20.87333333333333,32.26199999999999,5.27,60.012666666666675,29.737333333333325,17.682666666666663,23.73933333333333,2.1399999999999997,2005.0,7316.16,3834.53,357.74,2377.49,197.35,676.07,0.04
8,241.0,25.02,34.81,12.49,84.73,32.34,20.81,24.86,3.93,2005.0,241.0,8.35,29.45,0.0,36.43,22.49,11.85,21.09,0.88,2005.0,241.0,19.58466666666667,31.546666666666667,2.0846666666666667,59.11066666666667,28.446000000000005,16.338,22.42466666666667,2.477333333333333,2005.0,7084.7,3612.22,374.53,2272.98,209.17,695.44,0.08
9,257.0,21.64,36.32,18.51,83.62,34.58,24.9,28.03,4.94,2005.0,257.0,6.26,29.7,0.0,44.06,20.44,7.78,15.26,1.02,2005.0,257.0,16.745999999999995,31.951999999999998,3.632666666666667,63.904,27.694000000000003,16.36,21.966000000000005,3.0180000000000002,2005.0,6462.24,3161.12,445.67,2094.84,243.89,752.78,0.0
10,273.0,19.55,34.45,17.25,88.75,26.05,21.19,23.3,5.41,2005.0,273.0,3.13,25.6,0.0,59.19,7.51,2.39,4.33,1.84,2005.0,273.0,12.229999999999997,30.647333333333325,2.6166666666666667,77.046,20.323999999999998,11.332666666666665,15.949333333333335,3.9400000000000004,2005.0,5479.28,2542.99,545.5,1874.6,287.05,864.65,0.0
11,289.0,16.96,29.88,11.79,87.63,26.08,14.95,18.54,4.79,2005.0,289.0,3.6,25.99,0.0,36.99,8.03,2.63,5.35,1.78,2005.0,289.0,11.613999999999999,27.65066666666667,0.9786666666666666,66.994,16.29,7.562666666666667,11.650666666666666,2.939333333333333,2005.0,5296.73,2145.75,506.35,1598.35,267.23,854.35,0.06
12,305.0,14.08,29.23,7.73,91.62,20.54,11.39,13.0,4.84,2005.0,305.0,4.54,24.3,0.0,46.29,6.95,-1.55,3.67,0.85,2005.0,305.0,10.597333333333331,26.226000000000003,0.8599999999999999,67.63466666666666,14.271999999999998,4.825333333333333,9.403333333333332,3.003333333333333,2005.0,5246.06,1943.42,482.74,1463.98,249.04,748.04,0.01
