,DOY,INSgdmax,RADmax,RAINmax,RHmax,TMAXmax,TMINmax,Tmax,WINDmax,YEAR,DOY,INSgdmin,RADmin,RAINmin,RHmin,TMAXmin,TMINmin,Tmin,WINDmin,YEAR,DOY,INSgdmean,RADmean,RAINmean,RHmean,TMAXmean,TMINmean,Tmean,WINDmean,YEAR,NDVI,EVI,RED,NIR,BLUE,MIR,pixrel
0,113.0,28.44,31.14,18.48,91.14,25.7,14.01,18.87,7.27,2005.0,113.0,5.98,23.8,0.0,31.09,10.83,-0.63,6.65,1.94,2005.0,113.0,18.005333333333336,27.42466666666667,3.723636363636363,58.89533333333332,15.490666666666671,5.911999999999998,10.976,4.459333333333333,2005.0,4080.78,2721.67,1215.79,2910.07,613.89,2571.35,0.88
1,129.0,29.41,31.5,19.23,91.97,24.38,16.56,19.76,7.61,2005.0,129.0,5.47,23.04,0.0,25.81,10.6,-0.03,6.15,2.68,2005.0,129.0,18.388666666666666,28.102000000000007,4.110666666666666,62.938666666666656,18.522666666666666,8.338666666666667,13.502,5.1419999999999995,2005.0,3995.98,2635.67,1242.02,2871.1,627.1,2735.94,0.2
2,145.0,30.42,32.69,22.4,61.95,29.45,18.95,22.87,6.5,2005.0,145.0,5.83,25.81,0.0,30.29,21.23,9.83,15.83,2.21,2005.0,145.0,22.554666666666673,28.929333333333332,4.036666666666667,46.35000000000001,25.273333333333333,13.587333333333333,19.499333333333333,4.422666666666666,2005.0,4666.34,3191.1,1157.53,3147.61,590.24,2511.57,0.98
3,161.0,31.9,33.44,47.85,86.21,29.71,19.83,23.06,6.35,2005.0,161.0,12.64,28.3,0.0,47.52,22.68,12.15,18.41,0.8,2005.0,161.0,21.82933333333333,31.398666666666667,7.728000000000001,73.632,25.485333333333337,15.668666666666669,20.226,3.7326666666666672,2005.0,6462.55,4673.82,775.31,3615.28,411.43,1729.81,0.49
4,177.0,31.25,34.99,15.15,80.27,34.02,22.1,26.93,6.79,2005.0,177.0,8.5,28.94,0.0,43.63,25.16,12.76,18.76,1.02,2005.0,177.0,24.348,32.477333333333334,3.531999999999999,64.83466666666666,29.983333333333338,18.932666666666666,24.040000000000006,4.187333333333333,2005.0,7806.25,5815.56,480.12,3948.76,259.48,1093.13,0.17
5,193.0,31.54,33.77,8.48,67.58,34.35,22.65,27.66,5.33,2005.0,193.0,17.42,29.81,0.0,45.43,27.08,13.68,20.66,1.04,2005.0,193.0,26.03133333333334,32.41866666666667,1.4140000000000004,56.656666666666666,31.45200000000001,19.125999999999998,25.17,3.366666666666666,2005.0,8248.31,6192.42,374.59,4046.61,202.38,870.88,0.0
6,209.0,28.8,35.93,14.22,73.65,39.2,23.79,30.15,5.91,2005.0,209.0,11.27,30.17,0.0,41.27,22.28,9.6,15.77,2.22,2005.0,209.0,21.981333333333335,33.54800000000001,4.234,58.14333333333333,31.737333333333332,19.098666666666666,25.019999999999996,3.980666666666667,2005.0,8444.48,6711.05,364.3,4451.87,195.31,861.2,0.77
7,225.0,28.84,34.16,18.96,84.4,30.79,20.62,25.17,4.65,2005.0,225.0,8.46,29.45,0.0,42.81,21.79,10.62,16.06,1.14,2005.0,225.0,20.851999999999993,31.61933333333333,3.704,70.01733333333333,27.00666666666667,16.094,21.379333333333328,2.773333333333333,2005.0,8596.09,6349.97,294.5,4013.4,157.93,666.44,0.01
8,241.0,25.06,33.44,12.12,86.92,30.09,19.53,24.2,6.67,2005.0,241.0,7.92,28.12,0.0,34.76,22.56,10.52,17.58,0.85,2005.0,241.0,19.290000000000003,31.06866666666666,1.6893333333333334,62.300666666666665,27.238666666666667,14.898,20.870666666666672,3.1700000000000004,2005.0,7010.84,4724.25,567.85,3302.14,304.18,1020.62,0.9
9,257.0,20.7,35.75,15.76,87.26,33.59,23.47,27.57,7.68,2005.0,257.0,9.97,27.86,0.0,44.06,20.46,7.51,14.3,1.17,2005.0,257.0,16.42133333333333,31.28666666666667,1.4953333333333334,68.682,26.030000000000005,15.352,20.56733333333334,4.076666666666666,2005.0,5313.82,3350.43,865.91,2841.51,437.12,1421.04,0.0
10,273.0,18.83,33.01,12.51,94.56,25.08,20.74,21.87,6.98,2005.0,273.0,2.12,24.48,0.0,48.54,5.38,0.76,2.85,2.63,2005.0,273.0,13.108000000000002,29.704,2.1853333333333333,77.00666666666667,18.941999999999997,10.222666666666665,14.517333333333333,4.8613333333333335,2005.0,3882.88,2173.08,993.2,2241.72,502.59,1707.99,0.06
11,289.0,16.34,30.02,9.77,93.08,26.59,13.53,17.83,6.52,2005.0,289.0,4.79,25.49,0.0,45.44,7.73,2.1,4.72,1.91,2005.0,289.0,11.672666666666666,27.14,1.6239999999999997,68.02266666666667,15.176666666666668,6.560666666666666,10.376,3.292,2005.0,3248.0,1772.79,1092.19,2123.3,547.48,1903.27,0.0
12,305.0,13.46,29.34,6.0,79.51,20.74,9.08,12.78,7.04,2005.0,305.0,4.03,22.68,0.0,43.39,5.0,-2.38,2.29,1.13,2005.0,305.0,10.432666666666666,25.231999999999992,1.4666666666666666,65.39266666666667,13.62,3.7953333333333332,8.313333333333334,3.336,2005.0,3015.16,1728.24,1222.14,2260.22,605.53,2049.22,0.0
