,DOY,INSgdmax,RADmax,RAINmax,RHmax,TMAXmax,TMINmax,Tmax,WINDmax,YEAR,DOY,INSgdmin,RADmin,RAINmin,RHmin,TMAXmin,TMINmin,Tmin,WINDmin,YEAR,DOY,INSgdmean,RADmean,RAINmean,RHmean,TMAXmean,TMINmean,Tmean,WINDmean,YEAR,NDVI,EVI,RED,NIR,BLUE,MIR,pixrel
0,113.0,28.383799999999997,32.3147,47.12,89.38950000000001,27.0586,13.7736,20.380999999999997,5.7057,2005.0,113.0,5.141299999999999,23.8753,0.0,34.1212,10.128,1.2715,6.221000000000001,1.7216,2005.0,113.0,17.397299999999998,28.31862,6.366409090909091,56.221313333333335,17.094066666666667,6.780126666666664,12.22776,3.67538,2005.0,4687.65,1869.89,476.91,1425.65,254.83,899.15,0.05
1,129.0,28.937900000000003,32.471199999999996,19.1528,83.49239999999999,27.911600000000004,16.9497,20.8483,6.4921999999999995,2005.0,129.0,6.7044,24.3268,0.0,25.906499999999998,10.835,-0.04250000000000001,6.197800000000001,1.4443000000000001,2005.0,129.0,18.45164,28.69661333333333,3.4794733333333334,57.18218666666666,20.339773333333333,9.003573333333332,14.767480000000003,3.7675666666666663,2005.0,4939.12,2025.97,468.83,1481.7,271.41,802.6,0.07
2,145.0,31.425499999999996,31.4958,14.2743,67.7246,29.5742,19.490700000000004,23.551599999999997,5.244800000000001,2005.0,145.0,7.061000000000001,26.2133,0.0,32.3588,22.0935,9.987699999999998,16.3897,2.1061,2005.0,145.0,21.36364,29.02404,2.0691933333333328,44.25671333333332,25.350546666666673,13.994266666666666,19.7705,3.67184,2005.0,6383.41,3495.3,438.71,2299.54,270.36,776.2,0.06
3,161.0,32.7146,34.316300000000005,9.4229,80.54230000000001,33.2778,20.9791,25.0502,5.801200000000001,2005.0,161.0,6.2506,26.5625,0.0,37.4178,23.2766,11.867899999999999,20.1516,0.9662999999999999,2005.0,161.0,21.97598666666667,32.129213333333325,3.519526666666667,65.53988000000001,28.4617,17.776579999999996,23.10175333333334,3.4511800000000004,2005.0,7518.96,4478.11,284.56,2703.63,185.86,554.47,0.0
4,177.0,32.2609,35.43410000000001,18.3045,70.8039,36.2154,22.843400000000003,28.582099999999997,4.7931,2005.0,177.0,14.428,28.026200000000003,0.0,45.3476,26.0077,11.84,20.462600000000002,0.9240000000000002,2005.0,177.0,24.640406666666667,32.54426,5.053940000000001,57.46471333333332,32.058306666666674,18.956160000000004,25.426380000000005,2.688913333333333,2005.0,7559.46,4525.09,275.97,2704.06,189.32,533.91,0.0
5,193.0,30.9318,35.5873,6.8831,58.1991,37.268699999999995,24.543100000000003,29.3089,4.5790999999999995,2005.0,193.0,22.743199999999998,29.238699999999998,0.0,28.825499999999998,29.648899999999998,14.840499999999999,22.2757,0.7991000000000001,2005.0,193.0,26.423526666666657,32.48998,1.0804866666666668,44.70509333333333,33.776559999999996,19.947779999999998,26.973639999999993,2.4791333333333334,2005.0,7786.28,4680.17,254.63,2798.26,161.23,535.75,0.0
6,209.0,29.119099999999996,36.8967,11.0022,83.19040000000001,38.10569999999999,24.7946,30.6154,4.2534,2005.0,209.0,3.5008000000000004,30.669100000000004,0.0,40.1813,24.7139,11.0582,18.5153,1.6194000000000002,2005.0,209.0,20.623019999999997,34.092353333333335,2.782366666666667,58.57904666666667,33.23764666666667,20.04149333333334,26.372906666666665,2.694386666666667,2005.0,7746.47,4298.96,257.46,2541.95,168.2,472.04,0.28
7,225.0,28.615799999999997,35.5129,23.2715,68.87140000000001,36.097699999999996,22.297100000000004,28.6497,2.9617999999999998,2005.0,225.0,6.77,28.5845,0.0,41.645,27.302100000000003,14.282699999999998,22.107699999999998,0.40210000000000007,2005.0,225.0,21.31218,32.494166666666665,5.37814,53.88274666666668,31.630720000000004,18.841993333333335,25.193759999999994,1.9133200000000004,2005.0,7557.1,3768.87,224.22,2164.88,138.41,426.28,0.02
8,241.0,25.337,34.63,12.7653,86.56990000000002,33.8026,20.501099999999997,26.439700000000002,3.5441999999999996,2005.0,241.0,8.210999999999999,27.823399999999996,0.0,35.3246,26.0764,12.9181,20.4829,1.3369000000000002,2005.0,241.0,19.030933333333337,30.881519999999995,2.27912,55.64873333333334,29.33453333333333,16.280079999999998,22.652786666666664,2.449873333333333,2005.0,7072.53,3611.64,348.67,2217.38,228.97,595.96,0.06
9,257.0,21.292900000000003,34.7595,18.547700000000003,85.1273,35.2671,23.9368,28.4551,3.979,2005.0,257.0,6.0950999999999995,28.187599999999996,0.0,44.434099999999994,19.917,9.4288,15.1124,1.4462000000000002,2005.0,257.0,16.90377333333333,31.73852,5.182426666666667,62.161480000000005,28.476593333333337,16.685579999999995,22.56822,2.585093333333333,2005.0,6798.52,3270.56,315.8,1998.52,193.08,504.94,0.05
10,273.0,19.5596,34.4134,11.022700000000002,86.9943,28.098499999999998,21.287300000000002,23.8484,4.764599999999999,2005.0,273.0,3.2691000000000003,25.6733,0.0,60.3926,9.044,3.4876,5.811799999999999,1.7714999999999999,2005.0,273.0,12.091819999999998,30.966320000000003,2.1530199999999997,76.93161333333335,21.278453333333335,12.219973333333334,16.70921333333333,3.3747599999999993,2005.0,5759.93,2176.89,327.22,1422.21,166.22,572.32,2.58
11,289.0,17.198,30.9666,7.1579,82.9554,25.2712,14.4575,19.1231,4.1746,2005.0,289.0,1.8582,25.332499999999996,0.0,36.1427,8.7481,3.4484000000000004,5.7539,1.0579,2005.0,289.0,12.03222,27.415133333333333,0.7855799999999998,64.30696,16.631813333333334,8.221173333333335,12.425933333333333,2.7240733333333336,2005.0,5362.18,1831.04,358.34,1238.49,220.44,584.52,0.22
12,305.0,14.44,29.422,13.9652,96.205,20.3582,11.903700000000002,14.799499999999998,4.5184,2005.0,305.0,3.3379999999999996,22.9744,0.0,43.993500000000004,9.4992,1.7005000000000001,5.7768999999999995,1.2713,2005.0,305.0,10.111766666666666,26.621713333333336,2.5084400000000007,65.89912666666667,15.195086666666667,5.895366666666666,10.544833333333331,2.8972999999999995,2005.0,5356.3,1706.72,332.5,1162.13,197.8,472.41,2.65
