,DOY,INSgdmax,RADmax,RAINmax,RHmax,TMAXmax,TMINmax,Tmax,WINDmax,YEAR,DOY,INSgdmin,RADmin,RAINmin,RHmin,TMAXmin,TMINmin,Tmin,WINDmin,YEAR,DOY,INSgdmean,RADmean,RAINmean,RHmean,TMAXmean,TMINmean,Tmean,WINDmean,YEAR,NDVI,EVI,RED,NIR,BLUE,MIR,pixrel
0,113.0,28.178,31.706300000000002,21.159,91.2986,26.3782,14.5338,19.7643,6.631399999999999,2005.0,113.0,6.9992,23.857400000000002,0.0,32.605000000000004,11.0444,0.01460000000000003,7.039,2.1656,2005.0,113.0,17.231446666666667,27.809100000000004,6.046754545454546,56.934826666666666,16.165066666666664,6.558326666666668,11.650993333333332,4.348953333333334,2005.0,5743.62,3957.72,863.85,3243.28,455.97,1796.13,0.71
1,129.0,28.9375,31.807799999999997,25.7227,93.11420000000001,26.118199999999998,17.2036,20.671799999999998,7.5683,2005.0,129.0,5.2523,23.738300000000002,0.0,27.332500000000003,10.3796,0.19939999999999997,6.1024,2.5682,2005.0,129.0,18.161013333333333,28.26481333333333,6.053319999999999,62.25069333333333,18.96637333333333,8.745013333333333,13.99726,4.815226666666667,2005.0,6058.05,4214.41,813.69,3341.29,429.35,1753.86,0.09
2,145.0,30.7986,32.1134,20.2072,62.909499999999994,29.7036,19.7992,23.6868,6.320499999999999,2005.0,145.0,5.6945,25.4337,0.0,30.6661,21.299,10.4503,16.2739,2.1294,2005.0,145.0,21.390966666666667,28.90555333333333,3.6431333333333327,46.43788666666667,25.318966666666668,13.95134666666667,19.671833333333332,4.250966666666667,2005.0,6435.93,4523.84,733.94,3439.22,386.72,1521.26,0.45
3,161.0,32.246399999999994,33.5966,36.2793,85.79509999999999,29.644000000000002,19.481,23.5292,6.1377,2005.0,161.0,12.368400000000001,28.113,0.0,44.7334,22.7985,13.0206,18.991400000000002,0.8951,2005.0,161.0,20.90156,31.701753333333333,6.9223,72.17449333333332,26.14340666666667,16.34923333333333,20.940266666666666,3.7538,2005.0,6889.49,4870.36,649.44,3542.07,347.83,1438.38,0.28
4,177.0,31.6507,35.4142,18.0701,76.8752,34.3523,23.2408,27.7134,6.1234,2005.0,177.0,9.831699999999998,28.276400000000002,0.0,41.1384,25.7037,13.956,19.465600000000002,1.2267000000000001,2005.0,177.0,24.230406666666667,32.696933333333334,4.921993333333334,60.59379999999999,30.867506666666667,19.4542,24.853433333333335,3.9511000000000003,2005.0,7503.67,5211.65,498.53,3524.06,272.28,1002.26,0.27
5,193.0,30.0783,34.0811,11.153099999999998,61.29090000000001,35.123000000000005,23.2816,28.729200000000002,4.966800000000001,2005.0,193.0,19.397199999999998,29.182499999999997,0.0,37.58539999999999,27.2072,13.748999999999999,21.142,1.0251,2005.0,193.0,26.099946666666668,32.272800000000004,1.1505800000000002,51.37161999999999,32.17931999999999,19.67864,25.9732,2.95674,2005.0,7284.46,5158.4,545.74,3576.0,294.71,1143.93,0.0
6,209.0,28.5366,36.0377,15.461400000000001,77.9298,39.3964,24.9069,31.0664,5.5212,2005.0,209.0,11.3589,30.4795,0.0,39.3392,22.804,10.447400000000002,16.2568,1.8988999999999998,2005.0,209.0,21.216446666666663,33.79575333333334,4.588173333333334,57.18984666666667,32.24969333333334,19.665153333333333,25.606340000000003,3.763326666666667,2005.0,7796.14,5602.6,449.56,3730.67,245.01,956.02,0.23
7,225.0,28.8838,34.6616,21.5728,80.4374,31.549999999999997,20.801900000000003,25.7704,3.9971000000000005,2005.0,225.0,7.342599999999999,29.093899999999998,0.0,42.0022,22.7982,11.1521,17.2327,0.9614,2005.0,225.0,21.20038,31.700379999999996,5.068173333333332,66.46745333333332,27.965366666666668,16.58618,22.16181333333333,2.4771333333333336,2005.0,7988.99,5438.79,377.31,3477.73,206.85,773.53,0.11
8,241.0,24.9775,33.9744,10.551699999999999,88.2053,30.878,20.0389,24.4516,5.323799999999999,2005.0,241.0,8.944600000000001,28.6053,0.0,35.679,22.325200000000002,11.040600000000001,18.9388,0.9028,2005.0,241.0,19.41706,31.295493333333333,1.8109133333333336,61.331959999999995,27.584766666666667,15.393446666666666,21.46344666666667,2.894613333333333,2005.0,7246.5,4819.04,519.19,3277.8,283.33,1019.64,0.76
9,257.0,21.3901,35.741400000000006,41.9459,85.55359999999999,34.106700000000004,23.359699999999997,27.7665,6.4860999999999995,2005.0,257.0,8.5522,29.1128,0.0,44.0475,20.749900000000004,7.779699999999999,14.853800000000001,0.9327,2005.0,257.0,16.506253333333333,31.614873333333335,4.30626,66.74083333333333,26.678933333333333,15.73018,21.11205333333333,3.6399266666666668,2005.0,6341.34,3906.67,626.18,2829.29,333.73,1152.95,0.0
10,273.0,19.1887,33.8425,9.644400000000001,92.2356,25.1886,20.9902,22.4677,6.4541,2005.0,273.0,1.9203000000000001,24.379200000000004,0.0,51.118399999999994,6.1065000000000005,1.5070000000000001,3.3918,2.4667,2005.0,273.0,12.519773333333333,30.18114,1.8901999999999999,77.16286666666666,19.293706666666665,10.789306666666668,15.066393333333334,4.57312,2005.0,5505.12,3193.6,709.95,2488.08,380.49,1291.34,0.0
11,289.0,16.4801,29.959699999999998,10.2941,92.03369999999998,26.3619,14.0286,17.8754,5.9052,2005.0,289.0,4.2371,25.594500000000004,0.0,42.766,8.0588,2.4472000000000005,5.0366,1.9017,2005.0,289.0,11.529633333333333,27.393573333333332,1.9537466666666665,68.18564,15.474213333333335,6.985473333333333,10.836466666666666,3.1759466666666665,2005.0,4911.11,2753.3,788.55,2331.38,410.05,1445.67,0.0
12,305.0,13.5732,28.9572,4.0405,81.4985,20.415399999999998,10.2967,12.715,6.313000000000001,2005.0,305.0,4.8115,23.8358,0.0,45.8986,5.496700000000001,-1.9658,2.763,0.8049999999999999,2005.0,305.0,10.772206666666667,25.612193333333337,0.6554466666666667,66.79777333333332,13.734306666666665,4.15766,8.653760000000002,3.19778,2005.0,4335.76,2490.17,929.91,2359.31,479.64,1634.24,0.0
