,DOY,INSgdmax,RADmax,RAINmax,RHmax,TMAXmax,TMINmax,Tmax,WINDmax,YEAR,DOY,INSgdmin,RADmin,RAINmin,RHmin,TMAXmin,TMINmin,Tmin,WINDmin,YEAR,DOY,INSgdmean,RADmean,RAINmean,RHmean,TMAXmean,TMINmean,Tmean,WINDmean,YEAR,NDVI,EVI,RED,NIR,BLUE,MIR,pixrel
0,113.0,28.8,31.61,14.63,86.54,25.89,13.13,18.92,5.55,2005.0,113.0,4.97,23.9,0.0,34.71,10.29,-1.01,5.56,2.6,2005.0,113.0,17.032666666666668,27.07133333333333,5.314545454545455,56.176000000000016,14.64133333333333,5.451333333333333,10.208,4.040666666666667,2005.0,2418.57,742.37,217.72,960.78,20.51,505.0,58.74
1,129.0,29.16,32.51,28.54,94.21,25.19,17.49,20.41,7.3,2005.0,129.0,4.07,23.08,0.0,28.69,8.16,-2.34,4.32,2.62,2005.0,129.0,16.742666666666665,27.652666666666665,4.396000000000001,63.80866666666667,16.740000000000002,7.239333333333334,12.168000000000001,4.459333333333333,2005.0,3316.16,1567.24,381.65,1358.56,209.61,524.62,26.11
2,145.0,30.17,31.46,15.01,70.78,27.99,17.06,22.62,7.19,2005.0,145.0,3.06,25.88,0.0,39.17,18.61,7.99,13.86,2.01,2005.0,145.0,18.958000000000002,29.033999999999995,2.789333333333333,52.15866666666667,23.228666666666662,12.557333333333334,17.996,4.036666666666666,2005.0,4040.41,2171.69,231.76,1735.61,103.89,425.89,52.08
3,161.0,33.05,33.88,16.65,85.26,29.46,18.9,23.54,4.86,2005.0,161.0,10.87,26.06,0.0,39.27,22.2,11.13,18.25,1.73,2005.0,161.0,20.46266666666667,31.372666666666664,4.923333333333334,68.17466666666665,26.25,15.571999999999997,20.61466666666666,3.540666666666666,2005.0,4657.01,2217.64,14.71,1490.19,-68.47,141.83,51.06
4,177.0,32.29,36.43,16.3,82.11,34.35,22.65,27.73,7.21,2005.0,177.0,10.12,28.08,0.0,37.61,23.2,10.73,17.9,1.43,2005.0,177.0,21.422000000000004,32.626666666666665,5.746,63.491333333333344,29.479999999999997,18.502666666666666,23.983999999999995,3.897333333333334,2005.0,4625.05,2782.71,132.63,1935.52,26.3,305.14,43.46
5,193.0,30.13,33.73,0.94,71.44,35.26,23.82,28.92,5.42,2005.0,193.0,14.94,29.59,0.0,36.42,23.87,13.05,19.09,1.35,2005.0,193.0,26.190666666666672,32.13133333333333,0.06266666666666666,52.96333333333334,31.38466666666666,19.548000000000002,25.391333333333332,2.928,2005.0,4612.33,2596.73,68.03,1754.05,-24.49,223.86,46.0
6,209.0,28.19,35.46,15.35,81.26,37.68,24.32,29.05,4.82,2005.0,209.0,11.56,29.52,0.0,47.68,22.57,10.67,15.99,1.82,2005.0,209.0,21.857333333333337,33.36,3.853333333333333,63.138000000000005,30.538666666666664,18.267333333333333,24.133333333333336,3.400666666666666,2005.0,4860.53,2632.38,119.97,1753.12,25.41,255.38,38.4
7,225.0,29.38,34.02,23.39,91.85,30.7,20.39,25.03,3.73,2005.0,225.0,6.41,28.51,0.0,40.23,19.08,10.07,15.67,1.59,2005.0,225.0,20.77266666666667,31.09133333333334,4.874666666666666,69.76533333333333,26.090666666666667,15.623333333333335,20.69066666666666,2.6406666666666667,2005.0,4531.04,2072.79,-23.33,1430.78,-105.91,123.49,61.51
8,241.0,24.55,33.8,51.05,89.78,31.13,19.93,24.67,5.48,2005.0,241.0,10.87,27.76,0.0,37.08,21.21,10.33,15.94,1.77,2005.0,241.0,19.413333333333334,30.219999999999995,4.523999999999999,59.87933333333333,26.683333333333334,13.734000000000004,20.33533333333333,3.154666666666667,2005.0,4163.1,1582.95,-79.35,1191.47,-165.8,85.09,76.57
9,257.0,20.34,35.32,21.8,87.29,33.07,23.05,27.49,5.86,2005.0,257.0,8.5,26.78,0.0,45.4,20.07,8.03,14.43,1.15,2005.0,257.0,15.859333333333332,30.923999999999996,4.911333333333334,65.84266666666669,26.240666666666666,15.073333333333334,20.591999999999995,3.284,2005.0,4050.82,1489.43,-41.45,1141.45,-140.65,117.7,71.41
10,273.0,18.32,33.73,31.21,95.13,25.27,21.2,22.14,5.96,2005.0,273.0,2.66,24.55,0.0,53.12,5.64,0.86,3.27,2.03,2005.0,273.0,12.130666666666668,29.478666666666662,3.6859999999999995,76.82466666666666,18.27933333333333,10.089333333333336,14.258666666666665,4.158666666666666,2005.0,3237.76,1086.03,234.29,1095.81,77.19,363.63,51.32
11,289.0,16.09,29.45,10.07,89.75,24.71,12.82,15.89,5.29,2005.0,289.0,3.78,25.06,0.0,46.97,7.82,2.8,5.04,1.98,2005.0,289.0,12.033999999999999,26.585333333333335,0.84,69.566,14.116666666666669,6.082666666666666,9.846666666666668,2.9926666666666666,2005.0,2368.62,355.78,70.75,664.71,-78.29,293.36,71.55
12,305.0,13.5,29.38,7.33,85.2,19.07,10.04,11.94,5.85,2005.0,305.0,3.53,22.28,0.0,48.17,6.24,-0.07,3.54,0.83,2005.0,305.0,9.574666666666667,24.71,1.1406666666666667,69.74266666666666,11.850666666666665,3.4733333333333336,7.526666666666668,2.914666666666667,2005.0,2359.59,123.65,-57.53,465.51,-181.48,182.76,81.62
