,DOY,INSgdmax,RADmax,RAINmax,RHmax,TMAXmax,TMINmax,Tmax,WINDmax,YEAR,DOY,INSgdmin,RADmin,RAINmin,RHmin,TMAXmin,TMINmin,Tmin,WINDmin,YEAR,DOY,INSgdmean,RADmean,RAINmean,RHmean,TMAXmean,TMINmean,Tmean,WINDmean,YEAR,NDVI,EVI,RED,NIR,BLUE,MIR,pixrel
0,113.0,28.6882,32.6788,33.1744,91.17519999999999,27.428800000000003,15.370599999999998,21.082299999999996,5.801399999999999,2005.0,113.0,7.3904000000000005,24.658600000000003,0.0,31.1033,11.7026,1.042,7.903200000000001,2.0168,2005.0,113.0,17.105059999999995,28.559646666666666,9.207681818181818,53.11259333333333,18.124879999999997,8.110386666666669,13.460486666666663,3.957786666666667,2005.0,5556.53,3459.65,791.19,2782.65,417.09,1704.61,0.0
1,129.0,28.9093,32.9753,21.454999999999995,87.9071,28.4821,18.9634,21.898699999999998,5.8465,2005.0,129.0,7.4286,25.374599999999997,0.0,31.133300000000002,11.9552,0.4800999999999999,7.0053,1.5263,2005.0,129.0,21.051640000000003,28.94414,4.744486666666667,60.14533333333334,21.117693333333328,9.797486666666666,15.574900000000003,3.8595600000000005,2005.0,6235.3,4391.07,774.4,3396.71,411.19,1721.7,0.01
2,145.0,31.163800000000002,33.474999999999994,26.807499999999997,62.3675,30.309200000000004,20.1829,24.6286,4.9249,2005.0,145.0,6.3889,25.347199999999997,0.0,28.3164,23.104799999999997,11.7234,17.833699999999997,2.2613999999999996,2005.0,145.0,22.471819999999997,29.600379999999998,2.83876,44.34175333333333,26.54006666666666,14.748559999999998,20.775499999999997,3.6724333333333328,2005.0,6990.31,5066.52,624.98,3645.36,339.12,1207.73,0.01
3,161.0,31.972099999999998,34.3053,23.6772,83.5112,30.4035,21.115099999999998,24.755800000000004,5.885,2005.0,161.0,9.3582,28.576099999999997,0.0,46.488,24.717899999999997,13.102599999999999,19.799,1.0193,2005.0,161.0,22.18514666666667,32.085253333333334,8.686686666666665,70.37342,27.813306666666666,17.61158,22.612493333333337,3.4314666666666676,2005.0,6918.95,4956.15,656.14,3601.7,355.3,1485.69,0.14
4,177.0,32.213499999999996,35.7854,47.846599999999995,67.9624,35.4159,24.7253,29.227,4.338299999999999,2005.0,177.0,6.879999999999999,27.831399999999995,0.0,44.2897,27.2698,13.9375,21.855499999999996,1.1323999999999999,2005.0,177.0,24.76248666666667,32.97394666666667,6.23878,54.352666666666664,32.31818,20.324040000000004,26.212653333333332,2.8960266666666667,2005.0,7568.96,5331.93,498.66,3602.0,274.74,1035.47,0.11
5,193.0,26.768,34.81,5.8886,56.6772,35.9709,23.11,28.879,3.7052,2005.0,193.0,21.9834,29.454699999999995,0.0,34.846399999999996,29.982799999999997,14.0293,22.3697,1.1966999999999999,2005.0,193.0,25.014093333333328,32.54711999999999,0.4237266666666666,45.377273333333335,33.64966666666666,19.872293333333335,26.94986,2.3067399999999996,2005.0,7492.55,5479.52,538.39,3784.55,295.19,1061.52,0.03
6,209.0,29.5835,36.6815,8.2402,82.5962,38.664199999999994,25.6859,31.781600000000005,4.3858999999999995,2005.0,209.0,2.5103,29.9293,0.0,38.289,24.6856,10.5774,18.163200000000003,1.2851,2005.0,209.0,21.256106666666668,34.132686666666665,1.2329933333333332,52.795780000000015,34.19589333333333,20.72782666666667,27.20295333333334,2.9817,2005.0,8060.9,5447.92,366.55,3455.24,201.19,765.75,0.02
7,225.0,28.6911,36.643499999999996,29.103199999999998,80.65690000000001,35.3092,23.1192,27.8441,3.4920000000000004,2005.0,225.0,3.6349,29.564300000000003,0.0,40.2078,22.433899999999998,14.373100000000003,20.3993,0.7087,2005.0,225.0,20.10544666666667,33.013659999999994,5.230720000000001,60.085,30.701900000000002,19.012953333333332,24.724806666666666,2.031613333333333,2005.0,7756.29,5548.51,460.65,3707.52,252.91,970.04,0.02
8,241.0,25.5557,34.91890000000001,24.166400000000003,83.1399,32.8988,21.4344,25.0938,3.7834999999999996,2005.0,241.0,11.353000000000002,30.3064,0.0,37.7252,24.422400000000003,13.713499999999998,22.066499999999998,0.8477999999999999,2005.0,241.0,19.36493333333333,32.38379333333334,2.8286400000000005,60.00064,29.262326666666674,17.90976666666667,23.46546,2.2335799999999995,2005.0,7063.9,4763.94,561.79,3305.22,308.45,1089.27,0.24
9,257.0,22.637500000000003,35.861399999999996,21.5648,84.45379999999999,35.457300000000004,25.957799999999995,28.6851,4.7283,2005.0,257.0,4.5061,29.9218,0.0,42.400299999999994,17.564300000000003,9.414499999999999,14.653,1.3087,2005.0,257.0,16.89526,32.27347333333333,3.8222999999999994,64.56726,27.933926666666668,17.44234,22.632379999999998,2.8889333333333336,2005.0,5486.14,3081.58,712.4,2443.57,350.8,1413.22,0.0
10,273.0,20.2268,34.3811,27.0458,87.9919,26.4364,21.3999,23.6169,5.1861,2005.0,273.0,2.7725,25.332099999999997,0.0,62.006600000000006,8.426099999999998,3.2662000000000004,5.0847999999999995,1.5512000000000001,2005.0,273.0,12.714940000000002,30.93735333333333,4.106013333333333,78.32300666666666,20.952273333333334,12.203580000000002,16.692646666666665,3.555413333333333,2005.0,4998.61,2757.3,767.55,2294.55,404.33,1479.24,0.0
11,289.0,17.2382,30.7429,14.874500000000001,88.9655,26.406399999999998,14.855799999999999,19.419600000000003,5.0514,2005.0,289.0,2.7493000000000007,26.389300000000002,0.0,38.862700000000004,7.822,2.4379,5.4174,1.6512,2005.0,289.0,11.846993333333335,28.068446666666656,1.7533866666666662,68.49063333333334,17.333226666666665,8.18442,12.452453333333331,2.7887866666666667,2005.0,4245.99,2295.71,884.86,2175.41,456.16,1612.12,0.0
12,305.0,14.795300000000001,29.444899999999997,6.912100000000001,90.5729,21.110699999999998,11.5632,15.2315,4.8706,2005.0,305.0,5.4432,24.257900000000003,0.0,45.0407,6.9008,-1.9344000000000001,3.3244,0.8988000000000002,2005.0,305.0,11.372506666666668,26.54716,0.9069266666666667,68.42882,15.434559999999998,5.326739999999999,10.155353333333336,2.8593733333333335,2005.0,3832.31,2192.94,1038.5,2319.68,527.34,1832.11,0.04
