,DOY,INSgdmax,RADmax,RAINmax,RHmax,TMAXmax,TMINmax,Tmax,WINDmax,YEAR,DOY,INSgdmin,RADmin,RAINmin,RHmin,TMAXmin,TMINmin,Tmin,WINDmin,YEAR,DOY,INSgdmean,RADmean,RAINmean,RHmean,TMAXmean,TMINmean,Tmean,WINDmean,YEAR,NDVI,EVI,RED,NIR,BLUE,MIR,pixrel
0,113.0,28.259500000000003,32.103899999999996,18.444499999999998,90.7681,25.3859,13.4031,18.665999999999997,6.402900000000001,2005.0,113.0,5.0674,23.789200000000005,0.0,33.6584,10.773000000000001,-1.1043,5.8924,2.2876,2005.0,113.0,16.988646666666668,27.228913333333335,5.1471,58.95874666666666,14.647826666666667,5.284606666666668,10.212106666666667,4.324266666666667,2005.0,3397.0,1710.62,913.67,1883.39,448.15,1454.8,0.0
1,129.0,28.7305,31.388,29.3285,93.83000000000001,25.2214,17.246000000000002,20.341,7.7158999999999995,2005.0,129.0,4.908999999999999,23.1188,0.0,27.609799999999996,9.2333,-1.9033,4.8554,2.5389,2005.0,129.0,17.074846666666662,27.675619999999995,6.254,63.98629999999999,17.31584,7.478126666666668,12.555533333333333,4.850219999999999,2005.0,4012.72,1973.02,783.96,1869.47,390.77,1169.06,0.0
2,145.0,30.307499999999997,32.1142,22.288700000000002,66.5253,28.1235,18.4674,23.078699999999998,7.205100000000001,2005.0,145.0,4.045299999999999,25.5497,0.0,36.400099999999995,19.5647,9.115900000000002,14.5201,2.2138,2005.0,145.0,19.593846666666664,29.17392666666667,4.424906666666667,50.31242666666667,23.96319333333333,13.006593333333331,18.53282666666667,4.37298,2005.0,4065.9,2857.98,1629.62,3262.79,1508.27,1400.93,2.6
3,161.0,32.6117,33.5875,37.820800000000006,86.8211,29.066899999999997,18.9478,23.5863,5.6983,2005.0,161.0,9.3933,27.185799999999997,0.0,41.2755,21.9177,12.6296,18.2009,1.219,2005.0,161.0,20.247433333333333,31.366406666666666,6.840300000000001,71.27813333333333,25.64896666666667,15.575919999999998,20.261506666666666,3.6205733333333336,2005.0,7355.71,4299.11,393.03,2740.4,214.63,666.4,0.0
4,177.0,31.709699999999998,35.9287,20.2252,83.7835,34.0739,22.2832,27.1066,7.223800000000001,2005.0,177.0,9.4491,28.8337,0.0,38.577799999999996,23.7855,12.6802,18.098100000000002,1.2441,2005.0,177.0,22.30579333333333,32.81288000000001,5.04616,65.45268666666665,29.35839333333333,18.53859333333333,23.745933333333333,4.1252933333333335,2005.0,7785.48,4704.34,356.16,2926.66,196.57,578.81,0.34
5,193.0,30.242000000000004,34.435100000000006,9.524899999999999,67.82929999999999,35.3911,23.2318,28.6537,5.4855,2005.0,193.0,11.6215,29.8031,0.0,39.9319,24.6178,13.0761,19.541,1.3052,2005.0,193.0,25.383633333333332,32.47024666666667,0.7007133333333333,55.35955999999999,31.35649333333333,19.530453333333334,25.271353333333337,3.2420866666666663,2005.0,7521.1,4691.82,423.95,3045.5,227.7,748.61,0.0
6,209.0,28.6434,35.7025,18.393900000000002,78.9773,38.4708,23.4682,29.3268,5.5671,2005.0,209.0,11.371699999999999,29.776300000000006,0.0,45.595,22.0998,9.674600000000002,15.7734,1.8178999999999998,2005.0,209.0,21.793026666666663,33.45099333333334,5.607733333333333,61.27509333333333,30.81740666666667,18.333019999999998,24.292619999999992,3.6994533333333335,2005.0,7196.02,4628.61,505.47,3131.25,271.07,848.76,0.06
7,225.0,29.2725,33.6125,17.991,91.2015,30.463900000000002,20.5751,24.9544,4.2225,2005.0,225.0,8.4015,28.7975,0.0,41.0278,20.3738,9.755600000000001,15.4866,1.2787,2005.0,225.0,20.73751333333334,31.18450666666666,4.84386,70.72124000000001,26.207626666666663,15.7793,20.74203333333333,2.7656133333333335,2005.0,7179.85,4346.78,464.01,2887.37,239.16,867.17,0.08
8,241.0,24.759700000000002,33.3358,8.9044,89.5486,30.390299999999996,19.5499,24.256899999999998,6.0461,2005.0,241.0,11.229800000000001,27.7666,0.0,36.14339999999999,20.8228,10.251199999999999,15.841800000000001,1.4012000000000002,2005.0,241.0,19.98658,30.297513333333335,1.7688599999999999,62.00452,26.580206666666665,13.991186666666668,20.23021333333333,3.3108199999999997,2005.0,6818.71,3910.55,489.59,2647.72,247.29,929.21,0.0
9,257.0,20.7252,35.123000000000005,27.4781,88.23070000000001,33.3283,23.4711,27.4494,6.9358,2005.0,257.0,4.95,27.511200000000002,0.0,46.00540000000001,20.1412,7.7204,14.2604,1.2815,2005.0,257.0,15.537026666666664,31.16006,4.2971,67.02040666666667,26.009366666666665,15.230793333333335,20.516466666666666,3.7383133333333327,2005.0,5907.11,3364.82,636.43,2537.09,309.55,1058.7,0.0
10,273.0,18.5539,33.6814,36.706700000000005,95.5215,25.3193,20.670699999999997,21.7963,6.640299999999999,2005.0,273.0,2.5953999999999997,24.300500000000003,0.0,52.3028,5.3704,0.7636000000000001,2.8715,2.371,2005.0,273.0,12.398626666666667,29.40652,5.2110933333333325,77.6072,18.350133333333332,9.974633333333333,14.148619999999998,4.5523066666666665,2005.0,4871.84,2665.72,769.48,2275.0,384.79,1227.11,0.11
11,289.0,15.8841,29.750600000000002,8.156300000000002,92.5404,25.5801,13.1076,16.6735,5.9694,2005.0,289.0,3.5152,25.025800000000004,0.0,43.377900000000004,7.108600000000001,2.1344000000000003,4.5071,1.9481000000000002,2005.0,289.0,11.554219999999999,26.805546666666665,1.2936466666666666,69.88146,14.245619999999999,6.155853333333333,9.837866666666667,3.1852533333333333,2005.0,4132.55,2024.28,766.29,1882.57,379.82,1281.74,0.0
12,305.0,13.188600000000001,29.348300000000002,9.5177,82.8353,19.729300000000002,9.3277,12.243400000000001,6.6503000000000005,2005.0,305.0,4.6314,22.341800000000003,0.0,48.0019,5.3355999999999995,-1.7147999999999999,2.6936999999999998,0.9587,2005.0,305.0,9.947593333333334,24.83677333333333,1.2126333333333332,68.74939999999998,12.42055333333333,3.4385200000000005,7.641093333333333,3.132706666666667,2005.0,4007.02,1919.91,782.98,1856.71,361.14,1237.3,0.06
