,DOY,INSgdmax,RADmax,RAINmax,RHmax,TMAXmax,TMINmax,Tmax,WINDmax,YEAR,DOY,INSgdmin,RADmin,RAINmin,RHmin,TMAXmin,TMINmin,Tmin,WINDmin,YEAR,DOY,INSgdmean,RADmean,RAINmean,RHmean,TMAXmean,TMINmean,Tmean,WINDmean,YEAR,NDVI,EVI,RED,NIR,BLUE,MIR,pixrel
0,113.0,28.543,32.711999999999996,29.011000000000003,92.754,27.052999999999997,14.702000000000002,20.758000000000003,5.855,2005.0,113.0,7.5520000000000005,24.035000000000004,0.0,31.980999999999995,10.994,0.293,7.109,1.8439999999999999,2005.0,113.0,16.948066666666662,28.029400000000003,6.770181818181817,54.29506666666666,17.257933333333334,7.132866666666667,12.4636,3.9957333333333334,2005.0,5283.75,2502.94,537.1,1864.25,300.49,911.93,0.0
1,129.0,28.561999999999998,32.539,26.150000000000002,89.685,28.56,17.326999999999998,21.671,7.176,2005.0,129.0,6.324,24.332,0.0,28.224,10.286,-0.030999999999999996,6.072000000000001,1.8529999999999998,2005.0,129.0,19.5288,28.358466666666665,4.453799999999999,59.76326666666667,20.053533333333334,9.067066666666667,14.7152,4.180666666666667,2005.0,5847.73,2967.39,484.63,2083.36,273.15,827.71,0.0
2,145.0,31.03,32.150999999999996,13.574000000000002,63.263000000000005,29.966,19.272,23.851999999999997,5.523,2005.0,145.0,5.9030000000000005,25.372,0.0,29.744,21.769999999999996,10.710999999999999,16.802,2.126,2005.0,145.0,20.774866666666668,29.06493333333333,2.162,45.19926666666666,25.43333333333333,14.121666666666666,19.89886666666667,3.9106666666666663,2005.0,6809.06,3873.98,458.27,2555.03,272.21,809.0,0.03
3,161.0,32.584999999999994,34.013,31.578999999999997,82.428,30.923,20.501,24.374,6.023,2005.0,161.0,8.81,27.494,0.0,38.617000000000004,23.17,12.526,19.740000000000002,1.2309999999999999,2005.0,161.0,21.953466666666667,32.02519999999999,7.875333333333332,68.3282,27.458933333333334,17.212266666666668,22.302666666666664,3.575266666666666,2005.0,7436.2,4480.56,387.88,2835.41,237.19,770.17,0.05
4,177.0,32.122,35.723000000000006,21.665,69.384,35.134,23.643,28.866,5.064,2005.0,177.0,15.305,27.912,0.0,43.78,26.708000000000002,13.312000000000001,20.79,1.4249999999999998,2005.0,177.0,25.6502,32.62446666666666,5.245133333333333,55.90186666666666,31.817,19.826,25.76666666666667,3.224,2005.0,7410.43,4427.03,389.01,2770.38,250.2,716.59,0.06
5,193.0,30.166,34.300000000000004,6.018000000000001,52.54700000000001,35.417,23.172000000000004,28.975,4.619,2005.0,193.0,24.125,28.739000000000004,0.0,32.816,29.099,14.475999999999999,22.092999999999996,1.0490000000000002,2005.0,193.0,26.698733333333337,32.10386666666666,0.5394000000000001,44.1042,33.2774,19.925866666666664,26.817466666666668,2.497466666666667,2005.0,7505.77,4066.3,367.13,2521.52,221.8,699.41,0.11
6,209.0,28.957,36.343999999999994,13.617,83.527,39.266000000000005,25.426000000000002,32.13,5.034999999999999,2005.0,209.0,3.847,30.061999999999998,0.0,38.545,24.08,10.389999999999999,17.471,1.6489999999999998,2005.0,209.0,20.8572,34.117133333333335,2.419266666666667,55.613466666666675,33.3828,20.33513333333333,26.555666666666664,3.1867333333333336,2005.0,7006.2,3813.19,413.45,2418.06,256.52,742.22,0.05
7,225.0,28.931000000000004,35.432,24.622,74.131,34.419,22.346,27.223,3.359,2005.0,225.0,5.845,28.836,0.0,41.43899999999999,24.783,13.378,20.056,0.594,2005.0,225.0,21.042133333333332,32.245999999999995,5.577,58.892066666666665,30.069933333333324,17.858266666666665,23.97193333333333,2.1108,2005.0,7125.4,3697.42,376.71,2329.17,221.14,721.04,0.16
8,241.0,25.116,34.702000000000005,12.316,84.99400000000001,32.7,20.686999999999998,25.145,3.849,2005.0,241.0,7.917999999999999,29.113999999999997,0.0,36.193,22.775,11.934000000000001,21.069,0.9400000000000001,2005.0,241.0,19.58666666666667,31.380266666666667,2.0314666666666668,58.44366666666667,28.607599999999998,16.313200000000002,22.474866666666667,2.4565333333333332,2005.0,7113.61,3636.32,350.97,2260.83,209.7,677.29,0.0
9,257.0,21.586,36.008,16.113,84.025,34.553,24.683999999999997,28.156000000000002,4.76,2005.0,257.0,6.554,29.517,0.0,44.336,20.110000000000003,8.044,15.197,1.0830000000000002,2005.0,257.0,16.759399999999996,31.876399999999997,3.3584666666666667,63.439600000000006,27.829800000000006,16.3556,22.078000000000003,2.9424,2005.0,6805.88,3411.93,388.09,2168.47,234.52,665.97,0.0
10,273.0,19.451,34.429,16.851,88.144,26.197,21.205000000000002,23.384,5.287,2005.0,273.0,3.151,25.717000000000002,0.0,59.484,7.716999999999999,2.459,4.4830000000000005,1.795,2005.0,273.0,12.143,30.66553333333333,2.3726666666666665,76.83500000000001,20.4936,11.410466666666666,16.064933333333336,3.836400000000001,2005.0,5955.84,2797.94,446.01,1912.54,251.53,717.61,0.0
11,289.0,16.881999999999998,29.814,16.068,86.667,25.924,14.754999999999999,18.681,4.6370000000000005,2005.0,289.0,2.973,25.827999999999996,0.0,36.159,8.143999999999998,2.735,5.377000000000001,1.678,2005.0,289.0,11.7016,27.519866666666665,1.4232666666666667,66.432,16.362399999999997,7.5906666666666665,11.758466666666665,2.9013333333333335,2005.0,5765.05,2469.3,411.57,1678.62,234.75,690.82,0.0
12,305.0,14.035,29.113000000000003,8.222,92.39699999999999,20.561,11.507000000000001,13.261,4.711,2005.0,305.0,4.27,23.922,0.0,45.852,7.406000000000001,-0.9079999999999999,4.003,0.925,2005.0,305.0,10.504933333333332,26.1284,1.0801999999999998,67.36406666666666,14.4422,4.960533333333333,9.571733333333333,2.983733333333333,2005.0,5726.45,2204.59,411.41,1553.2,221.3,643.28,0.0
