,DOY,INSgdmax,RADmax,RAINmax,RHmax,TMAXmax,TMINmax,Tmax,WINDmax,YEAR,DOY,INSgdmin,RADmin,RAINmin,RHmin,TMAXmin,TMINmin,Tmin,WINDmin,YEAR,DOY,INSgdmean,RADmean,RAINmean,RHmean,TMAXmean,TMINmean,Tmean,WINDmean,YEAR,NDVI,EVI,RED,NIR,BLUE,MIR,pixrel
0,113.0,28.3,32.22,18.62,90.76,25.07,13.26,18.45,6.33,2005.0,113.0,4.36,23.8,0.0,33.68,10.8,-1.35,5.59,2.32,2005.0,113.0,16.770666666666667,27.11533333333334,4.99909090909091,59.27266666666665,14.312666666666665,5.026666666666667,9.904666666666667,4.320666666666667,2005.0,3180.02,1570.81,922.99,1799.51,468.27,1704.14,0.0
1,129.0,28.69,31.28,29.45,93.83,25.27,17.3,20.26,7.67,2005.0,129.0,5.26,23.0,0.0,27.95,9.02,-2.5,4.58,2.52,2005.0,129.0,17.110666666666663,27.529999999999994,5.7139999999999995,64.61,16.922000000000004,7.172666666666668,12.197333333333331,4.835999999999999,2005.0,3905.9,1942.12,811.96,1879.46,414.99,1398.34,0.08
2,145.0,30.24,32.26,21.8,68.04,27.84,18.03,22.86,7.44,2005.0,145.0,4.21,25.52,0.0,38.12,19.13,8.8,14.08,2.23,2005.0,145.0,19.080666666666666,29.298666666666673,4.448666666666667,51.47666666666666,23.62533333333333,12.753333333333332,18.24266666666667,4.38,2005.0,4369.82,2701.1,1316.47,2815.46,1155.9,1326.39,2.24
3,161.0,32.69,33.52,37.27,87.38,28.94,18.91,23.67,5.62,2005.0,161.0,8.1,27.04,0.0,41.1,21.78,12.5,18.02,1.3,2005.0,161.0,20.131333333333334,31.28666666666667,6.9060000000000015,71.15933333333334,25.516666666666666,15.352,20.074666666666666,3.563333333333333,2005.0,7211.29,4082.97,407.67,2619.15,212.85,728.14,0.01
4,177.0,31.68,36.25,20.83,85.39,33.92,21.97,26.95,7.51,2005.0,177.0,10.44,29.02,0.0,38.27,23.34,12.34,17.82,1.29,2005.0,177.0,21.88333333333333,32.828,5.242000000000001,66.66066666666666,28.95933333333333,18.321333333333328,23.463333333333335,4.157333333333333,2005.0,7528.99,4546.41,401.08,2903.64,211.32,650.83,0.41
5,193.0,30.35,34.67,9.29,69.29,35.41,23.14,28.57,5.58,2005.0,193.0,9.61,30.2,0.0,41.02,24.04,12.96,19.19,1.37,2005.0,193.0,25.233333333333334,32.59066666666667,0.6393333333333333,56.53999999999999,31.147333333333332,19.461333333333336,25.075333333333337,3.3106666666666666,2005.0,7155.78,4349.05,473.06,2893.36,245.32,903.85,0.0
6,209.0,28.8,35.5,19.05,80.33,38.19,23.02,28.83,5.64,2005.0,209.0,11.45,29.59,0.0,47.35,21.9,9.41,15.66,1.88,2005.0,209.0,22.098666666666666,33.345333333333336,5.503333333333333,62.25933333333333,30.440666666666672,17.983999999999998,23.95799999999999,3.693333333333334,2005.0,6888.27,4313.61,540.55,2974.26,284.42,1001.97,0.0
7,225.0,29.34,33.41,16.83,94.05,30.31,20.54,24.76,4.29,2005.0,225.0,8.82,28.73,0.0,40.72,19.58,9.41,15.06,1.33,2005.0,225.0,20.43133333333334,31.13266666666666,4.668,71.78,25.78066666666666,15.62,20.41533333333333,2.8473333333333333,2005.0,6750.28,4058.42,539.26,2817.23,272.03,1014.71,0.32
8,241.0,24.73,33.19,8.98,89.77,30.15,19.45,24.13,6.2,2005.0,241.0,11.84,27.61,0.0,36.3,20.38,10.1,15.21,1.52,2005.0,241.0,20.062,30.04533333333333,1.7819999999999998,62.470000000000006,26.300666666666665,13.700666666666667,19.921333333333333,3.4099999999999993,2005.0,6396.83,3689.57,554.46,2602.57,280.95,1146.23,0.0
9,257.0,20.52,34.88,16.94,88.93,33.25,23.49,27.39,7.06,2005.0,257.0,3.6,26.82,0.0,46.54,19.99,7.58,14.12,1.43,2005.0,257.0,15.28466666666666,31.004,3.758000000000001,67.21066666666667,25.808666666666667,15.123333333333337,20.352666666666664,3.763333333333333,2005.0,5653.76,3194.37,663.33,2469.11,329.21,1249.93,0.0
10,273.0,18.4,33.73,47.18,96.48,25.43,20.56,21.61,6.67,2005.0,273.0,3.13,24.26,0.0,53.21,5.23,0.58,2.75,2.29,2005.0,273.0,12.304666666666668,29.170000000000005,6.285333333333333,77.92400000000002,18.087333333333333,9.761333333333335,13.903999999999998,4.516666666666667,2005.0,4733.82,2487.32,734.23,2119.83,371.62,1273.09,0.0
11,289.0,15.66,29.81,7.7,92.67,25.41,12.87,16.39,5.91,2005.0,289.0,3.31,24.88,0.0,43.98,6.79,1.94,4.31,1.94,2005.0,289.0,11.54,26.65866666666666,1.0306666666666666,70.63799999999999,13.937999999999999,5.937333333333333,9.578666666666667,3.177333333333333,2005.0,4119.26,1998.41,744.72,1841.38,372.33,1326.48,0.05
12,305.0,13.14,29.27,11.54,84.08,19.57,8.92,12.13,6.68,2005.0,305.0,4.68,21.71,0.0,48.55,5.26,-1.65,2.61,1.01,2005.0,305.0,9.775333333333332,24.58333333333333,1.4493333333333331,69.58999999999997,12.073333333333332,3.238000000000001,7.347333333333333,3.100666666666667,2005.0,3905.08,1771.27,738.42,1710.41,349.54,1162.56,0.03
