,DOY,INSgdmax,RADmax,RAINmax,RHmax,TMAXmax,TMINmax,Tmax,WINDmax,YEAR,DOY,INSgdmin,RADmin,RAINmin,RHmin,TMAXmin,TMINmin,Tmin,WINDmin,YEAR,DOY,INSgdmean,RADmean,RAINmean,RHmean,TMAXmean,TMINmean,Tmean,WINDmean,YEAR,NDVI,EVI,RED,NIR,BLUE,MIR,pixrel
0,113.0,28.2784,32.2736,27.0068,92.426,26.934400000000004,15.3016,20.770400000000002,6.1744,2005.0,113.0,7.3184,24.067600000000002,0.0,31.7308,11.342400000000001,0.6419999999999999,7.433199999999999,2.0012,2005.0,113.0,16.669573333333332,28.185706666666672,7.396327272727273,54.42597333333333,17.167920000000002,7.333120000000001,12.548053333333332,4.202453333333334,2005.0,5740.55,3672.31,759.9,2881.03,404.0,1581.85,0.0
1,129.0,28.747199999999996,32.374399999999994,24.4784,91.73679999999999,28.3276,17.547200000000004,21.3888,7.2712,2005.0,129.0,6.559200000000001,24.3,0.0,28.6532,10.5916,0.4175999999999999,6.3831999999999995,2.2312,2005.0,129.0,19.5548,28.490106666666666,4.5902666666666665,61.07037333333333,19.89234666666667,9.267413333333334,14.716159999999999,4.45208,2005.0,6590.2,4527.54,656.65,3315.6,354.35,1181.46,0.05
2,145.0,31.192400000000003,32.3608,14.916400000000001,63.4412,30.310799999999997,19.8216,23.9972,5.772,2005.0,145.0,7.3564,25.1292,0.0,29.388399999999997,21.864800000000002,10.992799999999999,16.956400000000002,2.0675999999999997,2005.0,145.0,21.14266666666667,29.02885333333333,2.4065599999999994,45.630559999999996,25.631226666666663,14.256853333333336,20.019999999999996,4.025226666666667,2005.0,7056.73,5311.37,655.43,3877.89,356.67,1281.98,0.31
3,161.0,32.325199999999995,33.6644,32.1188,84.9916,30.1524,20.1192,24.0584,6.1655999999999995,2005.0,161.0,11.8124,28.364000000000004,0.0,43.3548,23.342,13.118,19.580800000000004,0.9768,2005.0,161.0,21.517466666666664,31.945119999999996,7.822986666666667,70.92693333333334,26.835226666666667,16.923893333333332,21.70488,3.6688799999999997,2005.0,7046.05,5046.1,621.56,3610.8,337.58,1310.56,0.07
4,177.0,31.856,35.9208,18.577199999999998,71.57679999999999,34.5604,23.746800000000004,28.5428,5.2808,2005.0,177.0,14.3784,27.9784,0.0,42.396,26.694,14.287199999999999,20.5472,1.4364,2005.0,177.0,25.276986666666666,32.69504,5.46552,56.66935999999998,31.69856,20.000106666666667,25.64290666666667,3.5588533333333334,2005.0,7454.54,4984.27,482.4,3321.17,265.21,957.84,0.02
5,193.0,29.8716,34.476,9.400400000000001,54.19080000000001,35.227199999999996,23.3812,28.9448,4.554,2005.0,193.0,23.182000000000002,29.208,0.0,34.2748,28.5512,14.27,22.037599999999998,0.9468000000000001,2005.0,193.0,26.458586666666662,32.2876,0.99,46.637946666666664,32.924479999999996,19.896853333333333,26.615093333333338,2.61048,2005.0,7051.35,4930.25,595.98,3479.58,326.02,1154.4,0.04
6,209.0,28.8176,36.0044,13.496400000000001,82.7768,39.410799999999995,25.478,31.950799999999997,5.3696,2005.0,209.0,8.269599999999999,30.524800000000003,0.0,37.581599999999995,23.519199999999998,10.5616,16.9228,1.9163999999999999,2005.0,209.0,21.205519999999996,34.01576,2.7258666666666667,55.24389333333333,33.07658666666667,20.332026666666664,26.392613333333333,3.5239199999999995,2005.0,7661.37,5175.28,444.78,3403.95,241.21,913.36,0.24
7,225.0,28.7832,35.406800000000004,23.274,75.2876,33.2304,21.5476,26.6028,3.5856,2005.0,225.0,6.531600000000001,29.1376,0.0,41.6164,23.8768,12.411999999999999,18.9376,0.6356,2005.0,225.0,20.90282666666667,32.19517333333333,5.221093333333333,61.96632,29.322559999999996,17.40341333333333,23.35853333333333,2.2236266666666666,2005.0,7678.2,5131.55,431.87,3356.57,234.56,875.87,0.11
8,241.0,25.059199999999997,34.5916,12.2772,86.05160000000001,31.5392,20.5916,24.58,4.21,2005.0,241.0,8.5908,29.349199999999996,0.0,36.3124,22.4732,11.7548,21.017200000000003,0.7959999999999999,2005.0,241.0,19.32669333333334,31.640373333333333,2.01224,60.45504000000001,28.185413333333337,16.28610666666667,22.25218666666667,2.55536,2005.0,7442.89,5148.96,505.37,3490.66,275.81,994.72,0.29
9,257.0,21.6792,35.97839999999999,28.1532,83.7096,34.7928,23.9592,28.0244,5.460800000000001,2005.0,257.0,7.128,29.3752,0.0,43.752,20.8488,7.5784,15.2936,0.9528000000000001,2005.0,257.0,16.738906666666665,31.85008,3.6091466666666667,65.18005333333333,27.346053333333337,16.22,21.704666666666668,3.2446133333333336,2005.0,6498.23,3974.14,586.03,2814.39,308.92,1175.11,0.0
10,273.0,19.589199999999998,34.4332,13.89,89.786,25.741999999999997,21.1396,23.064799999999998,5.8020000000000005,2005.0,273.0,2.7268,24.872,0.0,56.27239999999999,7.1292,2.2164,4.0388,2.0528000000000004,2005.0,273.0,12.160933333333332,30.56370666666667,1.8987466666666666,77.41821333333334,19.967466666666667,11.277786666666666,15.726453333333335,4.1722133333333336,2005.0,5938.69,3518.12,648.33,2613.34,345.99,1270.75,0.0
11,289.0,16.6968,30.1432,11.7508,89.8364,26.3712,14.726,18.456000000000003,5.142799999999999,2005.0,289.0,3.88,25.8724,0.0,40.366800000000005,8.1308,2.4787999999999997,5.2436,1.8136,2005.0,289.0,11.50312,27.684266666666666,1.5670399999999998,67.90306666666666,16.133200000000002,7.467093333333333,11.46848,3.025573333333333,2005.0,5307.56,3002.1,726.61,2403.39,377.27,1366.48,0.0
12,305.0,13.979199999999999,28.586000000000002,5.21,87.756,20.551199999999998,10.942,12.9216,5.3216,2005.0,305.0,4.9432,24.120800000000003,0.0,46.2452,6.2668,-1.7908,3.1883999999999997,0.7604,2005.0,305.0,10.954239999999999,26.02589333333334,0.6565333333333333,67.71941333333334,14.212266666666665,4.635679999999999,9.18344,3.0653066666666664,2005.0,4686.32,2794.53,909.55,2526.22,470.7,1621.1,0.03
