,DOY,INSgdmax,RADmax,RAINmax,RHmax,TMAXmax,TMINmax,Tmax,WINDmax,YEAR,DOY,INSgdmin,RADmin,RAINmin,RHmin,TMAXmin,TMINmin,Tmin,WINDmin,YEAR,DOY,INSgdmean,RADmean,RAINmean,RHmean,TMAXmean,TMINmean,Tmean,WINDmean,YEAR,NDVI,EVI,RED,NIR,BLUE,MIR,pixrel
0,113.0,27.9058,31.404400000000003,15.6311,79.3916,27.1188,14.5343,20.4258,5.451700000000001,2005.0,113.0,6.4796000000000005,24.216099999999997,0.0,36.855599999999995,9.578800000000001,-0.07250000000000001,5.3826,1.4626000000000001,2005.0,113.0,16.83015333333333,27.669926666666665,2.8588818181818185,52.56430666666667,16.1425,5.90866,11.279606666666668,3.3897999999999997,2005.0,1759.1,132.89,-75.4,597.05,-216.03,214.95,99.52
1,129.0,29.2786,32.190799999999996,20.124,82.4067,25.327,15.956900000000001,20.1099,5.7672,2005.0,129.0,5.6059,23.552300000000002,0.0,25.190400000000004,10.3948,-0.2137,5.5025,1.9308,2005.0,129.0,17.24538,27.872426666666666,4.381733333333333,56.49860666666667,18.59102,7.794733333333332,13.383353333333332,3.65794,2005.0,2831.72,1504.82,677.75,1669.91,580.89,888.86,29.33
2,145.0,30.8941,30.622700000000002,9.6783,69.8305,28.887600000000003,18.4404,22.4391,5.488300000000001,2005.0,145.0,5.5775,25.906700000000004,0.0,34.946799999999996,19.901500000000002,9.380899999999999,14.887,2.0607999999999995,2005.0,145.0,20.595660000000002,28.63376666666667,2.5477199999999995,46.10039333333334,24.11406666666667,12.932466666666667,18.707673333333336,3.5296400000000006,2005.0,2915.85,1153.53,-111.34,1124.25,-211.98,109.66,97.06
3,161.0,32.5591,33.9311,14.295700000000002,78.0368,31.660199999999996,20.707100000000004,25.122300000000003,5.488099999999999,2005.0,161.0,6.179900000000001,26.685000000000002,0.0,39.2772,22.918499999999998,11.925,19.4307,1.0821,2005.0,161.0,20.879553333333334,32.076840000000004,3.7836533333333335,64.41319999999999,27.915640000000003,17.382986666666667,22.62346666666667,3.466593333333334,2005.0,3711.68,2085.79,-176.29,1606.99,-245.26,22.48,91.85
4,177.0,32.3836,35.303399999999996,17.002499999999998,72.6118,35.1365,22.769799999999996,28.476700000000005,5.4191,2005.0,177.0,9.4775,27.2027,0.0,43.9345,24.2489,10.6195,19.197999999999997,1.5320999999999998,2005.0,177.0,23.71183333333333,32.041713333333334,4.4716733333333325,56.92421999999999,31.373893333333335,18.526220000000002,24.947799999999997,2.8118133333333337,2005.0,4038.36,2298.55,-123.53,1675.62,-173.8,67.46,79.41
5,193.0,30.283600000000003,35.1887,9.9824,64.61449999999999,35.7789,24.4398,28.823299999999996,5.0335,2005.0,193.0,20.779000000000003,29.092,0.0,29.342299999999998,27.1848,14.602900000000002,21.3784,0.8837000000000002,2005.0,193.0,26.26837333333333,31.994773333333335,1.2346133333333333,46.47410000000001,32.67084,19.588366666666666,26.237813333333335,2.4596800000000005,2005.0,4225.35,1926.65,-237.38,1378.44,-278.94,-88.96,91.87
6,209.0,28.717699999999997,35.7611,14.150399999999998,78.70419999999999,36.3381,24.2056,29.751800000000003,4.2164,2005.0,209.0,5.7784,30.081399999999995,0.0,41.3612,24.1944,11.0133,18.085800000000003,1.3521999999999998,2005.0,209.0,21.13372,33.56912666666667,4.408366666666666,60.745286666666665,31.821440000000003,19.6517,25.492053333333335,2.654226666666667,2005.0,3876.05,2011.15,-133.95,1482.34,-185.21,25.82,81.72
7,225.0,28.716699999999996,35.0028,22.5435,68.3269,34.546899999999994,21.9132,27.722,3.2005,2005.0,225.0,7.2505999999999995,27.9045,0.0,41.6332,26.2275,13.5967,20.4353,0.8286,2005.0,225.0,20.729060000000004,31.616966666666663,4.048233333333333,55.45025333333334,30.28740666666667,17.686953333333335,23.909193333333327,2.0273866666666667,2005.0,3839.12,1503.42,-241.32,1120.67,-282.87,-131.31,94.4
8,241.0,24.5986,34.217800000000004,24.4296,78.9298,33.3579,19.7845,26.2427,4.3881,2005.0,241.0,6.2786,27.2092,0.0,34.421499999999995,24.9249,12.3154,18.991000000000003,1.802,2005.0,241.0,19.568339999999996,30.13676666666667,2.581713333333333,52.19104,28.487446666666667,15.60522,22.031766666666666,2.7321933333333335,2005.0,3263.75,1413.29,-194.84,1214.46,-273.0,-61.6,102.35
9,257.0,21.5365,35.2265,17.212,84.37899999999999,34.259499999999996,23.504199999999997,27.7919,4.3824,2005.0,257.0,6.553800000000001,27.376399999999997,0.0,46.2669,21.829,8.1292,15.709699999999998,1.1895,2005.0,257.0,16.80928,31.326766666666668,3.168006666666667,60.35832666666667,28.143693333333335,16.14155333333333,22.16067333333333,2.54596,2005.0,3372.02,1107.27,-129.66,962.28,-209.23,-19.03,84.21
10,273.0,19.0125,34.31250000000001,6.564,86.3457,28.0875,21.1389,23.473599999999998,4.5085999999999995,2005.0,273.0,2.0302,25.2005,0.0,51.799099999999996,9.0061,3.5187,5.8097,1.8972999999999998,2005.0,273.0,11.424673333333331,30.298500000000004,1.3053933333333334,74.69012666666667,20.882733333333334,11.871266666666669,16.272906666666668,3.40236,2005.0,2923.77,712.1,74.11,862.12,-5.01,169.79,71.73
11,289.0,16.4122,30.483900000000002,9.764,86.559,23.6784,12.0072,17.189100000000003,3.8805,2005.0,289.0,4.9275,23.8021,0.0,40.316100000000006,9.2059,3.8211999999999997,6.382199999999999,1.3281,2005.0,289.0,11.600993333333335,26.905020000000004,1.6649999999999998,65.05167333333333,15.623039999999998,7.3359733333333335,11.463973333333334,2.63136,2005.0,1968.66,-58.82,-214.48,389.74,-313.69,-49.16,109.65
12,305.0,13.909,28.6067,15.275500000000001,92.4255,18.9998,11.092500000000001,13.879399999999999,4.337900000000001,2005.0,305.0,3.5044000000000004,22.255,0.0,42.1571,8.9634,0.3243,4.5604,1.2758999999999998,2005.0,305.0,9.607646666666666,25.666113333333335,2.3173000000000004,66.46735333333334,13.805113333333335,4.979360000000001,9.383659999999999,2.8495066666666666,2005.0,2705.35,721.4,538.26,1090.59,488.56,516.44,36.56
