,DOY,INSgdmax,RADmax,RAINmax,RHmax,TMAXmax,TMINmax,Tmax,WINDmax,YEAR,DOY,INSgdmin,RADmin,RAINmin,RHmin,TMAXmin,TMINmin,Tmin,WINDmin,YEAR,DOY,INSgdmean,RADmean,RAINmean,RHmean,TMAXmean,TMINmean,Tmean,WINDmean,YEAR,NDVI,EVI,RED,NIR,BLUE,MIR,pixrel
0,113.0,28.481399999999997,32.2294,40.6722,91.4106,26.8676,14.122600000000002,20.397399999999998,5.769399999999999,2005.0,113.0,6.0568,24.052599999999998,0.0,33.5328,10.5874,0.7928,6.7072,1.6414,2005.0,113.0,17.396173333333333,28.264333333333333,6.0496,56.34453333333334,17.375,7.098826666666666,12.529346666666667,3.73912,2005.0,5449.53,1961.63,349.51,1306.81,209.26,633.11,0.0
1,129.0,28.884600000000002,32.3178,20.8616,85.7864,28.1844,17.5214,21.288400000000003,6.3511999999999995,2005.0,129.0,6.877999999999999,24.659,0.0,27.106600000000004,11.2484,-0.2774,6.417800000000001,1.3048,2005.0,129.0,19.52901333333333,28.71876,3.793973333333333,58.18132,20.71005333333333,9.162973333333332,15.033466666666667,3.749986666666667,2005.0,5334.84,1988.22,354.21,1319.5,222.86,583.79,0.01
2,145.0,31.388199999999998,31.78,15.4214,64.83059999999999,30.2494,19.2444,23.808,5.2136,2005.0,145.0,6.349200000000001,25.9014,0.0,30.555799999999998,22.654400000000003,10.3288,16.938200000000002,1.9731999999999998,2005.0,145.0,21.67636,29.224706666666666,2.3578799999999998,43.92781333333333,25.824559999999998,14.291853333333334,20.125986666666666,3.677346666666667,2005.0,6867.1,3119.7,338.35,1943.24,193.97,597.68,0.0
3,161.0,32.471000000000004,34.486200000000004,17.622200000000003,80.093,32.6034,21.0814,24.995,5.889,2005.0,161.0,6.295200000000001,27.103399999999997,0.0,38.120999999999995,23.6162,11.8948,20.3168,1.2154,2005.0,161.0,22.269146666666668,32.23546666666667,4.425493333333334,66.00762666666667,28.56196,17.86934666666667,23.177719999999997,3.442613333333333,2005.0,7508.33,3674.64,251.8,2120.68,181.91,453.95,0.0
4,177.0,32.194,35.4802,21.3288,69.2032,36.1658,23.2456,28.6682,4.5256,2005.0,177.0,13.985600000000002,28.028800000000004,0.0,45.5038,26.439799999999998,12.51,21.0018,1.0493999999999999,2005.0,177.0,25.154706666666666,32.666653333333336,4.78168,56.88274666666666,32.24242666666667,19.273173333333332,25.643173333333337,2.6803333333333335,2005.0,7229.06,3663.37,271.54,2127.64,207.63,464.88,0.0
5,193.0,30.1006,35.299,8.5786,58.4346,37.131,23.970599999999997,29.1866,4.275,2005.0,193.0,22.036,29.258200000000002,0.0,30.611600000000003,30.2122,14.6686,22.489800000000002,0.8774,2005.0,193.0,26.134120000000003,32.49098666666667,1.11024,45.12031999999999,33.78598666666666,19.958199999999998,26.96116,2.4552,2005.0,7352.38,3651.11,267.34,2099.67,201.62,434.64,0.0
6,209.0,29.3308,36.867599999999996,10.088799999999999,81.846,38.389399999999995,25.152400000000004,30.965400000000002,4.246,2005.0,209.0,3.4602000000000004,30.299799999999998,0.0,40.2352,24.75,11.0956,18.624,1.5378,2005.0,209.0,20.894,34.09892,2.2008,57.31759999999999,33.58132,20.194333333333336,26.606306666666665,2.722226666666667,2005.0,7611.92,3588.41,234.93,2049.61,167.25,402.46,0.25
7,225.0,28.753600000000002,35.9668,25.6202,71.7776,36.118399999999994,22.6796,28.5876,3.0856,2005.0,225.0,5.4858,28.788600000000002,0.0,41.2492,26.0974,14.736,21.8854,0.5832,2005.0,225.0,20.842320000000004,32.768773333333336,5.970213333333334,55.33837333333334,31.622853333333335,19.105106666666668,25.253026666666663,1.9696666666666671,2005.0,7396.28,2996.58,211.43,1672.38,150.92,358.98,0.0
8,241.0,25.2234,34.711400000000005,13.496599999999999,83.7372,34.1176,20.9932,26.3922,3.6518000000000006,2005.0,241.0,8.1054,28.6686,0.0,35.267799999999994,25.318,13.436000000000002,21.0202,1.2666,2005.0,241.0,19.31854666666667,31.353093333333334,2.09356,55.669586666666675,29.631626666666662,16.881706666666663,23.096746666666668,2.38036,2005.0,7072.31,2755.11,231.3,1574.68,156.18,372.46,0.0
9,257.0,21.468200000000003,35.1068,16.0178,85.144,35.2106,24.1856,28.688399999999998,4.0826,2005.0,257.0,5.699200000000001,28.7292,0.0,43.863600000000005,18.6022,9.349799999999998,14.9396,1.3382,2005.0,257.0,16.842093333333334,31.934773333333336,4.2637961904761905,62.60662666666667,28.47544,16.97704,22.742626666666666,2.62192,2005.0,6550.72,2664.5,288.44,1600.58,183.12,392.3,0.0
10,273.0,19.623,34.4324,18.5482,87.2996,27.77,21.321999999999996,23.842800000000004,4.7936,2005.0,273.0,2.9782,26.135,0.0,60.407599999999995,8.8836,3.4432,5.679,1.7002000000000002,2005.0,273.0,12.162733333333334,31.03637333333333,2.894146666666667,77.32869333333335,21.369439999999997,12.325573333333335,16.8214,3.38136,2005.0,6096.8,1977.74,258.61,1200.93,155.52,408.24,0.0
11,289.0,17.1764,30.5456,13.8048,84.1048,25.800199999999997,14.427,19.3958,4.5112,2005.0,289.0,1.7388,25.775000000000002,0.0,34.7864,8.4772,2.9032,5.578,1.1446,2005.0,289.0,12.145386666666667,27.63553333333333,1.48964,65.01136000000001,17.020613333333333,8.199213333333335,12.564893333333332,2.747586666666667,2005.0,6230.81,1837.13,232.22,1085.66,152.91,369.13,0.08
12,305.0,14.439,29.6784,10.667199999999998,94.60619999999999,20.577599999999997,12.689400000000001,15.2198,4.760999999999999,2005.0,305.0,4.2802,23.436600000000002,0.0,44.0832,8.936,0.9865999999999999,5.2472,1.1588,2005.0,305.0,10.396653333333333,26.537813333333336,1.8980666666666668,66.70789333333333,15.395946666666667,5.868799999999999,10.595786666666665,2.873173333333333,2005.0,6116.84,1739.47,250.31,1058.67,161.38,269.59,0.26
