,DOY,INSgdmax,RADmax,RAINmax,RHmax,TMAXmax,TMINmax,Tmax,WINDmax,YEAR,DOY,INSgdmin,RADmin,RAINmin,RHmin,TMAXmin,TMINmin,Tmin,WINDmin,YEAR,DOY,INSgdmean,RADmean,RAINmean,RHmean,TMAXmean,TMINmean,Tmean,WINDmean,YEAR,NDVI,EVI,RED,NIR,BLUE,MIR,pixrel
0,113.0,28.572400000000002,32.83,30.4844,92.08600000000001,27.234,15.136,20.956799999999998,5.856,2005.0,113.0,7.3016000000000005,24.419200000000004,0.0,31.396800000000002,11.4088,0.7544000000000001,7.569599999999999,1.9203999999999999,2005.0,113.0,16.975919999999995,28.31272,8.107454545454544,53.58749333333333,17.647093333333334,7.620880000000001,12.940026666666665,4.0144,2005.0,6260.27,4034.81,686.98,3010.95,366.72,1275.38,0.0
1,129.0,28.624399999999998,32.8792,24.1468,89.4076,28.6468,18.1356,21.776799999999998,6.635199999999999,2005.0,129.0,6.994400000000001,24.8536,0.0,29.9048,10.998,0.21799999999999997,6.507200000000001,1.7551999999999999,2005.0,129.0,20.250906666666666,28.651813333333333,4.670106666666667,60.100026666666665,20.512880000000003,9.436266666666667,15.113973333333334,4.084853333333333,2005.0,7109.88,5090.76,600.33,3605.87,330.73,1058.22,0.0
2,145.0,31.096,32.8752,19.6988,62.3928,30.0928,19.6312,24.238,5.256,2005.0,145.0,6.3792,25.2,0.0,28.944000000000003,22.309199999999997,11.1936,17.281200000000002,2.1647999999999996,2005.0,145.0,21.523146666666666,29.328826666666664,2.46896,44.98514666666666,25.92245333333333,14.416799999999999,20.2992,3.83,2005.0,7531.98,5586.8,537.46,3859.45,298.04,1018.68,0.08
3,161.0,32.2724,34.1084,31.613199999999996,83.3512,30.410000000000004,20.6944,24.480000000000004,5.958399999999999,2005.0,161.0,10.3464,28.1768,0.0,42.4092,23.885599999999997,12.8592,19.699199999999998,1.1432,2005.0,161.0,22.118746666666667,32.006186666666665,8.928426666666667,69.72538666666667,27.474666666666668,17.318693333333336,22.32128,3.52752,2005.0,7438.59,5308.19,534.83,3646.43,293.29,1062.58,0.05
4,177.0,32.1416,35.8808,32.0036,68.874,35.1456,24.17,29.0396,4.7276,2005.0,177.0,11.2528,27.8692,0.0,43.428799999999995,26.9788,13.7788,21.244,1.3203999999999998,2005.0,177.0,25.172693333333335,32.83354666666666,5.5802933333333335,55.15536,32.02626666666667,20.139733333333332,25.98672,3.136986666666667,2005.0,7606.6,5251.65,471.55,3487.59,263.87,913.2,0.41
5,193.0,28.542,34.5916,3.9859999999999998,54.1408,35.599199999999996,23.2556,28.891199999999998,4.2096,2005.0,193.0,23.1304,29.0636,0.0,33.8668,29.3348,14.2428,22.196399999999997,1.1272000000000002,2005.0,193.0,25.81781333333333,32.34618666666667,0.31642666666666663,44.8572,33.36810666666666,19.925306666666664,26.86389333333333,2.421733333333333,2005.0,7014.96,4804.2,587.05,3366.79,323.45,1131.32,0.06
6,209.0,29.17,36.461600000000004,11.424399999999999,82.99,38.9456,25.555600000000002,31.976000000000006,4.8056,2005.0,209.0,3.6336000000000004,30.0768,0.0,38.181200000000004,24.2476,10.4568,17.666,1.4984,2005.0,209.0,21.134986666666666,34.12072,1.7588000000000004,54.13253333333334,33.706906666666676,20.53109333333333,26.83730666666667,3.153173333333333,2005.0,7143.76,4606.39,512.56,3107.08,282.6,1006.53,0.26
7,225.0,28.830000000000005,35.9444,25.9384,77.41120000000001,34.592,22.57,27.346000000000004,3.4619999999999997,2005.0,225.0,5.0680000000000005,29.336,0.0,40.855199999999996,23.5488,13.6072,19.990000000000002,0.6652,2005.0,225.0,20.536,32.59229333333333,5.246533333333334,60.029386666666674,30.165599999999998,18.270506666666662,24.17581333333333,2.091893333333333,2005.0,7408.95,4977.42,498.04,3350.65,272.26,973.05,0.14
8,241.0,25.257599999999996,34.8584,17.616,84.0084,32.595200000000006,21.0828,24.9656,3.864,2005.0,241.0,9.6832,29.828400000000002,0.0,36.9888,23.339199999999998,12.6728,21.5212,0.8668,2005.0,241.0,19.48992,31.915386666666663,2.40792,59.48232,28.80914666666667,17.03056,22.884906666666666,2.36968,2005.0,7422.16,4997.77,491.76,3346.79,270.72,1015.24,0.44
9,257.0,22.080000000000002,36.1176,19.830000000000005,83.9808,34.9672,25.370799999999996,28.320400000000003,4.8432,2005.0,257.0,5.4856,29.7968,0.0,43.3296,19.168400000000002,8.506,14.991600000000002,1.1476000000000002,2005.0,257.0,16.811706666666666,32.09338666666667,3.7174400000000003,64.18501333333333,27.80224,16.83784,22.26168,2.959626666666667,2005.0,7095.1,4505.54,511.07,3042.33,278.59,1015.33,0.0
10,273.0,19.8492,34.419200000000004,21.5796,88.41120000000001,26.221600000000002,21.2824,23.4408,5.3088,2005.0,273.0,2.9715999999999996,25.4856,0.0,60.4352,7.9148,2.7771999999999997,4.6644000000000005,1.7124000000000001,2005.0,273.0,12.440906666666667,30.77522666666666,3.27872,77.60304,20.602666666666664,11.716933333333333,16.27816,3.7689866666666667,2005.0,6642.55,4043.84,564.75,2830.78,299.5,1095.5,0.0
11,289.0,17.083199999999998,30.2584,13.1584,88.2108,26.2208,14.905999999999999,18.9272,4.9044,2005.0,289.0,3.2216,26.165999999999997,0.0,37.790800000000004,7.9376,2.5464,5.380799999999999,1.7227999999999999,2005.0,289.0,11.720186666666667,27.833413333333333,1.3215733333333333,67.64432,16.75024,7.836053333333332,12.004426666666667,2.872453333333333,2005.0,5923.43,3445.84,651.47,2575.88,343.03,1193.33,0.0
12,305.0,14.3968,29.3268,7.364800000000001,91.18,20.790799999999997,11.473600000000001,13.985600000000002,4.853199999999999,2005.0,305.0,4.936,24.2824,0.0,45.7356,6.9323999999999995,-1.7216,3.5203999999999995,0.8720000000000001,2005.0,305.0,10.937013333333333,26.368560000000002,0.8796533333333333,67.98637333333335,14.783866666666665,5.046799999999999,9.735679999999999,2.9393866666666666,2005.0,5378.93,3173.81,763.41,2569.56,399.61,1319.86,0.0
