,DOY,INSgdmax,RADmax,RAINmax,RHmax,TMAXmax,TMINmax,Tmax,WINDmax,YEAR,DOY,INSgdmin,RADmin,RAINmin,RHmin,TMAXmin,TMINmin,Tmin,WINDmin,YEAR,DOY,INSgdmean,RADmean,RAINmean,RHmean,TMAXmean,TMINmean,Tmean,WINDmean,YEAR,NDVI,EVI,RED,NIR,BLUE,MIR,pixrel
0,113.0,28.91,31.79,20.8,82.64,26.7,13.56,19.87,5.45,2005.0,113.0,8.5,24.01,0.0,34.92,10.29,0.1,6.27,2.03,2005.0,113.0,17.77266666666667,27.596,3.3818181818181823,54.48666666666666,16.131333333333334,6.088666666666666,11.332666666666666,3.741999999999999,2005.0,5420.91,2364.79,519.72,1736.58,262.15,946.49,0.0
1,129.0,29.48,32.26,27.75,92.06,26.14,17.09,21.17,7.03,2005.0,129.0,4.25,23.29,0.0,25.59,9.56,-0.3,5.36,2.16,2005.0,129.0,18.27066666666667,27.721999999999998,4.537999999999999,59.11866666666667,18.621999999999996,8.246666666666668,13.584666666666667,4.128666666666667,2005.0,5587.95,2477.46,508.65,1781.48,263.75,827.93,0.15
2,145.0,31.21,31.68,8.64,67.06,28.76,19.55,23.32,6.27,2005.0,145.0,2.77,26.03,0.0,35.24,20.18,9.92,15.52,2.15,2005.0,145.0,20.209999999999994,28.93,2.0233333333333334,46.52333333333333,24.404666666666664,13.58866666666667,19.110666666666663,3.833999999999999,2005.0,7170.9,4117.8,437.09,2667.73,235.79,795.85,0.0
3,161.0,32.83,34.27,24.23,79.72,30.59,20.22,24.13,5.77,2005.0,161.0,7.16,26.24,0.0,36.93,22.53,12.72,19.42,1.84,2005.0,161.0,21.052666666666664,31.946000000000005,4.882,65.546,27.410666666666668,16.844,22.10866666666667,3.611333333333334,2005.0,8052.07,5166.64,334.61,3199.73,188.57,680.94,0.0
4,177.0,31.68,35.75,22.11,74.34,35.09,23.25,28.63,6.09,2005.0,177.0,10.66,27.83,0.0,43.96,24.66,10.8,19.48,1.62,2005.0,177.0,24.228666666666662,32.36666666666667,5.1659999999999995,58.61533333333334,30.80533333333334,19.157333333333334,25.075333333333333,3.3013333333333335,2005.0,8369.03,5258.87,271.39,3148.36,155.73,572.64,0.0
5,193.0,29.7,33.66,13.8,60.01,35.08,23.42,28.66,5.2,2005.0,193.0,22.93,28.87,0.0,34.2,27.19,14.33,21.07,1.34,2005.0,193.0,26.790666666666663,31.76733333333333,1.194,46.153999999999996,32.425333333333334,19.457333333333338,26.122666666666667,2.5193333333333334,2005.0,8364.16,5226.97,273.67,3127.46,156.53,576.49,0.0
6,209.0,28.94,35.82,17.64,78.11,38.33,25.43,31.63,4.91,2005.0,209.0,1.48,29.88,0.0,40.93,23.86,10.29,17.2,1.05,2005.0,209.0,20.040666666666663,33.82666666666667,5.185333333333333,59.64200000000001,32.212,19.58133333333333,25.637333333333334,3.0086666666666675,2005.0,8299.62,4843.93,261.98,2849.4,149.52,525.18,0.17
7,225.0,28.73,33.95,23.88,74.31,33.5,21.35,26.57,3.46,2005.0,225.0,8.71,27.54,0.0,42.09,24.78,12.61,18.74,1.19,2005.0,225.0,21.340666666666667,31.365333333333332,4.585333333333334,60.77266666666665,29.025333333333332,16.91533333333333,22.854666666666667,2.2006666666666663,2005.0,8243.41,4370.75,241.76,2525.82,130.71,500.55,0.03
8,241.0,24.59,33.52,34.74,88.27,32.96,19.74,25.33,4.54,2005.0,241.0,9.9,27.97,0.0,36.57,23.87,11.38,18.59,1.54,2005.0,241.0,19.642000000000003,30.458000000000006,3.3773333333333335,56.908666666666676,28.04133333333333,14.931333333333335,21.641333333333332,2.6839999999999997,2005.0,7547.91,3988.66,342.49,2435.05,188.79,616.47,0.01
9,257.0,21.35,35.82,22.06,84.89,33.72,23.89,27.37,4.64,2005.0,257.0,8.32,29.05,0.0,46.81,21.38,8.45,15.71,0.91,2005.0,257.0,16.35533333333333,31.788,3.322,63.564666666666675,27.304000000000006,15.560666666666664,21.49666666666667,2.8093333333333335,2005.0,7218.53,3497.77,352.69,2158.32,184.29,618.97,0.0
10,273.0,18.86,33.73,9.38,89.06,25.53,21.23,22.99,5.1,2005.0,273.0,2.95,25.45,0.0,57.76,7.67,1.6,4.18,1.91,2005.0,273.0,11.412,30.237333333333336,1.7586666666666664,75.80466666666666,19.912,10.771999999999998,15.47,3.743333333333333,2005.0,6216.16,2502.26,386.62,1646.17,184.95,675.13,0.0
11,289.0,16.45,29.59,5.48,85.78,24.95,14.3,17.68,4.45,2005.0,289.0,4.64,25.92,0.0,40.33,8.67,3.12,6.0,1.67,2005.0,289.0,11.964666666666666,27.136666666666667,0.9066666666666667,64.51599999999999,15.486666666666668,7.3533333333333335,11.277999999999999,2.841333333333333,2005.0,5740.92,2042.7,371.65,1368.49,186.92,664.16,0.0
12,305.0,13.43,29.09,7.57,85.21,19.93,11.53,12.57,4.59,2005.0,305.0,3.82,23.18,0.0,44.25,8.38,0.54,5.03,1.1,2005.0,305.0,9.889999999999999,25.785999999999994,1.31,66.11200000000001,13.594666666666672,4.596,9.068,2.8946666666666663,2005.0,5887.27,1896.86,322.27,1235.3,153.68,604.54,0.0
