,DOY,INSgdmax,RADmax,RAINmax,RHmax,TMAXmax,TMINmax,Tmax,WINDmax,YEAR,DOY,INSgdmin,RADmin,RAINmin,RHmin,TMAXmin,TMINmin,Tmin,WINDmin,YEAR,DOY,INSgdmean,RADmean,RAINmean,RHmean,TMAXmean,TMINmean,Tmean,WINDmean,YEAR,NDVI,EVI,RED,NIR,BLUE,MIR,pixrel
0,113.0,28.304599999999997,32.0745,18.043499999999998,90.37379999999999,25.435900000000004,13.373099999999999,18.6972,6.3129,2005.0,113.0,5.131,23.8013,0.0,33.7862,10.7336,-1.0902,5.8643,2.3097,2005.0,113.0,17.01022,27.21746,5.135054545454547,58.68680666666665,14.655853333333331,5.299793333333334,10.21784,4.293839999999999,2005.0,3597.01,1762.4,850.8,1820.31,435.31,1590.47,0.0
1,129.0,28.7855,31.512900000000002,29.162699999999997,93.8445,25.2324,17.2724,20.3665,7.680499999999999,2005.0,129.0,4.8656,23.115199999999998,0.0,27.7392,9.1415,-1.9392000000000003,4.8085,2.5401,2005.0,129.0,17.072859999999995,27.673346666666664,6.0411399999999995,63.92425333333334,17.27850666666667,7.462013333333334,12.530613333333331,4.809293333333333,2005.0,4447.84,2326.63,784.37,2066.41,409.05,1348.61,0.01
2,145.0,30.3056,32.061,21.4984,66.95870000000001,28.11,18.3319,23.036099999999998,7.2036999999999995,2005.0,145.0,3.985,25.5796,0.0,36.6949,19.478599999999997,9.0346,14.4717,2.1955999999999998,2005.0,145.0,19.5203,29.162853333333338,4.26958,50.458486666666666,23.895693333333327,12.972173333333334,18.488319999999998,4.3399133333333335,2005.0,5334.12,3697.86,982.58,3051.0,801.35,1298.01,1.96
3,161.00000000000003,32.655899999999995,33.6209,35.428700000000006,86.6209,29.1216,18.9643,23.595299999999998,5.625400000000001,2005.0,161.00000000000003,9.5341,27.069599999999998,0.0,40.976600000000005,21.9378,12.506799999999998,18.2131,1.2744,2005.0,161.00000000000003,20.2619,31.37256,6.641513333333334,70.92342000000001,25.720473333333334,15.586533333333334,20.31332666666667,3.6135399999999995,2005.0,7501.83,4608.3,400.78,2955.96,215.83,746.63,0.1
4,177.0,31.760499999999997,35.9756,19.8971,83.494,34.09780000000001,22.3333,27.179,7.2185999999999995,2005.0,177.0,9.577900000000001,28.764800000000005,0.0,38.5061,23.743399999999998,12.480599999999997,18.096799999999998,1.2656,2005.0,177.0,22.258753333333328,32.79633333333333,5.161426666666667,65.20953999999999,29.38250666666666,18.544546666666665,23.78249333333334,4.097346666666667,2005.0,7543.58,5022.35,447.35,3317.76,243.36,757.36,0.21
5,193.0,30.2228,34.371,8.849699999999999,68.0405,35.37329999999999,23.289300000000004,28.6818,5.4812,2005.0,193.0,11.9562,29.8041,0.0,39.5626,24.563200000000002,13.083400000000001,19.5124,1.3102,2005.0,193.0,25.46176666666667,32.444700000000005,0.6458333333333333,55.03520666666666,31.371346666666664,19.53692666666667,25.293933333333335,3.2074333333333334,2005.0,7287.28,4575.02,464.46,3028.52,246.17,876.33,0.0
6,209.0,28.6194,35.6681,18.0373,79.21189999999999,38.4011,23.5645,29.327099999999994,5.501799999999999,2005.0,209.0,11.428299999999998,29.762299999999996,0.0,45.743300000000005,22.155400000000004,9.7591,15.8064,1.8044999999999998,2005.0,209.0,21.79188,33.447160000000004,5.43134,61.42931333333334,30.805120000000002,18.334553333333336,24.289879999999997,3.6650866666666673,2005.0,7228.72,4617.46,486.35,3088.26,258.67,910.66,0.01
7,225.0,29.284,33.6367,18.7145,91.1429,30.521500000000003,20.562899999999996,24.976000000000003,4.1623,2005.0,225.0,8.299100000000001,28.774900000000002,0.0,40.9631,20.3047,9.800799999999999,15.5305,1.2954999999999999,2005.0,225.0,20.748900000000006,31.17908,4.848146666666667,70.55045333333334,26.220019999999998,15.774986666666665,20.755639999999996,2.748693333333333,2005.0,7033.91,4153.04,471.25,2765.75,244.85,901.3,0.37
8,241.0,24.7464,33.366299999999995,12.5519,89.5385,30.483,19.589,24.302100000000003,5.9711,2005.0,241.0,11.199499999999999,27.773300000000003,0.0,36.24889999999999,20.865699999999997,10.268899999999999,15.8642,1.4375,2005.0,241.0,19.927013333333335,30.281126666666665,2.0166733333333333,61.769446666666674,26.602073333333333,13.973473333333335,20.251073333333334,3.29296,2005.0,6908.51,3897.05,468.3,2590.18,245.7,958.11,0.0
9,257.0,20.678199999999997,35.124,27.311,88.0028,33.312599999999996,23.4289,27.450000000000003,6.8115,2005.0,257.0,5.2216,27.4556,0.0,45.9487,20.1508,7.752,14.2949,1.2677,2005.0,257.0,15.558006666666664,31.14274,4.3648733333333345,66.86428,26.045620000000003,15.218053333333337,20.534079999999996,3.6879999999999993,2005.0,6257.7,3698.49,621.03,2715.24,315.05,1194.33,0.01
10,273.0,18.536099999999998,33.6958,36.25769999999999,95.43739999999998,25.3312,20.7197,21.837499999999995,6.566199999999999,2005.0,273.0,2.6721,24.3315,0.0,52.5095,5.4246,0.7787000000000001,2.9197,2.3331,2005.0,273.0,12.368006666666666,29.416233333333334,5.08512,77.53114000000002,18.358026666666664,9.988833333333334,14.169713333333332,4.508986666666666,2005.0,5212.37,2738.33,675.23,2186.19,344.93,1127.0,0.09
11,289.0,15.905199999999999,29.728299999999997,8.2773,92.1859,25.4956,13.1013,16.610400000000002,5.892900000000001,2005.0,289.0,3.5355000000000003,25.0357,0.0,43.5903,7.1839,2.1909,4.562899999999999,1.9488999999999996,2005.0,289.0,11.599406666666665,26.787699999999997,1.2179533333333332,69.81296,14.241286666666666,6.161573333333333,9.850766666666667,3.165493333333333,2005.0,4471.04,2086.86,673.24,1796.6,342.77,1199.5,0.02
12,305.0,13.236600000000001,29.336000000000002,9.5101,83.14189999999999,19.669700000000002,9.4159,12.2135,6.5576,2005.0,305.0,4.516,22.3514,0.0,48.0052,5.444699999999999,-1.5362,2.7916000000000003,0.9508,2005.0,305.0,9.91612,24.829953333333332,1.2403333333333333,68.82535999999998,12.375319999999999,3.451473333333334,7.64268,3.1112333333333333,2005.0,4130.72,1766.43,656.47,1601.39,319.22,1057.45,0.0
