,DOY,INSgdmax,RADmax,RAINmax,RHmax,TMAXmax,TMINmax,Tmax,WINDmax,YEAR,DOY,INSgdmin,RADmin,RAINmin,RHmin,TMAXmin,TMINmin,Tmin,WINDmin,YEAR,DOY,INSgdmean,RADmean,RAINmean,RHmean,TMAXmean,TMINmean,Tmean,WINDmean,YEAR,NDVI,EVI,RED,NIR,BLUE,MIR,pixrel
0,113.0,28.214400000000005,31.504399999999997,12.47,81.2984,25.9956,13.3028,19.447999999999997,5.118,2005.0,113.0,3.4819999999999998,23.976799999999997,0.0,31.6188,9.800399999999998,-0.7316,5.3968,2.4464,2005.0,113.0,16.37986666666667,27.36253333333333,2.863927272727273,52.758399999999995,14.844213333333332,5.735493333333334,10.43456,3.6592266666666666,2005.0,4367.44,1917.01,604.91,1608.47,315.75,1106.7,0.01
1,129.0,28.987199999999998,31.713199999999997,31.554399999999998,94.43079999999999,25.170800000000003,16.3188,19.834,6.426399999999999,2005.0,129.0,3.5132,23.32,0.0,25.541200000000003,7.3248,-2.0231999999999997,4.147199999999999,2.2648,2005.0,129.0,16.71258666666667,27.556026666666668,5.789280000000001,62.15682666666666,16.6632,7.118373333333333,12.016959999999997,3.9671733333333337,2005.0,5066.28,2412.24,602.66,1837.86,389.84,893.5,0.79
2,145.0,29.094800000000003,32.0552,14.9044,72.95919999999998,28.201199999999996,17.252000000000002,22.668000000000003,6.518,2005.0,145.0,6.0648,25.812799999999996,0.0,38.354000000000006,18.216399999999997,7.6636000000000015,13.850399999999999,2.0004,2005.0,145.0,18.834480000000003,29.11592,2.175573333333333,51.143626666666655,23.100026666666665,12.399893333333337,17.862240000000003,3.6539466666666667,2005.0,7067.46,4319.63,448.99,2811.28,281.0,741.15,0.56
3,161.0,32.9444,34.3984,22.6788,81.1032,29.882399999999997,19.284000000000002,23.4728,5.013599999999999,2005.0,161.0,11.561199999999998,26.06,0.0,36.764399999999995,22.622400000000003,10.745999999999999,18.6052,1.7875999999999999,2005.0,161.0,20.69626666666667,31.551226666666672,5.890373333333334,65.44378666666668,26.91432,15.957279999999999,21.17274666666667,3.4913866666666666,2005.0,8073.41,5263.91,293.95,3239.45,174.93,607.25,0.0
4,177.0,31.6372,35.8444,23.519200000000005,81.006,34.302,23.514,28.2676,6.7299999999999995,2005.0,177.0,9.496,28.185600000000004,0.0,40.153999999999996,22.864000000000004,9.7796,18.0728,1.4684,2005.0,177.0,21.640240000000002,32.63946666666667,3.6122400000000003,61.279493333333335,29.545279999999998,18.484746666666666,24.185600000000004,3.554933333333333,2005.0,7829.83,4931.04,281.9,2975.0,182.46,548.61,0.04
5,193.0,30.302799999999998,33.528400000000005,6.268,70.23040000000002,34.828,22.9272,28.372800000000005,5.2952,2005.0,193.0,18.5304,29.801199999999994,0.0,35.0088,24.4364,13.875600000000002,19.33,1.446,2005.0,193.0,26.515146666666666,31.703173333333332,0.5740266666666666,51.058053333333326,31.190746666666666,19.149919999999998,25.202533333333335,2.6291200000000003,2005.0,8037.81,4718.57,231.42,2753.73,145.11,470.68,0.0
6,209.0,27.354800000000004,35.4984,22.847600000000003,82.3736,36.815999999999995,25.1072,29.7412,4.436,2005.0,209.0,12.4912,30.9024,0.0,47.16160000000001,22.838800000000003,10.4396,16.566,1.4456,2005.0,209.0,21.232693333333337,33.57632000000001,4.504213333333333,62.865359999999995,30.563626666666664,18.73773333333333,24.400213333333333,3.0697866666666664,2005.0,7886.36,4653.22,268.1,2755.76,172.17,504.03,0.02
7,225.0,28.823200000000003,34.884,29.082800000000002,85.9748,31.516000000000002,20.658800000000003,25.413999999999998,3.6916,2005.0,225.0,5.1332,28.404399999999995,0.0,39.16439999999999,20.184,10.3676,16.630000000000003,1.494,2005.0,225.0,20.360506666666662,31.06701333333333,5.655466666666667,66.44501333333334,26.717226666666676,15.808293333333332,21.182826666666664,2.4953866666666666,2005.0,7737.76,4468.63,286.94,2671.08,177.14,529.15,0.43
8,241.0,24.7612,33.559999999999995,44.2052,87.6584,31.4468,20.4484,24.823599999999995,5.355199999999999,2005.0,241.0,8.940399999999999,27.9328,0.0,37.2816,21.997200000000003,10.905999999999999,16.755999999999997,1.7411999999999999,2005.0,241.0,19.038933333333333,30.06,4.6936,57.21181333333334,26.800453333333333,14.097519999999998,20.659813333333332,2.929386666666667,2005.0,7319.37,4033.87,345.46,2496.39,198.63,566.5,0.13
9,257.0,20.2344,35.8384,11.5664,82.86440000000002,32.714800000000004,23.3476,27.221199999999996,4.7368,2005.0,257.0,9.258399999999998,26.8568,0.0,46.53280000000001,20.214,8.606,14.9964,0.9868,2005.0,257.0,15.644933333333332,31.0744,3.0815733333333335,64.99594666666665,26.257306666666665,15.152693333333334,20.71936,2.86544,2005.0,7142.59,3541.02,300.09,2123.98,178.66,487.64,0.0
10,273.0,18.531200000000002,34.0084,34.5892,93.1236,24.7516,21.3632,22.4856,5.0192000000000005,2005.0,273.0,2.3911999999999995,24.8956,0.0,54.166399999999996,6.8592,1.0231999999999999,3.7308,1.7899999999999998,2005.0,273.0,11.438186666666665,29.731466666666666,3.7039199999999997,75.56898666666667,18.509093333333336,10.320373333333334,14.545386666666666,3.694026666666666,2005.0,5498.74,2254.74,427.4,1587.95,207.56,679.48,0.01
11,289.0,16.301199999999998,29.5556,9.2444,88.6076,24.133999999999997,13.079199999999998,15.938,4.5988,2005.0,289.0,4.5384,24.9832,0.0,43.60039999999999,7.5416,2.9728,4.9824,1.8264,2005.0,289.0,12.324560000000002,26.56165333333334,1.3404800000000003,67.87256000000001,14.28818666666667,6.2567466666666665,10.096266666666667,2.778266666666667,2005.0,4906.59,1797.53,415.15,1322.42,212.88,756.17,2.56
12,305.0,13.116,29.1688,8.2708,84.0192,18.839599999999997,10.5968,11.8344,4.794,2005.0,305.0,2.9444,22.28,0.0,46.3652,6.4416,-0.36760000000000004,3.6648,0.9548,2005.0,305.0,8.91226666666667,25.068399999999997,0.9589066666666669,68.77754666666665,11.963306666666666,3.6243733333333337,7.741706666666666,2.712426666666666,2005.0,4772.07,1526.34,349.62,1122.0,162.77,671.99,5.13
