,DOY,INSgdmax,RADmax,RAINmax,RHmax,TMAXmax,TMINmax,Tmax,WINDmax,YEAR,DOY,INSgdmin,RADmin,RAINmin,RHmin,TMAXmin,TMINmin,Tmin,WINDmin,YEAR,DOY,INSgdmean,RADmean,RAINmean,RHmean,TMAXmean,TMINmean,Tmean,WINDmean,YEAR,NDVI,EVI,RED,NIR,BLUE,MIR,pixrel
0,113.0,28.603099999999994,32.1765,36.863,92.1696,26.963900000000002,14.6174,20.5823,5.7921000000000005,2005.0,113.0,6.471500000000001,24.462500000000002,0.0,32.2376,11.5262,0.43170000000000003,7.5445,1.6229,2005.0,113.0,17.476526666666665,28.392626666666672,6.912627272727273,55.32832000000001,17.89465333333333,7.655453333333333,13.129113333333331,3.806673333333334,2005.0,6131.24,3754.23,671.85,2803.12,353.25,1239.59,0.01
1,129.0,28.736200000000004,32.324299999999994,23.5341,88.0164,28.1977,18.6698,21.663,5.8637,2005.0,129.0,6.6458,25.206200000000003,0.0,29.7454,11.9816,-0.5254,6.7946,1.1882000000000001,2005.0,129.0,21.035533333333333,28.87384666666667,4.732913333333333,59.84553333333335,21.24232666666667,9.36754,15.398760000000001,3.6748266666666667,2005.0,7136.51,5237.17,609.63,3741.35,331.72,1120.91,0.0
2,145.0,31.6066,32.682100000000005,18.1025,61.1034,30.9399,19.263599999999997,24.3219,4.8963,2005.0,145.0,4.5467,25.2847,0.0,28.315800000000003,23.4497,11.0406,17.7036,1.9203,2005.0,145.0,22.282120000000003,29.638026666666658,2.42066,43.733106666666664,26.527326666666667,14.791153333333334,20.681693333333335,3.6334133333333334,2005.0,7756.39,5844.52,489.45,3989.25,268.14,942.76,0.0
3,161.0,32.080600000000004,34.8472,22.149,81.03890000000001,31.136799999999997,21.222700000000003,24.8706,5.88,2005.0,161.0,7.1801,28.382499999999997,0.0,41.650499999999994,24.4277,12.2152,20.4162,1.3359999999999999,2005.0,161.0,22.030980000000003,32.33444666666667,5.8497933333333325,67.81953999999999,28.525206666666662,17.917360000000002,23.148740000000004,3.3935200000000005,2005.0,7632.75,5500.66,498.17,3714.16,273.17,1039.8,0.07
4,177.0,32.3069,35.7247,29.1359,67.16,36.052,24.1138,28.819200000000002,4.061400000000001,2005.0,177.0,10.624100000000002,27.7747,0.0,45.3702,27.112000000000002,13.479700000000001,22.0259,1.1852999999999998,2005.0,177.0,25.386979999999998,32.92305333333333,4.950893333333333,55.425313333333335,32.54685333333334,19.836553333333335,26.01952,2.65644,2005.0,8029.88,5463.2,380.31,3478.91,211.25,814.73,0.13
5,193.0,28.1404,34.8416,6.8459,58.690799999999996,37.3309,23.149500000000003,29.0696,3.7474,2005.0,193.0,21.786199999999997,29.252499999999998,0.0,33.013,30.779999999999998,14.274899999999999,22.5912,1.0104000000000002,2005.0,193.0,25.65176666666667,32.58985333333334,1.1454999999999997,45.26573333333334,33.927726666666665,19.934813333333334,26.99413333333333,2.37552,2005.0,7422.95,5115.7,511.38,3467.7,279.36,1019.05,0.06
6,209.0,29.7085,37.1935,5.2949,80.8478,38.739,25.5873,31.392899999999997,4.024500000000001,2005.0,209.0,3.0251,30.0622,0.0,39.6056,24.8875,11.0619,18.723,1.3747999999999998,2005.0,209.0,21.2112,34.16005333333333,1.1350666666666667,54.39601333333334,34.250946666666664,20.520773333333334,27.077213333333333,2.7650866666666665,2005.0,7720.33,4969.26,408.34,3187.53,223.53,834.92,0.3
7,225.0,28.7769,36.594699999999996,29.166900000000002,76.59100000000001,36.1653,23.216899999999995,28.4899,3.3162000000000003,2005.0,225.0,4.1772,29.1018,0.0,40.105199999999996,23.538099999999996,14.9093,21.358,0.8601000000000001,2005.0,225.0,20.22148,33.13380000000001,5.872893333333334,57.70805333333334,31.49434666666667,19.488453333333336,25.291706666666666,2.0117066666666665,2005.0,7943.98,5270.19,381.75,3355.57,210.79,768.89,0.19
8,241.0,25.3309,34.92,18.6337,80.3092,34.0892,21.6512,26.261300000000002,3.6457,2005.0,241.0,10.013300000000001,30.223099999999995,0.0,35.9699,24.451600000000003,14.1387,21.840900000000005,1.1265,2005.0,241.0,19.5484,32.30882666666667,2.262646666666667,56.65524,29.92650666666667,17.960979999999996,23.742953333333332,2.25742,2005.0,7800.7,5226.81,417.82,3380.09,230.53,893.7,0.17
9,257.0,22.245,35.4571,15.695600000000002,85.0246,35.2625,24.8956,28.8875,4.1591,2005.0,257.0,4.4131,29.5171,0.0,42.479,16.602,9.7144,14.515700000000002,1.3495,2005.0,257.0,16.917979999999996,32.258586666666666,4.094460000000001,63.41981333333334,28.39925333333333,17.438626666666664,22.94452,2.70416,2005.0,7419.52,4648.06,452.18,3052.24,238.17,875.76,0.0
10,273.0,20.0641,34.2931,34.437,87.7351,27.324799999999996,21.4079,23.825400000000002,4.8245000000000005,2005.0,273.0,2.8569,26.0826,0.0,60.913999999999994,8.7065,3.4912,5.5166,1.6606,2005.0,273.0,12.500246666666666,31.15656666666667,4.74912,77.93912,21.38182666666666,12.486186666666667,16.98791333333333,3.366473333333333,2005.0,6589.68,3929.17,568.25,2781.12,280.88,1082.7,0.0
11,289.0,17.3585,30.716300000000004,13.596499999999999,86.4299,26.3842,14.0995,19.6175,4.9947,2005.0,289.0,2.6531,26.445300000000003,0.0,35.3024,8.025400000000001,2.2977999999999996,5.388399999999999,1.3814000000000002,2005.0,289.0,12.146053333333333,28.122880000000002,1.760633333333333,67.28647333333333,17.55035333333333,8.108686666666667,12.650586666666664,2.737826666666667,2005.0,5676.06,3148.21,653.81,2387.61,343.41,1161.32,0.0
12,305.0,14.736800000000002,30.161,5.6754999999999995,92.2553,21.0231,13.1521,16.1169,5.0517,2005.0,305.0,6.032500000000001,24.1494,0.0,43.766,7.8027,-0.8182,4.1594999999999995,1.0343,2005.0,305.0,11.088093333333331,26.649540000000005,0.9841933333333333,68.26336,15.641259999999999,5.68364,10.550506666666667,2.820606666666667,2005.0,5321.53,3022.2,741.79,2474.71,364.21,1314.96,0.0
