,DOY,INSgdmax,RADmax,RAINmax,RHmax,TMAXmax,TMINmax,Tmax,WINDmax,YEAR,DOY,INSgdmin,RADmin,RAINmin,RHmin,TMAXmin,TMINmin,Tmin,WINDmin,YEAR,DOY,INSgdmean,RADmean,RAINmean,RHmean,TMAXmean,TMINmean,Tmean,WINDmean,YEAR,NDVI,EVI,RED,NIR,BLUE,MIR,pixrel
0,113.0,28.243399999999998,32.1821,43.48,89.55850000000001,27.2198,14.0648,20.563,5.7551,2005.0,113.0,4.805899999999999,24.2679,0.0,34.391600000000004,10.024000000000001,1.2845,6.143000000000001,1.6488,2005.0,113.0,17.477899999999998,28.341326666666667,5.972863636363637,56.325140000000005,17.123533333333334,6.792779999999999,12.243013333333334,3.6700066666666675,2005.0,5112.3,1982.22,415.93,1403.3,233.53,742.81,0.0
1,129.0,28.919700000000006,32.7416,19.3504,81.9532,27.8388,17.2071,21.006899999999998,6.4246,2005.0,129.0,7.0892,24.212400000000002,0.0,26.049500000000002,10.965,0.022500000000000006,6.2654,1.3949,2005.0,129.0,18.51785333333333,28.725039999999996,3.55002,56.554026666666665,20.447586666666666,9.022986666666664,14.849640000000003,3.7580333333333336,2005.0,5404.22,2287.37,428.1,1574.81,256.14,693.36,0.21
2,145.0,31.126499999999997,31.4594,13.7049,68.45779999999999,29.610599999999998,19.150100000000002,23.4788,5.2864,2005.0,145.0,7.763,26.2419,0.0,33.1284,21.950499999999998,9.8811,16.3871,2.0723000000000003,2005.0,145.0,21.533853333333333,28.955053333333332,2.033313333333333,44.33800666666666,25.332173333333333,13.9388,19.757499999999997,3.6704533333333336,2005.0,6776.24,3515.55,365.73,2212.03,224.86,639.69,0.01
3,161.0,32.6678,34.370900000000006,10.8347,80.3889,33.3454,20.9713,25.138599999999997,5.8116,2005.0,161.0,7.0358,26.4975,0.0,38.2654,23.333799999999997,11.8497,20.0788,1.0209,2005.0,161.0,21.952760000000005,32.18017333333333,3.68298,65.64284,28.545766666666665,17.816273333333335,23.140060000000002,3.4614066666666665,2005.0,7553.37,4161.61,263.4,2416.1,188.55,475.46,0.0
4,177.0,32.2687,35.5563,15.743500000000001,70.3177,36.2622,22.7862,28.600299999999997,4.7333,2005.0,177.0,14.324,27.9066,0.0,45.3268,25.9011,11.84,20.311799999999998,0.872,2005.0,177.0,24.724820000000005,32.52918,4.446753333333334,57.47667333333334,32.176520000000004,18.905546666666663,25.412340000000004,2.633273333333333,2005.0,7632.16,4253.39,258.54,2486.23,183.83,479.6,0.01
5,193.0,30.6874,36.0839,8.1233,58.711299999999994,37.3441,24.7433,29.212699999999998,4.5713,2005.0,193.0,20.517599999999998,29.3141,0.0,28.5265,29.5527,14.9315,22.3251,0.7913000000000001,2005.0,193.0,26.032313333333327,32.50714000000001,1.2349266666666665,45.56968,33.71208,19.911206666666665,26.901186666666664,2.4947333333333335,2005.0,7951.55,3962.19,196.86,2220.12,137.58,371.86,0.0
6,209.0,29.1113,36.8681,11.7146,82.8472,37.635099999999994,24.7478,30.4022,4.1962,2005.0,209.0,3.5944000000000003,30.6613,0.0,40.1059,24.747700000000002,11.0426,18.6479,1.6142000000000003,2005.0,209.0,20.787860000000002,34.03186,3.1437666666666666,58.929006666666666,33.15947333333334,19.99088,26.322986666666665,2.6572933333333335,2005.0,8027.21,4125.4,213.48,2340.59,141.54,407.9,0.05
7,225.0,28.5794,35.6247,21.7245,68.4502,35.9911,22.445300000000003,28.647100000000002,2.9774,2005.0,225.0,6.77,28.883499999999998,0.0,42.035,27.5803,14.3061,22.261100000000003,0.4203,2005.0,225.0,20.98440666666667,32.593833333333336,4.9113533333333335,53.98744000000001,31.706293333333335,18.917046666666668,25.26101333333333,1.9074266666666668,2005.0,7706.97,3585.72,196.09,2004.14,127.76,357.71,0.0
8,241.0,25.311,34.63,13.677900000000001,85.6157,33.9118,20.5973,26.4371,3.5805999999999996,2005.0,241.0,7.613,27.766199999999998,0.0,35.2778,26.0452,12.988299999999999,20.334699999999998,1.3967,2005.0,241.0,19.1488,30.87736,2.288826666666667,55.27953333333334,29.431600000000003,16.280773333333332,22.67116,2.4718866666666663,2005.0,7318.17,3471.58,265.84,2025.45,168.55,424.36,0.01
9,257.0,21.404700000000002,34.9285,19.481099999999998,84.84389999999999,35.4153,23.822400000000002,28.499299999999998,4.057,2005.0,257.0,5.879300000000001,27.906799999999997,0.0,44.5563,20.151,9.4184,15.133199999999999,1.3266,2005.0,257.0,16.959586666666667,31.725693333333332,5.267013333333334,62.12230666666667,28.626180000000005,16.75127333333333,22.622126666666666,2.56568,2005.0,6925.71,3026.79,294.32,1834.67,161.3,416.19,0.01
10,273.0,19.6428,34.3562,10.0061,87.2049,28.3455,21.2639,23.921200000000002,4.7177999999999995,2005.0,273.0,3.5213,25.701900000000002,0.0,60.5018,9.251999999999999,3.7268,6.0874,1.7845,2005.0,273.0,12.194259999999998,30.969093333333337,2.0925266666666666,76.91670666666667,21.46149333333333,12.32952,16.812173333333334,3.3640133333333324,2005.0,6133.18,2196.4,291.82,1377.16,144.11,421.31,0.0
11,289.0,17.094,31.0238,7.659699999999999,82.4822,25.2816,14.2625,19.063299999999998,4.1278,2005.0,289.0,2.3626,25.5275,0.0,36.686099999999996,8.8183,3.5212000000000003,5.787699999999999,1.0397,2005.0,289.0,11.98212666666667,27.552066666666665,0.78194,64.28061333333333,16.670640000000002,8.306453333333334,12.500466666666668,2.7304866666666667,2005.0,5729.13,1922.09,290.81,1204.76,177.13,436.44,0.07
12,305.0,14.44,29.526,14.9636,96.07499999999999,20.342599999999997,12.109100000000002,14.968499999999999,4.5912,2005.0,305.0,3.234,23.3592,0.0,44.3705,9.6656,1.5315,5.8366999999999996,1.1959,2005.0,305.0,10.086633333333333,26.711673333333337,2.5122533333333337,66.11111333333335,15.233393333333334,5.988099999999998,10.60983333333333,2.9085666666666663,2005.0,5819.74,1764.65,269.62,1097.71,163.05,384.84,0.05
