,DOY,INSgdmax,RADmax,RAINmax,RHmax,TMAXmax,TMINmax,Tmax,WINDmax,YEAR,DOY,INSgdmin,RADmin,RAINmin,RHmin,TMAXmin,TMINmin,Tmin,WINDmin,YEAR,DOY,INSgdmean,RADmean,RAINmean,RHmean,TMAXmean,TMINmean,Tmean,WINDmean,YEAR,NDVI,EVI,RED,NIR,BLUE,MIR,pixrel
0,113.0,28.51,31.57,35.59,89.71,27.31,16.42,21.31,5.94,2005.0,113.0,8.42,24.52,0.0,31.43,11.96,1.24,8.22,2.69,2005.0,113.0,16.88,28.72266666666667,8.258181818181818,53.36933333333332,18.08,8.412666666666667,13.574666666666667,4.266666666666667,2005.0,3667.92,2275.37,1208.49,2605.63,586.74,2616.25,0.04
1,129.0,28.84,32.51,33.83,89.6,27.7,18.31,21.77,6.49,2005.0,129.0,8.28,24.84,0.0,32.45,12.47,1.48,7.53,2.15,2005.0,129.0,21.081999999999997,28.76,6.046666666666668,62.19133333333334,20.823333333333334,10.076666666666666,15.597999999999997,4.212,2005.0,3713.26,2665.27,1516.14,3283.29,737.0,3259.26,0.14
2,145.0,29.56,32.98,8.74,67.07,31.22,20.47,24.49,5.41,2005.0,145.0,11.23,26.06,0.0,29.94,22.59,12.06,18.2,2.4,2005.0,145.0,22.586,29.835999999999995,1.5279999999999998,44.845333333333336,26.81066666666667,15.068,20.99,3.781333333333334,2005.0,4316.72,3050.75,1266.99,3226.65,624.71,2669.03,0.99
3,161.0,32.18,33.84,26.37,86.6,29.76,20.63,24.34,6.38,2005.0,161.0,5.22,28.19,0.0,52.23,24.51,13.36,19.7,0.95,2005.0,161.0,21.440666666666672,32.07733333333333,8.556666666666668,72.36200000000001,27.15066666666667,17.372,22.133333333333336,3.642666666666668,2005.0,5954.66,4185.25,879.4,3438.99,451.17,1964.39,0.09
4,177.0,31.57,36.32,39.59,69.19,35.01,24.26,28.93,5.16,2005.0,177.0,10.84,27.97,0.0,45.25,27.25,14.68,21.41,1.37,2005.0,177.0,25.140666666666664,32.90266666666666,5.787999999999999,54.682666666666655,32.20399999999999,20.46,26.145333333333337,3.3606666666666665,2005.0,7628.44,5424.74,487.97,3654.0,266.53,1055.71,0.0
5,193.0,28.55,34.81,5.75,54.42,35.07,23.11,28.78,4.22,2005.0,193.0,24.3,29.92,0.0,36.47,29.27,13.96,22.34,0.87,2005.0,193.0,26.277333333333335,32.592,0.6606666666666666,48.07733333333333,33.28666666666666,19.83533333333333,26.738000000000003,2.38,2005.0,8544.87,6723.97,337.4,4383.8,186.82,797.93,0.0
6,209.0,28.94,36.83,11.23,85.19,39.08,25.28,31.94,4.97,2005.0,209.0,5.51,30.85,0.0,36.21,24.25,10.32,17.49,1.79,2005.0,209.0,21.530666666666672,34.13466666666666,2.585333333333333,52.773999999999994,33.855333333333334,20.578666666666663,27.033333333333335,3.414,2005.0,8664.49,6730.93,303.32,4321.27,168.46,710.23,0.12
7,225.0,28.8,36.0,31.4,84.31,34.24,22.05,27.26,3.69,2005.0,225.0,3.13,29.99,0.0,40.98,21.83,13.69,19.34,0.58,2005.0,225.0,19.984666666666666,33.112,6.622000000000001,63.483999999999995,29.834,18.447333333333333,24.078666666666663,2.1253333333333333,2005.0,8543.55,6750.84,341.44,4420.25,188.97,755.94,0.0
8,241.0,25.13,34.81,26.78,88.08,30.8,21.87,24.48,4.13,2005.0,241.0,8.68,29.95,0.0,40.22,24.66,13.07,21.72,0.63,2005.0,241.0,18.929333333333332,32.297333333333334,3.7500000000000004,64.486,28.370666666666672,17.688666666666663,22.95,2.324,2005.0,6984.8,4773.89,590.53,3369.1,319.69,1008.01,0.8
9,257.0,22.39,36.0,26.99,85.82,35.19,24.75,28.2,5.55,2005.0,257.0,5.11,30.1,0.0,42.43,18.98,7.88,14.95,1.18,2005.0,257.0,16.888,32.287333333333336,3.522,67.00200000000001,27.332666666666668,17.08,22.076,3.2453333333333334,2005.0,5091.37,3213.55,922.34,2825.57,468.9,1476.37,0.0
10,273.0,19.91,34.49,22.67,89.17,26.08,21.39,23.31,5.79,2005.0,273.0,3.02,24.55,0.0,60.68,8.04,2.89,4.57,1.67,2005.0,273.0,13.270000000000003,30.87333333333333,2.5893333333333333,79.41266666666667,20.451333333333334,11.963999999999999,16.294666666666668,3.959333333333333,2005.0,3835.07,2232.42,1062.12,2373.59,529.28,1852.0,0.03
11,289.0,17.06,31.03,12.35,90.5,27.04,15.43,19.38,5.19,2005.0,289.0,3.67,26.32,0.0,44.08,8.02,2.23,5.16,1.77,2005.0,289.0,11.021333333333333,28.310666666666666,1.2966666666666669,70.33533333333334,17.05866666666667,8.226,12.23333333333333,2.9326666666666665,2005.0,3335.58,1928.94,1195.01,2362.7,579.33,1999.29,0.0
12,305.0,14.33,28.94,8.11,85.91,21.18,9.9,14.39,4.93,2005.0,305.0,5.76,24.05,0.0,46.1,5.99,-1.38,2.77,0.78,2005.0,305.0,11.686666666666666,26.266000000000005,1.1306666666666665,67.916,15.358000000000002,5.135999999999999,9.827333333333335,2.9953333333333334,2005.0,2997.67,1883.51,1418.7,2609.08,675.35,2258.23,0.32
