,DOY,INSgdmax,RADmax,RAINmax,RHmax,TMAXmax,TMINmax,Tmax,WINDmax,YEAR,DOY,INSgdmin,RADmin,RAINmin,RHmin,TMAXmin,TMINmin,Tmin,WINDmin,YEAR,DOY,INSgdmean,RADmean,RAINmean,RHmean,TMAXmean,TMINmean,Tmean,WINDmean,YEAR,NDVI,EVI,RED,NIR,BLUE,MIR,pixrel
0,113.0,28.234899999999996,32.1439,19.0349,90.41,26.552,14.0141,19.7982,6.129099999999999,2005.0,113.0,8.068200000000001,23.9056,0.0,33.761,10.841899999999999,-0.0933,6.8363,2.0928,2005.0,113.0,17.613373333333328,27.705600000000004,5.617281818181818,56.39425333333334,16.08228666666667,6.328713333333335,11.496566666666666,4.169386666666667,2005.0,4457.88,1965.13,635.83,1656.24,337.31,964.35,0.0
1,129.0,29.087400000000002,32.4203,26.4812,92.9344,26.182699999999997,17.317600000000002,21.096899999999998,7.655,2005.0,129.0,5.0328,23.6595,0.0,27.904899999999998,9.871300000000002,-0.21300000000000002,5.692,2.3868,2005.0,129.0,18.02664,28.152340000000002,5.89368,61.21993333333333,18.883899999999997,8.560993333333334,13.896920000000001,4.610446666666667,2005.0,4839.92,2168.74,596.34,1729.53,310.8,1009.07,0.01
2,145.0,30.787,31.890499999999996,18.0922,64.12450000000001,29.1541,19.2504,23.6404,6.355499999999999,2005.0,145.0,4.7752,25.5454,0.0,32.3931,20.8296,10.318299999999999,16.0505,2.1186,2005.0,145.0,20.60134,28.90832,3.4638133333333334,46.83120666666666,24.892699999999998,13.82892,19.441560000000003,4.169713333333333,2005.0,5063.2,2805.22,1111.34,2611.38,953.8,1100.63,2.0
3,161.0,32.542899999999996,33.9149,27.485800000000005,83.9743,29.966100000000004,19.6534,23.7596,5.8675,2005.0,161.0,12.763100000000001,27.3288,0.0,39.6672,22.502899999999997,12.917399999999999,19.0335,1.2451,2005.0,161.0,20.812260000000002,31.753999999999998,6.417260000000001,69.64912666666666,26.598240000000004,16.53456,21.385606666666668,3.7265800000000002,2005.0,7667.55,4313.11,340.83,2646.9,194.53,668.76,0.0
4,177.0,31.892399999999995,35.4182,18.5198,75.0078,34.5585,23.572200000000002,28.1518,6.0861,2005.0,177.0,9.9971,28.118299999999998,0.0,40.281,25.470100000000002,13.032399999999999,19.505900000000004,1.3091,2005.0,177.0,24.262879999999996,32.73133333333333,5.62964,59.47852666666667,30.955226666666668,19.46596,25.058613333333337,3.748393333333333,2005.0,8003.0,4398.83,281.09,2600.2,162.87,546.8,0.28
5,193.0,29.7934,33.8757,9.4294,60.121199999999995,35.209900000000005,23.6017,28.9869,5.0823,2005.0,193.0,19.5974,29.1158,0.0,34.939899999999994,26.8502,13.763200000000001,20.9756,1.1216,2005.0,193.0,26.15410666666667,32.20620666666667,0.7606733333333333,48.630039999999994,32.37483999999999,19.84084,26.208039999999997,2.7941466666666672,2005.0,7966.14,4255.46,278.9,2511.42,158.68,552.57,0.12
6,209.0,28.5756,35.971500000000006,14.2149,78.21269999999998,39.1316,25.267200000000003,31.3133,5.2706,2005.0,209.0,10.668199999999999,30.392400000000002,0.0,39.928200000000004,23.1584,10.4641,16.5586,1.4968,2005.0,209.0,20.94533333333333,33.861019999999996,4.463493333333333,57.89699333333333,32.29942,19.62616,25.643900000000002,3.4854666666666665,2005.0,7613.56,4512.89,374.08,2820.02,213.52,684.94,0.03
7,225.0,29.0753,34.338499999999996,25.977400000000003,79.9213,32.1365,20.992,26.022399999999998,3.6014,2005.0,225.0,7.935099999999999,29.023199999999996,0.0,41.731700000000004,23.3722,11.4661,17.709600000000002,0.8913,2005.0,225.0,21.491553333333336,31.583433333333332,5.310346666666667,64.81208666666666,28.201226666666663,16.656313333333333,22.350473333333333,2.3562933333333334,2005.0,7604.55,3991.32,322.3,2414.05,178.58,610.37,0.07
8,241.0,24.9426,33.86319999999999,13.7957,87.6557,31.730800000000002,20.163800000000002,24.7936,4.801,2005.0,241.0,9.330400000000001,28.5959,0.0,36.3582,22.278999999999996,11.1116,18.6207,1.127,2005.0,241.0,19.49082666666667,30.966699999999996,2.22524,59.60237333333333,27.762120000000003,15.191373333333335,21.550340000000006,2.83652,2005.0,7386.15,3586.99,320.36,2164.93,174.91,601.15,0.03
9,257.0,21.118899999999996,35.6225,51.1507,83.4197,33.912099999999995,23.5276,27.6733,5.6895999999999995,2005.0,257.0,7.825099999999999,29.392999999999997,0.0,44.304,20.8031,8.0744,15.1081,0.8696,2005.0,257.0,16.260626666666667,31.671419999999998,5.430766666666667,65.12286,27.041400000000003,15.70518666666667,21.338066666666666,3.330093333333333,2005.0,6470.51,3115.2,436.22,2052.73,233.69,708.76,0.0
10,273.0,19.1271,33.943299999999994,10.945599999999999,91.3032,25.485800000000005,21.109099999999998,22.7112,6.031499999999999,2005.0,273.0,2.7205000000000004,24.764400000000002,0.0,54.010000000000005,6.6234,1.6204,3.681,2.2627,2005.0,273.0,12.385573333333333,30.227006666666664,2.3078866666666666,76.71357333333333,19.511833333333332,10.80206,15.233006666666668,4.321133333333334,2005.0,5392.11,2406.24,545.87,1796.18,280.44,784.12,0.01
11,289.0,16.619400000000002,29.7392,9.4857,89.4015,25.8587,14.255500000000001,17.681000000000004,5.5008,2005.0,289.0,3.9612999999999996,25.6438,0.0,39.9841,8.2493,2.6593999999999998,5.2835,1.899,2005.0,289.0,11.681193333333333,27.30804666666667,1.2180666666666666,67.18148000000001,15.429826666666665,7.097666666666667,10.958406666666669,3.08502,2005.0,4967.05,1820.81,467.61,1372.15,239.54,797.62,0.0
12,305.0,13.8434,29.141199999999998,7.2928,83.88,20.1436,11.0396,12.559899999999999,5.770099999999999,2005.0,305.0,4.1702,24.2482,0.0,46.3495,6.3413,-1.1293,3.4831,0.8539,2005.0,305.0,10.478633333333335,25.700180000000003,1.1375733333333333,66.81356666666665,13.561526666666666,4.3045,8.786673333333333,3.109833333333333,2005.0,5032.84,1684.59,423.13,1250.0,212.76,688.51,0.0
