,DOY,INSgdmax,RADmax,RAINmax,RHmax,TMAXmax,TMINmax,Tmax,WINDmax,YEAR,DOY,INSgdmin,RADmin,RAINmin,RHmin,TMAXmin,TMINmin,Tmin,WINDmin,YEAR,DOY,INSgdmean,RADmean,RAINmean,RHmean,TMAXmean,TMINmean,Tmean,WINDmean,YEAR,NDVI,EVI,RED,NIR,BLUE,MIR,pixrel
0,113.0,28.300000000000004,31.0104,12.2108,92.146,24.4988,13.6464,18.172800000000002,6.6996,2005.0,113.0,6.107200000000001,23.7328,0.0,31.7816,10.5312,-1.938,5.464,1.7152,2005.0,113.0,17.271866666666664,27.07893333333333,3.4588363636363635,60.393226666666656,14.230346666666666,4.721466666666666,9.736666666666668,4.415306666666667,2005.0,3131.02,1616.48,986.59,1902.11,504.81,1741.35,0.0
1,129.0,29.118399999999998,31.1624,27.4508,92.1668,25.312,16.703599999999998,19.6804,7.695200000000001,2005.0,129.0,5.5288,23.243599999999997,0.0,26.018,9.238399999999999,-2.6092,4.949599999999999,2.5368,2005.0,129.0,17.513306666666665,27.79432,5.03584,64.62512,17.067040000000002,7.056746666666668,12.229253333333332,5.02976,2005.0,3728.94,1803.09,769.67,1753.36,395.97,1208.48,0.0
2,145.0,31.0884,32.2852,12.5012,66.6456,27.1596,17.2572,22.272,7.4064000000000005,2005.0,145.0,7.1752,25.343600000000002,0.0,34.4156,19.6088,8.296,14.306799999999999,2.1376,2005.0,145.0,20.533866666666665,29.313226666666672,2.6281066666666666,50.32978666666667,24.04421333333333,12.685573333333334,18.46722666666667,4.54744,2005.0,3567.21,2347.92,1629.12,2939.39,1464.47,1459.32,2.4
3,161.0,32.026399999999995,33.276399999999995,29.365599999999997,88.43,28.965200000000003,19.489600000000003,23.300399999999996,5.7796,2005.0,161.0,8.7048,28.4008,0.0,45.2496,21.6792,12.1472,17.633599999999998,1.048,2005.0,161.0,20.182293333333334,31.294506666666667,7.504640000000001,73.00509333333332,25.02274666666667,15.012079999999996,19.672026666666667,3.5095733333333334,2005.0,6476.89,3509.74,465.08,2350.54,245.46,811.78,0.04
4,177.0,31.8312,35.5276,22.9216,86.8348,33.2312,21.6424,26.488,7.4932,2005.0,177.0,10.322400000000002,28.8688,0.0,43.545199999999994,23.13,12.272799999999998,17.8032,1.2144,2005.0,177.0,22.963573333333336,32.64824000000001,5.812080000000001,69.27418666666665,28.47829333333333,18.19813333333333,23.046133333333337,4.260373333333333,2005.0,6823.83,3919.36,448.64,2580.38,236.76,669.12,0.23
5,193.0,30.0728,34.308800000000005,9.4916,70.4156,34.3348,22.3504,27.469600000000003,5.8740000000000006,2005.0,193.0,11.458,30.326,0.0,49.462,24.703599999999998,13.3044,19.232,1.4624,2005.0,193.0,25.501573333333333,32.58450666666666,0.7821333333333333,59.978959999999994,30.757573333333333,18.919253333333334,24.53605333333334,3.5604266666666664,2005.0,6754.84,3693.48,423.52,2415.28,219.72,743.09,0.0
6,209.0,28.951200000000004,35.6512,12.456,79.6832,38.416799999999995,22.137999999999998,28.788,6.043200000000001,2005.0,209.0,8.8796,29.38,0.0,45.8632,20.614800000000002,8.6036,15.45,1.5356,2005.0,209.0,21.729626666666668,33.14989333333334,3.9840533333333337,61.558773333333335,30.521306666666668,17.788,23.80176,3.8137333333333334,2005.0,6323.55,3876.25,581.99,2766.31,306.74,1025.17,0.07
7,225.0,29.037600000000005,33.3176,16.6284,94.7304,30.780399999999997,20.372,24.633999999999997,4.7856,2005.0,225.0,10.936799999999998,28.998800000000003,0.0,41.879200000000004,20.369600000000002,8.9816,14.782799999999998,1.288,2005.0,225.0,20.408933333333337,31.273226666666666,3.4416,72.77232,25.688826666666664,15.59592,20.339733333333335,3.016453333333333,2005.0,5971.1,3509.21,577.27,2537.85,299.14,1054.1,0.34
8,241.0,24.730000000000004,32.9464,6.2668,85.696,29.226,19.584400000000002,23.6344,6.880400000000001,2005.0,241.0,10.6052,27.4336,0.0,35.7624,20.1616,10.0076,14.907599999999999,1.31,2005.0,241.0,20.54752,30.073893333333334,1.45832,63.90920000000001,26.167386666666665,13.757786666666668,19.74829333333333,3.55952,2005.0,5694.97,3178.15,578.68,2329.84,299.13,1125.48,0.0
9,257.0,21.1248,35.064800000000005,30.9512,88.22440000000002,33.3676,23.3388,27.0204,7.8496,2005.0,257.0,5.1708,26.7864,0.0,46.6492,20.116,7.1852,13.985600000000002,1.7156000000000002,2005.0,257.0,15.966746666666666,30.779439999999997,4.860079999999999,68.72322666666668,25.43906666666667,14.927333333333335,20.056426666666667,4.078613333333334,2005.0,5097.74,2768.74,649.46,2195.74,329.07,1156.58,0.0
10,273.0,18.551199999999998,33.3352,51.3212,97.25280000000001,25.4384,19.9216,21.122799999999998,7.005999999999999,2005.0,273.0,3.6759999999999997,24.7808,0.0,54.43639999999999,4.852,0.22719999999999999,2.3888,2.4664,2005.0,273.0,12.665306666666668,29.079279999999997,6.959573333333332,78.58312000000001,17.913733333333333,9.351973333333333,13.595999999999998,4.633706666666667,2005.0,4223.63,2145.28,735.99,1930.91,375.01,1276.68,0.11
11,289.0,15.693599999999998,29.7512,14.504,93.65280000000001,25.8888,12.836400000000001,16.8184,6.162,2005.0,289.0,3.9736,24.728799999999996,0.0,45.1644,6.1852,1.3772,3.8228,1.7384,2005.0,289.0,11.59208,26.686666666666667,2.320906666666667,71.10615999999999,13.912239999999995,5.799573333333332,9.413466666666668,3.2686133333333336,2005.0,3840.71,1771.78,711.89,1672.68,361.89,1272.51,0.14
12,305.0,13.14,28.387999999999998,6.4916,82.19,19.9564,7.9959999999999996,12.13,6.856400000000001,2005.0,305.0,5.889600000000001,21.525199999999998,0.0,47.7184,4.6972,-2.5991999999999997,2.106,1.3964,2005.0,305.0,10.079973333333333,24.513333333333332,0.7683733333333334,69.058,12.235733333333334,3.0100800000000003,7.203413333333334,3.215466666666667,2005.0,3610.64,1458.77,954.65,1720.62,622.34,1015.54,0.32
