,DOY,INSgdmax,RADmax,RAINmax,RHmax,TMAXmax,TMINmax,Tmax,WINDmax,YEAR,DOY,INSgdmin,RADmin,RAINmin,RHmin,TMAXmin,TMINmin,Tmin,WINDmin,YEAR,DOY,INSgdmean,RADmean,RAINmean,RHmean,TMAXmean,TMINmean,Tmean,WINDmean,YEAR,NDVI,EVI,RED,NIR,BLUE,MIR,pixrel
0,113.0,28.358699999999995,32.2887,42.5781,91.8893,26.6388,14.3123,20.3187,5.8357,2005.0,113.0,5.333400000000001,24.3433,0.0,34.1254,10.4527,1.3643999999999998,6.7256,1.5117,2005.0,113.0,17.465486666666667,28.451699999999995,5.774618181818181,57.589933333333335,17.446633333333338,7.261679999999999,12.634673333333332,3.7137599999999997,2005.0,5389.86,1984.6,392.97,1375.42,214.68,767.95,0.0
1,129.0,28.9223,32.563900000000004,17.2538,85.19220000000001,28.5572,17.7637,21.2902,6.1106,2005.0,129.0,8.253,25.018499999999996,0.0,27.170299999999997,11.7522,-0.24470000000000003,6.7269000000000005,1.0724,2005.0,129.0,19.735706666666665,28.985579999999995,3.314786666666667,57.48319333333333,21.112426666666664,9.456419999999998,15.355866666666667,3.6589266666666673,2005.0,5600.75,2108.67,376.06,1408.07,218.06,686.02,0.01
2,145.0,31.336100000000002,31.735999999999997,18.0747,64.5543,30.472700000000003,18.9872,23.854999999999997,5.1928,2005.0,145.0,8.3016,25.9327,0.0,30.446900000000003,23.0422,10.1534,17.1511,1.7795999999999998,2005.0,145.0,22.230179999999997,29.317953333333335,2.8045400000000003,43.47010666666666,26.087413333333338,14.406193333333334,20.311259999999997,3.632273333333333,2005.0,6907.7,3477.62,368.89,2175.26,225.49,664.38,0.0
3,161.0,32.2775,34.5401,23.473100000000002,79.17349999999999,33.1107,21.2337,25.246499999999997,5.8885,2005.0,161.0,8.0716,27.118700000000004,0.0,38.057500000000005,23.854100000000003,11.6694,20.4904,1.3317,2005.0,161.0,23.105173333333337,32.249199999999995,4.5186133333333345,65.58621333333332,28.901580000000003,18.117739999999998,23.428126666666664,3.4319066666666664,2005.0,7839.21,4131.16,246.07,2374.86,175.17,487.33,0.0
4,177.0,32.024,35.5911,18.5764,69.2906,36.4519,23.038800000000002,28.633100000000002,4.2218,2005.0,177.0,13.3308,28.2524,0.0,45.1199,26.320899999999998,12.607,20.8989,0.8887,2005.0,177.0,24.841886666666667,32.80206,3.97704,57.55930666666667,32.44114666666667,19.186986666666662,25.62152,2.5281666666666665,2005.0,7658.66,4070.94,253.03,2345.31,186.79,468.23,0.0
5,193.0,29.939300000000003,36.2085,7.6073,61.4263,37.5845,24.797299999999996,29.1253,4.0785,2005.0,193.0,19.814,29.6961,0.0,30.051799999999997,30.539099999999998,14.7533,22.8069,0.8177000000000001,2005.0,193.0,25.27726,32.80502666666667,0.9139866666666666,46.76316,33.77652666666667,20.052300000000002,26.971379999999996,2.4694666666666665,2005.0,7963.27,4279.15,242.41,2467.15,166.59,479.05,0.0
6,209.0,29.3324,36.7938,11.1324,80.04400000000001,37.6467,25.0832,30.303700000000003,4.083,2005.0,209.0,4.428100000000001,30.4399,0.0,40.8626,24.828000000000003,11.4848,19.031,1.5078999999999998,2005.0,209.0,21.280533333333338,34.03286,1.8871333333333333,58.231866666666676,33.49092666666667,20.127966666666666,26.56235333333333,2.60938,2005.0,7839.61,4000.26,245.07,2284.35,173.47,424.36,0.39
7,225.0,28.7498,36.3024,24.2701,71.7048,36.452200000000005,22.5868,28.9568,3.0308,2005.0,225.0,5.3009,29.3583,0.0,41.446600000000004,26.7567,15.283000000000001,22.4617,0.6006,2005.0,225.0,20.34936,33.152120000000004,6.228106666666666,54.99638666666668,32.08062666666667,19.58342,25.67884666666666,1.951366666666667,2005.0,7919.57,3346.03,182.75,1828.0,122.81,358.44,0.0
8,241.0,25.003700000000002,34.8247,12.9373,82.3966,34.62779999999999,21.398600000000002,26.6111,3.7819000000000003,2005.0,241.0,7.707699999999999,28.6973,0.0,34.804899999999996,26.375,14.267000000000001,21.025100000000002,1.3713,2005.0,241.0,19.249006666666666,31.43188,2.0235133333333333,54.77919333333334,30.046279999999996,17.157919999999997,23.387773333333335,2.3737799999999996,2005.0,7363.18,3263.54,269.21,1897.41,175.33,458.38,0.0
9,257.0,21.2151,35.1884,18.5049,85.219,35.645300000000006,24.1388,28.9102,4.0703000000000005,2005.0,257.0,5.1406,28.538600000000002,0.0,43.48780000000001,18.3501,9.4359,15.0038,1.2771,2005.0,257.0,16.768713333333338,32.06725333333333,4.462250476190476,62.85944666666667,28.676453333333335,17.37892,22.995846666666665,2.53856,2005.0,7141.09,2811.15,241.18,1598.88,165.85,360.58,0.0
10,273.0,19.6975,34.5852,15.7361,87.7488,28.424000000000003,21.349,23.9934,4.7228,2005.0,273.0,2.6441,26.5845,0.0,60.4508,9.2678,3.8966000000000003,6.1635,1.6461000000000001,2005.0,273.0,12.2039,31.20278666666667,2.9934733333333328,78.02208,21.710453333333334,12.766653333333334,17.1005,3.2886799999999994,2005.0,6216.22,2100.68,280.97,1289.4,159.62,472.02,0.0
11,289.0,17.3162,30.617800000000003,12.6224,83.8714,26.0901,14.8045,19.7259,4.675599999999999,2005.0,289.0,1.2454,25.988500000000002,0.0,34.1802,8.5276,2.7555999999999994,5.632,0.9242999999999999,2005.0,289.0,12.35502666666667,27.810366666666663,1.3551533333333334,64.33281333333335,17.336906666666668,8.616073333333334,12.98098,2.7433933333333336,2005.0,5986.44,1815.11,256.33,1102.96,156.78,416.9,0.0
12,305.0,14.587499999999999,30.047199999999997,11.9266,94.5621,20.489799999999995,13.4907,15.788899999999998,5.0115,2005.0,305.0,4.3471,23.7383,0.0,44.1506,9.303,1.5252999999999999,5.6166,1.1384,2005.0,305.0,10.335326666666667,26.793840000000003,2.0930333333333335,66.50714666666666,15.762573333333332,6.3016000000000005,11.027426666666665,2.8495866666666663,2005.0,5952.28,1820.07,287.77,1142.98,173.87,319.08,0.47
