,DOY,INSgdmax,RADmax,RAINmax,RHmax,TMAXmax,TMINmax,Tmax,WINDmax,YEAR,DOY,INSgdmin,RADmin,RAINmin,RHmin,TMAXmin,TMINmin,Tmin,WINDmin,YEAR,DOY,INSgdmean,RADmean,RAINmean,RHmean,TMAXmean,TMINmean,Tmean,WINDmean,YEAR,NDVI,EVI,RED,NIR,BLUE,MIR,pixrel
0,113.0,28.3318,32.4897,20.6494,90.5841,26.749399999999998,14.122100000000001,20.124699999999997,5.8772,2005.0,113.0,8.3686,24.024800000000003,0.0,33.5851,10.895,0.07400000000000001,6.9053,1.9981999999999998,2005.0,113.0,17.593146666666662,27.796240000000004,5.773145454545455,55.42490666666667,16.417093333333337,6.528446666666667,11.764019999999999,4.069313333333334,2005.0,4750.79,1903.72,466.49,1417.69,253.4,731.81,0.07
1,129.0,29.0384,32.817099999999996,25.9268,92.139,26.9346,17.4002,21.412100000000002,7.545,2005.0,129.0,5.6112,23.8472,0.0,28.5168,9.862400000000001,-0.24220000000000003,5.7153,2.2079000000000004,2005.0,129.0,18.58612,28.195706666666666,5.10346,60.507026666666675,19.213773333333336,8.692206666666667,14.12728,4.435286666666668,2005.0,4792.13,2078.17,488.12,1560.0,265.03,735.72,2.61
2,145.0,30.8875,32.0124,15.457699999999999,64.3766,29.2517,18.972,23.645,6.1413,2005.0,145.0,5.1788,25.460499999999996,0.0,32.345600000000005,20.9105,10.4494,16.2344,2.1014,2005.0,145.0,20.405506666666668,28.973693333333333,2.95536,46.54650666666666,24.91455333333333,13.892666666666667,19.51702666666667,4.0660066666666665,2005.0,5769.28,2996.46,703.73,2317.25,515.12,813.2,5.65
3,161.0,32.6297,34.0298,25.3585,83.05619999999999,30.267500000000005,19.995199999999997,23.9978,5.8376,2005.0,161.0,12.401,27.1874,0.0,38.0245,22.6315,12.778299999999998,19.2267,1.3881999999999999,2005.0,161.0,21.140686666666667,31.836079999999995,6.8624133333333335,68.54572,26.951393333333336,16.753026666666667,21.761866666666666,3.683326666666666,2005.0,6963.88,3936.46,332.89,2412.9,204.32,597.11,0.06
4,177.0,31.994499999999995,35.6123,18.777499999999996,72.43289999999999,34.6963,23.747100000000003,28.525199999999998,5.7981,2005.0,177.0,11.727500000000001,28.0026,0.0,40.9246,25.786699999999996,12.7594,19.916400000000003,1.4016000000000002,2005.0,177.0,24.731540000000003,32.72114666666667,5.898373333333334,57.93300666666667,31.249940000000002,19.64336,25.36938666666667,3.5530599999999994,2005.0,7109.1,3847.39,312.87,2343.12,200.78,525.87,2.95
5,193.0,29.767599999999998,33.9469,7.0557,57.5165,35.186,23.6208,29.0083,4.9919,2005.0,193.0,21.154400000000003,29.1305,0.0,33.765499999999996,27.349399999999996,13.9939,21.267699999999998,1.1384,2005.0,193.0,26.318733333333338,32.20690666666667,0.51482,46.47032,32.66329999999999,19.913086666666665,26.453046666666662,2.649466666666667,2005.0,6946.95,3711.26,252.6,2272.86,132.68,483.39,12.84
6,209.0,28.7374,35.9594,13.3971,79.89999999999999,39.05030000000001,25.4956,31.668300000000002,5.174200000000001,2005.0,209.0,9.111400000000001,30.3482,0.0,39.504999999999995,23.500999999999998,10.4398,16.8767,1.4078,2005.0,209.0,20.913939999999997,33.95135333333333,3.599306666666667,57.347906666666674,32.62194,19.838773333333332,25.93078666666667,3.3338933333333336,2005.0,6826.08,3806.79,295.84,2386.45,158.01,545.0,12.78
7,225.0,29.0882,34.5065,27.5455,78.0193,32.9484,21.3434,26.3857,3.3943999999999996,2005.0,225.0,7.934200000000001,29.057400000000005,0.0,41.598,23.901300000000006,12.0253,18.4459,0.7725,2005.0,225.0,21.396213333333332,31.760399999999994,5.31294,62.81212666666667,28.74857333333333,16.980426666666666,22.834173333333332,2.2483,2005.0,6806.7,3239.18,232.68,1959.48,112.39,450.88,12.95
8,241.0,24.9801,34.0519,15.5794,86.61670000000001,32.2089,20.3996,24.928400000000003,4.351800000000001,2005.0,241.0,9.091000000000001,28.851499999999998,0.0,36.6238,22.3988,11.3712,19.2774,1.1365,2005.0,241.0,19.44558666666667,31.001366666666666,2.4065266666666663,58.85910666666666,28.04054,15.4697,21.851626666666668,2.708753333333333,2005.0,6514.74,2826.07,229.1,1733.35,103.1,445.25,15.33
9,257.0,21.1042,35.7044,44.1315,82.34890000000001,34.0727,23.8968,27.733600000000003,5.1737,2005.0,257.0,7.206200000000001,29.494799999999998,0.0,44.2481,20.7763,8.0764,15.2885,0.8946000000000001,2005.0,257.0,16.326099999999997,31.753259999999997,5.135566666666667,64.23232,27.3577,15.867140000000003,21.593600000000002,3.12744,2005.0,5989.48,2597.15,264.45,1694.89,114.24,469.74,20.4
10,273.0,19.2194,34.1422,13.203000000000001,90.23769999999999,25.776400000000002,21.178600000000003,22.9694,5.695,2005.0,273.0,3.4207,25.1269,0.0,56.65350000000001,7.111,1.8656,3.9823,2.0566,2005.0,273.0,12.28586,30.352833333333336,2.4855666666666663,76.65764000000001,19.831899999999997,10.958746666666668,15.505873333333335,4.1151800000000005,2005.0,4975.21,1932.82,348.88,1423.33,153.82,494.2,17.86
11,289.0,16.7548,29.754600000000003,9.7608,87.74969999999999,25.7551,14.5567,17.8731,5.1263,2005.0,289.0,3.828,25.784799999999997,0.0,38.346599999999995,8.3093,2.6869999999999994,5.401300000000001,1.8541,2005.0,289.0,11.729519999999997,27.374406666666673,0.7852466666666666,66.73712,15.67782,7.292866666666665,11.219366666666668,3.008113333333333,2005.0,4786.85,1606.16,392.91,1234.83,211.64,610.63,10.42
12,305.0,14.080000000000002,29.1274,9.041,87.0657,20.175199999999997,11.39,12.6238,5.2846,2005.0,305.0,4.0042,24.362700000000004,0.0,46.29,6.836,-0.8432000000000001,3.8068,0.8842000000000001,2005.0,305.0,10.441913333333334,25.8593,1.3585599999999998,67.00272666666666,13.71948,4.514493333333333,9.022573333333334,3.0462733333333327,2005.0,4860.14,1427.65,283.76,1055.59,114.97,445.78,15.39
