,DOY,INSgdmax,RADmax,RAINmax,RHmax,TMAXmax,TMINmax,Tmax,WINDmax,YEAR,DOY,INSgdmin,RADmin,RAINmin,RHmin,TMAXmin,TMINmin,Tmin,WINDmin,YEAR,DOY,INSgdmean,RADmean,RAINmean,RHmean,TMAXmean,TMINmean,Tmean,WINDmean,YEAR,NDVI,EVI,RED,NIR,BLUE,MIR,pixrel
0,113.0,28.599100000000004,31.6024,34.9015,88.6327,26.6134,16.444300000000002,20.8888,6.482700000000001,2005.0,113.0,8.833099999999998,24.5443,0.0,32.0942,12.138200000000001,0.9646000000000001,8.3415,2.9086999999999996,2005.0,113.0,17.437279999999998,28.64490666666667,6.468081818181817,54.80465333333333,17.841860000000004,8.358126666666667,13.395386666666669,4.453506666666666,2005.0,3521.98,2133.85,1195.19,2499.31,573.77,2422.76,0.09
1,129.0,29.9416,32.6558,42.5699,91.19569999999999,26.8414,17.904999999999998,21.3326,6.8059,2005.0,129.0,8.7741,25.277399999999997,0.0,33.381499999999996,12.810200000000002,2.0065,7.821599999999999,2.717,2005.0,129.0,21.535059999999998,28.951700000000006,5.865226666666667,63.59695333333334,20.638113333333333,10.214906666666668,15.529419999999998,4.46472,2005.0,3479.98,2407.15,1523.86,3124.39,721.98,3170.14,0.6
2,145.0,29.616699999999994,32.98,10.522,64.9802,31.9895,19.7896,23.6719,5.596299999999999,2005.0,145.0,13.538499999999999,26.092399999999998,0.0,31.438499999999998,22.8816,12.1734,18.515900000000002,2.4324,2005.0,145.0,23.4311,29.84734,2.53024,44.55265333333334,27.138986666666664,15.360140000000001,21.187640000000002,3.8142733333333334,2005.0,4246.95,2750.33,1131.24,2829.33,555.7,2210.89,0.97
3,161.0,32.155699999999996,33.694199999999995,39.767399999999995,87.086,29.5332,20.6057,24.0322,6.622999999999999,2005.0,161.0,4.7259,28.2467,0.0,56.4096,24.323700000000002,13.7407,20.105000000000004,1.3064,2005.0,161.0,21.151766666666667,31.955833333333327,10.075146666666667,72.94628,26.886606666666665,17.184620000000002,21.82013333333333,3.8500266666666674,2005.0,5877.53,4436.78,984.18,3803.3,505.88,2153.75,0.17
4,177.0,30.8167,36.1499,19.3643,66.5089,35.7552,23.774,28.4359,5.961900000000001,2005.0,177.0,10.256799999999998,28.699,0.0,47.2912,27.3958,15.3766,21.2885,1.7183000000000002,2005.0,177.0,25.196286666666662,32.93236666666667,3.78784,55.087126666666656,32.307680000000005,20.532899999999998,26.10159333333334,3.7289466666666664,2005.0,7491.6,5564.68,553.01,3886.59,296.49,1220.34,0.0
5,193.0,28.6391,34.8667,4.7213,57.2307,34.7865,22.632099999999998,28.3588,4.5602,2005.0,193.0,19.3995,30.616600000000002,0.0,39.6857,29.4968,14.2273,22.396700000000003,0.5217,2005.0,193.0,26.07861333333333,32.832300000000004,0.6028866666666668,50.96093333333334,32.88328666666667,19.73435333333333,26.41292,2.5555,2005.0,8393.19,6680.49,374.98,4434.8,205.03,870.29,0.0
6,209.0,29.3207,36.4493,12.817599999999999,86.3321,39.444500000000005,25.5068,31.9157,5.4236,2005.0,209.0,7.1381,30.615099999999995,0.0,35.0922,23.6911,10.5144,17.0283,2.1059,2005.0,209.0,21.981026666666665,34.097946666666665,2.228393333333333,52.60012,33.69117333333333,20.45770666666667,26.876193333333337,3.7795800000000006,2005.0,8459.64,6711.72,359.45,4427.89,197.19,813.72,0.49
7,225.0,28.305900000000005,36.0,26.313200000000002,84.958,34.159,21.896099999999997,26.774,3.9086999999999996,2005.0,225.0,5.4952000000000005,29.9576,0.0,41.8953,21.3197,13.155399999999998,18.6191,0.6204999999999999,2005.0,225.0,20.047846666666665,33.02884,6.388720000000001,65.61159999999998,29.3939,18.219993333333335,23.700126666666662,2.2360333333333333,2005.0,8489.26,6510.1,330.7,4213.49,179.64,746.92,0.02
8,241.0,24.9275,34.8424,32.4824,91.0284,29.933300000000003,21.546,24.0507,4.4054,2005.0,241.0,8.68,29.7799,0.0,39.33710000000001,22.9995,12.1223,21.007199999999997,0.6219,2005.0,241.0,19.046513333333333,32.24333333333334,4.680420000000001,67.65256,27.900866666666662,17.388426666666664,22.537979999999997,2.47304,2005.0,7580.89,5605.17,521.34,3871.8,278.86,947.46,0.08
9,257.0,22.3333,35.651700000000005,15.3341,86.25739999999999,34.6797,23.672700000000003,27.989400000000003,6.1331999999999995,2005.0,257.0,9.605500000000001,29.662599999999998,0.0,42.4867,19.2311,7.3211,15.193,1.3258,2005.0,257.0,17.493340000000003,32.140993333333334,2.15688,68.84556,26.874746666666667,16.79488,21.650479999999998,3.5876933333333336,2005.0,4978.25,3270.29,1000.89,2992.83,498.83,1526.24,0.0
10,273.0,19.586000000000002,34.109300000000005,12.0509,90.0043,25.723599999999998,21.3252,23.0427,6.1869000000000005,2005.0,273.0,5.126,24.2908,0.0,55.60940000000001,7.2786,2.5174000000000003,4.2865,2.0101999999999998,2005.0,273.0,13.60696,30.67245333333333,1.6724133333333335,79.16372666666668,20.094393333333333,11.911080000000002,16.06138666666667,4.318433333333332,2005.0,3573.3,2071.78,1109.18,2344.08,543.67,1778.19,0.0
11,289.0,17.1815,30.770800000000005,9.336800000000002,90.9941,27.3964,14.9845,19.363799999999998,5.222400000000001,2005.0,289.0,3.4350999999999994,26.198500000000003,0.0,45.0115,8.2387,1.744,4.8279000000000005,1.7538,2005.0,289.0,11.198993333333332,28.01744666666667,1.499706666666667,71.10051333333334,16.91448666666666,8.137979999999999,12.082673333333332,3.0520066666666668,2005.0,3091.94,1838.45,1288.27,2430.88,615.83,2061.6,0.0
12,305.0,14.735,28.3892,9.333099999999998,87.2627,21.3501,9.5841,13.904,5.7643,2005.0,305.0,6.926400000000001,23.847499999999997,0.0,44.9174,5.2448,-0.7644,2.1949,0.8772000000000001,2005.0,305.0,12.349246666666668,25.956580000000002,1.1868266666666667,66.49742,15.450880000000002,5.09172,9.752273333333333,3.1627333333333336,2005.0,2798.6,1817.11,1511.33,2686.15,706.22,2322.39,0.42
