,DOY,INSgdmax,RADmax,RAINmax,RHmax,TMAXmax,TMINmax,Tmax,WINDmax,YEAR,DOY,INSgdmin,RADmin,RAINmin,RHmin,TMAXmin,TMINmin,Tmin,WINDmin,YEAR,DOY,INSgdmean,RADmean,RAINmean,RHmean,TMAXmean,TMINmean,Tmean,WINDmean,YEAR,NDVI,EVI,RED,NIR,BLUE,MIR,pixrel
0,113.0,27.76,31.21,16.19,79.64,27.27,14.78,20.55,5.53,2005.0,113.0,7.16,24.37,0.0,37.05,9.73,-0.14,5.28,1.36,2005.0,113.0,17.037333333333333,27.70466666666666,2.821818181818182,52.36666666666667,16.174,5.92,11.300666666666668,3.369999999999999,2005.0,1186.66,-255.3,-150.28,394.63,-276.93,114.35,112.22
1,129.0,29.23,32.18,20.34,80.46,25.3,16.1,20.28,5.67,2005.0,129.0,5.83,23.69,0.0,25.32,10.6,-0.13,5.57,1.92,2005.0,129.0,17.328,27.830666666666666,4.331333333333333,55.88066666666666,18.656000000000002,7.735333333333332,13.421333333333331,3.634000000000001,2005.0,2370.59,1034.64,413.53,1273.09,328.54,677.44,49.34
2,145.0,30.67,30.35,9.33,70.06,28.92,18.03,22.35,5.41,2005.0,145.0,6.59,25.85,0.0,34.99,19.78,9.2,14.86,2.05,2005.0,145.0,20.976,28.56266666666667,2.6459999999999995,46.097333333333346,24.108666666666668,12.858666666666668,18.669333333333334,3.5120000000000005,2005.0,2336.46,699.69,-232.92,891.15,-330.18,-6.76,117.32
3,161.0,32.47,33.95,14.32,77.81,31.86,20.78,25.26,5.48,2005.0,161.0,7.16,26.82,0.0,40.53,23.04,11.79,19.32,1.02,2005.0,161.0,20.901333333333337,32.196,3.8513333333333337,64.514,27.970000000000006,17.41466666666667,22.68466666666667,3.465333333333334,2005.0,2883.1,1532.31,-311.89,1326.8,-362.0,-118.12,117.32
4,177.0,32.47,35.46,15.99,71.98,35.15,22.84,28.42,5.33,2005.0,177.0,9.68,26.93,0.0,44.11,24.23,10.66,19.09,1.47,2005.0,177.0,23.617333333333328,32.007333333333335,4.577333333333333,56.693999999999996,31.501333333333335,18.458000000000002,24.927999999999997,2.7513333333333336,2005.0,3534.05,2019.33,-196.24,1538.4,-225.84,-27.1,92.22
5,193.0,30.1,35.78,9.68,65.33,36.03,24.78,28.88,5.02,2005.0,193.0,20.05,29.2,0.0,28.94,27.12,14.53,21.4,0.8,2005.0,193.0,25.939333333333323,32.083333333333336,1.2533333333333332,46.88,32.681999999999995,19.576666666666668,26.21333333333333,2.4640000000000004,2005.0,3330.42,1633.54,-334.81,1278.87,-369.8,-206.65,112.21
6,209.0,28.58,35.78,13.2,78.85,35.79,24.13,29.39,4.13,2005.0,209.0,4.72,30.13,0.0,40.94,24.27,11.07,18.21,1.39,2005.0,209.0,21.087999999999997,33.54266666666667,3.9466666666666663,60.80666666666666,31.784000000000002,19.64,25.473333333333336,2.628666666666667,2005.0,3707.21,1818.86,-230.82,1337.36,-263.56,-68.8,89.39
7,225.0,28.66,35.1,20.37,68.2,34.69,22.14,27.83,3.16,2005.0,225.0,7.31,28.08,0.0,41.86,26.43,13.54,20.6,0.78,2005.0,225.0,20.564000000000007,31.682666666666663,4.0473333333333334,55.109333333333346,30.414666666666665,17.775333333333336,24.021333333333327,2.0086666666666666,2005.0,3422.73,1241.5,-324.67,1003.8,-358.11,-222.56,109.71
8,241.0,24.55,34.45,14.58,76.3,33.42,19.96,26.24,4.38,2005.0,241.0,6.23,27.22,0.0,34.3,24.96,12.31,18.91,1.91,2005.0,241.0,19.763999999999996,30.18266666666667,1.863333333333333,51.663999999999994,28.564666666666664,15.672,22.06866666666667,2.7453333333333334,2005.0,2663.23,895.61,-303.93,917.73,-362.78,-194.37,120.05
9,257.0,21.82,34.7,10.57,84.46,34.3,23.38,27.8,4.35,2005.0,257.0,6.3,27.29,0.0,46.14,21.91,8.14,15.68,1.23,2005.0,257.0,16.936,31.17466666666667,2.6526666666666667,60.01866666666667,28.305333333333337,16.217333333333332,22.23933333333333,2.524,2005.0,2640.76,581.35,-249.18,722.48,-321.59,-119.81,109.68
10,273.0,19.08,34.38,5.7,86.1,28.56,21.12,23.56,4.46,2005.0,273.0,1.69,25.16,0.0,51.71,9.16,3.84,6.05,1.9,2005.0,273.0,11.503333333333332,30.312,1.2393333333333334,74.61866666666667,21.075333333333337,12.020666666666669,16.386666666666667,3.384,2005.0,2193.11,301.45,-57.4,623.37,-136.55,97.77,89.49
11,289.0,16.45,30.6,10.79,86.37,23.43,11.64,17.1,3.84,2005.0,289.0,4.86,23.47,0.0,40.74,9.43,3.94,6.42,1.32,2005.0,289.0,11.495333333333333,26.952,1.908,65.24733333333333,15.653999999999996,7.345333333333333,11.491333333333332,2.622,2005.0,1394.5,-424.28,-271.84,203.88,-357.75,-116.56,119.86
12,305.0,14.26,28.55,17.26,93.06,18.8,10.89,14.09,4.4,2005.0,305.0,3.31,22.39,0.0,42.23,8.85,0.3,4.42,1.23,2005.0,305.0,9.704666666666666,25.689333333333334,2.4100000000000006,66.66733333333333,13.855333333333332,5.024000000000001,9.421999999999999,2.8606666666666674,2005.0,2153.09,367.61,325.19,790.49,260.07,401.5,51.8
