,DOY,INSgdmax,RADmax,RAINmax,RHmax,TMAXmax,TMINmax,Tmax,WINDmax,YEAR,DOY,INSgdmin,RADmin,RAINmin,RHmin,TMAXmin,TMINmin,Tmin,WINDmin,YEAR,DOY,INSgdmean,RADmean,RAINmean,RHmean,TMAXmean,TMINmean,Tmean,WINDmean,YEAR,NDVI,EVI,RED,NIR,BLUE,MIR,pixrel
0,113.0,28.270500000000002,31.734499999999997,22.955,90.75750000000001,25.926499999999997,15.2575,19.886,7.1935,2005.0,113.0,7.2005,24.255499999999998,0.0,32.139500000000005,11.653,0.633,7.4795,2.516,2005.0,113.0,17.380566666666667,28.15986666666666,5.453863636363636,56.837466666666664,16.865299999999998,7.361433333333335,12.389833333333332,4.477100000000001,2005.0,3459.74,2002.52,1100.7,2284.02,559.25,2143.8,0.12
1,129.0,28.580000000000005,31.905,26.8565,91.89450000000001,26.454000000000004,16.781499999999998,20.247500000000002,7.0315,2005.0,129.0,7.7059999999999995,24.780499999999996,0.0,29.140500000000003,11.815500000000002,1.4849999999999999,7.251499999999999,2.8365,2005.0,129.0,19.59603333333333,28.453466666666667,5.030533333333333,63.031499999999994,19.727633333333333,9.4513,14.6504,4.9145,2005.0,3386.02,2345.08,1489.01,3009.92,750.77,2988.64,0.49
2,145.0,31.055000000000003,32.94,15.884500000000001,60.837500000000006,31.4335,19.2085,23.247999999999998,6.01,2005.0,145.0,8.5,24.763999999999996,0.0,30.634500000000003,21.5475,11.3005,17.019,2.1350000000000002,2005.0,145.0,22.368566666666666,29.125633333333333,3.4476333333333335,44.78783333333333,26.262300000000003,14.460066666666668,20.384033333333335,4.094133333333333,2005.0,4104.79,2690.52,1176.93,2829.07,604.28,2323.39,0.63
3,161.0,32.013000000000005,33.2795,40.7405,85.6365,29.521499999999996,19.6505,23.511,6.7865,2005.0,161.0,7.4784999999999995,28.281,0.0,53.4805,23.434499999999996,12.204500000000001,19.150000000000002,1.0739999999999998,2005.0,161.0,20.988333333333337,31.728666666666662,8.255566666666665,73.67376666666668,26.035833333333336,16.244999999999997,20.87373333333334,3.8339333333333334,2005.0,5964.58,4261.25,861.86,3442.14,463.95,1806.11,0.02
4,177.0,31.241,36.196,20.188499999999998,72.226,34.343,23.058,27.307000000000002,6.1555,2005.0,177.0,12.2195,27.993499999999997,0.0,45.504,26.98,14.083499999999999,20.371000000000002,1.3944999999999999,2005.0,177.0,25.261200000000006,32.62596666666667,5.558766666666667,59.3083,31.469166666666673,19.78776666666667,25.18506666666667,4.078166666666667,2005.0,7191.48,5365.83,604.48,3819.95,334.79,1297.03,0.02
5,193.0,30.098000000000003,34.238,3.2699999999999996,62.1645,34.3065,22.0385,27.791999999999998,4.8870000000000005,2005.0,193.0,22.9825,29.525,0.0,43.08149999999999,29.017,14.4115,22.124499999999998,1.165,2005.0,193.0,26.557266666666663,32.470866666666666,0.4596666666666666,53.738800000000005,32.10416666666667,19.318633333333334,25.767833333333332,3.0177333333333336,2005.0,8135.26,6283.32,415.51,4164.58,238.91,920.67,0.01
6,209.0,29.1745,36.061,20.777,80.65400000000001,39.9285,25.1975,31.543999999999997,5.902499999999999,2005.0,209.0,13.683,30.803000000000004,0.0,36.136,22.576499999999996,10.858,16.235500000000002,2.0774999999999997,2005.0,209.0,21.147066666666664,33.86983333333333,3.3725666666666667,55.075733333333325,32.80986666666667,20.0525,26.051000000000002,4.1129,2005.0,8329.62,6211.93,357.31,4002.4,202.65,762.39,0.38
7,225.0,28.587000000000003,35.13850000000001,20.509500000000003,77.256,32.048,20.526500000000002,25.8805,4.238,2005.0,225.0,9.001,29.2,0.0,42.9855,23.0355,11.083,17.406,1.0845000000000002,2005.0,225.0,20.467599999999997,32.272466666666666,4.705000000000001,66.4552,28.4846,16.999166666666664,22.61396666666667,2.5183333333333335,2005.0,8240.1,6310.42,391.2,4148.95,223.05,816.55,0.01
8,241.0,25.275999999999996,34.3205,13.0655,91.425,30.835500000000003,20.4415,24.246499999999997,5.761,2005.0,241.0,6.8500000000000005,28.925,0.0,33.691,23.4195,11.274000000000001,20.648,0.6079999999999999,2005.0,241.0,18.447966666666666,31.79063333333333,1.8547,63.488933333333335,27.873,16.249266666666664,21.887966666666664,2.8666666666666667,2005.0,6381.08,4336.32,698.16,3225.17,384.23,1149.49,0.38
9,257.0,21.805,35.5895,13.648,86.711,34.480999999999995,23.3955,27.8295,7.112000000000001,2005.0,257.0,9.851999999999999,29.068,0.0,43.124500000000005,20.2695,7.7815,14.811999999999998,1.1325,2005.0,257.0,17.656066666666668,31.528666666666663,1.9025666666666665,68.58926666666666,26.51433333333334,15.828266666666666,21.007733333333334,3.9127666666666676,2005.0,4540.94,2905.08,1069.31,2822.46,547.27,1640.83,0.0
10,273.0,19.194,34.3355,6.562999999999999,92.143,24.9155,20.948999999999998,22.444499999999998,6.704,2005.0,273.0,4.8225,24.4805,0.0,49.1395,6.0265,1.3495,3.4365,2.5840000000000005,2005.0,273.0,12.959500000000004,30.260666666666665,1.3498999999999997,77.47713333333333,19.51516666666667,11.079500000000003,15.260133333333334,4.747566666666667,2005.0,3377.61,2003.95,1187.94,2391.81,597.04,1946.56,0.03
11,289.0,16.627000000000002,30.524,10.269,91.642,27.205,14.1075,18.4895,5.824999999999999,2005.0,289.0,5.1935,26.0295,0.0,44.426,8.523,1.7715,4.8115,1.679,2005.0,289.0,11.5099,27.525699999999993,1.7554,68.54353333333333,16.11693333333334,7.2909333333333315,11.215633333333333,3.2127333333333334,2005.0,2883.06,1700.22,1286.17,2320.89,648.88,2086.15,0.0
12,305.0,14.008,28.473499999999998,5.873999999999999,82.5215,21.14,9.735,13.145000000000001,6.567500000000001,2005.0,305.0,6.072000000000001,23.297999999999995,0.0,43.281,4.640000000000001,-1.691,2.0235,0.8244999999999999,2005.0,305.0,11.551900000000002,25.483066666666673,0.9915666666666667,65.6744,14.522133333333333,4.3257666666666665,8.972733333333332,3.2829666666666664,2005.0,2629.62,1539.16,1309.06,2247.86,649.81,2128.52,0.12
