,DOY,INSgdmax,RADmax,RAINmax,RHmax,TMAXmax,TMINmax,Tmax,WINDmax,YEAR,DOY,INSgdmin,RADmin,RAINmin,RHmin,TMAXmin,TMINmin,Tmin,WINDmin,YEAR,DOY,INSgdmean,RADmean,RAINmean,RHmean,TMAXmean,TMINmean,Tmean,WINDmean,YEAR,NDVI,EVI,RED,NIR,BLUE,MIR,pixrel
0,113.0,28.6639,32.1935,31.997200000000003,92.37299999999999,26.994499999999995,14.067599999999999,20.505599999999998,5.7455,2005.0,113.0,8.001,23.6025,0.0,32.9161,10.5222,-0.1223,6.6030999999999995,1.821,2005.0,113.0,17.14776,27.862819999999996,5.75,55.17314666666667,17.214426666666665,6.876339999999999,12.29698,3.8276666666666666,2005.0,5093.48,1762.33,358.36,1222.12,210.32,675.84,0.0
1,129.0,28.94,31.9759,25.0723,87.2008,28.0565,16.965500000000002,21.5762,6.936800000000001,2005.0,129.0,5.6408,24.103399999999997,0.0,26.4724,10.4105,-0.14100000000000001,5.980700000000001,1.6320000000000001,2005.0,129.0,19.23327333333333,28.25653333333333,4.008233333333333,58.86354666666667,20.11682,8.875146666666666,14.640913333333334,3.9652266666666667,2005.0,5168.38,1969.47,360.89,1325.89,226.22,610.25,0.0
2,145.0,31.0687,31.5637,12.802100000000001,65.38319999999999,30.006800000000002,19.4481,23.660100000000003,5.5039,2005.0,145.0,4.923399999999999,26.0462,0.0,30.5956,21.991699999999998,10.5005,16.663000000000004,2.201,2005.0,145.0,20.81802,28.95070666666666,2.14128,44.48636,25.41333333333333,14.032213333333333,19.82842,3.7957599999999996,2005.0,6605.37,3110.06,338.59,1939.34,212.34,588.42,0.0
3,161.0,32.7564,34.1735,16.2124,80.51450000000001,32.223499999999994,20.8435,24.676000000000002,6.0093000000000005,2005.0,161.0,3.7303000000000006,26.633700000000005,0.0,37.156200000000005,23.0516,12.161200000000001,20.0326,1.1875,2005.0,161.0,21.728113333333336,32.206446666666665,4.844433333333332,66.15711333333333,28.09103333333333,17.529333333333334,22.828579999999995,3.5015666666666663,2005.0,7353.45,3630.38,240.84,2090.53,181.36,462.71,0.0
4,177.0,32.2236,35.1925,26.007399999999997,69.0582,35.663999999999994,23.3869,28.7893,5.091200000000001,2005.0,177.0,16.469300000000004,27.948999999999998,0.0,46.08709999999999,26.556899999999995,12.4406,20.8258,1.2849000000000002,2005.0,177.0,25.881613333333338,32.40889333333334,5.628746666666668,56.28275999999999,31.88208,19.387273333333336,25.64700666666667,2.9513466666666663,2005.0,7110.99,3620.36,260.48,2105.98,200.31,458.28,0.0
5,193.0,30.6961,34.1559,13.5741,53.93580000000001,35.8313,22.8729,29.165300000000002,4.6346,2005.0,193.0,24.183000000000003,28.7386,0.0,31.835700000000003,29.7419,14.648000000000001,22.179000000000002,0.982,2005.0,193.0,27.186353333333336,31.95838,1.23496,43.37258666666666,33.606246666666664,19.841586666666664,26.880686666666673,2.4633800000000003,2005.0,7012.57,3557.28,265.06,2055.36,215.42,419.61,0.0
6,209.0,29.2201,36.5087,12.6672,83.9398,39.3703,25.3187,31.995900000000002,4.7423,2005.0,209.0,2.3434,29.8237,0.0,39.680400000000006,24.518900000000002,10.514000000000001,17.9904,1.6018,2005.0,209.0,20.44202,34.12784666666666,2.9505733333333337,56.791466666666665,33.50389333333334,20.223873333333334,26.5546,2.9207066666666672,2005.0,7230.59,3462.99,237.17,1998.76,178.1,411.0,0.08
7,225.0,28.8839,35.527300000000004,26.962600000000002,72.0504,35.418400000000005,22.798699999999997,27.931099999999997,3.1510999999999996,2005.0,225.0,5.1957,28.122299999999996,0.0,41.6,25.7776,14.261800000000001,21.0799,0.5001,2005.0,225.0,21.42826,32.23332666666667,6.215813333333332,56.06073333333333,30.91584,18.318879999999996,24.57508666666666,2.0310866666666674,2005.0,7265.44,3062.21,216.48,1721.71,157.06,377.05,0.01
8,241.0,25.34,34.4662,11.9775,85.7063,33.5625,20.4081,25.8667,3.6492,2005.0,241.0,7.0333000000000006,28.284999999999997,0.0,35.6121,23.6776,12.2002,20.9732,1.1025,2005.0,241.0,19.539673333333333,30.9821,1.9406933333333336,56.77969333333333,29.01514666666666,16.257553333333334,22.597279999999994,2.4115400000000005,2005.0,6854.72,2790.42,230.54,1597.31,164.8,375.03,0.0
9,257.0,21.4438,35.2314,11.232800000000001,84.9871,34.558400000000006,24.1593,28.45,4.3067,2005.0,257.0,7.1392,29.0117,0.0,44.92959999999999,19.389499999999998,8.7293,15.055399999999999,1.2507,2005.0,257.0,16.80026666666667,31.703599999999998,2.9395266666666666,62.338899999999995,28.17480666666667,16.375273333333332,22.359373333333338,2.74992,2005.0,6418.81,2533.2,281.59,1525.99,186.48,395.92,0.0
10,273.0,19.2497,34.38360000000001,15.489799999999999,86.7516,26.677699999999998,21.2445,23.6034,4.979299999999999,2005.0,273.0,3.2036,25.961199999999998,0.0,60.188900000000004,8.2738,2.6956,4.9246,1.6971999999999998,2005.0,273.0,11.952599999999999,30.731219999999997,1.8354333333333335,76.39582666666666,20.922453333333337,11.647380000000004,16.367306666666668,3.574986666666667,2005.0,5624.25,1884.86,293.51,1205.78,176.35,473.81,0.05
11,289.0,16.745900000000002,29.777,24.3445,84.29310000000001,25.5339,14.3162,19.020799999999998,4.271,2005.0,289.0,1.5360999999999998,25.437399999999997,0.0,34.3874,8.4397,3.0214000000000003,5.4679,1.4058,2005.0,289.0,11.91788,27.231286666666666,2.3099466666666664,65.04770666666666,16.539973333333332,7.70598,12.04666,2.8046266666666666,2005.0,5760.47,1669.81,249.51,1026.61,163.94,409.87,0.11
12,305.0,13.9759,28.891299999999998,9.7732,94.39089999999999,20.5875,11.789,13.951899999999998,4.419,2005.0,305.0,3.6139,23.0301,0.0,44.7508,8.5609,0.6917,4.8690999999999995,1.1162,2005.0,305.0,10.273613333333333,25.964626666666668,1.6762599999999996,66.65544666666666,14.870953333333333,5.330779999999999,10.016206666666665,2.9342199999999994,2005.0,5823.16,1561.08,242.88,964.75,157.22,339.34,0.1
