,DOY,INSgdmax,RADmax,RAINmax,RHmax,TMAXmax,TMINmax,Tmax,WINDmax,YEAR,DOY,INSgdmin,RADmin,RAINmin,RHmin,TMAXmin,TMINmin,Tmin,WINDmin,YEAR,DOY,INSgdmean,RADmean,RAINmean,RHmean,TMAXmean,TMINmean,Tmean,WINDmean,YEAR,NDVI,EVI,RED,NIR,BLUE,MIR,pixrel
0,113.0,28.33,32.26,39.13,93.64,26.36,14.71,20.29,5.93,2005.0,113.0,5.44,24.7,0.0,34.15,10.67,1.43,7.07,1.36,2005.0,113.0,17.519333333333332,28.545999999999996,5.331818181818182,58.54933333333334,17.694000000000003,7.597333333333335,12.918666666666665,3.74,2005.0,5561.93,2046.67,376.76,1378.28,209.86,712.24,0.0
1,129.0,28.91,32.65,15.95,86.25,29.0,18.35,21.61,5.84,2005.0,129.0,9.36,25.49,0.0,28.06,12.4,-0.38,7.1,0.81,2005.0,129.0,20.633333333333336,29.188666666666663,3.2060000000000004,57.64200000000001,21.657999999999998,9.772666666666664,15.771333333333335,3.582666666666667,2005.0,5696.1,2119.76,369.95,1401.49,210.38,667.37,0.0
2,145.0,31.25,31.9,20.67,62.41,31.1,18.61,24.06,5.16,2005.0,145.0,9.22,25.74,0.0,29.18,23.69,10.26,17.68,1.55,2005.0,145.0,22.845999999999993,29.516666666666666,3.312666666666667,42.93,26.598000000000003,14.687999999999999,20.686,3.604666666666667,2005.0,6708.14,3319.73,392.4,2090.52,243.03,677.48,0.0
3,161.0,31.97,34.7,33.35,78.21,33.0,21.41,25.39,5.95,2005.0,161.0,9.4,27.5,0.0,38.57,24.26,11.53,20.72,1.59,2005.0,161.0,23.888,32.336666666666666,5.226000000000002,65.62666666666665,29.213999999999995,18.357999999999997,23.657999999999998,3.4193333333333333,2005.0,7699.2,3984.24,255.53,2287.74,176.64,494.52,0.0
4,177.0,31.86,35.71,18.56,68.2,36.62,23.17,28.67,3.82,2005.0,177.0,12.56,28.4,0.0,44.96,26.53,13.14,21.19,0.86,2005.0,177.0,24.988666666666674,32.98,3.18,57.62600000000001,32.71666666666667,19.343333333333327,25.755999999999993,2.4120000000000004,2005.0,7777.5,4077.51,252.82,2330.97,179.35,473.08,0.0
5,193.0,29.23,36.68,8.21,63.71,37.81,24.99,28.99,3.73,2005.0,193.0,17.6,30.02,0.0,30.88,31.15,14.7,23.18,0.83,2005.0,193.0,24.449333333333335,33.025333333333336,0.8106666666666666,48.26266666666666,33.77133333333333,20.122,26.963999999999995,2.4639999999999995,2005.0,7859.42,4087.6,247.45,2337.01,169.98,463.27,0.0
6,209.0,29.48,36.72,11.28,77.83,37.29,25.28,30.07,3.96,2005.0,209.0,5.08,30.28,0.0,41.33,24.91,11.78,19.4,1.43,2005.0,209.0,21.75066666666667,33.986666666666665,1.294,58.01866666666667,33.66066666666667,20.184,26.69,2.5473333333333334,2005.0,7737.35,3916.5,256.49,2243.76,179.1,466.0,0.19
7,225.0,28.84,36.86,24.84,73.64,36.69,22.8,29.17,3.08,2005.0,225.0,4.28,29.92,0.0,41.34,26.4,15.98,22.72,0.74,2005.0,225.0,19.654,33.61733333333334,6.781333333333333,55.77866666666668,32.39933333333333,20.104666666666667,26.021333333333327,1.9773333333333334,2005.0,7808.14,3296.02,197.54,1804.69,134.76,369.57,0.02
8,241.0,24.77,34.96,13.13,79.42,35.21,22.03,26.73,3.95,2005.0,241.0,7.31,29.3,0.0,34.44,26.58,15.21,21.39,1.4,2005.0,241.0,19.41,31.814000000000007,1.846666666666667,54.14533333333334,30.54866666666666,17.767999999999997,23.9,2.322666666666666,2005.0,7326.9,3196.29,257.7,1832.36,169.94,437.31,0.08
9,257.0,21.17,35.5,18.55,85.26,35.92,24.27,29.23,4.14,2005.0,257.0,4.46,28.76,0.0,42.84,17.28,9.44,14.93,1.15,2005.0,257.0,16.679333333333336,32.294666666666664,3.968571428571429,63.341333333333324,28.827333333333335,17.866000000000003,23.29733333333333,2.5046666666666666,2005.0,7367.19,2870.08,225.38,1599.79,155.22,361.99,0.0
10,273.0,19.8,34.7,18.93,88.29,28.67,21.39,24.1,4.69,2005.0,273.0,2.23,27.22,0.0,60.5,9.44,4.2,6.43,1.56,2005.0,273.0,12.29,31.36733333333333,3.5726666666666658,78.77866666666667,22.025333333333332,13.155333333333333,17.38066666666667,3.2279999999999998,2005.0,6382.53,2161.92,277.47,1312.05,151.91,455.02,0.0
11,289.0,17.39,30.38,16.46,84.47,26.66,15.03,20.14,5.02,2005.0,289.0,0.86,26.46,0.0,32.86,8.38,2.28,5.55,0.83,2005.0,289.0,12.575333333333338,28.095999999999993,1.7506666666666668,64.34866666666667,17.83,8.897333333333336,13.372666666666667,2.7573333333333334,2005.0,5983.02,1837.78,264.07,1114.52,171.02,387.71,0.05
12,305.0,14.69,30.49,10.59,93.41,20.58,14.61,16.49,5.36,2005.0,305.0,5.04,24.3,0.0,44.29,9.18,1.39,5.51,1.04,2005.0,305.0,10.488666666666667,26.92066666666667,1.8046666666666666,66.94666666666666,16.16,6.591333333333335,11.368,2.817333333333333,2005.0,6231.42,1953.61,280.34,1215.91,146.08,309.82,0.73
