,DOY,INSgdmax,RADmax,RAINmax,RHmax,TMAXmax,TMINmax,Tmax,WINDmax,YEAR,DOY,INSgdmin,RADmin,RAINmin,RHmin,TMAXmin,TMINmin,Tmin,WINDmin,YEAR,DOY,INSgdmean,RADmean,RAINmean,RHmean,TMAXmean,TMINmean,Tmean,WINDmean,YEAR,NDVI,EVI,RED,NIR,BLUE,MIR,pixrel
0,113.0,28.329400000000003,30.8556,12.562899999999999,92.14329999999998,24.6651,13.7809,18.2775,6.874999999999999,2005.0,113.0,6.3434,23.7368,0.0,31.350700000000003,10.553500000000001,-1.7518,5.694100000000001,1.6714,2005.0,113.0,17.501313333333332,27.146060000000002,3.282672727272727,60.247286666666646,14.482626666666667,4.925553333333333,9.971646666666667,4.438793333333334,2005.0,2376.62,1190.99,1050.73,1715.2,567.18,2103.52,0.3
1,129.0,29.244099999999996,31.215600000000002,25.4236,91.87519999999999,25.1226,16.5837,19.6099,7.681100000000001,2005.0,129.0,5.5569,23.237499999999997,0.0,25.6836,9.5572,-2.0839999999999996,5.2573,2.5694,2005.0,129.0,17.75772,27.89870666666667,4.739506666666666,64.27324,17.394546666666667,7.308506666666668,12.501333333333333,5.082486666666666,2005.0,2604.67,1256.86,940.84,1629.08,509.78,1873.91,0.05
2,145.0,31.0757,32.374,13.180700000000002,65.44969999999999,27.5382,17.4964,22.3091,7.211,2005.0,145.0,7.338900000000001,25.415,0.0,32.9918,20.021299999999997,8.542300000000001,14.660799999999998,2.1389000000000005,2005.0,145.0,21.176906666666667,29.234800000000003,2.6499533333333334,49.32145333333334,24.365360000000003,12.864746666666669,18.717760000000002,4.546433333333333,2005.0,3305.1,1821.79,1159.62,2174.73,793.27,1804.8,1.57
3,161.0,31.9,33.2741,32.057900000000004,88.1218,29.125400000000003,19.648300000000003,23.194300000000002,5.923399999999999,2005.0,161.0,9.6222,28.5844,0.0,46.3508,21.8742,12.0947,17.738500000000002,0.9580000000000001,2005.0,161.0,20.53584,31.31756,7.641626666666667,73.41448666666666,25.045566666666673,15.098813333333332,19.72777333333333,3.548333333333334,2005.0,5613.32,3196.23,657.75,2442.49,344.43,1367.68,0.65
4,177.0,31.7319,35.306,21.6043,85.6736,33.2932,21.6892,26.5113,7.343,2005.0,177.0,9.922,28.861,0.0,44.3568,23.5247,12.364999999999998,18.001600000000003,1.1622,2005.0,177.0,23.416853333333336,32.585300000000004,5.419046666666667,68.73516,28.721966666666663,18.333846666666666,23.192066666666673,4.260539999999999,2005.0,6183.51,3783.65,590.12,2739.84,309.52,908.24,0.39
5,193.0,30.339199999999998,34.1413,9.3095,69.98949999999999,34.176199999999994,22.2945,27.344,5.803999999999999,2005.0,193.0,12.988100000000001,30.236600000000003,0.0,49.885600000000004,25.302500000000002,13.4351,19.5382,1.3876,2005.0,193.0,25.653186666666667,32.54875333333333,0.9363133333333333,59.798759999999994,30.844753333333337,18.8811,24.588033333333335,3.55732,2005.0,5920.58,3197.97,492.33,2238.39,257.05,703.11,0.0
6,209.0,28.942200000000003,35.732499999999995,11.8342,78.3189,38.6154,22.352199999999996,29.067700000000002,6.075900000000001,2005.0,209.0,8.994800000000001,29.514300000000002,0.0,44.674899999999994,20.7711,8.6915,15.485600000000002,1.6275,2005.0,209.0,21.726953333333334,33.20408666666667,3.807926666666667,60.736113333333336,30.788806666666662,18.033746666666666,24.034080000000003,3.866906666666666,2005.0,5260.6,3055.09,676.19,2411.75,348.96,1219.8,0.13
7,225.0,28.9506,33.480599999999995,17.087699999999998,92.6634,30.8532,20.3988,24.727600000000002,4.8317,2005.0,225.0,10.7352,29.134000000000004,0.0,42.2491,20.7867,9.2612,15.009300000000001,1.2506000000000002,2005.0,225.0,20.498606666666667,31.367059999999995,3.3121600000000004,72.34309333333333,25.95175333333333,15.696893333333335,20.54667333333333,2.990846666666666,2005.0,4956.05,2822.3,752.46,2350.58,373.95,1336.51,0.0
8,241.0,24.7993,33.0134,7.0877,85.34,29.268400000000003,19.593200000000003,23.6786,6.938599999999999,2005.0,241.0,9.8555,27.5512,0.0,35.471,20.6324,10.1013,15.423299999999998,1.1818,2005.0,241.0,20.356499999999997,30.287093333333335,1.4581266666666668,63.78797333333333,26.3723,14.005826666666668,19.957953333333332,3.50022,2005.0,4628.67,2417.91,695.72,2023.53,360.55,1328.82,0.11
9,257.0,21.126599999999996,35.2365,29.8694,87.91570000000002,33.432,23.3436,27.080199999999998,7.9328,2005.0,257.0,6.415,27.0068,0.0,46.121900000000004,20.2072,7.194000000000001,14.031400000000001,1.6440000000000001,2005.0,257.0,16.164846666666666,30.852166666666662,4.31932,68.94217333333333,25.507546666666666,14.987020000000001,20.11914,4.1256466666666665,2005.0,4213.86,1986.25,675.51,1740.59,356.78,1293.59,0.0
10,273.0,18.632499999999997,33.2075,43.794,96.8036,25.3644,19.9974,21.206400000000002,7.0511,2005.0,273.0,3.4314,24.796,0.0,53.3827,4.906000000000001,0.28600000000000003,2.4313000000000002,2.5273000000000003,2005.0,273.0,12.81254,29.196819999999995,6.058439999999999,78.35124666666667,18.103546666666666,9.47322,13.743133333333333,4.69912,2005.0,4025.63,1769.58,644.42,1571.73,341.0,1248.38,0.01
11,289.0,15.834399999999999,29.7988,14.533700000000001,93.6804,26.1081,12.977,17.095299999999998,6.2751,2005.0,289.0,4.2448999999999995,24.865899999999996,0.0,45.4005,6.4186000000000005,1.4443000000000001,3.9379,1.7440999999999998,2005.0,289.0,11.61684,26.786080000000002,2.368706666666667,70.52907333333333,14.173893333333332,5.938673333333333,9.59074,3.2872600000000007,2005.0,3845.69,1593.62,629.11,1458.95,326.04,1191.79,0.14
12,305.0,13.2072,28.4552,5.6287,81.34279999999998,20.1791,8.0846,12.2665,6.921499999999999,2005.0,305.0,5.681100000000001,21.739899999999995,0.0,46.6843,4.6761,-2.6959999999999997,2.0688,1.3986,2005.0,305.0,10.19988,24.65372,0.8125466666666668,68.20822666666668,12.550866666666668,3.140686666666667,7.41484,3.258053333333333,2005.0,3737.39,1432.69,585.07,1322.69,300.67,956.84,0.36
