,DOY,INSgdmax,RADmax,RAINmax,RHmax,TMAXmax,TMINmax,Tmax,WINDmax,YEAR,DOY,INSgdmin,RADmin,RAINmin,RHmin,TMAXmin,TMINmin,Tmin,WINDmin,YEAR,DOY,INSgdmean,RADmean,RAINmean,RHmean,TMAXmean,TMINmean,Tmean,WINDmean,YEAR,NDVI,EVI,RED,NIR,BLUE,MIR,pixrel
0,113.0,28.400400000000005,31.7381,28.072699999999998,89.8257,26.267,15.8095,20.3447,6.921099999999999,2005.0,113.0,7.630699999999999,24.3731,0.0,32.134100000000004,11.8933,0.7536,7.851499999999999,2.7220999999999997,2005.0,113.0,17.37320666666667,28.366806666666662,5.8308,55.94002666666666,17.25408,7.769493333333333,12.798233333333332,4.4831,2005.0,3710.59,2226.08,1155.64,2505.89,556.9,2334.08,0.27
1,129.0,29.0837,32.293499999999995,34.0487,92.0214,26.658300000000004,17.2549,20.717599999999997,6.953199999999999,2005.0,129.0,8.365400000000001,25.0079,0.0,30.745200000000004,12.182400000000001,1.7090999999999998,7.463,2.8316999999999997,2005.0,129.0,20.265173333333333,28.690446666666666,5.326533333333334,63.32724,20.060713333333332,9.7634,14.994019999999999,4.74604,2005.0,3976.21,2729.74,1371.3,3119.75,664.9,2872.12,0.32
2,145.0,30.4169,32.9556,13.715499999999999,62.2757,31.694200000000002,19.5934,23.3092,5.884,2005.0,145.0,10.4749,25.2887,0.0,30.9543,22.218,11.6449,17.699399999999997,2.2447999999999997,2005.0,145.0,22.82738666666667,29.39209333333333,3.092293333333333,44.72027333333333,26.62064,14.841846666666667,20.704113333333336,3.994833333333333,2005.0,4638.37,3074.57,1104.86,2994.76,546.58,2211.92,0.73
3,161.0,32.082899999999995,33.50749999999999,42.0194,86.23620000000001,29.5593,20.032700000000002,23.7282,6.7166,2005.0,161.0,6.4522,28.260000000000005,0.0,54.5413,23.7432,12.9089,19.5961,1.1277,2005.0,161.0,20.922553333333333,31.84396666666666,9.070626666666666,73.40622666666668,26.379773333333333,16.648600000000002,21.252973333333337,3.851493333333333,2005.0,6522.89,4905.05,821.85,3881.43,427.67,1772.2,0.07
4,177.0,30.9206,36.1954,18.200699999999998,69.601,34.960100000000004,23.3733,27.740500000000004,6.1195,2005.0,177.0,11.1509,28.345400000000005,0.0,45.9156,27.1006,14.716499999999998,20.704900000000002,1.5499,2005.0,177.0,25.192660000000004,32.754706666666664,4.759486666666667,57.4695,31.84196666666667,20.112426666666668,25.57608666666667,3.9625466666666664,2005.0,7718.37,5690.73,494.96,3875.01,268.78,1051.4,0.0
5,193.0,29.4713,34.5506,3.3027,59.7993,34.604099999999995,22.336999999999996,28.113600000000005,4.7742,2005.0,193.0,21.5257,29.968700000000002,0.0,41.355,29.245,14.3266,22.2331,0.8913999999999999,2005.0,193.0,26.388646666666666,32.64588666666666,0.4803466666666667,52.461240000000004,32.448286666666675,19.539053333333335,26.06989333333333,2.8288733333333336,2005.0,8205.25,6415.56,404.33,4285.61,219.31,910.13,0.0
6,209.0,29.190400000000004,36.1648,18.5702,83.10470000000001,39.755700000000004,25.4075,31.7087,5.7252,2005.0,209.0,11.4972,30.7613,0.0,35.6962,23.0049,10.749099999999999,16.5235,2.1129,2005.0,209.0,21.501066666666667,33.960013333333336,2.7863866666666666,54.120933333333326,33.12684666666667,20.240640000000003,26.377360000000003,3.99262,2005.0,8193.97,6219.41,392.78,4095.35,215.62,840.21,0.64
7,225.0,28.4523,35.4937,22.5336,80.0958,32.9078,21.0365,26.2147,4.100300000000001,2005.0,225.0,7.873899999999999,29.4925,0.0,42.518699999999995,22.3407,11.895399999999999,17.864399999999996,0.9045000000000001,2005.0,225.0,20.341639999999998,32.561186666666664,5.4543800000000005,66.12368,28.829100000000004,17.461506666666665,23.026546666666665,2.4006733333333337,2005.0,8220.8,5997.62,360.16,3871.27,195.48,770.24,0.0
8,241.0,25.1179,34.5206,21.363799999999998,91.34790000000001,30.4071,20.8783,24.1391,5.1715,2005.0,241.0,7.472199999999999,29.252000000000002,0.0,35.9275,23.1834,11.5401,20.7851,0.6016999999999999,2005.0,241.0,18.684006666666665,31.967553333333335,3.0158000000000005,65.22455333333333,27.857359999999996,16.676686666666665,22.126166666666663,2.702386666666667,2005.0,6445.97,4338.17,690.01,3232.47,367.2,1158.98,0.13
9,257.0,21.923500000000004,35.5883,13.4662,86.4332,34.590500000000006,23.462699999999998,27.915599999999998,6.7031,2005.0,257.0,10.1964,29.3587,0.0,42.8416,19.9854,7.5682,15.012099999999998,1.2075,2005.0,257.0,17.63370666666667,31.78214666666667,1.9647666666666663,68.69158666666667,26.657533333333333,16.209906666666665,21.25949333333333,3.785526666666667,2005.0,4995.68,3077.71,944.04,2797.27,450.79,1467.28,0.0
10,273.0,19.2477,34.2152,6.8149999999999995,91.2736,25.2008,21.102599999999995,22.6872,6.505700000000001,2005.0,273.0,5.1564000000000005,24.3398,0.0,51.2968,6.4717,1.8688000000000002,3.7685999999999997,2.4132999999999996,2005.0,273.0,13.13822,30.419966666666664,1.33574,78.15739333333333,19.703226666666666,11.432220000000001,15.572753333333333,4.5929866666666666,2005.0,3823.68,2143.93,1023.98,2275.16,500.94,1664.36,0.0
11,289.0,16.8379,30.6002,9.569400000000002,91.39059999999999,27.2665,14.422500000000001,18.7988,5.5838,2005.0,289.0,4.5878000000000005,26.1273,0.0,44.79079999999999,8.411999999999999,1.7885999999999997,4.8232,1.7195,2005.0,289.0,11.35372,27.69694,1.64656,69.74483333333333,16.385753333333334,7.6207933333333315,11.537373333333333,3.1527933333333333,2005.0,3226.83,1900.7,1241.43,2383.72,602.64,2012.51,0.27
12,305.0,14.262699999999999,28.4369,6.862799999999999,84.53,21.1643,9.6564,13.3508,6.2894,2005.0,305.0,6.5412,23.555999999999997,0.0,44.0727,4.8443000000000005,-1.2971,2.0844,0.8146,2005.0,305.0,11.933300000000003,25.670906666666667,0.9295666666666665,66.1728,14.836233333333332,4.616106666666667,9.251953333333333,3.2377866666666666,2005.0,2843.04,1706.82,1349.36,2398.44,649.16,2115.02,0.38
