,DOY,INSgdmax,RADmax,RAINmax,RHmax,TMAXmax,TMINmax,Tmax,WINDmax,YEAR,DOY,INSgdmin,RADmin,RAINmin,RHmin,TMAXmin,TMINmin,Tmin,WINDmin,YEAR,DOY,INSgdmean,RADmean,RAINmean,RHmean,TMAXmean,TMINmean,Tmean,WINDmean,YEAR,NDVI,EVI,RED,NIR,BLUE,MIR,pixrel
0,113.0,28.822000000000003,31.945999999999998,24.664,86.652,26.816,13.776,20.130000000000003,5.57,2005.0,113.0,8.411999999999999,23.838,0.0,34.072,10.398,-0.04400000000000001,6.417999999999999,1.9499999999999997,2005.0,113.0,17.5132,27.6848,4.3029090909090915,54.72026666666666,16.569466666666667,6.407599999999999,11.721200000000001,3.7822666666666667,2005.0,4986.25,2402.94,658.51,1953.16,330.3,1194.45,0.0
1,129.0,29.264,32.128,26.914,90.256,26.912,17.042,21.362000000000002,7.01,2005.0,129.0,4.766,23.605999999999998,0.0,25.966,9.884,-0.24,5.6,1.9560000000000004,2005.0,129.0,18.686933333333336,27.918533333333333,4.347333333333333,59.080266666666674,19.211599999999997,8.493066666666667,14.002533333333332,4.071066666666667,2005.0,5512.12,2696.91,585.9,2023.38,305.75,994.2,0.02
2,145.0,31.138000000000005,31.636,10.244,66.3,29.276,19.506,23.46,5.974,2005.0,145.0,3.55,26.03,0.0,33.316,20.9,10.172,15.988,2.174,2005.0,145.0,20.4324,28.935066666666664,2.0732,45.718,24.810533333333332,13.767333333333337,19.4,3.8236,2005.0,7074.61,4348.45,492.98,2920.49,266.35,872.01,0.0
3,161.0,32.802,34.226,21.298000000000002,80.036,31.201999999999998,20.464,24.334,5.8740000000000006,2005.0,161.0,5.692,26.4,0.0,37.014,22.730000000000004,12.508,19.66,1.588,2005.0,161.0,21.312933333333334,32.053466666666665,4.920133333333332,65.81533333333334,27.66853333333333,17.108533333333334,22.386,3.569466666666667,2005.0,8036.3,5199.02,343.06,3237.03,194.67,658.92,0.0
4,177.0,31.896,35.518,23.961999999999996,72.156,35.298,23.326,28.701999999999998,5.702,2005.0,177.0,13.064,27.874000000000002,0.0,44.839999999999996,25.439999999999998,11.48,20.031999999999996,1.5,2005.0,177.0,24.939333333333334,32.37813333333334,5.371066666666667,57.6356,31.229600000000005,19.266133333333336,25.31266666666667,3.1714666666666664,2005.0,8057.25,5283.47,347.96,3299.52,199.38,644.21,0.0
5,193.0,30.088,33.804,13.98,57.414,35.324,23.136000000000003,28.855999999999998,4.976,2005.0,193.0,23.478,28.798000000000002,0.0,33.372,28.214,14.45,21.51,1.2040000000000002,2005.0,193.0,26.977333333333334,31.822799999999997,1.2172,44.992666666666665,32.89066666666666,19.60666666666667,26.421866666666666,2.4964,2005.0,8007.9,5319.1,366.48,3359.07,207.03,686.08,0.06
6,209.0,29.056,36.08,15.720000000000002,80.47,38.794,25.406,31.83,4.862,2005.0,209.0,1.78,29.823999999999998,0.0,40.410000000000004,24.116,10.358,17.496000000000002,1.27,2005.0,209.0,20.194799999999997,33.94826666666667,4.299733333333334,58.43266666666666,32.738933333333335,19.845333333333333,26.0112,2.9822666666666673,2005.0,8001.31,4885.99,331.52,2996.03,188.21,610.41,0.01
7,225.0,28.802,34.582,25.252,73.53,34.24,21.950000000000003,27.086,3.3440000000000003,2005.0,225.0,7.242,27.755999999999993,0.0,41.894000000000005,25.120000000000005,13.27,19.636,0.9179999999999999,2005.0,225.0,21.378800000000005,31.702666666666666,5.268533333333333,58.97453333333333,29.7536,17.456399999999995,23.518666666666668,2.137466666666667,2005.0,7992.31,4563.22,303.2,2749.69,167.53,597.84,0.03
8,241.0,24.89,33.892,25.608,87.20599999999999,33.192,20.003999999999998,25.522,4.188,2005.0,241.0,8.704,28.113999999999997,0.0,36.19799999999999,23.698,11.68,19.562,1.356,2005.0,241.0,19.62173333333333,30.6716,2.7893333333333334,56.900133333333336,28.418666666666667,15.460933333333337,22.0216,2.5736,2005.0,7565.83,4252.69,363.73,2655.83,198.63,692.09,0.0
9,257.0,21.394000000000002,35.604,17.444,84.922,34.028,24.006,27.802,4.52,2005.0,257.0,7.888000000000002,29.066,0.0,46.078,20.564,8.533999999999999,15.446,1.038,2005.0,257.0,16.529466666666664,31.7528,3.0806666666666667,63.08120000000001,27.641066666666674,15.874533333333332,21.833733333333335,2.792,2005.0,7236.59,4008.99,405.97,2569.72,218.18,730.03,0.0
10,273.0,19.003999999999998,33.989999999999995,11.996,88.12800000000001,25.934,21.233999999999998,23.226,5.0600000000000005,2005.0,273.0,3.05,25.665999999999997,0.0,58.724000000000004,7.882,2.008,4.444,1.8219999999999998,2005.0,273.0,11.6232,30.4256,1.7765333333333333,76.01986666666666,20.302933333333335,11.100000000000001,15.815866666666667,3.683866666666667,2005.0,6232.44,2944.28,462.62,2029.01,225.47,813.46,0.0
11,289.0,16.549999999999997,29.618000000000002,13.708,85.236,25.194000000000003,14.3,18.212,4.382,2005.0,289.0,3.388,25.732,0.0,37.885999999999996,8.566,3.064,5.776,1.5779999999999998,2005.0,289.0,11.941199999999998,27.167866666666665,1.5282666666666667,64.75786666666666,15.904533333333333,7.4744,11.5708,2.8298666666666668,2005.0,5661.53,2406.85,471.27,1709.07,243.03,793.91,0.0
12,305.0,13.629999999999999,28.990000000000002,8.29,88.81,20.201999999999998,11.629999999999999,13.09,4.518,2005.0,305.0,3.7479999999999998,23.124,0.0,44.482,8.416,0.56,4.930000000000001,1.1,2005.0,305.0,10.049733333333332,25.831866666666663,1.4236,66.36026666666667,14.092533333333336,4.868,9.426666666666666,2.9119999999999995,2005.0,5428.57,2053.67,451.28,1498.17,216.9,733.61,0.0
