,DOY,INSgdmax,RADmax,RAINmax,RHmax,TMAXmax,TMINmax,Tmax,WINDmax,YEAR,DOY,INSgdmin,RADmin,RAINmin,RHmin,TMAXmin,TMINmin,Tmin,WINDmin,YEAR,DOY,INSgdmean,RADmean,RAINmean,RHmean,TMAXmean,TMINmean,Tmean,WINDmean,YEAR,NDVI,EVI,RED,NIR,BLUE,MIR,pixrel
0,113.0,28.19,31.5,12.38,81.08,26.0,13.31,19.47,5.1,2005.0,113.0,3.42,23.98,0.0,31.49,9.78,-0.72,5.39,2.44,2005.0,113.0,16.352666666666668,27.374666666666666,2.7618181818181826,52.61599999999999,14.852666666666666,5.747333333333334,10.443999999999999,3.643333333333333,2005.0,4623.79,2112.73,656.96,1783.71,328.34,1261.2,0.0
1,129.0,28.98,31.68,31.68,94.44,25.17,16.27,19.81,6.39,2005.0,129.0,3.49,23.33,0.0,25.41,7.29,-2.01,4.14,2.25,2005.0,129.0,16.711333333333336,27.552,5.847333333333335,62.087999999999994,16.66,7.113333333333333,12.010666666666664,3.9466666666666663,2005.0,5752.8,2876.14,607.82,2096.48,415.34,925.31,1.53
2,145.0,29.05,32.08,14.9,73.05,28.21,17.26,22.67,6.49,2005.0,145.0,6.19,25.81,0.0,38.32,18.2,7.65,13.85,2.0,2005.0,145.0,18.829333333333334,29.119333333333334,2.15,51.10133333333333,23.09466666666667,12.393333333333338,17.85666666666667,3.638,2005.0,7156.57,4422.1,485.7,2960.77,260.0,885.5,0.01
3,161.0,32.94,34.42,22.93,80.93,29.9,19.3,23.47,5.02,2005.0,161.0,11.59,26.06,0.0,36.66,22.64,10.73,18.62,1.79,2005.0,161.0,20.706000000000003,31.55866666666667,5.930666666666667,65.33000000000001,26.941999999999997,15.973333333333331,21.196000000000005,3.489333333333333,2005.0,8376.51,5667.54,299.04,3512.01,164.24,661.92,0.0
4,177.0,31.61,35.82,23.82,80.96,34.3,23.55,28.29,6.71,2005.0,177.0,9.47,28.19,0.0,40.26,22.85,9.74,18.08,1.47,2005.0,177.0,21.649333333333335,32.64,3.523333333333334,61.187333333333335,29.548000000000002,18.483999999999998,24.194000000000003,3.5406666666666666,2005.0,8372.75,5610.58,292.98,3460.38,164.25,638.16,0.15
5,193.0,30.31,33.52,6.49,70.18,34.81,22.89,28.35,5.29,2005.0,193.0,18.68,29.81,0.0,34.95,24.46,13.91,19.34,1.45,2005.0,193.0,26.528666666666666,31.685333333333332,0.5953333333333333,50.97866666666666,31.18266666666667,19.133333333333333,25.194666666666667,2.6166666666666676,2005.0,8512.95,5318.76,245.25,3154.0,138.59,542.92,0.0
6,209.0,27.32,35.5,23.16,82.42,36.78,25.14,29.77,4.42,2005.0,209.0,12.53,30.96,0.0,47.14,22.85,10.43,16.59,1.43,2005.0,209.0,21.206666666666663,33.58533333333334,4.531333333333333,62.854,30.564666666666668,18.75733333333333,24.41133333333333,3.056,2005.0,8295.94,5176.06,278.02,3118.53,155.51,584.46,0.18
7,225.0,28.8,34.92,29.32,85.73,31.55,20.67,25.43,3.69,2005.0,225.0,5.08,28.4,0.0,39.12,20.23,10.38,16.67,1.49,2005.0,225.0,20.34333333333333,31.065999999999995,5.688000000000001,66.30666666666667,26.74333333333334,15.815999999999997,21.20333333333333,2.489333333333333,2005.0,8199.35,4846.45,277.32,2894.26,152.87,567.02,0.05
8,241.0,24.77,33.55,43.92,87.57,31.46,20.47,24.83,5.35,2005.0,241.0,8.86,27.94,0.0,37.29,22.03,10.93,16.79,1.74,2005.0,241.0,19.023333333333333,30.05333333333333,4.700666666666667,57.10066666666667,26.80533333333333,14.112666666666666,20.673333333333332,2.9200000000000004,2005.0,7612.27,4319.07,366.77,2696.31,196.73,660.18,0.59
9,257.0,20.23,35.86,11.14,82.68,32.7,23.36,27.21,4.69,2005.0,257.0,9.29,26.86,0.0,46.58,20.22,8.63,15.02,0.98,2005.0,257.0,15.636,31.08066666666667,3.005333333333333,64.96066666666665,26.257999999999996,15.156,20.724666666666668,2.8480000000000003,2005.0,7310.45,3798.46,364.52,2365.67,194.95,655.8,0.0
10,273.0,18.54,34.02,34.73,93.04,24.73,21.37,22.5,4.98,2005.0,273.0,2.38,24.91,0.0,54.21,6.91,1.03,3.75,1.78,2005.0,273.0,11.40933333333333,29.741999999999997,3.7046666666666663,75.51666666666667,18.518666666666668,10.33,14.55733333333333,3.6746666666666656,2005.0,6076.93,2689.95,444.44,1838.12,217.56,807.4,0.0
11,289.0,16.31,29.56,9.21,88.56,24.11,13.09,15.94,4.57,2005.0,289.0,4.57,24.98,0.0,43.46,7.53,2.98,4.98,1.82,2005.0,289.0,12.336666666666668,26.56066666666667,1.3613333333333335,67.802,14.295333333333335,6.263999999999999,10.106666666666667,2.769333333333334,2005.0,5193.92,2026.71,462.92,1486.0,232.86,869.98,0.0
12,305.0,13.1,29.16,8.31,83.97,18.83,10.62,11.83,4.75,2005.0,305.0,2.92,22.28,0.0,46.29,6.45,-0.38,3.67,0.96,2005.0,305.0,8.884666666666668,25.08333333333333,0.9513333333333336,68.73733333333332,11.968,3.6306666666666674,7.750666666666666,2.7039999999999993,2005.0,4898.64,1909.19,498.96,1470.04,245.82,908.0,0.0
