,DOY,INSgdmax,RADmax,RAINmax,RHmax,TMAXmax,TMINmax,Tmax,WINDmax,YEAR,DOY,INSgdmin,RADmin,RAINmin,RHmin,TMAXmin,TMINmin,Tmin,WINDmin,YEAR,DOY,INSgdmean,RADmean,RAINmean,RHmean,TMAXmean,TMINmean,Tmean,WINDmean,YEAR,NDVI,EVI,RED,NIR,BLUE,MIR,pixrel
0,113.0,28.6492,31.7504,14.676800000000002,87.15880000000001,26.0486,13.223600000000001,19.089000000000002,5.6306,2005.0,113.0,6.074999999999999,23.8922,0.0,34.801,10.391399999999999,-0.8176,5.8304,2.4726,2005.0,113.0,17.319706666666665,27.19630666666667,5.146963636363636,56.267520000000005,14.935479999999998,5.592079999999999,10.461933333333334,4.0496799999999995,2005.0,4225.73,1988.48,516.69,1615.27,261.86,901.57,7.73
1,129.0,29.253600000000002,32.593199999999996,27.775600000000004,93.9734,25.283600000000003,17.451,20.618,7.419599999999999,2005.0,129.0,4.265000000000001,23.1632,0.0,28.56,8.5266,-1.846,4.603400000000001,2.5654,2005.0,129.0,17.018786666666667,27.74973333333333,4.674373333333334,63.03386666666667,17.222040000000003,7.526373333333334,12.554880000000002,4.486546666666667,2005.0,4738.87,2392.61,550.21,1838.23,314.59,759.83,3.15
2,145.0,30.3286,31.5276,15.418199999999999,69.493,28.185,17.5124,22.8306,7.039200000000001,2005.0,145.0,3.3694,25.8436,0.0,37.9636,19.057199999999998,8.5646,14.3566,2.0359999999999996,2005.0,145.0,19.26116,28.990146666666664,2.986933333333333,50.905813333333334,23.564066666666665,12.852346666666667,18.31112,4.066133333333333,2005.0,5841.5,3423.18,466.21,2373.13,275.32,682.55,5.41
3,161.0,32.9642,33.9346,16.4602,84.649,29.642,19.1132,23.607599999999998,5.0784,2005.0,161.0,11.525199999999998,26.221199999999996,0.0,38.705799999999996,22.1948,11.5798,18.4268,1.6702,2005.0,161.0,20.458506666666672,31.471986666666666,4.985213333333334,68.13653333333332,26.382946666666665,15.813626666666668,20.84884,3.593186666666666,2005.0,6534.7,4094.2,329.46,2630.86,186.39,531.88,5.16
4,177.0,32.1964,36.1492,16.8044,80.14959999999999,34.3942,22.9386,27.865199999999998,6.9916,2005.0,177.0,9.951,28.08,0.0,38.1118,23.6836,11.081,18.2588,1.4092,2005.0,177.0,22.13214666666667,32.65093333333333,5.950186666666667,62.46676000000002,29.833080000000002,18.73008,24.25804,3.8515733333333335,2005.0,6552.76,4072.98,297.27,2607.38,159.84,515.5,10.25
5,193.0,30.0,33.6936,3.4256,68.87639999999999,35.218399999999995,23.8174,28.9642,5.3835999999999995,2005.0,193.0,15.9878,29.5432,0.0,35.8584,24.486200000000004,13.213799999999999,19.5008,1.3084,2005.0,193.0,26.19638666666667,32.154560000000004,0.23530666666666666,51.66749333333333,31.62282666666666,19.632413333333336,25.60037333333333,2.882413333333333,2005.0,6549.42,4178.87,338.03,2660.85,200.57,540.81,2.65
6,209.0,28.312199999999997,35.525000000000006,14.733799999999999,80.2356,38.0128,24.6346,29.640200000000004,4.9188,2005.0,209.0,11.82,29.7644,0.0,45.834,22.733800000000002,10.6258,16.1434,1.6614,2005.0,209.0,21.586933333333334,33.48237333333333,4.065146666666667,62.05726666666667,30.943399999999997,18.570666666666668,24.479480000000002,3.391653333333333,2005.0,6558.68,3861.33,286.56,2414.89,156.76,468.52,7.75
7,225.0,29.333199999999998,33.973200000000006,25.269800000000004,88.86779999999999,31.074399999999997,20.483600000000003,25.271800000000002,3.6338,2005.0,225.0,7.1484000000000005,28.632200000000005,0.0,40.630399999999995,20.2318,10.3872,16.153599999999997,1.4054000000000002,2005.0,225.0,21.037346666666668,31.166906666666662,4.99704,68.50658666666666,26.587786666666666,15.838440000000002,21.070439999999994,2.5598933333333336,2005.0,6608.86,3584.62,277.51,2227.12,144.54,441.68,7.97
8,241.0,24.654,33.71679999999999,42.4336,89.3276,31.3848,19.9716,24.750600000000002,5.2694,2005.0,241.0,10.5528,27.9264,0.0,36.9994,21.501199999999997,10.5068,16.4522,1.6555999999999997,2005.0,241.0,19.394440000000003,30.316199999999995,4.0365866666666665,59.564733333333336,26.95668,14.014973333333337,20.617173333333334,3.0841200000000004,2005.0,6062.78,3006.83,197.82,1951.57,62.35,401.9,28.08
9,257.0,20.4336,35.2992,32.631600000000006,85.756,33.2312,23.073400000000003,27.4952,5.7274,2005.0,257.0,8.3492,27.4456,0.0,45.1374,20.3196,8.1002,14.6588,1.059,2005.0,257.0,15.898333333333332,31.100626666666667,5.264413333333334,65.48837333333336,26.465133333333334,15.183053333333334,20.77937333333333,3.26476,2005.0,5857.95,2776.36,184.3,1834.4,43.29,406.69,33.15
10,273.0,18.489,33.7768,25.734399999999997,94.1498,25.348,21.1922,22.2908,5.947,2005.0,273.0,2.9148,24.607200000000002,0.0,53.541199999999996,5.9441999999999995,1.0186,3.387,2.0794,2005.0,273.0,12.181973333333335,29.648186666666668,3.3481733333333326,76.70506666666665,18.586479999999995,10.242040000000003,14.49596,4.181719999999999,2005.0,4724.04,1924.01,298.84,1497.38,77.31,548.45,30.6
11,289.0,16.2226,29.504599999999996,9.5916,89.2534,24.918,13.1944,16.274800000000003,5.3134,2005.0,289.0,3.8371999999999997,25.208199999999998,0.0,44.99399999999999,8.002,2.7818,5.143999999999999,1.9618,2005.0,289.0,11.977493333333333,26.736306666666664,0.7878266666666666,68.78010666666667,14.402493333333336,6.344399999999999,10.118973333333335,3.010173333333334,2005.0,4265.5,1704.12,486.52,1399.37,274.94,723.81,7.95
12,305.0,13.6508,29.2942,8.032,84.7918,19.285800000000002,10.390999999999998,12.043999999999999,5.7902,2005.0,305.0,3.5481999999999996,22.8338,0.0,47.681200000000004,6.372599999999999,-0.13240000000000002,3.6361999999999997,0.8508,2005.0,305.0,9.769666666666668,24.936893333333334,1.2951066666666666,68.90633333333332,12.228186666666666,3.683066666666667,7.840920000000001,2.9573066666666663,2005.0,4143.16,1247.38,230.86,1045.34,43.74,514.93,33.16
