,DOY,INSgdmax,RADmax,RAINmax,RHmax,TMAXmax,TMINmax,Tmax,WINDmax,YEAR,DOY,INSgdmin,RADmin,RAINmin,RHmin,TMAXmin,TMINmin,Tmin,WINDmin,YEAR,DOY,INSgdmean,RADmean,RAINmean,RHmean,TMAXmean,TMINmean,Tmean,WINDmean,YEAR,NDVI,EVI,RED,NIR,BLUE,MIR,pixrel
0,113.0,28.69,32.18,30.46,92.67,26.99,14.1,20.52,5.75,2005.0,113.0,8.28,23.58,0.0,32.8,10.56,-0.26,6.64,1.83,2005.0,113.0,17.124000000000002,27.817999999999998,5.684545454545455,55.070666666666654,17.226666666666667,6.885999999999998,12.304,3.8426666666666667,2005.0,3568.9,1187.7,292.33,993.62,147.26,526.86,20.5
1,129.0,28.94,31.93,25.66,87.55,28.07,16.97,21.65,6.98,2005.0,129.0,5.54,24.08,0.0,26.53,10.37,-0.15,5.96,1.65,2005.0,129.0,19.311333333333334,28.21333333333333,4.061333333333333,59.022666666666666,20.096,8.862666666666666,14.629333333333333,3.984666666666667,2005.0,4041.95,1393.59,273.36,1064.29,142.34,488.42,18.01
2,145.0,31.03,31.57,12.65,65.16,30.05,19.44,23.67,5.53,2005.0,145.0,4.72,26.03,0.0,30.43,21.98,10.55,16.69,2.21,2005.0,145.0,20.766000000000005,28.94266666666666,2.148,44.51,25.41933333333333,14.035333333333334,19.834000000000003,3.8079999999999994,2005.0,5235.6,2484.45,391.0,1662.23,271.6,536.76,0.05
3,161.0,32.76,34.16,16.9,80.51,32.12,20.83,24.64,6.03,2005.0,161.0,3.49,26.64,0.0,37.14,23.03,12.19,20.02,1.21,2005.0,161.0,21.703333333333333,32.214666666666666,4.977333333333332,66.21933333333332,28.05533333333333,17.505333333333336,22.802,3.5066666666666664,2005.0,5837.32,2827.3,188.65,1728.14,114.33,364.56,12.76
4,177.0,32.22,35.17,26.74,68.88,35.61,23.44,28.81,5.12,2005.0,177.0,16.67,27.94,0.0,46.16,26.61,12.5,20.86,1.32,2005.0,177.0,26.005333333333336,32.39533333333334,5.678666666666668,56.16599999999998,31.866,19.429333333333336,25.668666666666674,2.976666666666666,2005.0,5682.48,2838.23,237.48,1747.32,155.54,387.09,7.7
5,193.0,30.67,34.02,14.25,53.52,35.69,22.71,29.15,4.64,2005.0,193.0,24.3,28.69,0.0,32.13,29.75,14.63,22.17,1.0,2005.0,193.0,27.25733333333334,31.906,1.252,43.25066666666667,33.58866666666666,19.830666666666666,26.870666666666672,2.462,2005.0,5963.69,2812.76,231.35,1690.84,165.26,347.69,7.75
6,209.0,29.23,36.47,12.84,84.01,39.49,25.37,32.13,4.79,2005.0,209.0,2.23,29.74,0.0,39.63,24.5,10.46,17.94,1.6,2005.0,209.0,20.426,34.13066666666666,2.9713333333333334,56.618666666666655,33.529333333333334,20.241333333333333,26.572,2.942666666666667,2005.0,5763.2,2767.85,256.4,1675.99,189.75,328.72,5.23
7,225.0,28.91,35.53,27.31,72.36,35.35,22.85,27.86,3.17,2005.0,225.0,5.04,28.08,0.0,41.6,25.63,14.26,20.98,0.51,2005.0,225.0,21.436000000000003,32.208666666666666,6.293333333333333,56.27733333333334,30.845999999999993,18.267999999999997,24.514666666666663,2.0426666666666673,2005.0,5944.02,2407.76,229.25,1413.22,149.74,316.48,0.1
8,241.0,25.34,34.45,11.91,85.61,33.54,20.4,25.81,3.66,2005.0,241.0,6.91,28.33,0.0,35.64,23.44,12.13,21.02,1.08,2005.0,241.0,19.59133333333333,30.991999999999997,1.9073333333333335,56.88733333333332,28.984666666666662,16.255333333333333,22.591999999999995,2.4080000000000004,2005.0,5725.47,2256.25,232.59,1335.82,146.68,305.56,0.06
9,257.0,21.46,35.28,10.52,84.97,34.49,24.18,28.45,4.34,2005.0,257.0,7.24,29.09,0.0,44.98,19.34,8.66,15.05,1.23,2005.0,257.0,16.79066666666667,31.699999999999996,2.7186666666666666,62.356,28.14666666666667,16.345333333333333,22.339333333333332,2.766,2005.0,5309.2,2084.37,259.66,1299.9,174.24,335.97,5.15
10,273.0,19.22,34.38,15.92,86.73,26.54,21.24,23.58,5.0,2005.0,273.0,3.2,25.99,0.0,60.17,8.2,2.62,4.84,1.69,2005.0,273.0,11.94,30.70799999999999,1.8033333333333335,76.34266666666666,20.88933333333334,11.592000000000002,16.334666666666667,3.5946666666666673,2005.0,3904.75,1340.13,279.48,1004.12,161.15,351.31,12.91
11,289.0,16.7,29.66,26.05,84.42,25.56,14.3,19.01,4.28,2005.0,289.0,1.51,25.45,0.0,34.22,8.41,2.98,5.44,1.44,2005.0,289.0,11.905999999999999,27.214666666666666,2.4606666666666666,65.12066666666666,16.531333333333333,7.656000000000001,12.01,2.812666666666667,2005.0,4062.43,1130.85,236.56,866.15,148.93,347.08,18.1
12,305.0,13.93,28.84,9.37,94.21,20.61,11.78,13.87,4.41,2005.0,305.0,3.64,23.04,0.0,44.83,8.47,0.59,4.78,1.1,2005.0,305.0,10.289333333333333,25.900666666666666,1.5939999999999999,66.73266666666666,14.839333333333332,5.276,9.964666666666666,2.9379999999999997,2005.0,4283.62,1147.41,423.16,983.55,330.27,450.58,5.61
