,DOY,INSgdmax,RADmax,RAINmax,RHmax,TMAXmax,TMINmax,Tmax,WINDmax,YEAR,DOY,INSgdmin,RADmin,RAINmin,RHmin,TMAXmin,TMINmin,Tmin,WINDmin,YEAR,DOY,INSgdmean,RADmean,RAINmean,RHmean,TMAXmean,TMINmean,Tmean,WINDmean,YEAR,NDVI,EVI,RED,NIR,BLUE,MIR,pixrel
0,113.0,28.2812,32.2178,44.459999999999994,89.513,27.1764,13.9864,20.514,5.7418000000000005,2005.0,113.0,4.8962,24.1622,0.0,34.3188,10.052000000000001,1.2810000000000001,6.164000000000001,1.6683999999999999,2005.0,113.0,17.4562,28.335213333333336,6.078818181818182,56.297186666666676,17.1156,6.789373333333332,12.238906666666665,3.6714533333333335,2005.0,5129.05,2086.87,482.7,1540.68,257.85,911.57,0.0
1,129.0,28.924599999999998,32.6688,19.2972,82.36760000000001,27.858400000000003,17.137800000000002,20.964199999999998,6.4428,2005.0,129.0,6.9856,24.243199999999998,0.0,26.011000000000003,10.93,0.0049999999999999975,6.247200000000001,1.4082,2005.0,129.0,18.500026666666663,28.717386666666666,3.5310266666666665,56.723146666666665,20.41856,9.017759999999997,14.827520000000003,3.7605999999999997,2005.0,5596.0,2292.99,445.68,1610.61,232.86,784.6,0.34
2,145.0,31.207,31.4692,13.8582,68.2604,29.6008,19.2418,23.4984,5.2752,2005.0,145.0,7.574000000000001,26.2342,0.0,32.921200000000006,21.988999999999997,9.9098,16.3878,2.0814,2005.0,145.0,21.488026666666666,28.973626666666668,2.0429733333333333,44.316119999999984,25.337120000000002,13.953733333333332,19.760999999999996,3.6708266666666667,2005.0,7080.66,3905.89,411.21,2506.68,237.67,758.88,0.04
3,161.0,32.6804,34.3562,10.4546,80.4302,33.327200000000005,20.973399999999998,25.1148,5.8088,2005.0,161.0,6.8244,26.515,0.0,38.0372,23.3184,11.8546,20.098399999999998,1.0061999999999998,2005.0,161.0,21.95901333333334,32.16645333333332,3.6389733333333334,65.61512,28.523133333333337,17.805586666666667,23.12974666666667,3.4586533333333334,2005.0,8083.02,4805.75,253.95,2832.65,163.6,526.72,0.0
4,177.0,32.2666,35.5234,16.433000000000003,70.4486,36.2496,22.8016,28.595399999999998,4.7494,2005.0,177.0,14.352,27.938799999999997,0.0,45.33240000000001,25.9298,11.84,20.3524,0.886,2005.0,177.0,24.702093333333337,32.53324,4.610226666666667,57.47345333333333,32.144693333333336,18.919173333333333,25.416120000000003,2.648253333333333,2005.0,8309.06,5040.79,245.91,2985.62,154.62,542.52,0.14
5,193.0,30.7532,35.950199999999995,7.7894000000000005,58.57340000000001,37.32379999999999,24.6894,29.2386,4.5733999999999995,2005.0,193.0,21.1168,29.2938,0.0,28.607,29.578599999999998,14.907,22.311799999999998,0.7934000000000001,2005.0,193.0,26.137639999999994,32.502520000000004,1.1933466666666668,45.336906666666664,33.729440000000004,19.921053333333333,26.920693333333325,2.4905333333333335,2005.0,8346.51,4567.6,198.32,2586.39,129.38,424.46,0.0
6,209.0,29.1134,36.8758,11.5228,82.93960000000001,37.761799999999994,24.7604,30.459600000000002,4.2116,2005.0,209.0,3.5692000000000004,30.663400000000003,0.0,40.1262,24.7386,11.046800000000001,18.6122,1.6156000000000001,2005.0,209.0,20.743479999999998,34.04814666666667,3.046466666666667,58.834786666666666,33.18052,20.004506666666668,26.336426666666664,2.6672800000000003,2005.0,8056.61,4406.2,248.53,2559.2,161.09,466.01,0.34
7,225.0,28.589200000000005,35.5946,22.141000000000002,68.56360000000001,36.019800000000004,22.405400000000004,28.647799999999997,2.9732,2005.0,225.0,6.77,28.803,0.0,41.93,27.505399999999998,14.2998,22.2198,0.41540000000000005,2005.0,225.0,21.072653333333335,32.567,5.037026666666667,53.95925333333333,31.685946666666666,18.896840000000005,25.242906666666663,1.9090133333333335,2005.0,8052.76,3980.53,214.33,2254.25,129.88,426.93,0.03
8,241.0,25.317999999999998,34.63,13.4322,85.8726,33.8824,20.571399999999997,26.437800000000003,3.5708,2005.0,241.0,7.773999999999999,27.781599999999997,0.0,35.2904,26.053599999999996,12.9694,20.3746,1.3806,2005.0,241.0,19.11706666666667,30.87848,2.2862133333333334,55.37893333333334,29.40546666666667,16.280586666666665,22.666213333333335,2.46596,2005.0,7289.84,3775.9,326.53,2293.45,195.15,531.45,0.02
9,257.0,21.3746,34.883,19.229800000000004,84.9202,35.3754,23.853199999999998,28.4874,4.0360000000000005,2005.0,257.0,5.9374,27.9824,0.0,44.5234,20.088,9.421199999999999,15.127600000000001,1.3588,2005.0,257.0,16.94456,31.72914666666667,5.24424,62.13285333333333,28.58590666666667,16.733586666666664,22.607613333333333,2.5709066666666662,2005.0,6933.31,3205.62,329.22,1977.46,177.36,525.9,0.0
10,273.0,19.6204,34.3716,10.279800000000002,87.1482,28.279,21.270199999999996,23.9016,4.7303999999999995,2005.0,273.0,3.4534000000000002,25.694200000000002,0.0,60.4724,9.196,3.6624,6.013199999999999,1.7810000000000001,2005.0,273.0,12.16668,30.968346666666672,2.108813333333333,76.92072,21.412213333333334,12.30002666666667,16.78445333333333,3.366906666666666,2005.0,6033.04,2310.02,347.37,1506.94,168.2,563.37,0.0
11,289.0,17.122,31.0084,7.5245999999999995,82.60960000000001,25.278799999999997,14.315000000000001,19.0794,4.1404,2005.0,289.0,2.2268,25.474999999999998,0.0,36.5398,8.7994,3.5016,5.7786,1.0446000000000002,2005.0,289.0,11.995613333333335,27.5152,0.78292,64.28770666666667,16.66018666666667,8.283493333333332,12.4804,2.7287600000000003,2005.0,5581.78,1972.82,346.11,1305.69,189.01,548.42,0.01
12,305.0,14.44,29.498,14.694799999999999,96.11,20.346799999999998,12.0538,14.922999999999998,4.5716,2005.0,305.0,3.262,23.2556,0.0,44.269000000000005,9.620800000000001,1.577,5.8206,1.2162000000000002,2005.0,305.0,10.093399999999999,26.687453333333334,2.511226666666667,66.05404,15.22308,5.9631333333333325,10.592333333333332,2.9055333333333335,2005.0,5696.13,1906.93,378.45,1290.1,240.24,519.96,0.07
