,DOY,INSgdmax,RADmax,RAINmax,RHmax,TMAXmax,TMINmax,Tmax,WINDmax,YEAR,DOY,INSgdmin,RADmin,RAINmin,RHmin,TMAXmin,TMINmin,Tmin,WINDmin,YEAR,DOY,INSgdmean,RADmean,RAINmean,RHmean,TMAXmean,TMINmean,Tmean,WINDmean,YEAR,NDVI,EVI,RED,NIR,BLUE,MIR,pixrel
0,113.0,27.601,32.6105,19.389999999999997,94.2705,23.6345,15.659999999999998,18.45,4.9295,2006.0,113.0,2.3255,25.402,0.0,36.02700000000001,12.860000000000001,4.201,9.2175,1.6455000000000002,2006.0,113.0,16.289266666666666,27.844133333333332,4.086133333333333,61.930400000000006,19.383933333333335,9.230733333333331,14.235333333333333,3.5787000000000004,2006.0,4986.61,3214.38,948.12,2850.6,497.82,2045.68,0.01
1,129.0,30.092499999999998,32.3135,7.346,82.1805,22.3165,15.051499999999999,17.561500000000002,6.9155,2006.0,129.0,9.718,23.5205,0.0,43.9035,12.3735,2.71,10.24,1.09,2006.0,129.0,16.5527,28.235799999999998,1.0096666666666665,63.21896666666666,18.49813333333333,9.3747,13.825899999999997,3.7830000000000004,2006.0,6327.64,4131.88,686.84,3068.73,368.76,1465.97,0.53
2,145.0,29.376,33.93900000000001,19.8215,81.57600000000001,32.574,21.162,24.854,5.428,2006.0,145.0,9.7055,29.7035,0.0,30.963500000000003,23.9025,12.4845,18.6085,1.8585,2006.0,145.0,22.236666666666665,31.935200000000002,3.1411666666666664,58.76589999999999,27.58166666666666,17.0777,22.097133333333336,3.396133333333333,2006.0,6596.91,4591.82,693.92,3401.42,372.87,1612.02,0.07
3,161.0,31.278499999999998,34.9545,18.4495,69.8185,34.073,23.863999999999997,28.9235,5.5895,2006.0,161.0,11.88,28.9835,0.0,40.0965,22.054499999999997,12.010499999999999,18.434,0.7405,2006.0,161.0,22.655566666666665,32.165733333333336,3.021866666666666,49.528466666666674,30.449033333333333,18.2562,24.171033333333337,3.2969000000000004,2006.0,6735.73,4947.34,719.1,3707.51,387.58,1513.19,0.01
4,177.0,30.4345,37.55349999999999,9.469000000000001,63.743,37.490500000000004,24.381999999999998,30.771,5.4545,2006.0,177.0,8.6705,29.590000000000003,0.0,30.8895,25.436999999999998,13.109999999999998,20.2955,1.4229999999999998,2006.0,177.0,21.532666666666668,33.036766666666665,2.5196,48.972300000000004,31.95646666666666,18.87646666666667,25.45886666666667,2.956433333333333,2006.0,7337.14,5361.11,572.85,3762.07,311.35,1309.69,0.7
5,193.0,30.654000000000003,37.002500000000005,17.7965,84.33200000000001,37.9805,23.0415,29.839499999999997,3.3370000000000006,2006.0,193.0,6.4495,29.9125,0.0,34.4445,26.2535,16.398,23.2655,1.304,2006.0,193.0,24.02186666666667,33.97163333333333,2.568533333333334,56.79983333333334,32.76173333333333,20.3936,26.26043333333334,2.363866666666666,2006.0,7623.22,5179.59,454.19,3421.14,248.35,962.52,0.37
6,209.0,29.005,39.294000000000004,26.018499999999996,69.4705,37.490500000000004,27.195000000000004,31.404,4.967499999999999,2006.0,209.0,8.9245,31.384500000000003,0.0,35.932500000000005,28.2905,17.333000000000002,23.822,1.0895000000000001,2006.0,209.0,23.618033333333333,35.134299999999996,4.124266666666667,50.75310000000001,34.18136666666667,22.357133333333334,28.148966666666674,3.2415,2006.0,7699.12,5303.72,444.78,3493.56,243.03,988.85,0.0
7,225.0,26.8615,38.318,33.8065,78.04,37.5005,24.932,30.1745,3.6544999999999996,2006.0,225.0,6.176,29.34,0.0,44.2545,27.769,12.864,22.181500000000003,1.4509999999999998,2006.0,225.0,17.03493333333333,35.42786666666667,8.4302,61.43693333333334,31.740733333333335,20.582633333333334,25.980599999999995,2.558466666666667,2006.0,7873.77,5885.13,464.11,3966.13,254.11,1000.95,0.0
8,241.0,24.7575,36.259,30.790499999999998,88.218,32.635999999999996,23.040499999999998,25.8305,4.2855,2006.0,241.0,4.9915,29.365499999999997,0.0,49.43749999999999,22.224500000000003,12.443,18.9135,0.6829999999999999,2006.0,241.0,17.12973333333333,32.835366666666665,4.952633333333333,67.97423333333333,27.005966666666666,17.064466666666668,21.87963333333333,2.2890666666666664,2006.0,7906.94,5232.61,385.13,3337.32,210.47,796.59,0.01
9,257.0,23.328,34.864000000000004,34.4155,82.1825,29.866,19.713,24.437000000000005,6.319,2006.0,257.0,2.7754999999999996,26.3865,0.0,49.894,15.7635,3.0679999999999996,10.737,1.3475,2006.0,257.0,14.7869,30.551633333333328,4.8905,62.24243333333333,23.8034,12.902466666666665,18.215766666666664,3.3790999999999993,2006.0,7455.3,4804.48,454.07,3157.07,246.89,943.44,0.0
10,273.0,20.626499999999997,33.599,7.7955,81.63300000000001,31.438000000000002,19.727,22.9245,4.423,2006.0,273.0,4.7775,25.837500000000002,0.0,40.0095,17.0975,5.515000000000001,12.052999999999999,2.2184999999999997,2006.0,273.0,15.996199999999998,29.051166666666667,2.248066666666666,61.72489999999999,22.420566666666666,11.217999999999998,16.491633333333333,3.5396666666666676,2006.0,5741.79,3402.57,701.14,2612.65,368.34,1334.02,0.0
11,289.0,17.6685,30.754499999999997,30.463,91.46600000000001,19.539499999999997,13.4595,15.9165,5.5605,2006.0,289.0,2.4105000000000003,19.403999999999996,0.0,30.482,6.5615,-3.1015000000000006,1.5285,2.1294999999999997,2006.0,289.0,8.859133333333336,25.817700000000002,5.0298333333333325,66.62239999999998,12.256400000000001,3.436700000000001,7.5876333333333355,3.571933333333334,2006.0,5089.62,2896.62,787.57,2424.99,411.28,1481.2,0.31
12,305.0,14.4525,29.779,9.6065,93.665,22.5915,9.5985,14.516000000000002,5.0565,2006.0,305.0,3.8069999999999995,18.485999999999997,0.0,40.036,5.773499999999999,-6.7735,0.025,2.1045,2006.0,305.0,10.63583333333333,24.762766666666664,1.1406333333333332,65.908,12.938133333333333,3.2923999999999998,7.551466666666666,3.5091,2006.0,4420.76,2443.32,870.15,2254.41,443.49,1668.4,0.0
