,DOY,INSgdmax,RADmax,RAINmax,RHmax,TMAXmax,TMINmax,Tmax,WINDmax,YEAR,DOY,INSgdmin,RADmin,RAINmin,RHmin,TMAXmin,TMINmin,Tmin,WINDmin,YEAR,DOY,INSgdmean,RADmean,RAINmean,RHmean,TMAXmean,TMINmean,Tmean,WINDmean,YEAR,NDVI,EVI,RED,NIR,BLUE,MIR,pixrel
0,113.0,28.5163,31.5889,18.0109,92.60659999999999,23.206,14.4904,17.3611,5.9801,2006.0,113.0,2.7698,24.4105,0.0,38.659800000000004,14.044899999999998,2.7368999999999994,9.192,1.5547999999999997,2006.0,113.0,17.666546666666665,27.136459999999996,3.4265600000000003,60.943020000000004,19.0832,8.547846666666667,13.833893333333332,3.842253333333333,2006.0,5065.18,2208.28,453.02,1585.79,270.96,742.32,2.56
1,129.0,28.519600000000004,31.4879,11.501900000000001,86.1436,21.969299999999997,14.095100000000002,16.5254,7.0123,2006.0,129.0,8.6614,24.8035,0.0,53.031099999999995,9.9392,2.2277,7.882,1.3283,2006.0,129.0,16.661160000000002,27.854566666666667,2.1235600000000003,68.27456000000001,17.275653333333334,8.656893333333334,12.8945,3.7737399999999997,2006.0,5750.26,2613.65,390.02,1699.92,263.36,596.61,0.05
2,145.0,29.5378,34.258100000000006,20.8186,82.1071,30.3253,21.2671,24.9702,5.555400000000001,2006.0,145.0,9.0638,28.947000000000003,0.0,27.879199999999997,21.9408,8.849400000000001,17.3493,1.6646,2006.0,145.0,21.881539999999998,31.62437333333333,3.6786000000000003,57.169533333333334,26.696906666666667,16.533346666666667,21.46975333333333,3.2974066666666664,2006.0,6288.87,3191.45,346.67,2004.04,233.58,550.2,5.1
3,161.0,31.5458,34.5204,26.612000000000002,70.47789999999999,34.4242,25.0103,28.898000000000003,5.818899999999999,2006.0,161.0,6.901,28.6321,0.0,37.8753,18.7302,10.0734,15.529200000000001,1.1463999999999999,2006.0,161.0,21.514006666666667,31.753586666666667,3.8560800000000004,48.674486666666674,29.766613333333336,17.155093333333337,23.383733333333332,3.31204,2006.0,7017.52,3812.54,346.74,2327.65,242.83,518.65,0.27
4,177.0,31.3963,37.6385,17.5084,71.0052,37.3118,23.4842,30.2482,5.5276,2006.0,177.0,10.199000000000002,28.9831,0.0,33.2695,24.6753,12.2668,19.489599999999996,1.2122,2006.0,177.0,21.277386666666672,32.62905333333333,4.092273333333334,50.63319333333334,31.415633333333332,18.167493333333336,24.79163333333333,2.8570533333333334,2006.0,7030.98,3421.32,300.76,2033.16,214.73,489.1,0.76
5,193.0,30.298299999999998,37.131699999999995,15.044,86.9898,37.578300000000006,22.674799999999998,28.884500000000003,3.4400999999999997,2006.0,193.0,10.113,29.730400000000003,0.0,34.008,26.0082,15.6116,22.941499999999998,1.1624,2006.0,193.0,23.809133333333335,33.57768,2.7147533333333334,58.89608666666666,32.28305333333333,20.072973333333337,25.85731333333333,2.3887400000000003,2006.0,6654.5,3264.18,324.49,1968.78,235.88,498.24,0.02
6,209.0,28.650199999999998,38.12899999999999,24.541999999999998,69.2352,38.083,26.463800000000003,30.9147,4.717600000000001,2006.0,209.0,9.3506,31.3075,0.0,37.2601,28.214199999999998,16.5058,22.8669,1.2082,2006.0,209.0,22.166793333333334,34.93983333333333,4.4715266666666675,52.959853333333335,34.03492666666667,21.83240666666667,27.70188666666667,3.099306666666666,2006.0,6682.59,3244.93,329.4,1972.44,225.26,544.9,0.04
7,225.0,25.807299999999998,37.6143,31.448499999999996,75.212,35.7363,24.8751,29.732400000000002,4.0594,2006.0,225.0,7.086399999999999,29.645000000000003,0.0,43.632999999999996,27.810700000000004,13.8293,22.6541,1.4135,2006.0,225.0,16.555273333333332,35.085319999999996,7.098273333333332,60.65918,31.086686666666658,20.295786666666665,25.41708666666667,2.5484066666666667,2006.0,6540.45,2995.15,317.49,1820.46,209.1,501.95,0.11
8,241.0,23.8274,36.2775,29.2338,88.7316,32.2614,22.853500000000004,25.759,3.9684999999999997,2006.0,241.0,4.914999999999999,29.0533,0.0,56.22109999999999,22.2003,11.512,17.3975,1.0445,2006.0,241.0,16.84756,32.61158666666667,4.609513333333333,68.54608666666667,26.823573333333332,16.628813333333333,21.54817333333333,2.2452199999999998,2006.0,6349.3,2581.1,276.09,1569.26,160.4,461.01,2.57
9,257.0,22.8602,34.4416,23.2687,90.4639,29.1355,18.8262,23.4005,5.9543,2006.0,257.0,2.7946999999999997,26.1577,0.0,51.3395,15.325500000000002,2.8865999999999996,9.749899999999998,1.2026999999999999,2006.0,257.0,14.240326666666668,30.635000000000005,4.036366666666667,64.32847333333333,23.101966666666662,12.27356,17.731659999999998,3.3274399999999997,2006.0,6035.92,2668.06,376.37,1754.1,208.3,530.17,2.56
10,273.0,20.0779,33.510400000000004,3.3701,82.4704,30.4647,19.4765,22.2576,4.5927,2006.0,273.0,5.4087,24.559,0.0,41.590900000000005,16.2802,4.9809,10.8259,2.1881,2006.0,273.0,15.870166666666666,28.454326666666667,0.5327733333333333,62.380086666666664,21.832099999999997,10.589979999999999,15.917266666666665,3.3801266666666665,2006.0,4963.29,1847.49,398.7,1332.6,215.47,501.02,2.59
11,289.0,16.5295,31.061,17.394199999999998,90.01830000000001,19.3785,12.9373,15.720300000000002,6.3027,2006.0,289.0,2.9352,19.467100000000002,0.0,32.990300000000005,6.0547,-2.9604,1.2341,2.2888,2006.0,289.0,8.734453333333335,25.935159999999996,3.709953333333333,67.19584666666668,11.774006666666669,3.13338,7.206646666666668,3.6637600000000003,2006.0,5269.13,1847.78,354.84,1273.41,203.37,552.28,2.92
12,305.0,13.820799999999998,29.4289,7.1144,93.6155,20.940000000000005,9.0534,13.6017,4.9549,2006.0,305.0,3.1975,18.0887,0.0,40.6103,4.8992,-5.5644,-0.061000000000000006,1.8987,2006.0,305.0,9.844533333333331,24.665640000000003,0.8891533333333332,66.87954,12.1193,3.0740800000000004,7.03702,3.5902000000000003,2006.0,4093.99,1854.47,662.47,1596.44,449.8,591.54,1.27
