,DOY,INSgdmax,RADmax,RAINmax,RHmax,TMAXmax,TMINmax,Tmax,WINDmax,YEAR,DOY,INSgdmin,RADmin,RAINmin,RHmin,TMAXmin,TMINmin,Tmin,WINDmin,YEAR,DOY,INSgdmean,RADmean,RAINmean,RHmean,TMAXmean,TMINmean,Tmean,WINDmean,YEAR,NDVI,EVI,RED,NIR,BLUE,MIR,pixrel
0,113.0,28.5276,29.9092,23.277300000000004,96.60229999999999,20.8625,12.735299999999999,15.6802,6.584,2006.0,113.0,2.7824,23.333499999999997,0.0,38.8237,10.604399999999998,1.3512000000000002,7.0427,1.9350999999999998,2006.0,113.0,15.983073333333333,26.64748666666667,4.832073333333334,65.47574666666667,16.00138,7.043053333333334,11.56462,4.302006666666666,2006.0,4576.53,1963.58,540.98,1631.82,255.82,943.55,10.2
1,129.0,24.5001,31.7819,8.249600000000001,84.23049999999999,22.1657,13.331800000000001,16.694699999999997,7.2197,2006.0,129.0,7.3008999999999995,25.449600000000004,0.0,51.0674,7.6325,0.5662,5.521699999999999,2.727,2006.0,129.0,17.080246666666667,27.596273333333336,1.9033666666666664,71.82014000000001,16.002846666666667,7.776479999999999,11.70234,4.391026666666667,2006.0,5792.86,3189.7,515.16,2330.06,253.05,951.21,11.11
2,145.0,29.970899999999997,33.265,16.122700000000002,86.68140000000001,28.6,21.1409,24.2102,5.6609,2006.0,145.0,11.4512,27.5085,0.0,31.3414,17.8546,8.4662,14.6106,1.4669,2006.0,145.0,21.85407333333333,30.849286666666668,2.83918,58.35962666666667,24.542113333333333,14.36822,19.423133333333332,3.62678,2006.0,6819.19,3941.21,432.64,2590.31,238.19,817.52,2.64
3,161.0,31.21,35.205,17.3043,70.91220000000001,32.7631,23.6009,27.8566,6.0847,2006.0,161.0,4.0607,28.1722,0.0,37.7187,17.081400000000002,7.776199999999999,13.1438,1.1709,2006.0,161.0,21.112126666666665,31.43542,4.897266666666666,50.19352666666667,27.454120000000003,16.69614,21.93582,3.8253200000000005,2006.0,7172.35,4610.56,439.31,3015.29,255.56,742.64,0.2
4,177.0,31.700699999999998,35.3107,17.0707,68.99470000000001,33.1053,21.6619,26.866699999999998,4.2904,2006.0,177.0,15.3025,27.8209,0.0,43.2129,23.6006,12.1847,19.3828,1.1199000000000001,2006.0,177.0,23.455353333333335,31.33568,2.69664,52.17621333333333,29.065953333333333,16.613846666666667,22.85804666666667,2.8863466666666664,2006.0,7366.27,4363.33,354.41,2733.14,201.88,652.46,2.61
5,193.0,30.7719,36.2407,9.979199999999999,86.9403,35.3957,23.0421,28.7283,4.8666,2006.0,193.0,9.674599999999998,28.423199999999998,0.0,35.6255,24.8414,12.7726,20.727500000000003,1.3801,2006.0,193.0,23.231779999999997,33.07208,1.910893333333333,56.127759999999995,31.134213333333335,18.858246666666663,24.745113333333332,3.2101466666666667,2006.0,7355.71,4405.53,331.65,2756.72,179.53,666.9,5.12
6,209.0,28.901899999999998,39.3181,18.636899999999997,76.9413,38.134299999999996,24.9773,30.267700000000005,5.852200000000001,2006.0,209.0,10.6707,30.156299999999998,0.0,42.8237,25.8891,15.4937,21.849899999999998,1.2168,2006.0,209.0,22.445439999999998,34.440079999999995,3.520353333333333,57.93124,32.01722666666667,20.0153,25.731099999999998,3.079326666666667,2006.0,7157.8,4039.49,285.22,2532.33,134.12,620.12,12.84
7,225.0,27.1481,36.249,22.706799999999998,86.79230000000001,31.0068,21.6569,26.279899999999998,4.8462,2006.0,225.0,5.178000000000001,29.0256,0.0,47.869,21.8816,11.821299999999999,19.3033,1.3426,2006.0,225.0,17.321946666666665,33.3516,4.987446666666667,69.51652666666666,27.292433333333335,17.247686666666663,22.082973333333335,2.8650599999999997,2006.0,6793.04,3791.42,357.11,2456.83,176.12,739.34,10.2
8,241.0,23.1997,34.9204,30.994500000000002,86.382,28.465899999999998,19.169,22.597,3.8134000000000006,2006.0,241.0,6.059100000000001,28.428199999999997,0.0,49.769499999999994,20.205599999999997,10.4705,16.023699999999998,1.0255,2006.0,241.0,16.996226666666665,31.56753333333333,5.563353333333333,69.07672666666667,25.427933333333335,14.71086,20.008200000000002,2.276553333333333,2006.0,6593.59,3234.76,329.82,2073.15,156.7,692.7,10.21
9,257.0,22.5354,33.9738,24.7704,97.21780000000001,26.9839,16.6825,20.7382,6.7073,2006.0,257.0,3.0784,23.5614,0.0,59.6134,12.0954,1.1983000000000001,6.5867,1.4287999999999998,2006.0,257.0,13.76003333333333,29.278806666666668,4.947746666666667,76.63194,19.028373333333334,9.720040000000001,14.332873333333335,3.86876,2006.0,5948.44,3083.88,539.52,2237.68,283.15,894.07,5.54
10,273.0,18.9375,30.6688,3.8031,97.1928,27.425099999999997,15.7362,19.0419,5.3444,2006.0,273.0,5.7391,23.2857,0.0,49.005700000000004,14.2261,4.5715,9.6419,1.5420999999999998,2006.0,273.0,14.817500000000003,27.49854,0.48450666666666664,73.91664666666665,18.85264,8.495079999999998,13.366066666666669,3.5109466666666664,2006.0,4910.38,2021.49,457.81,1570.27,191.41,846.2,10.2
11,289.0,14.7285,30.066,7.8855,95.5357,14.5235,9.4393,12.3223,8.252099999999999,2006.0,289.0,3.9368,19.6256,0.0,37.912499999999994,4.1526000000000005,-2.136,0.6395,2.2106,2006.0,289.0,8.224513333333332,25.718300000000003,1.6726400000000001,63.949046666666675,9.163073333333333,2.1457200000000003,5.303233333333333,4.3110800000000005,2006.0,3978.25,1781.3,713.78,1649.09,387.42,1091.9,0.91
12,305.0,13.5756,28.4603,7.2553,90.13210000000001,22.5535,8.7612,14.053099999999999,5.6891,2006.0,305.0,2.6882,18.5193,0.0,38.9874,2.7155,-3.716,-0.6288,2.4745,2006.0,305.0,9.76888,23.535473333333332,1.1369,63.04969999999999,10.585393333333332,1.6186866666666666,5.5475866666666676,3.937786666666666,2006.0,4186.53,1773.47,664.36,1603.26,338.79,1075.81,1.16
