,DOY,INSgdmax,RADmax,RAINmax,RHmax,TMAXmax,TMINmax,Tmax,WINDmax,YEAR,DOY,INSgdmin,RADmin,RAINmin,RHmin,TMAXmin,TMINmin,Tmin,WINDmin,YEAR,DOY,INSgdmean,RADmean,RAINmean,RHmean,TMAXmean,TMINmean,Tmean,WINDmean,YEAR,NDVI,EVI,RED,NIR,BLUE,MIR,pixrel
0,113.0,28.8112,30.8255,22.556,95.6207,22.1483,12.6815,16.305899999999998,6.352,2006.0,113.0,2.1344000000000003,23.2765,0.0,40.6493,11.9629,1.1592,8.1847,1.9,2006.0,113.0,16.412206666666666,26.84440666666667,4.5167,62.869306666666674,17.478226666666668,7.746553333333334,12.696726666666667,4.17354,2006.0,1323.96,-48.02,-120.37,507.0,-253.83,37.73,107.12
1,129.0,27.4272,31.3987,10.9794,82.7681,21.7015,13.9167,16.5419,7.3494,2006.0,129.0,8.206,24.394900000000003,0.0,51.653499999999994,9.206100000000001,1.4586000000000001,6.4643,1.9287,2006.0,129.0,17.55348,27.5468,2.1648466666666666,69.47254,16.58472666666667,8.230833333333333,12.265939999999999,4.15876,2006.0,2815.76,1465.03,555.44,1383.41,452.61,551.21,11.58
2,145.0,29.722299999999997,33.8564,19.3905,83.3674,29.106699999999996,21.2706,24.633000000000003,5.5648,2006.0,145.0,10.6007,27.9587,0.0,28.8258,19.709,9.3111,16.2712,1.2038000000000002,2006.0,145.0,21.477486666666664,31.192553333333336,2.8529866666666663,57.368320000000004,25.497646666666665,15.61716,20.428746666666665,3.499033333333333,2006.0,3103.04,1932.0,288.4,1421.75,188.52,310.41,15.7
3,161.0,31.0149,34.5541,15.229400000000002,70.7689,33.3256,24.1451,28.337400000000002,5.9798,2006.0,161.0,6.6855,28.3138,0.0,37.489999999999995,17.847,8.5114,13.721900000000002,1.2536,2006.0,161.0,21.127093333333335,31.47189333333333,4.1320733333333335,49.17390666666667,28.624540000000003,16.808653333333336,22.617093333333333,3.53728,2006.0,3070.78,1673.79,-1.31,1359.64,-69.04,51.68,71.71
4,177.0,32.0503,36.8829,15.2311,70.7436,35.459399999999995,22.8766,28.8349,5.048,2006.0,177.0,12.154300000000001,28.385799999999996,0.0,39.7732,23.2055,12.4451,19.702199999999998,0.9199,2006.0,177.0,21.978133333333332,32.00154,3.664873333333334,51.07992,30.217360000000003,17.612473333333337,23.91104,2.884806666666667,2006.0,3019.42,1795.48,212.1,1395.11,115.39,206.27,36.06
5,193.0,30.6826,36.7749,14.798399999999999,88.2539,36.352000000000004,22.669900000000002,28.7215,4.124599999999999,2006.0,193.0,8.4424,28.8991,0.0,34.4833,25.2895,13.8889,21.6899,1.181,2006.0,193.0,22.90166,33.27672,3.072553333333333,58.2186,31.50674666666667,19.264693333333334,25.125080000000004,2.8010666666666664,2006.0,2713.99,1060.6,-212.07,996.77,-279.37,-125.13,104.58
6,209.0,28.936,38.75320000000001,27.7168,70.1773,38.3114,26.1898,30.973900000000004,5.3668,2006.0,209.0,8.199200000000001,30.7864,0.0,40.4124,25.8371,15.963499999999998,22.1056,1.1225999999999998,2006.0,209.0,22.375500000000002,34.70878666666667,4.832520000000001,55.050466666666665,32.91386,20.970540000000003,26.75353333333333,3.17652,2006.0,4607.49,2260.53,204.57,1505.54,121.22,106.31,20.49
7,225.0,26.882199999999997,36.4084,30.4544,78.4493,32.6027,23.9314,27.972299999999997,4.5838,2006.0,225.0,6.778300000000001,29.9048,0.0,48.596999999999994,24.137900000000002,13.1689,21.214199999999998,1.3725,2006.0,225.0,16.738106666666667,34.13316666666667,7.868866666666666,65.55954,28.82514,18.798393333333333,23.597260000000002,2.6936733333333334,2006.0,3316.4,1308.53,-70.33,1075.9,-171.16,-60.16,74.03
8,241.0,22.9235,35.64,28.893099999999997,84.0873,30.2633,21.040100000000002,24.0581,3.8909,2006.0,241.0,5.9526,28.8271,0.0,54.2307,21.8657,11.2524,16.6823,1.0399,2006.0,241.0,16.946873333333336,32.18734666666666,4.90784,66.77829333333334,26.433766666666664,15.84994,21.013060000000003,2.3100066666666663,2006.0,4242.47,1853.97,195.98,1262.08,92.31,-57.57,20.56
9,257.0,22.6659,33.93990000000001,26.9829,96.0145,28.505399999999998,17.302899999999998,22.1009,6.5271,2006.0,257.0,2.3143000000000002,25.269399999999997,0.0,53.4976,13.3389,1.8545,7.993399999999999,1.314,2006.0,257.0,13.718186666666666,29.906573333333334,5.75158,70.42922666666668,21.012153333333334,10.772926666666665,15.914126666666668,3.6939466666666663,2006.0,2500.29,899.11,56.68,957.53,-83.13,65.08,69.09
10,273.0,19.2544,31.486,3.5453,91.8967,29.1804,17.8274,20.3451,4.6316999999999995,2006.0,273.0,6.9138,24.125700000000002,0.0,44.5209,15.107,4.824400000000001,10.4088,2.0926,2006.0,273.0,15.136493333333334,27.872799999999998,0.48773333333333335,69.0378,20.110419999999998,9.421686666666666,14.46388,3.447326666666667,2006.0,3848.98,1398.19,262.14,1163.23,90.59,193.29,33.25
11,289.0,15.241000000000001,30.603500000000004,13.8964,95.0871,16.7826,11.9588,14.3445,7.4391,2006.0,289.0,3.1753,19.477800000000002,0.0,35.6306,4.890300000000001,-2.3400999999999996,1.0533000000000001,2.2409,2006.0,289.0,8.159773333333334,26.102873333333335,3.3043599999999995,64.81373333333335,10.366406666666666,2.7603066666666667,6.234906666666667,4.038893333333334,2006.0,1372.88,250.63,836.43,1291.89,732.29,640.68,57.29
12,305.0,13.2518,28.762,6.2439,91.70849999999999,21.6572,8.8792,13.875399999999999,5.2605,2006.0,305.0,3.1192,18.0587,0.0,39.6498,3.6457000000000006,-4.298,-0.34630000000000005,2.4385,2006.0,305.0,9.868966666666667,23.908920000000002,0.8307333333333332,64.88096,11.269993333333336,2.4408133333333333,6.301120000000001,3.8650533333333335,2006.0,678.5,-379.53,24.26,499.95,-142.41,43.32,110.35
