,DOY,INSgdmax,RADmax,RAINmax,RHmax,TMAXmax,TMINmax,Tmax,WINDmax,YEAR,DOY,INSgdmin,RADmin,RAINmin,RHmin,TMAXmin,TMINmin,Tmin,WINDmin,YEAR,DOY,INSgdmean,RADmean,RAINmean,RHmean,TMAXmean,TMINmean,Tmean,WINDmean,YEAR,NDVI,EVI,RED,NIR,BLUE,MIR,pixrel
0,113.0,28.51,31.72,20.89,95.44,22.76,13.42,16.84,5.67,2006.0,113.0,1.94,23.94,0.0,38.87,12.91,1.38,8.34,1.89,2006.0,113.0,15.731333333333332,27.18,3.988000000000001,63.97466666666667,18.072666666666674,8.096666666666666,13.11466666666667,3.9380000000000006,2006.0,5731.78,3710.76,785.39,2954.95,414.0,1561.01,0.0
1,129.0,25.52,32.33,17.96,79.3,22.26,14.27,17.27,7.69,2006.0,129.0,8.57,24.26,0.0,51.02,10.4,1.89,8.53,1.25,2006.0,129.0,18.005333333333333,27.748666666666665,1.6813333333333333,65.02066666666666,17.61733333333333,8.831333333333333,13.117333333333333,4.181333333333333,2006.0,7334.25,4744.44,473.76,3147.53,257.98,959.08,0.73
2,145.0,29.34,33.91,18.74,83.12,29.4,21.31,24.74,5.79,2006.0,145.0,11.2,29.16,0.0,29.39,21.85,11.52,17.65,1.61,2006.0,145.0,20.766000000000005,31.477999999999998,3.697333333333333,57.12333333333334,26.351999999999997,16.541999999999998,21.206,3.634666666666666,2006.0,7014.65,4991.78,628.02,3588.34,340.22,1311.45,0.01
3,161.0,31.18,34.88,12.19,68.93,34.07,24.41,28.68,6.48,2006.0,161.0,8.28,28.94,0.0,38.19,18.25,9.89,15.05,1.15,2006.0,161.0,21.63866666666667,31.941333333333333,3.044666666666666,48.12866666666667,29.590666666666667,17.751333333333335,23.59333333333333,3.5900000000000007,2006.0,7245.67,4995.35,555.8,3460.44,303.26,1066.3,0.34
4,177.0,31.97,37.84,22.02,69.78,37.12,24.37,30.28,5.57,2006.0,177.0,10.08,28.33,0.0,36.15,23.79,12.75,19.9,1.1,2006.0,177.0,21.591999999999995,32.342000000000006,4.299333333333334,49.132,31.158,18.333333333333332,24.695333333333334,2.9426666666666677,2006.0,7291.97,5183.72,561.77,3607.88,306.76,1212.04,0.89
5,193.0,30.1,36.5,14.46,85.5,36.89,22.51,29.15,4.0,2006.0,193.0,5.4,29.02,0.0,34.39,26.19,14.78,22.27,1.09,2006.0,193.0,23.46533333333333,33.395333333333326,2.396666666666667,57.64133333333334,31.86133333333333,19.644000000000002,25.524,2.6533333333333333,2006.0,7363.59,4748.9,469.62,3139.01,256.96,964.22,0.04
6,209.0,28.76,38.63,25.58,69.44,38.34,26.66,31.78,5.63,2006.0,209.0,13.21,31.07,0.0,36.8,26.2,16.53,22.95,1.2,2006.0,209.0,22.79533333333333,34.84866666666667,3.79,52.11266666666666,33.436,21.587333333333337,27.45533333333333,3.3226666666666675,2006.0,6924.89,4558.5,571.16,3178.26,308.75,1142.7,0.0
7,225.0,26.57,37.15,19.61,79.02,34.4,24.4,28.65,4.13,2006.0,225.0,4.79,29.81,0.0,47.13,27.04,13.03,21.83,1.61,2006.0,225.0,15.710666666666668,34.78733333333333,6.706666666666666,64.70933333333332,29.997333333333337,19.536666666666665,24.542666666666666,2.680666666666666,2006.0,7445.12,5095.7,492.89,3433.04,268.16,1008.1,0.62
8,241.0,23.83,35.28,15.27,82.82,31.07,21.5,24.69,4.4,2006.0,241.0,5.58,29.56,0.0,55.15,21.78,12.91,17.94,0.93,2006.0,241.0,17.146,32.27,3.055333333333333,67.08,26.509333333333334,16.408,21.308000000000003,2.446,2006.0,7889.52,5242.5,387.55,3349.54,213.73,815.42,0.05
9,257.0,23.04,34.52,21.79,94.21,29.02,19.04,23.44,6.83,2006.0,257.0,2.12,26.21,0.0,50.02,14.77,2.07,9.2,1.21,2006.0,257.0,14.814666666666664,30.143999999999995,4.927999999999999,66.30533333333332,22.317999999999994,11.750666666666666,16.922000000000004,3.6920000000000006,2006.0,7754.98,5054.87,395.07,3232.9,217.26,826.57,0.0
10,273.0,20.27,32.26,9.92,86.0,30.66,19.02,21.16,4.86,2006.0,273.0,6.66,25.56,0.0,43.01,16.11,5.43,11.13,2.29,2006.0,273.0,15.476666666666667,28.351999999999997,1.7153333333333334,66.48733333333334,21.18933333333333,10.196,15.309333333333337,3.5933333333333333,2006.0,6571.08,4015.62,562.32,2818.66,294.09,1080.68,0.0
11,289.0,16.02,30.53,15.7,95.04,17.41,12.7,14.92,6.78,2006.0,289.0,3.28,19.44,0.0,32.83,5.83,-2.97,1.25,2.41,2006.0,289.0,9.032666666666666,26.033333333333335,4.625333333333333,64.732,11.211333333333334,2.989333333333333,6.780000000000001,3.951333333333334,2006.0,5912.4,3412.07,621.44,2521.98,327.01,1099.28,0.06
12,305.0,13.64,29.38,10.24,94.44,22.56,9.19,14.53,5.1,2006.0,305.0,3.17,18.0,0.0,41.32,4.54,-5.71,-0.11,2.44,2006.0,305.0,10.298666666666666,24.091999999999995,1.5553333333333332,65.292,12.086000000000002,2.79,6.855333333333334,3.8340000000000005,2006.0,5143.2,2919.31,788.03,2440.77,429.65,1300.27,0.1
