,DOY,INSgdmax,RADmax,RAINmax,RHmax,TMAXmax,TMINmax,Tmax,WINDmax,YEAR,DOY,INSgdmin,RADmin,RAINmin,RHmin,TMAXmin,TMINmin,Tmin,WINDmin,YEAR,DOY,INSgdmean,RADmean,RAINmean,RHmean,TMAXmean,TMINmean,Tmean,WINDmean,YEAR,NDVI,EVI,RED,NIR,BLUE,MIR,pixrel
0,113.0,28.51,29.74,30.95,94.37,20.07,11.74,15.21,7.02,2006.0,113.0,3.1,22.43,0.0,34.31,11.33,1.95,7.56,1.75,2006.0,113.0,16.97133333333333,26.088000000000008,4.968666666666667,61.144666666666666,16.021333333333335,6.9193333333333324,11.444,4.038,2006.0,5095.84,2435.14,608.05,1909.16,306.04,1163.46,0.0
1,129.0,26.39,30.78,8.74,88.62,21.16,13.44,16.07,5.88,2006.0,129.0,6.95,25.06,0.0,49.03,5.62,0.35,3.21,2.89,2006.0,129.0,16.436,27.27333333333333,1.8933333333333335,74.90533333333333,15.17066666666667,7.124,10.988,3.8353333333333337,2006.0,6795.87,3371.84,406.76,2179.55,210.56,765.02,0.09
2,145.0,30.24,34.02,14.65,87.87,28.26,21.1,24.36,4.58,2006.0,145.0,10.76,26.71,0.0,30.99,17.27,5.36,13.1,1.33,2006.0,145.0,22.267999999999997,30.943333333333335,2.5933333333333333,58.794,24.051333333333332,13.523333333333333,18.833333333333332,3.1033333333333335,2006.0,8056.67,5203.8,333.14,3241.59,181.47,713.86,0.01
3,161.0,31.25,34.92,17.71,65.32,32.4,23.07,27.44,5.21,2006.0,161.0,5.54,27.54,0.0,40.72,16.5,7.83,13.54,1.45,2006.0,161.0,20.81533333333333,30.754000000000005,4.732666666666666,50.64866666666667,26.455333333333332,15.622666666666667,21.237999999999996,3.3620000000000005,2006.0,8038.16,5602.47,373.65,3613.65,202.59,784.37,0.0
4,177.0,31.1,34.6,9.68,72.46,31.97,20.46,25.82,4.01,2006.0,177.0,10.48,28.26,0.0,43.56,22.08,12.71,19.06,1.26,2006.0,177.0,23.059333333333335,30.95466666666667,1.8146666666666667,53.46733333333334,28.35333333333333,16.189333333333334,22.401333333333334,2.8153333333333332,2006.0,8260.71,5949.78,356.13,3821.21,195.54,725.22,0.73
5,193.0,30.31,37.04,9.01,89.97,35.33,23.09,28.37,4.6,2006.0,193.0,8.6,28.48,0.0,34.74,23.87,12.16,20.43,1.57,2006.0,193.0,23.00666666666667,33.01,1.2906666666666666,56.928000000000004,30.840666666666667,18.515333333333334,24.457333333333334,3.046,2006.0,8171.08,5155.97,304.99,3158.51,169.11,645.97,0.0
6,209.0,28.91,38.52,14.61,79.92,36.23,24.74,29.49,4.85,2006.0,209.0,9.68,30.2,0.0,41.65,25.44,15.3,21.51,1.35,2006.0,209.0,22.288,34.326,3.339333333333334,60.272666666666666,31.29333333333334,20.087333333333333,25.417333333333332,2.8846666666666665,2006.0,8084.34,5045.41,318.18,3094.61,175.11,692.79,0.0
7,225.0,26.75,35.75,26.36,78.81,30.48,22.27,26.44,4.95,2006.0,225.0,5.51,29.38,0.0,48.33,22.94,12.82,19.57,1.41,2006.0,225.0,17.458000000000002,33.21133333333333,3.1293333333333333,65.34533333333334,27.654666666666667,17.187333333333335,22.261333333333333,2.720666666666667,2006.0,7934.91,4757.58,316.62,2914.39,169.17,688.26,0.0
8,241.0,23.15,35.39,26.34,85.69,28.46,19.81,22.36,3.22,2006.0,241.0,5.51,27.94,0.0,45.82,21.83,11.18,17.07,1.09,2006.0,241.0,16.338666666666665,31.71333333333333,6.911333333333332,65.69333333333333,25.982000000000003,15.112666666666666,20.513333333333332,2.0533333333333337,2006.0,7553.29,4232.55,361.04,2628.81,193.13,696.73,0.0
9,257.0,22.39,33.19,23.93,97.12,26.75,16.48,20.23,5.66,2006.0,257.0,3.31,22.32,0.0,59.98,11.46,1.91,6.65,1.75,2006.0,257.0,12.728666666666665,29.103999999999996,5.212666666666666,76.94,18.339999999999996,9.504666666666669,14.03466666666667,3.4246666666666665,2006.0,7019.48,3964.0,452.7,2604.14,240.51,770.68,0.92
10,273.0,19.15,30.38,7.18,97.21,25.93,15.68,18.74,4.41,2006.0,273.0,7.56,22.32,0.0,47.37,13.77,4.7,9.29,1.71,2006.0,273.0,14.665999999999999,27.242000000000004,1.0646666666666667,72.85333333333331,18.082666666666665,8.270666666666667,13.035333333333336,3.1900000000000004,2006.0,5402.52,2307.86,514.54,1722.12,235.99,794.89,0.0
11,289.0,14.47,29.92,4.03,95.72,15.01,9.5,12.57,7.94,2006.0,289.0,3.85,20.09,0.0,40.58,3.75,-2.21,0.35,1.99,2006.0,289.0,7.6846666666666685,25.973999999999997,1.6653333333333333,65.13066666666666,8.820666666666666,2.0306666666666664,5.103999999999999,3.896666666666667,2006.0,4839.88,2009.35,549.02,1591.84,269.19,1028.25,0.75
12,305.0,13.32,29.05,7.18,91.6,20.12,8.33,12.8,5.41,2006.0,305.0,3.35,18.5,0.0,40.32,2.26,-3.8,-0.75,2.54,2006.0,305.0,9.499333333333334,23.419333333333334,0.848,62.93066666666666,9.616000000000001,1.6186666666666667,5.137333333333332,3.6519999999999997,2006.0,4853.52,1843.12,499.57,1442.4,230.88,983.62,0.06
