,DOY,INSgdmax,RADmax,RAINmax,RHmax,TMAXmax,TMINmax,Tmax,WINDmax,YEAR,DOY,INSgdmin,RADmin,RAINmin,RHmin,TMAXmin,TMINmin,Tmin,WINDmin,YEAR,DOY,INSgdmean,RADmean,RAINmean,RHmean,TMAXmean,TMINmean,Tmean,WINDmean,YEAR,NDVI,EVI,RED,NIR,BLUE,MIR,pixrel
0,113.0,28.33,30.89,14.8,89.65,23.08,13.98,16.82,6.92,2006.0,113.0,2.52,23.76,0.0,38.64,14.72,1.3,9.27,1.21,2006.0,113.0,18.172000000000004,27.012666666666675,2.2153333333333336,59.110666666666674,18.904,8.224,13.665333333333333,3.9,2006.0,5015.48,2107.21,407.03,1515.8,212.31,783.87,5.12
1,129.0,29.52,30.82,7.82,89.25,21.65,13.88,16.4,6.78,2006.0,129.0,5.36,25.31,0.0,56.43,9.12,2.77,6.4,1.62,2006.0,129.0,16.163333333333334,27.884,1.656,72.51333333333332,16.641333333333332,8.446666666666665,12.478666666666667,3.7060000000000004,2006.0,6008.73,3105.25,386.73,2031.46,232.29,630.23,2.67
2,145.0,28.62,34.92,12.5,82.9,28.87,21.35,24.93,5.41,2006.0,145.0,11.66,27.36,0.0,27.2,20.85,7.11,16.1,1.66,2006.0,145.0,22.945999999999994,31.143333333333334,2.8779999999999997,58.81133333333333,25.73933333333333,15.720666666666666,20.649333333333335,3.1266666666666665,2006.0,7213.43,4033.62,244.94,2430.87,149.36,437.51,5.18
3,161.0,31.54,34.34,24.38,68.79,34.8,24.76,28.75,5.66,2006.0,161.0,7.31,28.04,0.0,38.66,18.16,8.98,14.42,1.35,2006.0,161.0,21.09133333333333,31.233333333333334,4.128666666666666,50.389333333333326,28.700666666666667,15.931333333333333,22.399999999999995,3.214,2006.0,7494.16,4658.16,250.3,2840.94,156.26,471.83,2.58
4,177.0,31.75,37.58,12.1,72.88,37.13,22.47,29.59,5.51,2006.0,177.0,5.94,28.4,0.0,36.41,25.66,12.46,19.59,1.24,2006.0,177.0,20.17866666666667,32.512,3.966,52.63399999999999,30.95333333333333,17.52333333333333,24.284666666666666,2.722666666666667,2006.0,7383.63,4462.85,258.2,2715.55,163.17,487.86,2.82
5,193.0,30.13,37.44,17.99,87.84,36.27,22.58,28.18,3.4,2006.0,193.0,11.27,29.48,0.0,34.04,26.47,14.88,22.48,1.28,2006.0,193.0,23.49866666666667,33.556,3.144666666666667,60.412,31.877333333333333,19.966,25.576,2.374666666666667,2006.0,7206.58,4545.32,294.04,2796.93,198.61,526.53,0.02
6,209.0,28.98,37.55,13.37,70.2,37.69,25.76,30.61,4.78,2006.0,209.0,8.17,31.25,0.0,39.17,27.29,16.01,22.63,0.97,2006.0,209.0,22.384666666666668,34.75933333333333,2.118,54.77133333333332,33.86533333333333,21.622666666666664,27.491333333333337,2.9753333333333334,2006.0,7455.37,4299.82,280.95,2611.45,181.56,526.37,0.04
7,225.0,26.53,37.62,17.01,74.25,35.26,24.55,29.11,4.22,2006.0,225.0,7.6,29.12,0.0,42.85,27.83,14.91,22.98,1.25,2006.0,225.0,16.447333333333333,34.702,2.999333333333333,57.78666666666666,30.971333333333337,19.95266666666667,25.24333333333333,2.486666666666667,2006.0,7031.84,3707.3,234.81,2184.98,149.17,408.9,2.56
8,241.0,23.08,35.68,45.1,90.09,32.88,22.92,25.76,3.62,2006.0,241.0,3.17,28.8,0.0,56.19,21.28,11.23,17.01,0.82,2006.0,241.0,15.910666666666664,32.30133333333334,4.888000000000001,69.49933333333333,26.51066666666667,16.52466666666667,21.242666666666665,2.217333333333334,2006.0,6707.85,3233.52,252.68,1959.3,133.08,396.23,5.1
9,257.0,22.57,33.8,16.89,89.84,28.98,17.49,23.33,5.62,2006.0,257.0,3.85,25.24,0.0,49.34,14.79,3.09,9.41,1.0,2006.0,257.0,13.702666666666666,30.18666666666667,4.628666666666667,65.14733333333334,22.557333333333325,11.832,17.50733333333333,3.242,2006.0,5912.98,2979.74,444.72,1997.1,296.89,562.41,0.88
10,273.0,19.37,33.08,2.36,83.08,29.23,19.34,21.98,4.59,2006.0,273.0,5.65,23.69,0.0,43.9,15.47,4.43,10.24,2.07,2006.0,273.0,15.28466666666667,28.188666666666663,0.48800000000000004,62.820666666666654,21.238666666666674,10.262,15.595999999999998,3.249333333333334,2006.0,4685.5,1709.51,358.09,1297.63,141.92,485.73,10.24
11,289.0,15.55,31.32,17.7,88.88,19.27,13.18,15.98,6.69,2006.0,289.0,2.48,19.51,0.0,34.94,5.48,-2.53,1.35,2.01,2006.0,289.0,8.266,26.36733333333333,3.944666666666667,68.10466666666667,11.341333333333331,3.3186666666666667,7.219333333333333,3.6406666666666663,2006.0,4954.87,1910.67,536.62,1505.4,366.39,746.08,3.33
12,305.0,13.54,29.34,8.26,92.58,19.76,8.45,12.94,5.34,2006.0,305.0,3.02,17.96,0.0,40.98,4.46,-4.07,-0.07,1.59,2006.0,305.0,9.446,24.45533333333334,1.3560000000000003,66.21933333333335,11.717333333333334,2.9673333333333334,6.824000000000001,3.612,2006.0,4468.53,1710.36,613.29,1452.46,483.44,708.6,1.98
