,DOY,INSgdmax,RADmax,RAINmax,RHmax,TMAXmax,TMINmax,Tmax,WINDmax,YEAR,DOY,INSgdmin,RADmin,RAINmin,RHmin,TMAXmin,TMINmin,Tmin,WINDmin,YEAR,DOY,INSgdmean,RADmean,RAINmean,RHmean,TMAXmean,TMINmean,Tmean,WINDmean,YEAR,NDVI,EVI,RED,NIR,BLUE,MIR,pixrel
0,113.0,28.069000000000003,31.234499999999997,18.3065,96.12700000000001,23.331500000000002,13.8975,17.188000000000002,6.628,2006.0,113.0,3.6535,24.7635,0.0,36.8155,10.996500000000001,2.091,7.3415,2.4015,2006.0,113.0,15.197899999999997,27.618133333333336,3.903333333333333,64.36746666666667,17.781399999999998,8.574766666666665,13.271799999999997,4.0948,2006.0,3657.27,2450.95,1384.79,2953.73,672.94,2790.61,0.29
1,129.0,30.072499999999998,32.6375,11.479500000000002,80.676,23.616500000000002,14.7915,18.3955,7.715,2006.0,129.0,9.486,22.0755,0.0,38.680499999999995,15.1005,5.304,11.033999999999999,2.0245,2006.0,129.0,18.15466666666667,28.055800000000005,1.8969999999999998,58.60456666666666,19.014333333333333,9.8853,14.359499999999999,4.77,2006.0,4324.06,2819.25,1130.34,2862.03,555.06,2349.43,0.09
2,145.0,30.180500000000002,33.3475,17.6035,86.13,33.8585,20.8255,24.8495,7.0265,2006.0,145.0,15.8355,29.2065,0.0,31.171,22.518,13.052,19.128999999999998,1.7105000000000001,2006.0,145.0,22.956000000000003,31.715133333333334,3.1927,58.03696666666667,27.037966666666662,16.971199999999996,21.843599999999995,4.1186,2006.0,4890.13,3293.56,1062.27,3084.07,527.7,2197.97,0.01
3,161.0,30.766,35.05850000000001,11.8095,71.2995,34.2345,23.71,28.3165,7.7285,2006.0,161.0,11.2355,29.064,0.0,37.757000000000005,21.187,11.5125,16.7605,1.0815000000000001,2006.0,161.0,21.994166666666665,32.2979,3.0890666666666666,50.63773333333334,30.099933333333333,18.5053,24.186133333333334,4.160999999999999,2006.0,6328.42,4287.97,742.11,3281.55,384.32,1536.3,0.0
4,177.0,31.636000000000003,37.436499999999995,15.439,62.943,37.3445,24.881500000000003,30.153999999999996,5.328,2006.0,177.0,13.653500000000001,29.371499999999997,0.0,36.42099999999999,24.1985,14.371,20.47,0.9755,2006.0,177.0,24.547666666666668,32.6853,3.2033666666666667,47.446000000000005,31.627666666666666,19.054299999999998,25.102866666666667,3.0712,2006.0,7343.02,5100.15,535.0,3513.95,285.01,1144.54,0.09
5,193.0,30.5685,36.921499999999995,15.146,81.82600000000001,39.891,24.367,31.1235,4.2875000000000005,2006.0,193.0,7.7364999999999995,29.141,0.0,33.491,26.3485,15.4115,22.342499999999998,1.4375,2006.0,193.0,24.499533333333332,33.94273333333334,2.5847333333333338,53.44576666666667,32.633900000000004,20.067299999999996,26.08186666666667,2.8779333333333335,2006.0,7558.08,5374.91,486.7,3636.04,259.17,1041.64,0.0
6,209.0,29.293,38.561499999999995,15.2835,67.58850000000001,38.161500000000004,27.2975,32.338,7.044,2006.0,209.0,10.264500000000002,30.960500000000003,0.0,35.358,25.5405,16.595,23.582,1.0995000000000001,2006.0,209.0,24.509366666666665,34.73370000000001,3.361133333333333,50.2321,33.62303333333333,21.622499999999995,27.55926666666667,3.883433333333334,2006.0,7555.15,5549.3,508.0,3803.79,273.62,1117.1,0.0
7,225.0,26.652,38.202000000000005,22.421,81.69250000000001,35.4815,22.747999999999998,28.695000000000004,3.9345,2006.0,225.0,6.4670000000000005,29.3925,0.0,48.402,26.161499999999997,11.744499999999999,20.799,1.271,2006.0,225.0,16.68636666666667,35.03286666666666,8.400833333333335,66.92903333333334,30.21563333333333,19.166833333333336,24.433400000000006,2.9701999999999997,2006.0,8068.61,6277.53,440.4,4243.03,239.39,946.88,0.12
8,241.0,24.1415,35.1145,25.314999999999998,90.0045,30.854999999999997,20.1685,24.619,5.0375000000000005,2006.0,241.0,4.3255,28.793000000000003,0.0,54.8605,20.020500000000002,11.415,17.037499999999998,0.9774999999999999,2006.0,241.0,17.547766666666668,31.67216666666667,2.2575333333333334,70.50489999999999,25.505633333333336,15.7704,20.403466666666663,2.9264,2006.0,7765.03,5458.49,437.24,3607.74,237.19,875.72,0.03
9,257.0,23.15,34.34,34.235,93.406,29.441000000000003,20.049500000000002,23.671,8.094999999999999,2006.0,257.0,1.2725,24.070999999999998,0.0,46.17099999999999,13.768999999999998,2.4654999999999996,9.821,1.617,2006.0,257.0,15.229266666666668,30.000299999999996,7.013266666666667,69.8646,21.544066666666666,11.951833333333333,16.574866666666665,4.306233333333333,2006.0,6337.61,4081.85,639.14,3000.05,330.49,1146.27,0.0
10,273.0,20.223,31.955,11.212,86.763,30.932000000000002,18.515,21.5335,5.504,2006.0,273.0,5.346,25.351999999999997,0.0,46.3495,14.777000000000001,6.343500000000001,11.484,1.9505,2006.0,273.0,15.44373333333333,28.842366666666667,2.270366666666667,67.40406666666665,21.776866666666667,10.849866666666665,15.7595,4.017533333333334,2006.0,4368.7,2445.53,919.4,2336.44,436.0,1733.93,0.0
11,289.0,16.72,30.53,11.629,96.3425,18.8945,11.54,14.25,6.593,2006.0,289.0,3.7169999999999996,19.438499999999998,0.0,29.647,7.521,-2.7655,1.971,2.529,2006.0,289.0,9.270666666666664,25.9033,2.8717333333333332,60.399366666666666,12.00296666666667,3.2550333333333334,7.325066666666667,4.321366666666667,2006.0,3958.08,2225.69,982.35,2271.36,484.77,1778.0,0.0
12,305.0,14.266,29.012999999999998,23.3,94.77850000000001,25.573,9.7085,15.864,6.1995000000000005,2006.0,305.0,3.4255,18.778,0.0,40.438,5.484,-6.3709999999999996,0.303,2.4435000000000002,2006.0,305.0,10.770266666666666,24.271866666666664,2.0589333333333335,61.3958,13.413333333333334,2.6474,7.373300000000002,3.9518,2006.0,3296.55,1884.47,1171.79,2308.39,565.6,1948.34,0.0
