,DOY,INSgdmax,RADmax,RAINmax,RHmax,TMAXmax,TMINmax,Tmax,WINDmax,YEAR,DOY,INSgdmin,RADmin,RAINmin,RHmin,TMAXmin,TMINmin,Tmin,WINDmin,YEAR,DOY,INSgdmean,RADmean,RAINmean,RHmean,TMAXmean,TMINmean,Tmean,WINDmean,YEAR,NDVI,EVI,RED,NIR,BLUE,MIR,pixrel
0,113.0,28.097800000000003,31.5738,26.905700000000003,95.3837,23.1521,14.219999999999999,17.648899999999998,5.421900000000001,2006.0,113.0,2.8499999999999996,24.657200000000003,0.0,37.777,12.384600000000002,2.5831000000000004,8.2698,2.0762,2006.0,113.0,15.323166666666667,27.675826666666666,6.084793333333334,64.15432000000001,18.300220000000003,8.679506666666665,13.502379999999999,3.8868333333333327,2006.0,4948.73,3251.0,993.46,2941.28,514.95,2102.35,0.04
1,129.0,29.3988,32.548,12.968799999999998,79.4778,23.1107,14.709,18.0063,7.6181,2006.0,129.0,9.6273,22.829899999999995,0.0,42.8359,13.460700000000001,3.616,10.505500000000001,1.4027,2006.0,129.0,17.110979999999998,27.985339999999997,1.537653333333333,61.43346,18.59326,9.575360000000002,13.966380000000001,4.36448,2006.0,6092.55,3813.41,683.63,2850.6,363.49,1471.84,0.03
2,145.0,30.118299999999998,33.6346,16.965200000000003,84.41680000000001,32.8548,21.009999999999998,24.259300000000003,6.1296,2006.0,145.0,11.4278,29.255900000000004,0.0,31.575900000000004,23.0927,13.008300000000002,18.962899999999998,1.6770999999999998,2006.0,145.0,21.661479999999997,31.726053333333333,3.3616666666666672,58.86804666666668,26.97268666666666,16.995106666666665,21.72704666666667,3.796866666666667,2006.0,6458.27,4483.97,721.74,3373.28,381.03,1610.94,0.24
3,161.0,30.8684,34.7334,10.9439,70.63320000000002,34.0505,24.045199999999998,28.6145,6.5149,2006.0,161.0,10.340900000000001,28.9917,0.0,38.8958,20.811,11.175699999999999,16.951,0.8197000000000001,2006.0,161.0,22.28828,32.056466666666665,3.376193333333334,50.06628666666667,30.037173333333328,18.385526666666667,24.04913333333333,3.762266666666666,2006.0,6854.63,4969.65,677.34,3648.58,368.77,1346.23,0.0
4,177.0,31.3407,37.885,11.8021,65.8784,37.2077,24.890099999999997,30.5242,5.4605,2006.0,177.0,10.2167,28.9593,0.0,34.8571,24.3579,13.7383,20.555799999999998,1.3732,2006.0,177.0,22.748733333333334,32.77052,2.5784466666666668,48.02640666666667,31.62215333333333,18.87596,25.16909333333333,3.0430333333333333,2006.0,7403.59,5413.28,563.05,3779.45,307.15,1233.86,0.76
5,193.0,30.4825,36.462500000000006,15.4881,83.01750000000001,38.294200000000004,23.291800000000002,30.3833,3.8728000000000002,2006.0,193.0,6.1262,28.9668,0.0,35.248400000000004,26.351,15.384799999999998,22.5387,1.2952,2006.0,193.0,24.25537333333334,33.82329333333334,2.243293333333333,55.30176,32.41905333333334,19.99537333333333,25.97326,2.664666666666667,2006.0,7751.71,5280.19,426.58,3436.97,237.36,885.1,0.16
6,209.0,29.4058,38.19,18.4318,68.67920000000001,37.977,27.5375,32.0341,6.1933,2006.0,209.0,9.2726,31.184600000000003,0.0,35.907399999999996,25.945,16.8253,23.7267,1.1436,2006.0,209.0,24.171020000000006,34.80080666666666,4.721993333333333,50.68677333333334,33.66242666666667,21.913239999999995,27.718653333333336,3.571440000000001,2006.0,7568.58,5219.54,470.82,3477.33,259.24,1012.88,0.01
7,225.0,26.227800000000002,38.087599999999995,25.742900000000002,79.6923,35.5967,23.5809,29.0683,3.8831,2006.0,225.0,5.957400000000001,29.647399999999998,0.0,49.03360000000001,26.924800000000005,12.233799999999999,21.4333,1.3647999999999998,2006.0,225.0,16.686353333333333,35.06926,8.788146666666666,65.22670666666666,30.551360000000003,19.67975333333333,24.879113333333336,2.7944866666666672,2006.0,7848.5,5861.03,468.46,3952.19,258.2,1005.19,0.0
8,241.0,24.308,35.9371,29.8549,86.9994,31.3638,21.1876,25.035200000000003,4.739,2006.0,241.0,5.246300000000001,29.1483,0.0,51.5768,21.067700000000002,12.8262,18.0798,0.7355,2006.0,241.0,17.18503333333333,32.26998666666666,3.9453533333333324,68.81869999999999,26.2234,16.411933333333334,21.099846666666668,2.607753333333333,2006.0,7877.58,5316.36,400.61,3422.42,221.03,839.73,0.02
9,257.0,23.1363,34.6554,32.7727,89.9931,29.260800000000003,20.3172,23.892400000000002,7.4460999999999995,2006.0,257.0,1.2299,24.876599999999996,0.0,47.8896,14.866999999999999,2.3728,9.801,1.5278999999999998,2006.0,257.0,15.122293333333332,30.122793333333338,5.242586666666666,67.29504,22.214266666666667,12.222193333333331,17.04499333333333,3.894693333333333,2006.0,7320.55,4824.64,494.46,3234.8,270.37,1008.0,0.0
10,273.0,20.3268,32.095499999999994,8.683100000000001,85.63660000000002,31.0502,19.1718,21.592,4.8449,2006.0,273.0,6.2675,25.4251,0.0,42.8845,15.943100000000001,6.0512,11.9115,2.2051,2006.0,273.0,15.601686666666668,28.841826666666666,1.4029666666666667,66.75632666666667,21.584080000000004,10.778326666666668,15.733499999999998,3.798326666666666,2006.0,5648.03,3397.43,739.57,2662.9,388.12,1380.38,0.0
11,289.0,16.3659,30.8975,15.7538,95.3946,18.156,12.5808,15.0028,6.379300000000001,2006.0,289.0,3.1013,19.437599999999996,0.0,30.705,7.1947,-2.8719,1.721,2.3638000000000003,2006.0,289.0,8.675786666666667,25.856606666666668,3.3608866666666666,63.348380000000006,11.834113333333331,3.3008200000000003,7.227473333333332,4.02782,2006.0,5067.14,2824.88,760.62,2333.95,395.92,1439.47,0.0
12,305.0,14.1335,29.4942,17.928199999999997,94.6056,24.250500000000002,9.2732,15.2363,5.6766000000000005,2006.0,305.0,3.4646,18.5833,0.0,41.032700000000006,5.3887,-5.823500000000001,0.1616,2.5328999999999997,2006.0,305.0,10.478226666666668,24.29629333333333,1.6309,64.26151333333333,12.866933333333336,2.8855733333333324,7.2614,3.8457866666666662,2006.0,4214.0,2330.41,927.3,2272.47,456.51,1701.21,0.0
