,DOY,INSgdmax,RADmax,RAINmax,RHmax,TMAXmax,TMINmax,Tmax,WINDmax,YEAR,DOY,INSgdmin,RADmin,RAINmin,RHmin,TMAXmin,TMINmin,Tmin,WINDmin,YEAR,DOY,INSgdmean,RADmean,RAINmean,RHmean,TMAXmean,TMINmean,Tmean,WINDmean,YEAR,NDVI,EVI,RED,NIR,BLUE,MIR,pixrel
0,113.00000000000001,28.6856,30.136999999999997,31.0492,97.56389999999999,21.1046,11.826500000000001,14.8543,6.1319,2006.0,113.00000000000001,2.9156,23.154799999999998,0.0,41.755300000000005,9.660700000000002,0.8235000000000001,6.164300000000001,2.1446,2006.0,113.00000000000001,15.062659999999997,26.742800000000003,3.9441466666666662,69.41202666666668,15.44368,6.4612733333333345,11.064473333333332,4.304733333333333,2006.0,4007.84,2017.43,826.3,1939.2,428.54,1488.99,0.0
1,129.0,25.334800000000005,31.7792,12.8385,81.0995,22.4635,13.581299999999999,16.850800000000003,8.0184,2006.0,129.0,7.7203,25.557,0.0,50.3721,10.1745,1.4553,6.755800000000001,2.8146999999999998,2006.0,129.0,17.02424666666667,27.73898666666667,2.3324399999999996,68.88704666666668,16.6745,8.059619999999997,12.144826666666667,4.82322,2006.0,5900.07,3721.35,732.2,2891.37,384.61,1393.96,0.7
2,145.0,29.7041,33.1231,11.6017,86.9227,28.828800000000005,20.9501,23.700199999999995,6.4298,2006.0,145.0,8.797100000000002,28.634199999999996,0.0,31.9144,17.5181,9.953999999999999,14.875100000000002,1.6138000000000001,2006.0,145.0,22.232919999999993,31.037106666666666,2.3453133333333334,58.27888666666666,24.63724666666667,14.627646666666667,19.537493333333337,3.9625799999999995,2006.0,6674.16,4272.87,596.53,3037.5,318.17,1274.9,0.01
3,161.00000000000003,31.4047,35.2909,13.848,75.18159999999999,32.8917,23.4663,27.633000000000003,6.9944,2006.0,161.00000000000003,4.8356,28.4401,0.0,38.7266,17.1741,7.3321000000000005,12.8368,0.9357,2006.0,161.00000000000003,20.10548,31.722946666666665,4.97326,51.74378000000001,27.6554,16.938886666666665,21.987213333333333,4.1563799999999995,2006.0,7429.38,4965.16,486.03,3344.77,261.87,990.4,0.02
4,177.0,31.8798,35.5133,9.327,67.2113,33.861,21.567299999999996,26.968799999999998,4.4413,2006.0,177.0,19.3336,27.4126,0.0,42.295,24.0876,12.250600000000002,19.409499999999998,0.9622000000000002,2006.0,177.0,24.683279999999996,31.21905333333333,2.00784,51.52724666666667,29.139746666666667,16.756333333333334,22.86596,2.95788,2006.0,7247.8,4673.47,495.36,3136.67,266.59,983.42,0.09
5,193.0,30.805699999999998,36.530100000000004,7.245100000000001,85.1879,36.4414,23.6695,29.1968,5.4235,2006.0,193.0,12.450200000000002,28.479799999999997,0.0,35.465,26.116500000000002,12.834,20.634099999999997,1.5309999999999997,2006.0,193.0,24.112919999999995,33.01468,1.5603066666666665,53.92732666666666,31.595840000000006,18.86963333333333,24.907780000000006,3.4081066666666664,2006.0,6962.76,4467.53,544.81,3078.38,289.63,1061.43,0.0
6,208.99999999999997,28.9514,38.49870000000001,17.4635,76.37759999999999,38.59219999999999,24.124100000000002,30.440699999999996,6.5529,2006.0,208.99999999999997,9.7312,30.138099999999998,0.0,42.2452,25.5666,14.773800000000001,21.9792,1.2158,2006.0,208.99999999999997,22.728293333333337,34.38526,3.435726666666667,57.48614666666666,32.079840000000004,19.828479999999995,25.58935333333334,3.2253400000000005,2006.0,6881.82,4047.11,499.21,2728.16,262.1,992.12,0.0
7,225.0,27.2751,36.999199999999995,21.544500000000003,92.95369999999998,30.805699999999998,21.3516,25.5528,4.7066,2006.0,225.0,5.726500000000001,28.6099,0.0,48.02340000000001,20.7239,11.4545,18.522000000000002,1.4229,2006.0,225.0,16.91926,33.262766666666664,4.12402,72.91716666666666,26.67592666666667,17.0252,21.600986666666664,3.0287,2006.0,6632.52,4069.11,578.51,2867.83,306.09,1137.21,0.0
8,241.00000000000003,23.065700000000003,34.2474,26.7417,86.9311,28.313199999999995,18.251900000000003,22.511300000000002,4.2317,2006.0,241.00000000000003,5.2606,28.4055,0.0,53.6748,19.2659,9.6243,15.400199999999998,0.7053999999999999,2006.0,241.00000000000003,17.04634666666667,31.311186666666668,4.298066666666667,72.26056666666666,24.712833333333332,14.306446666666668,19.23792666666667,2.4641466666666667,2006.0,6312.64,3463.58,555.02,2446.52,283.65,1135.34,0.01
9,257.0,22.4993,34.052099999999996,33.5221,97.744,26.8996,17.6276,21.2794,7.3378000000000005,2006.0,257.0,2.2491999999999996,24.2295,0.0,57.092400000000005,12.4126,0.8193999999999999,6.7363,1.2474,2006.0,257.0,13.665780000000003,29.31654666666667,4.53092,76.68494,19.13655333333333,9.944486666666663,14.248380000000003,4.187993333333335,2006.0,5668.73,3222.33,679.9,2484.51,349.98,1226.82,0.26
10,273.0,18.6044,30.6832,15.242099999999999,96.0702,27.742600000000003,14.0956,18.897499999999997,6.3243,2006.0,273.0,4.5292,23.8963,0.0,50.50760000000001,13.208,4.395099999999999,9.338600000000001,1.4322,2006.0,273.0,14.737260000000003,27.631086666666665,1.5589800000000003,74.43614666666666,19.07344666666667,8.567593333333333,13.42428,3.748993333333334,2006.0,4841.75,2327.92,659.16,1921.56,319.57,1318.59,0.0
11,289.0,15.628400000000001,29.854499999999994,5.7082,95.0182,13.6658,8.6711,11.488099999999998,8.367300000000002,2006.0,289.0,4.0442,19.3236,0.0,37.072700000000005,4.6917,-2.4517,0.6164000000000001,2.3592000000000004,2006.0,289.0,9.25508,25.37785333333333,1.544493333333333,62.32045333333332,9.252166666666666,2.03142,5.278193333333334,4.578773333333333,2006.0,4107.59,1909.63,725.43,1749.22,370.95,1431.96,0.28
12,305.0,13.5946,28.477400000000003,4.8267,88.23580000000001,23.7446,8.6905,14.5378,5.9703,2006.0,305.0,3.8594,17.829,0.0,37.609700000000004,2.6448,-3.784300000000001,-0.6365,2.3510999999999997,2006.0,305.0,10.149959999999998,23.386553333333335,1.0099333333333333,61.94246666666667,11.013466666666664,1.3122266666666664,5.51978,4.011566666666667,2006.0,3805.71,1969.79,923.92,2039.48,469.96,1499.08,0.64
