,DOY,INSgdmax,RADmax,RAINmax,RHmax,TMAXmax,TMINmax,Tmax,WINDmax,YEAR,DOY,INSgdmin,RADmin,RAINmin,RHmin,TMAXmin,TMINmin,Tmin,WINDmin,YEAR,DOY,INSgdmean,RADmean,RAINmean,RHmean,TMAXmean,TMINmean,Tmean,WINDmean,YEAR,NDVI,EVI,RED,NIR,BLUE,MIR,pixrel
0,113.0,28.84,30.96,24.96,97.22,21.75,13.14,15.95,6.3,2006.0,113.0,1.76,23.44,0.0,42.04,10.15,0.84,7.49,2.07,2006.0,113.0,15.750666666666667,26.925333333333334,4.859999999999999,64.61333333333333,16.845333333333336,7.612,12.33,4.334666666666666,2006.0,5018.48,2370.5,639.31,1901.47,321.64,1131.16,0.0
1,129.0,25.7,31.86,9.13,78.87,22.4,13.63,17.0,7.88,2006.0,129.0,9.58,24.91,0.0,49.69,9.94,1.12,6.75,2.23,2006.0,129.0,18.336000000000002,27.657333333333337,2.1613333333333333,68.246,16.790000000000003,8.329333333333333,12.373999999999999,4.498,2006.0,6422.44,3701.83,577.29,2626.57,303.09,980.59,0.85
2,145.0,29.41,33.62,20.12,84.31,28.6,21.29,24.48,5.81,2006.0,145.0,10.94,27.97,0.0,29.68,19.09,10.44,16.13,1.19,2006.0,145.0,21.077333333333332,31.141333333333332,2.987333333333333,57.24066666666667,25.286666666666655,15.493333333333334,20.241999999999997,3.7560000000000002,2006.0,7505.19,4650.29,427.11,3003.69,233.64,795.75,0.04
3,161.0,31.21,34.85,13.52,70.33,33.04,23.75,28.24,6.39,2006.0,161.0,7.49,28.3,0.0,37.03,17.55,8.33,13.3,1.32,2006.0,161.0,21.638,31.576000000000004,4.286666666666666,49.010666666666665,28.562666666666665,17.145333333333337,22.66333333333334,3.76,2006.0,7934.24,5243.9,375.97,3334.35,208.96,672.69,0.22
4,177.0,32.29,36.61,9.85,71.43,34.93,23.16,28.45,4.83,2006.0,177.0,15.48,27.97,0.0,41.8,22.99,13.2,19.61,0.63,2006.0,177.0,22.228,31.85066666666667,2.6133333333333337,51.280666666666654,29.878666666666668,17.519333333333336,23.654666666666664,2.928,2006.0,8078.52,4917.75,317.83,3004.04,171.76,617.64,0.0
5,193.0,30.85,36.83,16.0,87.7,35.63,22.68,28.92,4.54,2006.0,193.0,8.78,28.48,0.0,34.88,25.31,13.44,21.26,1.16,2006.0,193.0,22.95866666666667,33.321999999999996,3.305333333333333,57.27133333333333,31.279999999999994,19.167333333333332,24.992666666666665,3.029333333333333,2006.0,7936.24,4974.21,360.6,3121.52,194.15,694.95,0.07
6,209.0,28.98,39.24,31.14,71.24,38.61,25.95,31.07,5.98,2006.0,209.0,8.42,30.49,0.0,41.78,25.74,15.87,22.07,1.16,2006.0,209.0,22.63666666666667,34.690000000000005,4.683333333333334,55.486,32.58333333333333,20.609333333333336,26.434,3.283333333333333,2006.0,7837.35,4493.93,344.1,2763.84,184.88,656.76,0.13
7,225.0,27.07,36.32,26.91,81.02,31.66,23.51,27.21,4.69,2006.0,225.0,7.45,29.48,0.0,50.78,22.62,12.51,20.56,1.3,2006.0,225.0,16.682,33.85333333333333,7.862,68.736,27.995333333333335,18.174,22.875333333333334,2.8040000000000003,2006.0,7428.24,4304.69,404.87,2744.25,214.9,769.98,0.0
8,241.0,23.15,35.46,30.32,85.53,29.68,19.95,23.52,4.14,2006.0,241.0,6.62,28.84,0.0,53.71,21.37,10.79,16.4,0.99,2006.0,241.0,17.112666666666666,31.884666666666657,5.282666666666666,67.288,26.048,15.468666666666667,20.65666666666667,2.431333333333333,2006.0,7395.1,3984.27,375.71,2486.2,201.7,706.25,0.0
9,257.0,22.72,34.13,25.31,97.09,28.34,17.57,21.86,6.97,2006.0,257.0,2.34,25.45,0.0,53.55,12.99,1.39,7.46,1.23,2006.0,257.0,13.686666666666662,29.68066666666667,6.215333333333333,72.646,20.384,10.389333333333331,15.345333333333336,3.947333333333333,2006.0,6209.27,3276.5,543.94,2317.34,276.81,909.4,0.36
10,273.0,18.76,31.18,4.79,95.29,28.98,17.0,19.83,4.89,2006.0,273.0,6.3,24.23,0.0,46.4,15.0,4.82,10.43,1.89,2006.0,273.0,14.924,27.777333333333335,0.5053333333333333,71.78333333333333,19.715999999999998,9.147333333333332,14.071333333333335,3.604666666666667,2006.0,5338.08,2286.74,527.46,1736.14,226.84,896.41,0.0
11,289.0,15.19,30.35,13.53,96.48,16.05,10.98,13.65,7.89,2006.0,289.0,3.17,19.37,0.0,35.96,4.82,-2.42,1.03,2.31,2006.0,289.0,8.325333333333333,26.004666666666665,2.7726666666666673,63.302,10.066666666666665,2.667333333333333,5.996666666666667,4.300666666666667,2006.0,4359.64,1843.41,624.12,1594.43,309.0,1044.85,0.65
12,305.0,13.32,28.51,7.66,91.9,22.66,8.96,14.33,5.54,2006.0,305.0,3.1,17.93,0.0,38.32,3.39,-4.0,-0.43,2.51,2006.0,305.0,9.962000000000002,23.747999999999998,0.9073333333333333,64.13600000000001,11.35266666666667,2.1426666666666665,6.126000000000001,4.028666666666666,2006.0,4510.08,1847.6,591.77,1555.66,284.93,1041.52,0.91
