,DOY,INSgdmax,RADmax,RAINmax,RHmax,TMAXmax,TMINmax,Tmax,WINDmax,YEAR,DOY,INSgdmin,RADmin,RAINmin,RHmin,TMAXmin,TMINmin,Tmin,WINDmin,YEAR,DOY,INSgdmean,RADmean,RAINmean,RHmean,TMAXmean,TMINmean,Tmean,WINDmean,YEAR,NDVI,EVI,RED,NIR,BLUE,MIR,pixrel
0,113.0,27.2788,31.5912,23.995599999999996,95.66680000000001,24.674400000000002,15.128799999999998,18.446800000000003,6.349999999999999,2006.0,113.0,2.96,25.3624,0.0,34.233999999999995,12.4296,3.5260000000000002,8.7448,2.5468,2006.0,113.0,16.3832,27.94869333333334,5.078266666666667,62.02946666666665,18.895893333333326,9.455333333333332,14.168426666666665,4.067733333333334,2006.0,3216.89,2113.09,1444.52,2819.93,682.05,3034.26,0.32
1,129.0,30.1348,32.5752,13.9724,80.3312,23.514,15.4328,18.538,7.252000000000001,2006.0,129.0,7.5352,22.0876,0.0,37.188,15.942,5.451199999999999,11.8756,1.3672,2006.0,129.0,17.80666666666667,27.93424,2.2724533333333334,58.32725333333333,19.50949333333333,10.216533333333333,14.709786666666668,4.47328,2006.0,3657.51,2279.44,1210.23,2617.71,583.7,2459.61,0.08
2,145.0,30.177599999999998,33.763600000000004,20.868399999999998,85.39599999999999,35.199999999999996,20.8168,25.7376,6.7412,2006.0,145.0,14.0024,28.745200000000004,0.0,29.98,24.689999999999998,13.101200000000002,20.2524,1.4972,2006.0,145.0,22.70333333333333,31.9792,3.6450399999999994,59.48885333333334,27.698799999999995,17.51936,22.402346666666666,3.9543999999999997,2006.0,4280.83,2787.63,1169.64,2905.74,571.15,2521.05,0.08
3,161.0,31.04,35.3036,10.9704,70.5688,34.365199999999994,23.9956,28.606800000000003,7.348000000000001,2006.0,161.0,11.3972,29.0836,0.0,39.5512,23.577200000000005,12.8284,18.616,0.7196,2006.0,161.0,22.807813333333332,32.372186666666664,3.4737066666666667,50.637653333333326,30.65343999999999,18.986053333333334,24.57512,3.9426666666666663,2006.0,5577.93,3927.8,985.07,3428.51,498.01,2079.52,0.0
4,177.0,30.919999999999998,37.6788,17.7488,61.7284,37.547200000000004,25.245199999999997,30.854,5.624,2006.0,177.0,8.708,29.5648,0.0,32.849599999999995,25.072400000000002,14.2932,21.3448,1.1576,2006.0,177.0,24.03477333333333,33.13146666666666,3.006853333333334,46.50557333333334,32.31997333333333,19.57109333333333,25.82429333333333,3.1169599999999997,2006.0,6836.64,4892.66,685.56,3626.63,360.45,1464.93,0.33
5,193.0,30.593600000000002,37.288399999999996,18.2676,80.9728,39.7412,24.0916,31.262000000000004,3.8564000000000003,2006.0,193.0,7.6575999999999995,29.619999999999997,0.0,35.5284,26.6528,16.486,23.2136,1.3464,2006.0,193.0,24.963413333333335,34.32624000000001,2.3682133333333337,53.63957333333334,32.969013333333336,20.50424,26.485573333333328,2.63136,2006.0,8241.42,6198.32,383.05,4051.09,210.4,841.15,0.09
6,209.0,29.4212,38.138799999999996,15.9932,67.0044,37.77719999999999,27.712,32.4448,6.659599999999999,2006.0,209.0,13.36,31.4648,0.0,35.222,25.663999999999998,16.4672,24.05,1.08,2006.0,209.0,25.20029333333333,34.91578666666667,3.63632,49.0028,34.04637333333332,22.13557333333333,28.110986666666665,3.776106666666667,2006.0,8355.0,6510.94,374.35,4288.63,205.47,889.12,0.0
7,225.0,26.105999999999998,38.449999999999996,20.917599999999997,75.9056,37.1656,23.619999999999997,30.1708,3.8324000000000007,2006.0,225.0,7.6936,29.2476,0.0,47.321200000000005,27.386800000000004,11.3852,21.228399999999997,1.196,2006.0,225.0,17.42368,35.439946666666664,7.557573333333334,63.99736,31.3784,20.02914666666667,25.47029333333333,2.9042666666666666,2006.0,8581.62,6894.77,343.63,4547.64,189.75,771.19,0.26
8,241.0,24.5788,35.8,26.042399999999997,90.4488,31.449199999999998,21.550800000000002,25.2972,4.7732,2006.0,241.0,4.6776,28.9388,0.0,51.2592,20.8276,11.8436,18.000400000000003,0.6087999999999999,2006.0,241.0,17.161413333333332,32.122159999999994,2.3839466666666667,69.48895999999999,26.132613333333335,16.4732,21.116400000000002,2.77128,2006.0,8137.89,6242.58,416.71,4167.98,228.63,831.81,0.26
9,257.0,23.172399999999996,34.5936,30.308,88.01159999999999,29.936,20.9048,24.254,7.9052,2006.0,257.0,1.2772000000000001,23.8016,0.0,43.819199999999995,15.2064,3.3911999999999995,10.3976,1.5772,2006.0,257.0,15.15064,30.296933333333335,6.559786666666667,67.65717333333332,22.271626666666673,12.681466666666665,17.351866666666666,4.090533333333333,2006.0,6897.87,4895.5,649.74,3561.2,348.45,1053.7,0.0
10,273.0,20.3752,32.524,11.36,83.8116,31.2908,19.628000000000004,22.3392,4.9556000000000004,2006.0,273.0,5.6264,25.566399999999998,0.0,43.8312,15.9948,7.148000000000001,12.3524,2.254,2006.0,273.0,15.913893333333332,29.184186666666662,2.13024,64.27298666666665,22.44216,11.475919999999999,16.485599999999998,4.008986666666667,2006.0,3691.92,2122.06,1102.99,2385.74,510.35,1895.6,0.0
11,289.0,17.7284,30.61,13.8552,95.7908,19.5376,12.8284,15.24,6.1516,2006.0,289.0,3.5024000000000006,19.505200000000002,0.0,28.5232,8.2424,-2.6156,2.2076000000000002,2.4308,2006.0,289.0,9.417359999999999,25.90501333333333,3.3398399999999997,62.262586666666664,12.637413333333331,3.583813333333334,7.787573333333334,4.092026666666667,2006.0,3288.38,1821.77,1096.81,2169.51,532.63,1844.63,0.0
12,305.0,14.7488,29.0428,21.194399999999998,94.5484,25.5816,9.8556,16.028399999999998,5.9716,2006.0,305.0,3.6271999999999998,19.1512,0.0,41.5096,6.030000000000001,-5.7988,0.5116,2.5784,2006.0,305.0,10.599226666666668,24.656079999999996,1.9848266666666667,61.667306666666676,13.873733333333332,3.3558399999999997,7.960933333333334,3.8644800000000004,2006.0,2772.49,1666.18,1424.07,2472.43,707.59,2168.56,0.1
