,DOY,INSgdmax,RADmax,RAINmax,RHmax,TMAXmax,TMINmax,Tmax,WINDmax,YEAR,DOY,INSgdmin,RADmin,RAINmin,RHmin,TMAXmin,TMINmin,Tmin,WINDmin,YEAR,DOY,INSgdmean,RADmean,RAINmean,RHmean,TMAXmean,TMINmean,Tmean,WINDmean,YEAR,NDVI,EVI,RED,NIR,BLUE,MIR,pixrel
0,113.0,28.510000000000005,30.958400000000005,20.866400000000002,96.5222,21.8046,12.022400000000001,15.321000000000002,6.36,2006.0,113.0,4.2684,23.9202,0.0,42.5128,8.9652,0.8430000000000001,6.0334,2.0705999999999998,2006.0,113.0,14.3734,27.28312,3.9849466666666666,68.26813333333334,16.27009333333333,7.2566533333333325,11.943333333333332,4.116973333333333,2006.0,3712.37,2382.61,1265.67,2731.03,642.27,2635.65,0.3
1,129.0,30.354799999999997,32.355199999999996,9.1974,81.721,23.316200000000002,14.193000000000001,17.8336,8.2824,2006.0,129.0,9.479199999999999,21.901600000000002,0.0,38.7856,12.739999999999998,4.4352,9.507000000000001,2.9080000000000004,2006.0,129.0,18.26216,27.931546666666662,1.8590266666666668,60.68346666666666,18.1708,9.160039999999999,13.621119999999998,5.066293333333332,2006.0,4508.92,2697.24,942.46,2507.92,479.28,2171.74,0.02
2,145.0,29.922,33.45479999999999,12.8722,86.278,31.227199999999996,20.893400000000003,23.7774,7.1744,2006.0,145.0,17.4014,29.2438,0.0,32.726,19.5596,12.1296,16.8256,1.8648,2006.0,145.0,23.45132,31.30269333333333,2.42912,57.2308,26.021186666666665,15.880546666666667,20.835479999999997,4.233040000000001,2006.0,5347.78,3322.61,838.66,2760.31,436.79,1770.3,0.0
3,161.0,30.9252,34.9048,10.465,75.19579999999999,33.985,23.1856,27.7584,7.953999999999999,2006.0,161.0,10.809999999999999,28.585000000000004,0.0,39.053399999999996,18.101600000000005,9.073599999999999,14.1394,1.1793999999999998,2006.0,161.0,20.99658666666667,32.05345333333334,3.5797066666666666,52.182986666666665,29.132826666666666,17.56454666666666,23.21946666666667,4.247626666666666,2006.0,6637.67,4938.38,763.31,3783.72,408.19,1624.76,0.0
4,177.0,31.6466,36.717200000000005,14.764799999999997,67.3426,36.6672,23.462,28.723599999999998,4.943,2006.0,177.0,15.650200000000002,29.1584,0.0,39.181,23.7214,13.5626,19.6204,0.837,2006.0,177.0,24.754399999999997,32.000240000000005,4.130559999999999,49.644000000000005,30.416706666666666,17.96594666666667,23.942706666666666,3.0103333333333335,2006.0,7619.66,5558.54,514.61,3808.19,281.85,1126.38,0.46
5,193.0,30.771800000000002,36.525,11.8972,80.8748,39.3926,24.4858,30.471600000000002,5.1495999999999995,2006.0,193.0,12.677,28.678800000000003,0.0,32.66,26.9202,13.846599999999999,21.2128,1.6139999999999999,2006.0,193.0,24.84668,33.576386666666664,2.4395333333333333,52.69345333333334,32.428133333333335,19.463839999999998,25.620693333333335,3.2456533333333333,2006.0,8152.25,6031.84,387.76,3937.39,212.93,870.1,0.05
6,209.0,29.229999999999997,38.8516,25.898,70.4642,38.5632,26.0718,31.7626,7.2196,2006.0,209.0,9.7476,30.3786,0.0,38.0802,25.120800000000003,15.4104,22.7038,1.1162,2006.0,209.0,23.92304,34.581,4.666026666666666,52.85904000000001,33.033919999999995,20.787239999999997,26.670226666666668,3.79868,2006.0,8177.33,6212.47,398.42,4101.85,218.47,888.46,0.01
7,225.0,27.2496,37.0174,30.996199999999998,91.0308,33.177800000000005,21.6676,26.693399999999997,4.3086,2006.0,225.0,7.074400000000001,28.8104,0.0,49.37440000000001,23.385799999999996,11.944199999999999,19.6676,1.4068,2006.0,225.0,16.941333333333333,34.15361333333333,9.089506666666667,71.59048000000001,28.24664,17.949373333333334,22.84145333333334,3.0422399999999996,2006.0,8318.53,6635.53,405.04,4455.19,222.58,849.73,0.35
8,241.0,23.769799999999996,34.5,17.4824,88.3094,30.0272,18.9172,23.6886,5.079400000000001,2006.0,241.0,4.6378,28.3704,0.0,58.2846,19.0152,10.4234,15.651400000000002,1.3188,2006.0,241.0,17.241213333333334,31.246866666666666,2.6134,72.25656000000001,24.714946666666663,14.809133333333335,19.47814666666667,2.958946666666667,2006.0,7831.03,5510.41,425.23,3625.51,232.45,879.73,0.05
9,257.0,22.9454,34.0016,44.942400000000006,97.1322,28.451800000000002,18.732999999999997,22.774800000000003,8.0246,2006.0,257.0,1.3130000000000002,24.886200000000002,0.0,48.271,12.864999999999998,1.3286,8.6458,1.6782000000000001,2006.0,257.0,14.591253333333334,29.714346666666664,8.627413333333333,72.46725333333333,20.63361333333333,11.041653333333333,15.53588,4.47048,2006.0,6660.6,4359.75,612.17,3128.84,322.45,1156.94,0.0
10,273.0,19.2672,30.951800000000002,8.2372,90.6784,29.8572,15.905000000000001,20.434199999999997,6.340400000000001,2006.0,273.0,4.172199999999999,24.9486,0.0,49.282399999999996,13.3854,5.1928,10.2316,1.6512,2006.0,273.0,14.908946666666665,28.171253333333333,1.74216,71.1332,20.74874666666667,9.846173333333333,14.738093333333335,3.977426666666667,2006.0,4321.74,2548.68,973.05,2456.07,491.94,1713.86,0.0
11,289.0,16.0218,30.282,7.803800000000001,96.2024,16.4164,9.843599999999999,12.551,7.2688,2006.0,289.0,4.4062,19.2884,0.0,32.2868,6.1996,-2.6368,1.4752,2.426,2006.0,289.0,9.676386666666668,25.68150666666667,2.134053333333333,59.70631999999999,10.977239999999998,2.7039066666666667,6.482573333333333,4.564160000000001,2006.0,3749.51,2000.74,949.69,2082.46,483.23,1705.22,0.0
12,305.0,13.442,28.9536,12.7154,93.84459999999999,25.136200000000002,9.3954,15.4372,6.3668000000000005,2006.0,305.0,3.8493999999999997,18.248599999999996,0.0,37.455,4.3096000000000005,-5.6937999999999995,-0.17719999999999997,2.3514,2006.0,305.0,10.984480000000001,23.659360000000007,1.1645066666666666,60.81570666666667,12.640453333333333,1.7881200000000002,6.543533333333334,4.010866666666667,2006.0,3255.3,1838.58,1145.79,2234.46,569.8,2042.06,0.0
