,DOY,INSgdmax,RADmax,RAINmax,RHmax,TMAXmax,TMINmax,Tmax,WINDmax,YEAR,DOY,INSgdmin,RADmin,RAINmin,RHmin,TMAXmin,TMINmin,Tmin,WINDmin,YEAR,DOY,INSgdmean,RADmean,RAINmean,RHmean,TMAXmean,TMINmean,Tmean,WINDmean,YEAR,NDVI,EVI,RED,NIR,BLUE,MIR,pixrel
0,113.0,28.84,31.39,16.72,93.41,22.66,13.57,16.78,6.14,2006.0,113.0,2.84,23.65,0.0,40.29,14.08,1.68,8.88,1.43,2006.0,113.0,17.656666666666663,26.805999999999997,3.4900000000000007,61.455999999999996,18.636000000000003,8.120666666666667,13.429333333333334,3.987333333333333,2006.0,3734.2,1333.71,272.84,1069.46,139.46,447.27,22.99
1,129.0,28.66,31.25,12.59,86.44,21.63,14.06,16.19,7.18,2006.0,129.0,7.78,24.16,0.0,55.96,9.83,2.06,7.18,1.34,2006.0,129.0,16.540000000000003,27.590666666666667,2.5900000000000007,69.09200000000001,16.825333333333333,8.447333333333335,12.576,3.878,2006.0,4682.75,1973.99,389.63,1361.41,288.59,463.94,0.29
2,145.0,29.92,34.34,20.53,82.93,29.83,21.31,24.9,5.61,2006.0,145.0,9.29,28.44,0.0,27.38,21.27,8.67,17.01,1.61,2006.0,145.0,21.665999999999993,31.415333333333333,3.702,56.89133333333334,26.24866666666667,16.294666666666668,21.127333333333333,3.3366666666666664,2006.0,5232.81,2450.32,316.99,1568.49,219.85,398.85,2.62
3,161.0,31.46,34.38,23.18,71.02,34.12,25.1,28.82,6.01,2006.0,161.0,6.16,28.48,0.0,36.99,17.49,9.27,14.25,1.24,2006.0,161.0,20.848666666666663,31.586666666666666,3.7500000000000004,48.33466666666667,29.395333333333337,16.901333333333334,23.08733333333333,3.3759999999999994,2006.0,5845.38,2879.37,283.83,1799.98,212.7,367.16,8.17
4,177.0,31.72,37.58,16.12,68.79,37.07,23.18,30.1,5.59,2006.0,177.0,10.55,28.87,0.0,35.2,24.18,11.83,19.63,1.22,2006.0,177.0,21.414666666666665,32.41533333333333,4.607333333333334,50.227333333333334,31.089333333333332,18.03333333333334,24.56933333333333,2.8513333333333333,2006.0,5561.46,2375.62,257.35,1471.87,194.41,327.77,10.82
5,193.0,30.31,37.12,13.64,87.45,37.59,22.55,28.67,3.6,2006.0,193.0,10.62,29.59,0.0,33.93,25.86,15.05,22.61,1.1,2006.0,193.0,23.567333333333337,33.378,3.1393333333333335,59.21666666666667,32.06933333333333,19.783333333333335,25.59133333333334,2.48,2006.0,5487.4,2311.72,240.14,1403.22,180.11,298.27,5.15
6,209.0,28.58,38.48,27.74,68.97,38.59,26.69,31.02,4.78,2006.0,209.0,9.14,31.21,0.0,37.42,27.13,16.42,22.59,1.06,2006.0,209.0,21.797333333333334,34.907333333333334,5.300666666666667,53.06333333333334,33.77466666666667,21.67666666666667,27.520666666666667,3.1086666666666667,2006.0,5571.94,2303.96,260.71,1400.65,194.37,319.54,2.67
7,225.0,26.17,37.08,34.51,74.51,34.89,24.45,29.28,4.27,2006.0,225.0,7.96,29.84,0.0,44.92,27.37,13.88,22.58,1.55,2006.0,225.0,16.719333333333335,34.778,8.887333333333332,61.402,30.442666666666664,19.95466666666666,24.918666666666674,2.6006666666666667,2006.0,5377.84,2179.1,207.2,1387.22,112.48,294.85,15.34
8,241.0,23.18,36.18,32.19,86.22,31.77,22.6,25.33,3.91,2006.0,241.0,4.72,28.87,0.0,57.98,21.9,11.59,16.91,1.22,2006.0,241.0,16.872000000000003,32.49666666666667,4.949333333333334,67.93066666666667,26.73933333333333,16.369333333333334,21.357333333333337,2.272,2006.0,5354.42,1932.33,246.27,1190.51,165.25,267.76,2.57
9,257.0,22.79,33.88,20.8,93.58,28.96,17.82,23.03,6.2,2006.0,257.0,1.73,25.99,0.0,51.71,14.76,2.52,9.2,1.23,2006.0,257.0,14.086666666666668,30.36200000000001,4.466666666666667,65.78733333333334,22.476666666666667,11.777999999999999,17.214,3.4459999999999993,2006.0,5263.75,1994.11,306.43,1333.03,175.07,368.59,5.26
10,273.0,19.84,32.98,2.36,84.28,30.18,19.34,21.54,4.62,2006.0,273.0,6.84,24.52,0.0,42.25,15.82,4.86,10.51,2.27,2006.0,273.0,15.954666666666666,28.222666666666658,0.41733333333333333,64.00066666666666,21.341999999999995,10.219999999999999,15.472666666666663,3.374666666666667,2006.0,3739.74,1193.4,304.04,926.55,146.65,289.2,5.22
11,289.0,15.73,31.1,15.53,91.59,18.15,13.3,15.42,6.72,2006.0,289.0,3.06,19.51,0.0,33.86,5.77,-2.43,1.16,2.32,2006.0,289.0,8.289333333333335,25.995999999999995,3.6353333333333335,66.97666666666667,11.264666666666669,2.9219999999999997,6.836666666666668,3.7739999999999996,2006.0,3902.78,1195.54,419.19,1023.12,309.73,518.43,6.25
12,305.0,13.54,29.23,4.01,93.83,20.94,8.64,13.59,4.99,2006.0,305.0,3.1,17.96,0.0,40.7,4.4,-4.8,-0.1,2.16,2006.0,305.0,9.709333333333332,24.480000000000004,0.5753333333333333,66.248,11.728000000000002,2.968000000000001,6.822,3.7020000000000004,2006.0,3177.85,1058.5,400.86,1040.44,241.28,360.95,21.54
