,DOY,INSgdmax,RADmax,RAINmax,RHmax,TMAXmax,TMINmax,Tmax,WINDmax,YEAR,DOY,INSgdmin,RADmin,RAINmin,RHmin,TMAXmin,TMINmin,Tmin,WINDmin,YEAR,DOY,INSgdmean,RADmean,RAINmean,RHmean,TMAXmean,TMINmean,Tmean,WINDmean,YEAR,NDVI,EVI,RED,NIR,BLUE,MIR,pixrel
0,113.0,28.87,30.13,23.53,95.17,22.09,11.57,16.25,6.73,2006.0,113.0,2.23,22.72,0.0,40.06,12.41,1.15,8.48,1.96,2006.0,113.0,16.694666666666667,26.672000000000004,4.843999999999999,61.47266666666666,17.348666666666663,7.5840000000000005,12.568000000000001,4.183333333333334,2006.0,5350.21,2444.18,558.15,1834.36,287.7,1087.3,0.0
1,129.0,29.16,30.71,9.69,85.98,20.87,14.01,16.02,6.8,2006.0,129.0,6.95,24.05,0.0,51.74,7.8,1.36,5.16,2.14,2006.0,129.0,17.12066666666667,27.351333333333333,2.1286666666666667,72.32866666666668,15.927333333333335,7.832666666666667,11.730666666666668,3.9539999999999997,2006.0,6688.53,3561.81,471.16,2378.03,251.61,818.98,0.68
2,145.0,30.06,33.84,18.36,82.74,29.16,21.22,24.62,5.23,2006.0,145.0,10.69,27.32,0.0,28.49,18.86,7.78,15.6,0.89,2006.0,145.0,22.014666666666667,31.04200000000001,2.04,57.79933333333334,25.063333333333336,15.109333333333334,20.021333333333335,3.280666666666667,2006.0,7962.3,4924.31,340.44,3068.75,186.03,676.52,0.49
3,161.0,30.56,34.24,14.15,71.69,32.98,23.99,28.09,5.4,2006.0,161.0,5.62,28.04,0.0,37.94,18.17,7.87,13.44,1.23,2006.0,161.0,20.59133333333334,31.15999999999999,4.524666666666667,50.077333333333314,27.998666666666672,16.123333333333335,22.02466666666667,3.379333333333333,2006.0,8186.86,5616.63,346.32,3540.85,196.13,701.25,0.0
4,177.0,32.0,36.5,17.78,71.32,34.66,21.96,28.13,4.83,2006.0,177.0,10.37,28.58,0.0,41.17,22.76,11.9,19.76,1.0,2006.0,177.0,22.129999999999995,31.839333333333332,4.030666666666667,51.93666666666666,29.82133333333333,17.264,23.588,2.8393333333333333,2006.0,8390.5,5264.03,272.52,3151.64,155.3,544.5,0.2
5,193.0,30.89,36.65,14.29,90.09,36.29,22.77,28.41,4.01,2006.0,193.0,8.1,28.94,0.0,34.39,24.7,13.48,21.48,1.27,2006.0,193.0,22.343999999999998,33.14533333333334,3.0399999999999996,58.86066666666667,31.34333333333333,18.988,24.900666666666677,2.78,2006.0,8353.6,5163.05,272.64,3087.83,152.91,582.75,0.06
6,209.0,29.12,38.45,25.09,69.96,37.88,26.03,30.59,4.96,2006.0,209.0,5.87,30.78,0.0,41.7,25.2,15.65,21.63,1.09,2006.0,209.0,22.254666666666665,34.58666666666667,5.104,56.544666666666664,32.654666666666664,20.782666666666675,26.467999999999996,3.056,2006.0,8174.48,5159.27,312.82,3156.53,176.67,657.64,0.2
7,225.0,27.14,35.93,35.6,77.62,31.84,23.94,27.87,4.78,2006.0,225.0,6.23,30.38,0.0,48.7,23.12,13.52,21.0,1.28,2006.0,225.0,17.144,33.882666666666665,7.781999999999999,64.718,28.47733333333333,18.613333333333333,23.36,2.634666666666667,2006.0,8078.52,4950.65,321.73,3034.16,176.64,657.19,0.05
8,241.0,22.28,35.68,30.49,82.1,29.85,21.21,23.77,3.47,2006.0,241.0,6.01,28.55,0.0,52.66,22.36,10.99,16.43,1.04,2006.0,241.0,16.75466666666667,32.308,5.141333333333333,65.638,26.639333333333333,15.789333333333333,21.098666666666666,2.1646666666666667,2006.0,7471.63,3902.95,349.01,2408.78,179.65,629.37,0.0
9,257.0,22.43,33.59,33.26,96.72,28.28,16.22,21.45,6.15,2006.0,257.0,2.63,24.44,0.0,55.45,12.53,1.92,7.54,1.47,2006.0,257.0,13.209333333333337,29.831999999999994,6.1819999999999995,71.84066666666668,20.496000000000002,10.345333333333333,15.517333333333333,3.5653333333333332,2006.0,6599.46,3334.15,452.55,2222.56,230.81,697.04,0.0
10,273.0,19.12,30.82,0.77,94.16,28.41,17.52,20.01,4.31,2006.0,273.0,7.63,23.36,0.0,44.27,14.54,4.61,10.1,2.14,2006.0,273.0,14.843333333333335,27.640666666666664,0.09466666666666666,69.59733333333334,19.552666666666664,9.053333333333333,14.087333333333332,3.28,2006.0,5373.02,2171.13,490.89,1628.37,200.8,742.15,0.0
11,289.0,14.8,30.64,12.88,95.4,16.64,12.03,14.32,7.56,2006.0,289.0,3.2,19.58,0.0,37.08,4.23,-2.01,0.96,2.08,2006.0,289.0,7.6466666666666665,26.272,3.2246666666666663,65.28933333333333,9.951999999999998,2.698000000000001,6.000666666666666,3.9386666666666668,2006.0,5079.67,2066.62,506.44,1557.62,259.12,880.11,0.74
12,305.0,12.92,28.58,4.59,89.61,20.72,8.81,13.35,5.17,2006.0,305.0,3.13,18.25,0.0,39.89,3.24,-3.88,-0.46,2.5,2006.0,305.0,9.710666666666667,23.734666666666666,0.6353333333333333,64.82266666666666,10.701333333333332,2.3653333333333335,6.040666666666666,3.7933333333333343,2006.0,4676.08,1661.85,509.61,1313.1,329.2,652.38,1.49
