,DOY,INSgdmax,RADmax,RAINmax,RHmax,TMAXmax,TMINmax,Tmax,WINDmax,YEAR,DOY,INSgdmin,RADmin,RAINmin,RHmin,TMAXmin,TMINmin,Tmin,WINDmin,YEAR,DOY,INSgdmean,RADmean,RAINmean,RHmean,TMAXmean,TMINmean,Tmean,WINDmean,YEAR,NDVI,EVI,RED,NIR,BLUE,MIR,pixrel
0,113.0,28.6036,31.512,18.810000000000002,95.4816,22.6144,13.347199999999999,16.8036,5.597199999999999,2006.0,113.0,2.1688,24.127200000000002,0.0,38.5216,12.5928,1.3384,7.975999999999999,1.8744,2006.0,113.0,15.319493333333334,27.300639999999998,4.5444,64.80389333333333,17.826186666666672,8.08072,13.001653333333334,3.948053333333333,2006.0,5065.22,3278.66,933.72,2877.38,487.67,2003.7,0.01
1,129.0,27.2828,32.345600000000005,12.910800000000002,79.45599999999999,22.7488,14.327200000000001,17.582,7.840800000000001,2006.0,129.0,9.7088,23.7192,0.0,47.9936,11.060400000000001,2.592,9.154,1.4736,2006.0,129.0,17.768213333333335,27.793039999999998,1.3974133333333334,63.550106666666665,17.898826666666665,9.082666666666668,13.390853333333332,4.37824,2006.0,6602.2,4200.36,594.45,2978.63,317.58,1323.5,0.0
2,145.0,29.7716,33.72279999999999,16.3116,84.1756,30.502399999999998,21.154,24.443600000000004,6.0448,2006.0,145.0,11.6264,28.9728,0.0,30.778400000000005,21.6628,12.3208,18.0712,1.662,2006.0,145.0,21.048186666666666,31.48250666666667,3.4331733333333334,57.59376,26.37349333333333,16.601973333333333,21.243786666666665,3.7858133333333335,2006.0,6695.47,4769.9,691.44,3533.84,371.48,1554.62,0.1
3,161.0,30.842,34.75000000000001,11.9404,69.67880000000001,34.0232,24.181200000000004,28.560399999999998,6.5788,2006.0,161.0,8.9924,28.940000000000005,0.0,38.034,18.5308,9.994,15.232000000000003,1.0979999999999999,2006.0,161.0,21.880986666666665,31.918106666666667,3.2648,48.994640000000004,29.577146666666668,17.91704,23.665786666666662,3.757786666666667,2006.0,7259.3,5164.86,574.1,3618.1,311.81,1143.31,0.08
4,177.0,31.9336,37.985600000000005,17.090400000000002,68.7972,36.9432,24.682000000000002,30.1968,5.4764,2006.0,177.0,10.246400000000001,28.3664,0.0,36.9612,23.7016,13.290799999999999,19.9624,1.1052,2006.0,177.0,22.433013333333328,32.40613333333334,3.476000000000001,48.80752,31.153493333333337,18.435946666666666,24.69533333333333,2.9842666666666675,2006.0,7443.67,5560.62,564.25,3898.59,307.67,1245.44,0.91
5,193.0,30.360000000000003,36.297200000000004,13.960799999999999,84.6368,37.41,22.9312,29.695999999999998,4.1196,2006.0,193.0,4.932,28.8848,0.0,34.9048,26.200400000000002,14.6448,22.114,1.1576,2006.0,193.0,23.599493333333335,33.470906666666664,2.3491733333333333,56.55314666666668,31.937253333333334,19.664106666666665,25.58050666666667,2.7406933333333336,2006.0,7450.49,4910.8,467.19,3248.08,255.19,949.32,0.01
6,209.0,29.0616,38.6456,20.6556,69.20079999999999,38.3712,27.055200000000003,31.9048,6.072,2006.0,209.0,11.020800000000001,31.0856,0.0,36.477599999999995,25.9452,16.686,23.2048,1.2,2006.0,209.0,23.233866666666664,34.784186666666656,4.174106666666667,51.83914666666667,33.37256,21.57138666666667,27.391199999999998,3.480053333333334,2006.0,7385.14,5053.26,499.99,3409.87,271.96,1073.39,0.0
7,225.0,26.700000000000003,37.373599999999996,24.9816,80.56960000000001,34.14,23.859199999999998,28.4056,4.0676000000000005,2006.0,225.0,4.8056,29.867199999999997,0.0,48.882400000000004,26.7748,12.7284,21.528399999999998,1.5215999999999998,2006.0,225.0,15.827146666666666,34.74053333333333,8.273599999999998,66.00517333333333,29.824000000000005,19.32936,24.332933333333337,2.7628266666666668,2006.0,7727.48,5664.56,484.47,3834.89,264.55,1012.28,0.23
8,241.0,23.980800000000002,35.394400000000005,20.4908,84.0108,30.846400000000003,20.8292,24.586,4.6495999999999995,2006.0,241.0,5.335600000000001,29.372799999999998,0.0,54.650800000000004,21.187199999999997,12.754000000000001,17.685200000000002,0.9144000000000001,2006.0,241.0,17.188293333333334,32.166693333333335,3.3635199999999994,68.07944,26.19282666666667,16.186826666666665,20.98941333333333,2.574266666666667,2006.0,7842.64,5162.52,391.46,3298.21,213.96,821.74,0.02
9,257.0,23.0192,34.6344,33.2664,94.2828,28.9888,19.5184,23.450400000000002,7.2408,2006.0,257.0,1.86,25.814799999999998,0.0,49.968,14.5516,1.9243999999999999,9.1948,1.4804,2006.0,257.0,14.998746666666666,30.055253333333333,5.156106666666666,67.77346666666665,21.951226666666663,11.701439999999998,16.681760000000004,3.8736533333333334,2006.0,7536.11,4922.07,440.15,3218.1,238.8,937.23,0.0
10,273.0,20.192,32.0156,10.076,86.8424,30.7016,18.8692,20.9936,4.9328,2006.0,273.0,6.639200000000001,25.4092,0.0,43.836800000000004,15.6004,5.5184,11.182000000000002,2.1651999999999996,2006.0,273.0,15.346320000000002,28.453226666666666,1.6123733333333332,67.95234666666667,21.085680000000004,10.243493333333333,15.224400000000003,3.705306666666666,2006.0,6221.23,3806.8,628.6,2772.92,332.28,1234.22,0.0
11,289.0,15.962800000000001,30.660000000000004,15.840399999999999,95.66919999999999,17.602400000000003,12.2372,14.66,6.7696,2006.0,289.0,3.2384000000000004,19.4192,0.0,32.336,6.292800000000001,-2.9752,1.4216,2.4984,2006.0,289.0,8.758453333333334,25.9328,3.994053333333333,63.40461333333334,11.272693333333333,3.0357866666666666,6.826453333333333,4.079253333333334,2006.0,5541.71,3130.41,675.88,2412.44,353.29,1254.13,0.01
12,305.0,13.64,29.2292,11.5348,94.6532,23.4024,9.0964,14.8264,5.4536,2006.0,305.0,3.2792,18.208,0.0,41.3148,4.685600000000001,-6.001199999999999,-0.0372,2.4712,2006.0,305.0,10.355866666666667,24.07570666666666,1.4471733333333332,64.81464,12.277013333333336,2.6135466666666667,6.849786666666667,3.898133333333334,2006.0,4911.76,2821.2,814.33,2417.77,417.77,1532.55,0.0
