,DOY,INSgdmax,RADmax,RAINmax,RHmax,TMAXmax,TMINmax,Tmax,WINDmax,YEAR,DOY,INSgdmin,RADmin,RAINmin,RHmin,TMAXmin,TMINmin,Tmin,WINDmin,YEAR,DOY,INSgdmean,RADmean,RAINmean,RHmean,TMAXmean,TMINmean,Tmean,WINDmean,YEAR,NDVI,EVI,RED,NIR,BLUE,MIR,pixrel
0,113.0,28.722700000000003,30.2803,21.455600000000004,97.2774,21.019299999999998,11.2063,13.955,6.005999999999999,2006.0,113.0,3.9253000000000005,23.3775,0.0,45.1803,9.004399999999999,0.1993,5.4238,2.0313,2006.0,113.0,14.5783,26.841620000000002,4.207793333333333,72.21354,14.98942,6.077846666666667,10.698033333333333,4.193626666666667,2006.0,3284.26,1480.35,744.01,1528.82,399.57,1649.56,0.49
1,129.0,27.2013,31.827600000000004,8.8798,82.47300000000001,22.687800000000003,13.662700000000001,16.9264,8.3623,2006.0,129.0,9.0642,23.160800000000002,0.0,42.781000000000006,10.9239,2.8541999999999996,7.291100000000001,3.0907999999999998,2006.0,129.0,18.08175333333333,27.526793333333337,1.8429999999999997,65.35957333333333,17.20588,8.14724,12.55442,5.1026,2006.0,4873.04,2342.75,578.69,1826.45,309.2,1288.36,0.51
2,145.0,30.182199999999995,33.2984,7.3868,86.1507,28.874100000000002,20.8252,23.380799999999997,7.0068,2006.0,145.0,12.2081,29.2028,0.0,32.9074,17.9049,10.8307,14.859200000000001,1.3203999999999998,2006.0,145.0,23.22822,31.13726666666666,1.6277066666666666,57.83334,24.95022,14.734526666666666,19.743506666666665,4.167666666666667,2006.0,6102.71,3393.72,509.86,2374.21,272.86,1183.06,0.2
3,161.0,31.127000000000002,34.707,13.0489,77.09190000000001,33.0376,22.7685,27.147199999999998,7.8498,2006.0,161.0,6.3748,28.566000000000003,0.0,39.4452,16.6596,7.0981000000000005,12.441,0.8105,2006.0,161.0,19.550433333333338,31.787779999999998,5.001779999999999,54.16610666666667,27.825186666666667,16.842946666666663,22.009993333333334,4.288313333333334,2006.0,7531.79,5009.68,444.76,3313.8,233.43,920.72,0.31
4,177.0,31.774299999999997,35.7628,10.5383,66.9502,34.95589999999999,22.031,27.276600000000002,4.717899999999999,2006.0,177.0,18.396700000000003,27.773,0.0,41.5564,24.268900000000002,12.717999999999998,19.4722,0.8498,2006.0,177.0,25.792646666666666,31.130613333333333,2.8399733333333335,50.92685333333334,29.284686666666666,16.960166666666666,22.94339333333333,3.003319999999999,2006.0,7141.84,4757.63,538.61,3282.18,284.66,862.52,0.23
5,193.0,30.9339,37.0977,7.173799999999999,82.24849999999999,38.0666,24.1023,30.043799999999997,5.8138,2006.0,193.0,16.143900000000002,28.5975,0.0,33.7814,27.0598,12.9061,20.6289,1.7918000000000003,2006.0,193.0,25.136833333333335,33.15547333333333,1.5813333333333333,51.40338666666667,32.19492,18.923119999999997,25.205653333333334,3.524986666666667,2006.0,6648.55,4178.93,589.44,2957.49,311.88,903.46,0.0
6,209.0,29.012400000000003,38.1252,21.5041,74.21419999999999,38.4576,24.232999999999997,30.721,6.9334,2006.0,209.0,9.718699999999998,30.0558,0.0,41.1373,25.240000000000002,13.895199999999999,21.6972,1.1759000000000002,2006.0,209.0,23.004733333333334,34.387573333333336,3.3927266666666664,56.63385999999999,32.215446666666665,19.739253333333334,25.58223333333333,3.399573333333333,2006.0,4897.53,3137.4,999.73,2839.75,520.87,1343.98,0.02
7,225.0,27.3259,37.0756,24.380499999999998,95.3279,31.0125,20.831500000000002,25.1298,4.9243,2006.0,225.0,6.506900000000001,28.3025,0.0,47.7143,20.4287,11.335999999999999,18.3725,1.5012999999999999,2006.0,225.0,17.390493333333335,33.263733333333334,5.957026666666668,74.61543333333334,26.546013333333335,16.876166666666666,21.450286666666667,3.14622,2006.0,4774.9,2955.92,926.41,2647.46,463.22,1481.76,0.0
8,241.0,23.7861,33.9755,20.0777,86.70800000000001,28.682699999999997,18.1378,22.631600000000002,4.6315,2006.0,241.0,4.940600000000001,28.012000000000004,0.0,57.4127,18.247500000000002,9.250900000000001,14.658999999999999,1.1141,2006.0,241.0,16.87788666666667,31.000040000000006,3.67896,74.04759333333334,24.16359333333333,13.920220000000004,18.747660000000003,2.702793333333333,2006.0,4013.79,2315.78,995.26,2339.52,498.7,1556.71,0.0
9,257.0,22.4597,34.0046,35.6057,98.114,27.236700000000003,17.7226,21.728800000000003,7.6202000000000005,2006.0,257.0,2.2291,25.296599999999998,0.0,53.7726,12.588999999999999,0.6061,7.2361,1.4388,2006.0,257.0,13.409506666666669,29.46498,6.014626666666667,75.19050666666666,19.53432,10.19373333333333,14.449839999999998,4.460853333333333,2006.0,3966.66,2089.06,815.71,1971.19,427.39,1321.37,0.02
10,273.0,18.4814,30.6994,11.1598,94.04549999999999,28.2215,13.587400000000002,19.3166,7.0035,2006.0,273.0,3.8278,24.4087,0.0,52.0935,12.4738,4.0894,9.2293,1.5100000000000002,2006.0,273.0,14.536333333333335,27.727846666666665,1.20356,73.55698,19.51186666666667,8.752440000000002,13.689153333333334,3.9249733333333334,2006.0,3753.11,1863.6,802.19,1821.17,416.18,1479.95,0.0
11,289.0,15.372500000000002,29.8096,6.640000000000001,94.83169999999998,14.6616,8.4772,10.939300000000001,8.1698,2006.0,289.0,4.264900000000001,19.1568,0.0,36.1791,4.697700000000001,-2.7048,0.6169,2.3364000000000003,2006.0,289.0,10.01974,25.086673333333334,1.5238866666666668,60.93518666666666,9.641426666666666,1.8733333333333335,5.410766666666667,4.694386666666667,2006.0,3402.83,1495.12,712.92,1499.48,378.4,1322.41,0.13
12,305.0,13.2516,28.230500000000003,3.9023,87.8997,24.4167,9.068999999999999,14.9714,6.1307,2006.0,305.0,4.5323,17.697699999999998,0.0,36.817,2.667,-4.2073,-0.7483000000000001,2.1271999999999998,2006.0,305.0,10.594313333333332,23.20774666666667,0.6060133333333333,60.341726666666666,11.553126666666667,1.0831866666666665,5.636546666666667,3.9731066666666663,2006.0,2548.05,1242.61,1658.55,2340.32,1258.97,1472.55,1.13
