,DOY,INSgdmax,RADmax,RAINmax,RHmax,TMAXmax,TMINmax,Tmax,WINDmax,YEAR,DOY,INSgdmin,RADmin,RAINmin,RHmin,TMAXmin,TMINmin,Tmin,WINDmin,YEAR,DOY,INSgdmean,RADmean,RAINmean,RHmean,TMAXmean,TMINmean,Tmean,WINDmean,YEAR,NDVI,EVI,RED,NIR,BLUE,MIR,pixrel
0,113.0,28.453799999999998,29.7694,27.470399999999998,91.6232,21.762,11.378,15.485,6.9885,2006.0,113.0,3.3526,22.6095,0.0,35.47130000000001,12.9604,1.076,8.474499999999999,1.9280999999999997,2006.0,113.0,17.3268,26.280266666666666,4.182566666666666,60.106193333333344,17.160286666666668,7.016406666666667,12.173446666666667,3.9558666666666666,2006.0,4804.18,2211.03,641.84,1812.41,322.93,1180.68,0.0
1,129.0,28.780700000000003,30.9319,10.058899999999998,89.56760000000001,20.7159,13.418800000000001,15.4536,6.0629,2006.0,129.0,6.377800000000001,24.2638,0.0,52.9133,6.535900000000001,1.2324,4.2961,2.2682,2006.0,129.0,15.578653333333333,27.524593333333335,2.42412,74.77813333333334,15.475793333333332,7.5467733333333324,11.416873333333333,3.6652266666666664,2006.0,5731.84,3082.84,628.19,2308.01,329.65,1061.63,0.1
2,145.0,30.466099999999997,33.9324,15.325700000000001,84.89309999999999,28.2998,21.1873,24.628,4.925,2006.0,145.0,9.885100000000001,26.7708,0.0,29.866999999999997,18.790200000000002,6.1256,13.6828,0.9508,2006.0,145.0,23.10631333333333,30.72923333333333,2.50202,58.84291333333333,24.572133333333337,14.371913333333332,19.439746666666668,2.9891,2006.0,7621.63,4617.73,378.85,2900.49,211.68,736.56,0.01
3,161.0,30.987800000000004,34.903600000000004,19.5531,68.7706,33.0711,23.8877,27.881999999999998,5.120299999999999,2006.0,161.0,4.4239,27.6444,0.0,38.4063,17.8894,8.072,14.231599999999998,1.5482,2006.0,161.0,20.392366666666668,30.70668,4.747113333333333,51.33765333333333,27.178446666666666,15.444753333333333,21.35008,3.1358200000000007,2006.0,7542.1,5060.25,444.33,3322.26,244.38,848.83,0.0
4,177.0,31.364,35.9146,13.2996,69.1845,34.17790000000001,21.169000000000004,27.493,4.718,2006.0,177.0,9.6305,28.677400000000002,0.0,41.864900000000006,23.2219,11.8471,19.6553,1.0552000000000001,2006.0,177.0,21.718753333333336,31.70598,3.208253333333334,53.896300000000004,29.2218,16.876393333333333,23.159879999999998,2.7309733333333335,2006.0,7856.82,5209.69,385.7,3323.37,217.21,729.59,0.41
5,193.0,30.8121,36.4114,14.43,90.7622,35.930499999999995,22.914,28.022399999999998,3.8093999999999997,2006.0,193.0,6.4849000000000006,29.176699999999997,0.0,34.347899999999996,24.2973,13.041300000000001,21.0667,1.3628,2006.0,193.0,22.3601,33.06766666666667,3.1369733333333336,59.27038,30.973639999999996,18.928299999999993,24.71968,2.6993733333333334,2006.0,7906.0,4980.85,353.75,3112.35,197.53,706.3,0.13
6,209.0,29.2225,37.8197,26.265,73.3908,36.4369,25.6877,30.163500000000003,4.6637,2006.0,209.0,7.933800000000001,31.037500000000005,0.0,41.0137,25.076,16.0963,21.5849,1.0035,2006.0,209.0,22.213266666666666,34.48802666666667,5.240313333333334,58.005100000000006,32.231986666666664,20.93965333333333,26.297346666666662,2.9187666666666665,2006.0,7831.27,4809.55,341.68,2966.82,192.9,662.53,0.0
7,225.0,27.0774,36.587399999999995,20.946300000000004,75.2453,32.227,23.7809,27.4201,4.689900000000001,2006.0,225.0,5.070600000000001,29.908299999999997,0.0,45.2468,24.4187,14.6403,20.9475,1.4025,2006.0,225.0,17.54984,33.7258,4.235366666666667,59.767966666666666,28.912940000000006,18.63016,23.611606666666667,2.5545733333333334,2006.0,7750.29,4495.69,336.45,2754.51,183.7,699.64,0.0
8,241.0,22.9502,35.9114,29.1987,82.3252,30.332800000000002,21.7,23.92,2.9720000000000004,2006.0,241.0,4.9333,27.9404,0.0,50.5979,21.7656,12.126100000000001,17.0687,0.8202999999999999,2006.0,241.0,16.075113333333334,32.13226,5.179886666666667,65.16885333333332,26.47799333333333,15.978213333333333,21.004626666666663,2.091586666666667,2006.0,7262.29,3970.39,385.28,2490.95,211.91,703.33,0.0
9,257.0,22.2132,33.307700000000004,26.0798,94.6978,27.469399999999997,16.491799999999998,21.476,5.603300000000001,2006.0,257.0,2.9749000000000003,23.164699999999996,0.0,55.9414,12.305399999999999,2.6466000000000003,8.026,1.4777,2006.0,257.0,12.764726666666666,29.643500000000003,5.555793333333334,71.25716,20.08302,10.42952,15.463080000000001,3.32416,2006.0,6493.53,3319.86,462.1,2215.67,244.61,730.73,0.18
10,273.0,19.362,30.977000000000004,4.8725000000000005,92.1336,27.490000000000002,17.8797,20.345,4.0377,2006.0,273.0,9.327399999999999,22.871299999999998,0.0,45.42679999999999,14.0805,4.0235,9.649,2.2906,2006.0,273.0,15.198826666666665,27.503273333333333,0.67308,67.72666,19.463006666666665,9.08282,14.057646666666665,3.173,2006.0,5080.97,2140.81,544.0,1666.59,246.44,772.95,0.0
11,289.0,14.524000000000001,30.731400000000004,9.5339,93.2513,16.7956,12.231799999999998,14.486799999999999,7.2535,2006.0,289.0,3.0336,20.1546,0.0,38.476400000000005,4.1958,-1.9377999999999997,1.2897,2.1066,2006.0,289.0,7.317166666666666,26.22228,2.6770933333333327,65.97264666666668,9.901520000000001,2.7380400000000007,6.043753333333333,3.6974333333333327,2006.0,4223.98,1689.08,739.54,1589.39,502.13,979.51,1.29
12,305.0,12.988,29.1171,6.481199999999999,89.85379999999999,19.4512,8.4423,12.7377,5.3097,2006.0,305.0,3.04,18.157600000000002,0.0,39.746700000000004,2.9607000000000006,-4.0016,-0.6436999999999999,2.4647,2006.0,305.0,9.505826666666668,23.81014666666666,0.8474133333333334,63.395439999999994,10.487573333333334,2.1762533333333334,5.870126666666667,3.611413333333334,2006.0,4344.3,1666.6,589.68,1423.35,351.4,946.03,1.02
