,DOY,INSgdmax,RADmax,RAINmax,RHmax,TMAXmax,TMINmax,Tmax,WINDmax,YEAR,DOY,INSgdmin,RADmin,RAINmin,RHmin,TMAXmin,TMINmin,Tmin,WINDmin,YEAR,DOY,INSgdmean,RADmean,RAINmean,RHmean,TMAXmean,TMINmean,Tmean,WINDmean,YEAR,NDVI,EVI,RED,NIR,BLUE,MIR,pixrel
0,113.0,28.69,29.84,19.76,91.18,21.93,12.45,15.08,7.53,2006.0,113.0,3.1,22.72,0.0,33.2,13.51,1.0,8.7,1.88,2006.0,113.0,18.141333333333332,26.11799999999999,3.7960000000000003,59.94799999999999,17.276,6.946666666666667,12.184000000000001,3.8666666666666676,2006.0,1461.13,-75.71,-46.51,564.28,-195.91,293.88,107.14
1,129.0,28.91,30.17,19.1,91.38,22.04,13.85,16.6,6.02,2006.0,129.0,5.47,24.88,0.0,52.1,5.77,1.58,4.06,2.3,2006.0,129.0,15.121333333333332,27.516666666666666,4.542666666666666,74.46933333333332,15.856,7.6453333333333315,11.769333333333334,3.5586666666666673,2006.0,2120.14,451.76,-150.38,770.87,-275.92,107.71,109.66
2,145.0,31.39,34.27,12.48,85.22,28.43,21.19,24.83,4.85,2006.0,145.0,8.14,24.98,0.0,31.7,18.77,5.22,12.63,1.12,2006.0,145.0,22.360666666666667,30.556666666666665,2.6786666666666665,60.041333333333334,24.57266666666667,14.064,19.279999999999998,2.8586666666666662,2006.0,3355.94,1892.78,-181.66,1476.13,-234.84,16.56,94.37
3,161.0,31.72,34.56,17.61,67.02,34.03,24.21,28.37,5.51,2006.0,161.0,6.12,26.64,0.0,42.94,17.4,8.34,14.61,1.72,2006.0,161.0,20.636,30.518666666666658,4.282,53.346000000000004,26.82466666666666,15.038,20.99,3.0266666666666664,2006.0,3494.52,2116.09,-223.42,1640.93,-277.6,-43.5,99.48
4,177.0,31.46,35.75,11.12,69.92,35.02,20.93,27.58,5.08,2006.0,177.0,8.14,28.76,0.0,45.9,24.08,12.27,19.73,1.14,2006.0,177.0,20.314,31.697999999999997,3.068,56.49,29.116,16.661333333333335,23.052666666666664,2.6460000000000004,2006.0,3607.99,1981.17,-269.81,1514.62,-314.91,-112.72,104.61
5,193.0,30.02,36.5,15.38,90.51,35.45,22.81,27.62,3.59,2006.0,193.0,8.42,29.38,0.0,35.85,24.42,12.93,20.88,1.42,2006.0,193.0,22.180000000000003,33.13733333333332,2.552,60.393333333333324,30.875333333333337,19.10333333333333,24.807333333333336,2.588666666666667,2006.0,3535.41,1964.61,-268.8,1470.63,-305.8,-112.89,102.04
6,209.0,29.12,37.55,20.74,75.24,35.6,25.53,29.89,4.65,2006.0,209.0,7.38,31.21,0.0,43.62,26.14,15.98,22.01,0.85,2006.0,209.0,23.179333333333332,34.412666666666674,4.375333333333333,58.78666666666666,32.42733333333334,21.07933333333333,26.398000000000003,2.8680000000000003,2006.0,3790.68,2009.74,-233.46,1516.47,-286.77,-39.42,96.95
7,225.0,27.22,37.22,10.04,71.43,33.37,23.74,27.46,4.55,2006.0,225.0,3.53,28.73,0.0,42.75,26.15,15.49,21.1,1.24,2006.0,225.0,17.209333333333333,33.646,2.1933333333333334,54.941333333333326,29.756000000000004,18.672000000000004,24.080666666666662,2.456,2006.0,3446.81,1519.66,-305.74,1187.92,-349.45,-148.87,109.65
8,241.0,24.23,35.64,24.39,86.6,31.72,22.02,24.77,3.09,2006.0,241.0,2.84,28.87,0.0,52.58,21.81,13.12,17.73,0.6,2006.0,241.0,15.205333333333334,32.001999999999995,4.661333333333333,65.98066666666666,26.576,16.07733333333333,20.997333333333337,2.1273333333333335,2006.0,3214.66,1185.26,-289.39,1012.36,-340.24,-159.25,112.21
9,257.0,21.85,33.62,34.48,92.08,27.92,17.19,22.27,5.2,2006.0,257.0,0.68,22.93,0.0,52.95,12.99,3.16,8.82,0.98,2006.0,257.0,12.790666666666663,29.86466666666666,5.0139999999999985,68.61866666666667,20.871333333333332,11.063333333333338,16.216,3.169333333333333,2006.0,3435.03,1447.74,321.84,1458.64,269.43,305.31,64.24
10,273.0,19.26,31.32,5.88,88.74,26.41,18.48,21.09,4.29,2006.0,273.0,6.77,22.82,0.0,48.48,14.78,3.47,9.28,1.81,2006.0,273.0,14.642666666666667,27.57266666666667,0.8933333333333333,66.34733333333334,19.886,8.961333333333334,14.288000000000002,3.1040000000000005,2006.0,2022.74,250.93,-74.0,679.74,-221.71,-12.59,99.5
11,289.0,14.54,31.36,16.08,86.97,17.48,12.67,14.82,7.05,2006.0,289.0,2.92,20.3,0.0,40.84,4.96,-2.02,1.46,1.37,2006.0,289.0,7.672666666666668,26.33666666666667,3.903999999999999,67.29599999999999,10.520666666666665,2.968666666666666,6.53,3.5780000000000003,2006.0,1835.9,157.78,2.67,547.08,-79.13,241.28,82.18
12,305.0,13.5,29.45,6.48,88.01,17.9,8.38,11.92,5.46,2006.0,305.0,3.17,18.14,0.0,40.44,3.3,-4.09,-0.77,1.98,2006.0,305.0,9.312666666666667,24.136,1.248,63.32333333333333,10.798,2.051333333333333,5.894,3.5086666666666675,2006.0,2095.88,356.68,415.85,941.67,330.99,445.54,61.9
