,DOY,INSgdmax,RADmax,RAINmax,RHmax,TMAXmax,TMINmax,Tmax,WINDmax,YEAR,DOY,INSgdmin,RADmin,RAINmin,RHmin,TMAXmin,TMINmin,Tmin,WINDmin,YEAR,DOY,INSgdmean,RADmean,RAINmean,RHmean,TMAXmean,TMINmean,Tmean,WINDmean,YEAR,NDVI,EVI,RED,NIR,BLUE,MIR,pixrel
0,113.0,28.3724,29.724200000000003,27.682199999999998,90.9584,21.744,11.405000000000001,15.3778,7.051799999999999,2006.0,113.0,3.5501999999999994,22.616,0.0,34.677800000000005,13.1508,1.03,8.519,1.9208,2006.0,113.0,17.46313333333333,26.224546666666658,4.04204,59.92664,17.17244,6.934386666666668,12.138213333333331,3.915813333333333,2006.0,2863.49,1017.76,376.08,1174.83,167.06,766.3,43.58
1,129.0,28.7374,30.955400000000004,10.161,90.2904,20.737,13.3462,15.375399999999999,5.948599999999999,2006.0,129.0,6.272,24.3076,0.0,53.328799999999994,6.363200000000001,1.2462,4.2017999999999995,2.2828,2006.0,129.0,15.28590666666667,27.55470666666667,2.43368,75.23512000000001,15.421879999999998,7.518173333333333,11.386226666666667,3.6120533333333324,2006.0,4148.52,2124.06,738.13,1918.41,588.06,887.75,8.56
2,145.0,30.537000000000003,33.9564,14.7388,85.18540000000002,28.1426,21.196200000000005,24.6412,4.8842,2006.0,145.0,9.671200000000002,26.661600000000004,0.0,30.075599999999998,18.858800000000002,5.887600000000001,13.374399999999998,0.9594,2006.0,145.0,23.340586666666663,30.67289333333333,2.5914133333333336,59.07310666666666,24.516333333333336,14.266973333333333,19.36392,2.9369466666666666,2006.0,5256.74,3023.35,84.42,1981.15,0.2,279.77,40.99
3,161.0,31.061600000000002,35.020599999999995,20.905,68.18220000000001,33.1644,23.903799999999997,27.878999999999998,5.0916,2006.0,161.0,4.0402000000000005,27.5658,0.0,38.598200000000006,17.828,8.1074,14.3808,1.5979999999999999,2006.0,161.0,20.33324,30.627959999999995,4.813399999999999,51.63056000000001,27.06418666666666,15.318000000000001,21.240773333333333,3.0886666666666667,2006.0,5882.95,3875.9,362.08,2554.25,283.62,549.48,3.08
4,176.99999999999997,31.33,35.881,12.2234,68.676,34.2002,21.043400000000005,27.4456,4.7258,2006.0,176.99999999999997,9.532800000000002,28.7302,0.0,42.0872,23.391600000000004,11.8614,19.6476,1.0718,2006.0,176.99999999999997,21.58350666666667,31.705946666666662,3.086226666666667,54.284506666666665,29.163533333333334,16.829306666666668,23.11753333333333,2.7079733333333333,2006.0,5479.87,3257.84,110.43,2147.08,51.74,235.77,41.13
5,193.0,30.8258,36.4016,14.6898,90.8788,35.8534,22.915799999999997,27.932799999999993,3.7484,2006.0,193.0,6.1696,29.260599999999997,0.0,34.372,24.3116,12.993599999999999,21.018400000000003,1.3736,2006.0,193.0,22.31496,33.07056000000001,3.21672,59.48061333333334,30.921626666666665,18.94434666666666,24.704720000000002,2.6732666666666667,2006.0,5475.25,3219.99,25.87,2112.14,-54.26,246.01,48.53
6,209.0,29.2714,37.7024,26.5218,73.8704,36.2148,25.6448,30.1064,4.62,2006.0,209.0,8.325599999999998,31.1124,0.0,40.9542,25.067999999999998,16.188399999999998,21.580000000000005,0.9678,2006.0,209.0,22.230533333333334,34.48252000000001,5.254720000000001,58.165440000000004,32.212653333333336,20.993933333333327,26.30548,2.89492,2006.0,5630.58,3253.22,215.01,2198.88,153.72,402.37,33.51
7,225.0,27.076999999999998,36.745,17.8782,74.8388,32.375,23.773000000000003,27.394799999999996,4.6584,2006.0,225.0,4.8594,29.8216,0.0,44.599799999999995,24.759,14.8714,20.948800000000002,1.4248,2006.0,225.0,17.654053333333334,33.71766666666667,3.5311333333333335,58.75113333333333,29.05545333333334,18.67012,23.70769333333333,2.533613333333333,2006.0,5324.61,2746.98,30.08,1792.61,-38.04,208.94,48.62
8,241.0,23.038800000000002,35.9576,29.2038,82.4834,30.5028,21.8408,24.0202,2.8952,2006.0,241.0,4.6548,27.8728,0.0,50.5566,21.617199999999997,12.382200000000001,17.1632,0.7676000000000001,2006.0,241.0,15.95328,32.11210666666667,5.1719333333333335,65.18511999999998,26.46601333333333,16.02956,20.996893333333333,2.0840266666666674,2006.0,4892.65,2376.47,-20.24,1609.14,-103.28,157.0,61.25
9,257.0,22.167,33.26239999999999,25.1306,94.1936,27.407599999999995,16.563399999999998,21.5458,5.506600000000001,2006.0,257.0,2.9838,22.9576,0.0,55.763999999999996,12.331600000000002,2.7764,8.155600000000002,1.4504000000000001,2006.0,257.0,12.703080000000002,29.627840000000003,5.507773333333333,70.92348,20.10396,10.480093333333333,15.524693333333339,3.278906666666667,2006.0,4905.2,2452.27,290.84,1755.95,193.58,425.64,28.5
10,273.0,19.403599999999997,31.030800000000003,5.659600000000001,91.597,27.381000000000004,18.0198,20.4738,3.9945999999999997,2006.0,273.0,9.613800000000001,22.807799999999997,0.0,45.717600000000004,14.025200000000002,3.9063999999999997,9.572,2.3205999999999998,2006.0,273.0,15.266839999999998,27.49130666666667,0.7609733333333333,67.28642666666667,19.505253333333332,9.111066666666666,14.093333333333334,3.152413333333334,2006.0,3150.85,822.5,74.76,900.37,-102.49,256.76,66.31
11,289.0,14.5142,30.7802,9.063600000000001,92.65979999999999,16.8828,12.370999999999999,14.579800000000002,7.174199999999999,2006.0,289.0,2.9696,20.231799999999996,0.0,38.6494,4.2162,-1.9252,1.3788,2.1022000000000003,2006.0,289.0,7.266986666666666,26.21513333333333,2.6038133333333326,66.20392,9.938213333333334,2.7705200000000003,6.0922133333333335,3.649733333333333,2006.0,3487.46,1364.57,1399.88,2082.5,1270.21,1412.64,1.41
12,305.0,12.9956,29.2336,6.618,89.8586,19.191000000000003,8.4004,12.621999999999998,5.3338,2006.0,305.0,3.012,18.14,0.0,39.7434,2.9556,-4.0138,-0.6694,2.4488,2006.0,305.0,9.467866666666668,23.84378666666666,0.8787600000000001,63.24155999999999,10.483013333333332,2.1646799999999997,5.868133333333333,3.5781600000000005,2006.0,3495.32,1294.54,1394.31,2028.9,1272.88,1175.52,1.58
