,DOY,INSgdmax,RADmax,RAINmax,RHmax,TMAXmax,TMINmax,Tmax,WINDmax,YEAR,DOY,INSgdmin,RADmin,RAINmin,RHmin,TMAXmin,TMINmin,Tmin,WINDmin,YEAR,DOY,INSgdmean,RADmean,RAINmean,RHmean,TMAXmean,TMINmean,Tmean,WINDmean,YEAR,NDVI,EVI,RED,NIR,BLUE,MIR,pixrel
0,113.0,28.84,29.99,16.98,97.43,20.81,10.97,13.39,5.92,2006.0,113.0,4.07,23.33,0.0,46.26,9.25,-0.13,5.06,2.03,2006.0,113.0,14.558666666666666,26.697333333333336,4.203333333333333,74.22866666666667,14.488000000000001,5.625333333333334,10.215333333333332,4.184,2006.0,2425.05,921.65,691.54,1151.98,385.26,1497.87,1.06
1,129.0,26.32,31.68,7.96,83.07,22.53,13.49,16.63,8.38,2006.0,129.0,9.54,23.04,0.0,42.67,10.78,2.73,6.65,3.12,2006.0,129.0,18.302,27.31933333333334,1.64,66.08733333333333,17.041333333333334,7.816,12.300666666666666,5.150666666666666,2006.0,3424.49,1257.27,569.83,1193.1,318.76,1420.21,0.43
2,145.0,30.56,33.19,4.16,85.89,28.35,20.74,23.22,7.08,2006.0,145.0,10.73,29.41,0.0,33.14,17.76,10.66,14.33,0.97,2006.0,145.0,23.418666666666663,31.14666666666667,1.1386666666666667,58.01066666666667,24.712666666666667,14.41333333333333,19.467333333333332,4.176666666666667,2006.0,4495.31,1941.45,553.92,1551.35,301.86,1393.04,0.53
3,161.0,31.07,34.42,14.66,77.65,32.66,22.44,26.81,8.04,2006.0,161.0,4.75,28.73,0.0,39.18,16.34,6.57,11.99,0.63,2006.0,161.0,18.81866666666667,31.728,5.482666666666665,55.452000000000005,27.417999999999996,16.642666666666667,21.636666666666667,4.348666666666668,2006.0,7628.05,5032.85,403.91,3304.24,210.87,823.18,0.66
4,177.0,31.86,35.53,8.43,65.69,34.62,21.8,26.95,4.76,2006.0,177.0,19.58,27.25,0.0,42.24,24.61,12.68,19.53,0.87,2006.0,177.0,26.626666666666665,30.784666666666666,2.2393333333333336,50.90333333333333,29.011333333333333,16.746000000000002,22.691999999999997,3.020666666666666,2006.0,7328.76,5153.86,552.22,3634.11,279.9,784.4,0.04
5,193.0,31.0,37.58,5.31,82.32,38.11,24.06,30.24,6.07,2006.0,193.0,17.53,28.62,0.0,33.62,27.19,12.75,20.53,1.94,2006.0,193.0,25.441333333333333,33.03333333333333,1.2473333333333332,50.17799999999999,32.28066666666667,18.775999999999996,25.165333333333333,3.626666666666667,2006.0,7208.15,4879.45,543.95,3385.98,286.15,745.69,0.0
6,209.0,28.94,37.62,17.8,74.74,38.28,23.63,30.43,6.89,2006.0,209.0,9.4,29.95,0.0,41.52,25.32,13.23,21.3,1.19,2006.0,209.0,22.68133333333333,34.302,2.4339999999999997,57.679333333333325,31.96333333333333,19.362000000000002,25.216666666666665,3.289333333333333,2006.0,5057.07,3102.89,872.7,2678.77,430.59,1093.58,0.0
7,225.0,27.29,37.44,19.96,96.42,30.47,20.39,24.58,5.2,2006.0,225.0,6.19,28.15,0.0,46.63,19.51,11.01,17.96,1.55,2006.0,225.0,17.639333333333337,33.01666666666667,5.114000000000001,75.636,26.084666666666667,16.517333333333333,21.033333333333335,3.219333333333333,2006.0,4004.43,2470.15,1085.93,2566.89,531.8,1608.13,0.0
8,241.0,24.12,33.73,21.0,86.26,28.31,17.9,22.32,4.55,2006.0,241.0,4.86,27.79,0.0,57.57,17.69,8.82,14.21,1.12,2006.0,241.0,16.798666666666666,30.838,3.8819999999999997,75.13400000000001,23.853999999999996,13.53466666666667,18.400666666666666,2.658,2006.0,2786.4,1667.87,1333.66,2378.22,647.92,1786.11,0.0
9,257.0,22.28,34.02,28.26,98.39,26.94,17.46,21.51,7.53,2006.0,257.0,2.66,25.56,0.0,55.33,12.52,0.37,6.96,1.38,2006.0,257.0,12.941333333333334,29.41933333333333,4.8406666666666665,75.60866666666666,19.275333333333336,10.005333333333333,14.163333333333332,4.513999999999999,2006.0,2665.58,1458.8,1132.67,1971.64,608.17,1607.07,0.62
10,273.0,18.32,30.78,11.8,94.3,27.81,12.82,19.09,7.38,2006.0,273.0,3.74,24.34,0.0,53.48,12.03,3.64,8.94,1.5,2006.0,273.0,14.372000000000003,27.674666666666663,0.9586666666666666,73.81866666666666,19.23666666666667,8.459333333333335,13.440666666666665,3.956666666666666,2006.0,3005.46,1405.49,848.44,1601.8,456.84,1501.08,0.0
11,289.0,15.01,29.66,7.04,94.16,14.7,8.03,10.31,8.41,2006.0,289.0,4.07,19.08,0.0,37.23,4.2,-2.86,0.29,2.31,2006.0,289.0,10.246666666666664,24.771333333333338,1.3626666666666667,61.093333333333334,9.296000000000001,1.5166666666666666,5.091333333333334,4.748000000000001,2006.0,2763.65,1131.87,728.76,1309.65,400.81,1358.01,0.13
12,305.0,13.21,27.83,2.9,85.16,24.36,9.11,14.96,6.05,2006.0,305.0,4.9,17.5,0.0,36.98,2.13,-3.92,-0.96,1.96,2006.0,305.0,10.511333333333333,23.038666666666664,0.4753333333333332,59.73866666666667,11.325333333333333,0.7993333333333332,5.371333333333333,3.9293333333333336,2006.0,497.44,173.28,6298.76,6337.71,6175.07,810.46,1.78
