,DOY,INSgdmax,RADmax,RAINmax,RHmax,TMAXmax,TMINmax,Tmax,WINDmax,YEAR,DOY,INSgdmin,RADmin,RAINmin,RHmin,TMAXmin,TMINmin,Tmin,WINDmin,YEAR,DOY,INSgdmean,RADmean,RAINmean,RHmean,TMAXmean,TMINmean,Tmean,WINDmean,YEAR,NDVI,EVI,RED,NIR,BLUE,MIR,pixrel
0,113.0,28.33,29.81,26.27,90.98,21.91,11.56,15.57,7.06,2006.0,113.0,3.53,22.72,0.0,35.17,13.47,0.9,8.69,1.92,2006.0,113.0,17.457999999999995,26.314666666666664,4.007333333333333,60.26133333333334,17.362000000000002,7.042000000000001,12.3,3.9346666666666663,2006.0,4940.46,2184.5,588.37,1721.51,307.31,1124.63,0.0
1,129.0,28.84,30.96,9.35,90.34,20.81,13.46,15.37,6.05,2006.0,129.0,6.37,24.26,0.0,54.26,6.71,1.37,4.51,2.24,2006.0,129.0,15.307333333333334,27.546666666666667,2.016,75.27600000000001,15.509999999999998,7.612666666666666,11.467333333333334,3.625333333333333,2006.0,6010.85,3080.25,543.78,2186.28,291.04,963.28,0.19
2,145.0,30.42,33.95,14.94,84.69,28.14,21.26,24.67,4.96,2006.0,145.0,9.58,26.82,0.0,29.68,19.21,6.28,13.69,0.93,2006.0,145.0,23.553999999999995,30.698666666666664,2.588,59.102,24.668000000000003,14.436666666666662,19.518666666666665,2.9593333333333334,2006.0,8047.73,4663.77,296.14,2789.83,168.05,597.49,0.0
3,161.0,30.96,35.03,22.6,68.17,33.39,24.02,27.98,5.15,2006.0,161.0,3.17,27.65,0.0,38.57,17.84,8.07,14.35,1.54,2006.0,161.0,20.212666666666667,30.671333333333326,4.969333333333332,51.67,27.264666666666656,15.357999999999999,21.347333333333335,3.092,2006.0,7988.86,5307.59,367.43,3348.82,209.87,734.37,0.01
4,177.0,31.68,36.22,11.41,68.12,34.59,21.16,27.74,4.81,2006.0,177.0,9.86,28.87,0.0,42.06,23.66,11.92,19.69,1.09,2006.0,177.0,21.48,31.812666666666665,3.2326666666666664,54.114000000000004,29.402,16.958666666666666,23.287999999999997,2.7046666666666668,2006.0,8140.58,5256.47,327.66,3239.93,191.07,628.71,0.32
5,193.0,31.03,36.54,15.59,90.87,35.86,22.82,27.9,3.67,2006.0,193.0,5.9,29.41,0.0,34.35,24.68,13.15,21.16,1.34,2006.0,193.0,22.128,33.13733333333334,3.5426666666666673,59.93600000000001,31.00333333333333,19.041999999999994,24.775333333333332,2.6373333333333333,2006.0,8108.99,5217.81,336.42,3229.7,191.99,673.93,0.14
6,209.0,29.41,37.73,27.27,73.0,36.5,25.75,30.23,4.67,2006.0,209.0,8.42,31.21,0.0,40.97,25.02,16.24,21.55,0.9,2006.0,209.0,22.235333333333333,34.54533333333334,5.299333333333333,57.60800000000001,32.44533333333333,21.08666666666666,26.46533333333333,2.9073333333333333,2006.0,7928.22,4952.58,351.38,3073.53,196.13,727.25,0.0
7,225.0,27.11,36.83,17.55,75.39,32.58,23.87,27.64,4.61,2006.0,225.0,5.04,29.95,0.0,44.84,25.0,14.88,20.98,1.44,2006.0,225.0,17.813333333333333,33.816,3.5526666666666666,58.84466666666666,29.230000000000008,18.823333333333334,23.869333333333334,2.518,2006.0,7960.44,4370.96,291.64,2590.47,163.86,599.81,0.0
8,241.0,22.75,36.0,30.76,82.53,30.7,22.02,24.24,2.95,2006.0,241.0,4.54,27.97,0.0,51.81,21.45,12.47,16.99,0.74,2006.0,241.0,16.064,32.17933333333334,5.162000000000001,65.54199999999999,26.532666666666664,16.088666666666665,21.039333333333335,2.1060000000000003,2006.0,7492.06,3986.42,347.29,2430.88,195.96,629.3,0.0
9,257.0,22.18,33.26,25.89,93.92,27.74,16.58,21.74,5.57,2006.0,257.0,2.99,23.11,0.0,54.93,12.55,2.7,8.24,1.38,2006.0,257.0,12.79,29.687333333333342,5.857333333333333,70.238,20.438666666666666,10.562666666666665,15.752000000000004,3.293333333333334,2006.0,6584.02,3218.1,424.48,2087.94,235.1,638.42,0.0
10,273.0,19.4,31.1,5.66,91.27,27.76,18.27,20.68,4.0,2006.0,273.0,9.76,22.93,0.0,45.72,14.08,3.93,9.64,2.38,2006.0,273.0,15.333999999999998,27.541999999999998,0.654,67.03533333333334,19.712666666666667,9.221333333333332,14.245333333333333,3.1566666666666667,2006.0,5315.8,2123.98,481.13,1567.69,225.78,722.98,0.0
11,289.0,14.69,30.85,9.02,92.5,17.06,12.76,14.81,7.1,2006.0,289.0,2.84,20.09,0.0,38.03,4.25,-1.92,1.48,2.14,2006.0,289.0,7.276666666666666,26.212,2.595999999999999,66.51066666666667,10.070000000000002,2.8533333333333335,6.214000000000001,3.6499999999999995,2006.0,4728.54,1728.2,531.91,1378.46,339.98,748.14,1.02
12,305.0,12.92,29.27,5.7,89.88,19.25,8.52,12.7,5.31,2006.0,305.0,2.95,18.14,0.0,39.77,3.12,-3.96,-0.62,2.46,2006.0,305.0,9.488666666666667,23.893333333333327,0.802,63.72533333333333,10.600666666666665,2.2786666666666666,5.992666666666667,3.591333333333334,2006.0,5050.28,1797.68,429.0,1310.83,223.52,726.77,0.93
