,DOY,INSgdmax,RADmax,RAINmax,RHmax,TMAXmax,TMINmax,Tmax,WINDmax,YEAR,DOY,INSgdmin,RADmin,RAINmin,RHmin,TMAXmin,TMINmin,Tmin,WINDmin,YEAR,DOY,INSgdmean,RADmean,RAINmean,RHmean,TMAXmean,TMINmean,Tmean,WINDmean,YEAR,NDVI,EVI,RED,NIR,BLUE,MIR,pixrel
0,113.0,28.338599999999996,30.8928,14.849200000000002,89.65540000000001,23.0812,13.983,16.811000000000003,6.9378,2006.0,113.0,2.5330000000000004,23.753600000000002,0.0,38.5546,14.7124,1.3016,9.2742,1.2104,2006.0,113.0,18.18958666666667,27.00493333333334,2.2432000000000003,59.101213333333334,18.90308,8.224093333333332,13.665346666666666,3.8995866666666665,2006.0,4796.19,2031.46,470.86,1508.93,269.01,863.41,0.05
1,129.0,29.5042,30.8256,7.877,89.19500000000001,21.6742,13.8958,16.4228,6.775200000000001,2006.0,129.0,5.355,25.309999999999995,0.0,56.3436,9.103799999999998,2.7727999999999997,6.3948,1.6232000000000002,2006.0,129.0,16.158013333333333,27.885759999999998,1.68732,72.50269333333333,16.648213333333334,8.45,12.485026666666666,3.7054266666666673,2006.0,5759.02,2799.04,422.97,1872.28,260.25,685.95,0.26
2,145.0,28.6474,34.921400000000006,12.6382,82.906,28.876000000000005,21.3506,24.9334,5.406200000000001,2006.0,145.0,11.6276,27.327599999999997,0.0,27.2202,20.838000000000005,7.107600000000001,16.076400000000003,1.6563999999999999,2006.0,145.0,22.940906666666663,31.139120000000002,2.8871466666666663,58.83246666666666,25.73541333333333,15.71068,20.643213333333335,3.1246799999999997,2006.0,7244.52,4139.95,305.31,2570.15,190.45,585.78,2.55
3,161.0,31.531200000000002,34.3488,24.5814,68.71960000000001,34.8124,24.7618,28.7556,5.668400000000001,2006.0,161.0,7.274,28.022000000000002,0.0,38.7266,18.177400000000002,8.976400000000002,14.427800000000001,1.3526000000000002,2006.0,161.0,21.089693333333333,31.229533333333336,4.161786666666666,50.43168,28.69492,15.923293333333334,22.391519999999996,3.2131466666666664,2006.0,7126.49,4493.15,354.22,2834.24,235.17,626.5,0.05
4,177.0,31.7458,37.577999999999996,12.312,72.8468,37.129599999999996,22.478399999999997,29.5802,5.5128,2006.0,177.0,5.9918000000000005,28.397199999999998,0.0,36.4552,25.657999999999998,12.471400000000001,19.5976,1.2408000000000001,2006.0,177.0,20.1954,32.51108,3.9786933333333336,52.66417333333333,30.95093333333333,17.51941333333333,24.28229333333333,2.7218000000000004,2006.0,7403.35,4334.41,268.15,2624.44,173.23,518.21,2.87
5,193.0,30.134999999999998,37.4408,17.769599999999997,87.8402,36.247800000000005,22.588599999999996,28.1814,3.4038,2006.0,193.0,11.180000000000001,29.4836,0.0,34.0732,26.4826,14.8712,22.4762,1.2833999999999999,2006.0,193.0,23.48746666666667,33.55942666666666,3.1121866666666667,60.43142666666667,31.874639999999996,19.96752,25.57632,2.374013333333334,2006.0,7266.02,4355.8,288.68,2671.88,186.87,546.55,2.56
6,209.0,28.982200000000002,37.5506,13.3388,70.26700000000001,37.6716,25.7562,30.607799999999997,4.7796,2006.0,209.0,8.0916,31.2456,0.0,39.2014,27.2974,16.000400000000003,22.631999999999998,0.972,2006.0,209.0,22.39552,34.759,2.11236,54.808173333333315,33.86210666666666,21.62172,27.48852,2.9742,2006.0,7270.76,3867.47,276.63,2315.29,171.99,520.86,0.01
7,225.0,26.535,37.621399999999994,16.9508,74.2384,35.2752,24.527800000000003,29.1086,4.2202,2006.0,225.0,7.5892,29.1144,0.0,42.848200000000006,27.836399999999994,14.927800000000001,22.982599999999998,1.2510000000000001,2006.0,225.0,16.44277333333333,34.698719999999994,3.026013333333333,57.73078666666667,30.979186666666667,19.94716,25.24537333333333,2.4855066666666668,2006.0,7013.58,3372.66,219.17,2000.92,123.79,468.67,7.66
8,241.0,23.098,35.6836,44.8378,90.1408,32.9054,22.920600000000004,25.768800000000002,3.6192,2006.0,241.0,3.1757999999999997,28.8152,0.0,56.105000000000004,21.276600000000002,11.254999999999999,17.0238,0.8154,2006.0,241.0,15.892666666666665,32.30385333333334,4.869973333333334,69.51820000000001,26.512999999999998,16.525693333333336,21.243266666666667,2.218013333333334,2006.0,6665.9,3059.22,273.42,1847.79,159.17,468.34,2.55
9,257.0,22.5694,33.8,16.9594,89.83239999999999,28.982200000000002,17.495599999999996,23.3254,5.6082,2006.0,257.0,3.858,25.2262,0.0,49.34920000000001,14.788599999999999,3.1006,9.4164,0.9982,2006.0,257.0,13.704666666666666,30.192680000000003,4.644093333333333,65.15124,22.56453333333333,11.839066666666668,17.512919999999998,3.2394266666666667,2006.0,6183.67,3008.23,403.17,1957.16,260.28,569.01,0.46
10,273.0,19.3714,33.072199999999995,2.4434,83.06360000000001,29.2058,19.3376,21.987,4.5942,2006.0,273.0,5.660200000000001,23.676200000000005,0.0,43.968199999999996,15.467400000000003,4.4242,10.235199999999999,2.0636,2006.0,273.0,15.274093333333337,28.18898666666666,0.5060266666666667,62.835559999999994,21.237613333333336,10.258346666666668,15.595053333333333,3.2482800000000007,2006.0,4953.46,1773.33,339.96,1280.6,142.76,498.08,7.67
11,289.0,15.545800000000002,31.3136,17.714,88.8734,19.2986,13.157,15.981,6.6932,2006.0,289.0,2.4678,19.513,0.0,34.9768,5.470200000000001,-2.5302,1.35,2.011,2006.0,289.0,8.262346666666668,26.373679999999997,3.956453333333333,68.11012000000001,11.350479999999997,3.3266266666666664,7.227666666666666,3.64112,2006.0,5303.61,1942.51,435.13,1409.1,271.84,679.84,2.74
12,305.0,13.536999999999997,29.342200000000002,8.6412,92.53,19.742200000000004,8.451999999999998,12.940999999999999,5.345799999999999,2006.0,305.0,3.0092,17.977400000000003,0.0,40.992399999999996,4.4612,-4.0704,-0.07220000000000001,1.5794000000000004,2006.0,305.0,9.444586666666666,24.455453333333338,1.3903866666666667,66.20518666666668,11.720853333333332,2.9660533333333334,6.825173333333335,3.612333333333333,2006.0,2815.19,1532.93,1508.66,2346.53,1350.85,1511.99,2.54
