,DOY,INSgdmax,RADmax,RAINmax,RHmax,TMAXmax,TMINmax,Tmax,WINDmax,YEAR,DOY,INSgdmin,RADmin,RAINmin,RHmin,TMAXmin,TMINmin,Tmin,WINDmin,YEAR,DOY,INSgdmean,RADmean,RAINmean,RHmean,TMAXmean,TMINmean,Tmean,WINDmean,YEAR,NDVI,EVI,RED,NIR,BLUE,MIR,pixrel
0,113.0,28.4,29.48,22.59,96.35,20.5,12.57,15.57,6.7,2006.0,113.0,3.2,23.29,0.0,37.51,10.79,1.56,6.86,1.88,2006.0,113.0,16.078,26.534000000000002,4.820666666666667,65.828,15.656666666666668,6.810666666666667,11.252,4.288666666666667,2006.0,2894.96,896.08,131.35,993.46,-43.7,413.62,66.31
1,129.0,24.01,31.75,7.89,86.42,22.07,13.21,16.57,6.95,2006.0,129.0,6.37,25.67,0.0,51.63,6.69,0.34,5.02,2.93,2006.0,129.0,16.567333333333334,27.571333333333335,1.7979999999999998,73.28,15.681333333333333,7.550666666666666,11.428000000000003,4.347333333333334,2006.0,3892.89,2004.14,186.71,1613.61,33.81,437.46,54.1
2,145.0,30.2,33.12,14.49,87.65,28.6,21.08,24.1,5.6,2006.0,145.0,11.66,27.32,0.0,32.02,17.35,7.66,13.99,1.58,2006.0,145.0,22.171333333333326,30.729999999999997,2.7786666666666666,58.81666666666667,24.238000000000003,13.908666666666665,19.08866666666667,3.574,2006.0,4647.72,2662.32,14.26,1914.19,-89.86,231.42,66.38
3,161.0,31.21,35.35,18.85,71.15,32.65,23.54,27.7,5.96,2006.0,161.0,2.66,28.12,0.0,38.0,16.89,7.55,13.08,1.11,2006.0,161.0,20.897333333333332,31.378,5.1466666666666665,50.67666666666667,27.001333333333335,16.512666666666668,21.63866666666667,3.852,2006.0,5044.75,3213.15,189.34,2184.11,79.89,369.44,33.36
4,177.0,31.46,34.78,20.02,68.0,32.36,21.05,26.22,4.07,2006.0,177.0,15.23,27.76,0.0,43.79,23.85,11.77,19.29,1.32,2006.0,177.0,23.956666666666663,31.12533333333333,2.730666666666666,52.542,28.733999999999995,16.244,22.532666666666675,2.8693333333333326,2006.0,5208.63,3181.06,201.91,2104.62,95.01,357.19,25.72
5,193.0,30.74,36.0,7.52,86.63,35.3,23.19,28.65,5.0,2006.0,193.0,10.04,28.4,0.0,35.93,24.65,12.5,20.51,1.47,2006.0,193.0,23.34333333333333,32.970000000000006,1.3413333333333333,55.660666666666664,31.074666666666666,18.731999999999996,24.643999999999995,3.2840000000000003,2006.0,5176.95,3258.82,228.59,2192.47,114.12,405.18,25.7
6,209.0,28.87,39.35,13.53,79.27,37.94,24.58,29.94,5.8,2006.0,209.0,11.59,30.02,0.0,43.25,25.95,15.34,21.76,1.24,2006.0,209.0,22.367333333333328,34.337999999999994,3.0453333333333332,58.93,31.786000000000005,19.772666666666666,25.444000000000003,2.9960000000000004,2006.0,5125.52,2996.38,210.22,2040.2,124.79,382.68,33.48
7,225.0,27.18,36.22,20.99,89.15,30.74,20.9,25.9,4.91,2006.0,225.0,4.25,28.84,0.0,46.68,21.58,11.54,18.79,1.36,2006.0,225.0,17.583333333333332,33.14666666666667,3.813333333333334,69.83533333333334,27.005333333333336,16.86933333333333,21.759333333333334,2.8899999999999992,2006.0,4525.65,2434.31,-19.22,1740.59,-123.92,205.45,68.9
8,241.0,23.22,34.7,31.27,86.73,27.97,18.85,22.22,3.68,2006.0,241.0,5.83,28.26,0.0,48.16,19.73,10.34,15.87,1.04,2006.0,241.0,16.948666666666668,31.438000000000002,5.678,69.80733333333335,25.17466666666667,14.401333333333332,19.743333333333336,2.2133333333333334,2006.0,4449.5,2030.05,-25.05,1461.46,-129.88,181.18,68.88
9,257.0,22.46,33.91,24.55,97.27,26.43,16.32,20.28,6.6,2006.0,257.0,3.38,22.79,0.0,62.09,11.73,1.12,6.23,1.51,2006.0,257.0,13.79,29.11466666666667,4.430000000000001,78.26,18.474666666666668,9.446666666666667,13.919333333333332,3.836666666666667,2006.0,4285.74,2118.29,614.35,1898.49,464.08,693.54,26.08
10,273.0,19.01,30.46,3.4,97.97,26.79,15.22,18.72,5.53,2006.0,273.0,5.51,22.9,0.0,50.07,13.91,4.47,9.32,1.4,2006.0,273.0,14.774000000000003,27.38466666666666,0.4759999999999999,74.78799999999998,18.5,8.228666666666665,13.078000000000001,3.4726666666666666,2006.0,3054.48,812.71,53.65,930.98,-132.61,273.17,73.96
11,289.0,14.54,29.95,5.58,95.15,13.9,8.81,11.78,8.4,2006.0,289.0,4.25,19.73,0.0,38.71,3.88,-2.02,0.48,2.17,2006.0,289.0,8.183333333333334,25.601333333333336,1.2233333333333334,64.21333333333334,8.794,1.932666666666667,5.02,4.315333333333333,2006.0,3004.77,1191.94,1329.43,1945.54,1169.3,1343.47,3.64
12,305.0,13.68,28.44,7.09,89.41,22.51,8.68,13.94,5.75,2006.0,305.0,2.52,18.76,0.0,39.26,2.44,-3.6,-0.71,2.46,2006.0,305.0,9.69,23.448666666666664,1.2306666666666668,62.60599999999999,10.271999999999998,1.4046666666666667,5.311333333333334,3.900666666666666,2006.0,2832.0,1121.11,592.49,1182.0,405.89,789.37,4.03
