,DOY,INSgdmax,RADmax,RAINmax,RHmax,TMAXmax,TMINmax,Tmax,WINDmax,YEAR,DOY,INSgdmin,RADmin,RAINmin,RHmin,TMAXmin,TMINmin,Tmin,WINDmin,YEAR,DOY,INSgdmean,RADmean,RAINmean,RHmean,TMAXmean,TMINmean,Tmean,WINDmean,YEAR,NDVI,EVI,RED,NIR,BLUE,MIR,pixrel
0,113.0,28.744300000000003,30.250999999999998,18.8476,97.2009,20.9695,11.057,13.7351,5.9925,2006.0,113.0,4.162800000000001,23.414099999999998,0.0,45.882999999999996,8.942599999999999,0.05849999999999998,5.2398,2.001,2006.0,113.0,14.483266666666669,26.838853333333336,4.2275,72.96001333333334,14.839286666666666,5.94994,10.565846666666665,4.17066,2006.0,3090.1,1413.84,807.18,1566.77,435.49,1856.56,0.74
1,129.0,27.5496,31.816300000000002,8.0731,82.8496,22.704,13.6553,16.8997,8.408999999999999,2006.0,129.0,9.319599999999998,22.674599999999998,0.0,41.365,11.017800000000001,3.1099,7.296700000000001,3.1577,2006.0,129.0,18.29794,27.459113333333335,1.7378266666666664,64.82216,17.27410666666667,8.114893333333333,12.592793333333333,5.156466666666666,2006.0,4266.38,1912.89,623.13,1634.8,332.34,1448.92,0.41
2,145.0,30.3309,33.326299999999996,6.169700000000001,85.9915,28.860400000000002,20.7922,23.3012,7.1206,2006.0,145.0,12.8267,29.3056,0.0,33.1632,17.9601,10.9297,14.764999999999999,1.2339,2006.0,145.0,23.50373333333333,31.143573333333332,1.4220933333333337,57.77422000000001,24.975986666666667,14.700046666666665,19.741480000000003,4.203153333333334,2006.0,5712.07,2989.96,540.09,2174.65,284.4,1264.89,0.3
3,161.0,31.078699999999998,34.565000000000005,13.1404,77.5543,33.0167,22.587899999999998,27.0101,8.037099999999999,2006.0,161.0,6.452299999999999,28.6053,0.0,39.536699999999996,16.540100000000002,6.9963,12.3235,0.7749999999999999,2006.0,161.0,19.356520000000003,31.788513333333338,5.058493333333333,54.783453333333334,27.7979,16.79327333333333,21.964173333333335,4.320246666666668,2006.0,7488.7,4851.57,441.91,3217.57,224.74,872.36,0.69
4,177.0,31.735300000000002,35.770700000000005,10.4919,66.80069999999999,35.1101,22.072599999999998,27.2748,4.7745,2006.0,177.0,18.298199999999998,27.7836,0.0,41.523700000000005,24.349,12.796000000000001,19.4923,0.8439000000000001,2006.0,177.0,26.10428,31.058426666666662,2.94442,50.82097333333333,29.27291333333333,16.961373333333334,22.919746666666665,3.0121599999999997,2006.0,6996.5,4605.53,562.17,3240.7,288.28,938.57,0.17
5,193.0,30.976800000000004,37.2465,6.9514,81.62979999999999,38.3971,24.1934,30.2168,5.9221,2006.0,193.0,16.9877,28.6084,0.0,33.3967,27.2451,12.895,20.611200000000004,1.8675000000000002,2006.0,193.0,25.376953333333333,33.16576666666666,1.5500933333333333,50.767086666666664,32.32049333333334,18.912879999999998,25.25639333333333,3.5605466666666667,2006.0,6640.68,4308.87,602.78,3105.71,304.38,905.24,0.0
6,209.0,29.024100000000004,37.997,22.0108,73.9309,38.40180000000001,24.1607,30.731600000000004,6.9944,2006.0,209.0,9.774099999999999,30.022499999999997,0.0,40.9864,25.1895,13.633099999999999,21.595799999999997,1.1697,2006.0,209.0,23.01116,34.37372666666667,3.3157933333333336,56.618513333333325,32.209446666666665,19.67268666666667,25.532186666666664,3.416546666666666,2006.0,4622.75,3090.25,1072.45,2964.76,529.76,1378.05,0.03
7,225.0,27.3422,37.126799999999996,24.5391,95.94149999999999,31.000699999999995,20.6481,24.9802,4.999899999999999,2006.0,225.0,6.6800999999999995,28.222499999999997,0.0,47.494200000000006,20.258200000000002,11.271,18.2877,1.5239,2006.0,225.0,17.550786666666667,33.22817333333334,6.30532,75.02893333333333,26.469786666666668,16.793993333333333,21.36954,3.17738,2006.0,4026.8,2693.21,1147.77,2806.04,572.95,1634.11,0.11
8,241.0,23.9953,33.8982,18.4944,86.61959999999999,28.7044,18.0914,22.61,4.6892000000000005,2006.0,241.0,4.871600000000001,27.894399999999997,0.0,58.0891,17.9597,9.1274,14.4594,1.2041000000000002,2006.0,241.0,16.83598,30.917266666666666,3.5548800000000003,74.52964000000001,24.01485333333333,13.792960000000003,18.608886666666667,2.74094,2006.0,3358.49,2059.81,1179.97,2405.74,603.12,1710.06,0.03
9,257.0,22.436600000000002,33.9794,34.8082,98.2247,27.256100000000004,17.680400000000002,21.771,7.6547,2006.0,257.0,2.2859000000000003,25.475900000000003,0.0,53.3986,12.5925,0.5410999999999999,7.2935,1.4786,2006.0,257.0,13.300353333333334,29.48255333333333,6.208886666666666,74.99328666666666,19.56572,10.210653333333333,14.444633333333332,4.516513333333333,2006.0,3231.73,1743.42,960.88,1944.32,501.56,1463.02,0.06
10,273.0,18.436,30.7075,10.3326,93.67070000000001,28.245,13.3565,19.3597,7.1799,2006.0,273.0,3.6791,24.4647,0.0,52.5955,12.2765,3.9735,9.1691,1.5173999999999999,2006.0,273.0,14.47562666666667,27.732279999999996,1.0941933333333334,73.41015333333333,19.559533333333338,8.74566,13.7065,3.9587933333333334,2006.0,3165.7,1524.54,867.7,1701.1,458.82,1515.76,0.0
11,289.0,15.2913,29.796300000000002,6.7645,94.6994,14.836300000000001,8.366399999999999,10.745000000000001,8.160599999999999,2006.0,289.0,4.2788,19.120599999999996,0.0,36.1425,4.6234,-2.7556000000000003,0.5741999999999999,2.3216,2006.0,289.0,10.177453333333332,24.996566666666666,1.5007066666666669,60.70241333333334,9.666233333333334,1.7950666666666666,5.3921600000000005,4.720546666666667,2006.0,3011.23,1313.07,778.53,1474.12,410.6,1430.73,0.08
12,305.0,13.1781,28.1316,3.6163,87.49449999999999,24.5311,9.1564,15.049900000000001,6.157300000000001,2006.0,305.0,4.6912,17.665300000000002,0.0,36.7045,2.6056,-4.268,-0.7947,2.0702,2006.0,305.0,10.671026666666668,23.148286666666667,0.5097466666666666,59.92890666666666,11.62326,1.0007866666666665,5.6242133333333335,3.9577533333333332,2006.0,1085.22,458.17,4814.33,5023.45,4597.35,1076.55,1.51
