,DOY,INSgdmax,RADmax,RAINmax,RHmax,TMAXmax,TMINmax,Tmax,WINDmax,YEAR,DOY,INSgdmin,RADmin,RAINmin,RHmin,TMAXmin,TMINmin,Tmin,WINDmin,YEAR,DOY,INSgdmean,RADmean,RAINmean,RHmean,TMAXmean,TMINmean,Tmean,WINDmean,YEAR,NDVI,EVI,RED,NIR,BLUE,MIR,pixrel
0,113.0,28.51,30.89,23.42,96.64,21.36,11.27,14.58,6.17,2006.0,113.0,4.39,23.62,0.0,44.96,8.19,0.52,5.68,1.93,2006.0,113.0,14.29866666666667,27.185333333333332,4.286666666666666,69.854,15.699333333333334,6.7446666666666655,11.424,4.138,2006.0,3558.7,2311.53,1303.5,2742.61,660.72,2592.68,0.11
1,129.0,30.56,32.15,8.35,82.31,23.13,14.06,17.56,8.48,2006.0,129.0,8.78,21.78,0.0,38.17,11.6,4.04,8.88,3.25,2006.0,129.0,18.288,27.80133333333333,1.9773333333333334,61.72466666666665,17.844,8.846666666666666,13.307999999999998,5.170666666666666,2006.0,4123.21,2457.39,1018.26,2460.92,515.37,2286.35,0.02
2,145.0,29.77,33.66,11.09,86.24,30.11,20.92,23.5,7.22,2006.0,145.0,17.96,29.05,0.0,33.22,18.45,11.59,15.83,1.88,2006.0,145.0,23.712,31.13599999999999,2.116,57.19533333333333,25.620666666666672,15.402000000000003,20.41266666666667,4.268000000000001,2006.0,4945.99,3162.47,980.39,2869.56,501.78,2114.69,0.1
3,161.0,31.1,34.92,9.42,77.32,33.89,22.95,27.5,8.03,2006.0,161.0,10.62,28.3,0.0,40.41,17.03,8.04,13.14,1.13,2006.0,161.0,20.673333333333336,31.936666666666675,4.02,53.14666666666666,28.727999999999998,17.161999999999995,22.766000000000005,4.250666666666667,2006.0,6431.92,4850.63,830.89,3845.5,436.21,1810.25,0.0
4,177.0,31.43,36.36,15.54,69.52,36.31,22.74,28.07,4.81,2006.0,177.0,15.16,29.09,0.0,39.77,23.71,13.08,19.4,0.78,2006.0,177.0,24.825333333333333,31.728666666666662,4.670666666666666,50.61933333333334,29.913333333333334,17.48866666666667,23.47733333333333,2.9913333333333325,2006.0,7478.08,5590.73,563.58,3941.56,299.34,1246.9,0.58
5,193.0,30.92,36.43,10.97,79.94,39.1,24.52,30.16,5.56,2006.0,193.0,15.66,28.58,0.0,32.85,27.38,13.25,20.81,1.69,2006.0,193.0,25.219333333333335,33.489999999999995,2.291333333333333,52.20933333333333,32.418,19.248,25.47933333333334,3.3986666666666667,2006.0,8174.03,6103.11,393.58,4014.65,210.09,904.03,0.11
6,209.0,29.23,38.92,32.32,71.95,38.7,25.46,31.47,7.25,2006.0,209.0,10.69,30.2,0.0,39.68,24.87,14.62,22.32,1.12,2006.0,209.0,23.81866666666667,34.54933333333334,5.474666666666667,54.02133333333334,32.812,20.43333333333333,26.304666666666666,3.7279999999999998,2006.0,8198.73,6183.59,396.5,4079.31,212.23,892.65,0.0
7,225.0,27.47,36.36,35.75,94.77,32.3,21.28,25.96,4.51,2006.0,225.0,7.88,28.4,0.0,49.61,22.09,11.91,19.09,1.46,2006.0,225.0,17.334,33.746,9.222,73.54266666666668,27.41266666666667,17.471333333333334,22.192666666666675,3.0746666666666664,2006.0,8270.86,6689.03,424.76,4548.16,227.75,904.96,0.06
8,241.0,23.69,34.31,12.36,87.5,29.67,18.56,23.32,5.03,2006.0,241.0,4.9,28.15,0.0,59.36,18.62,9.88,15.07,1.41,2006.0,241.0,16.927333333333333,31.11133333333333,2.7539999999999996,73.05000000000001,24.40866666666666,14.425333333333334,19.11866666666667,2.944,2006.0,7324.37,4909.32,485.87,3317.04,255.06,1025.06,0.03
9,257.0,22.82,33.88,50.84,97.82,28.03,18.22,22.41,7.96,2006.0,257.0,1.37,25.27,0.0,48.67,12.77,0.96,8.11,1.72,2006.0,257.0,14.179333333333334,29.63733333333333,9.558666666666666,73.48666666666665,20.276666666666664,10.713333333333333,15.133333333333333,4.522666666666667,2006.0,6395.46,4078.5,627.21,2970.18,327.62,1213.57,0.0
10,273.0,18.72,30.53,6.74,92.13,29.31,14.67,20.02,6.69,2006.0,273.0,3.53,24.77,0.0,50.43,12.88,4.79,9.73,1.56,2006.0,273.0,14.729333333333331,27.873333333333335,1.426,72.41000000000001,20.35,9.446666666666667,14.357333333333337,3.9640000000000004,2006.0,4080.62,2421.76,1040.79,2467.66,526.96,1793.75,0.0
11,289.0,15.98,30.13,6.09,96.02,15.17,9.19,11.81,7.55,2006.0,289.0,4.79,19.22,0.0,33.48,5.66,-2.5,1.27,2.35,2006.0,289.0,10.008000000000001,25.548000000000002,1.8386666666666664,59.74533333333332,10.572666666666665,2.4766666666666666,6.128666666666667,4.653333333333334,2006.0,3501.45,1873.24,993.12,2066.3,498.29,1775.7,0.01
12,305.0,13.1,28.87,5.37,93.21,24.95,9.27,15.27,6.42,2006.0,305.0,4.18,18.07,0.0,36.03,3.77,-5.12,-0.39,2.34,2006.0,305.0,11.062000000000003,23.41666666666667,0.5939999999999999,60.394666666666666,12.352666666666666,1.4939999999999998,6.243333333333334,4.027333333333334,2006.0,3051.1,1734.7,1181.13,2216.99,584.97,2105.68,0.0
