,DOY,INSgdmax,RADmax,RAINmax,RHmax,TMAXmax,TMINmax,Tmax,WINDmax,YEAR,DOY,INSgdmin,RADmin,RAINmin,RHmin,TMAXmin,TMINmin,Tmin,WINDmin,YEAR,DOY,INSgdmean,RADmean,RAINmean,RHmean,TMAXmean,TMINmean,Tmean,WINDmean,YEAR,NDVI,EVI,RED,NIR,BLUE,MIR,pixrel
0,113.00000000000001,28.6693,30.4414,21.365799999999997,93.0925,22.3204,12.349400000000001,16.304000000000002,6.7039,2006.0000000000002,113.00000000000001,2.6746,23.0713,0.0,38.8684,13.329799999999999,1.2313,8.726600000000001,1.7278,2006.0000000000002,113.00000000000001,17.278586666666666,26.6762,3.98966,60.86048666666667,17.855106666666664,7.67888,12.857199999999999,4.047453333333333,2006.0000000000002,5604.73,2630.36,551.42,1928.59,285.71,1024.47,0.0
1,129.0,29.041800000000002,30.8924,9.947099999999999,87.48270000000001,21.134,13.8855,15.9762,6.7193000000000005,2006.0000000000002,129.0,6.764,24.306200000000004,0.0,53.858900000000006,8.1954,1.7206000000000001,5.633699999999999,1.915,2006.0000000000002,129.0,16.47432666666667,27.522513333333332,2.130986666666667,72.29560666666667,16.135373333333334,8.007646666666666,11.965086666666666,3.8318199999999996,2006.0000000000002,6729.69,3523.54,458.93,2319.08,251.87,774.64,0.38
2,145.0,29.8902,34.1301,17.2185,83.2134,29.043000000000003,21.2668,24.7358,5.2801,2006.0000000000002,145.0,10.308399999999999,27.4562,0.0,28.313299999999998,19.7381,7.551400000000001,15.57,1.1651,2006.0000000000002,145.0,22.404406666666663,31.063500000000005,2.6298,58.034013333333334,25.33063333333333,15.308693333333332,20.242233333333335,3.2018466666666665,2006.0000000000002,7823.25,4982.56,378.83,3152.64,213.66,702.84,0.38
3,161.0,30.979999999999997,34.450300000000006,19.3553,70.3751,33.5785,24.344900000000003,28.3192,5.514600000000001,2006.0000000000002,161.0,5.4724,28.0505,0.0,37.9808,17.9564,8.3725,13.9482,1.3152000000000001,2006.0000000000002,161.0,20.640853333333332,31.157979999999995,4.395966666666666,50.092633333333325,28.243126666666665,16.097193333333333,22.161886666666668,3.293493333333333,2006.0000000000002,8236.82,5416.07,323.9,3358.71,185.9,631.76,0.08
4,177.0,31.8365,36.83,15.241700000000002,70.35069999999999,35.5219,22.124699999999997,28.6808,5.0874,2006.0000000000002,177.0,9.6362,28.674799999999998,0.0,39.3892,23.6822,11.973500000000001,19.6925,1.1011000000000002,2006.0000000000002,177.0,21.55058,32.05559333333333,3.9744866666666665,52.13954666666666,30.169353333333333,17.40034,23.83558,2.796073333333333,2006.0000000000002,8238.58,5253.75,307.43,3206.28,175.2,603.44,0.13
5,193.0,30.6836,36.8441,14.981499999999999,89.36189999999999,36.4697,22.705800000000004,28.323,3.761,2006.0000000000002,193.0,8.642700000000001,29.2562,0.0,34.2325,25.204899999999995,13.9504,21.8001,1.2505000000000002,2006.0000000000002,193.0,22.72874,33.254113333333336,3.18212,59.393946666666665,31.50449333333333,19.31306,25.120686666666668,2.6262399999999997,2006.0000000000002,8257.35,5136.29,292.89,3104.93,165.58,599.27,0.0
6,209.0,29.046499999999998,38.170100000000005,24.346299999999996,70.4265,37.710800000000006,26.069300000000002,30.607699999999998,4.834300000000001,2006.0000000000002,209.0,7.437200000000001,31.031100000000002,0.0,40.2684,25.881,15.989600000000001,21.9648,1.0258,2006.0000000000002,209.0,22.17406666666667,34.67122666666667,4.73842,55.77088666666667,33.02750666666666,21.16024666666667,26.842,3.02374,2006.0000000000002,8103.25,4957.06,310.55,3009.52,175.36,626.28,0.0
7,225.0,26.8385,36.614,28.7921,75.9931,33.1489,24.1239,28.303800000000003,4.5532,2006.0000000000002,225.0,6.5489,29.9873,0.0,46.2181,25.113800000000005,14.089699999999999,21.6246,1.3658000000000001,2006.0000000000002,225.0,17.09088,34.179586666666665,6.408559999999999,61.74854,29.422213333333335,19.140013333333332,24.07678,2.580826666666667,2006.0000000000002,7943.18,4539.06,310.59,2730.5,175.26,607.69,0.0
8,241.0,22.6877,35.852199999999996,33.0952,84.25399999999999,30.886200000000002,21.9285,24.494799999999998,3.4757000000000002,2006.0000000000002,241.0,5.0044,28.5329,0.0,54.12819999999999,21.910300000000003,11.4628,16.7354,0.9818,2006.0000000000002,241.0,16.50766666666667,32.3196,5.067353333333334,66.6785,26.61863333333333,16.084293333333335,21.16212666666667,2.182786666666667,2006.0000000000002,7472.92,3875.0,345.83,2376.2,184.99,625.37,0.0
9,257.0,22.4741,33.6131,26.6402,94.44059999999999,28.4144,16.8221,22.124699999999997,5.9592,2006.0000000000002,257.0,2.6996,24.606199999999998,0.0,53.63889999999999,13.3415,2.3853,8.3161,1.3301999999999998,2006.0000000000002,257.0,13.379513333333335,29.96612,5.520599999999999,69.22890666666667,21.209099999999996,10.914833333333334,16.221413333333334,3.4346533333333333,2006.0000000000002,6748.39,3500.79,449.57,2299.39,243.42,725.83,0.31
10,273.0,19.3675,31.6714,2.3693,89.8163,28.7682,18.3327,20.7675,4.351999999999999,2006.0000000000002,273.0,7.6144,23.5628,0.0,44.094800000000006,14.8517,4.4927,10.1105,2.2072000000000003,2006.0000000000002,273.0,15.245953333333333,27.824366666666666,0.33888666666666667,66.86751333333333,20.214926666666667,9.514913333333332,14.637733333333331,3.26938,2006.0000000000002,5684.8,2304.69,462.32,1653.81,200.56,736.44,0.0
11,289.0,15.0847,30.8827,13.3489,93.0129,17.439799999999998,12.622499999999999,14.902899999999999,7.156499999999999,2006.0000000000002,289.0,2.987,19.6619,0.0,36.2823,4.7451,-2.1573,1.1697,2.1325,2006.0000000000002,289.0,7.796826666666667,26.21574,3.2868866666666663,66.32245333333333,10.460840000000001,2.8707600000000006,6.403826666666666,3.7987666666666664,2006.0000000000002,5112.07,2240.96,558.33,1712.46,288.93,923.03,1.06
12,305.0,13.1432,28.975399999999997,5.2518,90.9984,20.3135,8.659400000000002,13.202399999999997,5.1871,2006.0000000000002,305.0,3.0694000000000004,18.122500000000002,0.0,40.1984,3.6414,-4.1185,-0.3595,2.2836999999999996,2006.0000000000002,305.0,9.624066666666666,24.032606666666666,0.7658333333333334,65.10104666666668,11.048193333333332,2.5639933333333333,6.312166666666666,3.704533333333334,2006.0000000000002,5377.11,2055.01,463.56,1479.53,263.72,595.44,0.44
