,DOY,INSgdmax,RADmax,RAINmax,RHmax,TMAXmax,TMINmax,Tmax,WINDmax,YEAR,DOY,INSgdmin,RADmin,RAINmin,RHmin,TMAXmin,TMINmin,Tmin,WINDmin,YEAR,DOY,INSgdmean,RADmean,RAINmean,RHmean,TMAXmean,TMINmean,Tmean,WINDmean,YEAR,NDVI,EVI,RED,NIR,BLUE,MIR,pixrel
0,113.0,28.5052,31.1646,33.050999999999995,97.74080000000002,21.5268,12.228600000000002,14.954900000000002,5.844299999999999,2006.0,113.0,2.5970000000000004,23.4679,0.0,43.57449999999999,8.4388,0.6074999999999999,6.5693,2.1909,2006.0,113.0,15.136246666666667,27.10079333333333,5.21898,67.43433333333333,16.240213333333337,7.151959999999999,11.88608,4.258406666666667,2006.0,4955.36,2092.36,594.5,1680.62,301.96,1111.75,0.0
1,129.0,25.3373,32.0925,8.125600000000002,80.97179999999999,22.9115,13.8532,17.409200000000002,8.4473,2006.0,129.0,9.412600000000001,24.305500000000002,0.0,44.388999999999996,10.786299999999999,2.1801999999999997,8.070599999999999,2.6205999999999996,2006.0,129.0,17.892699999999998,27.87867333333333,1.8277733333333332,65.19932,17.37714,8.734813333333333,12.87868,4.89418,2006.0,6524.57,3393.29,498.98,2306.05,274.92,830.71,0.79
2,145.0,29.2798,33.322399999999995,16.1861,85.9282,28.544199999999996,21.0575,23.940599999999996,6.5261000000000005,2006.0,145.0,10.9121,29.011599999999998,0.0,30.944799999999997,18.299500000000002,11.481600000000002,16.2974,1.5341,2006.0,145.0,20.942793333333334,31.368253333333335,2.992913333333334,57.52772666666667,25.351146666666665,15.540453333333334,20.295319999999997,4.069720000000001,2006.0,7386.01,4314.27,410.85,2754.44,229.48,801.59,0.06
3,161.0,30.9403,35.1197,10.9625,73.0828,33.570100000000004,23.703500000000002,27.9982,6.929399999999999,2006.0,161.0,8.6897,28.300000000000004,0.0,39.3922,16.880399999999998,8.013800000000002,13.0582,0.9852000000000001,2006.0,161.0,21.23872,31.84508,4.374086666666668,50.801226666666665,28.625906666666666,17.266233333333332,22.70487333333334,4.023499999999999,2006.0,7997.82,4483.85,296.21,2690.89,167.94,580.45,0.02
4,177.0,32.3551,36.3403,16.192600000000002,68.6307,35.292699999999996,22.8624,28.264,4.5975,2006.0,177.0,16.7541,28.4722,0.0,40.4701,23.3527,12.865199999999998,19.3589,0.5649000000000001,2006.0,177.0,23.62114,32.06704666666666,3.289133333333333,51.059946666666676,29.832166666666666,17.51251333333333,23.546166666666668,2.983179999999999,2006.0,8021.25,4851.0,323.31,2959.67,185.01,642.5,0.49
5,193.0,30.552400000000002,36.5975,11.3035,85.4587,36.7181,23.396099999999997,29.6082,4.9864,2006.0,193.0,12.397699999999999,28.842700000000004,0.0,35.5403,26.3237,13.2912,20.980999999999998,1.2250999999999999,2006.0,193.0,23.79070666666667,33.37841999999999,2.2358333333333333,55.15279333333335,31.682380000000002,19.20515333333333,25.15510666666667,3.2165733333333333,2006.0,7885.66,4481.42,324.95,2722.46,184.69,629.7,0.0
6,209.0,28.877700000000004,39.2028,23.114100000000004,72.21650000000001,38.8053,25.9965,31.2374,6.7333,2006.0,209.0,8.0852,30.387699999999995,0.0,40.747699999999995,25.3029,15.7863,22.302500000000002,1.1692999999999998,2006.0,209.0,23.43956666666667,34.65094,3.826493333333333,54.86104,32.596973333333324,20.53741333333333,26.344100000000005,3.5282333333333336,2006.0,7761.45,4212.55,321.26,2539.21,182.21,611.23,0.01
7,225.0,27.042099999999998,36.3944,27.161099999999998,89.0552,31.5391,22.673000000000002,26.512500000000003,4.4947,2006.0,225.0,5.2738,28.912700000000005,0.0,50.29639999999999,22.471200000000003,12.138,19.63,1.3279,2006.0,225.0,16.059520000000003,33.84279333333333,4.936840000000001,71.87257999999999,27.481973333333336,17.86958,22.41963333333333,2.9311,2006.0,7636.58,4288.95,357.6,2645.43,200.72,668.07,0.0
8,241.0,22.4153,34.6602,32.4683,86.8785,29.3824,18.8991,23.334000000000003,4.679399999999999,2006.0,241.0,5.522600000000001,28.867900000000002,0.0,56.0722,20.4958,10.380799999999999,15.925699999999999,0.8504999999999999,2006.0,241.0,17.037646666666667,31.56102666666667,4.813326666666668,70.14992000000001,25.302759999999996,15.00614666666667,19.87298666666667,2.6731333333333334,2006.0,7435.59,3688.3,337.87,2257.34,177.56,641.44,0.0
9,257.0,22.6177,34.399699999999996,48.6716,97.2109,27.949399999999997,18.416300000000003,22.1855,7.6117,2006.0,257.0,1.7076,25.822000000000003,0.0,51.373799999999996,13.1016,1.0924,7.6088,1.2765000000000002,2006.0,257.0,14.265126666666667,29.633546666666668,6.292833333333333,73.72542000000001,20.187459999999998,10.541853333333332,15.150653333333334,4.236873333333333,2006.0,6580.06,3415.27,475.63,2281.09,262.12,731.06,0.0
10,273.0,18.9274,30.742900000000002,9.5981,95.03889999999998,29.110200000000003,16.6373,19.8765,5.7549,2006.0,273.0,4.8585,24.964700000000004,0.0,47.962399999999995,13.939800000000002,4.9967,9.9929,1.7319,2006.0,273.0,14.935160000000003,27.92303333333333,1.4719133333333332,73.24467333333332,19.82698,9.302953333333333,14.083733333333333,3.8160866666666666,2006.0,5677.51,2450.23,500.76,1781.76,230.95,795.41,0.0
11,289.0,15.357399999999998,29.8478,9.7356,96.52650000000001,15.306,10.1337,12.822300000000002,7.815599999999999,2006.0,289.0,4.4441,19.304900000000004,0.0,34.9649,5.5919,-2.6804,1.2066999999999999,2.496,2006.0,289.0,9.388633333333335,25.718226666666663,1.9319466666666665,61.490979999999986,10.248326666666665,2.648733333333334,6.0307666666666675,4.520766666666665,2006.0,4908.13,2070.97,561.5,1624.69,293.97,856.06,0.83
12,305.0,13.450199999999999,28.9471,6.4324,93.10900000000001,23.9434,8.7089,14.739199999999999,5.9213000000000005,2006.0,305.0,3.6673,17.8649,0.0,36.91570000000001,3.5387999999999997,-4.139500000000001,-0.40210000000000007,2.3518999999999997,2006.0,305.0,10.382980000000002,23.70398000000001,1.0238933333333333,63.09502,11.729006666666665,1.8481666666666667,6.1098799999999995,4.088186666666667,2006.0,4826.37,2327.53,732.82,1968.38,425.61,1072.25,0.94
