,DOY,INSgdmax,RADmax,RAINmax,RHmax,TMAXmax,TMINmax,Tmax,WINDmax,YEAR,DOY,INSgdmin,RADmin,RAINmin,RHmin,TMAXmin,TMINmin,Tmin,WINDmin,YEAR,DOY,INSgdmean,RADmean,RAINmean,RHmean,TMAXmean,TMINmean,Tmean,WINDmean,YEAR,NDVI,EVI,RED,NIR,BLUE,MIR,pixrel
0,113.0,28.5056,29.8352,23.1588,96.55879999999999,20.8,12.706800000000001,15.6612,6.603999999999999,2006.0,113.0,2.8544000000000005,23.326,0.0,38.5972,10.6364,1.3872,7.0112000000000005,1.9255999999999998,2006.0,113.0,15.99944,26.62792,4.830106666666667,65.53648,15.941946666666668,7.002986666666667,11.51072,4.299706666666667,2006.0,4722.8,2155.5,442.44,1711.57,190.91,830.79,20.4
1,129.0,24.4156,31.7764,8.1876,84.608,22.1492,13.3108,16.6732,7.1732,2006.0,129.0,7.1404,25.4876,0.0,51.1644,7.470000000000001,0.5272000000000001,5.4352,2.762,2006.0,129.0,16.991813333333333,27.591973333333335,1.8851999999999998,72.07184,15.947413333333332,7.737546666666666,11.65504,4.383493333333334,2006.0,5800.79,3327.61,433.64,2396.75,206.97,748.55,18.3
2,145.0,30.010399999999997,33.239999999999995,15.8412,86.8484,28.6,21.130399999999998,24.191200000000002,5.650399999999999,2006.0,145.0,11.4872,27.476,0.0,31.458400000000005,17.7676,8.3272,14.5036,1.4864000000000002,2006.0,145.0,21.908773333333333,30.828719999999997,2.8287466666666665,58.438426666666665,24.48968,14.288986666666666,19.36546666666667,3.6176799999999996,2006.0,6673.11,4258.89,271.3,2822.45,110.36,587.83,22.96
3,161.0,31.21,35.230000000000004,17.570800000000002,70.95320000000001,32.7436,23.5904,27.8296,6.063199999999999,2006.0,161.0,3.8192000000000004,28.1632,0.0,37.7672,17.0484,7.7372,13.132800000000001,1.1604,2006.0,161.0,21.075093333333335,31.425520000000002,4.940266666666666,50.276826666666665,27.376053333333335,16.664506666666668,21.884586666666664,3.82992,2006.0,7095.82,4420.0,293.25,2774.1,161.03,534.88,7.71
4,177.0,31.659200000000002,35.2192,17.5792,68.8232,32.9768,21.5564,26.7552,4.252400000000001,2006.0,177.0,15.29,27.8104,0.0,43.3124,23.6436,12.113199999999999,19.366799999999998,1.1544,2006.0,177.0,23.541786666666667,31.299413333333334,2.7025066666666664,52.239279999999994,29.008719999999997,16.550079999999998,22.80194666666667,2.883413333333333,2006.0,7184.09,4477.47,315.93,2809.06,179.31,543.34,5.2
5,193.0,30.766399999999997,36.1992,9.5552,86.8868,35.3792,23.0676,28.7148,4.8896,2006.0,193.0,9.7376,28.4192,0.0,35.678,24.8084,12.7256,20.69,1.3956,2006.0,193.0,23.251013333333333,33.05448,1.8126933333333333,56.04722666666667,31.12394666666667,18.836479999999995,24.72768,3.22288,2006.0,6909.98,4434.74,295.69,2869.21,145.16,598.09,15.32
6,209.0,28.8964,39.3236,17.7564,77.3428,38.10079999999999,24.9088,30.2112,5.8432,2006.0,209.0,10.8292,30.1328,0.0,42.8972,25.8996,15.467199999999998,21.834400000000002,1.2207999999999999,2006.0,209.0,22.431973333333328,34.42247999999999,3.4384533333333334,58.10344,31.977360000000004,19.973466666666667,25.681600000000003,3.06496,2006.0,6874.87,4120.6,262.46,2627.11,117.88,548.35,17.87
7,225.0,27.153599999999997,36.244,22.4108,87.1988,30.9608,21.5264,26.214399999999998,4.857200000000001,2006.0,225.0,5.018,28.9936,0.0,47.664,21.8296,11.7728,19.2148,1.3456000000000001,2006.0,225.0,17.367013333333333,33.31626666666667,4.785013333333334,69.57149333333334,27.242933333333333,17.18245333333333,22.027173333333337,2.86936,2006.0,6561.15,3825.59,271.79,2512.46,109.7,580.9,22.95
8,241.0,23.203199999999995,34.882400000000004,31.042,86.44200000000001,28.380399999999998,19.114,22.531999999999996,3.7904,2006.0,241.0,6.0196,28.3992,0.0,49.492,20.1236,10.448,15.9972,1.028,2006.0,241.0,16.988026666666666,31.5452,5.58312,69.20269333333334,25.38426666666667,14.657493333333333,19.962533333333337,2.2656533333333333,2006.0,6380.79,3345.06,287.38,2194.39,118.19,567.26,20.41
9,257.0,22.5224,33.9628,24.732400000000002,97.22679999999998,26.8884,16.62,20.659200000000002,6.6888000000000005,2006.0,257.0,3.1304,23.4284,0.0,60.0404,12.032399999999999,1.1848,6.5252,1.4428,2006.0,257.0,13.765199999999998,29.25050666666667,4.85848,76.91264000000001,18.932906666666668,9.672906666666666,14.261573333333335,3.863226666666667,2006.0,5879.77,3060.29,581.86,2246.93,367.19,836.29,5.32
10,273.0,18.950000000000003,30.6328,3.7336,97.3268,27.315599999999996,15.6472,18.986399999999996,5.376399999999999,2006.0,273.0,5.699599999999999,23.2192,0.0,49.1892,14.1716,4.554,9.586400000000001,1.5175999999999998,2006.0,273.0,14.810000000000002,27.478906666666663,0.48304,74.06687999999998,18.79184,8.449146666666666,13.316400000000002,3.5043466666666667,2006.0,4755.43,1924.33,380.15,1545.56,108.54,639.57,22.95
11,289.0,14.696,30.046,7.4879999999999995,95.4692,14.416,9.3308,12.2288,8.2776,2006.0,289.0,3.9908,19.6436,0.0,38.05,4.1056,-2.116,0.6119999999999999,2.2036,2006.0,289.0,8.217413333333333,25.698133333333338,1.5951733333333336,63.994613333333334,9.099440000000001,2.108986666666667,5.2544,4.311813333333333,2006.0,3845.43,1812.2,911.39,1891.93,637.97,1120.72,3.91
12,305.0,13.5936,28.4568,7.226800000000001,90.0076,22.546000000000003,8.7472,14.0336,5.6996,2006.0,305.0,2.6592000000000002,18.5608,0.0,39.0344,2.668,-3.696,-0.6427999999999999,2.472,2006.0,305.0,9.755279999999999,23.520506666666666,1.1530666666666667,62.973199999999984,10.53136,1.5817866666666665,5.506853333333334,3.931386666666666,2006.0,3931.71,1767.98,715.07,1648.81,422.49,918.3,1.36
