,DOY,INSgdmax,RADmax,RAINmax,RHmax,TMAXmax,TMINmax,Tmax,WINDmax,YEAR,DOY,INSgdmin,RADmin,RAINmin,RHmin,TMAXmin,TMINmin,Tmin,WINDmin,YEAR,DOY,INSgdmean,RADmean,RAINmean,RHmean,TMAXmean,TMINmean,Tmean,WINDmean,YEAR,NDVI,EVI,RED,NIR,BLUE,MIR,pixrel
0,113.0,28.55,29.27,35.91,90.82,20.87,10.48,14.43,6.95,2006.0,113.0,3.71,22.07,0.0,32.34,11.47,1.7,7.62,1.93,2006.0,113.0,17.404666666666667,25.776,4.250666666666667,58.20866666666668,16.188,6.381333333333333,11.303333333333333,3.8253333333333344,2006.0,4837.26,2337.78,653.9,1899.85,339.35,1196.48,0.0
1,129.0,28.19,31.03,13.2,89.9,20.2,12.7,15.25,5.42,2006.0,129.0,5.87,24.48,0.0,48.71,4.66,0.57,2.64,2.5,2006.0,129.0,15.196666666666665,27.600666666666665,4.310666666666666,75.12133333333333,14.916000000000002,7.018000000000001,10.922666666666666,3.5506666666666664,2006.0,5907.05,3338.65,623.42,2454.87,336.02,1090.1,0.07
2,145.0,31.03,33.95,13.99,87.72,28.12,20.87,24.47,4.5,2006.0,145.0,10.33,26.06,0.0,31.9,17.07,3.96,11.85,1.09,2006.0,145.0,22.36933333333333,30.555333333333333,2.5980000000000003,58.803999999999995,23.731999999999992,13.422666666666668,18.581333333333337,2.832,2006.0,7917.61,5024.83,349.97,3116.65,201.83,694.23,0.0
3,161.0,31.5,35.03,12.63,68.39,31.9,23.27,27.3,4.74,2006.0,161.0,8.24,27.25,0.0,38.2,17.82,8.27,14.51,1.88,2006.0,161.0,20.913333333333334,30.41933333333333,4.080666666666667,51.213999999999984,26.066666666666666,15.148000000000001,20.726,3.0793333333333335,2006.0,7736.9,5354.22,425.04,3486.09,244.71,806.99,0.01
4,177.0,29.52,34.16,16.53,71.37,32.1,20.46,25.92,4.25,2006.0,177.0,8.03,28.01,0.0,41.75,21.93,11.51,19.42,0.97,2006.0,177.0,22.27266666666667,31.15999999999999,2.338,54.88266666666666,27.947333333333336,16.187333333333335,22.252000000000006,2.7326666666666664,2006.0,8033.38,5478.05,365.82,3468.93,210.1,724.33,0.02
5,193.0,29.88,35.68,9.99,90.97,35.87,23.42,28.14,4.17,2006.0,193.0,7.27,28.48,0.0,34.3,22.41,12.2,20.31,1.54,2006.0,193.0,23.289999999999996,32.72,1.6293333333333337,57.03266666666666,30.508666666666667,18.423999999999996,24.33,2.8680000000000003,2006.0,7852.83,5138.2,370.74,3239.07,213.79,722.9,0.01
6,209.0,28.58,37.58,23.41,78.16,34.83,25.12,29.5,4.36,2006.0,209.0,7.96,30.6,0.0,40.54,25.18,15.95,21.68,1.33,2006.0,209.0,22.087333333333337,34.16933333333334,5.135999999999999,60.944666666666656,30.99333333333334,20.507999999999996,25.474666666666668,2.8346666666666662,2006.0,7787.56,4973.4,377.52,3127.75,217.14,786.19,0.01
7,225.0,26.89,36.25,20.54,72.44,31.2,23.28,26.13,4.92,2006.0,225.0,4.1,29.3,0.0,43.6,23.35,14.75,20.77,1.37,2006.0,225.0,16.893333333333334,33.22266666666667,3.5879999999999996,58.748000000000005,28.073333333333338,17.88466666666667,22.832666666666668,2.623333333333333,2006.0,7901.36,4637.31,320.69,2811.13,182.77,663.77,0.01
8,241.0,24.37,35.78,21.83,81.73,29.34,20.9,22.8,2.59,2006.0,241.0,5.47,27.25,0.0,43.88,22.45,11.84,17.98,0.93,2006.0,241.0,15.479333333333335,31.781333333333336,5.286666666666667,63.25666666666665,26.11066666666666,15.720666666666665,20.77933333333333,1.9660000000000002,2006.0,7620.32,4288.79,342.08,2617.5,194.65,656.94,0.0
9,257.0,22.14,33.23,20.07,95.86,25.64,16.4,20.46,5.22,2006.0,257.0,3.24,22.18,0.0,60.39,11.13,3.12,7.64,1.87,2006.0,257.0,12.246666666666668,29.293333333333337,3.778,74.72466666666666,18.292666666666666,9.984000000000002,14.273333333333333,3.2186666666666666,2006.0,7085.5,3991.06,430.75,2564.08,243.04,737.06,0.04
10,273.0,19.44,30.64,5.63,93.63,25.56,16.68,19.34,3.93,2006.0,273.0,9.22,22.18,0.0,45.36,13.65,3.84,9.26,2.08,2006.0,273.0,15.000666666666666,27.221333333333334,1.2926666666666664,68.69066666666666,18.39466666666667,8.564666666666666,13.29,3.1366666666666676,2006.0,5308.09,2593.11,609.29,2004.34,303.86,843.12,0.08
11,289.0,13.61,30.35,8.41,94.19,15.9,10.34,13.37,7.57,2006.0,289.0,3.64,20.95,0.0,41.55,3.95,-1.94,0.85,2.0,2006.0,289.0,7.1666666666666625,26.215999999999998,2.4813333333333336,64.49533333333333,9.189999999999998,2.3213333333333335,5.413333333333332,3.6573333333333333,2006.0,4829.97,1967.44,532.33,1529.98,280.15,959.46,0.11
12,305.0,13.32,29.02,11.34,89.98,19.05,7.79,12.31,5.44,2006.0,305.0,3.31,18.14,0.0,39.52,2.07,-4.28,-0.91,2.45,2006.0,305.0,9.380666666666666,23.553333333333327,1.226,60.75199999999999,9.840666666666667,1.594666666666666,5.2266666666666675,3.519333333333334,2006.0,4802.25,2022.93,556.82,1591.32,295.89,1008.93,0.65
