,DOY,INSgdmax,RADmax,RAINmax,RHmax,TMAXmax,TMINmax,Tmax,WINDmax,YEAR,DOY,INSgdmin,RADmin,RAINmin,RHmin,TMAXmin,TMINmin,Tmin,WINDmin,YEAR,DOY,INSgdmean,RADmean,RAINmean,RHmean,TMAXmean,TMINmean,Tmean,WINDmean,YEAR,NDVI,EVI,RED,NIR,BLUE,MIR,pixrel
0,113.0,28.628800000000002,31.6012,19.3888,94.70920000000001,22.724000000000004,13.474,16.8184,5.8392,2006.0,113.0,2.2640000000000002,23.8356,0.0,39.3812,13.331199999999999,1.488,8.5344,1.7244,2006.0,113.0,16.424453333333332,27.045359999999995,3.8087200000000005,63.067946666666664,18.275466666666674,8.105306666666666,13.227946666666668,3.95576,2006.0,5552.18,2810.4,571.1,2084.67,315.45,1064.88,0.0
1,129.0,26.650399999999998,31.9412,16.0268,81.87039999999999,22.0332,14.1944,16.8812,7.506400000000001,2006.0,129.0,8.285599999999999,24.224,0.0,52.7984,10.1948,1.9512,8.043999999999999,1.2824,2006.0,129.0,17.477813333333334,27.691786666666665,2.0084533333333336,66.48634666666666,17.332213333333332,8.693093333333334,12.922453333333333,4.072133333333333,2006.0,6729.81,3609.23,421.34,2335.91,253.4,750.24,0.23
2,145.0,29.5488,34.0648,19.3844,83.05160000000001,29.5548,21.31,24.7976,5.7252,2006.0,145.0,10.5124,28.900800000000004,0.0,28.6664,21.6412,10.494,17.4196,1.6099999999999999,2006.0,145.0,21.09,31.45544,3.6990133333333333,57.03981333333334,26.314799999999998,16.452959999999997,21.17768,3.527386666666666,2006.0,7062.17,3893.19,412.83,2495.87,258.42,753.71,0.03
3,161.0,31.2808,34.7,16.1464,69.6824,34.088,24.6584,28.7304,6.3108,2006.0,161.0,7.5168,28.7744,0.0,37.757999999999996,17.976399999999998,9.6668,14.762,1.1824,2006.0,161.0,21.354266666666664,31.81365333333333,3.298586666666667,48.20282666666667,29.52034666666667,17.445333333333334,23.41117333333333,3.5129600000000005,2006.0,7430.65,4647.95,415.87,2964.57,263.69,741.85,0.18
4,177.0,31.88,37.7464,19.896,69.4236,37.102,23.9416,30.215200000000003,5.5771999999999995,2006.0,177.0,10.2492,28.5244,0.0,35.808,23.9304,12.418800000000001,19.802799999999998,1.1432000000000002,2006.0,177.0,21.52816,32.3684,4.410213333333334,49.52632,31.13328,18.225333333333335,24.64997333333333,2.909786666666667,2006.0,7447.03,4416.05,385.22,2743.72,259.61,691.2,0.95
5,193.0,30.175599999999996,36.7232,14.1648,86.202,37.142,22.5244,28.9772,3.856,2006.0,193.0,7.2792,29.2252,0.0,34.2244,26.0712,14.8772,22.392400000000002,1.0936,2006.0,193.0,23.50205333333333,33.38909333333333,2.664026666666667,58.20845333333334,31.936213333333335,19.694160000000004,25.54824,2.590933333333333,2006.0,7409.28,4021.36,343.57,2464.52,216.11,640.11,0.04
6,209.0,28.6952,38.576,26.357599999999998,69.27080000000001,38.43000000000001,26.6708,31.506400000000003,5.324,2006.0,209.0,11.7448,31.120399999999997,0.0,37.0232,26.5348,16.4904,22.8204,1.1496,2006.0,209.0,22.43605333333333,34.86978666666667,4.33384,52.454906666666666,33.55792,21.619493333333338,27.47885333333333,3.2456266666666673,2006.0,7306.85,4051.77,382.75,2543.74,235.58,702.3,0.0
7,225.0,26.426000000000002,37.1248,24.973999999999997,77.3964,34.5764,24.418,28.876799999999996,4.1804,2006.0,225.0,5.9312000000000005,29.8208,0.0,46.3344,27.1588,13.336,22.099999999999998,1.5884,2006.0,225.0,16.073786666666667,34.783973333333336,7.491706666666666,63.51869333333332,30.157653333333336,19.687146666666663,24.678026666666668,2.6518666666666664,2006.0,7437.72,4012.15,353.69,2501.66,203.83,671.98,0.26
8,241.0,23.595999999999997,35.604,21.3612,84.044,31.322,21.896,24.9204,4.2236,2006.0,241.0,5.2704,29.3116,0.0,56.1688,21.8232,12.4348,17.569200000000002,1.0344000000000002,2006.0,241.0,17.04736,32.351600000000005,3.7371733333333337,67.38624,26.592133333333333,16.394080000000002,21.325760000000002,2.38336,2006.0,7077.14,3558.1,339.01,2217.58,190.62,637.26,0.15
9,257.0,22.95,34.2896,21.4336,93.9832,28.9984,18.6008,23.2924,6.6032,2006.0,257.0,1.9796,26.1308,0.0,50.6284,14.7664,2.232,9.2,1.2172,2006.0,257.0,14.552586666666667,30.22248,4.76192,66.11885333333333,22.375119999999995,11.760506666666664,17.027120000000004,3.60344,2006.0,6533.89,3458.23,436.49,2280.7,248.12,718.29,0.0
10,273.0,20.1152,32.5192,7.1983999999999995,85.3808,30.4872,19.1352,21.2968,4.7736,2006.0,273.0,6.7248,25.1856,0.0,42.7364,16.0056,5.2248,10.9068,2.2828,2006.0,273.0,15.648746666666668,28.305439999999997,1.2480533333333332,65.59213333333334,21.244293333333328,10.20464,15.368133333333335,3.514613333333333,2006.0,5819.68,2632.97,439.97,1819.69,232.28,729.07,0.0
11,289.0,15.915600000000001,30.735200000000003,15.6388,93.798,17.6764,12.916,15.1,6.7584,2006.0,289.0,3.2007999999999996,19.465200000000003,0.0,33.2008,5.808399999999999,-2.7756,1.2176,2.3776,2006.0,289.0,8.765066666666666,26.019893333333332,4.268933333333333,65.54008,11.230533333333334,2.965093333333334,6.800400000000001,3.8874933333333335,2006.0,5531.39,2339.19,452.92,1657.77,255.31,672.39,0.69
12,305.0,13.604,29.326,7.9972,94.22040000000001,21.9768,8.992,14.1916,5.0604,2006.0,305.0,3.1448,17.985599999999998,0.0,41.0968,4.4896,-5.3824,-0.10640000000000001,2.3392,2006.0,305.0,10.086506666666665,24.231679999999997,1.2025333333333332,65.63616,11.957120000000003,2.85408,6.843333333333334,3.7864800000000005,2006.0,4048.57,2164.32,1022.24,2212.63,756.29,798.23,1.3
