,DOY,INSgdmax,RADmax,RAINmax,RHmax,TMAXmax,TMINmax,Tmax,WINDmax,YEAR,DOY,INSgdmin,RADmin,RAINmin,RHmin,TMAXmin,TMINmin,Tmin,WINDmin,YEAR,DOY,INSgdmean,RADmean,RAINmean,RHmean,TMAXmean,TMINmean,Tmean,WINDmean,YEAR,NDVI,EVI,RED,NIR,BLUE,MIR,pixrel
0,113.0,28.858300000000003,31.1492,27.154100000000003,97.2637,20.979300000000002,11.3834,14.5152,6.583099999999999,2006.0,113.0,4.5115,23.7658,0.0,45.8429,8.3682,0.5362,5.1535,1.9867000000000001,2006.0,113.0,14.565426666666669,27.100013333333333,3.7288466666666666,70.59704,15.564873333333335,6.497886666666668,11.206380000000001,4.1326,2006.0,3357.93,2154.76,1332.32,2676.33,674.25,2767.79,0.57
1,129.0,30.9974,31.3886,7.5967,82.7069,23.3325,13.557799999999999,17.4385,8.1398,2006.0,129.0,10.124600000000001,21.488400000000002,0.0,35.9101,13.592600000000003,4.890499999999999,9.7386,3.4282,2006.0,129.0,19.45548,27.500553333333333,1.3908933333333335,58.43498666666666,18.236580000000004,8.778086666666667,13.543440000000002,5.216566666666667,2006.0,4068.15,2410.94,1008.22,2416.3,517.14,2143.05,0.06
2,145.0,30.328900000000004,33.1902,10.604,84.6767,31.244,21.000999999999998,23.5,7.706000000000001,2006.0,145.0,19.709600000000002,28.960900000000002,0.0,32.523399999999995,18.271800000000002,10.739499999999998,15.279200000000001,1.3211,2006.0,145.0,24.88056,30.934039999999996,2.2704400000000002,56.19471333333334,25.949526666666678,15.07908,20.590866666666667,4.3392800000000005,2006.0,4775.22,3187.2,1070.61,3010.16,552.88,2322.01,0.24
3,161.0,30.5816,34.304399999999994,12.6276,77.54679999999999,34.4651,22.0914,27.5972,8.597,2006.0,161.0,10.0368,29.0533,0.0,39.073499999999996,18.0668,8.8014,13.601700000000001,1.2757999999999998,2006.0,161.0,20.481633333333335,32.07004666666666,4.2100800000000005,54.42376666666668,29.00286,17.170640000000002,22.892360000000004,4.296566666666667,2006.0,6666.94,4789.77,713.74,3604.74,379.87,1493.8,0.06
4,177.0,31.924099999999996,36.6192,12.0003,69.76299999999999,36.9661,22.6752,28.3616,4.9477,2006.0,177.0,12.997300000000001,28.855100000000004,0.0,39.6242,23.912499999999998,13.331100000000003,19.4891,0.9582,2006.0,177.0,25.414473333333333,31.48458666666666,3.3989666666666665,50.39253333333333,29.965713333333337,17.45896666666667,23.430893333333337,2.938953333333333,2006.0,7277.87,5244.85,572.46,3686.48,308.09,1240.0,0.68
5,193.0,30.8957,36.3733,8.3294,76.0115,39.942400000000006,24.301299999999998,30.7108,5.9893,2006.0,193.0,13.6512,29.1065,0.0,32.469300000000004,27.3881,13.225700000000002,20.761400000000002,1.6576,2006.0,193.0,25.320853333333332,33.5737,2.120693333333333,49.67565333333334,33.0174,19.247460000000004,25.782273333333332,3.4672466666666666,2006.0,8093.35,6049.75,406.64,3991.4,220.84,918.08,0.1
6,209.0,29.2867,38.3935,16.7275,70.6135,38.3922,25.119799999999998,31.583399999999997,7.3148,2006.0,209.0,6.988300000000001,30.054199999999998,0.0,39.2912,24.8214,13.461699999999999,22.0851,1.1524,2006.0,209.0,24.136726666666668,34.43971333333333,3.0651866666666665,53.38089333333334,32.90272,20.11311333333333,26.248506666666664,3.8036,2006.0,7700.51,5669.71,486.31,3855.68,260.1,1004.6,0.01
7,225.0,27.202700000000004,36.4491,31.7162,95.85539999999999,33.045199999999994,20.745400000000004,25.789900000000003,4.9231,2006.0,225.0,11.0633,28.229900000000004,0.0,48.710899999999995,21.903699999999997,11.91,18.7984,1.6787,2006.0,225.0,19.062540000000006,33.69632,8.7684,73.39794666666667,27.67834666666667,17.23481333333333,22.21534666666667,3.1686266666666656,2006.0,7920.6,6178.83,476.67,4245.03,256.78,978.84,0.08
8,241.0,24.297500000000003,33.4919,23.9268,89.41159999999999,30.0993,18.6734,23.4253,5.264900000000001,2006.0,241.0,4.6894,27.2752,0.0,61.223,16.676,9.5641,14.413899999999998,1.3452000000000002,2006.0,241.0,17.480293333333332,30.797593333333324,3.3010200000000003,74.6484,23.945886666666663,14.088913333333336,18.749306666666673,3.1097799999999993,2006.0,7239.2,4604.18,461.66,3051.73,247.49,976.81,0.01
9,257.0,23.1116,33.70179999999999,51.5042,98.6867,28.248700000000003,17.709699999999998,22.2642,7.700799999999999,2006.0,257.0,1.8965,24.5167,0.0,47.3011,12.4703,0.9357,8.515,1.882,2006.0,257.0,14.068093333333334,29.60385333333333,7.8679266666666665,72.57730666666666,20.282606666666666,10.651233333333334,15.192193333333332,4.680886666666667,2006.0,5772.2,3402.41,664.99,2590.02,340.26,1282.07,0.0
10,273.0,18.7524,30.675800000000002,12.6044,92.3649,29.682599999999997,14.305500000000002,20.6113,7.297499999999999,2006.0,273.0,3.1817,23.7494,0.0,49.733399999999996,12.402099999999999,5.195,9.7381,1.4870999999999999,2006.0,273.0,14.315693333333334,27.899253333333338,1.8963399999999997,70.05506000000001,20.980720000000005,9.550346666666668,14.675393333333332,4.05742,2006.0,3839.0,2196.49,1064.54,2357.3,525.28,1881.89,0.01
11,289.0,16.798099999999998,30.9805,6.0171,95.0804,15.599300000000001,9.7651,11.567,7.3069999999999995,2006.0,289.0,4.2635,19.195700000000002,0.0,32.1678,5.9597,-4.403499999999999,1.1242,2.2852,2006.0,289.0,10.178639999999998,25.506420000000006,1.5486866666666668,59.12541333333334,10.875066666666667,2.0948866666666666,6.170786666666666,4.687893333333333,2006.0,3415.81,1817.87,1005.79,2040.95,511.69,1778.86,0.01
12,305.0,13.2458,28.8133,3.4422000000000006,92.26230000000001,25.314500000000002,10.177200000000001,15.7803,6.614400000000001,2006.0,305.0,4.3258,17.8999,0.0,35.9004,3.9563,-6.2783,-0.471,2.2428000000000003,2006.0,305.0,10.95616,23.282746666666668,0.4946399999999999,57.83344666666666,12.919126666666667,1.1959199999999999,6.408033333333334,3.9198733333333338,2006.0,2886.45,1578.49,1145.76,2074.42,573.26,2102.45,0.0
