,DOY,INSgdmax,RADmax,RAINmax,RHmax,TMAXmax,TMINmax,Tmax,WINDmax,YEAR,DOY,INSgdmin,RADmin,RAINmin,RHmin,TMAXmin,TMINmin,Tmin,WINDmin,YEAR,DOY,INSgdmean,RADmean,RAINmean,RHmean,TMAXmean,TMINmean,Tmean,WINDmean,YEAR,NDVI,EVI,RED,NIR,BLUE,MIR,pixrel
0,113.0,28.01,31.9,20.03,91.35,24.06,15.93,18.27,5.73,2006.0,113.0,2.66,25.6,0.0,36.11,13.99,4.39,9.68,1.75,2006.0,113.0,17.682000000000002,27.65333333333333,3.3273333333333337,60.140666666666654,19.782666666666664,9.216000000000001,14.466666666666667,3.6153333333333326,2006.0,5738.09,3198.34,541.63,2312.47,306.89,943.34,0.0
1,129.0,28.3,31.86,9.8,85.68,22.5,14.15,17.05,6.75,2006.0,129.0,10.04,25.81,0.0,48.45,10.11,2.49,8.98,1.31,2006.0,129.0,16.850666666666665,28.267333333333337,1.3939999999999997,66.99600000000001,17.980000000000004,8.984666666666666,13.392666666666663,3.610666666666666,2006.0,6395.1,3961.18,553.01,2849.8,319.03,996.44,0.22
2,145.0,28.94,34.13,21.27,80.82,31.1,21.2,25.08,5.47,2006.0,145.0,8.71,29.74,0.0,28.66,22.99,9.13,17.88,1.75,2006.0,145.0,22.218666666666664,31.95133333333333,3.6420000000000003,57.60466666666666,27.398000000000007,16.906666666666663,22.005333333333333,3.2359999999999998,2006.0,6728.11,4003.38,501.04,2716.46,294.93,938.2,0.01
3,161.0,31.68,34.74,31.98,69.63,34.9,24.87,29.02,5.52,2006.0,161.0,8.06,28.87,0.0,39.26,20.67,11.33,17.53,1.0,2006.0,161.0,22.554666666666673,32.01466666666667,4.022,49.20600000000001,30.347333333333328,17.552000000000003,23.847333333333335,3.2120000000000006,2006.0,7011.38,4314.23,489.19,2892.74,291.68,885.5,0.02
4,177.0,30.89,37.73,19.68,74.47,37.69,23.96,30.48,5.43,2006.0,177.0,9.65,29.16,0.0,30.25,25.45,12.95,19.27,1.2,2006.0,177.0,21.06266666666667,32.96333333333334,3.286666666666667,51.268,31.926,18.377333333333333,25.13933333333334,2.866000000000001,2006.0,6964.16,4265.71,467.9,2860.21,286.81,857.49,0.85
5,193.0,30.28,37.15,17.24,86.27,37.56,22.87,29.22,3.19,2006.0,193.0,9.32,29.95,0.0,34.13,26.24,16.49,23.46,1.26,2006.0,193.0,24.187333333333335,33.89,2.0506666666666664,58.394666666666666,32.61733333333333,20.526000000000003,26.27333333333333,2.2460000000000004,2006.0,7006.55,4426.09,459.92,2971.38,275.18,833.01,0.03
6,209.0,28.76,37.58,19.54,69.65,37.29,26.11,30.75,4.62,2006.0,209.0,9.68,31.46,0.0,37.01,29.91,16.64,23.3,1.44,2006.0,209.0,22.744666666666667,34.99066666666667,3.1746666666666665,52.797999999999995,34.442,22.076,27.985333333333337,3.084666666666666,2006.0,6937.31,4055.2,443.44,2686.17,264.38,831.28,0.0
7,225.0,25.24,38.45,26.66,76.31,37.06,25.54,30.44,3.73,2006.0,225.0,5.72,29.34,0.0,41.62,28.5,13.75,22.77,1.2,2006.0,225.0,16.298666666666666,35.565999999999995,4.3,59.49733333333334,32.09399999999999,20.829333333333338,26.19666666666667,2.4666666666666663,2006.0,7031.18,4198.48,415.41,2759.66,245.01,770.78,0.23
8,241.0,24.84,36.43,24.61,92.66,33.03,23.25,26.43,4.06,2006.0,241.0,5.22,29.34,0.0,53.47,22.67,11.39,18.16,0.77,2006.0,241.0,16.809333333333335,32.79133333333333,4.078,69.50866666666666,26.95533333333334,17.03466666666667,21.84666666666667,2.203333333333333,2006.0,7057.27,3944.27,360.24,2529.61,206.06,668.03,0.24
9,257.0,22.97,35.32,27.13,85.59,29.41,20.4,23.98,5.57,2006.0,257.0,4.46,26.42,0.0,50.76,16.21,3.46,10.61,1.16,2006.0,257.0,14.480666666666666,31.062,3.3633333333333337,62.04666666666666,24.07999999999999,13.048666666666668,18.541333333333334,3.142,2006.0,6681.02,3757.16,409.21,2455.46,239.99,701.17,0.0
10,273.0,20.45,34.34,4.95,79.64,30.91,19.69,23.38,4.55,2006.0,273.0,3.17,24.62,0.0,40.56,17.0,5.17,11.32,2.06,2006.0,273.0,15.738,28.81666666666667,0.7133333333333333,59.845333333333336,22.598666666666666,11.168666666666669,16.612666666666666,3.388666666666667,2006.0,5421.58,2708.58,535.14,2016.95,282.44,868.56,0.03
11,289.0,17.78,31.0,20.31,87.56,21.3,12.37,16.19,5.65,2006.0,289.0,2.74,19.4,0.0,31.63,6.5,-3.79,1.35,2.24,2006.0,289.0,9.430666666666665,25.84000000000001,3.826666666666666,67.53866666666667,12.570666666666664,3.464,7.785333333333336,3.4913333333333343,2006.0,5154.44,2611.0,612.06,2049.4,333.15,974.36,0.23
12,305.0,14.26,29.74,11.97,93.28,20.94,9.7,13.62,4.9,2006.0,305.0,3.35,18.29,0.0,40.47,5.68,-6.76,0.0,1.49,2006.0,305.0,10.056000000000001,24.956000000000003,1.38,67.86733333333332,12.731333333333332,3.24,7.373333333333332,3.4153333333333338,2006.0,4036.85,2208.68,851.44,2058.7,514.93,1041.89,0.93
