,DOY,INSgdmax,RADmax,RAINmax,RHmax,TMAXmax,TMINmax,Tmax,WINDmax,YEAR,DOY,INSgdmin,RADmin,RAINmin,RHmin,TMAXmin,TMINmin,Tmin,WINDmin,YEAR,DOY,INSgdmean,RADmean,RAINmean,RHmean,TMAXmean,TMINmean,Tmean,WINDmean,YEAR,NDVI,EVI,RED,NIR,BLUE,MIR,pixrel
0,113.0,27.95,32.012499999999996,19.7855,91.78049999999999,23.994,15.8925,18.2955,5.607,2006.0,113.0,2.6015,25.573,0.0,36.0875,13.823500000000001,4.3629999999999995,9.6125,1.729,2006.0,113.0,17.477300000000003,27.68093333333333,3.4162333333333335,60.404166666666654,19.725166666666663,9.217100000000002,14.432366666666667,3.608033333333333,2006.0,5900.94,3723.65,738.6,2888.57,385.84,1425.22,0.0
1,129.0,28.57,31.9245,9.345500000000001,85.17750000000001,22.467,14.285,17.122,6.7725,2006.0,129.0,10.0025,25.475499999999997,0.0,47.7975,10.424999999999999,2.5125,9.16,1.2770000000000001,2006.0,129.0,16.805466666666668,28.26323333333334,1.3285999999999998,66.45030000000001,18.053100000000004,9.039266666666666,13.453666666666667,3.633666666666666,2006.0,7593.49,5811.14,556.58,4070.05,305.3,1105.84,0.8
2,145.0,29.0,34.103,21.0495,80.9175,31.307,21.1955,25.049999999999997,5.4595,2006.0,145.0,8.851,29.734,0.0,29.005000000000003,23.119,9.6295,17.982,1.768,2006.0,145.0,22.222766666666665,31.94843333333333,3.5636,57.77056666666665,27.425200000000004,16.92996666666666,22.018033333333335,3.258,2006.0,7573.2,5791.66,547.1,4042.67,299.17,1122.13,0.16
3,161.0,31.62,34.772999999999996,30.016500000000004,69.64949999999999,34.7755,24.717000000000002,29.0065,5.5245,2006.0,161.0,8.639,28.886500000000005,0.0,39.386,20.869500000000002,11.429,17.6635,0.9625,2006.0,161.0,22.57106666666667,32.036766666666665,3.8699999999999997,49.247700000000016,30.36163333333333,17.653800000000004,23.894033333333336,3.2224000000000004,2006.0,7801.83,5651.46,452.29,3765.4,251.21,874.42,0.27
4,177.0,30.8195,37.702999999999996,18.136499999999998,72.862,37.6585,24.02,30.522000000000002,5.433,2006.0,177.0,9.4925,29.2245,0.0,30.34,25.45,12.9695,19.417,1.2315,2006.0,177.0,21.127666666666666,32.973733333333335,3.1723666666666666,50.935399999999994,31.929,18.449133333333332,25.185333333333336,2.8787000000000007,2006.0,7804.66,5881.46,484.61,3991.4,269.49,1043.47,0.83
5,193.0,30.338500000000003,37.129,17.323999999999998,85.997,37.617000000000004,22.894,29.307,3.2109999999999994,2006.0,193.0,8.877500000000001,29.95,0.0,34.172,26.240000000000002,16.476499999999998,23.431500000000003,1.266,2006.0,193.0,24.155933333333337,33.9009,2.1314666666666664,58.16946666666666,32.638033333333325,20.506500000000003,26.270633333333333,2.2627,2006.0,7830.9,5456.49,427.39,3570.21,238.38,851.7,0.19
6,209.0,28.793,37.849999999999994,20.551,69.632,37.32,26.269,30.843,4.665,2006.0,209.0,9.5615,31.4495,0.0,36.851,29.683500000000002,16.748,23.3765,1.3875,2006.0,209.0,22.866566666666667,35.01416666666667,3.3106666666666666,52.49979999999999,34.4039,22.1185,28.009833333333336,3.106066666666666,2006.0,7623.73,5306.62,463.23,3525.75,256.13,957.07,0.0
7,225.0,25.4935,38.4275,27.833,76.577,37.126000000000005,25.4575,30.401000000000003,3.718,2006.0,225.0,5.78,29.34,0.0,41.9905,28.393500000000003,13.624,22.686,1.2389999999999999,2006.0,225.0,16.405166666666666,35.544799999999995,4.925,59.775933333333334,32.04249999999999,20.794633333333337,26.16636666666667,2.478966666666666,2006.0,7937.24,5701.45,424.54,3751.91,232.99,904.06,0.19
8,241.0,24.8295,36.403000000000006,25.503999999999998,91.98649999999999,32.9745,23.2245,26.341500000000003,4.0915,2006.0,241.0,5.1825,29.346,0.0,52.8715,22.6085,11.543000000000001,18.274,0.7580000000000001,2006.0,241.0,16.857333333333337,32.80063333333333,4.2145,69.27346666666665,26.966233333333335,17.04046666666667,21.854166666666668,2.214433333333333,2006.0,7932.72,5334.62,389.35,3417.63,215.07,801.85,0.13
9,257.0,23.024,35.254,28.3345,85.05600000000001,29.4805,20.288999999999994,24.049,5.675000000000001,2006.0,257.0,4.223000000000001,26.432000000000006,0.0,50.663999999999994,16.145500000000002,3.4015000000000004,10.631,1.1885,2006.0,257.0,14.524366666666666,30.9875,3.590733333333334,62.05246666666666,24.045699999999993,13.027066666666668,18.496533333333332,3.1748,2006.0,7950.5,5075.75,360.26,3184.56,197.57,760.71,0.0
10,273.0,20.477,34.238,5.3835,79.92500000000001,30.9895,19.695999999999998,23.3155,4.529,2006.0,273.0,3.4025,24.804500000000004,0.0,40.470000000000006,17.0165,5.2135,11.425,2.0825,2006.0,273.0,15.7765,28.85086666666667,0.9512333333333332,60.11023333333333,22.573266666666665,11.175166666666666,16.595266666666667,3.409366666666666,2006.0,6570.65,3790.24,546.29,2641.18,284.37,1008.37,0.0
11,289.0,17.7695,30.961000000000002,21.951,88.1225,21.0435,12.5335,16.151000000000003,5.6335,2006.0,289.0,2.686,19.4,0.0,31.466499999999996,6.5,-3.6895,1.374,2.2235,2006.0,289.0,9.344866666666665,25.836200000000005,4.020766666666666,67.41666666666667,12.522366666666663,3.459,7.7553333333333345,3.5013333333333345,2006.0,5450.23,3196.98,751.87,2564.65,387.17,1299.29,0.34
12,305.0,14.286999999999999,29.744500000000002,11.503499999999999,93.3325,21.174,9.684999999999999,13.7475,4.919500000000001,2006.0,305.0,3.4205,18.316999999999997,0.0,40.399499999999996,5.691999999999999,-6.7735,0.0015,1.5785,2006.0,305.0,10.143600000000001,24.928600000000003,1.3377000000000001,67.58743333333332,12.75923333333333,3.2471999999999994,7.398633333333333,3.427733333333334,2006.0,4991.12,2672.56,735.37,2235.2,368.48,1365.17,0.02
