,DOY,INSgdmax,RADmax,RAINmax,RHmax,TMAXmax,TMINmax,Tmax,WINDmax,YEAR,DOY,INSgdmin,RADmin,RAINmin,RHmin,TMAXmin,TMINmin,Tmin,WINDmin,YEAR,DOY,INSgdmean,RADmean,RAINmean,RHmean,TMAXmean,TMINmean,Tmean,WINDmean,YEAR,NDVI,EVI,RED,NIR,BLUE,MIR,pixrel
0,113.0,28.33,30.220399999999998,21.9114,90.47460000000001,22.3546,12.479600000000001,16.044999999999998,7.006799999999999,2006.0,113.0,3.1461999999999994,23.1152,0.0,36.4886,13.945,1.052,8.9104,1.6502,2006.0,113.0,17.72932,26.579906666666666,3.3263733333333336,59.82408000000001,17.947960000000002,7.491160000000001,12.818826666666666,3.9214933333333333,2006.0,5194.07,2350.7,529.57,1754.79,275.2,1018.98,0.01
1,129.0,29.098399999999998,30.9068,8.7686,89.9258,21.129199999999997,13.619600000000002,15.761399999999998,6.327399999999999,2006.0,129.0,5.9862,24.659,0.0,55.084599999999995,7.625799999999999,1.9020000000000001,5.228200000000001,2.0044000000000004,2006.0,129.0,15.632613333333335,27.67485333333334,1.8792,74.22618666666668,15.939906666666666,7.9295866666666655,11.85164,3.6559866666666663,2006.0,6287.48,3294.77,490.63,2256.05,262.37,872.01,0.3
2,145.0,29.736,34.3186,14.0128,84.0098,28.4174,21.294200000000004,24.768800000000002,5.131,2006.0,145.0,10.3704,27.025199999999998,0.0,28.7376,19.8332,6.5954,14.6058,1.2074,2006.0,145.0,23.322959999999995,30.867639999999998,2.6982,58.991546666666665,25.07510666666667,14.924586666666665,19.948319999999995,3.02292,2006.0,7805.31,4465.15,296.8,2689.31,172.46,563.44,0.1
3,161.0,31.1804,34.7678,23.276400000000002,68.4056,33.925799999999995,24.3012,28.2726,5.3438,2006.0,161.0,4.7432,27.7982,0.0,38.604200000000006,17.961599999999997,8.4158,14.3766,1.4678,2006.0,161.0,20.54656,30.88489333333333,4.64988,51.183346666666665,27.81034666666666,15.575866666666666,21.747346666666665,3.1383599999999996,2006.0,7981.1,5294.16,320.41,3307.94,183.91,657.11,0.01
4,177.0,31.7066,36.7368,11.6722,69.9288,35.555200000000006,21.6578,28.442999999999998,5.076,2006.0,177.0,8.3704,28.6914,0.0,39.913,24.42,12.1252,19.651999999999997,1.1469999999999998,2006.0,177.0,20.985493333333334,32.07841333333333,3.511333333333333,53.5516,29.991506666666666,17.17324,23.66673333333333,2.7115066666666667,2006.0,8192.56,5050.74,274.25,3050.07,154.86,554.78,0.42
5,193.0,30.688000000000002,36.882,16.502,89.71860000000001,36.0158,22.7288,28.0064,3.5673999999999997,2006.0,193.0,7.9406,29.436600000000002,0.0,34.232200000000006,25.3602,13.807400000000001,21.6616,1.3172,2006.0,193.0,22.648853333333335,33.29642666666667,3.391426666666667,60.11688000000001,31.335453333333326,19.393119999999996,25.079586666666664,2.53752,2006.0,8074.33,5034.23,275.88,3050.88,157.37,580.71,0.0
6,209.0,29.2466,37.66159999999999,21.988,71.93599999999999,36.9522,25.753800000000002,30.3744,4.7118,2006.0,209.0,8.325,31.2252,0.0,40.286,25.8826,16.1526,21.9604,0.9266000000000001,2006.0,209.0,22.29208,34.62665333333334,4.090426666666667,56.53006666666667,32.98493333333333,21.290346666666665,26.85521333333333,2.9331733333333334,2006.0,7931.42,4925.59,320.9,3047.61,178.63,670.45,0.13
7,225.0,26.8896,37.1302,17.344800000000003,74.9568,33.5984,24.1284,28.1986,4.4618,2006.0,225.0,6.0128,29.6346,0.0,44.083800000000004,26.075400000000002,14.8914,21.740000000000002,1.3678,2006.0,225.0,17.294253333333334,34.152680000000004,3.3423999999999996,58.442626666666655,29.891706666666675,19.25248,24.39145333333333,2.5060933333333333,2006.0,7783.84,4440.05,284.54,2651.63,162.8,553.0,0.01
8,241.0,22.8754,35.8784,36.209199999999996,85.4028,31.528399999999998,22.362000000000002,24.8176,3.2046,2006.0,241.0,4.0194,28.285400000000003,0.0,53.474399999999996,21.3854,11.9988,16.9976,0.7704,2006.0,241.0,16.005733333333332,32.22569333333334,5.057880000000001,67.04578666666666,26.524306666666668,16.254346666666667,21.1166,2.148306666666667,2006.0,7311.31,3970.32,327.44,2420.94,184.91,577.69,0.01
9,257.0,22.328200000000002,33.465199999999996,22.47,92.3696,28.211199999999998,16.925799999999995,22.3442,5.589,2006.0,257.0,3.3168000000000006,23.919399999999996,0.0,52.8058,13.4012,2.8482000000000003,8.6846,1.2355999999999998,2006.0,257.0,13.136813333333333,29.877080000000007,5.39044,68.30354666666668,21.243759999999998,11.045013333333333,16.419026666666667,3.2738266666666664,2006.0,6223.29,3124.44,460.78,2111.97,254.9,644.84,0.32
10,273.0,19.3886,31.8524,4.406000000000001,88.1578,28.318600000000004,18.6766,21.174,4.2242,2006.0,273.0,8.1982,23.2188,0.0,45.028400000000005,14.6082,4.119999999999999,9.868,2.2622,2006.0,273.0,15.315253333333333,27.787733333333332,0.59092,65.43376,20.292546666666667,9.616786666666666,14.758586666666666,3.1918800000000003,2006.0,5241.57,2039.8,442.45,1511.2,184.33,650.81,2.55
11,289.0,15.0168,31.028599999999997,12.3184,91.1244,17.8998,12.919599999999999,15.2546,6.9442,2006.0,289.0,2.7032,19.869600000000002,0.0,36.8558,4.7174,-2.1517999999999997,1.4306,2.0906,2006.0,289.0,7.652613333333333,26.271026666666664,3.1084933333333327,67.11638666666667,10.553106666666668,3.0301600000000004,6.596026666666667,3.6464533333333327,2006.0,4955.88,1964.71,509.3,1495.72,295.46,828.91,0.95
12,305.0,13.1556,29.2966,6.6728000000000005,90.90599999999999,19.443800000000003,8.4934,12.7912,5.3214,2006.0,305.0,2.9766,18.0716,0.0,40.2298,3.6292,-4.0018,-0.411,2.1294000000000004,2006.0,305.0,9.472453333333334,24.106893333333332,1.01252,64.67305333333334,11.024999999999999,2.5403599999999997,6.308573333333333,3.5991866666666668,2006.0,5118.78,1775.05,386.79,1245.25,220.74,541.5,0.69
