,DOY,INSgdmax,RADmax,RAINmax,RHmax,TMAXmax,TMINmax,Tmax,WINDmax,YEAR,DOY,INSgdmin,RADmin,RAINmin,RHmin,TMAXmin,TMINmin,Tmin,WINDmin,YEAR,DOY,INSgdmean,RADmean,RAINmean,RHmean,TMAXmean,TMINmean,Tmean,WINDmean,YEAR,NDVI,EVI,RED,NIR,BLUE,MIR,pixrel
0,113.0,27.25,31.54,21.29,95.75,24.82,15.1,18.41,6.55,2006.0,113.0,2.88,25.42,0.0,33.65,12.42,3.43,8.7,2.59,2006.0,113.0,16.502666666666666,27.944000000000003,4.6659999999999995,61.92866666666666,18.85866666666666,9.471333333333332,14.165333333333333,4.117333333333334,2006.0,3210.5,2107.55,1474.37,2859.8,691.05,3042.4,0.42
1,129.0,30.17,32.54,13.15,80.52,23.61,15.5,18.61,7.26,2006.0,129.0,7.38,22.03,0.0,36.62,16.03,5.72,11.97,1.42,2006.0,129.0,18.033333333333335,27.892,2.326,57.89866666666667,19.590666666666664,10.282666666666666,14.782,4.536,2006.0,3728.5,2291.72,1184.58,2597.89,566.61,2560.25,0.1
2,145.0,30.2,33.77,20.99,85.74,35.36,20.78,26.0,6.89,2006.0,145.0,14.62,28.55,0.0,29.78,24.65,13.13,20.39,1.47,2006.0,145.0,22.826,31.976,3.6619999999999995,59.42666666666667,27.712666666666664,17.546666666666667,22.43466666666667,4.012,2006.0,4236.64,2725.43,1156.12,2845.02,563.23,2437.03,0.0
3,161.0,31.0,35.39,11.14,70.5,34.41,23.97,28.57,7.54,2006.0,161.0,11.45,29.09,0.0,39.46,23.67,12.91,18.6,0.75,2006.0,161.0,22.86733333333333,32.397999999999996,3.512,50.687999999999995,30.669333333333324,19.032666666666668,24.60733333333333,4.009333333333333,2006.0,6107.43,3957.71,735.76,3042.0,379.06,1593.01,0.0
4,177.0,30.96,37.69,19.04,61.37,37.52,25.33,30.83,5.64,2006.0,177.0,8.46,29.56,0.0,33.08,25.05,14.41,21.38,1.06,2006.0,177.0,24.378666666666668,33.13466666666667,3.1180000000000003,46.31933333333334,32.35133333333333,19.629333333333328,25.847333333333335,3.1266666666666665,2006.0,7243.13,5314.75,607.52,3793.72,326.97,1293.96,0.07
5,193.0,30.64,37.37,18.37,80.76,39.93,24.25,31.39,3.93,2006.0,193.0,7.6,29.7,0.0,35.61,26.68,16.51,23.22,1.34,2006.0,193.0,24.983999999999995,34.36133333333334,2.4053333333333335,53.376000000000005,32.98533333333334,20.534000000000002,26.51,2.658666666666667,2006.0,7920.0,5841.16,435.71,3885.26,235.58,933.41,0.02
6,209.0,29.41,38.23,15.03,66.75,37.83,27.72,32.52,6.81,2006.0,209.0,14.08,31.5,0.0,35.15,25.56,16.4,24.05,1.08,2006.0,209.0,25.281999999999996,34.92133333333334,3.388,48.87533333333333,34.04466666666666,22.10133333333333,28.102666666666664,3.8266666666666675,2006.0,7813.05,5847.75,471.3,3955.95,255.59,1018.73,0.0
7,225.0,26.21,38.41,20.9,75.68,37.1,23.58,30.19,3.85,2006.0,225.0,7.78,29.23,0.0,47.31,27.39,11.27,21.15,1.18,2006.0,225.0,17.40266666666667,35.43066666666667,7.523333333333335,64.18733333333333,31.345333333333333,19.979333333333336,25.423999999999996,2.9346666666666663,2006.0,8218.61,6585.08,428.91,4465.35,232.33,908.31,0.2
8,241.0,24.59,35.68,24.34,90.7,31.31,21.41,25.23,4.81,2006.0,241.0,4.54,28.91,0.0,51.76,20.69,11.61,17.85,0.62,2006.0,241.0,17.166,32.05133333333333,2.022666666666667,69.65599999999999,26.046000000000003,16.392666666666667,21.032666666666668,2.8206666666666664,2006.0,7344.85,5090.15,505.99,3466.3,273.84,941.4,0.0
9,257.0,23.15,34.6,32.22,88.57,30.0,20.94,24.23,8.03,2006.0,257.0,1.37,23.72,0.0,43.48,15.16,3.46,10.38,1.63,2006.0,257.0,15.166000000000002,30.298000000000002,6.8373333333333335,68.11999999999999,22.15333333333334,12.647333333333334,17.284666666666666,4.159333333333333,2006.0,5414.86,3189.61,726.38,2557.74,361.47,1323.74,0.0
10,273.0,20.34,32.54,12.2,83.89,31.27,19.62,22.32,5.01,2006.0,273.0,5.58,25.56,0.0,44.38,15.83,7.26,12.29,2.23,2006.0,273.0,15.892666666666663,29.186,2.2933333333333334,64.34733333333332,22.478,11.503333333333332,16.502666666666666,4.051333333333334,2006.0,3816.91,2139.55,1025.56,2294.49,478.37,1883.65,0.0
11,289.0,17.89,30.53,13.54,96.05,19.72,12.71,15.16,6.19,2006.0,289.0,3.6,19.51,0.0,28.36,8.34,-2.59,2.27,2.49,2006.0,289.0,9.521999999999998,25.910666666666668,3.3466666666666667,61.80466666666666,12.681999999999999,3.5900000000000007,7.817333333333334,4.140666666666667,2006.0,3335.21,1904.45,1155.75,2302.3,553.68,1989.41,0.0
12,305.0,14.76,28.87,20.7,94.59,25.82,9.91,16.15,6.05,2006.0,305.0,3.64,19.22,0.0,41.66,6.03,-5.89,0.55,2.58,2006.0,305.0,10.607333333333337,24.673999999999996,1.9913333333333332,61.19733333333333,13.976666666666667,3.352,8.004666666666667,3.8920000000000003,2006.0,2965.65,1750.41,1288.62,2373.47,621.81,1988.32,0.01
