,DOY,INSgdmax,RADmax,RAINmax,RHmax,TMAXmax,TMINmax,Tmax,WINDmax,YEAR,DOY,INSgdmin,RADmin,RAINmin,RHmin,TMAXmin,TMINmin,Tmin,WINDmin,YEAR,DOY,INSgdmean,RADmean,RAINmean,RHmean,TMAXmean,TMINmean,Tmean,WINDmean,YEAR,NDVI,EVI,RED,NIR,BLUE,MIR,pixrel
0,113.0,28.3919,29.989,23.417799999999996,90.8019,22.101000000000003,12.091099999999999,15.6871,7.1217,2006.0,113.0,3.3061,22.883200000000002,0.0,35.3673,13.672600000000001,0.9808000000000001,8.7865,1.8002,2006.0,113.0,17.690366666666662,26.391013333333326,3.7007333333333334,60.02236666666666,17.594500000000004,7.215913333333334,12.499899999999998,3.918033333333333,2006.0,4991.83,2125.48,541.69,1630.11,287.14,1077.38,0.0
1,129.0,28.9521,30.814000000000004,10.6937,90.30449999999999,21.153299999999998,13.5975,15.742999999999999,6.1596,2006.0,129.0,6.0619,24.5272,0.0,54.218399999999995,6.937099999999999,1.629,4.7378,2.152,2006.0,129.0,15.411873333333334,27.59672,2.3783266666666667,74.69958666666668,15.749813333333332,7.752999999999998,11.680646666666668,3.6272866666666665,2006.0,6050.75,2932.21,491.37,2014.56,265.88,873.26,0.46
2,145.0,30.300900000000002,34.15710000000001,14.225100000000001,84.4914,28.3062,21.2635,24.7389,5.012499999999999,2006.0,145.0,9.6662,26.5958,0.0,29.616500000000002,19.396,6.242000000000001,13.8942,1.0754000000000001,2006.0,145.0,23.263239999999996,30.744986666666662,2.65348,59.21635333333333,24.822200000000002,14.577486666666665,19.658326666666664,2.969006666666666,2006.0,7878.45,4259.07,277.22,2507.18,165.23,539.22,0.03
3,161.00000000000003,31.17,34.8488,22.1871,68.05000000000001,33.7242,24.1697,28.168400000000002,5.293400000000001,2006.0,161.00000000000003,4.2864,27.5418,0.0,39.3169,17.8295,8.257,14.406699999999999,1.5396999999999998,2006.0,161.00000000000003,20.420166666666667,30.73492666666666,4.741413333333333,51.75442666666666,27.421153333333326,15.39451333333333,21.454346666666666,3.10064,2006.0,7814.06,5031.98,367.92,3152.02,223.4,712.89,0.04
4,177.00000000000003,31.653899999999997,36.361399999999996,11.58,69.15299999999999,35.065000000000005,21.337,28.0055,4.9666,2006.0,177.00000000000003,8.983500000000001,28.775800000000004,0.0,41.793,24.046200000000002,12.0681,19.6842,1.1224,2006.0,177.00000000000003,21.093593333333335,31.905753333333337,3.3299999999999996,54.272446666666674,29.60325333333334,16.99948,23.408626666666663,2.697726666666667,2006.0,8162.88,4918.34,278.03,2954.46,158.4,558.18,0.26
5,193.0,30.7269,36.678,15.830199999999998,90.32770000000001,35.8489,22.7843,27.900699999999997,3.6159,2006.0,193.0,7.117400000000001,29.418200000000006,0.0,34.557,24.9311,13.3872,21.3245,1.3449,2006.0,193.0,22.350026666666665,33.20603333333333,3.304240000000001,60.09504666666667,31.121346666666668,19.20041333333333,24.908719999999995,2.5871933333333335,2006.0,8045.37,5015.86,304.15,3061.78,180.97,631.1,0.17
6,209.0,29.295900000000003,37.6727,23.985599999999998,72.9439,36.5372,25.714500000000005,30.2353,4.684200000000001,2006.0,209.0,8.1744,31.214200000000005,0.0,41.121700000000004,25.5661,16.156799999999997,21.797400000000003,0.9042,2006.0,209.0,22.415693333333333,34.55818000000001,4.639660000000001,57.361140000000006,32.66804,21.170779999999997,26.617313333333332,2.911353333333333,2006.0,7882.36,4731.67,314.68,2881.43,181.66,666.42,0.0
7,225.0,27.037300000000002,37.0195,16.232400000000002,74.5682,33.1428,23.946900000000003,27.845699999999997,4.5381,2006.0,225.0,5.2026,29.6192,0.0,44.1863,25.64,14.9913,21.320500000000003,1.3780999999999999,2006.0,225.0,17.495853333333333,33.92892,3.25998,58.02291333333333,29.596700000000006,18.977059999999998,24.124006666666666,2.502486666666667,2006.0,7962.93,4277.61,264.96,2497.62,153.59,557.31,0.0
8,241.0,23.0486,35.893,31.904100000000003,84.4162,31.2247,22.1643,24.572400000000002,3.0792,2006.0,241.0,4.0517,28.2544,0.0,52.591499999999996,21.478699999999996,12.3881,17.118499999999997,0.7281,2006.0,241.0,15.89308,32.17174000000001,5.029040000000001,66.25479333333332,26.537246666666668,16.157126666666667,21.065446666666663,2.127566666666667,2006.0,7397.3,3788.61,311.43,2273.7,180.12,556.83,0.0
9,257.0,22.189300000000003,33.403999999999996,25.8591,92.969,27.9683,16.825999999999997,22.076900000000002,5.5129,2006.0,257.0,2.7620000000000005,23.415100000000002,0.0,53.7234,12.978100000000001,2.8413000000000004,8.5232,1.2543,2006.0,257.0,12.937133333333332,29.79860666666667,5.533526666666666,69.16635333333333,20.850479999999997,10.849400000000001,16.109886666666668,3.2639933333333335,2006.0,6463.22,2979.05,389.7,1916.71,213.09,579.14,0.05
10,273.0,19.3735,31.4481,5.2089,89.5466,27.7671,18.473599999999998,20.9571,4.1429,2006.0,273.0,8.6291,23.0271,0.0,45.904500000000006,14.4131,3.9335,9.675999999999998,2.236,2006.0,273.0,15.210206666666664,27.65053333333333,0.6747466666666667,66.25835333333333,19.984033333333336,9.344413333333332,14.467793333333333,3.16254,2006.0,5224.32,2042.69,472.23,1512.93,226.11,734.94,0.0
11,289.0,14.801499999999999,31.003600000000002,11.545399999999999,91.03269999999999,17.4951,12.801300000000001,14.9993,7.028,2006.0,289.0,2.7891,20.0323,0.0,38.0036,4.5555,-2.0337,1.456,1.9965000000000002,2006.0,289.0,7.4964933333333335,26.259973333333335,3.026959999999999,66.89408666666667,10.350093333333334,2.9502200000000007,6.42958,3.6372133333333334,2006.0,5139.88,1893.04,437.61,1369.7,230.34,723.99,0.98
12,305.0,13.1105,29.311099999999996,6.425000000000001,89.98780000000001,19.106700000000004,8.487400000000001,12.614099999999997,5.3417,2006.0,305.0,2.991,18.1199,0.0,40.077,3.3638,-3.9985999999999997,-0.5570999999999999,2.2387,2006.0,305.0,9.452973333333334,24.022139999999993,0.9791933333333334,64.05298,10.812666666666665,2.3518399999999997,6.11048,3.5815800000000007,2006.0,4891.93,1672.49,409.04,1214.17,229.47,701.77,0.87
