,DOY,INSgdmax,RADmax,RAINmax,RHmax,TMAXmax,TMINmax,Tmax,WINDmax,YEAR,DOY,INSgdmin,RADmin,RAINmin,RHmin,TMAXmin,TMINmin,Tmin,WINDmin,YEAR,DOY,INSgdmean,RADmean,RAINmean,RHmean,TMAXmean,TMINmean,Tmean,WINDmean,YEAR,NDVI,EVI,RED,NIR,BLUE,MIR,pixrel
0,113.0,28.570300000000003,31.2402,26.4489,96.8082,21.927100000000003,12.6416,15.6927,5.6896,2006.0,113.0,2.5396,23.826900000000002,0.0,41.3293,10.0257,0.8952999999999999,6.9902,2.0538,2006.0,113.0,15.025213333333333,27.242139999999992,5.16516,66.75341333333333,16.79838666666667,7.525259999999999,12.301873333333333,4.125673333333333,2006.0,5106.63,3068.46,782.43,2532.67,413.11,1467.96,0.04
1,129.0,26.857999999999997,32.2175,8.136,80.47209999999998,23.057499999999997,14.0893,17.624900000000004,8.2707,2006.0,129.0,9.9848,23.812800000000003,0.0,44.5103,11.2026,2.6814,8.840800000000002,2.2329,2006.0,129.0,17.726033333333334,27.868959999999994,1.5157133333333332,63.77574666666666,17.738386666666663,9.001546666666666,13.229133333333333,4.76748,2006.0,6334.55,3814.82,598.5,2736.82,317.32,1255.49,0.09
2,145.0,29.657,33.4075,15.107399999999998,85.663,29.8214,21.027099999999997,24.0161,6.4510000000000005,2006.0,145.0,11.3873,28.9653,0.0,31.4786,19.637499999999996,12.205000000000002,17.2345,1.6245,2006.0,145.0,21.094346666666667,31.42890666666667,3.0776133333333333,57.755160000000004,25.802053333333333,16.022733333333335,20.720446666666664,4.021093333333334,2006.0,6734.92,4463.53,622.07,3202.9,335.76,1271.01,0.56
3,161.0,30.7523,34.920700000000004,11.174199999999999,72.0344,33.769099999999995,23.8161,28.1821,6.840999999999999,2006.0,161.0,9.1541,28.575200000000002,0.0,38.8476,17.6728,8.893,14.0548,0.9987,2006.0,161.0,21.593946666666668,31.87880666666667,3.9882200000000005,50.44494,29.03228666666667,17.61704,23.148606666666666,3.987146666666666,2006.0,7065.22,5047.49,618.76,3628.24,331.98,1288.13,0.01
4,177.0,32.1622,37.093999999999994,14.8941,68.1921,35.9478,23.755899999999997,29.0541,4.9283,2006.0,177.0,14.0765,28.4627,0.0,39.22619999999999,23.4832,13.2485,19.6324,0.7965000000000001,2006.0,177.0,23.503833333333333,32.247593333333334,3.07168,49.95314,30.396553333333337,17.950026666666663,24.035653333333332,3.002526666666667,2006.0,7421.51,5361.61,543.34,3725.66,292.66,1144.58,0.78
5,193.0,30.5601,36.3779,12.046499999999998,84.66650000000001,37.268699999999995,23.394099999999998,29.892200000000003,4.6803,2006.0,193.0,9.1569,28.8227,0.0,35.499700000000004,26.3183,13.813199999999998,21.3943,1.2256999999999998,2006.0,193.0,23.797433333333338,33.45060666666666,2.219833333333333,55.23212666666667,31.839373333333338,19.412106666666663,25.36742666666667,3.0546533333333334,2006.0,7568.38,4961.34,438.35,3243.1,238.64,888.64,0.0
6,209.0,29.0721,38.9678,19.758000000000003,70.86670000000001,38.6394,26.6106,31.5811,6.656700000000001,2006.0,209.0,8.4642,30.6896,0.0,38.7393,25.459199999999996,16.231499999999997,22.8016,1.1829,2006.0,209.0,23.559626666666674,34.680966666666656,4.091666666666667,53.42624666666667,32.905879999999996,20.972606666666664,26.765040000000003,3.580493333333334,2006.0,7348.86,4911.78,491.48,3303.32,263.95,962.46,0.0
7,225.0,26.9454,36.907399999999996,28.366799999999998,86.36619999999999,32.5491,22.9325,27.1996,4.2779,2006.0,225.0,4.9853000000000005,29.3215,0.0,50.36319999999999,24.2101,12.2562,20.286699999999996,1.3773,2006.0,225.0,15.97912666666667,34.20979333333333,6.868099999999999,69.99851333333334,28.398220000000002,18.401940000000003,23.139553333333332,2.8968066666666665,2006.0,7455.34,5190.35,494.07,3521.73,261.5,1005.36,0.55
8,241.0,23.1168,34.987,29.4824,86.17590000000001,29.9104,19.4177,23.8231,4.788799999999999,2006.0,241.0,5.298100000000001,29.011899999999997,0.0,55.3642,20.5203,11.3218,16.5608,0.8657999999999999,2006.0,241.0,17.115993333333332,31.766573333333334,4.2921000000000005,69.7791,25.527886666666664,15.406206666666666,20.192973333333335,2.6919066666666667,2006.0,7258.26,4577.74,474.83,3042.52,246.97,917.85,0.0
9,257.0,22.777700000000003,34.5576,47.6049,95.98589999999999,28.3672,19.116400000000002,22.747500000000002,7.6428,2006.0,257.0,1.6428,25.677999999999997,0.0,50.6553,13.6432,1.3796,8.2951,1.4735,2006.0,257.0,14.678466666666669,29.777633333333334,5.897906666666666,71.79512666666668,20.791866666666667,11.027479999999999,15.70532,4.165213333333333,2006.0,6721.07,4163.23,547.62,2881.39,291.58,1021.15,0.02
10,273.0,19.447400000000002,31.1744,10.0718,91.838,29.8166,17.5216,20.2928,5.4674,2006.0,273.0,5.5541,25.127499999999998,0.0,46.583600000000004,14.4061,5.2637,10.5061,1.8618999999999999,2006.0,273.0,15.060700000000004,28.197446666666664,1.5329133333333331,71.61316666666666,20.33184,9.732913333333332,14.541039999999999,3.8219666666666665,2006.0,5446.64,3075.96,689.89,2400.8,353.81,1272.06,0.0
11,289.0,15.6022,30.2271,12.2536,96.40960000000001,16.3379,10.818200000000001,13.473799999999999,7.358499999999999,2006.0,289.0,3.9638,19.343,0.0,33.5957,6.110099999999999,-2.8204000000000002,1.3748,2.5401,2006.0,289.0,9.054433333333334,25.7583,2.5320133333333334,61.70927333333333,10.720953333333332,2.8328066666666674,6.392813333333334,4.391133333333333,2006.0,4845.22,2521.47,696.99,2070.98,362.75,1266.48,0.16
12,305.0,13.5374,29.027300000000004,9.0877,93.90950000000001,24.1002,8.8276,14.9119,5.876900000000001,2006.0,305.0,3.5681000000000003,18.0922,0.0,38.745000000000005,4.0961,-5.061599999999999,-0.2151,2.4088,2006.0,305.0,10.412086666666667,23.855466666666672,1.1679733333333333,63.600319999999996,12.056613333333333,2.0946066666666665,6.425146666666667,4.034473333333334,2006.0,4075.88,2265.53,1025.49,2303.76,598.35,1520.9,0.58
