,DOY,INSgdmax,RADmax,RAINmax,RHmax,TMAXmax,TMINmax,Tmax,WINDmax,YEAR,DOY,INSgdmin,RADmin,RAINmin,RHmin,TMAXmin,TMINmin,Tmin,WINDmin,YEAR,DOY,INSgdmean,RADmean,RAINmean,RHmean,TMAXmean,TMINmean,Tmean,WINDmean,YEAR,NDVI,EVI,RED,NIR,BLUE,MIR,pixrel
0,113.0,28.7941,31.345000000000002,16.5472,93.07159999999999,22.6978,13.606900000000001,16.7836,6.2101999999999995,2006.0,113.0,2.8112,23.6599,0.0,40.1415,14.137599999999999,1.6458,8.9151,1.4102,2006.0,113.0,17.703046666666662,26.824599999999993,3.3752800000000005,61.24491999999999,18.660120000000003,8.129966666666666,13.450573333333333,3.9794733333333334,2006.0,5397.29,2101.46,383.58,1423.11,240.82,663.42,0.0
1,129.0,28.7374,31.2113,12.1607,86.6929,21.6318,14.043800000000001,16.208900000000003,7.144,2006.0,129.0,7.562200000000001,24.263499999999997,0.0,56.00229999999999,9.7661,2.1239,7.1098,1.3652,2006.0,129.0,16.506100000000004,27.617066666666663,2.5059400000000003,69.39992000000001,16.808773333333335,8.447273333333335,12.56724,3.8625200000000004,2006.0,5956.07,2550.77,329.49,1581.24,239.5,507.33,0.0
2,145.0,29.803000000000004,34.3922,19.8073,82.9273,29.7436,21.3136,24.902700000000003,5.5920000000000005,2006.0,145.0,9.5033,28.342799999999997,0.0,27.3638,21.2322,8.5296,16.9281,1.6145000000000003,2006.0,145.0,21.7812,31.390853333333336,3.62784,57.06413333333334,26.20282666666667,16.24300666666667,21.084313333333334,3.3177666666666665,2006.0,7130.31,3759.1,318.47,2267.54,228.29,533.35,0.0
3,161.0,31.467200000000002,34.376400000000004,23.288,70.8193,34.1812,25.069399999999998,28.813699999999997,5.9785,2006.0,161.0,6.2635000000000005,28.440399999999997,0.0,37.140299999999996,17.5503,9.243899999999998,14.2653,1.2499,2006.0,161.0,20.870506666666664,31.55486666666667,3.7840800000000003,48.51958666666667,29.332813333333338,16.814033333333334,23.02547333333333,3.3614200000000003,2006.0,7456.97,3909.63,274.56,2314.76,199.69,448.97,0.14
4,177.0,31.722700000000003,37.58,15.7582,69.1581,37.0754,23.116100000000003,30.0541,5.5828,2006.0,177.0,10.1351,28.8277,0.0,35.3089,24.313200000000002,11.8867,19.6264,1.2217999999999998,2006.0,177.0,21.30342666666667,32.424033333333334,4.549613333333334,50.443933333333334,31.07709333333333,17.987433333333335,24.543713333333333,2.8397533333333334,2006.0,6991.15,3585.09,309.98,2118.21,253.34,462.9,0.26
5,193.0,30.2938,37.148799999999994,14.0315,87.4851,37.4712,22.5527,28.625900000000005,3.5820000000000003,2006.0,193.0,10.6785,29.5801,0.0,33.9399,25.9149,15.034699999999999,22.5983,1.1162,2006.0,193.0,23.561153333333333,33.394020000000005,3.139813333333334,59.324246666666674,32.05205333333333,19.799773333333334,25.589953333333334,2.47052,2006.0,6663.74,3344.03,292.61,1979.32,229.91,457.79,0.01
6,209.0,28.615999999999996,38.3963,26.446699999999996,69.0807,38.50900000000001,26.6063,30.9831,4.78,2006.0,209.0,9.0527,31.2136,0.0,37.5775,27.144399999999997,16.383100000000002,22.5936,1.0519,2006.0,209.0,21.850193333333333,34.89401333333333,5.014226666666667,53.21705333333334,33.78282666666667,21.67180666666667,27.518026666666668,3.0966666666666667,2006.0,6939.29,3413.26,298.96,2015.44,233.22,475.29,0.08
7,225.0,26.2024,37.12859999999999,32.935,74.48660000000001,34.923300000000005,24.458999999999996,29.2647,4.265499999999999,2006.0,225.0,7.9276,29.775199999999998,0.0,44.7337,27.4114,13.9727,22.616,1.5230000000000001,2006.0,225.0,16.694853333333334,34.771159999999995,8.357413333333332,61.07662,30.490246666666668,19.95448666666666,24.947886666666673,2.590406666666667,2006.0,6790.47,3030.96,256.03,1760.54,188.73,389.4,0.0
8,241.0,23.171,36.135,33.3519,86.5683,31.8699,22.6288,25.368699999999997,3.8839,2006.0,241.0,4.5805,28.863699999999998,0.0,57.81889999999999,21.844199999999997,11.5576,16.919,1.184,2006.0,241.0,16.785480000000003,32.47908666666667,4.943813333333334,68.07184666666666,26.71875333333333,16.383313333333334,21.347013333333337,2.26708,2006.0,6639.53,2758.56,258.09,1610.88,191.56,364.0,0.0
9,257.0,22.770199999999996,33.872800000000005,20.4481,93.24340000000001,28.9618,17.790300000000002,23.057,6.1478,2006.0,257.0,1.9208,25.922499999999996,0.0,51.4967,14.7627,2.5713,9.2189,1.2093,2006.0,257.0,14.052106666666669,30.346220000000002,4.481246666666666,65.72973333333333,22.483926666666665,11.782859999999998,17.2404,3.42764,2006.0,6233.27,2792.76,342.98,1745.55,238.71,440.72,0.43
10,273.0,19.797700000000003,32.989,2.36,84.172,30.094500000000004,19.34,21.5796,4.6173,2006.0,273.0,6.732899999999999,24.445300000000003,0.0,42.3985,15.7885,4.8213,10.4857,2.2520000000000002,2006.0,273.0,15.894366666666668,28.21960666666666,0.42369333333333337,63.894466666666666,21.332699999999996,10.223779999999998,15.483766666666664,3.363386666666667,2006.0,5210.18,1780.98,354.02,1255.71,160.13,402.41,0.02
11,289.0,15.7138,31.119799999999998,15.7253,91.3461,18.250799999999998,13.2892,15.4704,6.7173,2006.0,289.0,3.0077999999999996,19.51,0.0,33.95719999999999,5.743899999999999,-2.439,1.1770999999999998,2.2920999999999996,2006.0,289.0,8.287233333333335,26.029419999999995,3.6631733333333334,67.07818666666667,11.271566666666669,2.9577,6.871106666666666,3.762,2006.0,5427.5,1702.48,349.23,1162.06,244.27,490.35,0.37
12,305.0,13.54,29.2399,4.3925,93.7175,20.833800000000004,8.6229,13.531500000000001,5.0215000000000005,2006.0,305.0,3.0928,17.96,0.0,40.72520000000001,4.4054,-4.7343,-0.0973,2.1087,2006.0,305.0,9.685633333333332,24.477780000000003,0.6455933333333334,66.24542,11.72704,2.96794,6.822180000000001,3.693900000000001,2006.0,3981.36,2013.82,788.85,1771.54,667.06,660.7,1.92
