,DOY,INSgdmax,RADmax,RAINmax,RHmax,TMAXmax,TMINmax,Tmax,WINDmax,YEAR,DOY,INSgdmin,RADmin,RAINmin,RHmin,TMAXmin,TMINmin,Tmin,WINDmin,YEAR,DOY,INSgdmean,RADmean,RAINmean,RHmean,TMAXmean,TMINmean,Tmean,WINDmean,YEAR,NDVI,EVI,RED,NIR,BLUE,MIR,pixrel
0,113.0,28.76,29.84,31.13,97.6,21.0,11.62,14.75,6.18,2006.0,113.0,3.02,23.04,0.0,41.47,9.96,0.84,5.96,2.15,2006.0,113.0,14.953999999999999,26.640000000000004,3.458666666666667,70.38933333333334,15.147333333333334,6.194000000000001,10.764666666666665,4.3199999999999985,2006.0,3226.52,1582.38,902.71,1779.09,465.01,1745.37,0.03
1,129.0,25.42,31.68,14.76,80.81,22.35,13.52,16.69,7.96,2006.0,129.0,7.24,25.96,0.0,52.2,10.23,1.31,6.46,2.88,2006.0,129.0,16.754,27.708000000000002,2.534,69.76333333333334,16.518666666666668,7.875333333333332,11.957333333333333,4.8406666666666665,2006.0,4741.56,2655.41,794.88,2298.65,407.18,1617.69,0.15
2,145.0,29.81,33.05,9.77,87.24,28.94,20.9,23.58,6.47,2006.0,145.0,7.88,28.62,0.0,32.26,17.25,9.62,14.46,1.65,2006.0,145.0,22.670666666666662,30.95133333333333,2.0959999999999996,58.50066666666667,24.425333333333334,14.370666666666667,19.314000000000004,3.959999999999999,2006.0,5995.25,3699.1,659.45,2777.05,340.35,1521.2,0.11
3,161.0,31.57,35.35,14.42,76.23,32.69,23.38,27.5,7.1,2006.0,161.0,3.71,28.51,0.0,38.6,17.28,7.08,12.74,0.9,2006.0,161.0,19.658666666666665,31.711333333333336,5.165333333333334,52.17333333333334,27.374666666666663,16.860666666666667,21.77,4.227999999999999,2006.0,7093.14,4751.33,544.6,3315.86,279.16,1187.06,0.02
4,177.0,31.75,35.28,6.38,66.62,33.49,21.16,26.58,4.41,2006.0,177.0,20.52,27.04,0.0,42.78,24.36,12.07,19.43,1.07,2006.0,177.0,25.12133333333333,30.94333333333333,1.5373333333333332,51.60933333333333,28.933333333333334,16.53666666666667,22.65733333333333,2.956666666666666,2006.0,7168.87,4670.58,523.12,3208.25,265.56,1037.81,0.04
5,193.0,30.89,36.54,5.76,84.95,36.45,23.81,29.11,5.61,2006.0,193.0,12.71,28.37,0.0,35.42,26.17,12.7,20.52,1.64,2006.0,193.0,24.292666666666666,32.896,1.3259999999999998,53.34866666666665,31.61133333333333,18.766666666666666,24.846000000000004,3.4853333333333336,2006.0,6343.04,4034.25,668.99,3001.39,332.56,1173.3,0.01
6,209.0,28.98,38.2,15.67,77.6,38.57,23.46,30.21,6.56,2006.0,209.0,10.15,30.06,0.0,42.66,25.62,14.39,21.89,1.23,2006.0,209.0,22.529333333333337,34.298,3.3139999999999996,58.25933333333333,31.926,19.59133333333333,25.34266666666667,3.144,2006.0,6283.37,3749.87,621.97,2734.94,305.5,1136.36,0.0
7,225.0,27.36,37.26,19.69,94.7,30.56,20.92,25.19,4.76,2006.0,225.0,5.94,28.48,0.0,47.34,20.07,11.21,18.11,1.46,2006.0,225.0,17.150666666666666,33.074666666666666,3.8126666666666664,73.55,26.37,16.744666666666667,21.303999999999995,3.0740000000000003,2006.0,6074.34,3752.08,680.29,2822.58,351.07,1353.75,0.0
8,241.0,23.26,34.06,24.53,86.99,27.97,17.97,22.25,4.13,2006.0,241.0,5.11,28.26,0.0,53.3,18.8,9.31,15.18,0.63,2006.0,241.0,17.054666666666666,31.211333333333336,4.017333333333334,73.204,24.465999999999998,14.054,18.972,2.416,2006.0,5359.16,3000.05,722.76,2413.86,351.73,1441.42,0.0
9,257.0,22.46,33.95,29.5,97.96,26.57,17.47,21.05,7.31,2006.0,257.0,2.34,23.8,0.0,58.63,12.23,0.7,6.48,1.22,2006.0,257.0,13.466000000000003,29.22266666666667,3.944,77.596,18.823999999999998,9.780666666666665,13.962666666666669,4.202000000000001,2006.0,4846.04,2695.02,777.85,2300.58,394.61,1497.81,0.12
10,273.0,18.47,30.67,18.08,96.28,27.35,13.15,18.58,6.59,2006.0,273.0,4.32,23.62,0.0,51.43,12.89,4.19,9.11,1.33,2006.0,273.0,14.668000000000001,27.552666666666667,1.6840000000000002,74.84333333333333,18.861333333333334,8.346,13.225999999999999,3.75,2006.0,4207.26,2084.34,765.41,1916.82,375.02,1610.74,0.0
11,289.0,15.8,29.84,4.28,94.5,13.08,8.15,11.0,8.55,2006.0,289.0,3.92,19.3,0.0,37.65,4.46,-2.41,0.43,2.33,2006.0,289.0,9.306666666666667,25.241333333333333,1.4193333333333333,62.43133333333332,8.951333333333332,1.829333333333333,5.042666666666667,4.621333333333334,2006.0,3625.08,1632.57,759.57,1642.13,377.94,1487.13,0.3
12,305.0,13.64,28.33,4.1,86.53,23.79,8.68,14.52,6.01,2006.0,305.0,4.03,17.75,0.0,37.7,2.36,-3.68,-0.71,2.34,2006.0,305.0,10.112,23.273999999999997,0.9920000000000002,61.48533333333333,10.831333333333331,1.1186666666666665,5.334666666666666,3.994666666666666,2006.0,2911.61,1624.27,1508.78,2446.06,1001.57,1867.72,1.01
