,DOY,INSgdmax,RADmax,RAINmax,RHmax,TMAXmax,TMINmax,Tmax,WINDmax,YEAR,DOY,INSgdmin,RADmin,RAINmin,RHmin,TMAXmin,TMINmin,Tmin,WINDmin,YEAR,DOY,INSgdmean,RADmean,RAINmean,RHmean,TMAXmean,TMINmean,Tmean,WINDmean,YEAR,NDVI,EVI,RED,NIR,BLUE,MIR,pixrel
0,113.0,28.647400000000005,31.2832,24.5906,96.5924,22.098200000000002,13.0476,16.102800000000002,5.9234,2006.0,113.0,2.0596,23.692,0.0,40.971599999999995,10.8802,1.0088,7.579000000000001,2.0174000000000003,2006.0,113.0,15.531213333333334,27.093226666666666,4.67796,65.11122666666667,17.183280000000003,7.71356,12.542360000000002,4.153600000000001,2006.0,4736.21,2172.74,644.87,1798.06,332.69,1145.76,0.0
1,129.0,25.885399999999997,32.1104,11.6516,79.5326,22.5452,13.957799999999999,17.2614,7.9512,2006.0,129.0,9.338799999999999,24.403,0.0,48.526599999999995,10.4422,1.8064,7.9016,1.9454,2006.0,129.0,18.056186666666665,27.751826666666666,1.8334000000000001,65.95336,17.317880000000002,8.675706666666667,12.847333333333333,4.488066666666667,2006.0,6487.86,3134.91,437.55,2067.94,237.91,760.35,0.5
2,145.0,29.435599999999997,33.641799999999996,18.2274,84.3612,29.135999999999996,21.2184,24.416200000000003,6.0046,2006.0,145.0,11.1252,28.6578,0.0,30.0972,20.0432,11.2716,16.8854,1.4504000000000001,2006.0,145.0,20.97190666666667,31.3324,3.2359333333333336,57.34358666666667,25.752106666666663,15.95544,20.66561333333333,3.8015733333333332,2006.0,7221.95,4132.87,433.67,2677.64,246.37,786.53,0.45
3,161.0,31.0744,34.8956,12.363399999999999,70.47800000000001,33.577600000000004,23.9732,28.349800000000002,6.562800000000001,2006.0,161.0,8.2168,28.5688,0.0,37.9952,17.753999999999998,8.9372,14.017999999999999,1.1666,2006.0,161.0,21.599013333333335,31.78284,3.82616,49.19182666666667,29.005426666666665,17.457720000000002,23.076800000000002,3.7775333333333334,2006.0,7642.79,4614.62,384.08,2908.86,217.8,721.34,0.06
4,177.0,32.1626,37.0966,15.3774,69.946,35.8938,23.6642,29.1626,5.0728,2006.0,177.0,13.518,28.2362,0.0,39.297,23.387,13.043,19.689799999999998,0.8144,2006.0,177.0,22.42221333333333,32.11589333333334,3.308453333333334,50.26836,30.405120000000004,17.87948,24.068413333333332,2.9540266666666666,2006.0,7713.43,4665.7,372.46,2916.5,211.63,709.84,1.0
5,193.0,30.521,36.6024,14.2472,86.12800000000001,36.4932,22.843600000000002,29.269600000000004,4.4322,2006.0,193.0,8.0484,28.7588,0.0,34.9152,25.8996,13.944799999999997,21.5942,1.1576,2006.0,193.0,23.376199999999997,33.37946666666666,2.6845599999999994,56.76186666666668,31.625293333333335,19.379533333333335,25.261626666666672,2.92848,2006.0,7681.5,4314.97,345.0,2645.41,194.03,675.43,0.0
6,209.0,28.9236,38.97880000000001,26.1318,70.648,38.5446,26.334200000000003,31.428200000000004,6.08,2006.0,209.0,9.9388,30.714599999999997,0.0,39.404399999999995,25.7902,16.1592,22.538599999999995,1.1787999999999998,2006.0,209.0,22.960306666666668,34.735839999999996,4.197733333333333,53.8822,32.93218666666667,21.001559999999998,26.83129333333333,3.382786666666667,2006.0,7519.12,4151.1,362.02,2556.82,208.23,651.06,0.0
7,225.0,26.878999999999998,36.727599999999995,24.930999999999997,82.206,32.7348,23.599800000000002,27.6178,4.4008,2006.0,225.0,5.867800000000001,29.5076,0.0,49.480000000000004,24.3934,12.590399999999999,20.8354,1.4192,2006.0,225.0,16.162573333333334,34.23434666666667,7.049026666666667,67.96853333333333,28.692440000000005,18.640986666666663,23.437279999999998,2.7953333333333332,2006.0,7237.71,4034.95,410.22,2570.01,227.2,787.82,0.06
8,241.0,23.306599999999996,35.2344,25.465000000000003,84.9108,30.156799999999997,20.246,23.9514,4.4132,2006.0,241.0,5.9002,29.1124,0.0,54.7268,21.2402,11.5624,16.8958,0.9318000000000001,2006.0,241.0,17.118666666666666,31.957039999999996,4.30552,68.00830666666667,26.020626666666665,15.721186666666668,20.700426666666672,2.51416,2006.0,6990.32,3528.82,397.02,2258.37,202.35,758.48,0.01
9,257.0,22.8284,34.3738,31.0626,95.9204,28.535600000000002,18.461399999999998,22.5956,7.1282,2006.0,257.0,2.0616,25.7732,0.0,51.5894,13.7196,1.5835999999999997,8.2218,1.2836,2006.0,257.0,14.320226666666667,29.848066666666668,5.7351866666666655,70.49738666666667,21.083479999999994,10.984426666666666,15.919466666666668,3.9372933333333333,2006.0,6035.5,3180.79,556.0,2263.92,298.04,889.0,0.0
10,273.0,19.415200000000002,31.492600000000003,8.0086,91.4962,29.7216,17.741400000000002,20.3666,5.0774,2006.0,273.0,6.1372,24.9176,0.0,45.471199999999996,15.1402,5.1312,10.64,2.0,2006.0,273.0,15.133453333333335,28.069493333333334,1.2015999999999998,70.15501333333333,20.33873333333333,9.630373333333333,14.577626666666667,3.6669066666666668,2006.0,5161.81,2268.46,566.79,1760.94,271.07,944.13,0.0
11,289.0,15.563600000000001,30.342599999999997,13.6524,96.0062,16.4982,11.4314,13.955400000000001,7.4058,2006.0,289.0,3.4821999999999997,19.3814,0.0,34.3364,5.4992,-2.708,1.1934,2.409,2006.0,289.0,8.798346666666667,25.935773333333337,3.2485866666666663,63.257866666666665,10.598293333333332,2.807506666666667,6.341933333333333,4.22588,2006.0,3471.07,1897.54,1236.36,2270.7,896.85,988.06,1.63
12,305.0,13.4824,28.940400000000004,8.7286,93.2678,23.056,8.9846,14.558999999999997,5.5052,2006.0,305.0,3.2723999999999998,17.985400000000002,0.0,39.277,3.933,-4.8042,-0.27559999999999996,2.4526,2006.0,305.0,10.204933333333333,23.87988,1.18376,64.30585333333335,11.778333333333334,2.31728,6.427786666666667,3.97204,2006.0,2675.41,1632.24,1965.5,2896.94,1588.27,889.1,1.92
