,DOY,INSgdmax,RADmax,RAINmax,RHmax,TMAXmax,TMINmax,Tmax,WINDmax,YEAR,DOY,INSgdmin,RADmin,RAINmin,RHmin,TMAXmin,TMINmin,Tmin,WINDmin,YEAR,DOY,INSgdmean,RADmean,RAINmean,RHmean,TMAXmean,TMINmean,Tmean,WINDmean,YEAR,NDVI,EVI,RED,NIR,BLUE,MIR,pixrel
0,113.0,28.69,31.32,16.89,95.52,22.48,13.28,16.77,5.53,2006.0,113.0,2.38,24.3,0.0,38.2,12.3,1.3,7.64,1.86,2006.0,113.0,14.939333333333334,27.412,5.058000000000001,65.56933333333333,17.598666666666666,8.065999999999999,12.89733333333333,3.9573333333333327,2006.0,5281.37,3431.06,891.54,2913.21,470.71,1806.85,0.0
1,129.0,28.91,32.36,8.25,79.6,23.2,14.38,17.87,7.98,2006.0,129.0,10.76,23.22,0.0,45.2,11.67,3.24,9.73,1.68,2006.0,129.0,17.549333333333333,27.833999999999996,1.1353333333333333,62.192666666666675,18.158666666666665,9.31466666666667,13.643333333333334,4.5600000000000005,2006.0,6418.41,3974.46,605.92,2841.32,323.82,1351.91,0.0
2,145.0,30.17,33.55,14.07,85.15,31.52,21.01,24.17,6.28,2006.0,145.0,12.02,28.8,0.0,32.06,21.49,13.06,18.46,1.71,2006.0,145.0,21.308666666666667,31.486666666666668,3.1893333333333334,58.028,26.393333333333327,16.657333333333334,21.278666666666666,3.9253333333333336,2006.0,6787.44,4546.75,616.31,3239.31,332.49,1338.88,0.27
3,161.0,30.53,34.63,11.71,70.37,33.98,23.97,28.45,6.67,2006.0,161.0,9.65,28.94,0.0,37.89,18.79,10.09,15.4,1.05,2006.0,161.0,22.104666666666667,31.89666666666667,3.468000000000001,49.794000000000004,29.564666666666668,18.07,23.732666666666663,3.912666666666666,2006.0,7111.54,5094.34,610.61,3637.89,329.95,1240.74,0.02
4,177.0,31.9,38.12,12.54,67.89,36.78,24.97,30.12,5.39,2006.0,177.0,10.4,28.4,0.0,37.71,23.62,13.79,20.02,1.11,2006.0,177.0,23.209333333333333,32.465333333333334,2.716,48.507999999999996,31.149333333333335,18.530666666666665,24.695333333333334,3.0226666666666673,2006.0,7497.77,5365.26,530.32,3686.24,289.22,1157.43,0.62
5,193.0,30.6,36.11,13.5,83.84,37.89,23.32,30.2,4.23,2006.0,193.0,4.5,28.76,0.0,35.38,26.21,14.52,21.97,1.22,2006.0,193.0,23.72333333333334,33.54066666666667,2.305333333333333,55.54866666666667,32.007333333333335,19.682666666666663,25.63266666666667,2.821333333333334,2006.0,7464.02,4947.1,461.75,3268.45,251.68,970.84,0.03
6,209.0,29.34,38.66,16.11,68.98,38.4,27.42,32.02,6.48,2006.0,209.0,9.0,31.1,0.0,36.18,25.71,16.83,23.44,1.2,2006.0,209.0,23.63866666666667,34.72466666666666,4.528666666666666,51.58666666666667,33.314,21.55666666666666,27.332000000000004,3.625333333333334,2006.0,7419.01,5040.37,486.55,3379.44,264.28,1021.04,0.0
7,225.0,26.82,37.58,29.94,82.0,33.9,23.36,28.18,4.01,2006.0,225.0,4.82,29.92,0.0,50.5,26.53,12.45,21.25,1.44,2006.0,225.0,15.934666666666665,34.69733333333333,9.719999999999999,67.20133333333334,29.664,19.137999999999998,24.13933333333334,2.838666666666667,2006.0,7707.47,5692.08,491.65,3880.44,265.53,1006.9,0.19
8,241.0,24.12,35.5,25.31,85.11,30.64,20.21,24.49,4.88,2006.0,241.0,5.11,29.2,0.0,54.19,20.64,12.61,17.45,0.9,2006.0,241.0,17.22733333333333,32.07133333333333,3.647999999999999,69.002,25.900666666666666,15.982666666666665,20.695333333333334,2.6926666666666663,2006.0,7776.67,5134.75,407.2,3302.09,225.17,833.21,0.0
9,257.0,23.0,34.74,43.86,94.35,28.96,19.96,23.46,7.62,2006.0,257.0,1.62,25.45,0.0,49.92,14.35,1.79,9.19,1.73,2006.0,257.0,15.168666666666665,29.973333333333336,5.366666666666666,69.12866666666666,21.61266666666667,11.655999999999999,16.46,4.041333333333333,2006.0,7332.98,4744.61,474.25,3152.54,256.65,964.51,0.0
10,273.0,20.12,31.79,10.22,87.62,30.74,18.73,20.84,5.0,2006.0,273.0,6.62,25.27,0.0,44.6,15.13,5.6,11.23,2.05,2006.0,273.0,15.226,28.546666666666667,1.5173333333333332,69.30466666666666,20.990000000000006,10.287333333333333,15.145999999999999,3.808666666666666,2006.0,6107.17,3709.27,644.47,2730.65,341.88,1228.37,0.0
11,289.0,15.91,30.78,15.97,96.25,17.78,11.81,14.42,6.76,2006.0,289.0,3.2,19.4,0.0,31.88,6.72,-2.98,1.58,2.58,2006.0,289.0,8.505333333333333,25.839999999999996,3.4113333333333338,62.179333333333346,11.32933333333333,3.0786666666666673,6.869333333333333,4.197333333333334,2006.0,5293.66,2976.84,714.2,2368.12,375.09,1318.85,0.0
12,305.0,13.64,29.09,12.73,94.85,24.18,9.01,15.1,5.78,2006.0,305.0,3.38,18.4,0.0,41.31,4.82,-6.27,0.03,2.5,2006.0,305.0,10.408666666666669,24.060666666666666,1.3473333333333335,64.374,12.453333333333337,2.4506666666666663,6.844666666666667,3.9573333333333327,2006.0,4452.21,2433.63,850.2,2237.11,419.91,1568.89,0.0
