,DOY,INSgdmax,RADmax,RAINmax,RHmax,TMAXmax,TMINmax,Tmax,WINDmax,YEAR,DOY,INSgdmin,RADmin,RAINmin,RHmin,TMAXmin,TMINmin,Tmin,WINDmin,YEAR,DOY,INSgdmean,RADmean,RAINmean,RHmean,TMAXmean,TMINmean,Tmean,WINDmean,YEAR,NDVI,EVI,RED,NIR,BLUE,MIR,pixrel
0,113.0,28.51,31.07,16.7,96.33,22.53,13.25,16.53,6.67,2006.0,113.0,4.07,24.41,0.0,38.52,10.23,1.37,6.61,2.3,2006.0,113.0,14.495333333333331,27.442666666666675,3.492666666666666,65.68066666666667,17.20133333333333,8.091999999999999,12.790666666666663,4.082666666666666,2006.0,3372.06,2217.3,1427.41,2851.68,693.29,2928.53,0.26
1,129.0,30.02,32.69,10.58,80.76,23.62,14.41,18.28,7.96,2006.0,129.0,10.62,22.1,0.0,39.79,14.6,5.08,10.53,2.35,2006.0,129.0,18.220000000000002,28.144000000000005,1.6660000000000001,58.98466666666666,18.704,9.671333333333335,14.132,4.896,2006.0,3887.7,2478.27,1201.85,2724.2,597.59,2457.75,0.13
2,145.0,30.17,33.12,15.78,86.34,33.05,20.85,24.23,7.1,2006.0,145.0,16.49,29.56,0.0,31.92,21.37,13.01,18.45,1.84,2006.0,145.0,23.026000000000003,31.574666666666666,2.94,57.28866666666668,26.674666666666663,16.66133333333333,21.52533333333333,4.176,2006.0,4801.05,3159.7,1046.45,2966.62,530.57,2236.43,0.01
3,161.0,30.64,34.88,12.17,71.73,34.14,23.57,28.18,7.83,2006.0,161.0,11.12,29.05,0.0,36.84,19.85,10.76,15.77,1.26,2006.0,161.0,21.524,32.244,2.861333333333333,50.610666666666674,29.793333333333337,18.22133333333333,23.959333333333337,4.242666666666666,2006.0,6381.0,4496.71,780.03,3484.97,412.96,1577.45,0.0
4,177.0,32.0,37.3,13.5,63.79,37.25,24.64,29.79,5.16,2006.0,177.0,16.45,29.27,0.0,38.22,23.74,14.35,19.98,0.93,2006.0,177.0,24.63866666666667,32.443333333333335,3.249333333333333,48.052666666666674,31.238000000000003,18.744666666666667,24.702,3.0413333333333337,2006.0,7663.19,5659.42,508.68,3877.65,279.61,1101.34,0.28
5,193.0,30.53,36.68,13.41,82.4,39.87,24.43,30.98,4.48,2006.0,193.0,7.81,28.84,0.0,32.35,26.17,14.82,21.87,1.49,2006.0,193.0,24.238666666666663,33.717333333333336,2.681333333333334,53.48333333333334,32.44466666666667,19.815999999999995,25.851333333333336,2.9960000000000004,2006.0,8161.81,6237.43,397.75,4120.98,221.62,900.87,0.08
6,209.0,29.23,38.74,15.42,68.04,38.34,27.07,32.24,7.17,2006.0,209.0,8.21,30.67,0.0,35.47,25.53,16.7,23.33,1.11,2006.0,209.0,24.09333333333333,34.63266666666667,3.3466666666666662,50.96266666666667,33.396,21.36466666666666,27.26666666666667,3.914,2006.0,8027.33,6179.84,427.38,4134.65,237.81,966.0,0.0
7,225.0,26.89,38.09,23.24,84.93,34.61,22.3,27.89,3.98,2006.0,225.0,5.76,29.48,0.0,48.99,25.5,12.0,20.61,1.32,2006.0,225.0,16.300666666666668,34.818666666666665,8.873333333333333,68.40533333333335,29.60733333333333,18.729333333333336,23.90000000000001,2.989333333333333,2006.0,8310.91,6583.66,390.59,4394.42,216.13,855.29,0.21
8,241.0,23.9,34.81,25.84,89.63,30.61,19.5,24.29,5.16,2006.0,241.0,4.21,28.73,0.0,56.53,19.66,11.31,16.6,1.17,2006.0,241.0,17.753333333333334,31.468000000000004,2.384,70.96199999999999,25.214666666666666,15.435333333333336,20.064666666666664,2.983333333333334,2006.0,7609.93,5303.44,458.59,3532.49,252.65,875.98,0.02
9,257.0,23.15,34.2,35.32,96.01,29.14,19.57,23.37,8.13,2006.0,257.0,1.22,24.26,0.0,47.62,13.02,1.93,9.52,1.61,2006.0,257.0,15.263333333333332,29.839999999999996,7.1080000000000005,70.804,21.215999999999994,11.577333333333332,16.192666666666668,4.3853333333333335,2006.0,6424.94,4206.6,661.11,3102.98,351.42,1114.21,0.0
10,273.0,20.16,31.64,10.68,88.31,30.75,17.92,21.11,5.77,2006.0,273.0,5.22,25.24,0.0,47.41,14.21,5.85,11.05,1.8,2006.0,273.0,15.202,28.657333333333337,2.258,69.04999999999998,21.399333333333335,10.498,15.359333333333332,3.999333333333333,2006.0,4050.59,2264.96,996.45,2322.76,478.82,1763.39,0.0
11,289.0,16.09,30.53,10.6,96.5,18.45,10.91,13.76,6.81,2006.0,289.0,3.78,19.4,0.0,30.34,7.08,-2.86,1.81,2.55,2006.0,289.0,9.135333333333332,25.899333333333335,2.616,59.64266666666666,11.637333333333336,3.074666666666667,7.06,4.418666666666667,2006.0,3526.55,1973.47,1082.77,2241.54,534.95,1822.43,0.09
12,305.0,14.0,29.09,24.7,94.88,25.44,9.6,15.71,6.28,2006.0,305.0,3.31,18.54,0.0,39.78,5.19,-6.63,0.17,2.37,2006.0,305.0,10.857999999999999,24.055333333333333,2.0953333333333335,61.50266666666667,13.110000000000003,2.2680000000000002,7.033333333333335,3.984,2006.0,2933.33,1722.66,1311.17,2373.89,641.47,2086.48,0.0
