,DOY,INSgdmax,RADmax,RAINmax,RHmax,TMAXmax,TMINmax,Tmax,WINDmax,YEAR,DOY,INSgdmin,RADmin,RAINmin,RHmin,TMAXmin,TMINmin,Tmin,WINDmin,YEAR,DOY,INSgdmean,RADmean,RAINmean,RHmean,TMAXmean,TMINmean,Tmean,WINDmean,YEAR,NDVI,EVI,RED,NIR,BLUE,MIR,pixrel
0,113.0,28.061800000000005,31.296000000000003,19.646900000000002,95.9922,23.3315,13.968599999999999,17.2845,6.4229,2006.0,113.0,3.4838000000000005,24.7576,0.0,36.8929,11.273399999999999,2.1878,7.526800000000001,2.3472999999999997,2006.0,113.0,15.250253333333333,27.63216,4.275433333333333,64.28787333333332,17.88714,8.606546666666665,13.325059999999999,4.061606666666666,2006.0,3417.54,2320.26,1458.36,2980.36,698.25,2946.56,0.3
1,129.0,29.9506,32.6154,11.683399999999999,80.4702,23.5322,14.7918,18.332900000000002,7.692499999999999,2006.0,129.0,9.4707,22.2106,0.0,39.3749,14.811900000000001,5.0216,10.9559,1.9064999999999999,2006.0,129.0,17.982833333333335,28.03572,1.8403066666666668,59.080293333333344,18.950886666666666,9.83904,14.29854,4.69816,2006.0,3954.1,2584.81,1243.71,2865.73,604.98,2512.7,0.3
2,145.0,30.171599999999998,33.4072,17.5356,85.8425,33.704800000000006,20.855500000000003,24.781800000000004,6.873099999999999,2006.0,145.0,15.062199999999999,29.185599999999997,0.0,31.2083,22.6459,13.048000000000002,19.128,1.6983000000000001,2006.0,145.0,22.724600000000002,31.719773333333336,3.2318733333333327,58.202246666666674,27.034906666666664,16.985413333333334,21.832073333333334,4.063413333333334,2006.0,4519.46,3127.51,1228.26,3230.16,603.21,2590.35,0.3
3,161.0,30.7833,35.011,11.6584,71.1567,34.206999999999994,23.7732,28.3713,7.5198,2006.0,161.0,11.075299999999999,29.0514,0.0,37.980500000000006,21.155,11.4743,16.815400000000004,1.0319,2006.0,161.0,22.066493333333334,32.25649333333334,3.1525,50.53636,30.096393333333335,18.494113333333335,24.168813333333333,4.091833333333333,2006.0,5760.82,4294.15,1007.24,3735.13,514.75,2038.58,0.01
4,177.0,31.5773,37.5253,14.944299999999998,63.437200000000004,37.3175,24.8981,30.228700000000003,5.3584,2006.0,177.0,12.917300000000001,29.295300000000005,0.0,36.115,24.235599999999998,14.265699999999999,20.5006,1.0401,2006.0,177.0,24.246480000000005,32.70684,3.0974666666666666,47.52101333333334,31.638479999999998,19.03396,25.12648,3.0676466666666666,2006.0,7181.24,5263.84,624.34,3793.54,333.2,1332.0,0.42
5,193.0,30.5585,36.8495,15.259,82.01389999999999,39.6122,24.1813,31.001800000000003,4.213800000000001,2006.0,193.0,7.4244,29.123800000000003,0.0,33.8561,26.355900000000002,15.421700000000001,22.3902,1.4088,2006.0,193.0,24.46135333333333,33.929033333333344,2.522613333333333,53.764393333333345,32.59924666666667,20.062486666666665,26.069073333333336,2.8384,2006.0,8376.75,6448.02,361.78,4213.89,198.8,834.5,0.11
6,209.0,29.314300000000003,38.4983,15.7622,67.7551,38.1291,27.3485,32.291500000000006,6.8984000000000005,2006.0,209.0,10.204600000000001,31.013,0.0,35.450900000000004,25.6049,16.6284,23.6146,1.1076000000000001,2006.0,209.0,24.46381333333333,34.74913333333334,3.589213333333333,50.28764666666667,33.63504,21.678779999999996,27.594520000000003,3.8298266666666674,2006.0,8307.51,6510.98,385.06,4305.76,213.9,902.44,0.0
7,225.0,26.5791,38.1781,23.028499999999998,81.22070000000001,35.51390000000001,22.9099,28.784600000000005,3.9258999999999995,2006.0,225.0,6.3957999999999995,29.4367,0.0,48.5075,26.3198,11.818000000000001,20.9135,1.2858,2006.0,225.0,16.69202,35.043153333333336,8.45998,66.59898,30.28790666666666,19.266993333333335,24.52330666666667,2.940193333333333,2006.0,8345.64,6753.32,401.98,4550.56,219.39,885.73,0.06
8,241.0,24.179299999999998,35.262100000000004,25.9618,89.47470000000001,30.9399,20.358400000000003,24.6966,4.982899999999999,2006.0,241.0,4.4856,28.858,0.0,54.2643,20.209600000000002,11.6562,17.2258,0.9290999999999998,2006.0,241.0,17.475540000000002,31.78098666666667,2.531153333333333,70.19664,25.63706666666667,15.889086666666666,20.532206666666664,2.870846666666667,2006.0,7806.37,5754.71,467.7,3880.22,254.68,906.8,0.18
9,257.0,23.1448,34.403200000000005,34.1595,92.77250000000001,29.4208,20.1142,23.716299999999997,7.9864000000000015,2006.0,257.0,1.2764000000000002,24.2095,0.0,46.4252,13.9865,2.4673,9.8215,1.6065,2006.0,257.0,15.210159999999998,30.02690666666667,6.709586666666667,69.41406,21.663606666666666,12.006733333333331,16.663760000000003,4.234953333333333,2006.0,6755.41,4696.02,653.33,3424.39,349.3,1142.11,0.0
10,273.0,20.2398,31.990000000000002,10.844100000000001,86.5271,30.9557,18.6505,21.5512,5.380399999999999,2006.0,273.0,5.5171,25.3674,0.0,45.7375,14.9897,6.3118,11.5665,1.9989,2006.0,273.0,15.476140000000001,28.846366666666672,2.1260066666666666,67.25592666666665,21.752613333333336,10.846966666666665,15.764999999999999,3.9815,2006.0,4113.83,2449.81,1044.32,2509.89,500.95,1801.93,0.0
11,289.0,16.685299999999998,30.59,12.3921,96.19059999999999,18.7858,11.735800000000001,14.392999999999999,6.5526,2006.0,289.0,3.6109,19.4397,0.0,29.813,7.4801,-2.7805999999999997,1.9344999999999999,2.5043,2006.0,289.0,9.173486666666665,25.89523333333333,2.9702,60.91823333333332,11.984,3.268186666666667,7.315700000000001,4.269613333333333,2006.0,3560.13,2021.0,1082.08,2274.64,531.51,1822.95,0.02
12,305.0,14.2479,29.082,22.199299999999997,94.74860000000001,25.354100000000003,9.635,15.762999999999998,6.1083,2006.0,305.0,3.4368000000000003,18.7543,0.0,40.5816,5.4722,-6.2729,0.2836,2.4621000000000004,2006.0,305.0,10.714266666666667,24.28312,1.9781666666666666,61.87938666666666,13.328633333333334,2.699866666666667,7.364440000000001,3.934333333333333,2006.0,3068.09,1841.49,1307.1,2456.26,620.34,2122.36,0.03
