,DOY,INSgdmax,RADmax,RAINmax,RHmax,TMAXmax,TMINmax,Tmax,WINDmax,YEAR,DOY,INSgdmin,RADmin,RAINmin,RHmin,TMAXmin,TMINmin,Tmin,WINDmin,YEAR,DOY,INSgdmean,RADmean,RAINmean,RHmean,TMAXmean,TMINmean,Tmean,WINDmean,YEAR,NDVI,EVI,RED,NIR,BLUE,MIR,pixrel
0,113.0,28.472600000000003,31.66,18.3056,93.04329999999999,23.162599999999998,14.4117,17.348100000000002,5.8873999999999995,2006.0,113.0,2.6510000000000002,24.3926,0.0,38.578199999999995,13.8514,2.6389,9.0896,1.5906,2006.0,113.0,17.37237333333333,27.17169333333333,3.520153333333334,61.35178,18.9753,8.52374,13.764813333333333,3.8413466666666665,2006.0,5929.02,3545.14,641.97,2651.98,348.03,1209.44,0.0
1,129.0,28.2894,31.6203,11.9666,85.1724,22.008000000000003,14.1704,16.655800000000003,7.086,2006.0,129.0,8.688099999999999,24.6477,0.0,52.376900000000006,10.1223,2.2094000000000005,8.0665,1.3058,2006.0,129.0,16.798053333333336,27.856773333333333,2.021366666666667,67.65035333333333,17.368920000000003,8.710226666666667,12.962113333333331,3.821653333333333,2006.0,7091.76,4558.14,483.12,3086.6,275.39,897.45,0.42
2,145.0,29.5176,34.2042,20.518700000000003,82.2092,30.3354,21.2675,24.936999999999998,5.5738,2006.0,145.0,9.341899999999999,28.9978,0.0,28.2127,22.0218,9.3535,17.4431,1.669,2006.0,145.0,21.773126666666663,31.619386666666667,3.6479266666666668,57.24714666666667,26.69616666666667,16.557633333333335,21.465926666666668,3.3409999999999997,2006.0,7243.09,4833.57,499.42,3281.18,282.43,992.36,0.01
3,161.0,31.486600000000003,34.5814,24.441699999999997,70.2836,34.3533,24.8778,28.8732,5.882199999999999,2006.0,161.0,7.3278,28.6815,0.0,38.012299999999996,18.83,10.14,15.605,1.1263,2006.0,161.0,21.573346666666666,31.79288,3.7122533333333334,48.65108000000001,29.77478,17.2763,23.44287333333333,3.34302,2006.0,7572.68,5170.59,467.27,3449.16,267.45,867.95,0.05
4,177.0,31.4122,37.6533,17.4688,70.35730000000001,37.2923,23.6235,30.2772,5.5298,2006.0,177.0,10.102300000000001,28.9437,0.0,33.509,24.607,12.353399999999999,19.585299999999997,1.2119999999999997,2006.0,177.0,21.329933333333333,32.61418666666667,4.039086666666668,50.35885333333333,31.407653333333332,18.22233333333334,24.812493333333336,2.8718866666666667,2006.0,7574.86,5102.43,439.3,3387.46,253.17,863.17,0.9
5,193.0,30.2992,37.0545,15.0958,86.6897,37.52470000000001,22.6736,28.961100000000002,3.5007,2006.0,193.0,9.3878,29.6605,0.0,34.0714,26.036900000000003,15.547699999999999,22.875700000000002,1.1605,2006.0,193.0,23.772953333333334,33.573706666666666,2.6871533333333337,58.64916,32.257493333333336,20.034993333333333,25.835186666666665,2.419166666666667,2006.0,7511.98,5005.43,432.2,3304.13,249.67,834.48,0.18
6,209.0,28.6796,38.2715,24.872799999999998,69.2661,38.093500000000006,26.5357,31.0409,4.8323,2006.0,209.0,9.740100000000002,31.2829,0.0,37.1365,27.9657,16.5567,22.9229,1.195,2006.0,209.0,22.30638666666667,34.941113333333334,4.4022733333333335,52.74130666666667,33.96908666666667,21.831593333333334,27.695206666666667,3.1318866666666665,2006.0,7476.67,4745.87,423.71,3079.3,244.74,859.15,0.0
7,225.0,25.9713,37.5856,30.435699999999997,75.77890000000001,35.665400000000005,24.814799999999998,29.624299999999998,4.049999999999999,2006.0,225.0,6.8065,29.651699999999998,0.0,44.090300000000006,27.709200000000003,13.688,22.5342,1.4426999999999999,2006.0,225.0,16.495333333333335,35.062106666666665,7.200146666666666,61.17252,30.984073333333328,20.21843333333333,25.33804666666667,2.5648066666666662,2006.0,7484.99,4949.28,419.43,3232.43,244.12,812.3,0.39
8,241.0,23.8615,36.1627,27.8818,87.95939999999999,32.137,22.7093,25.6312,4.032,2006.0,241.0,4.9846,29.1222,0.0,55.7606,22.147100000000002,11.7224,17.531399999999998,1.0168,2006.0,241.0,16.898153333333333,32.58448,4.4732,68.32687333333332,26.798313333333333,16.62208,21.535960000000003,2.270173333333333,2006.0,7340.24,4508.44,387.6,2913.99,211.06,750.29,0.33
9,257.0,22.9057,34.4568,23.7328,90.4794,29.1613,18.8644,23.4542,6.078200000000001,2006.0,257.0,2.6882,26.1781,0.0,51.13420000000001,15.271799999999999,2.7949,9.7301,1.2133000000000003,2006.0,257.0,14.330006666666668,30.567220000000006,4.20014,64.46258666666667,23.038726666666662,12.2365,17.655073333333334,3.3736999999999995,2006.0,7230.34,4397.09,403.24,2837.52,224.98,757.67,0.0
10,273.0,20.1238,33.363200000000006,4.323300000000001,82.8664,30.5347,19.4367,22.1532,4.6121,2006.0,273.0,5.5553,24.745199999999997,0.0,41.6723,16.295099999999998,5.0548,10.9199,2.2035,2006.0,273.0,15.83732,28.47035333333333,0.7647933333333332,62.842686666666665,21.78001333333333,10.570966666666665,15.869539999999997,3.4121799999999998,2006.0,6230.85,3466.34,516.67,2432.65,272.72,905.96,0.0
11,289.0,16.5162,30.9847,17.9737,90.7034,19.1315,12.955300000000001,15.6343,6.3241,2006.0,289.0,2.9442000000000004,19.4616,0.0,32.8562,6.0466999999999995,-2.9524,1.2498,2.2937000000000003,2006.0,289.0,8.759073333333333,25.940866666666665,3.892666666666667,66.88889333333333,11.7227,3.1279466666666664,7.169440000000001,3.692920000000001,2006.0,5776.33,3041.86,561.38,2225.66,302.18,932.97,0.19
12,305.0,13.828199999999999,29.437,7.453900000000001,93.71459999999999,21.2118,9.086699999999999,13.7555,4.9766,2006.0,305.0,3.2284,18.0973,0.0,40.6549,4.893800000000001,-5.6307,-0.0635,1.9783,2006.0,305.0,9.937466666666666,24.602480000000003,0.9639399999999998,66.63003333333333,12.149773333333334,3.05194,7.03978,3.6154133333333336,2006.0,4649.12,2663.34,869.12,2367.27,504.66,1135.44,0.77
