,DOY,INSgdmax,RADmax,RAINmax,RHmax,TMAXmax,TMINmax,Tmax,WINDmax,YEAR,DOY,INSgdmin,RADmin,RAINmin,RHmin,TMAXmin,TMINmin,Tmin,WINDmin,YEAR,DOY,INSgdmean,RADmean,RAINmean,RHmean,TMAXmean,TMINmean,Tmean,WINDmean,YEAR,NDVI,EVI,RED,NIR,BLUE,MIR,pixrel
0,113.0,27.43,31.86,38.2,95.23,23.91,15.28,18.64,5.3,2006.0,113.0,3.38,25.06,0.0,37.3,12.48,4.03,8.98,2.32,2006.0,113.0,15.755999999999998,27.973333333333336,7.2426666666666675,62.55866666666667,19.091333333333335,9.371333333333334,14.184666666666663,3.8073333333333337,2006.0,4419.76,2885.41,1108.73,2869.2,559.93,2412.3,0.07
1,129.0,29.95,32.76,18.29,79.34,23.01,15.08,18.16,7.21,2006.0,129.0,8.35,22.39,0.0,40.17,15.48,4.04,11.38,1.09,2006.0,129.0,16.616666666666664,28.156,1.9913333333333332,60.57733333333333,19.083333333333332,9.869333333333334,14.330666666666668,4.144000000000001,2006.0,5418.3,3473.61,850.78,2879.68,441.81,1822.26,0.67
2,145.0,30.06,33.73,20.23,83.59,34.36,21.01,24.36,5.96,2006.0,145.0,10.76,29.77,0.0,31.03,24.9,12.95,19.53,1.64,2006.0,145.0,22.059333333333328,31.996000000000002,3.556,59.81533333333335,27.625999999999998,17.375999999999998,22.23266666666667,3.6519999999999997,2006.0,5707.19,4064.31,934.15,3421.97,486.27,2152.47,0.37
3,161.0,31.25,34.85,10.08,70.93,34.13,24.13,28.8,6.34,2006.0,161.0,11.12,29.05,0.0,40.03,23.09,12.4,18.7,0.56,2006.0,161.0,22.495333333333335,32.23666666666667,3.2726666666666673,50.37333333333334,30.569999999999997,18.741333333333333,24.406000000000002,3.5926666666666667,2006.0,6296.28,4650.22,839.0,3697.32,443.43,1840.03,0.02
4,177.0,30.71,37.62,10.97,63.61,37.69,24.8,30.98,5.54,2006.0,177.0,10.01,29.59,0.0,31.64,25.19,13.68,21.16,1.67,2006.0,177.0,22.22933333333333,33.114666666666665,2.4233333333333333,47.48333333333333,32.15533333333333,19.265333333333334,25.70333333333333,3.0660000000000003,2006.0,6770.85,4967.87,714.8,3722.74,381.26,1613.68,0.19
5,193.0,30.35,36.86,17.73,82.09,38.75,23.26,30.59,3.47,2006.0,193.0,7.96,29.2,0.0,35.1,26.51,16.36,23.18,1.38,2006.0,193.0,24.855333333333338,34.14200000000001,2.1733333333333333,55.02333333333333,32.88333333333333,20.347999999999995,26.35733333333333,2.488,2006.0,7839.59,5616.38,441.48,3724.65,242.05,972.4,0.47
6,209.0,29.48,37.66,21.05,68.34,37.5,27.67,32.05,5.87,2006.0,209.0,9.58,31.28,0.0,35.6,26.21,16.82,24.05,1.08,2006.0,209.0,24.771333333333338,34.88666666666667,4.94,49.672000000000004,34.05533333333334,22.31533333333333,28.154666666666667,3.510666666666667,2006.0,7924.14,5736.21,422.53,3773.59,234.06,966.4,0.03
7,225.0,25.56,38.66,21.01,77.09,37.51,23.83,30.07,3.74,2006.0,225.0,7.24,29.34,0.0,47.38,27.37,11.99,21.64,1.28,2006.0,225.0,17.534,35.48866666666666,7.737333333333334,62.99999999999999,31.552000000000003,20.290666666666663,25.713333333333335,2.744666666666667,2006.0,8127.87,6302.38,426.25,4223.78,234.41,975.74,0.04
8,241.0,24.52,36.43,34.98,89.13,32.18,22.29,25.65,4.58,2006.0,241.0,5.4,29.09,0.0,48.63,21.55,13.07,18.79,0.55,2006.0,241.0,17.137333333333334,32.494,4.280666666666666,68.612,26.587333333333337,16.896,21.555999999999997,2.512,2006.0,7929.75,5745.94,431.32,3795.91,240.77,890.81,0.1
9,257.0,23.29,34.56,20.27,85.08,29.6,20.72,24.38,7.25,2006.0,257.0,0.79,24.23,0.0,45.6,15.45,3.03,10.49,1.3,2006.0,257.0,15.069999999999999,30.29133333333333,5.102666666666667,65.22733333333333,22.89266666666667,12.860666666666667,17.704666666666665,3.729333333333334,2006.0,7227.09,4874.36,522.25,3329.45,282.52,1025.04,0.0
10,273.0,20.56,32.44,6.95,83.4,31.4,19.67,22.44,4.67,2006.0,273.0,5.87,25.6,0.0,40.95,16.86,6.56,12.68,2.38,2006.0,273.0,16.025333333333332,29.174666666666667,1.274,63.88266666666666,22.254,11.332,16.395999999999997,3.786666666666666,2006.0,5095.61,3069.79,842.29,2607.75,434.15,1520.8,0.0
11,289.0,16.88,31.03,15.51,94.43,18.58,13.45,15.66,5.95,2006.0,289.0,2.99,19.48,0.0,29.38,7.73,-2.75,1.88,2.12,2006.0,289.0,8.868,25.875333333333337,3.304,64.66666666666666,12.40333333333333,3.5513333333333335,7.631333333333333,3.8366666666666664,2006.0,4426.06,2445.52,864.91,2240.87,446.7,1568.7,0.0
12,305.0,14.69,29.95,23.79,94.33,24.33,9.57,15.39,5.56,2006.0,305.0,3.56,18.79,0.0,40.72,6.03,-5.32,0.31,2.57,2006.0,305.0,10.556666666666667,24.561999999999998,1.9506666666666665,64.13466666666666,13.333333333333336,3.3759999999999994,7.731333333333334,3.72,2006.0,3682.28,2053.17,1040.42,2242.4,509.5,1853.05,0.0
