,DOY,INSgdmax,RADmax,RAINmax,RHmax,TMAXmax,TMINmax,Tmax,WINDmax,YEAR,DOY,INSgdmin,RADmin,RAINmin,RHmin,TMAXmin,TMINmin,Tmin,WINDmin,YEAR,DOY,INSgdmean,RADmean,RAINmean,RHmean,TMAXmean,TMINmean,Tmean,WINDmean,YEAR,NDVI,EVI,RED,NIR,BLUE,MIR,pixrel
0,113.0,28.636000000000003,31.189999999999998,15.952,91.90599999999999,22.827999999999996,13.734000000000002,16.796,6.452,2006.0,113.0,2.7119999999999997,23.694000000000003,0.0,39.629999999999995,14.336000000000002,1.528,9.036,1.342,2006.0,113.0,17.8628,26.88866666666667,2.9801333333333337,60.51786666666666,18.7432,8.162,13.523733333333334,3.9524,2006.0,5086.38,2345.76,513.24,1755.93,281.14,915.28,2.59
1,129.0,29.003999999999998,31.078,10.681999999999999,87.564,21.637999999999998,13.988,16.274,7.02,2006.0,129.0,6.812,24.619999999999997,0.0,56.147999999999996,9.546,2.344,6.868,1.4520000000000002,2006.0,129.0,16.389333333333333,27.708,2.2164,70.46053333333333,16.751733333333334,8.447066666666666,12.537066666666668,3.8092,2006.0,6153.69,3128.69,403.69,2045.79,246.95,676.55,2.57
2,145.0,29.400000000000002,34.572,17.318,82.918,29.445999999999998,21.326,24.912,5.53,2006.0,145.0,10.238,28.008000000000003,0.0,27.308,21.102,8.046000000000001,16.646,1.63,2006.0,145.0,22.177999999999997,31.306533333333334,3.3724,57.659333333333336,26.044933333333333,16.065066666666667,20.93613333333333,3.2526666666666664,2006.0,7295.45,4449.63,372.5,2818.67,238.49,611.44,0.04
3,161.0,31.492,34.364000000000004,23.659999999999997,70.128,34.391999999999996,24.964000000000002,28.792,5.87,2006.0,161.0,6.62,28.304000000000002,0.0,37.658,17.757999999999996,9.154,14.318000000000001,1.2840000000000003,2006.0,161.0,20.94573333333333,31.445333333333338,3.901466666666667,49.156533333333336,29.117466666666672,16.513333333333335,22.812399999999997,3.3111999999999995,2006.0,7328.23,4875.84,348.35,3080.15,224.07,608.63,0.18
4,177.0,31.731999999999996,37.58,14.512,70.426,37.093999999999994,22.896,29.895999999999997,5.558,2006.0,177.0,8.706,28.682,0.0,35.684,24.772,12.082,19.613999999999997,1.228,2006.0,177.0,20.92026666666667,32.45399999999999,4.350800000000001,51.19,31.034933333333328,17.829333333333334,24.455466666666666,2.7998666666666665,2006.0,7155.31,4216.73,336.74,2579.56,230.11,564.43,0.18
5,193.0,30.238,37.248,15.379999999999999,87.606,37.062000000000005,22.561999999999998,28.474000000000004,3.5200000000000005,2006.0,193.0,10.879999999999999,29.546,0.0,33.974000000000004,26.104,14.982,22.558,1.1720000000000002,2006.0,193.0,23.53986666666667,33.4492,3.141466666666667,59.6948,31.99253333333333,19.8564,25.5852,2.437866666666667,2006.0,6951.27,3930.82,294.07,2406.31,185.28,539.37,5.1
6,209.0,28.740000000000002,38.108,21.991999999999997,69.46199999999999,38.23,26.317999999999998,30.856,4.78,2006.0,209.0,8.752,31.226000000000003,0.0,38.120000000000005,27.193999999999996,16.256,22.606,1.024,2006.0,209.0,22.032266666666672,34.84813333333334,4.0276,53.746533333333325,33.81093333333333,21.655066666666666,27.50893333333333,3.0553333333333335,2006.0,6911.36,3806.82,321.15,2320.55,209.52,561.99,0.03
7,225.0,26.314,37.296,27.51,74.406,35.038,24.490000000000002,29.212000000000003,4.25,2006.0,225.0,7.816,29.552,0.0,44.092,27.554,14.292000000000002,22.740000000000002,1.4300000000000002,2006.0,225.0,16.610533333333336,34.7476,6.5321333333333325,59.95586666666665,30.654133333333334,19.953866666666666,25.048533333333335,2.555066666666667,2006.0,6656.44,3587.75,341.04,2213.92,215.54,560.61,0.03
8,241.0,23.14,35.980000000000004,37.354,87.768,32.214,22.728,25.502000000000002,3.7940000000000005,2006.0,241.0,4.1,28.842,0.0,57.263999999999996,21.652,11.446000000000002,16.950000000000003,1.06,2006.0,241.0,16.487466666666666,32.418533333333336,4.924800000000001,68.55813333333333,26.647866666666665,16.431466666666665,21.311466666666668,2.2501333333333333,2006.0,6153.2,3109.92,334.04,2022.31,182.52,562.38,10.2
9,257.0,22.701999999999998,33.848,19.236,92.084,28.968000000000004,17.688,23.15,5.968,2006.0,257.0,2.5780000000000003,25.689999999999998,0.0,50.762,14.771999999999998,2.7479999999999998,9.283999999999999,1.138,2006.0,257.0,13.933066666666665,30.29186666666667,4.531466666666667,65.53133333333334,22.50893333333333,11.7996,17.331333333333333,3.3644,2006.0,5679.5,3002.58,507.4,2096.96,311.34,731.68,0.62
10,273.0,19.652,33.019999999999996,2.36,83.80000000000001,29.8,19.340000000000003,21.716,4.608,2006.0,273.0,6.364,24.188000000000002,0.0,42.91,15.680000000000001,4.688000000000001,10.402000000000001,2.19,2006.0,273.0,15.686666666666667,28.209066666666665,0.44560000000000005,63.528666666666666,21.300666666666665,10.236799999999999,15.522,3.3245333333333336,2006.0,4643.22,1839.42,436.7,1447.3,182.66,639.54,7.69
11,289.0,15.658000000000001,31.188,16.398,90.506,18.598,13.252,15.644000000000002,6.708,2006.0,289.0,2.828,19.51,0.0,34.292,5.654,-2.4699999999999998,1.236,2.1959999999999997,2006.0,289.0,8.280000000000001,26.144533333333328,3.759066666666667,67.42786666666667,11.295333333333334,3.0806666666666667,6.989733333333334,3.720666666666667,2006.0,4586.89,1812.0,553.51,1506.85,332.29,834.83,5.79
12,305.0,13.54,29.274,5.71,93.33,20.468,8.564,13.33,5.130000000000001,2006.0,305.0,3.068,17.96,0.0,40.812,4.424,-4.508,-0.088,1.9320000000000004,2006.0,305.0,9.604,24.470133333333337,0.8876,66.23653333333334,11.723733333333332,2.9677333333333333,6.822800000000001,3.6660000000000004,2006.0,3069.31,1589.36,1092.23,1920.31,878.42,988.71,2.39
