,DOY,INSgdmax,RADmax,RAINmax,RHmax,TMAXmax,TMINmax,Tmax,WINDmax,YEAR,DOY,INSgdmin,RADmin,RAINmin,RHmin,TMAXmin,TMINmin,Tmin,WINDmin,YEAR,DOY,INSgdmean,RADmean,RAINmean,RHmean,TMAXmean,TMINmean,Tmean,WINDmean,YEAR,NDVI,EVI,RED,NIR,BLUE,MIR,pixrel
0,113.0,28.48,31.18,33.66,97.78,21.51,12.16,14.88,5.81,2006.0,113.0,2.66,23.47,0.0,43.69,8.31,0.59,6.5,2.2,2006.0,113.0,15.089999999999998,27.11399999999999,5.245999999999999,67.64666666666666,16.19466666666667,7.117333333333332,11.852666666666666,4.252666666666667,2006.0,3910.23,1930.76,815.34,1868.95,433.53,1645.34,0.26
1,129.0,25.31,32.11,8.05,81.13,22.95,13.87,17.44,8.49,2006.0,129.0,9.4,24.26,0.0,43.99,10.85,2.26,8.17,2.65,2006.0,129.0,17.859333333333332,27.89533333333333,1.8026666666666664,64.97,17.421333333333333,8.765333333333333,12.916666666666664,4.924,2006.0,5546.81,3058.92,618.41,2299.57,338.0,1242.39,0.26
2,145.0,29.27,33.3,15.89,86.05,28.54,21.04,23.9,6.58,2006.0,145.0,10.91,29.09,0.0,31.04,18.24,11.56,16.31,1.56,2006.0,145.0,20.932666666666663,31.38533333333334,2.9933333333333336,57.54933333333334,25.356000000000005,15.544000000000004,20.29933333333333,4.093333333333335,2006.0,6811.63,4156.24,513.48,2833.07,281.57,1082.1,0.24
3,161.0,30.92,35.14,10.77,73.29,33.61,23.7,27.98,6.97,2006.0,161.0,8.78,28.3,0.0,39.57,16.83,7.99,13.04,0.96,2006.0,161.0,21.20866666666667,31.86533333333334,4.380666666666667,50.93600000000001,28.630666666666666,17.275333333333332,22.708000000000006,4.043333333333333,2006.0,7634.0,5178.45,452.83,3429.26,246.8,883.44,0.07
4,177.0,32.36,36.32,16.67,68.42,35.32,22.84,28.25,4.58,2006.0,177.0,16.85,28.51,0.0,40.37,23.38,12.84,19.34,0.56,2006.0,177.0,23.726,32.083333333333336,3.3400000000000007,51.04333333333334,29.828666666666667,17.511999999999997,23.538,2.987333333333333,2006.0,7300.25,4990.9,540.62,3439.45,292.31,896.44,0.65
5,193.0,30.53,36.58,10.95,85.29,36.8,23.45,29.66,5.02,2006.0,193.0,12.67,28.87,0.0,35.59,26.4,13.28,20.96,1.23,2006.0,193.0,23.853333333333335,33.38266666666666,2.155333333333333,54.99333333333334,31.712666666666667,19.207999999999995,25.16733333333334,3.2306666666666666,2006.0,6949.09,4605.17,580.22,3229.64,316.11,980.44,0.0
6,209.0,28.87,39.2,22.51,72.29,38.82,26.0,31.25,6.79,2006.0,209.0,8.06,30.38,0.0,40.67,25.27,15.78,22.32,1.17,2006.0,209.0,23.500000000000004,34.647999999999996,3.762,54.81399999999999,32.59799999999999,20.531999999999996,26.337333333333337,3.546666666666667,2006.0,5928.09,3680.92,759.92,2853.64,405.85,1181.7,0.03
7,225.0,27.04,36.4,27.18,89.66,31.53,22.61,26.46,4.48,2006.0,225.0,5.11,28.87,0.0,50.26,22.46,12.11,19.56,1.33,2006.0,225.0,16.01266666666667,33.842,4.716666666666667,72.10866666666665,27.44333333333333,17.846666666666668,22.38533333333333,2.940666666666666,2006.0,6117.05,3888.07,713.74,2943.26,370.38,1261.48,0.0
8,241.0,22.36,34.6,32.63,86.98,29.36,18.82,23.32,4.72,2006.0,241.0,5.44,28.87,0.0,56.25,20.43,10.35,15.89,0.84,2006.0,241.0,17.032,31.53666666666667,4.778000000000001,70.36533333333334,25.24666666666666,14.971333333333337,19.814000000000004,2.691333333333334,2006.0,5456.72,3168.6,761.26,2546.17,395.1,1315.52,0.0
9,257.0,22.61,34.42,50.43,97.22,27.92,18.48,22.21,7.66,2006.0,257.0,1.66,25.85,0.0,51.21,13.11,1.07,7.62,1.28,2006.0,257.0,14.30866666666667,29.630000000000006,6.298666666666666,73.80666666666667,20.172666666666665,10.553333333333331,15.136000000000001,4.258666666666667,2006.0,5161.56,2943.55,743.85,2392.79,397.34,1272.69,0.14
10,273.0,18.94,30.71,9.96,95.02,29.12,16.61,19.88,5.82,2006.0,273.0,4.75,25.02,0.0,48.08,13.86,5.01,9.96,1.72,2006.0,273.0,14.936000000000005,27.93399999999999,1.5446666666666666,73.35466666666666,19.83533333333333,9.314666666666666,14.084666666666667,3.832,2006.0,4601.04,2434.41,768.28,2116.7,398.66,1425.4,0.0
11,289.0,15.37,29.81,9.45,96.53,15.25,10.07,12.76,7.81,2006.0,289.0,4.54,19.3,0.0,34.89,5.65,-2.7,1.22,2.51,2006.0,289.0,9.468666666666667,25.696666666666662,1.8686666666666663,61.35466666666665,10.262,2.6473333333333335,6.033333333333334,4.537333333333333,2006.0,4057.24,1898.59,712.27,1721.86,381.81,1288.53,0.47
12,305.0,13.46,28.98,6.34,93.2,24.04,8.69,14.77,5.95,2006.0,305.0,3.71,17.86,0.0,36.81,3.55,-4.15,-0.4,2.34,2006.0,305.0,10.414666666666667,23.700666666666674,1.0326666666666666,63.01666666666667,11.757333333333332,1.8259999999999998,6.108666666666667,4.092666666666667,2006.0,3404.74,1789.58,1181.33,2183.77,742.27,1586.22,1.14
