,DOY,INSgdmax,RADmax,RAINmax,RHmax,TMAXmax,TMINmax,Tmax,WINDmax,YEAR,DOY,INSgdmin,RADmin,RAINmin,RHmin,TMAXmin,TMINmin,Tmin,WINDmin,YEAR,DOY,INSgdmean,RADmean,RAINmean,RHmean,TMAXmean,TMINmean,Tmean,WINDmean,YEAR,NDVI,EVI,RED,NIR,BLUE,MIR,pixrel
0,113.0,28.550200000000004,31.1704,25.4994,96.79740000000001,21.881999999999998,12.4804,15.57,5.8624,2006.0,113.0,2.9592,23.834,0.0,41.7038,9.682200000000002,0.8712,6.7382,2.0702,2006.0,113.0,14.874546666666665,27.24625333333333,4.87996,67.13589333333334,16.64718666666667,7.4472266666666656,12.199853333333333,4.131013333333334,2006.0,5634.6,3630.91,795.84,2909.99,422.79,1516.85,0.0
1,129.0,27.596,32.2486,8.405000000000001,80.79919999999998,23.117199999999997,14.1036,17.669800000000002,8.2826,2006.0,129.0,9.8432,23.3848,0.0,43.1182,11.576,3.0851999999999995,8.9734,2.413,2006.0,129.0,17.862413333333336,27.888639999999995,1.6132533333333332,63.08391999999999,17.829973333333335,9.032119999999999,13.310986666666667,4.846533333333333,2006.0,6360.27,3964.28,625.04,2867.82,331.55,1382.77,0.0
2,145.0,29.700000000000003,33.407399999999996,14.661,85.8356,30.104799999999997,20.9952,23.958,6.631600000000001,2006.0,145.0,12.788,29.044400000000003,0.0,31.739199999999997,19.5574,12.159199999999998,17.1018,1.6778,2006.0,145.0,21.643906666666666,31.399759999999993,2.9239733333333335,57.61730666666667,25.83612,15.969853333333337,20.7316,4.075653333333333,2006.0,6485.42,4373.34,691.56,3254.04,368.83,1533.31,0.33
3,161.0,30.800200000000004,34.9302,11.003,72.82220000000001,33.813199999999995,23.663,28.0738,7.1144,2006.0,161.0,9.532599999999999,28.567,0.0,38.9106,17.747999999999998,8.904,14.035,1.0408,2006.0,161.0,21.43405333333333,31.92258666666667,3.90444,50.870360000000005,29.04076,17.592466666666667,23.148653333333336,4.053093333333333,2006.0,6886.71,5063.32,688.89,3747.42,372.85,1466.35,0.0
4,177.0,32.055800000000005,36.9636,14.9558,67.952,36.089600000000004,23.645,28.939799999999998,4.9132,2006.0,177.0,14.6384,28.6342,0.0,39.272999999999996,23.5342,13.3096,19.6164,0.7928,2006.0,177.0,23.81617333333333,32.18428,3.330026666666667,49.924306666666666,30.377653333333335,17.9376,23.99310666666667,3.003893333333333,2006.0,7369.33,5448.6,581.59,3850.12,313.52,1254.16,0.82
5,193.0,30.605600000000003,36.428,11.963799999999999,83.81700000000001,37.756,23.6588,30.024,4.8046,2006.0,193.0,10.151600000000002,28.793400000000002,0.0,34.8194,26.4572,13.8018,21.333,1.3174000000000001,2006.0,193.0,24.044106666666668,33.478559999999995,2.2719733333333334,54.619173333333336,31.97301333333334,19.416799999999995,25.419013333333336,3.10792,2006.0,7458.66,5003.03,474.66,3329.5,257.99,989.82,0.0
6,209.0,29.0974,38.952799999999996,21.254399999999997,70.8244,38.6292,26.4574,31.6108,6.7994,2006.0,209.0,8.725200000000001,30.599800000000002,0.0,38.6644,25.372,16.0246,22.757,1.166,2006.0,209.0,23.645546666666668,34.65565333333333,4.190239999999999,53.349693333333335,32.92256,20.908853333333326,26.724093333333336,3.6323866666666667,2006.0,7531.87,5312.32,492.84,3590.28,267.44,1046.32,0.0
7,225.0,27.019199999999998,36.9174,28.8138,87.6044,32.656800000000004,22.6178,27.049,4.293200000000001,2006.0,225.0,5.4758000000000004,29.1802,0.0,50.114000000000004,23.933200000000003,12.172999999999998,20.1062,1.3802,2006.0,225.0,16.203053333333337,34.18282666666667,7.26408,70.46689333333333,28.321640000000002,18.26978666666667,23.03602666666667,2.9336933333333333,2006.0,7793.83,5961.66,500.44,4103.67,270.12,1020.39,0.13
8,241.0,23.2282,34.8504,26.9172,86.7568,29.912399999999998,19.2686,23.768,4.8553999999999995,2006.0,241.0,5.1424,28.8542,0.0,56.0954,20.162599999999998,11.0582,16.3142,0.9708000000000001,2006.0,241.0,17.14808,31.630653333333335,3.91624,70.39185333333333,25.322346666666665,15.244693333333332,20.006120000000003,2.756306666666667,2006.0,7793.7,5227.7,412.1,3383.4,225.13,861.42,0.0
9,257.0,22.8104,34.418400000000005,47.005399999999995,96.322,28.369400000000002,18.9966,22.729,7.737,2006.0,257.0,1.5634,25.489800000000002,0.0,50.1084,13.4254,1.3566,8.349599999999999,1.5096,2006.0,257.0,14.644026666666669,29.755026666666666,6.5564,72.0582,20.72356,11.008933333333331,15.638493333333333,4.243093333333333,2006.0,7444.58,4938.2,469.83,3278.99,256.44,951.56,0.0
10,273.0,19.385199999999998,31.101800000000004,9.6592,91.7244,29.7956,17.1054,20.310599999999997,5.690800000000001,2006.0,273.0,5.187200000000001,25.082,0.0,47.298,14.1388,5.2402,10.4178,1.8045999999999998,2006.0,273.0,15.020666666666669,28.181639999999998,1.5911866666666665,71.57694666666666,20.410186666666668,9.743279999999999,14.568706666666667,3.8602133333333333,2006.0,5990.57,3688.16,681.36,2775.93,358.7,1263.57,0.0
11,289.0,15.6894,30.217800000000004,11.0506,96.3716,16.317800000000002,10.552800000000001,13.225,7.3586,2006.0,289.0,4.0969999999999995,19.3288,0.0,33.3346,6.115400000000001,-2.772,1.394,2.5126,2006.0,289.0,9.22184,25.739119999999996,2.402,61.20555999999999,10.763226666666668,2.7955733333333335,6.400146666666666,4.439706666666666,2006.0,5155.73,2878.71,727.51,2332.41,378.05,1316.58,0.0
12,305.0,13.517600000000002,29.0086,9.9572,93.86439999999999,24.3494,8.9582,15.033000000000001,5.9978,2006.0,305.0,3.6368,18.1194,0.0,38.34780000000001,4.1258,-5.1698,-0.2126,2.391,2006.0,305.0,10.547826666666667,23.804373333333338,1.17192,62.905386666666665,12.184746666666666,2.01112,6.440786666666666,4.032053333333334,2006.0,4362.67,2442.85,896.8,2301.54,447.48,1623.75,0.0
