,DOY,INSgdmax,RADmax,RAINmax,RHmax,TMAXmax,TMINmax,Tmax,WINDmax,YEAR,DOY,INSgdmin,RADmin,RAINmin,RHmin,TMAXmin,TMINmin,Tmin,WINDmin,YEAR,DOY,INSgdmean,RADmean,RAINmean,RHmean,TMAXmean,TMINmean,Tmean,WINDmean,YEAR,NDVI,EVI,RED,NIR,BLUE,MIR,pixrel
0,113.0,28.502200000000002,30.965400000000002,26.0824,96.93639999999999,21.398999999999997,11.5014,14.658000000000001,6.0764,2006.0,113.0,3.9402,23.581,0.0,44.6298,8.2212,0.5382,5.8932,2.0002,2006.0,113.0,14.504413333333334,27.166786666666667,4.536093333333333,69.28009333333333,15.82812,6.841559999999999,11.535453333333333,4.167813333333333,2006.0,4646.88,3046.55,1032.28,2862.58,541.08,2110.07,0.0
1,129.0,29.195,32.1396,8.271999999999998,82.0032,23.083199999999998,14.0106,17.5288,8.4826,2006.0,129.0,8.941199999999998,22.4248,0.0,39.6832,11.405,3.5771999999999995,8.6954,3.094,2006.0,129.0,18.176546666666667,27.825773333333327,1.9319199999999999,62.56845333333332,17.73410666666667,8.82552,13.206253333333331,5.106533333333333,2006.0,5562.26,3411.33,755.43,2700.3,397.33,1748.75,0.0
2,145.0,29.64,33.566399999999994,12.338000000000001,86.19059999999999,29.7018,20.9512,23.604,7.053599999999999,2006.0,145.0,16.127,29.060400000000005,0.0,32.6532,18.3954,11.582199999999998,15.954799999999999,1.7968,2006.0,145.0,22.989373333333333,31.20082666666666,2.344106666666667,57.28737333333333,25.55185333333334,15.438920000000003,20.383200000000002,4.222586666666668,2006.0,5500.06,3660.17,893.84,3068.26,468.0,2038.18,0.19
3,161.0,31.0532,34.977199999999996,9.771,76.2722,33.8172,23.145,27.6248,7.754399999999999,2006.0,161.0,10.1416,28.300000000000004,0.0,40.191599999999994,16.977999999999998,8.027,13.113999999999999,1.0857999999999999,2006.0,161.0,20.812520000000003,31.91812000000001,4.113773333333333,52.571893333333335,28.70269333333333,17.191466666666663,22.75092,4.196759999999999,2006.0,6596.04,4862.5,760.25,3723.78,408.76,1664.75,0.0
4,177.0,31.671800000000005,36.349599999999995,15.833800000000002,69.234,36.0526,22.766000000000002,28.116799999999998,4.7502,2006.0,177.0,15.5994,28.9392,0.0,39.926,23.624200000000002,13.0176,19.3844,0.7228,2006.0,177.0,24.539506666666664,31.820880000000002,4.324693333333332,50.729573333333335,29.89132,17.494733333333336,23.493106666666662,2.990293333333333,2006.0,7438.12,5541.3,564.14,3891.2,306.1,1245.49,0.88
5,193.0,30.8186,36.469,10.9648,81.33099999999999,38.502,24.241799999999998,30.03,5.4196,2006.0,193.0,14.8826,28.6554,0.0,33.562400000000004,27.1252,13.2578,20.848999999999997,1.5704,2006.0,193.0,24.864173333333337,33.46209333333333,2.2559733333333334,52.933173333333336,32.234613333333336,19.2376,25.398213333333338,3.354986666666667,2006.0,7960.18,5734.72,411.34,3757.17,225.67,898.5,0.01
6,209.0,29.1364,38.9928,29.769399999999997,72.0384,38.7312,25.6004,31.412799999999997,7.1304,2006.0,209.0,10.0062,30.2468,0.0,39.937400000000004,24.974,14.921599999999998,22.32,1.133,2006.0,209.0,23.73581333333334,34.57498666666667,5.029373333333333,54.22742666666668,32.756359999999994,20.45898666666666,26.31316,3.680853333333333,2006.0,7914.27,5799.27,435.29,3857.58,234.96,927.8,0.0
7,225.0,27.3582,36.3704,33.5218,93.44139999999999,32.099799999999995,21.625799999999998,26.09,4.5022,2006.0,225.0,7.159800000000001,28.522199999999998,0.0,49.778999999999996,22.186200000000003,11.962,19.212200000000003,1.4262000000000001,2006.0,225.0,16.990453333333335,33.77096,8.050613333333333,73.16982666666667,27.420640000000002,17.568920000000002,22.242760000000004,3.0398266666666665,2006.0,8073.55,6380.56,455.09,4354.85,245.29,934.3,0.22
8,241.0,23.344200000000004,34.385400000000004,17.630200000000002,87.3648,29.5894,18.6276,23.32,4.949400000000001,2006.0,241.0,5.0404,28.3372,0.0,58.5514,19.090600000000002,10.0022,15.2832,1.2617999999999998,2006.0,241.0,16.954546666666666,31.221919999999997,3.28024,72.35198666666668,24.626546666666663,14.567293333333335,19.299453333333336,2.878306666666667,2006.0,7643.24,5190.94,439.81,3412.4,238.83,926.19,0.0
9,257.0,22.7654,34.02040000000001,50.7334,97.66399999999999,28.001400000000004,18.287599999999998,22.357999999999997,7.882,2006.0,257.0,1.4454,25.4208,0.0,49.3304,12.8584,0.9885999999999999,7.982600000000001,1.6056,2006.0,257.0,14.212960000000002,29.635426666666667,8.711066666666666,73.56986666666666,20.249626666666664,10.671733333333332,15.134026666666667,4.4540266666666675,2006.0,6957.66,4531.54,537.24,3123.86,286.92,1072.3,0.0
10,273.0,18.7772,30.576800000000002,7.5771999999999995,92.8814,29.2606,15.174399999999999,19.9836,6.463799999999999,2006.0,273.0,3.8472,24.834999999999997,0.0,49.819,13.1348,4.8472,9.7898,1.6016,2006.0,273.0,14.783066666666668,27.88910666666667,1.4568533333333333,72.65561333333335,20.216186666666665,9.412346666666668,14.286440000000002,3.92968,2006.0,4961.51,3021.56,884.62,2630.53,457.67,1532.81,0.0
11,289.0,15.8214,30.046799999999998,6.9636,96.1526,15.1908,9.4188,12.057,7.6175999999999995,2006.0,289.0,4.725,19.2408,0.0,33.846599999999995,5.657400000000001,-2.552,1.2570000000000001,2.3916,2006.0,289.0,9.867773333333334,25.586653333333334,1.8464666666666665,60.16375999999998,10.491893333333334,2.5210399999999997,6.10388,4.623173333333334,2006.0,4218.41,2348.5,899.4,2235.77,460.16,1557.14,0.0
12,305.0,13.1936,28.898600000000002,5.622199999999999,93.20739999999999,24.7134,9.1192,15.139999999999999,6.2978000000000005,2006.0,305.0,4.0578,18.0154,0.0,36.232800000000005,3.7128,-4.8678,-0.39259999999999995,2.34,2006.0,305.0,10.893693333333337,23.490506666666672,0.7080533333333332,61.076386666666664,12.19788,1.58032,6.2083200000000005,4.044320000000001,2006.0,3762.46,2146.71,1038.96,2294.16,521.83,1817.14,0.0
