,DOY,INSgdmax,RADmax,RAINmax,RHmax,TMAXmax,TMINmax,Tmax,WINDmax,YEAR,DOY,INSgdmin,RADmin,RAINmin,RHmin,TMAXmin,TMINmin,Tmin,WINDmin,YEAR,DOY,INSgdmean,RADmean,RAINmean,RHmean,TMAXmean,TMINmean,Tmean,WINDmean,YEAR,NDVI,EVI,RED,NIR,BLUE,MIR,pixrel
0,113.0,27.07,30.64,34.94,68.58,29.88,14.47,20.95,5.29,2007.0,113.0,5.08,23.44,0.0,35.93,12.46,2.1,8.98,1.3,2007.0,113.0,19.79266666666667,27.64266666666667,5.281333333333333,51.45933333333333,20.668000000000003,8.328,14.437333333333331,3.479333333333332,2007.0,4454.23,2124.36,726.42,1882.37,353.55,1396.6,0.0
1,129.0,27.86,32.94,29.46,69.9,31.38,21.77,26.25,7.23,2007.0,129.0,4.97,23.98,0.0,32.63,16.91,9.01,14.89,1.82,2007.0,129.0,18.084,29.808666666666667,4.713333333333333,47.23333333333333,24.551333333333336,14.349333333333334,19.17933333333333,4.248666666666667,2007.0,5401.38,2650.81,607.34,2027.07,304.69,1178.65,0.0
2,145.0,31.79,34.81,11.46,91.33,28.18,19.58,23.11,5.95,2007.0,145.0,7.96,24.73,0.0,30.18,19.4,6.14,12.38,1.31,2007.0,145.0,19.392,30.873333333333335,3.8280000000000003,61.47933333333334,24.351333333333333,13.802666666666664,19.018666666666665,3.8600000000000008,2007.0,7469.55,4799.8,451.11,3152.45,255.54,828.58,0.74
3,161.0,31.14,34.67,4.1,69.63,32.47,21.67,26.18,8.38,2007.0,161.0,13.68,26.46,0.0,33.79,21.79,11.32,17.28,1.23,2007.0,161.0,25.000666666666667,30.879333333333328,1.1806666666666668,49.278,28.914,16.434,22.57133333333333,3.978,2007.0,8211.4,5478.21,326.83,3412.87,177.53,714.95,0.0
4,177.0,31.54,35.42,21.11,80.52,31.58,22.19,26.57,5.7,2007.0,177.0,6.91,27.32,0.0,41.25,24.17,11.23,19.27,0.86,2007.0,177.0,23.73933333333333,32.63933333333334,2.841333333333333,56.30466666666666,28.08666666666666,16.410666666666664,22.260666666666665,2.8139999999999996,2007.0,8293.35,5582.31,317.3,3468.62,174.09,692.19,0.0
5,193.0,28.22,37.04,30.29,79.41,35.67,22.72,28.08,5.0,2007.0,193.0,13.79,29.74,0.0,39.86,26.13,15.0,20.53,1.4,2007.0,193.0,25.58866666666667,33.20266666666667,5.998666666666666,52.33533333333333,30.328666666666667,18.13066666666667,23.971333333333337,3.235999999999999,2007.0,8400.32,5107.66,258.82,3027.76,143.28,541.44,0.01
6,209.0,27.47,37.4,12.35,77.2,34.18,22.55,27.09,3.62,2007.0,209.0,5.44,30.2,0.0,39.15,27.5,12.54,20.27,1.17,2007.0,209.0,22.47733333333333,33.89466666666666,1.7066666666666668,53.24933333333333,31.031999999999996,18.643333333333334,24.66933333333333,2.377333333333333,2007.0,8236.44,5458.84,323.78,3397.49,176.27,693.35,0.03
7,225.0,25.24,37.94,31.39,85.52,32.97,22.73,27.24,3.94,2007.0,225.0,3.74,31.97,0.0,47.95,20.31,13.14,17.01,1.33,2007.0,225.0,17.805333333333333,35.40533333333334,9.674000000000001,68.49466666666667,29.42733333333334,18.359333333333332,23.284666666666666,2.643333333333333,2007.0,8137.99,5211.64,325.76,3225.32,173.73,699.45,0.0
8,241.0,23.11,37.98,69.57,88.94,31.93,21.65,24.59,5.01,2007.0,241.0,5.08,27.79,0.0,52.37,23.77,10.25,17.59,1.24,2007.0,241.0,19.005000000000003,32.668,9.402666666666669,66.65866666666666,27.879333333333328,16.018666666666665,21.775333333333336,2.6026666666666665,2007.0,8069.55,4553.66,285.06,2708.06,153.11,589.38,0.0
9,257.0,21.56,35.75,22.75,77.0,27.48,18.85,22.78,6.74,2007.0,257.0,6.88,23.83,0.0,41.0,15.9,1.32,9.31,1.32,2007.0,257.0,17.021333333333335,29.597333333333335,3.830666666666666,62.27133333333334,22.518666666666668,11.133333333333331,16.865333333333332,3.7473333333333327,2007.0,6981.01,3276.29,369.81,2083.0,169.56,583.16,0.01
10,273.0,18.32,36.29,29.37,91.88,28.95,21.09,23.28,5.44,2007.0,273.0,2.99,25.2,0.0,40.31,17.92,6.38,12.3,2.0,2007.0,273.0,11.926666666666668,31.355333333333327,5.522000000000002,68.39533333333333,23.583333333333336,13.821333333333335,18.599999999999998,3.6419999999999986,2007.0,5964.22,2798.2,502.58,1977.13,245.64,773.81,0.05
11,289.0,14.58,32.08,24.99,94.52,17.6,11.41,14.21,6.9,2007.0,289.0,2.16,22.82,0.0,74.88,8.44,3.04,6.08,0.75,2007.0,289.0,7.8946666666666685,28.845333333333333,6.126666666666668,84.09200000000001,13.390666666666668,6.943333333333333,10.163333333333334,3.5966666666666667,2007.0,5284.63,1953.7,434.04,1407.0,214.0,878.63,0.0
12,305.0,13.1,28.51,1.85,89.73,18.87,9.03,13.3,6.71,2007.0,305.0,5.15,21.46,0.0,40.1,3.14,-3.35,-0.21,1.16,2007.0,305.0,9.974285714285713,23.609999999999996,0.12333333333333334,59.428666666666665,10.656,2.5313333333333334,6.242000000000001,3.627333333333333,2007.0,5201.24,1864.62,425.28,1350.93,204.89,915.0,0.06
