,DOY,INSgdmax,RADmax,RAINmax,RHmax,TMAXmax,TMINmax,Tmax,WINDmax,YEAR,DOY,INSgdmin,RADmin,RAINmin,RHmin,TMAXmin,TMINmin,Tmin,WINDmin,YEAR,DOY,INSgdmean,RADmean,RAINmean,RHmean,TMAXmean,TMINmean,Tmean,WINDmean,YEAR,NDVI,EVI,RED,NIR,BLUE,MIR,pixrel
0,113.0,28.2655,31.811300000000003,40.600500000000004,92.74900000000001,29.4154,15.950800000000001,21.6907,7.1177,2007.0,113.0,2.6676,24.2964,0.0,38.5114,8.9849,2.6843,8.1948,1.4289,2007.0,113.0,19.620060000000002,28.058733333333336,5.834253333333333,59.681459999999994,21.09451333333333,8.690080000000002,14.967619999999998,3.6995266666666664,2007.0,4981.9,2069.43,488.43,1548.83,258.39,935.3,0.01
1,129.0,28.1902,34.8549,25.2686,79.3957,31.2967,21.1187,26.18,7.048800000000001,2007.0,129.0,2.3472,26.2331,0.0,34.5845,16.220200000000002,10.547500000000001,13.9029,1.3207,2007.0,129.0,18.196099999999998,31.36207333333334,4.6637933333333335,53.652013333333336,25.321926666666663,14.984933333333336,20.074299999999997,4.098866666666666,2007.0,5526.52,2414.24,457.27,1694.49,254.45,856.01,0.0
2,145.0,30.776699999999998,36.432199999999995,16.8539,78.9075,30.8847,21.690799999999996,25.2192,6.7064,2007.0,145.0,8.6725,23.855800000000002,0.0,28.0574,22.084200000000003,8.438299999999998,16.1574,2.3963,2007.0,145.0,21.030686666666668,31.717193333333334,2.8906333333333336,54.24340666666666,26.997106666666667,16.126673333333333,21.56194,3.8195066666666664,2007.0,7341.63,3915.62,341.19,2408.9,209.87,594.72,0.76
3,161.0,31.3236,35.692,20.8128,63.4182,35.828500000000005,23.1889,29.093899999999998,8.401399999999999,2007.0,161.0,14.731000000000002,27.2517,0.0,32.7398,23.714199999999998,9.419500000000001,18.8247,1.5539999999999998,2007.0,161.0,24.141553333333334,32.028866666666666,3.8346666666666667,44.37417333333333,31.068060000000006,17.199959999999997,24.217966666666666,3.4969133333333335,2007.0,7627.38,4289.52,281.61,2550.46,181.49,532.44,0.0
4,177.0,30.468600000000002,36.5742,26.042700000000004,71.304,34.9042,21.6782,27.1096,4.9913,2007.0,177.0,6.9375,30.368000000000002,0.0,39.0683,26.411799999999996,13.515,20.3494,1.16,2007.0,177.0,21.483260000000005,34.07186,4.916733333333332,55.67628666666666,30.297460000000004,17.903326666666665,24.06130666666667,2.495106666666667,2007.0,7947.93,4454.25,242.04,2609.21,153.44,501.81,0.01
5,193.0,28.4833,37.9833,16.4898,66.90790000000001,37.2547,24.511699999999998,30.3798,5.2462,2007.0,193.0,12.270500000000002,30.5227,0.0,35.470600000000005,28.2378,16.2082,22.1925,1.8346,2007.0,193.0,24.051313333333336,34.51581999999999,3.9272866666666664,47.812639999999995,33.041880000000006,20.050106666666665,26.328213333333338,3.29684,2007.0,8046.12,4198.94,220.77,2411.98,137.18,407.36,0.57
6,209.0,27.592499999999998,38.828,11.885,68.9306,36.098,23.895000000000003,28.7945,2.9052,2007.0,209.0,8.144599999999999,30.679499999999997,0.0,36.873400000000004,28.452800000000003,13.5275,21.0445,1.2503,2007.0,209.0,23.35924,34.79692,2.1521266666666667,47.256013333333335,33.000053333333334,19.457433333333338,26.094906666666667,1.9644866666666663,2007.0,7907.3,4360.36,256.67,2573.27,159.07,519.68,0.34
7,225.0,25.6425,39.132200000000005,21.929499999999997,84.6691,35.9875,24.659999999999997,28.724400000000003,3.6179,2007.0,225.0,6.0502,33.31439999999999,0.0,47.44109999999999,29.653800000000004,16.6215,23.7784,1.0571000000000002,2007.0,225.0,19.240486666666666,37.148986666666666,8.37842,67.65859333333334,32.569206666666666,21.469326666666667,26.320913333333337,2.1958199999999994,2007.0,7522.0,4050.34,277.95,2410.18,167.04,521.29,0.07
8,241.0,23.5786,37.2439,27.3856,88.27590000000001,34.403499999999994,23.566899999999997,26.067500000000003,4.0443,2007.0,241.0,7.3081,29.543200000000002,0.0,41.2328,24.746699999999997,12.0669,20.2331,1.0161,2007.0,241.0,19.92500714285714,33.57134,4.31928,64.62455999999999,29.718179999999997,17.489206666666668,23.36268,2.2929466666666665,2007.0,7311.66,3576.06,295.98,2144.36,168.12,477.12,0.16
9,257.0,21.9725,34.9453,13.769800000000002,79.42559999999999,32.507999999999996,22.0232,26.7513,5.537100000000001,2007.0,257.0,5.2093,25.6537,0.0,37.338300000000004,17.2876,3.3742,10.9145,1.2654,2007.0,257.0,19.299386666666663,30.78102,1.680706666666667,52.80344000000001,26.149379999999994,13.9434,20.179613333333336,3.34592,2007.0,6591.09,2671.46,297.34,1632.57,155.03,390.11,0.05
10,273.0,19.0855,36.80799999999999,31.7235,85.3218,31.7113,23.1628,26.180999999999997,5.4216999999999995,2007.0,273.0,4.889,26.290599999999998,0.0,37.372299999999996,19.0051,8.7352,14.0697,1.6723000000000001,2007.0,273.0,14.151566666666666,32.041466666666665,4.88912,64.83577333333335,26.396086666666672,14.82362,20.673759999999998,3.2683799999999996,2007.0,5901.3,2374.2,366.68,1547.67,205.95,482.37,0.01
11,289.0,16.174699999999998,32.6505,23.085499999999996,81.4168,24.0228,15.569499999999998,19.0181,7.008299999999999,2007.0,289.0,3.908,23.2181,0.0,56.8981,12.045100000000001,4.7004,8.594800000000001,1.2816,2007.0,289.0,9.36456,29.256473333333332,4.854493333333333,70.27860000000001,17.93556,9.638506666666666,13.592333333333336,4.17354,2007.0,5558.16,1804.88,294.12,1154.85,161.52,514.66,0.01
12,305.0,13.5958,31.6511,2.4772,85.2716,20.525,10.2085,15.0679,6.5756,2007.0,305.0,6.4438,19.7514,0.0,35.8663,5.5786,-3.5453,2.0730999999999997,1.8562999999999998,2007.0,305.0,11.23847142857143,24.45544,0.18177333333333334,50.35254000000001,13.354019999999998,3.979993333333333,8.57442,3.5288399999999998,2007.0,5839.49,1887.4,297.57,1198.27,162.48,569.05,0.04
