,DOY,INSgdmax,RADmax,RAINmax,RHmax,TMAXmax,TMINmax,Tmax,WINDmax,YEAR,DOY,INSgdmin,RADmin,RAINmin,RHmin,TMAXmin,TMINmin,Tmin,WINDmin,YEAR,DOY,INSgdmean,RADmean,RAINmean,RHmean,TMAXmean,TMINmean,Tmean,WINDmean,YEAR,NDVI,EVI,RED,NIR,BLUE,MIR,pixrel
0,113.0,28.255,31.763,40.765,92.77000000000001,29.414,16.018,21.697000000000003,7.117,2007.0,113.0,2.7460000000000004,24.274,0.0,38.524,9.029,2.643,8.248,1.459,2007.0,113.0,19.59126666666667,28.06666666666667,5.759866666666667,59.72593333333332,21.0898,8.687466666666667,14.960199999999997,3.6959333333333326,2007.0,5048.32,2034.74,446.67,1478.17,245.21,826.08,0.02
1,129.0,28.101999999999997,34.759,25.046,79.017,31.317,21.027,26.18,7.018,2007.0,129.0,2.602,26.230999999999998,0.0,34.595,16.342000000000002,10.565000000000001,13.919,1.327,2007.0,129.0,18.247666666666667,31.355400000000003,4.537933333333333,53.50613333333334,25.342599999999997,14.979333333333336,20.084333333333333,4.094666666666665,2007.0,5466.35,2355.62,423.85,1614.02,249.93,752.14,0.0
2,145.0,30.797000000000004,36.442,17.689,78.645,30.947,21.758,25.362,6.754,2007.0,145.0,8.375,23.818,0.0,28.013999999999996,22.122,8.383,16.184,2.383,2007.0,145.0,21.028866666666666,31.729933333333335,2.931,53.97073333333333,27.059733333333334,16.1634,21.618733333333335,3.8224,2007.0,6872.98,3538.45,366.97,2150.38,298.25,483.76,0.95
3,161.0,31.346,35.72,20.488,63.861999999999995,35.825,23.219,29.089,8.414,2007.0,161.0,14.919999999999998,27.307000000000002,0.0,32.688,23.682,9.395,18.747,1.54,2007.0,161.0,24.135533333333335,32.034000000000006,3.8393333333333333,44.46573333333333,31.076600000000003,17.1896,24.21633333333333,3.4838,2007.0,7279.21,4006.49,273.0,2369.2,188.47,464.86,0.0
4,177.0,30.525999999999996,36.542,26.567,71.28999999999999,34.942,21.701999999999998,27.146,5.013,2007.0,177.0,6.955,30.340000000000003,0.0,39.013000000000005,26.387999999999998,13.48,20.334,1.1599999999999997,2007.0,177.0,21.4526,34.07526666666667,4.8966666666666665,55.608200000000004,30.309266666666666,17.9086,24.063733333333335,2.501733333333334,2007.0,7734.6,4249.42,226.43,2468.39,155.33,441.61,0.02
5,193.0,28.463,37.963,18.258,67.02900000000001,37.247,24.496999999999996,30.398,5.242,2007.0,193.0,11.875,30.487000000000002,0.0,35.486000000000004,28.227999999999998,16.162,22.174999999999997,1.8359999999999999,2007.0,193.0,23.9318,34.5042,4.1555333333333335,47.85706666666666,33.02946666666667,20.035733333333333,26.322800000000004,3.295066666666666,2007.0,8080.14,3860.64,186.84,2146.65,132.45,341.58,0.39
6,209.0,27.575000000000003,38.8,11.57,68.876,36.14000000000001,23.93,28.805,2.922,2007.0,209.0,8.006,30.724999999999998,0.0,37.054,28.408,13.475,20.985,1.223,2007.0,209.0,23.325733333333332,34.778533333333336,2.0799333333333334,47.3528,32.99986666666667,19.439000000000004,26.077733333333327,1.9528666666666663,2007.0,7679.74,4075.51,241.81,2363.16,169.78,439.92,0.03
7,225.0,25.625,39.142,21.835,84.751,36.005,24.66,28.744,3.599,2007.0,225.0,5.962,33.263999999999996,0.0,47.061,29.588,16.625,23.784000000000002,1.041,2007.0,225.0,19.13553333333333,37.14786666666667,8.414866666666667,67.59060000000001,32.56673333333333,21.465266666666665,26.3218,2.193533333333333,2007.0,7566.17,3935.46,252.49,2294.26,164.36,440.32,0.17
8,241.0,23.566000000000003,37.239,28.906,88.299,34.435,23.569,26.085,4.003,2007.0,241.0,7.341,29.672,0.0,41.257999999999996,24.836999999999996,12.068999999999999,20.231,1.021,2007.0,241.0,19.89935714285714,33.62206666666667,4.4548000000000005,64.60159999999999,29.75313333333333,17.491400000000002,23.375466666666668,2.2908,2007.0,7250.01,3442.13,260.84,2006.16,171.37,388.71,0.07
9,257.0,21.955000000000002,34.953,13.228,79.68599999999999,32.55,22.012,26.772999999999996,5.521000000000001,2007.0,257.0,5.413,25.737,0.0,37.352999999999994,17.296,3.412,10.925,1.264,2007.0,257.0,19.303866666666664,30.818866666666665,1.6490666666666667,52.83106666666667,26.15913333333333,13.960666666666668,20.196133333333332,3.3392,2007.0,6729.32,2644.41,245.46,1554.13,132.34,294.19,0.01
10,273.0,19.075,36.78,31.195000000000004,85.36800000000001,31.802999999999997,23.188,26.229999999999997,5.407,2007.0,273.0,5.050000000000001,26.305999999999997,0.0,37.373,18.961,8.752,14.097,1.6729999999999998,2007.0,273.0,14.191,32.038666666666664,4.8432,64.7724,26.425533333333338,14.853533333333331,20.70493333333333,3.2618,2007.0,6102.75,2427.39,363.42,1573.57,224.75,407.86,0.06
11,289.0,16.167,32.605000000000004,23.355,81.35799999999999,24.188000000000002,15.615000000000002,19.121,7.023,2007.0,289.0,3.88,23.250999999999998,0.0,56.511,12.071,4.734,8.578,1.276,2007.0,289.0,9.355600000000003,29.27406666666667,4.8516,69.97666666666669,18.012933333333333,9.676399999999997,13.65066666666667,4.178066666666667,2007.0,6002.07,1741.94,243.67,1078.98,130.33,417.27,2.55
12,305.0,13.558,31.621000000000002,2.5220000000000002,85.266,20.490000000000002,10.205000000000002,15.049,6.556,2007.0,305.0,6.378,19.834,0.0,35.993,5.566000000000001,-3.553,2.0709999999999997,1.843,2007.0,305.0,11.217571428571429,24.5064,0.1884,50.33140000000001,13.356866666666665,3.9992666666666663,8.587533333333333,3.527066666666667,2007.0,5626.88,1817.33,273.56,1149.63,160.53,494.0,2.59
