,DOY,INSgdmax,RADmax,RAINmax,RHmax,TMAXmax,TMINmax,Tmax,WINDmax,YEAR,DOY,INSgdmin,RADmin,RAINmin,RHmin,TMAXmin,TMINmin,Tmin,WINDmin,YEAR,DOY,INSgdmean,RADmean,RAINmean,RHmean,TMAXmean,TMINmean,Tmean,WINDmean,YEAR,NDVI,EVI,RED,NIR,BLUE,MIR,pixrel
0,113.0,28.1374,31.502200000000002,49.3504,90.9977,29.982800000000005,15.7683,22.554000000000002,7.3911999999999995,2007.0,113.0,2.6746,23.7348,0.0,45.6936,12.523700000000002,3.6079999999999997,8.7136,2.0799,2007.0,113.0,19.939566666666668,28.06932666666667,6.467346666666667,59.16321333333334,21.719806666666663,9.645053333333333,15.62856,4.352553333333333,2007.0,4398.36,2759.47,1049.52,2691.36,543.12,2018.33,0.03
1,129.0,29.411,35.2457,87.6231,91.8679,31.1967,20.529,25.1647,7.633,2007.0,129.0,3.674,26.7108,0.0,34.3327,15.774000000000001,8.279399999999999,14.3431,1.3277,2007.0,129.0,18.290453333333332,31.34268,13.17142,63.44351999999999,24.599853333333332,14.702146666666668,19.57656666666667,4.456566666666666,2007.0,5405.44,3615.34,923.37,3081.76,480.71,2082.03,0.59
2,145.0,30.0194,34.7041,41.1386,89.22210000000001,29.7983,19.8592,24.1137,6.976,2007.0,145.0,8.965900000000001,25.9886,0.0,31.5676,19.7473,6.2011,13.160699999999999,1.6966,2007.0,145.0,19.544446666666662,31.430313333333338,6.061593333333334,67.94098,24.44609333333333,14.674153333333336,19.50905333333333,4.059913333333333,2007.0,6203.93,4424.85,809.85,3478.23,429.87,1743.82,0.81
3,161.0,31.819199999999995,34.7599,9.4688,81.1447,34.1475,21.877100000000002,26.720800000000004,9.2515,2007.0,161.0,16.228099999999998,26.282400000000003,0.0,37.0422,24.2194,11.0115,18.5364,1.6752000000000002,2007.0,161.0,25.37934666666667,31.61528,1.4655,53.46127333333333,29.09196,16.66766666666667,22.68504,4.225573333333333,2007.0,6594.9,4703.83,725.33,3538.08,391.01,1610.42,0.88
4,177.0,29.649099999999997,36.474199999999996,12.2278,76.81410000000001,31.6325,21.9182,25.685899999999997,3.6784999999999997,2007.0,177.0,11.773399999999999,31.786299999999997,0.0,45.442099999999996,27.3178,14.4348,20.915,1.3995,2007.0,177.0,22.567126666666667,33.93170666666666,2.9706200000000003,61.18534666666667,29.49104,17.916493333333335,23.453053333333333,2.767093333333333,2007.0,7252.51,5070.97,550.19,3500.37,304.89,1178.97,0.06
5,193.0,29.23,38.5174,9.947700000000001,66.1695,36.0273,22.6425,28.552999999999997,5.3175,2007.0,193.0,18.6087,30.1955,0.0,37.905899999999995,28.5452,16.8354,22.2805,1.3159,2007.0,193.0,26.507453333333334,34.45770666666667,2.9799533333333335,50.13780666666666,32.94271333333333,19.956973333333334,26.065106666666665,3.286433333333333,2007.0,7273.07,5072.71,548.62,3497.74,304.55,1126.1,0.05
6,209.0,27.0668,38.9788,11.3427,76.5748,33.850899999999996,22.7535,26.904400000000003,3.9480000000000004,2007.0,209.0,17.3287,33.710499999999996,0.0,41.9279,28.570700000000002,17.3982,24.7112,1.4401000000000002,2007.0,209.0,23.437166666666666,36.50546,1.3112933333333334,54.99641333333332,32.16081333333334,20.161006666666662,25.89564,2.56878,2007.0,8035.48,5559.75,373.97,3545.07,213.07,751.23,0.22
7,225.0,25.7834,39.8498,48.7206,84.7284,36.0454,23.8019,27.9703,4.4994,2007.0,225.0,8.3018,35.2714,0.0,58.2265,29.2738,17.9025,23.8791,1.1287,2007.0,225.0,20.864406666666667,37.65614666666667,9.337653333333334,71.46538000000001,32.65618,21.250073333333336,26.07831333333333,2.642946666666667,2007.0,8013.32,5789.29,401.77,3773.78,226.75,799.91,0.15
8,241.0,23.8592,37.37,41.7439,85.3717,33.106700000000004,23.0019,25.456,5.5123,2007.0,241.0,10.023700000000002,29.1316,0.0,46.4469,24.864900000000002,11.237499999999999,19.0241,0.7526999999999999,2007.0,241.0,20.143092857142854,33.70582,5.1790866666666675,67.759,28.717366666666663,16.945886666666667,22.604106666666667,2.81208,2007.0,7479.78,4930.03,456.43,3252.09,250.93,927.89,0.0
9,257.0,21.9892,35.891400000000004,16.1054,77.3605,28.773899999999998,19.272,23.240700000000004,6.369199999999999,2007.0,257.0,5.3566,26.402900000000002,0.0,36.6961,17.8799,1.6687,10.8078,0.9768000000000001,2007.0,257.0,17.37961333333333,31.546279999999996,2.7763066666666667,62.510086666666666,24.589019999999998,13.239146666666668,18.682673333333334,3.8993199999999995,2007.0,6558.77,4254.73,635.38,3074.53,345.55,1173.34,0.0
10,273.0,18.984,36.0647,28.532200000000003,91.35319999999999,31.2979,21.303399999999996,24.127899999999997,6.8027999999999995,2007.0,273.0,5.4338,26.875799999999998,0.0,36.6283,20.7486,4.8658,13.5,1.6402,2007.0,273.0,14.554213333333333,32.26958,3.93612,66.89277333333334,25.21371333333333,14.003319999999999,19.540726666666668,4.07976,2007.0,5929.52,3459.0,661.6,2621.59,322.77,1206.21,0.0
11,289.0,16.3723,33.010999999999996,45.463300000000004,94.8692,20.2613,12.970799999999999,14.547699999999999,7.179499999999999,2007.0,289.0,3.739,23.7458,0.0,73.1234,10.160499999999999,3.3213999999999997,7.356,1.1276,2007.0,289.0,10.02802,29.059019999999997,8.10284,82.98133999999999,15.26294,8.625119999999999,11.646846666666669,4.199506666666667,2007.0,5697.33,3049.09,588.04,2234.05,315.18,1121.65,0.0
12,305.0,14.1234,29.9356,0.3036,86.5177,20.4567,10.5299,14.4515,7.3903,2007.0,305.0,5.7364,18.9698,0.0,38.131,6.4216999999999995,-6.5982,1.6648999999999998,1.7680000000000002,2007.0,305.0,11.383957142857142,23.503960000000003,0.0391,54.84371333333333,13.303286666666667,2.7514,7.8100000000000005,3.7547599999999997,2007.0,4688.43,2626.58,821.27,2295.52,432.79,1565.15,0.0
