,DOY,INSgdmax,RADmax,RAINmax,RHmax,TMAXmax,TMINmax,Tmax,WINDmax,YEAR,DOY,INSgdmin,RADmin,RAINmin,RHmin,TMAXmin,TMINmin,Tmin,WINDmin,YEAR,DOY,INSgdmean,RADmean,RAINmean,RHmean,TMAXmean,TMINmean,Tmean,WINDmean,YEAR,NDVI,EVI,RED,NIR,BLUE,MIR,pixrel
0,113.0,27.9994,31.0,51.3434,91.0496,30.0452,15.396,22.446800000000003,7.477,2007.0,113.0,2.5212,23.626799999999996,0.0,46.7726,12.293,3.838,8.775199999999998,2.2622,2007.0,113.0,20.350533333333335,28.017066666666665,7.041066666666667,60.02937333333333,21.288666666666664,9.388186666666666,15.328360000000004,4.49356,2007.0,3827.07,2512.4,1280.14,2846.11,643.31,2390.08,0.02
1,129.0,29.392599999999998,35.0244,72.8904,92.0374,30.8142,20.0518,25.0492,7.9634,2007.0,129.0,5.4074,26.483199999999997,0.0,35.5156,15.8558,8.2592,14.101399999999998,1.4174,2007.0,129.0,18.471586666666663,31.116293333333335,12.006800000000002,63.95804,24.197453333333335,14.359306666666669,19.205533333333335,4.615226666666667,2007.0,4379.95,2979.76,1221.7,3082.34,611.05,2571.37,0.8
2,145.0,29.885800000000003,34.821200000000005,37.3264,88.9972,29.8074,19.6214,24.009,7.4192,2007.0,145.0,8.9538,26.6286,0.0,32.7014,19.0112,5.992,12.855799999999999,1.7442000000000002,2007.0,145.0,19.67073333333333,31.39178666666667,6.624453333333333,68.47446666666666,24.148439999999997,14.335,19.195013333333332,4.226906666666666,2007.0,5136.63,3521.02,1013.05,3132.52,522.23,2100.1,1.05
3,161.0,31.157200000000003,35.0018,10.692,80.2344,33.8852,21.1082,25.930400000000002,9.4818,2007.0,161.0,15.609199999999998,26.2624,0.0,37.1062,23.7842,11.363599999999998,18.139599999999998,1.6916,2007.0,161.0,25.25938666666667,31.662,1.5828933333333333,55.177413333333334,28.655146666666667,16.47464,22.333039999999997,4.410293333333334,2007.0,5598.49,3964.81,962.57,3393.79,503.3,2050.66,0.18
4,177.0,30.3286,36.459399999999995,9.4286,78.0324,31.1438,21.9038,25.489,3.9219999999999997,2007.0,177.0,14.581999999999999,31.0694,0.0,44.6484,27.0152,13.9102,20.676000000000002,1.6246,2007.0,177.0,23.263426666666668,33.6616,2.50312,61.11625333333333,29.322893333333333,17.664906666666667,23.137786666666663,2.902546666666666,2007.0,6841.35,4908.73,675.18,3603.44,365.16,1445.89,0.04
5,193.0,29.108199999999997,38.7986,12.5582,66.4476,36.734399999999994,22.4806,28.5642,5.457599999999999,2007.0,193.0,17.7626,29.98,0.0,38.4768,28.2432,16.7804,22.051199999999998,1.2618,2007.0,193.0,26.386626666666665,34.42158666666667,3.046186666666667,50.01220000000001,32.95413333333333,19.860333333333333,25.914320000000004,3.36684,2007.0,7273.62,5065.76,540.1,3488.84,295.18,1154.87,0.03
6,209.0,26.8658,38.717400000000005,15.275,79.817,33.721599999999995,22.028,26.4696,4.2871999999999995,2007.0,209.0,19.003800000000002,33.6542,0.0,41.9024,27.918,16.4664,23.958599999999997,1.4712,2007.0,209.0,23.509653333333333,36.30286666666667,2.0111066666666666,58.82187999999999,31.70014666666667,19.759426666666663,25.334959999999995,2.7063333333333333,2007.0,8228.29,5990.76,358.77,3855.4,201.74,767.05,0.17
7,225.0,25.634999999999998,39.46,58.089600000000004,85.22300000000001,35.194,23.2594,27.5696,4.6766,2007.0,225.0,8.201,35.199200000000005,0.0,61.346199999999996,29.229599999999998,17.0836,23.3086,1.515,2007.0,225.0,20.15273333333333,37.51988,12.456146666666667,73.42809333333334,32.12430666666667,20.773920000000004,25.56488,2.718066666666667,2007.0,8225.15,6094.08,374.55,3952.37,209.97,785.24,0.33
8,241.0,23.6256,37.567400000000006,46.4576,85.9498,33.0048,22.526600000000002,25.1188,5.8418,2007.0,241.0,8.6102,29.2468,0.0,48.1704,24.8166,11.0012,18.512,0.8974,2007.0,241.0,19.79515714285714,33.779759999999996,6.068626666666667,68.41698666666667,28.49672,16.665066666666668,22.313120000000005,3.0309466666666665,2007.0,7607.48,5215.47,454.55,3452.24,251.33,890.12,0.0
9,257.0,21.89,35.7218,15.4052,80.5014,28.182000000000002,18.5934,22.7006,6.622,2007.0,257.0,5.958600000000001,25.839400000000005,0.0,37.5652,17.3414,1.0318,10.191,0.89,2007.0,257.0,17.172933333333333,31.42608,3.1045066666666665,64.55930666666667,23.860546666666664,12.613106666666667,18.015826666666666,4.088666666666667,2007.0,6220.36,4194.08,736.1,3208.73,390.32,1234.67,0.04
10,273.0,18.830599999999997,35.5938,26.2232,91.18799999999999,30.8088,20.6812,23.727,7.402799999999999,2007.0,273.0,6.1388,26.8956,0.0,37.9344,20.2772,4.2614,13.2488,2.135,2007.0,273.0,14.832826666666667,32.07878666666666,4.173586666666667,67.14516,24.96114666666666,13.590506666666666,19.202399999999997,4.420346666666666,2007.0,5248.56,3050.27,776.1,2533.76,368.2,1427.22,0.0
11,289.0,16.3162,33.0976,41.442400000000006,96.1528,19.8338,12.2644,13.988,7.3332,2007.0,289.0,3.1702000000000004,23.9,0.0,74.362,9.8564,3.4912,7.1196,1.2282,2007.0,289.0,9.99472,28.985746666666664,8.550853333333333,84.32038666666666,14.717680000000001,8.321666666666665,11.209400000000002,4.1998,2007.0,4699.01,2380.02,687.64,1976.52,351.2,1334.53,0.0
12,305.0,14.046399999999998,29.263199999999998,4.0729999999999995,85.7818,20.1246,10.507200000000001,14.1492,7.731400000000001,2007.0,305.0,5.9704,18.9286,0.0,38.0706,6.001799999999999,-6.6728000000000005,1.5754000000000001,1.5737999999999999,2007.0,305.0,11.224599999999999,23.44077333333334,0.2910266666666666,55.11256,13.102093333333332,2.58916,7.561946666666667,3.92844,2007.0,3931.88,2240.58,985.07,2277.7,496.91,1872.61,0.0
