,DOY,INSgdmax,RADmax,RAINmax,RHmax,TMAXmax,TMINmax,Tmax,WINDmax,YEAR,DOY,INSgdmin,RADmin,RAINmin,RHmin,TMAXmin,TMINmin,Tmin,WINDmin,YEAR,DOY,INSgdmean,RADmean,RAINmean,RHmean,TMAXmean,TMINmean,Tmean,WINDmean,YEAR,NDVI,EVI,RED,NIR,BLUE,MIR,pixrel
0,113.0,28.1004,30.819000000000006,30.398200000000003,65.1049,30.093600000000002,14.5889,21.731900000000003,7.408799999999999,2007.0,113.0,5.762899999999999,22.8694,0.0,36.951600000000006,13.6532,3.6473999999999998,10.212399999999999,2.6218999999999997,2007.0,113.0,20.087053333333337,27.889366666666668,5.020513333333334,52.79649333333333,21.080686666666665,9.10032666666667,15.061073333333335,4.211813333333332,2007.0,3562.98,1771.47,895.61,1880.69,454.64,1787.76,0.1
1,129.0,29.871299999999998,33.97520000000001,29.455599999999997,92.71689999999998,31.312099999999997,20.8184,25.350199999999997,9.034400000000002,2007.0,129.0,3.9898000000000002,23.8227,0.0,31.6724,15.397499999999999,9.3742,13.1878,1.8645999999999998,2007.0,129.0,18.78624,30.31220666666666,6.645353333333332,57.2125,23.45087333333333,13.7109,18.598979999999997,5.101773333333334,2007.0,4477.18,2467.76,851.62,2246.12,439.89,1751.75,0.06
2,144.99999999999997,28.9097,34.1709,18.7542,89.25420000000001,29.3931,19.5461,23.0317,7.635499999999999,2007.0,144.99999999999997,8.4443,26.339600000000004,0.0,33.4948,16.3623,5.739300000000001,12.3694,2.3129999999999997,2007.0,144.99999999999997,19.559586666666668,30.97702666666666,3.98386,65.35846000000001,23.93995333333334,13.68882,18.624666666666666,4.604446666666668,2007.0,6407.0,3722.47,557.76,2625.42,293.65,1099.51,0.44
3,161.0,31.977300000000003,34.594500000000004,8.906299999999998,78.44620000000002,32.906499999999994,21.2592,25.339499999999997,9.887599999999999,2007.0,161.0,13.946200000000003,25.2089,0.0,35.296800000000005,22.5586,11.309300000000002,17.110899999999997,1.1876,2007.0,161.0,25.70229333333333,31.129433333333335,2.645833333333333,52.91772000000001,28.742306666666668,16.184893333333335,22.062959999999997,4.746160000000001,2007.0,7525.64,4791.74,419.98,3118.46,223.64,826.7,0.21
4,177.0,31.247000000000003,35.9751,15.2608,83.3652,31.501900000000003,22.567200000000003,25.4662,6.018900000000001,2007.0,177.0,14.8001,28.3434,0.0,39.9898,24.457700000000003,12.948600000000003,18.701099999999997,1.3364,2007.0,177.0,25.04954,32.54920666666667,2.218273333333333,59.40326,28.332926666666665,16.796,22.22656666666667,3.212113333333333,2007.0,7749.43,5138.13,412.7,3339.79,220.54,838.81,0.16
5,193.00000000000003,29.009499999999996,37.54859999999999,12.4363,78.0827,35.4548,22.490399999999998,28.088199999999993,5.846599999999999,2007.0,193.00000000000003,11.299100000000001,29.338900000000002,0.0,39.6151,26.739300000000004,14.342199999999998,20.961499999999997,1.2271,2007.0,193.00000000000003,26.13304666666667,32.98712,2.539433333333333,51.686066666666655,31.059680000000004,18.205226666666665,24.188066666666675,3.3861666666666665,2007.0,7560.81,4953.69,449.84,3268.76,235.61,860.61,0.01
6,209.0,26.9967,38.7734,16.9656,81.69500000000002,33.1698,21.5466,25.427,4.4782,2007.0,209.0,9.5657,31.3883,0.0,44.8334,28.2962,13.366499999999998,21.7986,1.0846000000000002,2007.0,209.0,22.457079999999998,34.53662666666668,3.4148333333333327,61.884853333333346,30.70960666666666,18.34794,23.964600000000004,2.863280000000001,2007.0,7381.65,4919.22,495.05,3318.85,256.54,906.89,0.02
7,225.0,25.677899999999998,37.7803,39.3529,89.95339999999999,33.8368,21.8808,27.101799999999994,4.8802,2007.0,225.0,5.670400000000001,32.8777,0.0,55.04100000000001,24.1473,13.6522,18.729300000000002,2.003,2007.0,225.0,17.534774761904764,35.62418666666666,7.9115400000000005,70.78963999999999,29.94358,18.227946666666668,23.320946666666675,2.9446199999999996,2007.0,7170.52,4334.16,476.86,2875.56,252.23,878.05,0.15
8,241.0,23.1949,37.6922,31.2832,88.5305,32.6397,20.897000000000002,23.9152,5.807,2007.0,241.0,3.1411,28.009400000000003,0.0,51.640899999999995,23.1663,8.8036,17.080299999999998,1.1424,2007.0,241.0,18.895935714285713,32.62756666666666,5.003166666666667,68.51098666666665,27.69246666666667,15.57428666666667,21.210133333333328,3.04034,2007.0,6904.66,4224.2,519.65,2879.11,272.26,1048.98,0.01
9,257.0,21.682299999999998,34.9505,20.200699999999998,88.4917,27.4651,17.161399999999997,21.506999999999994,7.530400000000001,2007.0,257.0,5.5936,23.7228,0.0,43.1464,16.0811,0.6084000000000002,9.105099999999998,1.4443000000000001,2007.0,257.0,16.793940000000003,29.73756,3.8520533333333327,66.0759,21.710313333333332,10.742306666666668,16.110713333333333,4.346406666666667,2007.0,5635.82,2861.11,585.76,2133.87,291.8,1131.96,0.0
10,273.0,17.9726,35.497600000000006,23.4834,92.18010000000001,29.0858,19.841099999999997,22.226899999999997,8.1154,2007.0,273.0,4.4975000000000005,26.443300000000004,0.0,41.3881,18.486600000000003,3.4227000000000003,12.192200000000001,2.6006000000000005,2007.0,273.0,13.244926666666666,31.27756666666666,5.1078133333333335,68.13936000000001,23.56152666666667,12.952213333333335,18.16348,4.660473333333334,2007.0,4714.71,2261.24,680.04,1915.67,336.76,1273.68,0.0
11,288.99999999999994,15.6101,31.6497,50.8836,99.63410000000002,17.9484,9.4956,12.368200000000002,8.0118,2007.0,288.99999999999994,3.3582,23.1182,0.0,76.27369999999999,8.535400000000001,3.5045,6.323499999999999,1.0931000000000002,2007.0,288.99999999999994,8.84951333333333,28.443166666666666,7.479866666666666,87.04354,12.722059999999999,6.824813333333332,9.77154,4.145153333333332,2007.0,4334.88,1800.48,598.99,1535.58,299.72,1177.61,0.0
12,305.0,13.1184,28.9848,3.7605,86.39969999999998,16.116500000000002,9.0368,12.0039,8.3235,2007.0,305.0,6.5148,19.8553,0.0,41.915600000000005,4.263199999999999,-3.6125000000000003,0.6774000000000001,1.3133000000000004,2007.0,305.0,9.985278571428573,23.450160000000004,0.4260333333333334,60.82592000000001,10.964146666666664,1.9612266666666667,6.1177,4.2073133333333335,2007.0,3918.09,1722.47,715.76,1640.18,352.5,1475.68,0.0
