,DOY,INSgdmax,RADmax,RAINmax,RHmax,TMAXmax,TMINmax,Tmax,WINDmax,YEAR,DOY,INSgdmin,RADmin,RAINmin,RHmin,TMAXmin,TMINmin,Tmin,WINDmin,YEAR,DOY,INSgdmean,RADmean,RAINmean,RHmean,TMAXmean,TMINmean,Tmean,WINDmean,YEAR,NDVI,EVI,RED,NIR,BLUE,MIR,pixrel
0,113.0,28.04,31.0,48.89,90.98,30.08,15.28,22.47,7.39,2007.0,113.0,3.02,23.94,0.0,46.79,12.09,4.07,9.1,2.21,2007.0,113.0,20.714000000000002,28.067333333333337,6.6466666666666665,61.03200000000001,21.076,9.324,15.245999999999999,4.600666666666667,2007.0,3405.15,2194.81,1331.58,2704.89,667.72,2531.4,0.11
1,129.0,29.41,34.92,63.68,92.31,30.53,19.35,24.62,8.12,2007.0,129.0,6.26,26.46,0.0,37.65,16.14,8.12,14.2,1.4,2007.0,129.0,18.81533333333333,31.18666666666667,10.348000000000003,65.52133333333333,23.938,14.103333333333332,18.96,4.616,2007.0,3798.2,2587.34,1382.7,3036.37,690.02,2883.12,0.83
2,145.0,29.59,35.03,24.81,88.22,29.79,19.43,23.98,7.86,2007.0,145.0,8.89,27.11,0.0,34.25,18.35,6.05,12.85,1.75,2007.0,145.0,19.576,31.606000000000005,6.394000000000001,69.16466666666666,23.963999999999995,14.19,19.023333333333333,4.365333333333333,2007.0,4803.14,3228.5,1076.45,3052.87,548.73,2394.82,0.68
3,161.0,30.38,35.46,9.59,80.42,33.63,20.65,25.13,9.65,2007.0,161.0,11.12,26.68,0.0,37.46,23.5,11.7,17.78,1.68,2007.0,161.0,24.592,32.10666666666666,1.7093333333333334,57.87866666666667,28.15866666666666,16.450666666666667,22.011333333333333,4.538666666666666,2007.0,5692.8,4078.84,964.92,3480.22,503.0,2052.26,0.37
4,177.0,31.1,36.79,7.01,80.19,30.79,21.55,25.17,3.98,2007.0,177.0,16.38,30.82,0.0,44.37,26.76,13.22,20.56,1.7,2007.0,177.0,24.082000000000004,33.824,1.9439999999999997,62.117333333333335,29.198,17.532666666666668,22.907333333333337,2.9879999999999995,2007.0,7057.93,5248.79,656.7,3834.82,352.67,1421.36,0.09
5,193.0,28.94,38.99,16.45,65.74,37.21,22.15,28.28,5.33,2007.0,193.0,17.78,30.56,0.0,38.79,28.22,16.85,21.97,1.14,2007.0,193.0,26.09933333333333,34.70733333333333,2.6533333333333333,50.25,33.05466666666667,19.831333333333337,25.873333333333335,3.3679999999999994,2007.0,7592.99,5388.04,490.7,3634.92,267.22,1039.82,0.0
6,209.0,26.28,38.99,20.35,81.76,33.71,21.39,26.4,4.67,2007.0,209.0,18.65,34.24,0.0,43.19,27.86,16.13,23.57,1.39,2007.0,209.0,23.217333333333332,36.57933333333333,3.1413333333333338,63.334666666666664,31.31,19.55333333333333,24.922000000000004,2.812666666666667,2007.0,8309.5,6604.02,398.15,4422.65,217.83,924.31,0.68
7,225.0,25.49,39.17,66.43,86.18,35.02,22.72,27.5,4.81,2007.0,225.0,9.68,35.93,0.0,63.15,29.16,17.13,23.21,1.95,2007.0,225.0,19.806666666666665,37.663333333333334,14.424666666666667,74.71066666666667,31.994000000000007,20.624666666666666,25.40866666666666,2.8166666666666673,2007.0,8327.47,6051.15,344.0,3867.21,189.3,748.39,0.62
8,241.0,23.44,37.84,42.56,86.35,32.68,22.08,24.91,6.01,2007.0,241.0,7.63,29.56,0.0,49.69,24.66,11.21,18.28,1.17,2007.0,241.0,19.48071428571428,34.105333333333334,7.289333333333334,69.768,28.293333333333337,16.56066666666667,22.121333333333336,3.205333333333334,2007.0,7351.2,4983.52,495.34,3370.5,265.6,966.33,0.0
9,257.0,21.89,35.89,15.44,83.79,27.66,18.17,22.37,6.68,2007.0,257.0,6.73,26.17,0.0,38.47,17.15,0.91,9.93,0.89,2007.0,257.0,16.968,31.768666666666665,3.405333333333333,66.73933333333333,23.44333333333333,12.351333333333333,17.686,4.224,2007.0,5736.8,3694.69,781.73,2973.73,392.8,1350.4,0.23
10,273.0,18.79,35.53,23.3,90.84,30.6,20.31,23.64,8.18,2007.0,273.0,7.96,27.0,0.0,39.28,20.08,4.36,13.33,2.57,2007.0,273.0,15.266666666666667,32.05133333333333,4.324,67.04733333333334,25.02533333333333,13.408,19.11733333333333,4.731999999999999,2007.0,4752.16,2710.2,859.31,2429.26,405.03,1598.97,0.0
11,289.0,16.38,33.26,45.92,96.35,19.77,11.58,13.93,7.31,2007.0,289.0,2.77,24.19,0.0,74.42,10.1,3.7,7.05,1.35,2007.0,289.0,10.352,28.874000000000002,9.782,84.64866666666666,14.681333333333335,8.196,11.095333333333336,4.213333333333334,2007.0,4208.35,2085.09,758.51,1895.96,381.91,1461.23,0.0
12,305.0,14.0,28.66,9.09,83.34,19.91,10.6,14.01,7.83,2007.0,305.0,6.91,19.12,0.0,38.03,5.88,-6.87,1.79,1.22,2007.0,305.0,11.320714285714285,23.517333333333337,0.6146666666666666,54.72666666666667,13.224666666666668,2.5106666666666664,7.533333333333334,3.9953333333333334,2007.0,3439.93,1902.96,1053.33,2156.86,528.2,1985.98,0.0
