,DOY,INSgdmax,RADmax,RAINmax,RHmax,TMAXmax,TMINmax,Tmax,WINDmax,YEAR,DOY,INSgdmin,RADmin,RAINmin,RHmin,TMAXmin,TMINmin,Tmin,WINDmin,YEAR,DOY,INSgdmean,RADmean,RAINmean,RHmean,TMAXmean,TMINmean,Tmean,WINDmean,YEAR,NDVI,EVI,RED,NIR,BLUE,MIR,pixrel
0,113.0,28.440400000000004,31.5848,47.64240000000001,93.53960000000001,29.6156,15.212799999999998,21.9776,7.0764,2007.0,113.0,2.2792,24.0952,0.0,40.5116,9.854,2.9996,8.338000000000001,1.482,2007.0,113.0,19.778399999999998,27.955466666666673,7.169440000000001,59.10456,21.63328,9.021066666666666,15.39112,3.7993333333333332,2007.0,4687.17,1874.76,465.13,1400.12,273.84,794.05,0.04
1,129.0,28.421599999999998,35.6288,55.3404,88.9016,32.4072,21.4164,25.7432,7.4084,2007.0,129.0,1.4003999999999999,26.575200000000002,0.0,33.9604,15.051200000000001,9.404,13.9508,1.1612,2007.0,129.0,17.13888,31.63104,8.820426666666666,59.75565333333333,25.17064,14.943093333333334,19.938026666666666,4.148399999999999,2007.0,4962.1,2283.56,490.04,1642.94,312.43,773.9,0.0
2,145.0,31.1456,35.189600000000006,15.925600000000003,85.0948,30.076800000000002,20.2812,24.4488,6.0488,2007.0,145.0,8.650400000000001,24.53,0.0,30.553600000000003,20.8388,7.6784,14.8016,1.9384000000000001,2007.0,145.0,20.96282666666667,31.617466666666672,2.91552,59.39098666666668,26.07752,15.532346666666665,20.793413333333334,3.780239999999999,2007.0,6504.92,3214.79,368.51,1956.97,289.57,551.53,0.61
3,161.0,31.7696,34.884,13.2208,64.3596,35.1528,23.232799999999997,28.8016,8.4004,2007.0,161.0,12.71,26.884400000000003,0.0,33.785999999999994,24.4972,9.9772,19.6028,1.7420000000000002,2007.0,161.0,24.837306666666667,31.76424,2.01736,45.914453333333334,30.607653333333328,17.119733333333336,23.97866666666667,3.7317333333333336,2007.0,6917.41,3381.14,319.84,2002.12,247.17,481.62,0.48
4,177.0,30.298000000000002,37.09439999999999,17.736,73.1872,33.3852,21.3008,26.5728,4.3808,2007.0,177.0,8.7928,31.3688,0.0,39.4,26.5732,14.4816,21.0524,1.4156,2007.0,177.0,21.422666666666668,34.25765333333333,4.347333333333333,57.62794666666666,30.134800000000002,18.100800000000003,24.13192,2.4318400000000002,2007.0,7076.85,3895.72,334.63,2354.22,243.73,586.57,0.02
5,193.0,29.1548,38.5592,19.9336,65.7232,36.9332,24.422400000000003,29.849600000000002,5.122800000000001,2007.0,193.0,15.28,30.3532,0.0,36.4056,28.4908,16.5248,22.5768,1.8235999999999999,2007.0,193.0,25.155120000000004,34.68768000000001,4.955546666666668,47.85847999999999,33.195386666666664,20.27522666666667,26.477786666666667,3.3160266666666662,2007.0,6922.33,3492.03,294.11,2074.62,202.74,503.07,0.01
6,209.0,28.204,39.2184,19.151600000000002,67.6892,35.3768,23.6304,28.29,2.9964,2007.0,209.0,14.758,30.28,0.0,34.8052,29.819200000000002,15.2072,22.608800000000002,1.4532,2007.0,209.0,23.800133333333328,35.462720000000004,2.670773333333333,46.34602666666667,33.15794666666667,20.07266666666667,26.54765333333333,2.1864000000000003,2007.0,6834.11,3148.0,265.77,1826.79,183.63,451.24,0.01
7,225.0,25.6192,39.4904,37.4748,84.0864,36.864000000000004,24.6216,28.8044,3.9036000000000004,2007.0,225.0,8.2244,34.8476,0.0,51.4592,29.769600000000004,17.3328,24.0112,1.3532,2007.0,225.0,20.00013333333333,37.603919999999995,9.474906666666667,67.64485333333334,33.01474666666666,21.673253333333335,26.64256,2.322293333333334,2007.0,6914.91,2996.2,254.52,1737.49,165.62,399.8,0.63
8,241.0,24.055600000000002,37.4816,46.977199999999996,87.788,34.302,23.5712,26.022399999999998,4.4284,2007.0,241.0,12.430399999999999,29.3692,0.0,42.5352,25.022,12.096400000000001,20.0516,1.0812,2007.0,241.0,20.319399999999995,33.28930666666666,6.303146666666666,65.42202666666667,29.441493333333334,17.387573333333336,23.184693333333332,2.3541866666666666,2007.0,6806.05,2843.4,261.37,1642.6,181.31,389.64,0.24
9,257.0,22.0808,36.1004,23.7596,76.592,31.9732,21.23,25.9532,5.7016,2007.0,257.0,5.8552,25.322,0.0,35.7048,18.0724,2.8516000000000004,11.277999999999999,1.2252,2007.0,257.0,18.987013333333334,31.16893333333333,2.4346666666666668,55.049733333333336,26.218159999999997,14.018186666666665,19.998639999999995,3.431573333333333,2007.0,5846.27,2259.98,297.6,1433.29,161.65,368.1,2.55
10,273.0,19.0552,36.331199999999995,28.9328,88.8644,32.1156,22.4508,25.151600000000002,5.74,2007.0,273.0,3.8752,26.7084,0.0,37.748,19.8292,8.0412,13.944399999999998,1.5888,2007.0,273.0,13.893493333333335,32.17893333333333,4.63832,65.86866666666667,25.961973333333333,14.331546666666664,20.23605333333333,3.366746666666667,2007.0,5360.21,1748.66,300.43,1141.55,181.13,493.34,2.56
11,289.0,16.3548,32.849599999999995,28.3712,90.0292,21.8216,14.71,17.262,6.8928,2007.0,289.0,3.8956,23.0852,0.0,64.5464,11.3956,3.3216,8.4548,1.1556,2007.0,289.0,10.113226666666668,29.275573333333334,6.3109600000000015,75.94944000000001,16.741120000000002,9.241386666666665,12.738026666666666,4.143279999999999,2007.0,5318.83,1606.66,267.75,1035.38,156.6,434.4,2.68
12,305.0,13.8856,30.8192,0.4872,86.1484,20.7332,10.1832,15.068000000000001,6.7956,2007.0,305.0,4.712,19.034799999999997,0.0,36.128,6.776800000000001,-4.3656,1.9900000000000002,1.7915999999999999,2007.0,305.0,11.434399999999998,23.83072,0.037520000000000005,52.15093333333334,13.514800000000001,3.4050666666666665,8.332239999999999,3.485706666666666,2007.0,4886.99,1566.51,336.95,1128.79,212.58,504.48,7.95
