,DOY,INSgdmax,RADmax,RAINmax,RHmax,TMAXmax,TMINmax,Tmax,WINDmax,YEAR,DOY,INSgdmin,RADmin,RAINmin,RHmin,TMAXmin,TMINmin,Tmin,WINDmin,YEAR,DOY,INSgdmean,RADmean,RAINmean,RHmean,TMAXmean,TMINmean,Tmean,WINDmean,YEAR,NDVI,EVI,RED,NIR,BLUE,MIR,pixrel
0,113.0,28.3,31.5056,50.19080000000001,93.0756,29.4458,15.136599999999998,21.6528,7.317800000000001,2007.0,113.0,1.9198,24.189400000000003,0.0,40.43939999999999,9.2012,2.9404,7.8136,1.3987999999999998,2007.0,113.0,19.617773333333336,27.93118666666667,7.1083733333333345,59.14030666666666,21.36972,8.788106666666666,15.120999999999999,3.8334533333333334,2007.0,4852.84,1808.82,368.78,1264.92,225.93,588.44,0.03
1,129.0,27.792,35.5398,50.1832,86.41059999999999,32.236200000000004,21.807000000000002,26.0768,7.5456,2007.0,129.0,1.4498,26.584,0.0,33.535199999999996,15.106200000000001,9.587,13.772599999999999,1.3602,2007.0,129.0,17.06461333333333,31.39088,8.20888,57.468133333333334,25.020079999999997,14.884653333333334,19.8206,4.280653333333332,2007.0,5201.37,2254.14,386.73,1512.52,256.43,649.47,0.0
2,145.0,31.1744,35.4024,17.3866,85.6868,29.888800000000003,20.395,24.3114,6.1716,2007.0,145.0,9.0566,24.685200000000002,0.0,29.756600000000002,20.8936,7.7514,14.496200000000002,2.1820000000000004,2007.0,145.0,20.950666666666667,31.39956,3.38924,59.308040000000005,25.873426666666663,15.42177333333333,20.685613333333336,3.8306399999999994,2007.0,6277.78,3256.41,381.18,1961.36,356.86,489.37,0.83
3,161.0,31.5854,34.860400000000006,11.637400000000001,64.5314,35.1004,23.2964,28.6714,8.428799999999999,2007.0,161.0,14.2992,26.8206,0.0,33.555,24.009200000000003,10.1364,19.3036,1.815,2007.0,161.0,24.647520000000007,31.592320000000004,2.153226666666667,45.731413333333336,30.473546666666664,17.097546666666666,23.8994,3.7750666666666666,2007.0,6533.44,3325.79,294.47,1956.25,257.56,418.63,0.08
4,177.0,30.8992,37.023999999999994,16.150000000000002,72.53680000000001,33.2492,21.333399999999997,26.637399999999996,4.6792,2007.0,177.0,7.9894,30.8298,0.0,40.230399999999996,26.214800000000004,14.0342,20.623600000000003,1.3148,2007.0,177.0,21.718733333333333,34.03028,4.34856,57.159613333333326,29.920973333333336,17.813760000000002,23.923186666666666,2.4859466666666665,2007.0,7105.34,3655.97,269.84,2134.02,220.36,458.67,0.05
5,193.0,29.0144,38.5746,20.2604,66.72500000000001,37.1768,24.646,29.958800000000004,5.3804,2007.0,193.0,16.5112,29.891799999999996,0.0,36.0478,28.141000000000002,16.6782,22.2586,1.8214000000000001,2007.0,193.0,25.506960000000007,34.54368,4.714440000000001,47.84153333333333,33.00354666666667,20.18448,26.322493333333338,3.352546666666666,2007.0,6816.55,3312.7,240.31,1908.87,188.7,383.62,0.0
6,209.0,28.08,38.885600000000004,14.854999999999999,69.755,35.3408,23.5306,28.201,2.9016,2007.0,209.0,13.338600000000001,30.1602,0.0,35.6866,29.116,14.4482,22.005399999999995,1.4776,2007.0,209.0,23.827093333333334,35.15030666666667,2.2895733333333332,46.75109333333333,32.86822666666667,19.860853333333335,26.318173333333334,2.1637733333333338,2007.0,6865.43,3490.83,265.75,2025.15,222.18,393.4,0.05
7,225.0,25.639799999999997,39.315,31.7258,83.5916,35.6806,24.453600000000005,28.3074,3.9466000000000006,2007.0,225.0,7.793399999999999,34.2196,0.0,51.1582,29.826999999999998,16.696,23.3816,1.3594,2007.0,225.0,19.803773333333332,37.33785333333332,10.042306666666667,68.87042666666667,32.470119999999994,21.33532,26.15976,2.294493333333334,2007.0,7045.64,2830.58,207.35,1561.72,177.11,266.95,0.63
8,241.0,23.9296,37.6642,42.1356,86.6692,34.0076,23.439600000000002,25.838,4.644399999999999,2007.0,241.0,10.571200000000001,29.034,0.0,42.5518,25.034799999999997,11.7074,19.904600000000002,0.9398000000000001,2007.0,241.0,20.202785714285714,33.14838666666666,5.952333333333333,65.12197333333332,29.302333333333333,17.235466666666667,23.061519999999998,2.3882933333333334,2007.0,6931.47,2931.96,233.95,1683.26,176.95,323.99,0.33
9,257.0,22.0644,36.278800000000004,22.885799999999996,76.2652,31.682,21.3462,25.9404,5.977,2007.0,257.0,4.2562,24.5716,0.0,36.645,17.6212,2.5792,10.897200000000002,1.2098,2007.0,257.0,18.78988,30.75872,2.524266666666666,55.01460000000001,25.882266666666663,13.623506666666666,19.658066666666663,3.530826666666666,2007.0,5958.94,2256.42,267.2,1372.1,177.77,285.91,0.01
10,273.0,18.965200000000003,36.5904,28.7988,87.793,31.642200000000003,22.374800000000004,25.0998,5.7796,2007.0,273.0,3.9214,26.2744,0.0,37.9118,19.511200000000002,7.8458,13.7048,1.6528,2007.0,273.0,13.56906666666667,32.10628,4.6031200000000005,65.68097333333333,25.723133333333333,14.23456,20.075973333333334,3.4402133333333333,2007.0,5530.06,1641.98,243.22,1012.56,155.65,389.04,0.0
11,289.0,16.2,32.886,22.036600000000004,89.32419999999999,21.1064,14.1128,16.7794,7.0632,2007.0,289.0,3.8451999999999997,22.989599999999996,0.0,66.598,11.254800000000001,3.171,8.271600000000001,1.1108,2007.0,289.0,9.657733333333335,29.33684,6.52036,76.56769333333335,16.302466666666664,9.026093333333332,12.487346666666665,4.130573333333333,2007.0,5612.3,1453.95,200.47,878.53,139.99,333.67,2.65
12,305.0,13.72,30.726599999999998,0.35200000000000004,85.96940000000001,20.8378,10.306,15.1386,7.0184,2007.0,305.0,4.4584,19.0414,0.0,35.6306,6.265000000000001,-3.8726000000000003,1.8477999999999999,1.9429999999999998,2007.0,305.0,11.205171428571427,23.79608,0.024120000000000003,52.31342666666667,13.208213333333335,3.4643066666666664,8.210266666666666,3.612066666666666,2007.0,5217.71,1597.07,481.02,1227.82,424.73,612.99,1.41
