,DOY,INSgdmax,RADmax,RAINmax,RHmax,TMAXmax,TMINmax,Tmax,WINDmax,YEAR,DOY,INSgdmin,RADmin,RAINmin,RHmin,TMAXmin,TMINmin,Tmin,WINDmin,YEAR,DOY,INSgdmean,RADmean,RAINmean,RHmean,TMAXmean,TMINmean,Tmean,WINDmean,YEAR,NDVI,EVI,RED,NIR,BLUE,MIR,pixrel
0,113.0,28.102800000000002,30.716,44.62520000000001,88.3732,28.7496,14.6524,21.078799999999998,6.785599999999999,2007.0,113.0,1.7652,23.840400000000002,0.0,41.7052,9.77,2.7288,7.8412,1.3556,2007.0,113.0,19.822773333333334,27.630426666666665,5.659413333333334,58.27677333333333,21.004,8.465839999999998,14.74624,3.753146666666667,2007.0,4477.01,2164.71,689.76,1918.02,346.47,1237.8,7.83
1,129.0,27.7072,34.675200000000004,43.89960000000001,79.73400000000001,31.9784,22.1284,26.468000000000004,7.712,2007.0,129.0,3.6908,25.6132,0.0,33.2612,16.826,9.6168,14.406,1.6148000000000002,2007.0,129.0,17.442480000000003,30.848,7.430293333333333,53.323413333333335,25.038213333333328,14.847653333333334,19.75837333333333,4.412266666666666,2007.0,5115.92,2523.72,553.22,1977.22,264.83,1088.14,10.21
2,145.0,31.7124,35.0972,13.989600000000001,85.868,29.270400000000002,20.056800000000003,23.757199999999997,6.144,2007.0,145.0,8.5724,25.7588,0.0,29.534,20.1216,6.964,13.3356,1.8816000000000002,2007.0,145.0,20.691413333333333,31.116666666666667,2.669653333333333,60.99669333333334,25.174106666666667,14.94496,20.059253333333338,3.8213066666666666,2007.0,6748.97,4176.28,454.65,2770.44,293.79,719.2,8.66
3,161.0,30.837600000000002,34.98480000000001,7.6988,66.8472,34.3816,23.669999999999998,27.8248,8.5284,2007.0,161.0,13.595600000000001,26.6372,0.0,34.0136,23.2444,10.8316,18.823199999999996,1.7412,2007.0,161.0,24.84453333333333,31.230240000000002,1.7070133333333333,47.022693333333336,29.931173333333337,16.973786666666665,23.469946666666665,3.9117066666666664,2007.0,7504.39,4758.19,319.71,3000.72,171.22,611.2,7.7
4,177.0,31.509999999999998,36.6856,18.4512,76.31360000000001,32.251999999999995,21.494,26.6616,5.0616,2007.0,177.0,6.9936,29.2716,0.0,41.471199999999996,25.8912,13.039199999999997,20.456,1.0408,2007.0,177.0,22.259279999999997,33.25965333333333,3.3685866666666673,56.94578666666666,29.273040000000005,17.344586666666665,23.385653333333334,2.5968,2007.0,7660.83,4771.32,285.66,2949.74,154.14,595.19,7.65
5,193.0,28.8452,38.048,30.041199999999996,72.2816,37.2756,24.5172,29.7708,5.6312,2007.0,193.0,16.0856,29.328000000000003,0.0,37.4624,27.508,16.0024,21.6616,1.3304,2007.0,193.0,25.431120000000004,33.9436,4.933386666666667,49.657039999999995,32.17874666666667,19.574880000000004,25.628239999999998,3.299466666666666,2007.0,7614.64,4565.91,310.76,2799.63,176.18,585.06,2.6
6,209.0,27.979999999999997,38.438,16.040399999999998,73.4028,34.906800000000004,23.0752,27.804000000000002,2.9916,2007.0,209.0,10.3428,29.678400000000003,0.0,37.2492,28.2412,13.468399999999999,21.062399999999997,1.2416,2007.0,209.0,23.429280000000002,34.66805333333333,2.690853333333333,48.69720000000001,32.19658666666666,19.48509333333333,25.8172,2.2516533333333335,2007.0,7700.24,4625.7,336.91,2850.86,201.98,609.34,0.39
7,225.0,25.5824,39.1052,32.7396,83.4872,34.6608,23.821600000000004,27.9304,3.9628000000000005,2007.0,225.0,10.0836,33.632799999999996,0.0,51.7028,27.9432,15.690000000000001,21.3616,1.3796,2007.0,225.0,19.407759999999996,36.73469333333334,9.051546666666667,69.50416,31.57093333333333,20.427333333333333,25.23186666666667,2.3546666666666667,2007.0,7490.49,4342.37,341.88,2675.14,195.75,589.64,0.66
8,241.0,23.633200000000002,37.702799999999996,56.3184,86.5832,33.320800000000006,22.733200000000004,25.5584,4.9852,2007.0,241.0,9.7532,28.3536,0.0,45.3232,24.8172,10.8272,19.136000000000003,0.9232,2007.0,241.0,19.957428571428572,33.044106666666664,6.782079999999999,65.42186666666667,28.91242666666667,16.775546666666663,22.65394666666667,2.501946666666667,2007.0,7397.72,4195.07,339.94,2573.66,196.82,619.01,0.04
9,257.0,21.9,36.3096,23.406799999999997,75.06720000000001,30.652,20.441200000000002,24.9972,6.5228,2007.0,257.0,4.3596,24.7868,0.0,39.0832,17.1972,2.0076,10.2472,1.0368,2007.0,257.0,18.25282666666667,30.305226666666666,3.2847733333333333,57.58256000000001,24.843493333333335,12.597386666666665,18.66309333333333,3.6770133333333335,2007.0,6722.05,3163.27,380.29,2027.97,189.75,562.0,0.04
10,273.0,18.668,36.465199999999996,28.686,89.77720000000001,30.524,21.824800000000003,24.406,5.748399999999999,2007.0,273.0,3.4352,26.2528,0.0,38.5916,19.2164,6.9484,13.3064,1.7928000000000002,2007.0,273.0,13.084160000000002,31.949413333333332,4.252293333333333,66.51045333333333,24.90354666666667,14.015493333333334,19.551066666666664,3.59296,2007.0,5411.87,2465.51,445.52,1797.92,212.8,730.31,10.2
11,289.0,16.029999999999998,32.709599999999995,25.4916,90.7772,19.1424,12.5876,15.687999999999999,7.2024,2007.0,289.0,3.4256,22.97,0.0,71.0776,10.2424,2.7904,7.564,0.91,2007.0,289.0,9.171626666666667,29.37837333333333,6.4536266666666675,80.46234666666666,14.99408,8.225413333333332,11.604719999999999,3.9841066666666665,2007.0,5210.14,1918.4,361.59,1378.74,166.83,695.81,10.21
12,305.0,13.618000000000002,30.002399999999998,0.1252,89.13999999999999,20.6592,10.014,14.725200000000001,7.1752,2007.0,305.0,5.3512,19.459600000000002,0.0,37.0268,5.3228,-3.6376,1.1844000000000001,1.9567999999999999,2007.0,305.0,11.0176,23.57093333333333,0.008346666666666667,55.19536,12.346879999999999,3.1363466666666664,7.55688,3.6999199999999988,2007.0,5208.5,1971.14,430.16,1433.25,222.51,838.09,2.69
