,DOY,INSgdmax,RADmax,RAINmax,RHmax,TMAXmax,TMINmax,Tmax,WINDmax,YEAR,DOY,INSgdmin,RADmin,RAINmin,RHmin,TMAXmin,TMINmin,Tmin,WINDmin,YEAR,DOY,INSgdmean,RADmean,RAINmean,RHmean,TMAXmean,TMINmean,Tmean,WINDmean,YEAR,NDVI,EVI,RED,NIR,BLUE,MIR,pixrel
0,113.0,28.12,30.78,29.71,62.47,30.18,14.6,21.78,7.5,2007.0,113.0,6.26,22.82,0.0,35.5,13.8,3.73,10.39,2.7,2007.0,113.0,20.03666666666667,27.923333333333336,4.918,52.187333333333335,21.102666666666668,9.134000000000002,15.091333333333335,4.215333333333333,2007.0,3251.57,1596.74,912.56,1800.6,470.87,1949.57,0.13
1,129.0,30.13,33.88,27.04,93.49,31.34,20.82,25.28,9.13,2007.0,129.0,3.92,23.69,0.0,31.61,15.36,9.39,13.08,1.88,2007.0,129.0,18.93333333333333,30.281999999999996,6.343999999999999,57.14266666666666,23.369999999999994,13.636000000000001,18.53533333333333,5.134666666666666,2007.0,4617.01,2477.92,774.23,2158.87,399.61,1743.43,0.2
2,145.0,28.44,34.13,17.2,88.71,29.39,19.51,22.96,7.71,2007.0,145.0,8.17,26.42,0.0,33.8,16.04,5.68,12.36,2.38,2007.0,145.0,19.500000000000004,30.983999999999995,3.779333333333333,65.22933333333334,23.921333333333337,13.639999999999997,18.575333333333333,4.662000000000001,2007.0,6162.15,3364.51,539.36,2386.13,279.66,999.49,0.09
3,161.0,32.18,34.52,7.51,78.95,32.83,21.29,25.25,9.91,2007.0,161.0,13.18,25.13,0.0,35.17,22.49,11.25,16.99,1.18,2007.0,161.0,25.598666666666663,31.182000000000002,2.7126666666666663,53.15933333333334,28.7,16.154666666666667,22.00133333333333,4.7860000000000005,2007.0,7557.9,4656.39,393.19,2999.77,203.07,781.06,0.09
4,177.0,31.21,35.93,15.2,84.08,31.52,22.51,25.36,6.15,2007.0,177.0,15.34,28.22,0.0,39.36,24.23,12.93,18.49,1.33,2007.0,177.0,25.18133333333333,32.54600000000001,2.1599999999999997,59.57266666666666,28.247999999999998,16.736666666666668,22.140000000000004,3.2426666666666666,2007.0,7563.8,4883.77,448.26,3230.33,232.49,868.57,0.1
5,193.0,29.02,37.48,11.75,78.51,35.26,22.45,27.97,5.89,2007.0,193.0,10.3,29.3,0.0,39.75,26.67,14.17,20.9,1.2,2007.0,193.0,26.08,32.90533333333333,2.42,51.789333333333325,30.95266666666667,18.087333333333333,24.06600000000001,3.3759999999999994,2007.0,7340.7,4720.53,490.95,3194.5,250.36,883.77,0.0
6,209.0,26.93,38.84,18.43,82.39,33.14,21.51,25.34,4.59,2007.0,209.0,8.75,31.36,0.0,45.47,28.3,13.19,21.73,1.04,2007.0,209.0,22.351999999999997,34.488000000000014,3.680666666666666,62.63866666666668,30.60733333333333,18.228,23.831333333333337,2.8920000000000003,2007.0,7013.46,4388.83,541.32,3036.36,266.14,934.4,0.0
7,225.0,25.7,37.55,34.37,90.37,33.82,21.81,27.04,4.92,2007.0,225.0,5.47,32.83,0.0,54.89,23.86,13.46,18.42,2.09,2007.0,225.0,17.317857142857143,35.51199999999999,7.204666666666665,70.73866666666666,29.798000000000002,18.050666666666668,23.161333333333335,2.9779999999999998,2007.0,6786.91,4282.08,553.22,2978.65,291.72,1029.07,0.71
8,241.0,23.15,37.58,29.52,88.6,32.6,20.8,23.79,5.79,2007.0,241.0,3.2,27.94,0.0,52.04,23.05,8.58,16.99,1.1,2007.0,241.0,18.81,32.55466666666666,4.725333333333333,68.65799999999999,27.61066666666667,15.491333333333335,21.105999999999998,3.052,2007.0,6316.63,3601.99,579.18,2571.21,296.27,1171.27,0.01
9,257.0,21.67,34.85,21.15,89.71,27.42,17.02,21.4,7.57,2007.0,257.0,5.26,23.72,0.0,43.54,15.99,0.62,9.06,1.51,2007.0,257.0,16.70866666666667,29.68466666666667,3.841333333333333,66.328,21.55666666666667,10.62,15.974666666666668,4.378,2007.0,4694.66,2447.81,744.18,2093.38,380.96,1460.83,0.0
10,273.0,17.89,35.46,22.73,92.22,29.0,19.7,22.11,8.26,2007.0,273.0,4.61,26.46,0.0,41.75,18.51,3.42,12.15,2.66,2007.0,273.0,13.214666666666664,31.235333333333323,5.251333333333334,68.114,23.496,12.9,18.09466666666667,4.713333333333334,2007.0,4357.29,2322.1,844.66,2168.47,412.98,1618.67,0.07
11,289.0,15.59,31.61,51.49,99.92,17.86,9.2,12.21,8.06,2007.0,289.0,3.38,23.04,0.0,76.49,8.46,3.52,6.26,1.12,2007.0,289.0,8.903999999999998,28.37666666666667,7.333333333333332,87.21133333333333,12.604666666666665,6.724666666666666,9.670666666666667,4.153333333333332,2007.0,4034.26,1765.91,658.23,1588.08,333.71,1267.4,0.03
12,305.0,13.07,29.05,4.34,86.0,15.81,8.94,11.84,8.37,2007.0,305.0,6.66,19.87,0.0,42.11,4.14,-3.51,0.62,1.35,2007.0,305.0,9.910714285714288,23.439333333333334,0.48133333333333334,61.167333333333346,10.856666666666662,1.884666666666667,6.028666666666667,4.236,2007.0,3585.14,1717.85,829.19,1776.11,410.99,1649.51,0.0
