,DOY,INSgdmax,RADmax,RAINmax,RHmax,TMAXmax,TMINmax,Tmax,WINDmax,YEAR,DOY,INSgdmin,RADmin,RAINmin,RHmin,TMAXmin,TMINmin,Tmin,WINDmin,YEAR,DOY,INSgdmean,RADmean,RAINmean,RHmean,TMAXmean,TMINmean,Tmean,WINDmean,YEAR,NDVI,EVI,RED,NIR,BLUE,MIR,pixrel
0,113.0,28.054000000000002,30.846,31.195000000000004,69.283,29.964,14.591000000000001,21.735000000000003,7.425,2007.0,113.0,5.192,22.886,0.0,39.196,13.383000000000001,3.7150000000000003,10.006,2.6189999999999998,2007.0,113.0,20.12966666666667,27.85953333333333,5.1968000000000005,53.91473333333333,21.052266666666668,9.097800000000001,15.047133333333335,4.267533333333333,2007.0,3452.56,1772.77,944.77,1959.34,461.82,1699.81,0.04
1,129.0,29.569,34.096000000000004,32.932,93.33099999999999,31.295,20.712000000000003,25.358,8.974,2007.0,129.0,3.9859999999999998,24.035000000000004,0.0,31.741999999999997,15.357000000000001,9.363,13.275000000000002,1.8319999999999999,2007.0,129.0,18.59333333333333,30.340799999999998,7.2242,58.10606666666666,23.476599999999998,13.784000000000002,18.64653333333333,5.101666666666667,2007.0,4709.46,2657.21,806.7,2317.77,411.32,1412.07,0.15
2,145.0,29.412,34.151,20.86,89.439,29.462,19.54,23.146,7.668000000000001,2007.0,145.0,8.613999999999999,26.42,0.0,33.275,16.553,5.7909999999999995,12.408,2.308,2007.0,145.0,19.7044,30.947999999999997,4.159933333333333,65.69153333333334,23.948933333333336,13.7624,18.676133333333333,4.5784,2007.0,6543.09,3737.23,496.86,2546.25,263.15,828.42,0.0
3,161.0,31.781,34.715,10.999,78.635,33.076,21.176,25.442,9.931000000000001,2007.0,161.0,14.854000000000003,25.226,0.0,35.53,22.727,11.370000000000001,17.262999999999998,1.21,2007.0,161.0,25.803266666666662,31.0772,2.5026666666666664,52.99493333333334,28.7646,16.209266666666668,22.10033333333333,4.7456000000000005,2007.0,7435.74,4632.49,419.1,3002.86,226.03,714.7,0.06
4,177.0,31.255000000000003,36.092,14.684000000000001,82.559,31.469,22.66,25.497999999999998,5.784,2007.0,177.0,14.280999999999999,28.631,0.0,40.611000000000004,24.740000000000002,13.137,18.976,1.417,2007.0,177.0,24.94373333333333,32.5656,2.178,59.42686666666667,28.4664,16.927666666666667,22.344,3.1984666666666666,2007.0,7636.6,5024.97,423.6,3285.6,227.56,752.39,0.16
5,193.0,29.02,37.726,11.717,77.355,35.707,22.579,28.281999999999996,5.829999999999999,2007.0,193.0,12.427,29.408,0.0,39.309,26.892,14.572000000000001,21.107,1.269,2007.0,193.0,26.216,33.10913333333333,2.3987999999999996,51.44093333333333,31.288066666666673,18.401733333333333,24.4002,3.4101999999999997,2007.0,7542.35,4689.52,403.58,3009.65,216.48,755.48,0.0
6,209.0,26.983999999999998,38.819,15.312999999999999,81.409,33.176,21.528,25.448,4.425,2007.0,209.0,11.45,31.683999999999997,0.0,44.249,28.230999999999998,13.724,22.096000000000004,1.091,2007.0,209.0,22.656799999999997,34.66180000000001,3.147466666666667,61.48646666666668,30.843733333333326,18.503400000000003,24.101133333333337,2.8652,2007.0,7615.86,4688.71,393.92,2994.63,210.14,768.96,0.0
7,225.0,25.679,37.907,45.89,89.53,33.897999999999996,21.951,27.175,4.884,2007.0,225.0,6.064,32.983,0.0,56.006,24.853,14.003,19.383,1.952,2007.0,225.0,17.8167,35.782399999999996,8.389866666666666,71.16586666666666,30.215600000000002,18.49406666666667,23.571733333333338,2.921,2007.0,7524.72,4876.89,442.51,3214.39,236.91,818.02,0.54
8,241.0,23.278999999999996,37.711999999999996,31.896,88.357,32.738,20.98,24.084,5.859,2007.0,241.0,3.092,28.132000000000005,0.0,50.807,23.353,9.057,17.227,1.187,2007.0,241.0,19.054071428571426,32.724866666666664,4.980933333333333,68.37599999999999,27.81666666666667,15.711333333333332,21.346799999999998,3.067,2007.0,7256.4,4237.23,421.98,2748.16,222.48,804.46,0.0
9,257.0,21.715,35.066,19.044,87.832,27.558,17.244999999999997,21.631,7.513,2007.0,257.0,5.949999999999999,23.744,0.0,42.457,16.235999999999997,0.617,9.198,1.3599999999999999,2007.0,257.0,16.85926666666667,29.849266666666665,3.794333333333333,65.8862,21.891266666666667,10.919,16.284666666666666,4.3500000000000005,2007.0,5375.8,2902.93,663.85,2279.33,333.81,1115.67,0.0
10,273.0,18.064,35.502,25.025,92.118,29.21,19.936999999999998,22.347,8.133999999999999,2007.0,273.0,4.436,26.568,0.0,40.823,18.567,3.438,12.318000000000001,2.588,2007.0,273.0,13.443666666666665,31.33453333333333,5.0149333333333335,68.022,23.6802,12.9972,18.251066666666667,4.675533333333334,2007.0,4789.2,2294.75,638.09,1893.49,305.4,1158.67,0.0
11,289.0,15.677,31.673,52.3,99.611,18.148,9.850999999999999,12.414000000000001,7.985,2007.0,289.0,3.2960000000000003,23.244,0.0,76.148,8.613000000000001,3.5229999999999997,6.407,1.126,2007.0,289.0,8.8974,28.494866666666667,7.838933333333333,87.00333333333333,12.860866666666665,6.966466666666666,9.891266666666667,4.169133333333333,2007.0,4469.02,1997.15,626.64,1690.4,308.29,1146.43,0.0
12,305.0,13.198999999999998,28.9,3.161,86.61500000000001,16.491,9.219,12.209,8.352,2007.0,305.0,6.336,19.666,0.0,41.55199999999999,4.383,-3.8369999999999997,0.788,1.2389999999999999,2007.0,305.0,10.075714285714287,23.457933333333333,0.3613333333333334,60.275533333333335,11.177866666666665,2.022066666666667,6.2556666666666665,4.2058,2007.0,3896.36,1894.44,823.37,1896.5,380.64,1501.39,0.01
