,DOY,INSgdmax,RADmax,RAINmax,RHmax,TMAXmax,TMINmax,Tmax,WINDmax,YEAR,DOY,INSgdmin,RADmin,RAINmin,RHmin,TMAXmin,TMINmin,Tmin,WINDmin,YEAR,DOY,INSgdmean,RADmean,RAINmean,RHmean,TMAXmean,TMINmean,Tmean,WINDmean,YEAR,NDVI,EVI,RED,NIR,BLUE,MIR,pixrel
0,113.0,28.131100000000004,31.2314,42.79339999999999,92.6497,29.2983,16.541500000000003,21.683500000000002,7.0119,2007.0,113.0,3.5722999999999994,24.0365,0.0,38.6176,9.3863,2.1481,8.6558,1.7491999999999999,2007.0,113.0,19.289533333333335,28.106100000000005,5.01474,60.02162666666666,20.952246666666664,8.584653333333334,14.796119999999997,3.6422399999999997,2007.0,3478.23,1092.03,154.54,1029.8,-15.66,497.73,53.63
1,129.0,27.2812,33.702799999999996,22.398799999999998,74.8412,31.529900000000005,20.0776,26.1548,6.674900000000001,2007.0,129.0,5.091500000000001,26.093000000000004,0.0,33.872,17.710299999999997,10.6302,14.1259,1.3845999999999998,2007.0,129.0,18.81535333333333,31.17100666666666,3.2395533333333333,51.52227333333333,25.516093333333334,14.83825333333333,20.118186666666666,4.033346666666666,2007.0,3917.35,1605.7,257.21,1306.44,107.27,581.43,35.93
2,145.0,31.0126,36.4464,26.169599999999996,76.0209,31.4476,22.373299999999997,26.6532,7.196700000000001,2007.0,145.0,5.286600000000001,23.546200000000002,0.0,27.506199999999996,22.3857,7.853399999999999,16.3456,2.1708,2007.0,145.0,20.948986666666663,31.789593333333332,3.2973466666666664,51.339940000000006,27.58976,16.427706666666666,22.082866666666664,3.8408333333333338,2007.0,4815.07,2539.37,181.89,1790.51,79.87,389.03,41.64
3,161.0,31.4665,35.9514,16.7765,68.64829999999999,35.6271,23.440800000000003,28.9392,8.4851,2007.0,161.0,16.418499999999998,27.8186,0.0,32.1799,23.254699999999996,9.2256,17.877299999999998,1.4045,2007.0,161.0,24.004653333333334,32.04915333333334,3.77764,45.54435333333333,31.0453,17.052220000000002,24.12116,3.3511666666666664,2007.0,5297.96,2827.83,-24.98,1865.54,-98.55,181.45,61.29
4,177.0,31.207099999999997,36.1903,31.3213,70.87460000000002,35.2057,21.919300000000003,27.469500000000004,5.233600000000001,2007.0,177.0,7.237100000000001,29.9466,0.0,38.6769,26.070800000000002,12.997700000000002,20.092699999999997,1.1365999999999998,2007.0,177.0,21.182780000000005,34.04333333333334,4.7886999999999995,54.86049333333333,30.310933333333324,17.872593333333334,23.994580000000003,2.5696200000000005,2007.0,5413.69,3076.63,-46.72,2028.18,-122.71,182.71,63.86
5,193.0,28.217700000000004,37.7474,36.0723,68.9528,37.1745,24.3446,30.554799999999997,5.2315000000000005,2007.0,193.0,8.205300000000001,30.182199999999998,0.0,35.7723,28.016599999999997,15.629800000000001,21.901899999999998,1.814,2007.0,193.0,22.805066666666672,34.34384,6.407640000000001,48.456073333333336,32.78761333333334,19.82804,26.171886666666666,3.2608333333333324,2007.0,5232.31,3057.15,-11.83,2083.36,-87.61,174.93,66.74
6,209.0,27.3379,38.4003,8.6234,69.08869999999999,36.4385,24.1891,28.8596,3.0639000000000003,2007.0,209.0,6.465199999999999,31.182700000000004,0.0,38.8906,27.8511,12.899600000000001,20.3153,0.9086000000000001,2007.0,209.0,23.016706666666657,34.55152666666665,1.3651400000000002,48.49628666666665,32.89582,19.198206666666668,25.829620000000002,1.8412866666666665,2007.0,5335.95,3044.06,-27.28,2003.41,-103.2,187.02,61.45
7,225.0,25.4473,39.2625,22.434400000000004,85.39359999999999,36.0657,24.6141,28.8536,3.4036999999999997,2007.0,225.0,5.429200000000001,32.6565,0.0,43.3437,28.7068,16.5061,23.588,0.9115,2007.0,225.0,18.0329,37.083326666666665,8.978293333333333,66.83710666666667,32.416360000000005,21.327646666666663,26.230166666666666,2.1848866666666664,2007.0,5296.5,2786.15,-35.79,1832.22,-111.7,182.53,61.23
8,241.0,23.407600000000002,37.2323,42.613299999999995,88.4697,34.646499999999996,23.542299999999997,26.2249,3.6359000000000004,2007.0,241.0,7.6052,30.7458,0.0,41.806999999999995,25.585199999999997,12.017100000000001,20.186600000000002,1.0628,2007.0,241.0,19.586928571428572,34.040053333333326,5.638639999999999,64.35777999999999,30.018306666666664,17.49935333333333,23.45695333333333,2.2737733333333336,2007.0,5245.98,2546.77,-27.77,1649.26,-94.37,155.16,59.2
9,257.0,21.7602,35.0165,10.762899999999998,81.8733,32.9007,21.8496,26.927899999999998,5.4077,2007.0,257.0,7.1035,26.3594,0.0,37.4415,17.328699999999998,3.6955,10.971499999999999,1.2338,2007.0,257.0,19.203166666666664,31.11285333333333,1.5651066666666666,53.14075333333333,26.133966666666666,14.025933333333333,20.244813333333337,3.2846,2007.0,4415.92,1572.46,42.8,1200.33,-71.3,142.45,61.26
10,273.0,18.9412,36.477500000000006,26.2241,85.7589,32.6336,23.35,26.6381,5.2393,2007.0,273.0,6.453000000000001,26.395200000000003,0.0,37.430400000000006,18.5002,8.872300000000001,14.323199999999998,1.7079,2007.0,273.0,14.462933333333332,31.97874666666666,4.37506,64.07626666666668,26.634560000000004,15.119846666666664,20.949766666666665,3.2054199999999997,2007.0,4397.92,1557.29,847.7,1798.53,711.91,745.43,31.01
11,289.0,16.0639,32.2661,25.5694,80.9023,25.606,15.895400000000002,19.955599999999997,7.1304,2007.0,289.0,3.5451,23.5251,0.0,53.2124,12.1374,4.9799999999999995,8.2858,1.1939,2007.0,289.0,9.200839999999998,29.438599999999997,4.798006666666666,67.41957333333333,18.62010666666667,9.929753333333332,14.096120000000003,4.1900933333333334,2007.0,4077.71,1104.56,644.01,1339.53,542.05,642.12,31.03
12,305.0,13.196199999999997,31.138199999999998,3.0429000000000004,85.633,20.1535,10.1511,14.8573,6.3357,2007.0,305.0,5.6327,20.6834,0.0,37.2564,5.3482,-3.6047999999999996,1.9744,1.7252999999999998,2007.0,305.0,10.971671428571428,24.920720000000003,0.2786066666666667,50.29148,13.276613333333334,4.124079999999999,8.626686666666666,3.5112533333333333,2007.0,4072.75,1089.38,219.52,952.56,126.49,430.18,38.6
