,DOY,INSgdmax,RADmax,RAINmax,RHmax,TMAXmax,TMINmax,Tmax,WINDmax,YEAR,DOY,INSgdmin,RADmin,RAINmin,RHmin,TMAXmin,TMINmin,Tmin,WINDmin,YEAR,DOY,INSgdmean,RADmean,RAINmean,RHmean,TMAXmean,TMINmean,Tmean,WINDmean,YEAR,NDVI,EVI,RED,NIR,BLUE,MIR,pixrel
0,113.0,27.79,30.31,30.16,66.42,29.66,14.28,20.41,4.93,2007.0,113.0,5.04,24.23,0.0,33.56,11.06,1.06,8.59,1.04,2007.0,113.0,19.699333333333335,27.323333333333334,4.7139999999999995,50.88066666666666,20.108000000000004,7.699333333333334,13.876666666666667,3.293999999999999,2007.0,3888.28,1933.45,807.82,1873.63,410.02,1483.24,0.02
1,129.0,26.53,32.47,21.0,65.02,31.6,20.75,25.97,6.11,2007.0,129.0,6.3,24.88,0.0,26.09,19.43,8.5,14.16,1.52,2007.0,129.0,17.88066666666667,29.745999999999995,4.1066666666666665,44.35799999999999,24.573333333333334,13.675333333333334,18.834000000000003,3.7646666666666664,2007.0,4989.02,2650.03,700.14,2149.15,369.52,1308.03,0.02
2,145.0,31.25,35.14,28.42,81.9,28.13,19.62,23.56,5.52,2007.0,145.0,7.27,24.88,0.0,28.38,19.99,6.42,12.83,1.39,2007.0,145.0,18.268666666666668,30.868,4.889333333333334,57.81000000000001,24.678666666666665,13.615999999999996,19.204000000000004,3.716,2007.0,7214.04,4533.18,433.33,2913.57,263.02,750.37,0.49
3,161.0,30.24,35.1,19.27,71.31,32.56,23.09,26.91,7.47,2007.0,161.0,12.56,27.07,0.0,31.48,21.26,11.1,16.71,1.6,2007.0,161.0,24.014000000000006,31.08666666666666,3.3400000000000007,47.17999999999999,28.831333333333337,16.759999999999998,22.789333333333335,3.6433333333333335,2007.0,7661.81,5082.7,384.6,3231.88,224.17,759.27,0.02
4,177.0,31.54,35.68,18.12,67.32,31.42,21.77,26.34,5.43,2007.0,177.0,5.15,27.22,0.0,40.86,22.44,11.36,19.05,0.98,2007.0,177.0,22.466666666666676,32.79866666666666,4.054,53.03200000000001,27.858666666666657,16.535333333333334,22.31933333333334,2.721333333333334,2007.0,7845.78,5402.49,371.3,3445.89,211.97,749.31,0.01
5,193.0,28.08,37.33,18.53,80.51,35.82,23.24,28.48,4.91,2007.0,193.0,13.5,29.84,0.0,37.98,25.87,14.88,20.35,1.45,2007.0,193.0,25.161333333333328,33.385999999999996,3.656,51.421333333333344,30.058000000000003,18.384666666666664,23.977333333333334,3.125333333333333,2007.0,7783.45,5356.99,377.23,3430.87,215.04,739.89,0.2
6,209.0,27.4,37.37,18.94,80.13,34.02,23.02,27.53,3.5,2007.0,209.0,5.11,30.78,0.0,36.07,27.08,12.58,20.17,1.07,2007.0,209.0,22.531333333333336,34.232,2.9386666666666668,51.07000000000001,30.799333333333333,18.85,24.726666666666667,2.2239999999999998,2007.0,7622.0,4933.14,376.94,3113.21,222.13,745.34,0.53
7,225.0,25.09,38.41,36.48,84.78,32.85,23.39,26.98,3.57,2007.0,225.0,5.54,30.78,0.0,42.56,20.51,13.52,17.38,1.52,2007.0,225.0,18.267333333333333,35.21066666666666,11.30533333333333,65.69066666666667,29.54866666666667,18.658666666666665,23.578666666666663,2.619999999999999,2007.0,7454.22,4615.84,385.01,2927.12,217.47,764.23,0.03
8,241.0,22.82,37.22,69.97,84.4,32.05,22.11,25.08,4.56,2007.0,241.0,7.13,27.79,0.0,48.91,23.71,11.02,18.53,1.29,2007.0,241.0,19.14428571428571,32.61533333333333,9.343333333333334,63.88066666666666,28.286666666666676,16.846666666666668,22.360000000000003,2.4866666666666664,2007.0,7321.39,4195.55,373.93,2628.8,208.83,723.77,0.07
9,257.0,21.49,36.11,22.4,79.22,29.95,20.03,24.5,6.4,2007.0,257.0,4.82,24.12,0.0,36.71,16.27,2.22,9.96,1.48,2007.0,257.0,16.366666666666664,29.914,3.844666666666667,57.254666666666665,23.245999999999995,12.003333333333336,17.619333333333334,3.6146666666666665,2007.0,6588.46,3377.08,426.76,2211.67,226.31,686.11,0.05
10,273.0,18.43,36.14,36.23,89.65,29.04,21.73,24.17,4.85,2007.0,273.0,3.85,24.73,0.0,38.31,17.79,8.0,12.93,1.94,2007.0,273.0,12.175333333333333,31.29533333333334,5.397333333333332,65.31866666666666,24.325333333333333,14.532666666666666,19.218,3.4466666666666663,2007.0,5953.62,2820.88,486.91,1955.75,263.21,776.86,0.04
11,289.0,13.46,32.94,22.87,90.8,18.73,12.77,15.37,6.2,2007.0,289.0,2.59,22.54,0.0,70.54,8.63,2.82,6.1,0.82,2007.0,289.0,8.084000000000001,28.908000000000005,5.651333333333334,80.37266666666666,14.335333333333331,7.142666666666667,10.619333333333334,3.476666666666666,2007.0,4949.41,1941.58,480.47,1461.1,242.47,927.53,0.0
12,305.0,13.14,28.26,0.08,90.47,19.76,9.42,14.18,5.94,2007.0,305.0,5.83,21.02,0.0,37.38,3.1,-3.88,-0.06,1.53,2007.0,305.0,10.211428571428572,23.497333333333337,0.008,55.83333333333333,10.866666666666667,2.7800000000000007,6.575333333333333,3.5060000000000002,2007.0,4703.99,1986.62,547.88,1576.26,279.27,1029.81,0.38
