,DOY,INSgdmax,RADmax,RAINmax,RHmax,TMAXmax,TMINmax,Tmax,WINDmax,YEAR,DOY,INSgdmin,RADmin,RAINmin,RHmin,TMAXmin,TMINmin,Tmin,WINDmin,YEAR,DOY,INSgdmean,RADmean,RAINmean,RHmean,TMAXmean,TMINmean,Tmean,WINDmean,YEAR,NDVI,EVI,RED,NIR,BLUE,MIR,pixrel
0,113.0,28.04,30.788000000000004,43.7331,87.6463,29.762,14.8613,22.0566,7.602,2007.0,113.0,2.9457999999999998,23.5584,0.0,46.9649,11.2579,4.2184,9.1371,2.3425,2007.0,113.0,20.56878,27.968753333333332,6.523706666666666,60.45076666666667,20.712066666666665,9.093273333333332,14.967926666666663,4.552613333333333,2007.0,3836.94,2459.21,1206.96,2712.47,615.93,2380.51,0.0
1,129.0,29.0125,34.7875,58.9842,94.26570000000001,30.7738,19.4083,24.7419,8.3479,2007.0,129.0,6.2812,25.6385,0.0,35.2226,16.0499,8.6341,14.215900000000001,1.4794999999999998,2007.0,129.0,18.799433333333333,30.835453333333334,10.080526666666668,64.13520666666668,23.557106666666666,13.875433333333335,18.74058,4.804326666666666,2007.0,4323.7,2813.69,1140.47,2850.73,589.03,2419.8,0.43
2,145.0,30.0511,34.6484,25.0856,87.7642,29.6363,19.3399,23.820999999999998,7.992500000000001,2007.0,145.0,9.6744,26.9775,0.0,34.6687,17.056800000000003,6.076499999999999,12.807599999999999,2.0839,2007.0,145.0,19.837466666666668,31.216273333333334,5.908166666666666,67.84991333333333,23.887679999999996,14.05644,18.867866666666664,4.499953333333334,2007.0,5142.8,3384.14,966.13,2993.31,500.34,2222.65,0.6
3,161.0,30.0779,35.2692,10.1571,80.11260000000001,33.449799999999996,20.273699999999998,25.0611,9.8249,2007.0,161.0,9.826799999999999,26.218899999999998,0.0,36.9406,23.197899999999997,11.456199999999999,17.5256,1.4415,2007.0,161.0,24.652066666666663,31.931413333333328,1.5927333333333336,57.33064666666667,28.13252,16.277533333333334,21.879186666666662,4.6867133333333335,2007.0,6043.98,4272.88,857.07,3453.78,450.95,1863.92,0.72
4,177.0,31.1583,36.525,8.557599999999999,81.48319999999998,30.9861,21.868,25.122300000000003,4.446400000000001,2007.0,177.0,16.687399999999997,29.7494,0.0,43.2146,26.0445,12.8914,20.1095,1.7953999999999999,2007.0,177.0,24.990066666666664,33.121219999999994,1.6016199999999998,61.37992666666668,28.95914666666667,17.320313333333335,22.68332,3.114493333333334,2007.0,7035.6,5156.57,651.36,3752.04,350.76,1418.41,0.23
5,193.0,28.902900000000002,38.99000000000001,15.5808,69.4023,37.782399999999996,22.256,28.534399999999998,5.3459,2007.0,193.0,16.0257,30.4116,0.0,38.9225,27.780099999999997,16.1133,21.6891,1.2088999999999999,2007.0,193.0,26.16646666666667,34.351173333333335,2.565,50.24363999999999,32.67836666666667,19.418993333333333,25.515406666666664,3.412166666666666,2007.0,7221.44,4989.32,553.43,3458.08,296.79,1200.3,0.02
6,209.0,26.3012,38.624300000000005,15.023500000000002,80.5675,33.455600000000004,21.4642,26.1774,4.6382,2007.0,209.0,17.7702,33.720600000000005,0.0,42.96209999999999,27.9925,15.2608,23.093,1.1886,2007.0,209.0,23.387639999999998,36.12212,2.6639800000000005,63.81449333333333,31.15488666666667,19.154419999999995,24.55206,2.91796,2007.0,8205.52,6135.96,386.13,4024.19,210.57,853.94,0.51
7,225.0,25.527099999999997,38.8838,55.162200000000006,87.2347,34.394600000000004,22.4232,27.425800000000002,4.9107,2007.0,225.0,7.946899999999999,34.938900000000004,0.0,62.61999999999999,27.8403,16.0541,22.3991,1.9022999999999999,2007.0,225.0,18.95266,37.116373333333335,13.036420000000001,74.55802666666668,31.451280000000004,19.96075333333333,24.821779999999997,2.887333333333334,2007.0,8228.65,5913.81,357.5,3789.43,195.4,778.86,0.12
8,241.0,23.3605,37.84,33.989900000000006,87.304,32.6853,21.359199999999998,24.7934,5.9411,2007.0,241.0,5.3033,29.2738,0.0,49.2872,24.13,10.5475,17.877200000000002,1.1753,2007.0,241.0,19.338749999999994,33.74988,6.110613333333332,69.9906,28.091226666666667,16.359266666666667,21.84538,3.27706,2007.0,7435.6,4948.81,469.52,3294.89,253.6,938.37,0.0
9,257.0,21.7575,35.508399999999995,14.687399999999998,87.31450000000001,27.5381,17.6877,21.9884,7.0139,2007.0,257.0,7.0957,25.009300000000003,0.0,39.9805,16.9221,0.8358000000000001,9.622599999999998,1.0119,2007.0,257.0,16.605126666666663,31.05493333333333,3.32336,67.15414666666668,22.762459999999997,11.703673333333333,17.087806666666665,4.342013333333333,2007.0,6105.29,3893.93,707.81,2989.88,360.85,1258.99,0.31
10,273.0,18.5833,35.75790000000001,26.283900000000003,91.3912,29.995800000000003,20.0927,23.216,8.593399999999999,2007.0,273.0,7.5784,27.0,0.0,40.1015,19.1154,4.5296,13.186900000000001,2.6972,2007.0,273.0,14.603460000000002,31.795873333333333,4.574513333333332,67.20527333333334,24.650799999999997,13.143706666666667,18.765766666666664,4.908666666666667,2007.0,4961.12,2867.48,831.97,2477.35,408.22,1549.79,0.0
11,289.0,16.168,32.49679999999999,34.36600000000001,97.9294,19.409599999999998,10.9652,13.0502,7.5325999999999995,2007.0,289.0,2.8866,24.131700000000002,0.0,75.5171,9.4375,3.6629,6.7691,1.3606,2007.0,289.0,10.009266666666667,28.63868,8.27468,85.85565333333334,13.968306666666667,7.764226666666666,10.613740000000004,4.195666666666668,2007.0,4566.37,2306.9,714.82,1969.65,364.09,1392.0,0.0
12,305.0,13.713799999999999,28.66,5.4754000000000005,84.24629999999999,18.950699999999998,10.276700000000002,13.458800000000002,8.100299999999999,2007.0,305.0,6.4701,19.0988,0.0,39.482200000000006,5.1486,-5.968999999999999,1.3659999999999999,1.3418999999999999,2007.0,305.0,10.917535714285712,23.46539333333333,0.45496,56.59262,12.60916,2.220933333333333,7.071526666666667,4.116173333333333,2007.0,3669.25,2065.95,1018.53,2211.34,520.22,1929.59,0.0
