,DOY,INSgdmax,RADmax,RAINmax,RHmax,TMAXmax,TMINmax,Tmax,WINDmax,YEAR,DOY,INSgdmin,RADmin,RAINmin,RHmin,TMAXmin,TMINmin,Tmin,WINDmin,YEAR,DOY,INSgdmean,RADmean,RAINmean,RHmean,TMAXmean,TMINmean,Tmean,WINDmean,YEAR,NDVI,EVI,RED,NIR,BLUE,MIR,pixrel
0,113.0,28.153599999999997,30.9439,52.390699999999995,91.5131,29.877200000000002,15.270900000000001,22.2566,7.5043,2007.0,113.0,2.0886,23.491799999999998,0.0,45.913399999999996,11.7923,3.4200999999999997,8.3972,2.1521,2007.0,113.0,19.921413333333334,27.927966666666663,7.395346666666667,59.13401333333333,21.487206666666665,9.321446666666667,15.338700000000001,4.26266,2007.0,5018.19,3020.19,843.46,2583.31,442.68,1643.79,0.01
1,129.0,29.196399999999997,35.3958,78.0963,90.7639,31.2444,21.141399999999997,25.615,7.8092,2007.0,129.0,3.7802000000000002,26.755,0.0,33.4345,15.420499999999999,8.4773,13.9178,1.4554999999999998,2007.0,129.0,17.907486666666664,31.28599333333333,12.292380000000001,61.52685999999999,24.567573333333332,14.674886666666668,19.52885333333333,4.549046666666667,2007.0,6280.24,4106.03,696.29,3066.64,371.06,1516.54,0.2
2,145.0,30.2428,34.7975,31.0849,89.0704,29.753700000000002,19.918100000000003,24.0912,6.7379,2007.0,145.0,8.2299,25.8771,0.0,31.024099999999997,19.8113,6.3019,13.0844,1.842,2007.0,145.0,20.089873333333337,31.284266666666667,5.462273333333334,66.43956666666665,24.55332,14.682759999999998,19.577733333333335,4.027386666666667,2007.0,6958.21,4817.53,602.1,3433.47,325.9,1263.25,0.09
3,161.0,31.6282,34.5017,10.087499999999999,78.10589999999999,34.3301,22.276400000000002,26.841500000000003,9.0948,2007.0,161.0,16.8047,26.158900000000003,0.0,36.2686,23.9951,10.8701,18.670299999999997,1.7102,2007.0,161.0,25.464886666666665,31.377739999999996,1.6596333333333333,51.28911333333333,29.331546666666668,16.621540000000003,22.860439999999997,4.174193333333333,2007.0,7440.06,5545.63,567.9,3904.4,306.26,1107.23,0.97
4,177.0,29.6986,36.4546,12.4142,75.3021,31.981399999999997,22.1447,25.903599999999997,4.0381,2007.0,177.0,11.224699999999999,31.3979,0.0,44.1462,26.9603,14.5579,20.7804,1.621,2007.0,177.0,22.133126666666662,33.79118,2.78866,59.56921333333334,29.495953333333333,17.823566666666668,23.495406666666668,2.734926666666667,2007.0,7502.83,5202.49,499.12,3519.16,269.78,1089.02,0.21
5,193.0,29.1943,38.5325,10.1735,67.368,36.5736,23.3371,29.0352,5.5347,2007.0,193.0,19.070899999999998,29.4835,0.0,37.734899999999996,28.214100000000002,16.724899999999998,22.206899999999997,1.2939000000000003,2007.0,193.0,26.47940666666667,34.29252666666667,3.1378866666666667,49.3334,32.81809333333334,19.976193333333335,26.040220000000005,3.36022,2007.0,7404.45,5111.52,516.73,3481.85,280.59,1119.09,0.11
6,209.0,27.6725,38.724000000000004,23.4065,75.84979999999999,34.239999999999995,22.954099999999997,27.1269,3.6989,2007.0,209.0,18.046200000000002,32.1845,0.0,40.40389999999999,28.2762,16.3326,23.8677,1.5045000000000002,2007.0,209.0,24.062693333333335,35.92926666666666,2.5105066666666667,52.334199999999996,32.21828666666667,20.075266666666664,25.985219999999998,2.5164533333333328,2007.0,7079.96,4623.68,535.06,3166.7,288.59,1067.64,0.0
7,225.0,25.704300000000003,39.6139,48.816599999999994,84.1016,35.2945,23.9254,27.7577,4.4015,2007.0,225.0,8.5631,34.889300000000006,0.0,57.8215,29.2137,16.9531,23.487099999999998,1.0419,2007.0,225.0,20.41659333333333,37.494200000000006,12.111866666666666,71.61363333333333,32.231926666666666,21.00474,25.81502,2.5378666666666665,2007.0,7681.65,5217.02,439.03,3429.99,238.39,896.05,0.0
8,241.0,23.907899999999998,37.8086,46.357699999999994,85.33359999999999,33.42360000000001,23.003,25.4383,5.485399999999999,2007.0,241.0,10.1309,28.9792,0.0,45.8817,24.7617,10.8959,18.924799999999998,0.6796,2007.0,241.0,20.049449999999997,33.39372,5.376426666666667,66.69746666666667,28.758580000000002,16.830086666666666,22.60058,2.753706666666666,2007.0,7604.41,5008.47,442.54,3281.5,239.93,964.93,0.0
9,257.0,21.9614,35.8397,21.1481,76.3554,29.197499999999998,19.7568,23.684600000000003,6.4321,2007.0,257.0,5.1603,24.916600000000003,0.0,36.247,17.7809,1.4719000000000002,10.517700000000001,0.9766999999999999,2007.0,257.0,17.738173333333332,30.94952,3.1763466666666664,60.99778666666667,24.589706666666665,12.978446666666667,18.553866666666664,3.861466666666667,2007.0,6947.15,4409.91,540.52,3030.85,292.29,1019.31,0.0
10,273.0,18.9161,36.0276,27.8504,90.9759,31.179299999999998,21.2917,24.060299999999998,6.4779,2007.0,273.0,3.9428,26.82,0.0,36.9141,20.3333,4.847900000000001,13.2257,1.6517,2007.0,273.0,14.253806666666666,32.04664666666666,4.061266666666667,66.96065999999999,25.00102666666666,13.813786666666665,19.4119,3.9641466666666667,2007.0,6322.5,3727.79,582.42,2672.48,291.16,1075.9,0.0
11,289.0,16.3057,32.9392,32.539,95.0104,20.2013,12.8569,14.519599999999999,7.278599999999999,2007.0,289.0,3.6589,23.4707,0.0,73.2235,9.817699999999999,3.1870000000000003,7.3587,1.0073999999999999,2007.0,289.0,9.811139999999998,29.329486666666664,8.097253333333333,82.63188666666667,14.988120000000002,8.524866666666664,11.535100000000002,4.1519200000000005,2007.0,6053.49,3385.03,571.24,2423.79,301.09,1095.15,0.0
12,305.0,13.9474,29.8275,0.7562,88.9678,20.5146,10.3941,14.504999999999999,7.517200000000001,2007.0,305.0,5.126799999999999,18.810399999999998,0.0,37.6614,6.217499999999999,-6.3872,1.4353,1.8912,2007.0,305.0,11.16082857142857,23.435653333333335,0.09338666666666667,55.1472,13.001093333333333,2.7728200000000003,7.6771866666666675,3.79908,2007.0,5030.28,2930.92,810.29,2480.56,423.18,1518.15,0.0
