,DOY,INSgdmax,RADmax,RAINmax,RHmax,TMAXmax,TMINmax,Tmax,WINDmax,YEAR,DOY,INSgdmin,RADmin,RAINmin,RHmin,TMAXmin,TMINmin,Tmin,WINDmin,YEAR,DOY,INSgdmean,RADmean,RAINmean,RHmean,TMAXmean,TMINmean,Tmean,WINDmean,YEAR,NDVI,EVI,RED,NIR,BLUE,MIR,pixrel
0,113.0,27.9,31.0,34.66,85.18,29.46,14.57,21.63,7.25,2007.0,113.0,2.7,23.04,0.0,47.82,12.41,3.68,9.11,2.43,2007.0,113.0,20.34666666666667,27.710666666666665,5.847333333333335,57.94533333333334,20.93466666666667,9.013333333333332,14.943999999999996,4.389333333333334,2007.0,3726.73,1962.34,883.94,1975.36,475.09,1843.83,0.07
1,129.0,28.26,34.6,46.68,92.96,31.19,20.46,25.54,8.61,2007.0,129.0,4.14,24.84,0.0,32.05,15.35,9.3,13.73,1.72,2007.0,129.0,17.8,30.478,9.277999999999999,60.354,23.72533333333333,14.129333333333333,18.906,5.0246666666666675,2007.0,4726.45,2870.35,878.57,2531.06,477.25,1773.65,0.69
2,145.0,31.68,34.2,29.4,91.14,29.63,19.61,23.58,7.57,2007.0,145.0,9.65,26.42,0.0,32.05,17.75,6.05,12.52,2.14,2007.0,145.0,20.18133333333333,30.864,5.048,66.77,24.013333333333332,14.047999999999996,18.911333333333335,4.383333333333334,2007.0,6336.68,3551.83,513.15,2447.43,281.8,887.13,0.0
3,161.0,30.85,35.17,19.14,77.9,33.65,20.91,25.89,9.98,2007.0,161.0,18.76,25.45,0.0,36.37,23.28,11.65,17.9,1.28,2007.0,161.0,26.280666666666665,30.832666666666668,2.0126666666666666,52.61133333333332,28.91533333333333,16.336666666666666,22.331333333333326,4.651333333333333,2007.0,7650.93,5177.29,436.61,3420.99,237.55,784.16,0.08
4,177.0,31.36,36.47,13.48,79.01,31.35,23.01,25.82,4.93,2007.0,177.0,11.81,29.59,0.0,43.53,25.93,13.62,20.11,1.62,2007.0,177.0,24.38933333333334,32.611333333333334,2.2199999999999998,59.08666666666668,28.976,17.37333333333333,22.82,3.0953333333333317,2007.0,7702.33,5467.36,480.22,3699.28,265.53,745.45,0.75
5,193.0,29.02,38.3,11.64,74.66,36.75,22.88,29.01,5.69,2007.0,193.0,17.39,29.66,0.0,38.28,27.41,15.51,21.59,1.43,2007.0,193.0,26.533333333333335,33.584666666666664,2.349333333333333,50.628,32.07066666666667,19.13533333333333,25.18,3.49,2007.0,7110.15,4835.28,566.81,3370.24,304.19,888.65,0.01
6,209.0,27.11,38.77,8.04,79.12,33.26,21.57,25.7,4.04,2007.0,209.0,17.75,32.44,0.0,41.4,28.07,14.97,22.95,1.21,2007.0,209.0,23.368,35.06733333333333,1.9033333333333333,58.798,31.395333333333333,19.146000000000004,24.730666666666664,2.8026666666666658,2007.0,6488.94,4209.13,669.21,3100.92,335.9,1097.38,0.01
7,225.0,25.63,38.74,72.77,87.57,34.08,22.28,27.49,4.8,2007.0,225.0,7.45,33.34,0.0,58.61,27.17,15.27,21.63,1.63,2007.0,225.0,18.980666666666668,36.413333333333334,11.155333333333333,72.16266666666665,31.19,19.528666666666666,24.529333333333334,2.7879999999999994,2007.0,6117.29,4053.84,761.08,3119.54,411.15,1188.12,0.49
8,241.0,23.58,38.02,37.44,87.79,33.06,21.4,24.77,6.02,2007.0,241.0,2.84,28.58,0.0,47.93,24.06,10.17,17.78,1.39,2007.0,241.0,19.62357142857143,33.122,5.577333333333332,67.718,28.29733333333333,16.224666666666664,21.90866666666666,3.102,2007.0,5995.95,3656.15,717.19,2798.18,366.45,1192.97,0.0
9,257.0,21.82,35.57,14.13,83.45,27.88,17.77,22.17,7.38,2007.0,257.0,7.56,23.8,0.0,39.93,16.81,0.61,9.52,1.01,2007.0,257.0,17.21066666666667,30.23333333333333,3.6846666666666663,64.85533333333335,22.672000000000004,11.616666666666667,17.008000000000003,4.284666666666666,2007.0,4475.49,2420.35,806.26,2144.01,432.9,1420.78,0.0
10,273.0,18.47,35.6,30.38,91.88,29.7,20.49,22.9,7.84,2007.0,273.0,4.03,26.82,0.0,38.66,18.7,3.48,12.71,2.42,2007.0,273.0,13.978000000000002,31.566,4.463333333333334,67.80733333333333,24.110000000000003,13.223999999999998,18.616,4.587333333333334,2007.0,4389.32,2176.85,708.98,1886.2,371.93,1321.91,0.0
11,289.0,15.88,31.82,54.19,98.89,18.82,11.37,12.89,7.81,2007.0,289.0,3.1,23.72,0.0,75.35,8.97,3.53,6.75,1.14,2007.0,289.0,8.882000000000001,28.77066666666667,9.018666666666668,86.51800000000001,13.458666666666664,7.530666666666666,10.406,4.206,2007.0,4378.84,1960.96,628.63,1654.81,333.04,1210.26,0.0
12,305.0,13.5,28.55,0.41,88.05,18.08,9.87,13.07,8.31,2007.0,305.0,5.58,19.19,0.0,40.25,4.95,-4.6,1.18,0.98,2007.0,305.0,10.460714285714284,23.50133333333333,0.08133333333333334,58.194666666666656,11.927333333333332,2.3426666666666667,6.785333333333332,4.1353333333333335,2007.0,3937.58,1795.34,715.03,1671.22,377.35,1385.05,0.14
