,DOY,INSgdmax,RADmax,RAINmax,RHmax,TMAXmax,TMINmax,Tmax,WINDmax,YEAR,DOY,INSgdmin,RADmin,RAINmin,RHmin,TMAXmin,TMINmin,Tmin,WINDmin,YEAR,DOY,INSgdmean,RADmean,RAINmean,RHmean,TMAXmean,TMINmean,Tmean,WINDmean,YEAR,NDVI,EVI,RED,NIR,BLUE,MIR,pixrel
0,113.0,27.94,30.74,46.67,89.31,28.27,15.04,20.91,6.02,2007.0,113.0,4.0,23.9,0.0,38.29,8.54,1.32,7.4,1.64,2007.0,113.0,19.15,27.702666666666666,5.002,58.51466666666666,20.038,7.809333333333334,13.887333333333334,3.4626666666666677,2007.0,1163.46,-291.19,-147.69,399.98,-283.64,165.88,114.77
1,129.0,27.9,32.72,18.14,70.91,31.63,19.75,25.9,6.32,2007.0,129.0,4.5,24.91,0.0,25.5,19.23,9.52,14.59,1.33,2007.0,129.0,19.341333333333335,29.981333333333332,2.8373333333333335,46.21333333333333,25.18000000000001,13.978,19.446000000000005,3.838,2007.0,2039.9,536.6,61.64,768.79,-39.71,348.51,69.22
2,145.0,31.14,35.5,27.48,76.03,30.21,21.8,25.27,6.86,2007.0,145.0,4.14,24.62,0.0,26.76,21.23,8.09,15.29,1.37,2007.0,145.0,20.325333333333333,31.104666666666667,2.92,52.31000000000001,26.616666666666664,15.386666666666665,21.03333333333334,3.734666666666667,2007.0,3343.13,1723.57,164.82,1445.52,118.64,318.08,54.54
3,161.0,30.42,35.46,12.09,72.17,33.98,22.64,27.92,7.93,2007.0,161.0,12.46,27.4,0.0,32.28,22.19,9.99,16.94,1.45,2007.0,161.0,23.29,31.683333333333326,2.682,47.19266666666668,29.86533333333334,16.710666666666665,23.324,3.3360000000000007,2007.0,3072.29,1580.24,-272.24,1294.88,-314.91,-92.05,107.23
4,177.0,32.29,35.89,26.38,68.09,34.05,21.71,27.06,5.27,2007.0,177.0,8.32,28.8,0.0,40.87,25.27,11.66,19.21,0.9,2007.0,177.0,21.554666666666662,33.376,5.725999999999999,54.184666666666665,29.133999999999997,16.975333333333335,23.05,2.586,2007.0,3405.08,1731.89,-282.02,1367.5,-319.52,-113.7,104.62
5,193.0,27.79,37.62,37.41,76.16,37.22,24.29,30.3,5.55,2007.0,193.0,11.09,30.71,0.0,37.11,26.87,14.92,20.91,1.45,2007.0,193.0,23.49666666666666,33.89733333333334,6.100666666666666,50.02066666666666,31.59733333333333,19.18133333333333,25.19333333333333,3.094,2007.0,3212.21,1825.86,-275.79,1464.82,-317.78,-101.85,107.2
6,209.0,26.71,37.19,10.68,76.76,35.21,23.27,28.35,2.8,2007.0,209.0,4.9,31.21,0.0,39.2,26.75,12.39,19.56,0.49,2007.0,209.0,23.279999999999994,34.11533333333333,1.4373333333333336,50.272,31.862666666666666,18.62733333333334,25.057333333333336,1.8879999999999992,2007.0,3096.48,1573.65,-298.89,1316.1,-343.83,-126.59,112.33
7,225.0,25.42,39.49,38.05,83.61,34.91,24.15,27.98,3.34,2007.0,225.0,8.96,31.61,0.0,44.19,26.45,14.95,21.04,1.23,2007.0,225.0,17.496,36.544,10.990000000000002,66.09333333333333,31.146,20.34666666666667,25.214000000000002,2.3286666666666664,2007.0,3138.85,1446.57,-254.38,1203.33,-290.14,-100.9,104.68
8,241.0,23.08,37.66,27.48,87.86,33.6,23.06,25.87,4.1,2007.0,241.0,6.95,28.58,0.0,44.81,24.02,11.28,19.95,0.99,2007.0,241.0,19.02142857142857,33.13733333333333,3.906,64.214,29.165333333333333,17.358,22.988000000000003,2.3186666666666667,2007.0,2861.56,1022.02,-329.36,955.24,-379.9,-186.9,120.01
9,257.0,21.56,34.88,40.62,77.66,32.2,21.34,26.3,5.89,2007.0,257.0,3.6,24.23,0.0,36.85,16.81,2.74,10.38,1.07,2007.0,257.0,17.731999999999996,30.258666666666667,3.9153333333333338,53.47866666666666,24.89333333333333,12.94,19.06666666666667,3.4120000000000004,2007.0,2464.01,479.43,-125.3,710.2,-188.97,-66.54,97.16
10,273.0,18.65,36.25,29.4,85.04,31.76,22.44,25.81,5.03,2007.0,273.0,4.36,25.74,0.0,37.94,18.3,8.39,13.85,1.99,2007.0,273.0,13.225333333333335,31.656000000000002,4.284666666666667,63.44533333333333,25.770666666666667,14.788,20.273333333333333,3.3006666666666664,2007.0,2718.71,764.39,672.64,1344.0,610.65,573.89,49.25
11,289.0,15.8,33.44,20.71,82.24,23.24,14.13,17.99,6.73,2007.0,289.0,2.99,22.97,0.0,59.0,10.19,4.07,7.03,0.93,2007.0,289.0,8.542,29.323333333333334,4.548666666666667,72.09333333333333,16.935999999999996,8.66,12.702,3.853999999999999,2007.0,2287.0,457.19,831.12,1280.81,770.25,792.92,41.79
12,305.0,13.36,29.3,3.78,89.91,20.29,9.96,14.83,6.09,2007.0,305.0,4.75,20.92,0.0,37.22,4.42,-3.35,1.21,1.88,2007.0,305.0,10.59857142857143,23.957333333333334,0.5206666666666667,52.02533333333335,12.177333333333333,3.437333333333333,7.696666666666666,3.530666666666667,2007.0,1677.09,-61.0,11.98,471.92,-64.46,177.17,87.14
