,DOY,INSgdmax,RADmax,RAINmax,RHmax,TMAXmax,TMINmax,Tmax,WINDmax,YEAR,DOY,INSgdmin,RADmin,RAINmin,RHmin,TMAXmin,TMINmin,Tmin,WINDmin,YEAR,DOY,INSgdmean,RADmean,RAINmean,RHmean,TMAXmean,TMINmean,Tmean,WINDmean,YEAR,NDVI,EVI,RED,NIR,BLUE,MIR,pixrel
0,113.0,27.0924,30.648600000000005,34.8572,68.5012,29.884999999999998,14.470000000000002,20.9572,5.3144,2007.0,113.0,5.071200000000001,23.434800000000003,0.0,35.9576,12.4908,2.1096000000000004,8.9974,1.3134000000000001,2007.0,113.0,19.802520000000005,27.6448,5.271533333333333,51.46652,20.675386666666668,8.338173333333332,14.446053333333332,3.4874533333333324,2007.0,4046.99,1797.27,653.36,1604.29,336.9,1206.92,0.01
1,129.0,27.888799999999996,32.9638,29.4908,70.1538,31.3752,21.7602,26.242,7.255800000000001,2007.0,129.0,4.9642,23.976399999999998,0.0,32.6144,16.889,9.0154,14.8654,1.8216,2007.0,129.0,18.09336,29.820026666666664,4.741319999999999,47.34999999999999,24.539453333333334,14.34072,19.17261333333333,4.25992,2007.0,5089.9,2470.56,575.03,1884.5,310.91,1040.37,0.01
2,145.0,31.7598,34.8058,11.686200000000001,91.3706,28.1968,19.5858,23.108399999999996,5.968,2007.0,145.0,8.0046,24.7394,0.0,30.2202,19.372199999999996,6.136199999999999,12.376800000000001,1.319,2007.0,145.0,19.38797333333333,30.877373333333335,3.8464133333333335,61.5454,24.344653333333333,13.799706666666665,19.012746666666665,3.867960000000001,2007.0,7482.13,4423.17,364.99,2755.13,227.52,622.87,0.52
3,161.0,31.137800000000002,34.669200000000004,4.2366,69.696,32.4716,21.661400000000004,26.165999999999997,8.4022,2007.0,161.0,13.726799999999997,26.446399999999997,0.0,33.818200000000004,21.798600000000004,11.324800000000002,17.2792,1.2274,2007.0,161.0,25.021386666666668,30.880719999999997,1.2170666666666667,49.30558666666667,28.91410666666667,16.430893333333337,22.566613333333333,3.986813333333333,2007.0,7628.87,4860.8,346.75,3034.68,214.93,647.1,0.0
4,177.0,31.5406,35.4258,21.043999999999997,80.548,31.577999999999996,22.197400000000002,26.562400000000004,5.7088,2007.0,177.0,7.042600000000001,27.330800000000004,0.0,41.269,24.184,11.2444,19.2642,0.8622,2007.0,177.0,23.758253333333332,32.63550666666667,2.8419599999999994,56.33696,28.09093333333333,16.413386666666664,22.26105333333333,2.8184933333333326,2007.0,7808.05,4781.39,283.75,2884.79,182.28,542.18,0.01
5,193.0,28.233,37.0422,30.081400000000002,79.389,35.6704,22.7104,28.077999999999996,5.0102,2007.0,193.0,13.795799999999998,29.7306,0.0,39.868199999999995,26.136799999999997,14.991,20.532799999999998,1.396,2007.0,193.0,25.600946666666673,33.198280000000004,5.959466666666667,52.33312,30.33625333333333,18.130026666666673,23.97262666666667,3.2381999999999995,2007.0,7855.81,4652.46,280.8,2770.79,176.05,527.48,0.0
6,209.0,27.4722,37.4094,12.338,77.19900000000001,34.1612,22.5356,27.0672,3.6246,2007.0,209.0,5.4702,30.2,0.0,39.2174,27.5216,12.5496,20.2812,1.175,2007.0,209.0,22.473133333333333,33.902359999999994,1.7211333333333332,53.345373333333335,31.02752,18.640226666666667,24.661906666666663,2.3821466666666664,2007.0,8008.95,4753.04,268.3,2817.19,168.93,513.91,0.1
7,225.0,25.244999999999997,37.9632,31.738800000000005,85.58479999999999,32.9826,22.716,27.2396,3.9518,2007.0,225.0,3.7646000000000006,31.9844,0.0,48.01700000000001,20.3522,13.143600000000001,17.0242,1.3344,2007.0,225.0,17.805066666666665,35.411706666666674,9.709293333333335,68.51036,29.431986666666674,18.356906666666667,23.284426666666665,2.646613333333333,2007.0,7723.04,4747.56,316.66,2931.54,181.58,618.22,0.02
8,241.0,23.109999999999996,37.9922,69.04780000000001,88.9408,31.9392,21.6406,24.5786,5.0236,2007.0,241.0,5.030200000000001,27.7936,0.0,52.38159999999999,23.756,10.232,17.5782,1.242,2007.0,241.0,18.99977142857143,32.669293333333336,9.371733333333337,66.68733333333333,27.87554666666666,16.008879999999998,21.76648,2.6068933333333333,2007.0,7484.75,4104.97,282.89,2465.89,158.72,530.63,2.55
9,257.0,21.560799999999997,35.7384,22.639400000000002,77.1,27.475199999999997,18.8302,22.7574,6.751,2007.0,257.0,6.88,23.822799999999997,0.0,41.0524,15.901200000000001,1.3016,9.3028,1.3204,2007.0,257.0,17.02258666666667,29.59672,3.83956,62.331293333333335,22.507173333333338,11.126599999999998,16.853279999999998,3.7536666666666663,2007.0,6448.07,2914.81,369.76,1896.82,169.46,516.32,0.03
10,273.0,18.317200000000003,36.2778,29.214000000000002,91.886,28.9526,21.078400000000002,23.265,5.4681999999999995,2007.0,273.0,3.0094000000000007,25.208,0.0,40.3302,17.918000000000003,6.3176,12.2908,2.004,2007.0,273.0,11.937306666666668,31.353999999999996,5.497386666666667,68.40850666666665,23.580906666666667,13.807666666666666,18.592906666666664,3.6521199999999987,2007.0,5184.7,2214.73,489.17,1634.26,250.91,729.49,0.32
11,289.0,14.595799999999999,32.0742,25.258200000000002,94.58,17.6,11.384200000000002,14.193800000000003,6.916600000000001,2007.0,289.0,2.1874000000000002,22.826600000000003,0.0,74.8846,8.445,3.0454,6.0862,0.749,2007.0,289.0,7.897720000000002,28.842279999999995,6.1395333333333335,84.12912000000001,13.381413333333334,6.942200000000001,10.158973333333334,3.6034800000000002,2007.0,4808.17,1680.95,387.51,1247.79,192.21,753.8,5.1
12,305.0,13.0994,28.515,1.85,89.70120000000001,18.8234,9.026599999999998,13.2782,6.731,2007.0,305.0,5.1702,21.449199999999998,0.0,40.1454,3.1698000000000004,-3.347,-0.19379999999999997,1.1640000000000001,2007.0,305.0,9.976514285714284,23.60825333333333,0.12662666666666667,59.45834666666667,10.65684,2.526466666666667,6.239280000000001,3.634173333333333,2007.0,4842.66,1657.37,392.52,1219.0,202.9,826.66,2.6
