,DOY,INSgdmax,RADmax,RAINmax,RHmax,TMAXmax,TMINmax,Tmax,WINDmax,YEAR,DOY,INSgdmin,RADmin,RAINmin,RHmin,TMAXmin,TMINmin,Tmin,WINDmin,YEAR,DOY,INSgdmean,RADmean,RAINmean,RHmean,TMAXmean,TMINmean,Tmean,WINDmean,YEAR,NDVI,EVI,RED,NIR,BLUE,MIR,pixrel
0,113.0,28.3213,31.046599999999998,51.7335,92.2667,29.655900000000003,15.0613,21.962400000000002,7.4352,2007.0,113.0,1.9678,23.748199999999997,0.0,43.8414,10.616100000000001,3.1162,8.120800000000001,1.8359999999999999,2007.0,113.0,19.7156,27.88816,7.407586666666665,59.001686666666664,21.49578,9.093766666666667,15.248026666666666,4.039353333333333,2007.0,4401.37,1654.62,506.32,1361.32,331.3,630.62,5.42
1,129.0,28.631400000000003,35.656800000000004,70.1447,89.0398,31.732599999999998,21.749299999999998,25.918,7.723599999999999,2007.0,129.0,2.4127,26.8956,0.0,33.0505,15.1391,8.8365,13.7955,1.4481,2007.0,129.0,17.402633333333334,31.467259999999996,10.631406666666667,59.62113999999998,24.81207333333333,14.818946666666665,19.702306666666665,4.434379999999999,2007.0,4630.24,2121.65,436.63,1555.85,254.64,721.33,5.25
2,145.0,30.6323,35.0128,16.8266,88.0345,29.710300000000004,20.113500000000002,24.176099999999998,6.3088,2007.0,145.0,7.9163,25.2899,0.0,30.3508,20.294,6.9213000000000005,13.572600000000001,1.9980000000000002,2007.0,145.0,20.57456666666667,31.337153333333333,3.984266666666667,63.52104666666666,25.0779,15.035093333333332,20.042726666666674,3.90358,2007.0,6139.56,2934.28,289.6,1823.89,192.3,449.87,8.27
3,161.0,31.569000000000003,34.456,9.0967,72.93039999999999,34.696,23.152499999999996,27.5776,8.724,2007.0,161.0,14.685,26.474700000000002,0.0,35.1155,24.011599999999998,10.5169,19.0489,1.7577000000000003,2007.0,161.0,25.061313333333334,31.4459,1.8389266666666664,48.43758,29.85214666666667,16.841506666666668,23.347299999999997,3.9718999999999993,2007.0,6084.6,3263.41,320.67,2028.64,229.54,451.18,5.12
4,177.0,30.027300000000004,36.79600000000001,13.953800000000001,73.7595,32.6734,21.886400000000002,26.225,4.3205,2007.0,177.0,8.9368,31.3515,0.0,42.5768,26.567600000000002,14.526,20.7594,1.5743,2007.0,177.0,21.652626666666663,34.027699999999996,3.1296866666666667,58.36908000000001,29.659626666666668,17.86022,23.743433333333332,2.591186666666667,2007.0,6596.45,3659.4,276.6,2239.67,181.82,462.26,7.7
5,193.0,29.1397,38.482499999999995,13.846699999999998,67.47,36.8689,24.1417,29.466900000000003,5.4852,2007.0,193.0,19.3685,29.514400000000002,0.0,36.9239,28.155500000000004,16.7229,22.288400000000003,1.4082000000000001,2007.0,193.0,26.168953333333338,34.41798666666667,3.5361466666666668,48.563433333333336,32.825,20.105420000000002,26.18660666666667,3.3564066666666665,2007.0,6468.88,3419.62,255.73,2065.82,167.01,417.2,7.67
6,209.0,28.0719,38.9084,29.0718,72.3663,34.8779,23.426099999999998,27.826,3.2579000000000002,2007.0,209.0,16.0767,30.866800000000005,0.0,38.621700000000004,28.7598,15.564000000000002,23.1098,1.4858,2007.0,209.0,24.244120000000002,35.59891333333332,3.3407,48.50986666666667,32.561246666666676,20.14292,26.329239999999995,2.34478,2007.0,6559.88,3014.51,236.2,1793.37,153.9,367.07,7.73
7,225.0,25.658400000000004,39.4991,42.102399999999996,83.6233,35.377300000000005,24.256700000000002,27.9944,4.1604,2007.0,225.0,9.386099999999999,34.879599999999996,0.0,54.4923,29.3443,16.816499999999998,23.5117,1.0379,2007.0,225.0,20.258233333333333,37.51094666666667,12.333446666666667,70.26058,32.304986666666665,21.17738,26.000993333333334,2.3973733333333334,2007.0,6595.93,2799.38,225.61,1623.3,158.87,317.23,5.39
8,241.0,24.0297,38.085,44.071999999999996,85.426,33.7044,23.228299999999997,25.6609,5.1034,2007.0,241.0,10.9709,28.963200000000004,0.0,44.1716,24.753700000000002,11.145900000000001,19.3601,0.7383000000000001,2007.0,241.0,20.12119285714286,33.20796,5.772366666666666,65.75488,28.980220000000003,16.997006666666667,22.823373333333336,2.548926666666666,2007.0,6381.31,2923.68,283.91,1742.3,199.27,398.26,0.2
9,257.0,22.041600000000003,36.1947,25.9331,75.01669999999999,30.3204,20.7685,24.811799999999998,6.217499999999999,2007.0,257.0,4.7212,24.312199999999997,0.0,35.8797,17.9569,2.0014,10.7225,1.1006,2007.0,257.0,18.30416,30.743146666666668,3.2197666666666667,58.01870000000001,25.24476,13.273,19.056126666666668,3.685133333333333,2007.0,5479.09,2212.92,290.43,1410.21,156.26,312.9,2.59
10,273.0,18.961299999999998,36.4406,27.5714,89.8601,31.4741,21.8056,24.502699999999997,6.043,2007.0,273.0,3.3175,26.663400000000003,0.0,37.1977,20.052799999999998,6.1267000000000005,13.376,1.5364,2007.0,273.0,13.853173333333334,32.031079999999996,4.195460000000001,66.44543999999999,25.242146666666663,13.974799999999997,19.681986666666663,3.6620466666666673,2007.0,4686.29,1380.13,229.0,984.58,111.57,364.16,17.9
11,289.0,16.299400000000002,32.9,25.6239,93.0437,20.5709,13.2255,15.4192,7.1723,2007.0,289.0,3.8413000000000004,23.175900000000002,0.0,70.952,10.295099999999998,3.011,7.734300000000001,0.938,2007.0,289.0,9.830359999999999,29.517426666666662,8.01688,80.13368,15.470713333333334,8.723726666666666,11.933966666666667,4.118426666666667,2007.0,4720.94,1284.97,178.28,886.24,88.83,312.56,20.48
12,305.0,13.791,30.1269,0.7613000000000001,89.0975,20.7777,10.3413,14.8631,7.292999999999999,2007.0,305.0,4.7177,18.8706,0.0,36.7818,6.3487,-5.5771999999999995,1.5544000000000002,1.9499999999999997,2007.0,305.0,11.17285,23.551279999999995,0.09193333333333334,54.24770666666667,13.04636666666667,3.0385066666666667,7.8811,3.6933000000000002,2007.0,4367.0,1204.16,195.91,919.67,89.05,347.09,28.13
