,DOY,INSgdmax,RADmax,RAINmax,RHmax,TMAXmax,TMINmax,Tmax,WINDmax,YEAR,DOY,INSgdmin,RADmin,RAINmin,RHmin,TMAXmin,TMINmin,Tmin,WINDmin,YEAR,DOY,INSgdmean,RADmean,RAINmean,RHmean,TMAXmean,TMINmean,Tmean,WINDmean,YEAR,NDVI,EVI,RED,NIR,BLUE,MIR,pixrel
0,113.0,28.33,30.89,51.69,91.91,29.74,15.07,22.09,7.47,2007.0,113.0,2.02,23.58,0.0,45.1,11.17,3.18,8.26,2.01,2007.0,113.0,19.761999999999997,27.877333333333333,7.461333333333332,58.971333333333334,21.529999999999994,9.212666666666667,15.291333333333332,4.115333333333333,2007.0,5193.08,3198.27,850.34,2710.91,441.45,1585.11,0.0
1,129.0,29.02,35.68,76.69,89.73,31.46,21.7,25.86,7.77,2007.0,129.0,2.81,27.0,0.0,32.92,15.2,8.59,13.81,1.48,2007.0,129.0,17.604666666666667,31.497999999999998,11.412666666666667,60.27866666666666,24.742666666666665,14.8,19.668666666666663,4.486,2007.0,6596.89,4255.94,623.72,3058.61,332.75,1334.53,0.03
2,145.0,30.38,34.92,16.38,88.6,29.69,20.07,24.15,6.39,2007.0,145.0,7.49,25.49,0.0,30.49,20.12,6.64,13.3,1.94,2007.0,145.0,20.42666666666667,31.33,4.185333333333334,64.96466666666666,24.814,14.915999999999999,19.826000000000008,3.932,2007.0,7212.92,5023.2,559.92,3495.03,305.77,1142.71,0.08
3,161.0,31.54,34.34,8.74,76.19,34.58,23.08,27.16,8.84,2007.0,161.0,14.83,26.35,0.0,35.71,24.0,10.63,18.93,1.72,2007.0,161.0,25.198,31.414,1.821333333333333,49.43266666666666,29.636000000000003,16.746000000000002,23.14333333333333,4.036666666666666,2007.0,7456.56,5402.31,541.92,3738.1,296.09,1087.51,0.42
4,177.0,29.63,36.68,13.6,74.18,32.54,22.13,26.08,4.19,2007.0,177.0,9.25,31.54,0.0,43.47,26.73,14.7,20.8,1.67,2007.0,177.0,21.616666666666664,34.028666666666666,2.674,58.779333333333355,29.575333333333333,17.884,23.67866666666667,2.6333333333333337,2007.0,7228.29,5174.81,584.46,3645.71,317.37,1224.76,0.05
5,193.0,29.16,38.41,10.59,67.76,36.75,23.93,29.29,5.52,2007.0,193.0,20.34,29.41,0.0,37.24,28.17,16.72,22.3,1.24,2007.0,193.0,26.36866666666667,34.367333333333335,2.9526666666666666,48.846666666666664,32.757333333333335,20.067333333333334,26.13266666666667,3.354666666666667,2007.0,7339.11,4994.53,516.22,3389.94,283.56,1074.78,0.0
6,209.0,28.04,38.92,34.75,73.39,34.73,23.4,27.71,3.4,2007.0,209.0,16.88,31.18,0.0,39.86,28.58,15.97,23.51,1.48,2007.0,209.0,24.39066666666667,35.762666666666654,3.7766666666666664,49.24066666666667,32.44466666666667,20.235333333333333,26.32266666666666,2.408,2007.0,6630.72,4163.34,590.34,2938.08,317.92,1149.03,0.01
7,225.0,25.67,39.56,45.71,83.69,35.27,24.19,27.89,4.23,2007.0,225.0,9.94,35.1,0.0,55.69,29.15,16.86,23.59,0.89,2007.0,225.0,20.429333333333332,37.56933333333333,13.150666666666666,70.76266666666666,32.24466666666667,21.122666666666667,25.94666666666667,2.433333333333333,2007.0,7559.21,5022.28,447.19,3300.76,244.4,920.86,0.0
8,241.0,24.05,38.23,43.55,85.02,33.6,23.15,25.6,5.26,2007.0,241.0,10.91,28.94,0.0,44.74,24.6,10.94,19.16,0.66,2007.0,241.0,20.075,33.24933333333333,5.560666666666666,65.98533333333333,28.86866666666667,16.916,22.743333333333336,2.6086666666666662,2007.0,7639.22,5000.0,428.93,3248.56,234.92,923.81,0.0
9,257.0,22.03,36.07,26.69,74.66,29.81,20.58,24.4,6.29,2007.0,257.0,4.93,24.26,0.0,35.61,18.07,1.81,10.65,1.06,2007.0,257.0,18.138666666666666,30.73,3.4546666666666663,59.09266666666667,25.0,13.14733333333333,18.841333333333335,3.7373333333333334,2007.0,7189.68,4569.85,495.01,3066.03,267.89,958.22,0.0
10,273.0,18.97,36.4,27.38,90.53,31.39,21.62,24.32,6.13,2007.0,273.0,3.1,26.82,0.0,36.87,20.25,5.48,13.26,1.49,2007.0,273.0,13.999333333333333,31.99666666666666,4.058000000000001,66.71533333333333,25.083999999999996,13.90133333333333,19.553999999999995,3.742666666666667,2007.0,6805.66,4062.92,510.01,2769.33,265.51,969.81,0.0
11,289.0,16.34,32.9,27.1,94.05,20.51,12.95,14.99,7.21,2007.0,289.0,3.85,23.26,0.0,72.17,9.95,3.04,7.54,0.88,2007.0,289.0,9.883333333333333,29.581999999999997,8.518,81.238,15.222666666666667,8.632666666666665,11.768666666666668,4.115333333333334,2007.0,6319.84,3710.89,581.17,2642.8,308.84,1150.76,0.01
12,305.0,13.82,29.95,1.06,90.33,20.74,10.35,14.75,7.38,2007.0,305.0,4.97,18.83,0.0,37.24,6.34,-6.25,1.45,1.95,2007.0,305.0,11.166428571428572,23.483999999999995,0.12866666666666668,54.912000000000006,12.989333333333336,2.8946666666666663,7.768,3.721333333333334,2007.0,5573.04,3277.58,725.37,2578.15,379.0,1355.83,0.0
