,DOY,INSgdmax,RADmax,RAINmax,RHmax,TMAXmax,TMINmax,Tmax,WINDmax,YEAR,DOY,INSgdmin,RADmin,RAINmin,RHmin,TMAXmin,TMINmin,Tmin,WINDmin,YEAR,DOY,INSgdmean,RADmean,RAINmean,RHmean,TMAXmean,TMINmean,Tmean,WINDmean,YEAR,NDVI,EVI,RED,NIR,BLUE,MIR,pixrel
0,113.0,27.9792,30.6572,42.3927,85.5833,28.2891,14.508499999999998,20.709899999999998,6.173500000000001,2007.0,113.0,2.6155,24.298299999999998,0.0,39.9632,9.070599999999999,2.2735000000000003,7.569700000000001,1.2299,2007.0,113.0,19.69412666666667,27.689166666666665,4.2262,58.07417333333332,20.4193,8.056826666666666,14.236086666666665,3.5443000000000002,2007.0,4470.0,2031.51,658.11,1735.57,333.91,1284.64,0.0
1,129.0,27.8894,33.547000000000004,29.980900000000002,68.4115,31.4412,21.580099999999998,26.4136,6.997699999999999,2007.0,129.0,3.8106,25.0761,0.0,33.9723,18.375299999999996,9.777000000000001,14.941,1.5143999999999997,2007.0,129.0,18.26842,30.411820000000002,5.386666666666667,48.02039333333334,25.15655333333333,14.588826666666666,19.692099999999996,4.1107266666666655,2007.0,4986.38,2275.88,584.44,1775.96,302.42,1146.4,0.0
2,145.0,31.406399999999998,35.3072,22.9893,79.6172,28.862899999999996,20.1571,24.0228,6.1215,2007.0,145.0,9.937700000000001,25.709500000000002,0.0,28.1088,20.517599999999998,7.2606,13.6338,1.6291000000000002,2007.0,145.0,20.453313333333337,31.047786666666667,3.4125133333333335,57.99827333333334,25.508233333333333,14.84336,20.16280666666667,3.69624,2007.0,7399.02,4208.86,392.71,2659.37,223.66,710.9,0.56
3,161.0,30.791100000000004,35.4619,16.447499999999998,65.85350000000001,34.392599999999995,23.098499999999998,27.46,8.061800000000002,2007.0,161.0,10.585799999999999,26.654700000000002,0.0,32.7401,22.7622,10.732699999999998,18.1103,1.7978,2007.0,161.0,24.45648,31.348153333333332,3.2072733333333336,46.250800000000005,29.79325333333334,16.891606666666668,23.402006666666665,3.6700200000000005,2007.0,7916.62,5132.64,328.87,3190.07,186.54,685.04,0.0
4,177.0,31.865499999999997,36.061099999999996,29.9698,74.9893,32.8086,21.297400000000003,26.638400000000004,5.1907,2007.0,177.0,4.7768,28.402200000000004,0.0,41.5411,25.4674,12.316699999999999,19.913400000000003,0.8537999999999999,2007.0,177.0,22.290300000000002,33.0482,4.583266666666667,55.60495999999999,28.983733333333333,17.166806666666666,23.10981333333333,2.5730533333333336,2007.0,7980.53,5203.99,311.26,3222.04,175.15,667.2,0.0
5,193.0,28.6761,37.598299999999995,32.1775,75.2111,37.3069,24.8735,30.010300000000004,5.6322,2007.0,193.0,15.5214,29.9824,0.0,37.279199999999996,27.0737,15.436699999999998,21.2414,1.0846,2007.0,193.0,24.674386666666663,33.79444,4.0039066666666665,49.95232666666666,31.735066666666672,19.30648666666667,25.258673333333334,3.1603000000000003,2007.0,8161.47,4809.44,258.31,2848.99,147.65,527.28,0.14
6,209.0,27.4534,37.8681,15.7416,76.28659999999999,34.8424,23.110999999999997,28.0604,2.953,2007.0,209.0,6.7374,30.2346,0.0,37.4525,27.451200000000004,12.811399999999999,20.2289,0.8197000000000001,2007.0,209.0,23.368666666666666,34.34474666666667,2.7918533333333335,49.23514666666667,31.863460000000003,19.068966666666668,25.386946666666667,2.111266666666667,2007.0,8079.43,4738.19,275.03,2832.03,153.51,565.12,0.02
7,225.0,25.529200000000003,38.9361,43.2315,83.6848,34.2924,24.002000000000002,27.8339,3.6266000000000003,2007.0,225.0,9.525400000000001,32.4992,0.0,49.383,26.320800000000002,15.2562,20.6941,1.4084999999999999,2007.0,225.0,18.55068,36.469006666666665,12.579460000000001,68.34323333333333,31.13392666666667,20.22590666666667,25.015233333333335,2.308753333333333,2007.0,7732.82,4812.01,332.68,2980.81,186.42,666.7,0.02
8,241.0,23.47,37.466699999999996,33.729200000000006,85.99779999999998,33.1509,22.7642,25.732599999999998,4.6556999999999995,2007.0,241.0,9.333300000000001,28.04,0.0,45.2803,24.323500000000003,10.8789,19.3621,0.9662,2007.0,241.0,19.795792857142857,32.981300000000005,5.654539999999999,64.70163333333333,28.89214,17.05232,22.753553333333336,2.42752,2007.0,7684.39,4175.94,298.54,2498.79,167.02,565.36,0.0
9,257.0,21.8739,35.9967,22.835900000000002,75.1805,31.282600000000002,21.3867,25.5571,6.3573,2007.0,257.0,4.0989,24.919199999999996,0.0,38.201,16.6928,2.2828000000000004,10.1248,1.0139,2007.0,257.0,17.947653333333335,30.21284666666666,2.952546666666667,55.56084666666666,24.642680000000002,12.579726666666666,18.665973333333334,3.545453333333334,2007.0,6866.6,3131.13,348.38,1958.83,169.29,529.96,0.0
10,273.0,18.6247,36.7611,35.049899999999994,88.53110000000001,29.918399999999995,22.2745,24.9816,5.3635,2007.0,273.0,3.6558,26.2169,0.0,38.0846,18.8036,7.760399999999999,13.478800000000001,1.9293,2007.0,273.0,13.329053333333334,31.710146666666667,4.436366666666666,65.30019333333333,25.090733333333333,14.439720000000001,19.787573333333334,3.4659666666666675,2007.0,5505.33,2548.17,511.51,1835.71,274.18,728.15,0.29
11,289.0,15.8961,33.035799999999995,19.807299999999998,86.84289999999999,20.1171,12.9787,16.390300000000003,6.8673,2007.0,289.0,3.3786,22.97,0.0,66.95750000000001,10.1357,3.0972999999999997,7.337,1.0456,2007.0,289.0,8.6275,29.273886666666666,4.983766666666666,77.76418666666666,15.489106666666668,8.14061333333333,11.839400000000003,3.8100466666666657,2007.0,5282.33,1852.96,390.96,1301.45,195.71,728.83,0.0
12,305.0,13.377500000000001,29.847799999999996,1.2711,89.7946,20.567700000000002,9.9932,14.807199999999998,6.619400000000001,2007.0,305.0,4.777299999999999,20.7449,0.0,36.2147,4.3911,-3.0919000000000003,1.1133,1.9291999999999998,2007.0,305.0,10.808992857142858,23.60174,0.10527333333333333,53.89338666666666,12.054666666666666,3.2836,7.502946666666666,3.6177799999999998,2007.0,5164.29,1839.29,418.61,1325.16,210.48,820.32,0.24
