,DOY,INSgdmax,RADmax,RAINmax,RHmax,TMAXmax,TMINmax,Tmax,WINDmax,YEAR,DOY,INSgdmin,RADmin,RAINmin,RHmin,TMAXmin,TMINmin,Tmin,WINDmin,YEAR,DOY,INSgdmean,RADmean,RAINmean,RHmean,TMAXmean,TMINmean,Tmean,WINDmean,YEAR,NDVI,EVI,RED,NIR,BLUE,MIR,pixrel
0,113.0,28.55,32.76,22.03,91.81,29.88,16.32,22.82,7.11,2007.0,113.0,1.33,24.95,0.0,44.09,13.89,3.8,9.37,1.7,2007.0,113.0,19.380000000000003,28.492666666666665,3.563333333333334,60.34266666666665,22.195333333333334,10.057333333333332,16.100666666666665,4.504666666666666,2007.0,3572.27,2086.44,1157.68,2414.2,552.35,2279.66,0.37
1,129.0,29.59,35.75,73.4,91.11,30.75,19.53,24.18,7.49,2007.0,129.0,3.78,27.68,0.0,41.48,16.64,7.96,15.43,1.21,2007.0,129.0,19.05933333333333,31.85733333333333,9.41066666666667,67.436,24.49733333333334,14.646666666666668,19.51533333333333,4.218666666666667,2007.0,3708.68,2424.09,1334.4,2879.96,633.13,2932.19,0.29
2,145.0,30.28,35.06,47.3,88.23,29.57,19.79,24.01,7.63,2007.0,145.0,8.75,26.39,0.0,34.29,19.68,5.88,13.23,1.69,2007.0,145.0,19.02333333333333,31.840666666666667,7.338666666666668,70.39533333333334,24.294000000000004,14.804666666666668,19.52066666666667,4.196,2007.0,4007.95,2701.35,1305.51,3032.41,625.92,2870.97,0.28
3,161.0,31.86,35.06,13.69,83.4,33.69,21.74,25.51,9.37,2007.0,161.0,8.14,26.75,0.0,37.2,24.18,11.35,18.21,1.76,2007.0,161.0,23.81333333333333,32.28,2.4939999999999998,58.63666666666666,28.442666666666664,16.984666666666666,22.409333333333333,4.284666666666666,2007.0,5810.38,4273.85,971.31,3658.73,495.61,2094.52,0.0
4,177.0,29.23,36.4,8.97,79.36,30.89,21.41,25.06,3.47,2007.0,177.0,8.21,32.54,0.0,48.6,27.83,13.75,20.82,1.54,2007.0,177.0,22.953333333333333,34.42066666666666,2.472666666666667,65.71733333333333,29.258666666666667,17.980666666666664,23.28133333333333,2.78,2007.0,6925.03,4996.86,665.19,3669.56,348.02,1447.83,0.0
5,193.0,29.05,37.94,9.23,65.72,35.4,22.15,27.53,4.86,2007.0,193.0,22.1,31.46,0.0,39.59,28.85,16.44,22.29,1.12,2007.0,193.0,26.63733333333334,35.00066666666666,1.8660000000000003,52.814666666666675,32.955999999999996,19.881333333333334,26.01733333333333,3.0959999999999996,2007.0,7334.52,5325.61,564.52,3728.84,301.97,1179.68,0.0
6,209.0,26.82,38.95,16.97,79.22,33.68,22.22,27.2,4.36,2007.0,209.0,10.19,35.86,0.0,53.48,28.41,18.18,24.49,1.45,2007.0,209.0,21.561999999999998,37.21,3.8,63.96466666666667,31.440000000000005,20.344,25.476,2.5773333333333337,2007.0,8262.15,6099.6,366.46,3952.36,200.8,842.75,0.01
7,225.0,25.81,39.46,42.04,85.78,36.09,23.31,27.98,4.45,2007.0,225.0,8.6,36.04,0.0,57.42,29.56,20.39,24.73,1.75,2007.0,225.0,21.453333333333333,38.032666666666664,9.915333333333335,72.076,33.211333333333336,21.676666666666662,26.509333333333338,2.7640000000000002,2007.0,8207.88,5902.43,365.57,3800.22,198.72,764.36,0.8
8,241.0,23.69,37.62,26.22,83.02,32.31,22.82,25.68,5.68,2007.0,241.0,10.37,29.84,0.0,48.2,24.77,11.98,19.25,0.67,2007.0,241.0,20.495714285714286,34.374,2.9846666666666666,70.34533333333334,28.532666666666664,17.152,22.610666666666667,2.9200000000000004,2007.0,8003.88,5546.02,383.36,3570.61,207.72,808.34,0.0
9,257.0,22.18,35.96,15.88,80.42,28.18,19.7,23.03,6.54,2007.0,257.0,4.72,27.86,0.0,37.12,17.16,2.85,11.21,0.96,2007.0,257.0,16.74,32.291999999999994,3.5746666666666664,66.074,24.68466666666667,13.876666666666665,18.983333333333334,4.020666666666667,2007.0,5146.04,2817.55,736.14,2329.97,347.94,1399.99,0.0
10,273.0,19.12,36.25,23.0,90.08,31.5,21.3,24.16,7.66,2007.0,273.0,7.85,27.04,0.0,37.76,21.43,5.5,14.09,1.61,2007.0,273.0,15.303333333333335,32.44266666666667,4.048,66.50066666666666,25.752000000000006,14.31733333333333,19.955333333333332,4.378,2007.0,4671.38,2423.38,758.88,2116.48,354.46,1353.73,0.0
11,289.0,16.88,33.98,65.42,93.01,21.09,12.91,15.29,6.8,2007.0,289.0,3.1,24.23,0.0,72.69,11.2,3.49,7.56,1.28,2007.0,289.0,10.947333333333336,28.947333333333336,11.89733333333333,81.72333333333333,16.105999999999998,8.814,12.157333333333332,4.332,2007.0,3831.24,1844.46,802.78,1823.23,378.46,1840.55,0.0
12,305.0,14.51,29.27,4.06,80.41,21.02,11.0,14.75,7.14,2007.0,305.0,7.67,19.62,0.0,37.79,7.07,-5.76,2.51,1.73,2007.0,305.0,12.186428571428573,23.721333333333334,0.2813333333333333,53.07866666666667,14.07933333333333,2.9840000000000004,8.244666666666667,3.694000000000001,2007.0,3418.57,1855.02,1039.7,2122.49,497.21,2110.84,0.0
