,DOY,INSgdmax,RADmax,RAINmax,RHmax,TMAXmax,TMINmax,Tmax,WINDmax,YEAR,DOY,INSgdmin,RADmin,RAINmin,RHmin,TMAXmin,TMINmin,Tmin,WINDmin,YEAR,DOY,INSgdmean,RADmean,RAINmean,RHmean,TMAXmean,TMINmean,Tmean,WINDmean,YEAR,NDVI,EVI,RED,NIR,BLUE,MIR,pixrel
0,113.0,27.97,31.0,53.12,91.1,30.02,15.48,22.43,7.54,2007.0,113.0,2.16,23.4,0.0,46.76,12.44,3.67,8.54,2.3,2007.0,113.0,20.087333333333333,27.980666666666664,7.326666666666667,59.30333333333333,21.442666666666664,9.434666666666667,15.388000000000003,4.4159999999999995,2007.0,4824.21,2987.74,924.75,2673.58,482.01,1737.89,0.0
1,129.0,29.38,35.1,79.56,91.84,31.02,20.56,25.36,7.85,2007.0,129.0,4.79,26.5,0.0,33.97,15.65,8.36,14.03,1.43,2007.0,129.0,18.222666666666665,31.06533333333333,13.208,62.82599999999999,24.38533333333333,14.544666666666666,19.383333333333333,4.6146666666666665,2007.0,6229.28,4133.95,730.52,3135.77,388.77,1633.23,0.28
2,145.0,30.1,34.67,46.39,89.56,29.82,19.76,24.03,7.1,2007.0,145.0,9.0,26.28,0.0,31.58,19.49,5.95,12.86,1.74,2007.0,145.0,19.73933333333333,31.236666666666668,6.791333333333333,67.97466666666666,24.281999999999996,14.440000000000003,19.31933333333333,4.126666666666667,2007.0,7164.31,4768.67,524.95,3265.42,280.03,1151.47,0.32
3,161.0,31.72,34.67,11.49,80.1,34.07,21.44,26.51,9.36,2007.0,161.0,18.86,25.96,0.0,36.85,23.99,11.12,18.4,1.7,2007.0,161.0,25.74266666666667,31.339999999999996,1.4913333333333332,53.22133333333332,29.014666666666667,16.492,22.566,4.317333333333334,2007.0,6981.65,5108.95,649.81,3715.57,350.96,1360.36,0.95
4,177.0,29.77,36.22,11.18,76.47,31.4,22.16,25.72,3.88,2007.0,177.0,13.28,31.25,0.0,44.85,27.2,14.41,20.76,1.57,2007.0,177.0,22.670666666666666,33.544,2.908,60.391333333333336,29.413333333333334,17.760666666666665,23.304666666666662,2.8406666666666665,2007.0,7400.37,5021.12,504.22,3390.95,272.72,1127.07,0.01
5,193.0,29.23,38.66,9.74,66.96,36.39,22.72,28.77,5.55,2007.0,193.0,17.75,29.56,0.0,38.25,28.26,16.73,22.11,1.35,2007.0,193.0,26.59466666666667,34.214666666666666,3.330666666666667,49.84,32.88133333333333,19.88133333333333,25.944000000000003,3.3659999999999997,2007.0,7255.5,4966.5,544.03,3427.37,291.01,1137.57,0.27
6,209.0,27.29,38.52,11.6,78.41,33.73,22.49,26.52,4.01,2007.0,209.0,19.26,33.23,0.0,40.97,27.96,16.71,24.24,1.53,2007.0,209.0,23.721333333333334,36.10266666666667,1.1926666666666668,55.55399999999999,31.98266666666667,19.90866666666666,25.634,2.629333333333333,2007.0,7423.07,5065.01,492.77,3414.17,265.83,988.97,0.38
7,225.0,25.74,39.67,52.05,84.53,35.32,23.65,27.62,4.58,2007.0,225.0,7.13,34.67,0.0,60.04,29.28,17.05,23.38,1.2,2007.0,225.0,20.403333333333332,37.416000000000004,11.030666666666667,72.49933333333334,32.218666666666664,20.882,25.677999999999997,2.646666666666667,2007.0,7850.26,5278.92,401.34,3399.57,219.65,822.73,0.0
8,241.0,23.76,37.37,49.28,85.66,33.24,22.85,25.27,5.72,2007.0,241.0,9.32,29.02,0.0,47.07,24.93,10.85,18.68,0.7,2007.0,241.0,20.022857142857138,33.544000000000004,5.1846666666666685,67.43866666666666,28.643999999999995,16.740666666666666,22.452,2.9046666666666665,2007.0,7573.72,4889.3,438.43,3188.58,235.99,905.4,0.0
9,257.0,21.89,35.6,15.38,78.12,28.56,18.9,22.94,6.58,2007.0,257.0,5.4,25.6,0.0,36.91,17.48,1.12,10.38,0.89,2007.0,257.0,17.32133333333333,31.177999999999997,2.8866666666666663,62.98066666666668,24.162666666666663,12.802666666666669,18.254666666666665,3.990666666666667,2007.0,6922.83,4513.53,572.89,3150.12,307.47,1069.41,0.0
10,273.0,18.86,35.64,28.34,91.44,30.96,20.95,23.79,6.84,2007.0,273.0,4.82,26.82,0.0,36.96,20.42,4.19,13.19,1.82,2007.0,273.0,14.518666666666666,32.09866666666666,4.064666666666667,67.216,24.914666666666662,13.722666666666663,19.264000000000003,4.1946666666666665,2007.0,6355.63,3763.18,586.49,2697.78,289.95,1114.74,0.0
11,289.0,16.27,32.98,38.2,96.01,19.88,12.76,14.03,7.35,2007.0,289.0,3.46,23.69,0.0,74.32,9.68,3.34,7.17,1.14,2007.0,289.0,9.735999999999999,29.066666666666666,7.6593333333333335,84.08266666666667,14.744000000000002,8.412666666666665,11.292000000000003,4.19,2007.0,6089.0,3332.41,542.16,2349.3,286.58,1041.47,0.0
12,305.0,14.08,29.7,0.44,87.55,20.28,10.44,14.25,7.66,2007.0,305.0,5.29,18.79,0.0,38.1,6.09,-6.53,1.42,1.83,2007.0,305.0,11.155,23.38533333333334,0.05666666666666667,55.39200000000001,13.013333333333332,2.6460000000000004,7.582666666666667,3.88,2007.0,5032.07,2893.05,794.43,2428.13,414.41,1528.89,0.0
