,DOY,INSgdmax,RADmax,RAINmax,RHmax,TMAXmax,TMINmax,Tmax,WINDmax,YEAR,DOY,INSgdmin,RADmin,RAINmin,RHmin,TMAXmin,TMINmin,Tmin,WINDmin,YEAR,DOY,INSgdmean,RADmean,RAINmean,RHmean,TMAXmean,TMINmean,Tmean,WINDmean,YEAR,NDVI,EVI,RED,NIR,BLUE,MIR,pixrel
0,113.0,28.412499999999998,31.342100000000002,52.5645,91.6361,29.802699999999998,15.4099,22.3012,7.2456,2007.0,113.0,2.8251999999999997,23.8044,0.0,44.671,11.3218,3.1833,8.5702,1.8581999999999996,2007.0,113.0,19.8467,27.961593333333333,7.479593333333334,58.83999333333334,21.741639999999997,9.410226666666667,15.521233333333331,4.030853333333333,2007.0,5201.45,3302.09,888.42,2830.64,463.21,1632.0,0.0
1,129.0,28.8748,35.749300000000005,78.58749999999999,90.4725,31.469900000000003,21.4195,25.5762,7.5257999999999985,2007.0,129.0,2.1797,26.894399999999997,0.0,33.3853,15.331999999999999,8.4679,14.073999999999998,1.2952,2007.0,129.0,17.58310666666667,31.70106,12.050226666666667,61.20178666666666,24.95034666666667,14.90802,19.846426666666662,4.298780000000001,2007.0,6844.54,4541.92,599.35,3212.11,322.9,1258.55,0.06
2,145.0,30.736400000000003,34.93320000000001,20.4357,87.9961,29.670199999999998,20.073300000000003,24.1863,6.2547,2007.0,145.0,7.193,25.1567,0.0,30.6814,20.2289,7.105300000000001,13.7653,1.7551999999999999,2007.0,145.0,20.06938666666667,31.514799999999994,4.191933333333334,64.62388666666666,25.06062,15.12698,20.030600000000003,3.85786,2007.0,7451.04,5103.8,491.31,3421.35,271.06,965.79,0.03
3,161.0,31.787499999999998,34.34,8.1064,76.78399999999999,34.695499999999996,23.2087,27.433899999999998,8.744299999999999,2007.0,161.0,12.9424,26.541399999999996,0.0,35.4658,24.4455,10.478200000000001,19.0719,1.6341999999999999,2007.0,161.0,25.11484,31.608480000000004,1.6501733333333333,49.577206666666655,29.71938,16.841920000000002,23.256413333333334,3.9372266666666667,2007.0,7520.09,5499.57,529.49,3773.65,292.56,1108.97,0.18
4,177.0,29.3792,36.8351,14.7583,74.6915,32.7941,21.833,26.043699999999998,3.8930000000000002,2007.0,177.0,9.1312,31.906299999999998,0.0,43.466699999999996,26.9874,14.901299999999999,21.070600000000002,1.4687000000000001,2007.0,177.0,21.493686666666665,34.29640666666666,3.3846,59.325373333333346,29.713713333333335,18.099600000000002,23.847406666666668,2.5620533333333335,2007.0,7314.99,5322.57,577.18,3729.61,316.98,1213.0,0.05
5,193.0,29.1963,38.3275,11.583300000000001,66.5819,36.459599999999995,23.7188,29.190999999999995,5.2362,2007.0,193.0,18.927599999999998,30.0634,0.0,36.7582,28.5165,16.6342,22.5376,1.3258,2007.0,193.0,25.96452666666667,34.58645333333333,3.1933466666666668,48.89286666666666,32.89857333333333,20.157533333333333,26.28138666666667,3.2853666666666674,2007.0,7353.84,5096.18,528.86,3479.79,289.3,1120.15,0.0
6,209.0,27.9806,39.2038,31.7074,71.1592,34.6409,23.627699999999997,27.967400000000005,3.3439,2007.0,209.0,16.2761,31.8202,0.0,38.4146,29.1773,16.3924,23.840000000000003,1.3447,2007.0,209.0,24.22896666666667,36.068906666666656,3.628166666666667,48.63170666666667,32.69634666666666,20.417493333333333,26.55938666666666,2.37214,2007.0,6627.05,4199.87,601.25,2975.2,325.77,1170.01,0.04
7,225.0,25.7525,39.8108,51.4751,84.0563,36.3326,24.3517,28.332200000000004,4.1409,2007.0,225.0,10.058800000000002,35.4927,0.0,54.9541,28.9553,17.5464,24.025599999999997,0.8306,2007.0,225.0,20.665613333333333,37.734113333333326,12.515086666666667,69.57004666666666,32.73614666666667,21.50502666666667,26.39502666666667,2.4405933333333336,2007.0,7803.93,5323.01,418.91,3453.92,233.5,849.64,0.0
8,241.0,24.096200000000003,37.9231,35.0492,85.977,33.6726,23.3051,25.778200000000002,4.972899999999999,2007.0,241.0,11.5733,29.035700000000002,0.0,44.330799999999996,24.6528,11.4581,19.4636,0.8349,2007.0,241.0,20.231278571428568,33.41983333333334,4.846986666666666,66.30587333333332,28.978886666666668,17.1151,22.89623333333334,2.5327666666666664,2007.0,7838.11,5279.79,409.8,3404.97,227.81,884.3,0.0
9,257.0,22.0894,36.106300000000005,28.0298,75.23089999999999,30.3413,20.6064,24.7564,6.026,2007.0,257.0,5.4415,25.1873,0.0,35.0985,18.3472,2.2324,11.036100000000001,1.1656,2007.0,257.0,18.268906666666666,31.19816,3.2051866666666666,58.486566666666675,25.375099999999996,13.563793333333333,19.278693333333337,3.6163333333333334,2007.0,7541.58,5011.88,459.5,3300.64,255.76,895.43,0.0
10,273.0,19.0426,36.373599999999996,29.465600000000002,90.38480000000001,31.739800000000002,21.8048,24.5972,6.0805,2007.0,273.0,3.3607,26.856299999999997,0.0,36.5334,20.4348,6.166399999999999,13.520700000000001,1.391,2007.0,273.0,14.097013333333333,32.14230666666666,4.17504,66.54153333333332,25.408939999999998,14.112973333333331,19.805679999999995,3.624746666666667,2007.0,7225.81,4498.93,474.16,2999.43,248.17,895.61,0.0
11,289.0,16.435699999999997,32.913199999999996,36.033100000000005,92.961,21.1601,13.247,15.735800000000001,6.9955,2007.0,289.0,3.9919000000000002,23.2336,0.0,69.4574,10.3559,3.1225,7.771000000000001,0.9295,2007.0,289.0,10.188913333333332,29.44054,8.27974,79.94176,15.814466666666668,8.888526666666666,12.143106666666668,4.107853333333334,2007.0,6456.33,3921.24,583.86,2790.69,306.9,1159.46,0.0
12,305.0,13.965200000000001,30.2008,0.7102,89.4588,20.6707,10.3104,14.802800000000001,7.0565999999999995,2007.0,305.0,5.610200000000001,18.9488,0.0,37.4677,6.6403,-6.6328,1.6612,1.7982,2007.0,305.0,11.400257142857145,23.606319999999997,0.08620666666666667,54.362,13.298433333333335,2.944606666666666,7.97238,3.5699733333333334,2007.0,5948.76,3602.76,672.07,2716.45,351.88,1255.82,0.0
