,DOY,INSgdmax,RADmax,RAINmax,RHmax,TMAXmax,TMINmax,Tmax,WINDmax,YEAR,DOY,INSgdmin,RADmin,RAINmin,RHmin,TMAXmin,TMINmin,Tmin,WINDmin,YEAR,DOY,INSgdmean,RADmean,RAINmean,RHmean,TMAXmean,TMINmean,Tmean,WINDmean,YEAR,NDVI,EVI,RED,NIR,BLUE,MIR,pixrel
0,113.0,28.7136,32.2022,38.3746,94.486,30.004400000000004,15.7914,22.737000000000002,6.4897,2007.0,113.0,3.1249000000000002,24.021300000000004,0.0,39.0847,11.6711,3.07,10.049800000000001,1.5864000000000003,2007.0,113.0,20.048339999999996,28.16252,5.164373333333334,59.052673333333324,22.069146666666665,9.489180000000001,15.904013333333335,3.679733333333333,2007.0,5307.8,1913.02,387.33,1308.23,238.45,680.19,0.0
1,129.0,29.0556,35.5738,36.3231,91.4653,31.9952,20.3504,25.551699999999997,6.9261,2007.0,129.0,1.3536000000000001,26.631100000000004,0.0,34.9156,15.030199999999999,10.3843,14.1012,0.8431,2007.0,129.0,17.639406666666666,32.19760000000001,6.742813333333332,61.77972,25.488693333333334,15.282326666666666,20.318439999999995,3.8611266666666664,2007.0,5745.13,2274.94,382.83,1492.27,239.56,666.4,0.0
2,145.0,31.066200000000002,35.631,14.799,79.2561,31.300800000000002,20.9269,25.522100000000002,6.2645,2007.0,145.0,10.7786,24.3273,0.0,30.2102,22.218200000000003,7.6348,16.0655,1.8159999999999998,2007.0,145.0,20.994780000000002,32.310833333333335,2.1404333333333336,55.671886666666666,27.26217333333333,16.342466666666667,21.714486666666666,3.7043333333333326,2007.0,6529.75,2831.83,328.79,1691.83,242.36,529.11,0.07
3,161.0,31.9174,35.5176,20.9352,62.8203,35.8789,23.408099999999997,29.6969,8.365400000000001,2007.0,161.0,8.8506,27.601000000000003,0.0,33.136799999999994,25.374900000000004,9.1088,19.981500000000004,1.4438000000000002,2007.0,161.0,25.02141333333333,32.39311333333333,2.8495733333333333,44.25432000000001,31.410019999999996,17.36819333333333,24.516986666666664,3.4942333333333337,2007.0,6562.29,3058.6,350.99,1796.86,317.99,466.19,0.37
4,177.0,28.8376,37.0728,21.7046,73.13860000000001,34.778000000000006,21.6858,27.020200000000003,4.2209,2007.0,177.0,10.0062,32.1138,0.0,37.014599999999994,27.4493,14.6349,21.927,1.4615,2007.0,177.0,21.31438666666667,34.702133333333336,4.451573333333333,56.56554,30.990266666666674,18.773600000000002,24.755033333333337,2.3347533333333335,2007.0,7202.99,3264.73,283.04,1881.42,210.33,479.07,0.41
5,193.0,29.0989,38.38,16.3263,64.8299,36.630300000000005,24.235999999999997,30.102200000000003,4.588699999999999,2007.0,193.0,13.237100000000002,31.5375,0.0,36.4057,29.161800000000003,15.9712,23.258000000000003,1.9184999999999999,2007.0,193.0,24.2397,34.939193333333336,4.860666666666667,47.43719333333333,33.59237333333333,20.54349333333333,26.862146666666668,3.2484666666666664,2007.0,7180.72,3139.17,264.95,1804.0,184.11,475.45,0.0
6,209.0,28.1702,39.6076,14.742700000000001,62.8683,35.856,24.192700000000002,28.940400000000004,3.1264,2007.0,209.0,14.2521,30.5587,0.0,34.0826,30.630899999999997,15.537600000000001,22.858200000000004,1.2578999999999998,2007.0,209.0,23.66558,35.59231333333333,2.1229933333333335,45.61628,33.83051333333333,20.34174,26.891206666666662,2.124146666666667,2007.0,7252.44,3022.58,247.0,1710.98,173.76,444.4,0.01
7,225.0,25.659000000000002,39.8698,37.4039,86.2384,38.762699999999995,25.0449,29.8313,3.632,2007.0,225.0,7.572900000000001,35.3429,0.0,48.908199999999994,29.308300000000003,18.310200000000002,25.3816,1.0281000000000002,2007.0,225.0,20.154626666666665,37.869146666666666,8.538820000000001,64.23796666666667,34.13947333333333,22.38746666666667,27.624940000000002,2.2580133333333334,2007.0,7348.89,2672.47,206.26,1460.72,150.51,330.07,0.07
8,241.0,24.001200000000004,36.9987,33.7394,88.863,35.1814,23.9698,26.6301,3.7565999999999997,2007.0,241.0,14.0579,29.5652,0.0,41.0321,25.7504,13.1083,20.5929,1.3736,2007.0,241.0,20.696599999999997,33.43503333333333,4.624953333333334,64.48144666666667,30.200406666666666,17.899253333333334,23.77799333333333,2.268393333333333,2007.0,7392.71,2625.27,207.41,1462.1,124.94,338.06,0.17
9,257.0,22.147199999999998,35.6024,16.4109,80.4537,32.7962,21.973399999999998,26.691499999999998,5.0056,2007.0,257.0,10.9925,26.636300000000002,0.0,34.8159,18.4691,4.1495,11.9618,1.3054000000000001,2007.0,257.0,19.76976666666667,31.66256,1.5047666666666668,53.40288000000001,27.02808,15.130333333333333,21.08625333333333,3.15608,2007.0,6463.78,2179.28,269.1,1311.95,156.68,343.93,0.0
10,273.0,19.301299999999998,36.1311,27.5051,87.6618,32.9726,23.350499999999997,26.1177,5.4325,2007.0,273.0,4.7105999999999995,26.850500000000004,0.0,36.946,20.2841,8.895500000000002,14.9633,1.4682,2007.0,273.0,14.739786666666667,32.161413333333336,4.673933333333334,64.94380666666666,26.978919999999995,15.125079999999997,21.11436666666667,3.150973333333334,2007.0,6106.29,1661.28,221.3,978.34,143.93,388.09,0.0
11,289.0,16.653599999999997,32.8426,37.1725,85.1147,24.965899999999998,16.8934,19.9267,6.748800000000001,2007.0,289.0,3.6700999999999997,23.756099999999996,0.0,53.8875,12.522599999999999,5.0974,9.3915,1.408,2007.0,289.0,10.841553333333334,29.230900000000005,4.769033333333334,69.54920000000001,18.826633333333337,10.240479999999998,14.15206666666667,4.27548,2007.0,6062.72,1731.28,314.45,1113.53,226.4,445.61,0.34
12,305.0,13.9086,30.8375,1.7720000000000002,85.8688,20.4664,10.4592,14.904600000000002,6.2664,2007.0,305.0,5.1805,19.3624,0.0,36.0278,7.2581,-4.2844999999999995,2.5106,1.4627999999999999,2007.0,305.0,11.817907142857141,24.270273333333332,0.15101333333333333,50.001326666666664,14.23818,3.9829066666666666,8.979086666666666,3.2720999999999996,2007.0,5676.56,1763.85,340.25,1158.39,239.21,482.04,0.38
