,DOY,INSgdmax,RADmax,RAINmax,RHmax,TMAXmax,TMINmax,Tmax,WINDmax,YEAR,DOY,INSgdmin,RADmin,RAINmin,RHmin,TMAXmin,TMINmin,Tmin,WINDmin,YEAR,DOY,INSgdmean,RADmean,RAINmean,RHmean,TMAXmean,TMINmean,Tmean,WINDmean,YEAR,NDVI,EVI,RED,NIR,BLUE,MIR,pixrel
0,113.0,28.51,32.62,40.96,90.77,29.9,16.41,22.83,7.06,2007.0,113.0,3.82,24.48,0.0,43.32,12.71,3.47,9.1,1.59,2007.0,113.0,19.610666666666667,28.266666666666673,4.554666666666666,58.85133333333335,22.33666666666666,10.113333333333333,16.163999999999998,4.211333333333333,2007.0,3169.44,2048.24,1432.23,2740.2,699.67,2657.35,0.18
1,129.0,29.48,35.57,105.57,91.93,31.59,20.46,24.73,7.15,2007.0,129.0,1.19,27.18,0.0,35.14,16.05,8.1,15.04,1.1,2007.0,129.0,18.441333333333333,31.960000000000004,13.09,64.818,25.077333333333332,15.052666666666669,20.006666666666668,4.104666666666668,2007.0,3732.44,2523.26,1369.14,2984.03,664.45,2917.13,0.87
2,145.0,29.84,34.78,29.45,88.47,29.75,20.08,24.3,6.7,2007.0,145.0,8.89,25.34,0.0,31.54,20.32,6.76,13.83,1.6,2007.0,145.0,19.11066666666666,31.861333333333338,4.437333333333333,67.86600000000001,24.811333333333334,15.195333333333336,19.931333333333335,3.911333333333333,2007.0,4751.51,3165.3,1044.35,2962.85,524.72,2070.46,0.81
3,161.0,32.04,34.96,4.97,83.47,34.32,22.85,27.19,9.01,2007.0,161.0,10.37,27.0,0.0,37.47,24.73,10.77,18.84,1.62,2007.0,161.0,24.570666666666668,32.227999999999994,1.4080000000000001,53.995333333333335,29.264,17.058666666666667,22.95,4.021333333333333,2007.0,5447.57,3836.61,1006.16,3384.7,509.48,2196.51,0.12
4,177.0,29.38,37.04,14.56,77.58,32.15,21.38,25.61,3.23,2007.0,177.0,8.42,32.98,0.0,46.76,27.58,14.49,21.26,1.02,2007.0,177.0,22.33666666666667,34.79466666666667,3.11,62.952666666666666,29.664,18.263333333333335,23.78333333333334,2.603333333333333,2007.0,6795.07,4834.38,678.54,3566.9,357.37,1534.09,0.07
5,193.0,29.23,38.2,10.41,64.41,35.22,22.47,28.07,4.8,2007.0,193.0,20.52,31.61,0.0,37.14,29.18,17.07,22.66,1.24,2007.0,193.0,26.31333333333333,34.99866666666667,2.1993333333333336,50.800666666666665,33.07933333333334,20.125333333333334,26.334666666666667,3.1093333333333337,2007.0,7313.84,5179.75,554.65,3601.34,295.28,1178.53,0.0
6,209.0,26.57,40.0,10.77,72.49,34.12,23.34,27.76,3.81,2007.0,209.0,13.03,34.78,0.0,44.06,29.93,18.93,25.76,1.24,2007.0,209.0,22.804666666666673,37.402,1.575333333333333,53.755333333333326,32.55733333333333,20.72266666666667,26.477999999999998,2.434,2007.0,8460.72,6760.3,363.53,4481.62,199.05,844.5,0.74
7,225.0,25.88,40.25,41.31,85.17,37.66,24.14,28.75,4.32,2007.0,225.0,10.91,36.61,0.0,54.19,29.26,19.8,24.99,0.97,2007.0,225.0,21.890666666666664,38.190666666666665,5.569333333333333,69.164,33.63,22.06933333333334,26.969333333333335,2.634666666666667,2007.0,8461.05,6244.7,324.48,3980.24,178.67,683.47,0.71
8,241.0,24.08,37.37,24.97,84.73,32.81,23.34,25.87,5.05,2007.0,241.0,11.59,29.38,0.0,45.06,24.72,12.1,19.79,0.87,2007.0,241.0,20.41071428571428,34.065999999999995,5.166666666666668,68.472,28.880666666666663,17.402666666666665,22.942666666666664,2.606,2007.0,7634.81,5380.83,470.66,3606.16,255.26,890.36,0.0
9,257.0,22.21,36.54,17.72,75.67,29.25,20.1,23.91,5.9,2007.0,257.0,5.26,28.19,0.0,36.22,18.77,2.89,11.76,1.17,2007.0,257.0,17.509333333333334,32.366,2.530666666666667,61.462666666666664,25.538,14.210666666666667,19.63533333333333,3.6959999999999997,2007.0,5646.4,3677.23,835.46,3007.9,430.27,1410.41,0.0
10,273.0,19.26,37.01,28.96,91.16,32.05,22.09,24.88,6.72,2007.0,273.0,6.8,27.0,0.0,35.89,21.48,6.37,14.19,1.24,2007.0,273.0,14.633333333333336,32.65,3.6500000000000004,66.17333333333333,25.87933333333334,14.627999999999997,20.15666666666667,3.824,2007.0,4497.62,2513.11,882.95,2337.4,410.39,1581.95,0.0
11,289.0,16.6,33.08,61.63,92.33,21.11,13.44,15.7,6.8,2007.0,289.0,4.36,23.87,0.0,70.46,11.23,3.28,7.77,1.1,2007.0,289.0,10.678000000000003,29.04200000000001,9.09,80.53,16.418,9.098,12.436666666666666,4.220666666666666,2007.0,3997.99,1969.02,776.2,1854.78,378.93,1648.07,0.0
12,305.0,14.22,30.46,0.0,84.22,20.85,10.73,14.9,6.79,2007.0,305.0,6.73,19.37,0.0,38.2,7.16,-6.75,2.21,1.63,2007.0,305.0,11.893571428571429,23.767999999999997,0.0,53.62333333333333,13.948666666666666,2.985999999999999,8.316,3.4760000000000004,2007.0,3356.11,1823.13,1057.24,2117.14,515.32,2089.21,0.0
