,DOY,INSgdmax,RADmax,RAINmax,RHmax,TMAXmax,TMINmax,Tmax,WINDmax,YEAR,DOY,INSgdmin,RADmin,RAINmin,RHmin,TMAXmin,TMINmin,Tmin,WINDmin,YEAR,DOY,INSgdmean,RADmean,RAINmean,RHmean,TMAXmean,TMINmean,Tmean,WINDmean,YEAR,NDVI,EVI,RED,NIR,BLUE,MIR,pixrel
0,113.0,28.6647,31.951999999999998,43.436800000000005,93.52090000000001,29.914600000000004,15.653400000000001,22.5991,6.636,2007.0,113.0,3.3819999999999997,24.044400000000003,0.0,40.9279,11.075600000000001,3.0976,9.3001,1.5962,2007.0,113.0,20.075133333333333,28.052073333333336,7.103433333333333,59.02147333333334,22.05994,9.501793333333334,15.869420000000002,3.739213333333333,2007.0,4965.72,3054.28,888.0,2676.5,454.85,1707.44,0.01
1,129.0,29.4732,35.728300000000004,63.2439,91.7336,32.2061,20.6652,25.1386,7.045400000000001,2007.0,129.0,1.2311,26.510600000000004,0.0,34.8536,15.261199999999999,9.0824,14.363599999999998,0.8199000000000001,2007.0,129.0,17.54703333333333,32.06918666666667,10.0003,62.907113333333335,25.47518,15.091913333333334,20.209899999999998,3.877086666666666,2007.0,7038.35,4723.24,561.67,3277.04,303.07,1152.59,0.12
2,145.0,31.075000000000003,35.067800000000005,16.1267,83.3512,30.4077,20.3187,24.691200000000002,5.9492,2007.0,145.0,7.752699999999999,24.148900000000005,0.0,31.4165,20.912,7.8575,15.549300000000002,1.534,2007.0,145.0,20.626306666666668,32.03989333333334,2.4230400000000003,59.620000000000005,26.442726666666665,15.819186666666663,21.01477333333333,3.6898799999999996,2007.0,7759.43,5966.92,505.27,4119.1,272.47,1046.54,0.02
3,161.0,32.0667,34.956,16.198600000000003,66.68639999999999,35.3381,23.1543,28.890900000000002,8.3806,2007.0,161.0,9.6644,27.037799999999997,0.0,34.2308,25.3192,9.6618,19.9067,1.5293,2007.0,161.0,25.01376,32.148093333333335,2.0382733333333336,46.70545333333334,30.752093333333328,17.161406666666668,24.04604666666667,3.6208599999999995,2007.0,7683.4,5688.29,495.74,3855.6,272.78,1054.59,0.03
4,177.0,29.008599999999998,37.12689999999999,21.5837,74.39789999999999,33.8952,21.2993,26.4243,3.7750999999999997,2007.0,177.0,9.667700000000002,32.3189,0.0,38.9786,27.340600000000002,15.1945,21.7201,1.4373,2007.0,177.0,20.94626666666667,34.70961333333334,4.597359999999999,58.63373999999999,30.470526666666665,18.61022666666667,24.460013333333336,2.3516266666666668,2007.0,7591.77,5632.53,526.04,3879.37,287.21,1124.72,0.0
5,193.0,29.27,38.3294,15.894599999999999,63.9513,36.3782,23.8367,29.5829,4.6369,2007.0,193.0,13.118599999999999,31.39,0.0,36.611599999999996,29.166099999999993,16.229,23.112399999999997,1.7541,2007.0,193.0,24.43406,34.96614,4.650146666666667,48.102193333333325,33.47331333333332,20.39508,26.71988,3.2155066666666667,2007.0,7658.23,5432.37,473.16,3636.12,258.63,1012.62,0.0
6,209.0,28.1988,39.8108,26.069,64.47399999999999,35.3532,23.9283,28.5824,3.1684,2007.0,209.0,15.712200000000001,31.1796,0.0,33.8861,30.7981,16.549300000000002,23.7015,1.3010000000000002,2007.0,209.0,23.706626666666665,36.107519999999994,3.3656800000000002,46.07452666666667,33.595413333333326,20.450586666666666,26.937846666666665,2.207446666666667,2007.0,7267.2,4749.39,494.02,3184.02,268.9,978.86,0.0
7,225.0,25.6736,39.873400000000004,49.1429,85.108,38.9135,24.911,29.661199999999997,3.7983000000000002,2007.0,225.0,8.9679,35.8742,0.0,51.7814,29.4224,18.555,25.164099999999998,1.1412,2007.0,225.0,20.483646666666665,38.03376,8.703173333333336,65.63279333333334,33.9496,22.308540000000004,27.491160000000004,2.3706333333333336,2007.0,8160.52,5639.48,355.54,3573.54,199.55,752.84,0.0
8,241.0,24.19,37.0998,42.49159999999999,89.691,34.659299999999995,23.7894,26.3402,4.0204,2007.0,241.0,14.3368,29.8152,0.0,42.422000000000004,24.8139,12.8026,20.3341,1.3132000000000001,2007.0,241.0,20.488621428571427,33.648959999999995,5.652046666666666,66.0917,29.644133333333325,17.681033333333332,23.416106666666664,2.2934533333333333,2007.0,8220.43,5520.53,334.06,3451.01,185.07,756.07,0.0
9,257.0,22.1253,35.57170000000001,24.928800000000003,77.5065,32.39789999999999,21.0989,26.026699999999998,5.1897,2007.0,257.0,8.251,26.9314,0.0,34.1832,18.8022,3.4288,11.9201,1.2953000000000001,2007.0,257.0,19.26278,31.933066666666665,2.2079200000000005,55.092299999999994,26.711599999999997,14.707066666666666,20.607619999999997,3.2454133333333335,2007.0,7779.23,5063.09,401.75,3245.28,222.49,783.55,0.0
10,273.0,19.243900000000004,36.0428,31.2514,90.0284,32.7888,22.649699999999996,25.4295,5.672000000000001,2007.0,273.0,3.9130999999999996,27.3458,0.0,36.966499999999996,20.409599999999998,8.3839,14.357999999999999,1.4133,2007.0,273.0,14.530953333333333,32.32558,4.73196,66.05725333333334,26.44186,14.62223333333333,20.584113333333335,3.23698,2007.0,7461.88,4534.3,416.8,2928.45,217.15,776.64,0.0
11,289.0,16.63,32.8014,43.0127,89.441,23.481,15.620999999999999,18.343400000000003,6.56,2007.0,289.0,4.0875,23.264699999999998,0.0,59.7227,11.695899999999998,3.8367,8.7405,1.2302,2007.0,289.0,10.83808,29.132800000000003,5.996766666666667,74.23564666666667,17.712080000000004,9.683146666666666,13.322726666666668,4.155293333333333,2007.0,6420.43,3741.61,559.6,2633.64,293.15,1027.02,0.0
12,305.0,14.1984,31.1489,1.0010000000000001,86.5966,20.4992,10.0067,14.933099999999998,6.315300000000001,2007.0,305.0,6.055299999999999,19.1592,0.0,37.183099999999996,7.442500000000001,-5.6621,2.2594,1.5054,2007.0,305.0,11.87225,23.993266666666663,0.07751333333333334,51.75872,14.059466666666665,3.342193333333333,8.583426666666666,3.2441866666666663,2007.0,5580.73,3181.81,686.92,2478.64,348.66,1226.12,0.0
