,DOY,INSgdmax,RADmax,RAINmax,RHmax,TMAXmax,TMINmax,Tmax,WINDmax,YEAR,DOY,INSgdmin,RADmin,RAINmin,RHmin,TMAXmin,TMINmin,Tmin,WINDmin,YEAR,DOY,INSgdmean,RADmean,RAINmean,RHmean,TMAXmean,TMINmean,Tmean,WINDmean,YEAR,NDVI,EVI,RED,NIR,BLUE,MIR,pixrel
0,113.0,27.667599999999997,30.3661,30.9726,66.78720000000001,29.697400000000002,14.3123,20.5018,4.9912,2007.0,113.0,5.0468,24.0957,0.0,33.9629,11.298,1.2368000000000001,8.6563,1.0842,2007.0,113.0,19.715200000000003,27.37762,4.8104466666666665,50.97903999999999,20.203200000000006,7.806206666666666,13.971979999999999,3.3255066666666657,2007.0,4342.07,2045.6,712.07,1812.83,356.84,1374.23,0.0
1,129.0,26.756100000000004,32.5499,22.4382,65.84960000000001,31.562600000000003,20.9234,26.017599999999995,6.300400000000001,2007.0,129.0,6.0739,24.727,0.0,27.2018,19.0016,8.5867,14.2841,1.5710000000000002,2007.0,129.0,17.915233333333337,29.756653333333333,4.2097999999999995,44.84680666666665,24.569593333333334,13.789913333333335,18.89270666666667,3.8469466666666667,2007.0,5314.17,2631.68,613.85,2021.13,319.31,1194.84,0.0
2,145.0,31.3418,35.0839,25.5368,83.5031,28.1385,19.6132,23.483499999999996,5.5931,2007.0,145.0,7.3873,24.8545,0.0,28.686,19.889699999999998,6.3724,12.7535,1.3763999999999998,2007.0,145.0,18.459633333333336,30.868906666666668,4.7089066666666675,58.43378666666667,24.623019999999997,13.647733333333331,19.172493333333335,3.7404800000000002,2007.0,7603.56,4671.83,396.88,2974.91,218.94,705.72,0.54
3,161.0,30.393,35.026900000000005,16.6911,71.02440000000001,32.5447,22.8486,26.785900000000005,7.6247,2007.0,161.0,12.750399999999999,26.9663,0.0,31.872700000000002,21.3501,11.1374,16.8069,1.5371000000000001,2007.0,161.0,24.18173333333334,31.051419999999997,2.9729133333333335,47.53666,28.845386666666666,16.70458,22.75227333333333,3.700226666666667,2007.0,8097.65,5344.81,326.58,3324.16,181.5,658.9,0.0
4,177.0,31.539999999999996,35.6358,18.6283,69.564,31.447200000000002,21.8414,26.379099999999998,5.4759,2007.0,177.0,5.449200000000001,27.237,0.0,40.926300000000005,22.734100000000005,11.337900000000001,19.0874,0.9596,2007.0,177.0,22.683020000000006,32.77158,3.847846666666667,53.58835333333333,27.89742666666666,16.51414,22.30936,2.737086666666667,2007.0,8213.15,5483.86,313.46,3404.93,171.85,645.85,0.03
5,193.0,28.1038,37.280699999999996,20.5292,80.32300000000001,35.7945,23.1516,28.412,4.9253,2007.0,193.0,13.549299999999999,29.823,0.0,38.2996,25.9142,14.900400000000001,20.3806,1.4415,2007.0,193.0,25.233979999999995,33.35483333333333,4.0542533333333335,51.576713333333345,30.104013333333334,18.341486666666665,23.976313333333337,3.1441466666666664,2007.0,8250.46,5165.13,281.58,3124.57,158.28,550.7,0.17
6,209.0,27.411899999999996,37.375099999999996,17.8197,79.6319,34.047200000000004,22.9401,27.4552,3.5203999999999995,2007.0,209.0,5.166100000000001,30.681400000000004,0.0,36.593599999999995,27.1514,12.573200000000002,20.187000000000005,1.087,2007.0,209.0,22.522153333333335,34.17465333333333,2.729226666666667,51.44048666666667,30.838886666666667,18.814866666666667,24.716920000000002,2.250066666666666,2007.0,8135.18,5320.82,321.37,3303.79,176.51,669.19,0.03
7,225.0,25.115499999999997,38.3301,35.6147,84.9058,32.870400000000004,23.277800000000003,27.0242,3.6329,2007.0,225.0,5.234,30.982300000000002,0.0,43.4763,20.476000000000003,13.4554,17.3171,1.4877,2007.0,225.0,18.188793333333336,35.24376,11.028006666666666,66.16734666666667,29.528039999999997,18.607779999999998,23.528686666666662,2.623966666666666,2007.0,7991.37,5010.43,324.3,3095.09,172.64,677.9,0.0
8,241.0,22.8693,37.349199999999996,69.902,85.1718,32.029599999999995,22.031799999999997,24.996699999999997,4.6365,2007.0,241.0,6.781499999999999,27.789999999999996,0.0,49.4982,23.720200000000002,10.8891,18.370199999999997,1.2814999999999999,2007.0,241.0,19.12060714285714,32.62428666666666,9.35342,64.35292666666668,28.217420000000004,16.705906666666667,22.26060666666667,2.5063866666666663,2007.0,7786.21,4532.16,333.17,2775.53,182.42,643.33,0.15
9,257.0,21.501899999999996,36.0488,22.4595,78.8426,29.5301,19.8294,24.2076,6.457800000000001,2007.0,257.0,5.1702,24.070700000000002,0.0,37.4393,16.2071,2.067,9.849499999999999,1.4527999999999999,2007.0,257.0,16.47796,29.860166666666668,3.842286666666667,58.107499999999995,23.12235333333333,11.855433333333334,17.49115333333333,3.63722,2007.0,6777.0,3324.43,403.25,2154.37,201.11,616.88,0.09
10,273.0,18.4113,36.165499999999994,35.0638,90.02910000000001,29.024699999999996,21.6212,24.0187,4.9502999999999995,2007.0,273.0,3.7038,24.8099,0.0,38.65,17.8121,7.7246,12.8229,1.9502,2007.0,273.0,12.13306,31.305533333333333,5.418526666666666,65.8417,24.199193333333334,14.411740000000002,19.112940000000002,3.479873333333333,2007.0,5981.44,2744.74,465.09,1890.67,234.01,715.37,0.0
11,289.0,13.650400000000001,32.7938,23.2304,91.43239999999999,18.5379,12.538799999999998,15.172800000000002,6.319,2007.0,289.0,2.5169,22.5876,0.0,71.27780000000001,8.5977,2.8573999999999997,6.0966,0.8081,2007.0,289.0,8.051813333333335,28.89734666666667,5.732140000000001,81.00495333333333,14.174739999999998,7.108780000000001,10.541813333333334,3.4970666666666665,2007.0,5092.6,1892.03,432.83,1392.3,211.21,893.75,2.55
12,305.0,13.133200000000002,28.302500000000002,0.3809,90.3442,19.6087,9.3537,14.0304,6.0709,2007.0,305.0,5.7143999999999995,21.0948,0.0,37.842400000000005,3.1068,-3.7899,-0.08549999999999999,1.4671,2007.0,305.0,10.171114285714285,23.51648666666667,0.027606666666666668,56.444539999999996,10.830853333333334,2.7377266666666675,6.518666666666666,3.526626666666667,2007.0,4932.95,1965.51,495.33,1496.49,245.66,970.32,0.41
