,DOY,INSgdmax,RADmax,RAINmax,RHmax,TMAXmax,TMINmax,Tmax,WINDmax,YEAR,DOY,INSgdmin,RADmin,RAINmin,RHmin,TMAXmin,TMINmin,Tmin,WINDmin,YEAR,DOY,INSgdmean,RADmean,RAINmean,RHmean,TMAXmean,TMINmean,Tmean,WINDmean,YEAR,NDVI,EVI,RED,NIR,BLUE,MIR,pixrel
0,113.0,28.58,32.26,54.34,91.08,29.93,16.1,22.73,6.79,2007.0,113.0,4.46,24.26,0.0,43.8,11.63,3.19,9.2,1.55,2007.0,113.0,20.018666666666668,28.13266666666666,7.5166666666666675,58.57333333333335,22.171333333333333,9.811333333333332,15.987999999999998,3.8593333333333337,2007.0,5002.04,3178.65,918.01,2782.64,485.48,1653.38,0.01
1,129.0,28.58,35.89,82.44,91.98,31.49,20.85,25.0,7.03,2007.0,129.0,0.9,26.68,0.0,34.33,15.6,8.22,14.61,0.92,2007.0,129.0,17.53933333333333,32.11333333333333,13.344666666666665,63.076,25.372000000000003,15.127333333333333,20.20733333333333,3.918666666666667,2007.0,6226.17,4160.51,737.31,3159.56,396.0,1599.65,0.4
2,145.0,31.46,34.96,28.67,86.77,29.63,20.08,24.26,5.98,2007.0,145.0,6.59,24.48,0.0,31.07,20.45,8.05,14.71,1.38,2007.0,145.0,19.344000000000005,31.889999999999997,4.205333333333334,63.932000000000016,25.561333333333334,15.555333333333335,20.445999999999994,3.7073333333333327,2007.0,6887.66,4797.66,614.11,3431.4,333.37,1258.26,0.18
3,161.0,32.29,34.34,6.82,77.99,34.93,23.47,27.99,8.55,2007.0,161.0,9.11,26.93,0.0,34.97,25.35,10.17,19.36,1.46,2007.0,161.0,24.946000000000005,32.00333333333333,1.3026666666666669,49.870666666666665,29.88866666666667,17.036666666666665,23.486000000000004,3.7353333333333323,2007.0,6852.73,4882.46,664.57,3558.7,359.52,1450.55,0.37
4,177.0,28.87,37.15,17.11,75.73,33.31,21.23,25.97,3.29,2007.0,177.0,8.89,32.65,0.0,43.46,27.51,15.31,21.62,1.06,2007.0,177.0,21.244000000000007,34.84,4.827333333333333,60.434,29.994666666666667,18.537333333333333,24.19,2.417333333333333,2007.0,7467.22,5523.43,557.83,3849.11,306.1,1200.39,0.22
5,193.0,29.27,38.16,13.6,64.19,35.87,23.29,28.99,4.66,2007.0,193.0,16.06,31.39,0.0,35.78,29.22,16.46,23.02,1.5,2007.0,193.0,25.144000000000005,35.031333333333336,3.682,48.98666666666666,33.18533333333333,20.340666666666667,26.58333333333333,3.144666666666667,2007.0,7501.32,5393.38,519.84,3677.23,288.99,1114.62,0.01
6,209.0,27.86,39.78,25.53,66.63,34.46,24.09,28.49,3.23,2007.0,209.0,15.05,33.12,0.0,35.48,30.39,17.25,24.51,1.07,2007.0,209.0,23.900666666666666,36.69066666666666,3.3266666666666667,47.39533333333334,33.20733333333333,20.787333333333333,27.04,2.299333333333333,2007.0,7499.24,5222.8,490.74,3516.03,270.58,967.41,0.05
7,225.0,25.92,40.32,63.18,84.8,38.49,24.68,29.23,3.96,2007.0,225.0,10.3,36.29,0.0,53.46,28.56,18.94,24.91,0.71,2007.0,225.0,21.14533333333333,38.06866666666666,11.224666666666668,67.14866666666666,33.734,22.281333333333336,27.305333333333337,2.455333333333334,2007.0,7996.61,5792.39,414.82,3791.14,232.55,810.15,0.0
8,241.0,24.19,37.3,17.79,87.92,33.82,23.62,26.14,4.39,2007.0,241.0,12.92,29.23,0.0,43.5,24.76,12.51,20.08,1.19,2007.0,241.0,20.548571428571428,33.766,3.398,66.95666666666666,29.202666666666666,17.519333333333336,23.20666666666667,2.378666666666667,2007.0,7786.37,5463.47,438.84,3597.06,243.19,898.55,0.0
9,257.0,22.21,36.18,30.75,76.39,31.42,20.66,25.48,5.49,2007.0,257.0,6.48,27.07,0.0,34.06,18.91,3.09,11.82,1.38,2007.0,257.0,18.533333333333335,32.14866666666667,2.6986666666666665,57.256,26.136666666666667,14.409333333333334,20.166666666666668,3.3706666666666667,2007.0,7269.0,4960.31,530.93,3381.87,296.38,952.4,0.0
10,273.0,19.19,36.32,33.7,90.09,32.45,22.18,25.16,5.98,2007.0,273.0,3.89,26.93,0.0,35.85,20.81,7.56,14.05,1.19,2007.0,273.0,14.295333333333334,32.438,4.4126666666666665,66.18866666666666,26.06866666666666,14.542666666666667,20.316666666666663,3.3853333333333326,2007.0,6703.71,4147.46,558.35,2906.69,279.65,1027.39,0.0
11,289.0,16.63,32.94,54.17,90.75,22.48,13.85,17.25,6.56,2007.0,289.0,4.28,23.18,0.0,63.95,11.18,3.29,8.24,1.03,2007.0,289.0,10.809333333333335,29.15333333333333,7.796,77.31,17.016,9.408,12.903333333333334,4.092666666666667,2007.0,5713.36,3493.72,722.41,2708.12,381.26,1379.34,0.0
12,305.0,14.26,30.71,0.0,87.69,20.53,10.23,14.91,6.4,2007.0,305.0,6.91,19.19,0.0,37.93,7.25,-7.41,2.09,1.49,2007.0,305.0,11.875000000000002,23.854666666666667,0.0,53.245333333333335,13.925999999999998,3.046,8.387333333333334,3.262666666666667,2007.0,5181.39,3199.81,858.47,2711.96,447.64,1543.88,0.0
