,DOY,INSgdmax,RADmax,RAINmax,RHmax,TMAXmax,TMINmax,Tmax,WINDmax,YEAR,DOY,INSgdmin,RADmin,RAINmin,RHmin,TMAXmin,TMINmin,Tmin,WINDmin,YEAR,DOY,INSgdmean,RADmean,RAINmean,RHmean,TMAXmean,TMINmean,Tmean,WINDmean,YEAR,NDVI,EVI,RED,NIR,BLUE,MIR,pixrel
0,113.0,28.244,31.704,38.146,91.31200000000001,30.0,15.695999999999998,22.61,7.2780000000000005,2007.0,113.0,2.344,24.344,0.0,45.71000000000001,12.809999999999999,3.962,9.207999999999998,2.006,2007.0,113.0,20.180400000000002,28.23746666666667,5.413333333333333,60.75626666666666,21.523733333333332,9.617333333333331,15.587866666666665,4.562266666666666,2007.0,4084.49,2338.87,989.02,2345.27,487.97,1895.7,0.1
1,129.0,29.482,35.252,67.568,91.83000000000001,30.618000000000002,19.422,24.444000000000003,7.867999999999999,2007.0,129.0,5.268,26.948,0.0,39.182,16.340000000000003,8.056,14.692,1.3239999999999998,2007.0,129.0,18.91293333333333,31.454933333333337,9.973066666666668,66.2872,24.161733333333338,14.320666666666668,19.182133333333333,4.457066666666666,2007.0,4187.14,2817.25,1287.86,3063.38,623.22,2696.03,0.43
2,145.0,29.866,35.042,33.806,88.22399999999999,29.701999999999998,19.573999999999998,23.992,7.768000000000001,2007.0,145.0,8.834,26.821999999999996,0.0,34.266,18.882,5.981999999999999,13.002,1.726,2007.0,145.0,19.35493333333333,31.699866666666665,6.771866666666667,69.65693333333334,24.096,14.435866666666666,19.22226666666667,4.297599999999999,2007.0,4907.2,3363.07,1090.85,3162.81,543.72,2326.19,0.22
3,161.0,30.972,35.3,11.23,81.612,33.653999999999996,21.086,25.282,9.538,2007.0,161.0,9.928,26.708,0.0,37.356,23.772,11.559999999999999,17.952,1.7120000000000002,2007.0,161.0,24.28053333333333,32.175999999999995,2.0232,58.181866666666664,28.272266666666663,16.664266666666666,22.170533333333335,4.4370666666666665,2007.0,6142.91,4562.17,899.99,3744.51,462.42,1933.6,0.02
4,177.0,30.352,36.634,7.794,79.858,30.83,21.494,25.125999999999998,3.776,2007.0,177.0,13.112,31.508,0.0,46.062,27.188,13.432,20.663999999999998,1.6360000000000001,2007.0,177.0,23.630533333333332,34.062666666666665,2.1554666666666664,63.55733333333333,29.22226666666667,17.711866666666666,23.056933333333333,2.9048,2007.0,7289.27,5411.07,597.78,3855.32,318.9,1268.06,0.0
5,193.0,28.984,38.57,13.562,65.732,36.486000000000004,22.15,27.980000000000004,5.1419999999999995,2007.0,193.0,19.508000000000003,30.92,0.0,39.11,28.471999999999998,16.686,22.098,1.1320000000000001,2007.0,193.0,26.314533333333333,34.824666666666666,2.3384,51.27586666666667,33.0152,19.851333333333336,25.930933333333332,3.2591999999999994,2007.0,7555.47,5535.66,523.17,3813.07,279.4,1093.24,0.0
6,209.0,26.496000000000002,38.974000000000004,18.998,80.744,33.69800000000001,21.722,26.72,4.546,2007.0,209.0,15.265999999999998,34.888000000000005,0.0,47.306,28.08,16.95,23.938000000000002,1.414,2007.0,209.0,22.5552,36.831599999999995,3.4048000000000003,63.58666666666667,31.362000000000002,19.8696,25.1436,2.7185333333333332,2007.0,8330.45,5966.46,338.77,3796.68,183.87,769.87,0.0
7,225.0,25.617999999999995,39.286,56.67400000000001,86.02,35.44800000000001,22.955999999999996,27.692,4.6659999999999995,2007.0,225.0,9.248,35.974000000000004,0.0,60.858000000000004,29.319999999999997,18.433999999999997,23.818000000000005,1.8699999999999999,2007.0,225.0,20.465333333333334,37.81106666666667,12.620933333333333,73.6568,32.48093333333333,21.045466666666666,25.848933333333335,2.7956000000000003,2007.0,8200.72,5734.19,350.68,3648.84,189.8,749.67,0.77
8,241.0,23.54,37.752,36.024,85.018,32.532000000000004,22.375999999999998,25.218,5.878,2007.0,241.0,8.725999999999999,29.672,0.0,49.093999999999994,24.704,11.518,18.668000000000003,0.9699999999999999,2007.0,241.0,19.886714285714284,34.2128,5.567466666666666,69.99893333333333,28.38906666666667,16.797200000000004,22.31706666666667,3.0912,2007.0,8006.46,5485.75,381.88,3517.83,207.71,820.64,0.0
9,257.0,22.006,35.918000000000006,15.616,82.44200000000001,27.868000000000002,18.782,22.634,6.623999999999999,2007.0,257.0,5.926,26.846,0.0,37.92999999999999,17.154,1.686,10.442,0.918,2007.0,257.0,16.8768,31.977999999999998,3.4730666666666665,66.47319999999999,23.939866666666664,12.961466666666666,18.204933333333337,4.142666666666667,2007.0,5331.04,2944.09,710.68,2359.92,346.69,1315.66,0.0
10,273.0,18.922,35.818,23.18,90.536,30.96,20.706,23.848,7.9719999999999995,2007.0,273.0,7.916,27.016,0.0,38.672,20.62,4.816000000000001,13.634,2.186,2007.0,273.0,15.281333333333334,32.20786666666667,4.2136,66.82866666666668,25.316000000000003,13.771733333333334,19.45253333333333,4.5904,2007.0,4865.8,2615.22,763.15,2233.18,358.89,1432.41,0.0
11,289.0,16.58,33.548,53.720000000000006,95.01400000000001,20.298000000000002,12.111999999999998,14.473999999999997,7.106,2007.0,289.0,2.902,24.206000000000003,0.0,73.72800000000001,10.54,3.6160000000000005,7.254,1.322,2007.0,289.0,10.590133333333334,28.90333333333333,10.628133333333333,83.47853333333333,15.2512,8.443200000000001,11.520133333333334,4.260800000000001,2007.0,4142.37,1982.03,751.57,1836.87,359.36,1677.42,0.0
12,305.0,14.204,28.903999999999996,7.077999999999999,82.168,20.354,10.760000000000002,14.306000000000001,7.554,2007.0,305.0,7.214,19.32,0.0,37.934,6.356,-6.426,2.0780000000000003,1.424,2007.0,305.0,11.667000000000002,23.598933333333335,0.4813333333333333,54.06746666666666,13.566533333333332,2.7,7.817866666666666,3.8748000000000005,2007.0,3592.28,1904.67,979.42,2077.31,473.83,1969.07,0.0
