,DOY,INSgdmax,RADmax,RAINmax,RHmax,TMAXmax,TMINmax,Tmax,WINDmax,YEAR,DOY,INSgdmin,RADmin,RAINmin,RHmin,TMAXmin,TMINmin,Tmin,WINDmin,YEAR,DOY,INSgdmean,RADmean,RAINmean,RHmean,TMAXmean,TMINmean,Tmean,WINDmean,YEAR,NDVI,EVI,RED,NIR,BLUE,MIR,pixrel
0,113.0,28.300000000000004,31.5974,48.188199999999995,92.9974,29.4407,15.253899999999998,21.6562,7.278699999999999,2007.0,113.0,2.0167,24.2251,0.0,40.0501,9.1298,2.9166000000000003,7.8544,1.3852,2007.0,113.0,19.636926666666668,27.95124666666667,6.904826666666668,59.21839333333333,21.318379999999998,8.770426666666665,15.095499999999998,3.809313333333333,2007.0,4278.51,1861.3,596.13,1584.61,308.27,1088.63,0.05
1,129.0,27.927999999999997,35.4667,45.4028,85.26989999999999,32.0373,21.7305,26.097199999999997,7.4674000000000005,2007.0,129.0,1.4617,26.516000000000002,0.0,33.7358,15.2473,9.7655,13.787899999999999,1.3483,2007.0,129.0,17.254786666666664,31.389519999999997,7.589853333333334,56.80853333333333,25.066319999999997,14.908113333333334,19.86423333333333,4.247446666666666,2007.0,4642.18,2139.74,520.16,1641.68,288.01,968.44,0.01
2,145.0,31.0826,35.599599999999995,16.7389,84.5172,30.0452,20.607499999999998,24.3981,6.2464,2007.0,145.0,9.1739,24.5458,0.0,29.448900000000002,21.1044,7.9231,14.807300000000001,2.2329999999999997,2007.0,145.0,20.96766666666667,31.454073333333334,3.2644600000000006,58.48399333333333,26.054873333333326,15.53726,20.82195333333334,3.8265599999999993,2007.0,6543.54,3755.66,484.43,2443.85,386.48,705.85,1.54
3,161.0,31.519099999999998,35.006600000000006,13.6621,64.0231,35.2466,23.2556,28.7581,8.415199999999999,2007.0,161.0,14.261800000000001,26.8699,0.0,33.4275,23.971799999999998,10.0106,19.2594,1.7725,2007.0,161.0,24.551413333333336,31.67528,2.4825733333333333,45.40365333333334,30.585519999999995,17.124519999999997,23.963433333333334,3.7286,2007.0,7044.92,4074.62,317.29,2498.29,208.81,566.12,0.04
4,177.0,30.7768,36.956,17.765,72.3022,33.5518,21.3861,26.707099999999997,4.7268,2007.0,177.0,7.770099999999999,30.756700000000002,0.0,40.0366,26.2692,13.9543,20.5794,1.2842000000000002,2007.0,177.0,21.6921,34.03628666666666,4.473906666666667,56.910619999999994,29.987726666666674,17.82804,23.948913333333337,2.4834533333333333,2007.0,7265.51,4135.86,294.1,2501.19,197.27,511.25,0.01
5,193.0,28.9226,38.4709,18.3666,66.6825,37.1972,24.628999999999998,30.0302,5.3566,2007.0,193.0,15.9298,30.0397,0.0,35.9237,28.1665,16.6153,22.2569,1.8231000000000002,2007.0,193.0,25.296840000000003,34.54572,4.410593333333334,47.80696666666666,33.01918666666667,20.167253333333335,26.32714,3.3426866666666664,2007.0,7035.73,4032.25,302.45,2444.28,203.45,535.49,0.04
6,209.0,27.995,38.8924,14.4725,69.6275,35.4632,23.5799,28.3115,2.8914000000000004,2007.0,209.0,12.401899999999998,30.233300000000003,0.0,35.8039,29.014,14.3003,21.8541,1.4504,2007.0,209.0,23.756373333333332,35.092393333333334,2.3092933333333336,46.78804,32.89440666666667,19.79308,26.285193333333332,2.1319266666666667,2007.0,7351.1,3851.57,256.1,2265.98,164.08,458.79,0.02
7,225.0,25.651699999999998,39.27250000000001,29.850700000000003,83.75139999999999,35.7299,24.494400000000002,28.3771,3.8939,2007.0,225.0,7.506099999999999,34.0734,0.0,50.670300000000005,29.835500000000003,16.679,23.4564,1.3101,2007.0,225.0,19.760593333333333,37.301246666666664,9.689726666666665,68.67504000000001,32.49131333333333,21.364446666666666,26.19104,2.2764733333333336,2007.0,7378.94,3754.27,279.59,2224.05,183.87,446.3,0.78
8,241.0,23.8684,37.5843,38.2324,86.9718,34.0654,23.4634,25.872,4.5526,2007.0,241.0,9.9048,29.051,0.0,42.274699999999996,24.9192,11.7771,19.9709,0.9517,2007.0,241.0,20.164535714285712,33.19904666666666,5.541499999999999,65.03855999999999,29.361833333333337,17.284200000000002,23.112746666666666,2.37084,2007.0,6956.37,3545.14,294.23,2124.74,187.11,502.51,0.0
9,257.0,22.0576,36.0102,21.4357,76.7208,31.817999999999998,21.4873,26.0866,5.9005,2007.0,257.0,4.3123000000000005,24.7314,0.0,36.7725,17.5498,2.7118,10.8938,1.2217,2007.0,257.0,18.887686666666667,30.738546666666668,2.3780666666666663,54.559566666666676,25.928733333333327,13.675526666666666,19.750433333333334,3.49864,2007.0,6057.79,2677.01,332.09,1709.55,172.29,396.38,0.04
10,273.0,18.995800000000003,36.651599999999995,29.7202,87.2745,31.5963,22.5142,25.2817,5.718399999999999,2007.0,273.0,4.008100000000001,26.2676,0.0,37.8047,19.439799999999998,8.0107,13.7592,1.6561999999999997,2007.0,273.0,13.658600000000003,32.09528666666667,4.6894800000000005,65.55506,25.83703333333333,14.331573333333333,20.173893333333332,3.41052,2007.0,5089.22,2102.6,424.88,1507.35,238.08,591.35,0.1
11,289.0,16.2,32.869,22.0689,87.79929999999999,21.575599999999998,14.371200000000002,17.155099999999997,7.0428,2007.0,289.0,3.8758,23.013399999999997,0.0,64.932,11.394200000000001,3.4515,8.346400000000001,1.1482,2007.0,289.0,9.6056,29.309526666666663,6.19294,75.52060666666668,16.575033333333334,9.122539999999999,12.667886666666668,4.136126666666666,2007.0,4923.03,1640.07,318.6,1111.29,178.34,546.75,0.02
12,305.0,13.72,30.9289,0.7430000000000001,85.8351,20.7987,10.289,15.1369,6.9436,2007.0,305.0,4.893599999999999,19.128099999999996,0.0,35.594899999999996,6.137500000000001,-3.8029,1.8937,1.9344999999999999,2007.0,305.0,11.225328571428571,23.89332,0.05098,51.93954000000001,13.235186666666667,3.553726666666667,8.273733333333332,3.5967666666666664,2007.0,4788.15,1659.59,358.86,1166.89,202.84,666.88,0.2
