,DOY,INSgdmax,RADmax,RAINmax,RHmax,TMAXmax,TMINmax,Tmax,WINDmax,YEAR,DOY,INSgdmin,RADmin,RAINmin,RHmin,TMAXmin,TMINmin,Tmin,WINDmin,YEAR,DOY,INSgdmean,RADmean,RAINmean,RHmean,TMAXmean,TMINmean,Tmean,WINDmean,YEAR,NDVI,EVI,RED,NIR,BLUE,MIR,pixrel
0,113.0,28.0,30.873799999999996,43.33,87.153,28.3944,14.7988,20.8512,6.184799999999999,2007.0,113.0,3.0924,24.332800000000002,0.0,38.988400000000006,8.7536,2.0492,7.5424,1.321,2007.0,113.0,19.52281333333334,27.77357333333333,4.465346666666666,58.393333333333324,20.33953333333334,8.029266666666667,14.184093333333333,3.51348,2007.0,4687.3,1990.76,584.89,1611.76,302.28,1155.35,0.0
1,129.0,27.9708,33.3958,25.038800000000002,68.79480000000001,31.396400000000003,21.0,26.223999999999997,6.7078,2007.0,129.0,3.5738,25.167999999999996,0.0,32.331,18.4266,9.8262,14.782999999999998,1.4074,2007.0,129.0,18.603426666666664,30.396346666666666,4.469373333333333,47.70393333333334,25.197426666666665,14.4532,19.672106666666664,3.9806399999999993,2007.0,5343.43,2479.35,564.2,1858.59,301.01,1126.49,0.0
2,145.0,31.166800000000002,35.538199999999996,25.289200000000005,77.6116,29.3602,20.7302,24.522399999999998,6.3414,2007.0,145.0,8.8478,25.1528,0.0,27.573800000000002,20.9918,7.7088,14.4408,1.6398,2007.0,145.0,20.47045333333333,31.147746666666663,3.4598933333333335,55.641053333333346,26.04084,15.128280000000002,20.58416,3.6956933333333333,2007.0,7272.91,4073.41,397.91,2572.26,227.11,742.13,0.8
3,161.0,30.836199999999998,35.5574,17.9834,66.5308,34.5322,22.861000000000004,27.7578,7.972000000000001,2007.0,161.0,10.9498,26.901,0.0,32.3606,22.732799999999997,10.34,17.854400000000002,1.7147999999999999,2007.0,161.0,24.07528,31.55352,3.4784933333333337,45.97594666666667,29.975733333333334,16.88314666666667,23.504493333333336,3.5204133333333334,2007.0,8070.19,4870.13,286.98,2925.85,167.59,619.87,0.0
4,176.99999999999997,31.8078,36.002,30.5858,72.43720000000002,33.508199999999995,21.373600000000003,26.7716,5.1682,2007.0,176.99999999999997,5.4858,28.7074,0.0,41.0162,25.4822,12.275800000000002,19.7246,0.8916,2007.0,176.99999999999997,21.99294666666667,33.27213333333333,5.197666666666667,55.08297333333333,29.17113333333333,17.21988,23.20409333333334,2.5510533333333334,2007.0,8187.34,5043.98,269.07,3014.66,160.71,603.83,0.0
5,193.00000000000003,28.4496,37.6196,30.9126,74.4756,37.2778,24.7868,30.1756,5.547,2007.0,193.00000000000003,14.172,30.381199999999996,0.0,36.8654,27.1408,15.3766,21.257200000000005,1.2518,2007.0,193.00000000000003,24.227400000000003,33.93101333333334,4.2508799999999995,49.59819999999999,31.850786666666668,19.374706666666665,25.364426666666667,3.1405333333333334,2007.0,8316.16,4837.29,254.21,2852.2,148.54,530.14,0.2
6,209.0,27.2204,37.7658,14.0598,75.75380000000001,35.087599999999995,23.2818,28.29,2.8966000000000003,2007.0,209.0,6.1558,30.6464,0.0,37.634,27.3552,12.783000000000001,20.1208,0.7426,2007.0,209.0,23.38202666666666,34.33596000000001,2.4061066666666666,49.137933333333336,31.994333333333334,18.97842666666667,25.365426666666668,2.0124,2007.0,8164.25,4903.53,279.76,2940.38,162.81,597.79,0.08
7,225.0,25.5146,39.0698,41.663199999999996,83.814,34.647999999999996,24.204600000000003,27.9814,3.5008,2007.0,225.0,8.693,32.249,0.0,47.5782,26.610600000000005,15.361399999999998,21.1898,1.3364,2007.0,225.0,18.283893333333328,36.57359999999999,12.536053333333333,67.50074666666666,31.30473333333333,20.444426666666672,25.25653333333333,2.2865733333333336,2007.0,7968.43,4654.29,292.46,2793.74,166.66,615.24,0.0
8,241.0,23.398600000000002,37.439,25.957200000000004,86.5478,33.4224,22.995200000000004,25.8588,4.375,2007.0,241.0,8.6064,28.3252,0.0,44.444,24.2294,11.195999999999998,19.707,0.9859999999999999,2007.0,241.0,19.637542857142854,33.07434666666666,4.82704,64.42416,29.075200000000002,17.26526666666667,22.930373333333335,2.363773333333333,2007.0,7668.41,4029.73,296.98,2393.26,171.56,580.93,0.18
9,257.0,21.8292,35.58,25.669199999999996,76.30579999999999,31.836399999999998,21.7136,26.0482,6.0804,2007.0,257.0,4.035,24.840600000000002,0.0,37.388799999999996,16.7344,2.6074000000000006,10.311,1.0672000000000001,2007.0,257.0,18.044119999999996,30.312399999999997,2.8902933333333336,54.16684,24.9308,12.908493333333334,19.019786666666672,3.455840000000001,2007.0,6931.77,2983.62,322.9,1831.68,161.31,495.22,0.03
10,273.0,18.7034,36.72259999999999,34.6598,86.9828,30.516599999999997,22.5438,25.466400000000004,5.2303999999999995,2007.0,273.0,4.0232,26.1146,0.0,37.8124,18.673199999999998,8.2448,13.695199999999998,1.9254,2007.0,273.0,13.48708,31.70652,4.524546666666666,64.53734666666665,25.497999999999998,14.655706666666667,20.08524,3.3696666666666673,2007.0,5962.07,2477.21,417.09,1658.6,224.92,625.62,0.0
11,288.99999999999994,15.898600000000002,33.1654,18.9264,84.3916,21.5934,13.7368,17.2574,6.7749999999999995,2007.0,288.99999999999994,3.387,22.996199999999998,0.0,62.941199999999995,10.436200000000001,3.5744,7.4374,1.0916000000000001,2007.0,288.99999999999994,8.63992,29.2584,4.61428,74.83786666666666,16.290746666666664,8.480706666666665,12.34754666666667,3.841693333333333,2007.0,5506.21,1813.83,351.94,1226.04,179.53,721.79,0.0
12,305.0,13.366,29.968200000000003,2.1799999999999997,89.123,20.506800000000002,10.0364,14.9002,6.381399999999999,2007.0,305.0,4.7492,20.8632,0.0,36.093399999999995,4.4548,-3.1218,1.2939999999999998,1.9049999999999998,2007.0,305.0,10.791242857142857,23.796413333333334,0.22364000000000006,52.56433333333333,12.257506666666668,3.4515199999999995,7.717853333333333,3.5649600000000006,2007.0,5475.37,1844.42,371.69,1263.99,193.08,766.31,0.01
