,DOY,INSgdmax,RADmax,RAINmax,RHmax,TMAXmax,TMINmax,Tmax,WINDmax,YEAR,DOY,INSgdmin,RADmin,RAINmin,RHmin,TMAXmin,TMINmin,Tmin,WINDmin,YEAR,DOY,INSgdmean,RADmean,RAINmean,RHmean,TMAXmean,TMINmean,Tmean,WINDmean,YEAR,NDVI,EVI,RED,NIR,BLUE,MIR,pixrel
0,113.0,28.01,30.38,41.23,86.13,28.42,14.47,20.81,6.52,2007.0,113.0,1.73,23.69,0.0,42.15,10.01,2.62,7.87,1.33,2007.0,113.0,19.926666666666666,27.49666666666666,4.898666666666667,57.900666666666666,20.812,8.307333333333332,14.56,3.7060000000000004,2007.0,5458.97,2556.51,570.59,1918.12,285.33,1052.18,0.0
1,129.0,27.72,34.24,39.09,76.15,31.78,22.25,26.66,7.76,2007.0,129.0,4.75,25.13,0.0,33.21,17.69,9.7,14.71,1.73,2007.0,129.0,17.694000000000003,30.592,6.824000000000001,51.11733333333334,25.064666666666664,14.839333333333334,19.746,4.461333333333333,2007.0,5964.41,2943.75,540.62,2103.41,275.18,976.61,0.0
2,145.0,31.93,35.03,12.14,85.5,29.04,19.98,23.53,6.16,2007.0,145.0,8.39,26.21,0.0,29.31,19.84,6.66,12.91,1.76,2007.0,145.0,20.576,31.004666666666665,2.2826666666666666,61.472,24.915333333333333,14.765333333333336,19.817333333333334,3.8153333333333337,2007.0,6828.37,4170.7,539.76,2818.13,358.63,871.66,1.39
3,161.0,30.46,35.1,6.63,67.74,34.1,23.83,27.46,8.57,2007.0,161.0,13.25,26.57,0.0,34.18,22.87,11.11,18.58,1.69,2007.0,161.0,24.9,31.092,1.6246666666666667,47.50333333333334,29.719333333333342,16.926,23.292666666666666,3.958,2007.0,7702.06,4601.0,366.14,2862.52,204.92,650.81,0.0
4,177.0,31.75,36.5,20.16,78.0,31.9,21.59,26.7,5.26,2007.0,177.0,6.44,28.51,0.0,41.98,25.76,12.54,20.36,0.9,2007.0,177.0,22.50333333333333,32.89933333333334,2.9560000000000004,56.748666666666665,28.994000000000007,17.12933333333333,23.14266666666667,2.648,2007.0,8032.62,4609.32,300.19,2754.7,170.68,562.81,0.0
5,193.0,28.73,37.76,33.91,74.88,37.33,24.45,29.71,5.74,2007.0,193.0,15.66,29.12,0.0,38.08,27.22,15.66,21.38,1.1,2007.0,193.0,25.314,33.662,4.918666666666667,50.498000000000005,31.796666666666667,19.281333333333336,25.30333333333333,3.270666666666666,2007.0,7930.05,4521.09,316.6,2729.4,175.55,576.71,0.0
6,209.0,27.9,38.23,16.45,75.07,34.75,22.88,27.66,3.03,2007.0,209.0,8.57,29.48,0.0,38.03,27.79,12.95,20.56,1.12,2007.0,209.0,23.214666666666673,34.41866666666667,2.8873333333333333,49.62733333333333,31.890666666666664,19.281999999999996,25.56866666666666,2.2806666666666664,2007.0,7963.48,4557.68,314.01,2751.76,174.46,579.22,0.39
7,225.0,25.56,38.99,32.49,83.5,34.2,23.54,27.78,3.95,2007.0,225.0,11.05,33.3,0.0,51.77,27.06,15.21,20.44,1.37,2007.0,225.0,19.204666666666665,36.436666666666675,8.448666666666666,69.72666666666666,31.156000000000002,20.011333333333333,24.807333333333336,2.376,2007.0,7906.76,4268.59,300.88,2548.52,167.39,538.5,0.47
8,241.0,23.47,37.69,61.48,86.66,33.02,22.41,25.44,5.11,2007.0,241.0,9.11,28.04,0.0,46.52,24.67,10.44,18.8,0.92,2007.0,241.0,19.827142857142857,33.01466666666667,7.013333333333333,65.53066666666668,28.752000000000002,16.577999999999996,22.482000000000003,2.548666666666667,2007.0,7670.81,4080.3,326.99,2460.65,183.28,578.56,0.0
9,257.0,21.82,36.22,23.09,74.68,30.22,20.07,24.61,6.75,2007.0,257.0,4.43,24.95,0.0,40.28,16.97,1.79,9.94,0.96,2007.0,257.0,18.038000000000004,30.084,3.5860000000000003,58.61466666666667,24.372666666666667,12.134666666666668,18.23066666666666,3.733333333333333,2007.0,7045.79,3138.79,341.7,1945.25,167.69,528.78,0.0
10,273.0,18.54,36.43,28.99,90.51,29.98,21.62,24.15,5.71,2007.0,273.0,3.24,26.24,0.0,38.87,19.05,6.59,13.14,1.86,2007.0,273.0,12.890666666666668,31.871333333333332,4.120666666666667,66.85199999999999,24.562,13.95,19.342,3.6533333333333333,2007.0,6163.64,2755.63,446.95,1860.74,233.63,688.24,0.01
11,289.0,15.95,32.62,27.13,90.87,18.4,11.97,15.32,7.26,2007.0,289.0,3.24,22.97,0.0,72.54,9.82,2.72,7.26,0.83,2007.0,289.0,8.922666666666666,29.38733333333333,6.295333333333335,81.88933333333333,14.484000000000002,7.885999999999999,11.259333333333332,3.917333333333333,2007.0,5947.58,2154.86,362.96,1421.82,179.39,623.07,0.0
12,305.0,13.57,29.74,0.17,90.58,20.56,9.87,14.53,7.22,2007.0,305.0,5.94,19.69,0.0,37.67,4.83,-3.5,0.89,1.96,2007.0,305.0,10.937142857142858,23.502666666666663,0.011333333333333332,56.406666666666666,11.952,3.016666666666666,7.274,3.7353333333333323,2007.0,5970.81,2138.27,367.93,1418.96,180.52,714.06,0.0
