,DOY,INSgdmax,RADmax,RAINmax,RHmax,TMAXmax,TMINmax,Tmax,WINDmax,YEAR,DOY,INSgdmin,RADmin,RAINmin,RHmin,TMAXmin,TMINmin,Tmin,WINDmin,YEAR,DOY,INSgdmean,RADmean,RAINmean,RHmean,TMAXmean,TMINmean,Tmean,WINDmean,YEAR,NDVI,EVI,RED,NIR,BLUE,MIR,pixrel
0,113.0,28.1653,31.471000000000004,42.8825,91.19210000000001,30.016999999999996,15.5955,22.5584,7.3369,2007.0000000000002,113.0,2.5008,24.1122,0.0,46.0331,12.5966,3.9231999999999996,9.075199999999999,2.0834,2007.0000000000002,113.0,20.260473333333334,28.161526666666667,5.952706666666667,60.52455333333334,21.441126666666666,9.541386666666666,15.501380000000001,4.5364,2007.0000000000002,3231.65,2057.9,1395.98,2712.12,671.34,2613.24,0.35
1,129.0,29.450499999999998,35.1675,69.81029999999998,91.9354,30.693,19.6201,24.636100000000003,7.8965000000000005,2007.0000000000002,129.0,5.2775,26.780800000000003,0.0,37.9051,16.1789,8.1194,14.493199999999998,1.3501999999999998,2007.0000000000002,129.0,18.767846666666664,31.351413333333333,10.662900000000002,65.52850000000001,24.177993333333333,14.332826666666666,19.19241333333333,4.505086666666666,2007.0000000000002,3603.68,2498.06,1489.89,3148.37,711.47,3024.26,0.87
2,145.0,29.844699999999996,34.972100000000005,33.7996,88.44430000000001,29.7408,19.5887,24.0048,7.6484,2007.0000000000002,145.0,8.874,26.7513,0.0,33.7511,18.9107,6.0145,12.972199999999999,1.7295,2007.0000000000002,145.0,19.455533333333335,31.61088666666667,6.625593333333334,69.23066666666666,24.119499999999995,14.407679999999997,19.217293333333334,4.2728866666666665,2007.0000000000002,4548.48,3222.56,1235.3,3292.14,614.49,2520.09,0.83
3,161.0,30.999399999999998,35.2226,10.7394,81.1755,33.7355,21.104,25.5038,9.5172,2007.0000000000002,161.0,11.620699999999998,26.5912,0.0,37.30030000000001,23.7785,11.4953,18.014200000000002,1.7006000000000001,2007.0000000000002,161.0,24.588586666666664,32.029239999999994,1.8537333333333335,57.19891333333334,28.39694666666666,16.603679999999997,22.22376,4.426773333333333,2007.0000000000002,5551.76,4052.89,1039.54,3601.95,528.47,2146.42,0.09
4,177.0,30.3868,36.6127,8.3741,79.31729999999999,30.9524,21.608900000000002,25.244799999999998,3.8190999999999997,2007.0000000000002,177.0,13.684399999999998,31.3664,0.0,45.533699999999996,27.111800000000002,13.575700000000001,20.6754,1.6203999999999998,2007.0000000000002,177.0,23.532946666666668,33.951519999999995,2.2600999999999996,62.73023333333333,29.26099333333333,17.698586666666667,23.08694666666667,2.902966666666667,2007.0000000000002,6953.7,5146.07,682.92,3803.32,361.93,1433.99,0.1
5,193.0,29.021500000000003,38.661500000000004,13.462400000000002,65.8905,36.5847,22.250799999999998,28.1721,5.2365,2007.0000000000002,193.0,18.8942,30.6475,0.0,38.8461,28.406399999999998,16.739,22.0899,1.1718,2007.0000000000002,193.0,26.314126666666667,34.70764666666666,2.559126666666667,50.81644,33.003993333333334,19.860153333333336,25.93304,3.2946399999999993,2007.0000000000002,7359.16,5321.32,557.83,3715.75,297.53,1170.6,0.0
6,209.0,26.579900000000002,38.935500000000005,17.8514,80.33630000000001,33.7183,21.8237,26.651999999999997,4.4642,2007.0000000000002,209.0,16.5486,34.4834,0.0,45.3305,28.0701,16.7988,23.963700000000003,1.4223,2007.0000000000002,209.0,22.88831333333333,36.67910666666667,2.940646666666667,61.95358,31.486246666666673,19.835026666666668,25.21556,2.7154933333333333,2007.0000000000002,8487.28,6627.66,349.18,4336.79,191.34,793.93,0.41
7,225.0,25.618499999999997,39.352000000000004,57.522000000000006,85.78970000000001,35.403999999999996,23.053,27.6719,4.6721,2007.0000000000002,225.0,9.0497,35.7752,0.0,61.0084,29.278200000000002,17.979699999999998,23.6554,1.7525999999999997,2007.0000000000002,225.0,20.35985333333333,37.72822,12.533726666666668,73.55813333333333,32.37118666666667,20.96166,25.76274,2.771366666666667,2007.0000000000002,8406.91,6196.47,336.01,3960.43,184.72,697.7,0.65
8,241.0,23.570400000000003,37.6979,39.1859,85.3918,32.68470000000001,22.418599999999998,25.1812,5.8556,2007.0000000000002,241.0,8.6768,29.5354,0.0,48.7743,24.7314,11.3639,18.6221,0.9658,2007.0000000000002,241.0,19.83895714285714,34.07882,5.855786666666669,69.49498666666666,28.424500000000002,16.75664666666667,22.316319999999997,3.070766666666667,2007.0000000000002,7747.69,5464.26,449.37,3623.44,244.88,888.52,0.0
9,257.0,21.9692,35.8799,15.604399999999998,81.83040000000001,27.9765,18.7119,22.665800000000004,6.607,2007.0000000000002,257.0,5.9907,26.545,0.0,37.828900000000004,17.2538,1.4686000000000001,10.3641,0.9152,2007.0000000000002,257.0,16.986053333333334,31.817679999999996,3.3367466666666665,65.81996666666666,23.91918666666667,12.845406666666667,18.146826666666666,4.122026666666667,2007.0000000000002,5553.29,3505.31,795.41,2855.22,402.72,1356.86,0.0
10,273.0,18.8945,35.764799999999994,24.2042,90.76320000000001,30.9171,20.7034,23.826,7.797000000000001,2007.0000000000002,273.0,7.396399999999999,26.9808,0.0,38.4423,20.5004,4.6667000000000005,13.515800000000002,2.1797,2007.0000000000002,273.0,15.136786666666668,32.170786666666665,4.196046666666667,66.9169,25.207646666666662,13.713186666666665,19.3731,4.533826666666666,2007.0000000000002,4493.27,2460.89,855.33,2271.74,401.73,1586.12,0.0
11,289.0,16.488999999999997,33.3826,49.8361,95.3734,20.144599999999997,12.1438,14.325499999999998,7.178699999999999,2007.0000000000002,289.0,3.0073000000000003,24.110000000000003,0.0,73.87,10.3307,3.5793999999999997,7.2132,1.2921,2007.0000000000002,289.0,10.406099999999999,28.927466666666664,9.929293333333334,83.73246666666665,15.08538,8.406046666666665,11.42192,4.2383,2007.0000000000002,3895.25,1844.18,786.11,1800.07,373.04,1714.79,0.0
12,305.0,14.141800000000002,29.026799999999998,6.226100000000001,83.3368,20.263800000000003,10.674299999999999,14.252699999999997,7.606,2007.0000000000002,305.0,6.8278,19.1947,0.0,37.9887,6.2376000000000005,-6.5456,1.9162,1.4523,2007.0000000000002,305.0,11.519157142857143,23.552693333333337,0.4269466666666666,54.404500000000006,13.417693333333332,2.66018,7.735426666666666,3.8889800000000005,2007.0000000000002,3402.42,1888.73,1071.39,2182.58,517.0,2076.09,0.0
