,DOY,INSgdmax,RADmax,RAINmax,RHmax,TMAXmax,TMINmax,Tmax,WINDmax,YEAR,DOY,INSgdmin,RADmin,RAINmin,RHmin,TMAXmin,TMINmin,Tmin,WINDmin,YEAR,DOY,INSgdmean,RADmean,RAINmean,RHmean,TMAXmean,TMINmean,Tmean,WINDmean,YEAR,NDVI,EVI,RED,NIR,BLUE,MIR,pixrel
0,113.0,28.0058,30.4016,41.3056,86.1126,28.4572,14.476,20.8388,6.538,2007.0,113.0,1.7384000000000002,23.672600000000003,0.0,42.417,10.1186,2.6350000000000002,7.918,1.3684000000000003,2007.0,113.0,19.960066666666666,27.508706666666665,5.002906666666667,57.89074666666667,20.821880000000004,8.334333333333333,14.577200000000001,3.7298400000000003,2007.0,5579.9,2580.04,545.08,1896.18,273.25,983.65,0.02
1,129.0,27.7332,34.2676,39.651,76.7938,31.7482,22.205,26.6372,7.800199999999999,2007.0,129.0,4.7134,25.1102,0.0,33.138,17.601200000000002,9.680200000000001,14.660200000000001,1.7354,2007.0,129.0,17.703080000000003,30.602959999999996,6.9262,51.43841333333334,25.02358666666666,14.818773333333333,19.72196,4.486773333333333,2007.0,6084.4,2890.44,492.42,1997.51,254.71,895.79,0.0
2,145.0,31.9324,35.010200000000005,12.4436,85.8258,29.0688,19.978800000000003,23.5288,6.1996,2007.0,145.0,8.4074,26.1794,0.0,29.377799999999997,19.8106,6.6377999999999995,12.887799999999999,1.7624,2007.0,145.0,20.57152,31.00070666666667,2.4894666666666665,61.708600000000004,24.87765333333333,14.740653333333334,19.78417333333333,3.833453333333334,2007.0,7104.42,4025.67,447.74,2610.25,275.29,735.07,1.01
3,161.0,30.559000000000005,35.0826,6.851400000000001,68.187,34.0916,23.738799999999998,27.397600000000004,8.6252,2007.0,161.0,13.4726,26.531,0.0,34.2694,22.882,11.122599999999998,18.573999999999995,1.6737999999999997,2007.0,161.0,24.9968,31.075599999999994,1.6052666666666666,47.62253333333334,29.70385333333334,16.907239999999998,23.26670666666666,3.98168,2007.0,7717.79,4573.78,360.21,2819.93,209.24,639.34,0.01
4,177.0,31.72,36.491600000000005,20.319599999999998,77.89559999999999,31.885,21.6704,26.682,5.2623999999999995,2007.0,177.0,6.5006,28.5406,0.0,42.0772,25.784000000000002,12.6138,20.366,0.9198000000000001,2007.0,177.0,22.52701333333333,32.89345333333333,2.96532,56.788466666666665,29.003280000000004,17.148173333333332,23.143506666666667,2.6622000000000003,2007.0,8140.28,4555.81,268.87,2659.95,161.11,496.29,0.0
5,193.0,28.7384,37.7816,33.84459999999999,74.898,37.3258,24.389999999999997,29.6872,5.745400000000001,2007.0,193.0,15.7182,29.159000000000002,0.0,38.0656,27.230799999999995,15.663,21.388999999999996,1.1306,2007.0,193.0,25.36208,33.67164,4.945026666666667,50.49596,31.80538666666667,19.284173333333335,25.303893333333335,3.2803866666666663,2007.0,8033.13,4499.49,287.73,2658.4,168.03,519.83,0.0
6,209.0,27.9,38.2582,16.4212,75.1876,34.724199999999996,22.866199999999996,27.6072,3.0492,2007.0,209.0,8.722999999999999,29.5322,0.0,38.1608,27.834999999999997,13.0166,20.6338,1.1440000000000001,2007.0,209.0,23.21426666666667,34.44210666666667,2.8565733333333334,49.840973333333345,31.882266666666666,19.293999999999997,25.556426666666663,2.2972666666666663,2007.0,8033.57,4683.33,304.51,2805.95,179.07,569.75,0.57
7,225.0,25.5534,39.013400000000004,34.2546,83.67219999999999,34.2012,23.499799999999997,27.771600000000003,3.9818000000000002,2007.0,225.0,10.909600000000001,33.3024,0.0,51.9236,27.1242,15.2226,20.5006,1.3616000000000001,2007.0,225.0,19.224586666666664,36.437186666666676,8.720626666666668,69.76418666666666,31.162480000000006,20.00313333333333,24.805373333333335,2.38728,2007.0,7913.63,4516.48,319.18,2726.23,184.48,579.1,0.31
8,241.0,23.476599999999998,37.729,60.371199999999995,86.70859999999999,33.0326,22.398600000000002,25.421400000000002,5.1508,2007.0,241.0,8.8376,28.0556,0.0,46.595,24.657400000000003,10.438799999999999,18.7556,0.9248000000000001,2007.0,241.0,19.8175,33.01998666666667,6.904813333333333,65.60398666666667,28.733760000000004,16.556839999999998,22.461040000000004,2.564586666666667,2007.0,7893.23,4131.7,286.37,2425.22,164.53,514.68,0.0
9,257.0,21.82,36.193599999999996,22.9046,74.8036,30.111399999999996,19.983,24.5074,6.7764,2007.0,257.0,4.518199999999999,24.934999999999995,0.0,40.2512,16.976599999999998,1.7353999999999998,9.921399999999998,0.96,2007.0,257.0,18.03356,30.090680000000003,3.6033999999999997,58.82958666666667,24.316946666666666,12.116026666666668,18.18790666666666,3.7514933333333333,2007.0,7323.71,3140.13,291.07,1863.92,148.26,451.1,0.0
10,273.0,18.544199999999996,36.4342,28.9624,90.5916,29.9872,21.585800000000003,24.1038,5.755,2007.0,273.0,3.2291999999999996,26.246599999999997,0.0,38.880199999999995,19.0116,6.437600000000001,13.1094,1.8612,2007.0,273.0,12.905826666666668,31.86897333333333,4.145786666666667,66.92548,24.535040000000002,13.920200000000001,19.313000000000002,3.6788933333333333,2007.0,6318.87,2861.39,437.44,1900.74,233.97,645.32,0.02
11,289.0,15.9542,32.6068,28.0456,91.1796,18.415599999999998,11.9442,15.246199999999998,7.287599999999999,2007.0,289.0,3.2316,22.9958,0.0,72.66,9.802,2.7446,7.2402,0.8252,2007.0,289.0,8.916226666666665,29.37553333333333,6.428413333333333,82.07269333333333,14.446800000000001,7.875279999999999,11.229173333333332,3.9285733333333335,2007.0,5693.95,2031.99,377.08,1374.65,184.68,603.68,0.0
12,305.0,13.572399999999998,29.7118,0.1976,90.649,20.4892,9.8658,14.480799999999999,7.265599999999999,2007.0,305.0,5.94,19.6426,0.0,37.7924,4.865399999999999,-3.5732,0.8894,1.9216,2007.0,305.0,10.929942857142859,23.496626666666664,0.017333333333333333,56.519106666666666,11.94588,2.988106666666666,7.25164,3.749653333333333,2007.0,6078.84,2037.37,318.27,1297.68,161.03,641.68,0.0
