,DOY,INSgdmax,RADmax,RAINmax,RHmax,TMAXmax,TMINmax,Tmax,WINDmax,YEAR,DOY,INSgdmin,RADmin,RAINmin,RHmin,TMAXmin,TMINmin,Tmin,WINDmin,YEAR,DOY,INSgdmean,RADmean,RAINmean,RHmean,TMAXmean,TMINmean,Tmean,WINDmean,YEAR,NDVI,EVI,RED,NIR,BLUE,MIR,pixrel
0,113.0,28.3,31.43,51.84,93.14,29.45,15.04,21.65,7.35,2007.0,113.0,1.84,24.16,0.0,40.76,9.26,2.96,7.78,1.41,2007.0,113.0,19.602,27.914666666666665,7.276,59.07599999999999,21.412,8.802666666666665,15.142000000000001,3.853333333333333,2007.0,4312.17,1554.05,493.64,1247.77,355.62,594.15,0.34
1,129.0,27.68,35.6,54.12,87.35,32.4,21.87,26.06,7.61,2007.0,129.0,1.44,26.64,0.0,33.37,14.99,9.44,13.76,1.37,2007.0,129.0,16.907999999999998,31.392,8.718666666666667,58.01133333333333,24.981999999999992,14.865333333333332,19.784666666666666,4.307999999999999,2007.0,4737.44,1951.05,403.11,1359.16,273.22,606.82,0.05
2,145.0,31.25,35.24,17.92,86.65,29.76,20.22,24.24,6.11,2007.0,145.0,8.96,24.8,0.0,30.01,20.72,7.61,14.24,2.14,2007.0,145.0,20.93666666666667,31.35466666666667,3.492,59.98666666666667,25.723999999999997,15.326666666666664,20.573333333333338,3.833999999999999,2007.0,6235.35,2790.37,315.01,1666.84,264.79,411.99,0.67
3,161.0,31.64,34.74,9.97,64.95,34.98,23.33,28.6,8.44,2007.0,161.0,14.33,26.78,0.0,33.66,24.04,10.24,19.34,1.85,2007.0,161.0,24.72666666666667,31.524,1.882,46.001333333333335,30.381333333333327,17.075333333333333,23.84666666666667,3.813333333333333,2007.0,6401.59,3041.07,282.24,1800.63,221.03,399.33,0.14
4,177.0,31.0,37.08,14.82,72.73,33.0,21.29,26.58,4.64,2007.0,177.0,8.17,30.89,0.0,40.39,26.17,14.1,20.66,1.34,2007.0,177.0,21.740666666666666,34.02533333333333,4.245333333333334,57.36466666666665,29.866000000000003,17.802000000000003,23.902,2.488,2007.0,6934.67,3297.13,257.11,1928.89,194.03,405.77,2.64
5,193.0,29.09,38.66,21.82,66.76,37.16,24.66,29.9,5.4,2007.0,193.0,16.99,29.77,0.0,36.15,28.12,16.73,22.26,1.82,2007.0,193.0,25.680000000000003,34.54200000000001,4.964666666666667,47.87,32.99066666666667,20.198666666666668,26.31866666666667,3.360666666666666,2007.0,6666.98,2995.35,229.84,1733.84,157.43,390.79,0.04
6,209.0,28.15,38.88,15.17,69.86,35.24,23.49,28.11,2.91,2007.0,209.0,14.11,30.1,0.0,35.59,29.2,14.57,22.13,1.5,2007.0,209.0,23.88533333333333,35.198,2.2733333333333334,46.720666666666666,32.84666666666667,19.916666666666668,26.345333333333333,2.1900000000000004,2007.0,6634.35,2780.21,237.74,1609.39,168.17,369.54,0.15
7,225.0,25.63,39.35,33.27,83.46,35.64,24.42,28.25,3.99,2007.0,225.0,8.03,34.34,0.0,51.56,29.82,16.71,23.32,1.4,2007.0,225.0,19.839333333333332,37.36799999999999,10.332666666666666,69.03133333333334,32.45266666666666,21.311333333333334,26.133999999999997,2.309333333333334,2007.0,6607.12,2494.21,206.61,1408.14,133.97,253.25,0.91
8,241.0,23.98,37.73,45.35,86.42,33.96,23.42,25.81,4.72,2007.0,241.0,11.12,29.02,0.0,42.78,25.13,11.65,19.85,0.93,2007.0,241.0,20.23428571428571,33.10666666666666,6.290666666666666,65.19066666666666,29.25333333333334,17.195333333333334,23.019333333333336,2.4026666666666667,2007.0,6318.32,2371.74,257.87,1402.93,186.77,310.52,0.31
9,257.0,22.07,36.5,24.08,75.89,31.57,21.23,25.82,6.04,2007.0,257.0,4.21,24.44,0.0,36.54,17.68,2.47,10.9,1.2,2007.0,257.0,18.709333333333333,30.775333333333332,2.6446666666666663,55.38933333333334,25.843999999999998,13.580666666666666,19.581999999999997,3.5573333333333337,2007.0,5573.96,1911.71,245.67,1206.2,130.46,270.95,5.14
10,273.0,18.94,36.54,28.04,88.22,31.68,22.26,24.95,5.83,2007.0,273.0,3.85,26.28,0.0,38.0,19.57,7.71,13.66,1.65,2007.0,273.0,13.495333333333338,32.11533333333333,4.532,65.78466666666667,25.629333333333328,14.154666666666664,19.99533333333333,3.464666666666667,2007.0,4710.12,1282.62,210.41,876.54,115.12,329.54,12.79
11,289.0,16.2,32.9,22.01,90.58,20.72,13.9,16.47,7.08,2007.0,289.0,3.82,22.97,0.0,67.97,11.14,2.94,8.21,1.08,2007.0,289.0,9.700666666666669,29.359333333333336,6.790000000000001,77.43,16.078,8.946666666666665,12.338666666666665,4.1259999999999994,2007.0,4843.21,1147.63,233.18,810.51,157.15,336.52,10.3
12,305.0,13.72,30.56,0.03,86.08,20.87,10.32,15.14,7.08,2007.0,305.0,4.1,18.97,0.0,35.66,6.37,-3.93,1.81,1.95,2007.0,305.0,11.188571428571427,23.715999999999998,0.002,52.62133333333334,13.186000000000002,3.3906666666666667,8.158,3.624666666666666,2007.0,4466.33,1126.15,260.94,881.57,181.51,377.27,18.37
