,DOY,INSgdmax,RADmax,RAINmax,RHmax,TMAXmax,TMINmax,Tmax,WINDmax,YEAR,DOY,INSgdmin,RADmin,RAINmin,RHmin,TMAXmin,TMINmin,Tmin,WINDmin,YEAR,DOY,INSgdmean,RADmean,RAINmean,RHmean,TMAXmean,TMINmean,Tmean,WINDmean,YEAR,NDVI,EVI,RED,NIR,BLUE,MIR,pixrel
0,113.0,27.9925,30.899000000000004,29.760999999999996,66.9495,29.959000000000003,14.761499999999998,21.9925,7.8229999999999995,2007.0,113.0,5.0104999999999995,22.947499999999998,0.0,35.1515,13.0775,4.282500000000001,10.135,2.5385,2007.0,113.0,20.231600000000004,27.909733333333335,5.693766666666667,54.30610000000002,20.709966666666666,8.968533333333333,14.912266666666666,4.3303666666666665,2007.0,3085.75,1517.74,906.8,1752.98,467.44,1849.27,0.0
1,129.0,29.398999999999997,33.9055,32.14,96.38,31.5185,20.242,25.229,9.1555,2007.0,129.0,3.835,23.6305,0.0,32.7915,15.054,9.313500000000001,13.1565,1.8545,2007.0,129.0,18.56216666666667,30.071199999999994,7.390633333333333,59.34020000000001,23.080433333333332,13.3538,18.318866666666665,5.1834,2007.0,4498.59,2455.94,790.97,2174.52,407.94,1596.51,0.38
2,145.0,29.018,34.2235,15.823,88.5485,29.168999999999997,19.2635,23.0365,8.109499999999999,2007.0,145.0,9.0285,26.853500000000004,0.0,36.367,14.561,5.6035,11.943499999999998,2.941,2007.0,145.0,19.646766666666668,30.925066666666666,3.832033333333333,65.22650000000002,23.7655,13.477366666666667,18.458033333333333,4.945899999999999,2007.0,6264.99,3366.28,498.03,2320.84,257.06,804.73,0.0
3,161.0,31.9675,34.673,10.9355,81.398,32.779,20.406,24.6975,9.7145,2007.0,161.0,11.038,25.0705,0.0,34.8385,22.3455,10.723,16.7095,1.163,2007.0,161.0,24.35256666666666,31.595666666666666,2.6803666666666666,56.37006666666668,28.14126666666667,15.8124,21.550266666666666,4.936166666666667,2007.0,7915.17,5567.61,401.67,3669.81,205.82,734.63,0.04
4,177.0,31.6095,35.623999999999995,9.301,86.06049999999999,31.554000000000002,21.439,24.714,5.7335,2007.0,177.0,12.977000000000002,28.407,0.0,38.09349999999999,23.72,12.479499999999998,18.166999999999998,1.3555000000000001,2007.0,177.0,26.1084,32.14593333333334,1.3842333333333334,60.759266666666655,28.084799999999994,16.6341,21.981333333333335,3.361666666666667,2007.0,7547.84,5415.45,530.67,3791.22,269.2,816.3,0.02
5,193.0,29.019999999999996,37.751999999999995,6.276,77.694,37.002500000000005,22.424500000000002,27.885,6.136499999999999,2007.0,193.0,6.475,29.827,0.0,39.5205,26.67,13.957500000000001,20.789499999999997,1.2935,2007.0,193.0,25.64593333333333,33.05266666666667,1.1217666666666668,51.383599999999994,31.2037,17.976833333333335,24.113599999999998,3.355033333333333,2007.0,6926.1,4421.42,562.03,3099.42,282.42,869.34,0.0
6,209.0,26.7175,38.874,28.375,84.50649999999999,33.1825,21.8245,25.756499999999996,5.006500000000001,2007.0,209.0,13.0,31.7255,0.0,47.782,28.283,12.756499999999999,21.432499999999997,0.7765,2007.0,209.0,22.381466666666668,34.750933333333336,3.2211000000000003,65.5264,30.513833333333338,18.0036,23.580866666666665,3.1033666666666666,2007.0,6082.72,3762.78,704.27,2863.39,337.18,1115.21,0.0
7,225.0,25.7,37.7285,37.209,91.679,33.9475,21.061999999999998,26.657500000000002,5.072999999999999,2007.0,225.0,7.5184999999999995,33.1955,0.0,57.916,24.4465,13.5025,19.1935,2.09,2007.0,225.0,16.966321428571426,35.650266666666674,13.033966666666666,72.3225,29.807066666666667,17.910700000000002,23.057633333333335,3.077166666666666,2007.0,6132.32,3894.52,719.52,2964.17,366.22,1126.3,0.45
8,241.0,23.15,37.24849999999999,21.5045,87.92850000000001,32.43,20.323999999999998,23.9005,5.4755,2007.0,241.0,5.223000000000001,27.9655,0.0,52.7965,23.0585,8.512,16.9135,1.0405,2007.0,241.0,18.631499999999996,32.64136666666667,4.281066666666668,70.44243333333333,27.327899999999996,15.428999999999998,20.86346666666667,3.227100000000001,2007.0,5875.76,3428.54,706.12,2638.81,347.86,1186.92,0.0
9,257.0,21.6445,34.450500000000005,17.843500000000002,94.40199999999999,27.573,16.306,21.068500000000004,7.5615000000000006,2007.0,257.0,4.979499999999999,24.179,0.0,43.7525,15.905000000000001,1.0535,9.1365,1.6544999999999999,2007.0,257.0,16.336933333333334,29.607033333333337,3.3183,67.3242,21.316966666666666,10.221633333333333,15.750266666666665,4.550833333333333,2007.0,4405.57,2341.7,811.67,2118.92,413.58,1335.89,0.03
10,273.0,18.0175,35.579,21.863000000000003,93.20599999999999,28.4985,19.275,21.923000000000002,9.0845,2007.0,273.0,6.5649999999999995,26.732000000000003,0.0,39.693,16.3765,4.678000000000001,12.226500000000001,2.9065000000000003,2007.0,273.0,13.258299999999998,31.12766666666666,5.123266666666668,67.98819999999999,23.4586,12.530533333333333,17.8442,5.0879,2007.0,4158.29,1948.58,704.45,1750.09,359.46,1368.19,0.0
11,289.0,15.59,31.788499999999996,49.4925,99.988,18.0045,8.817499999999999,11.427999999999999,8.026,2007.0,289.0,2.8615,22.5215,0.0,78.2155,8.1795,3.7155,5.9455,1.29,2007.0,289.0,8.929499999999999,28.228766666666672,7.408133333333334,87.90493333333332,12.379133333333334,6.491200000000001,9.360133333333334,4.1567333333333325,2007.0,4066.33,1743.57,635.63,1547.76,322.66,1243.08,0.0
12,305.0,13.07,29.049999999999997,1.9429999999999996,85.4815,16.1755,8.7615,11.772,8.4805,2007.0,305.0,5.436,20.0825,0.0,43.214999999999996,3.596,-4.8614999999999995,0.1355,1.3755000000000002,2007.0,305.0,10.001785714285713,23.474466666666665,0.2711,62.425900000000006,10.831166666666665,1.3338666666666668,5.781033333333333,4.320433333333334,2007.0,3624.02,1658.5,759.45,1651.85,385.34,1486.71,0.01
