,DOY,INSgdmax,RADmax,RAINmax,RHmax,TMAXmax,TMINmax,Tmax,WINDmax,YEAR,DOY,INSgdmin,RADmin,RAINmin,RHmin,TMAXmin,TMINmin,Tmin,WINDmin,YEAR,DOY,INSgdmean,RADmean,RAINmean,RHmean,TMAXmean,TMINmean,Tmean,WINDmean,YEAR,NDVI,EVI,RED,NIR,BLUE,MIR,pixrel
0,113.0,28.1428,30.947200000000002,52.4336,91.4888,29.8856,15.2832,22.266799999999996,7.506399999999999,2007.0,113.0,2.0928,23.486399999999996,0.0,45.9632,11.8304,3.4348,8.4056,2.1608,2007.0,113.0,19.93117333333333,27.931066666666666,7.391306666666666,59.143973333333335,21.484586666666665,9.328106666666667,15.3416,4.27168,2007.0,5129.85,3212.7,870.25,2742.75,458.15,1622.67,0.0
1,129.0,29.2072,35.3784,78.1824,90.8272,31.231199999999998,21.1072,25.6,7.811599999999999,2007.0,129.0,3.8396,26.740000000000002,0.0,33.466,15.434,8.4704,13.924399999999999,1.454,2007.0,129.0,17.926026666666665,31.27301333333333,12.346240000000002,61.60328,24.55685333333333,14.667226666666668,19.520293333333328,4.552906666666666,2007.0,6367.59,4265.43,716.73,3203.53,381.76,1573.23,0.26
2,145.0,30.2344,34.790000000000006,31.985200000000003,89.0992,29.757600000000004,19.9088,24.0876,6.7592,2007.0,145.0,8.2752,25.900799999999997,0.0,31.056799999999996,19.7924,6.2812,13.071200000000001,1.836,2007.0,145.0,20.069253333333332,31.281466666666667,5.540453333333334,66.52986666666666,24.53736,14.66848,19.562533333333334,4.033226666666667,2007.0,7190.64,4965.32,548.61,3441.75,298.16,1087.16,0.23
3,161.0,31.6336,34.5116,10.17,78.22319999999999,34.3148,22.2272,26.822000000000003,9.110399999999998,2007.0,161.0,16.9256,26.1472,0.0,36.3028,23.994799999999998,10.8848,18.6544,1.7096,2007.0,161.0,25.481226666666664,31.375519999999998,1.6497333333333333,51.40277333333333,29.31290666666667,16.61392,22.84312,4.182613333333334,2007.0,7384.66,5563.37,583.91,3939.63,317.82,1137.87,0.95
4,177.0,29.7028,36.440799999999996,12.3416,75.3708,31.947200000000002,22.1456,25.8928,4.0288,2007.0,177.0,11.345600000000001,31.389200000000002,0.0,44.1876,26.974399999999996,14.549199999999999,20.779200000000003,1.6179999999999999,2007.0,177.0,22.164746666666666,33.77664,2.79568,59.61757333333335,29.491093333333332,17.819866666666666,23.484186666666666,2.741146666666667,2007.0,7400.32,5240.17,534.84,3603.18,291.94,1155.87,0.13
5,193.0,29.1964,38.53999999999999,10.148,67.344,36.562799999999996,23.3008,29.0196,5.5356,2007.0,193.0,18.9932,29.488,0.0,37.7652,28.2168,16.7252,22.2012,1.2972000000000001,2007.0,193.0,26.48618666666667,34.28794666666667,3.149226666666667,49.3632,32.82181333333333,19.970613333333333,26.034560000000006,3.3605600000000004,2007.0,7351.39,5125.17,535.42,3523.02,290.28,1123.84,0.25
6,209.0,27.65,38.712,22.712,76.0004,34.209999999999994,22.9268,27.0912,3.7172,2007.0,209.0,18.1176,32.245999999999995,0.0,40.437200000000004,28.2576,16.3548,23.8896,1.5059999999999998,2007.0,209.0,24.042613333333335,35.93946666666666,2.4329866666666664,52.52359999999999,32.20442666666667,20.065466666666666,25.96456,2.523093333333333,2007.0,7259.09,4832.43,512.27,3277.73,275.49,1039.77,0.23
7,225.0,25.706400000000002,39.617200000000004,49.0068,84.1268,35.29600000000001,23.909200000000002,27.7496,4.412000000000001,2007.0,225.0,8.4788,34.876400000000004,0.0,57.952,29.217599999999997,16.9588,23.480800000000002,1.0512,2007.0,225.0,20.415813333333332,37.4896,12.048266666666667,71.66573333333334,32.23114666666667,20.99752,25.806959999999997,2.544266666666667,2007.0,7857.64,5511.75,428.72,3613.78,235.27,870.44,0.0
8,241.0,23.8992,37.782799999999995,46.529599999999995,85.3528,33.412800000000004,22.994,25.428400000000003,5.4992,2007.0,241.0,10.083200000000001,28.9816,0.0,45.9516,24.7716,10.8932,18.910400000000003,0.6808,2007.0,241.0,20.047885714285712,33.40256,5.365146666666667,66.74106666666667,28.75184,16.824826666666667,22.59184,2.7625866666666665,2007.0,7651.12,5169.06,447.58,3401.61,243.77,970.21,0.0
9,257.0,21.9572,35.8256,20.8088,76.4592,29.159999999999997,19.7064,23.6408,6.4408,2007.0,257.0,5.1744,24.9568,0.0,36.286,17.7632,1.4512,10.509599999999999,0.9716,2007.0,257.0,17.713653333333333,30.96296,3.1593066666666667,61.114426666666674,24.564586666666667,12.968106666666667,18.536266666666663,3.8690666666666664,2007.0,6984.79,4560.41,558.87,3157.21,304.54,1066.04,0.0
10,273.0,18.912799999999997,36.004799999999996,27.8792,91.0032,31.1664,21.2716,24.0444,6.4992,2007.0,273.0,3.9944000000000006,26.82,0.0,36.916799999999995,20.3384,4.809200000000001,13.2236,1.6616,2007.0,273.0,14.269386666666666,32.04970666666666,4.061466666666667,66.97568,24.99594666666666,13.808426666666664,19.4032,3.9777066666666667,2007.0,6541.13,3938.99,572.7,2789.58,289.49,1073.04,0.0
11,289.0,16.3036,32.941599999999994,32.872,95.0692,20.1824,12.851199999999999,14.4908,7.2828,2007.0,289.0,3.6471999999999998,23.483600000000003,0.0,73.28799999999998,9.8096,3.196,7.3476,1.0152,2007.0,289.0,9.806719999999999,29.314026666666663,8.071493333333335,82.71722666666666,14.97376,8.518266666666666,11.520800000000001,4.154160000000001,2007.0,6283.44,3658.54,573.74,2599.44,303.36,1124.67,0.0
12,305.0,13.955200000000001,29.82,0.7376,88.8844,20.500799999999998,10.396799999999999,14.49,7.525600000000001,2007.0,305.0,5.1364,18.809199999999997,0.0,37.687200000000004,6.210000000000001,-6.3956,1.4344000000000001,1.8876,2007.0,305.0,11.160485714285715,23.432693333333333,0.09122666666666668,55.16160000000001,13.001813333333335,2.76536,7.671626666666667,3.80384,2007.0,5234.99,3143.05,804.26,2606.73,419.88,1509.34,0.0
