,DOY,INSgdmax,RADmax,RAINmax,RHmax,TMAXmax,TMINmax,Tmax,WINDmax,YEAR,DOY,INSgdmin,RADmin,RAINmin,RHmin,TMAXmin,TMINmin,Tmin,WINDmin,YEAR,DOY,INSgdmean,RADmean,RAINmean,RHmean,TMAXmean,TMINmean,Tmean,WINDmean,YEAR,NDVI,EVI,RED,NIR,BLUE,MIR,pixrel
0,113.0,28.0787,30.814700000000002,43.043499999999995,87.7971,28.653700000000004,14.718700000000002,21.008,6.608499999999999,2006.9999999999998,113.0,2.1041,24.031699999999997,0.0,40.818299999999994,9.4643,2.5869999999999997,7.7809,1.3108,2006.9999999999998,113.0,19.780046666666667,27.683686666666663,5.187266666666667,58.32720666666666,20.815360000000002,8.350513333333332,14.598180000000001,3.6783400000000004,2006.9999999999998,4560.97,2188.37,707.46,1889.69,350.62,1372.12,0.0
1,129.0,27.858,34.339600000000004,36.9345,75.9568,31.7014,21.8846,26.435599999999997,7.426699999999999,2006.9999999999998,129.0,3.5719000000000003,25.472900000000003,0.0,33.6324,17.2742,9.7798,14.5363,1.5572000000000001,2006.9999999999998,129.0,17.79506,30.75088,6.4506000000000006,51.547833333333344,25.103626666666667,14.784833333333335,19.77044,4.287213333333332,2006.9999999999998,5198.41,2525.54,618.43,1966.48,313.95,1200.98,0.01
2,145.0,31.5184,35.3123,16.625,83.1513,29.2896,20.25,23.9365,6.1873,2006.9999999999998,145.0,9.109100000000002,25.5749,0.0,28.9074,20.4376,7.2249,13.714300000000001,1.8578,2006.9999999999998,145.0,20.64714,31.15108666666667,2.873266666666667,59.40656000000001,25.44655333333333,15.022733333333333,20.225373333333337,3.780373333333333,2006.9999999999998,7027.14,4621.14,538.65,3105.06,350.3,877.62,1.35
3,161.0,30.835,35.2188,12.021,66.0399,34.532000000000004,23.438200000000002,27.829,8.3669,2006.9999999999998,161.0,12.6848,26.6879,0.0,33.5008,23.1259,10.6687,18.607599999999998,1.7368000000000001,2006.9999999999998,161.0,24.647119999999997,31.34704,2.419906666666667,46.47603333333333,30.000153333333333,16.97464,23.521526666666666,3.79638,2006.9999999999998,8087.49,5329.04,325.3,3303.41,185.14,646.42,0.06
4,177.00000000000003,31.497099999999996,36.4718,22.915799999999997,75.47309999999999,32.6938,21.455,26.6976,5.1046,2006.9999999999998,177.00000000000003,6.2339,29.067400000000003,0.0,41.277100000000004,25.817899999999998,12.8352,20.2706,0.9828000000000001,2006.9999999999998,177.00000000000003,22.21221333333333,33.253993333333334,3.8998,56.38274666666666,29.273360000000004,17.332713333333334,23.35560666666667,2.5796799999999998,2006.9999999999998,8355.89,5391.75,269.18,3244.93,157.49,570.52,0.0
5,192.99999999999997,28.745600000000003,37.879400000000004,28.768900000000002,72.7608,37.2913,24.6267,29.9053,5.597799999999999,2006.9999999999998,192.99999999999997,15.5655,29.6687,0.0,37.2217,27.435399999999998,15.834900000000001,21.5732,1.2908,2006.9999999999998,192.99999999999997,25.06514,33.94232,4.431486666666666,49.593959999999996,32.110886666666666,19.524693333333335,25.56683333333333,3.2536066666666668,2006.9999999999998,8311.76,5141.51,268.8,3066.91,155.41,536.91,0.09
6,208.99999999999997,27.7683,38.2975,15.613599999999998,73.9525,34.997499999999995,23.151499999999995,27.9843,2.9664,2006.9999999999998,208.99999999999997,8.8334,29.9342,0.0,37.274,27.993100000000002,13.239799999999999,20.773899999999998,1.1098000000000001,2006.9999999999998,208.99999999999997,23.393826666666666,34.56516666666667,2.7057133333333336,48.74637333333333,32.15878666666667,19.33912,25.698446666666666,2.1809066666666665,2006.9999999999998,8348.97,5024.88,256.62,2977.08,141.7,539.48,0.16
7,225.0,25.5777,39.040400000000005,34.725,83.65959999999998,34.6524,23.950400000000002,27.9729,3.8228000000000004,2006.9999999999998,225.0,9.5566,33.227999999999994,0.0,50.6249,27.580799999999996,15.6174,21.349600000000002,1.3553000000000002,2006.9999999999998,225.0,19.141706666666664,36.67236666666666,9.995986666666667,68.96980666666666,31.51418,20.449773333333336,25.25241333333333,2.32432,2006.9999999999998,7997.0,5322.56,356.27,3362.71,199.14,663.28,0.62
8,241.00000000000003,23.5645,37.574799999999996,45.7201,86.60239999999999,33.3554,22.8099,25.6551,4.7983,2006.9999999999998,241.00000000000003,9.2519,28.3166,0.0,44.928200000000004,24.6046,10.9527,19.3055,0.9455,2006.9999999999998,241.00000000000003,19.9003,33.06486666666667,6.104693333333333,65.12158666666666,28.97304,16.92692,22.747880000000006,2.4591666666666665,2006.9999999999998,7916.3,4549.37,306.78,2733.64,171.14,571.97,0.0
9,257.0,21.899500000000003,36.03639999999999,22.2545,75.4843,31.011699999999998,20.8932,25.3351,6.381899999999999,2006.9999999999998,257.0,4.307,24.9155,0.0,38.7122,17.024900000000002,2.2208000000000006,10.254399999999999,1.05,2006.9999999999998,257.0,18.26014,30.296580000000002,3.0312000000000006,56.470786666666676,24.886886666666665,12.700526666666665,18.796406666666666,3.6045333333333334,2006.9999999999998,6977.06,3276.35,363.17,2068.61,170.52,565.04,0.01
10,273.0,18.696,36.6061,31.272699999999997,88.9089,30.3874,22.0952,24.7536,5.5912,2006.9999999999998,273.0,3.5955000000000004,26.2388,0.0,38.3147,19.0632,7.3736,13.4244,1.8273,2006.9999999999998,273.0,13.253766666666667,31.879213333333333,4.391086666666667,65.99126,25.095380000000002,14.226379999999999,19.726399999999998,3.5230333333333332,2006.9999999999998,5779.74,2712.1,510.61,1937.15,254.13,763.19,0.07
11,289.00000000000006,16.0007,32.8132,23.488000000000003,88.46010000000001,19.892799999999998,12.987900000000003,16.229300000000002,7.074600000000001,2006.9999999999998,289.00000000000006,3.4614000000000003,22.9868,0.0,68.3901,10.3732,3.0949999999999998,7.593300000000001,0.9911000000000001,2006.9999999999998,289.00000000000006,9.003926666666667,29.32513333333333,5.788973333333335,78.66043333333334,15.420060000000001,8.31982,11.858993333333334,3.9441533333333334,2006.9999999999998,5469.5,1972.11,386.54,1377.26,185.82,747.79,2.56
12,305.0,13.5505,30.1378,0.7514000000000001,89.02540000000002,20.6185,10.0179,14.7799,6.942200000000001,2006.9999999999998,305.0,5.388,19.885600000000004,0.0,36.648500000000006,5.019,-3.4397,1.2404000000000002,1.9416999999999998,2006.9999999999998,305.0,10.979314285714286,23.65978666666667,0.05705333333333334,54.33734666666667,12.336219999999999,3.2639666666666662,7.62884,3.658013333333333,2006.9999999999998,5315.16,1948.18,416.7,1381.53,206.75,850.62,0.03
