,DOY,INSgdmax,RADmax,RAINmax,RHmax,TMAXmax,TMINmax,Tmax,WINDmax,YEAR,DOY,INSgdmin,RADmin,RAINmin,RHmin,TMAXmin,TMINmin,Tmin,WINDmin,YEAR,DOY,INSgdmean,RADmean,RAINmean,RHmean,TMAXmean,TMINmean,Tmean,WINDmean,YEAR,NDVI,EVI,RED,NIR,BLUE,MIR,pixrel
0,113.0,28.04,30.6,39.16,84.69,29.48,14.49,21.69,7.79,2007.0,113.0,2.88,23.22,0.0,47.12,10.52,4.35,9.17,2.46,2007.0,113.0,20.439999999999998,27.88133333333333,6.414666666666665,59.935333333333325,20.389333333333337,8.888666666666667,14.721333333333332,4.510000000000001,2007.0,3407.49,2114.58,1256.4,2560.61,634.52,2414.75,0.03
1,129.0,28.66,34.67,54.82,96.0,30.99,19.46,24.85,8.55,2007.0,129.0,6.3,24.91,0.0,33.07,15.97,9.09,14.23,1.55,2007.0,129.0,18.78533333333333,30.524,9.843333333333334,62.90600000000001,23.219333333333328,13.673333333333336,18.546,4.971333333333333,2007.0,3675.41,2425.75,1314.6,2855.74,661.92,2585.03,0.56
2,145.0,30.46,34.31,25.33,87.36,29.5,19.26,23.68,8.11,2007.0,145.0,10.37,26.86,0.0,35.04,15.91,6.1,12.77,2.38,2007.0,145.0,20.069333333333336,30.870666666666672,5.477333333333333,66.684,23.82,13.937999999999999,18.73,4.6193333333333335,2007.0,4977.42,3117.03,912.54,2756.69,469.89,1913.23,0.07
3,161.0,29.81,35.1,10.66,79.84,33.29,19.94,25.0,9.98,2007.0,161.0,8.68,25.81,0.0,36.48,22.93,11.24,17.3,1.23,2007.0,161.0,24.705333333333332,31.776,1.4893333333333336,56.84466666666667,28.109333333333336,16.124000000000002,21.761999999999997,4.818,2007.0,6340.35,4588.75,796.2,3600.3,415.35,1675.25,0.92
4,177.0,31.21,36.29,9.93,82.63,31.16,22.15,25.08,4.86,2007.0,177.0,16.96,28.8,0.0,42.19,25.41,12.6,19.71,1.88,2007.0,177.0,25.79533333333333,32.498,1.2979999999999998,60.726000000000006,28.747333333333337,17.132,22.484666666666666,3.2266666666666675,2007.0,7348.54,5560.13,599.54,3985.38,315.13,1268.38,0.29
5,193.0,28.87,38.99,14.81,72.65,38.29,22.35,28.76,5.36,2007.0,193.0,14.47,30.28,0.0,39.04,27.39,15.46,21.44,1.27,2007.0,193.0,26.22600000000001,34.03533333333334,2.486666666666667,50.237999999999985,32.34466666666667,19.05333333333333,25.197999999999997,3.4513333333333325,2007.0,7568.65,5537.99,518.3,3815.56,274.71,1063.9,0.04
6,209.0,26.32,38.3,10.3,79.51,33.23,21.53,25.98,4.61,2007.0,209.0,16.99,33.26,0.0,42.76,28.11,14.49,22.67,1.01,2007.0,209.0,23.538666666666664,35.71666666666667,2.240666666666667,64.24,31.017333333333337,18.800666666666665,24.224,3.0113333333333334,2007.0,8042.79,6175.06,441.23,4154.27,236.56,867.24,0.71
7,225.0,25.56,38.63,45.17,88.17,33.84,22.16,27.36,5.0,2007.0,225.0,6.41,34.06,0.0,62.15,26.67,15.1,21.68,1.86,2007.0,225.0,18.195333333333334,36.63133333333334,11.805333333333335,74.42266666666667,30.970000000000006,19.372,24.301333333333332,2.95,2007.0,7692.13,5753.37,510.39,3942.41,272.38,939.11,0.2
8,241.0,23.29,37.84,26.39,88.15,32.69,20.72,24.69,5.88,2007.0,241.0,3.24,29.02,0.0,48.93,23.66,9.96,17.52,1.18,2007.0,241.0,19.21285714285714,33.434666666666665,5.065333333333332,70.188,27.911999999999992,16.180666666666664,21.600666666666665,3.3406666666666665,2007.0,6766.51,4516.34,597.15,3218.67,306.3,1131.02,0.0
9,257.0,21.64,35.17,14.02,90.44,27.43,17.26,21.65,7.31,2007.0,257.0,7.42,23.98,0.0,41.32,16.72,0.77,9.35,1.12,2007.0,257.0,16.28333333333333,30.422000000000004,3.2506666666666666,67.522,22.15866666666666,11.129333333333333,16.557333333333336,4.446666666666666,2007.0,5905.62,3857.02,744.54,3006.03,388.27,1295.59,0.0
10,273.0,18.4,35.96,28.93,91.88,29.46,19.9,22.84,8.96,2007.0,273.0,7.24,27.0,0.0,40.83,18.26,4.68,13.06,2.81,2007.0,273.0,14.015333333333336,31.56933333333333,4.796666666666666,67.34533333333333,24.31866666666666,12.909333333333334,18.454,5.065333333333333,2007.0,4071.99,2287.36,968.64,2304.87,470.16,1732.79,0.0
11,289.0,15.98,31.82,24.12,99.33,19.09,10.42,12.27,7.73,2007.0,289.0,2.99,24.08,0.0,76.49,8.85,3.63,6.52,1.37,2007.0,289.0,9.705333333333332,28.43,6.938,86.926,13.336000000000002,7.381333333333332,10.18666666666667,4.180000000000001,2007.0,3967.45,1989.55,819.57,1915.16,416.12,1583.72,0.03
12,305.0,13.46,28.66,2.27,85.05,18.1,9.99,12.97,8.34,2007.0,305.0,6.08,19.08,0.0,40.77,4.5,-5.17,0.99,1.45,2007.0,305.0,10.559999999999997,23.41933333333333,0.3133333333333334,58.24733333333333,12.063333333333333,1.964,6.662000000000001,4.223333333333334,2007.0,3203.4,1755.77,1083.49,2105.09,548.59,1963.76,0.0
