,DOY,INSgdmax,RADmax,RAINmax,RHmax,TMAXmax,TMINmax,Tmax,WINDmax,YEAR,DOY,INSgdmin,RADmin,RAINmin,RHmin,TMAXmin,TMINmin,Tmin,WINDmin,YEAR,DOY,INSgdmean,RADmean,RAINmean,RHmean,TMAXmean,TMINmean,Tmean,WINDmean,YEAR,NDVI,EVI,RED,NIR,BLUE,MIR,pixrel
0,113.0,28.19,31.07,30.8,64.64,30.13,14.47,21.31,6.51,2007.0,113.0,4.64,23.18,0.0,37.31,14.0,2.58,9.85,1.97,2007.0,113.0,20.285333333333327,27.749333333333333,4.791333333333333,51.81866666666666,21.037333333333333,8.836666666666668,14.873333333333335,3.8853333333333335,2007.0,3887.27,1838.46,680.71,1732.21,327.07,1394.01,7.65
1,129.0,29.3,34.13,31.0,82.59,31.14,21.28,25.85,8.52,2007.0,129.0,4.68,23.8,0.0,31.85,15.86,9.28,13.66,1.9,2007.0,129.0,18.552,30.376666666666665,6.112666666666667,53.06666666666668,23.95733333333333,13.918666666666669,18.84333333333333,4.811333333333333,2007.0,4857.25,2545.27,640.92,2025.32,343.48,1229.89,0.03
2,145.0,30.28,34.6,22.77,93.36,29.02,19.87,23.03,6.85,2007.0,145.0,10.19,25.2,0.0,32.19,18.01,5.95,12.22,1.76,2007.0,145.0,19.190666666666665,31.075333333333333,4.748666666666666,64.78266666666667,24.01733333333333,13.654666666666664,18.722666666666665,4.258,2007.0,7482.14,4811.23,367.18,3047.74,230.93,662.53,3.26
3,161.0,31.03,34.63,10.93,72.93,32.55,21.24,25.48,9.49,2007.0,161.0,16.02,25.78,0.0,35.2,22.22,11.56,17.24,1.1,2007.0,161.0,26.03666666666667,30.948666666666664,3.0006666666666666,50.65733333333332,28.91933333333333,16.278666666666666,22.335333333333335,4.418666666666667,2007.0,7680.83,5291.95,325.6,3341.33,192.72,664.36,2.57
4,177.0,31.57,35.71,17.81,81.92,31.48,22.56,26.19,6.14,2007.0,177.0,13.54,27.86,0.0,42.2,24.87,11.95,18.98,0.97,2007.0,177.0,24.685333333333336,32.448,2.872666666666667,57.919333333333334,28.3,16.546666666666663,22.280000000000005,3.038666666666667,2007.0,7881.21,5114.15,235.9,3105.82,130.73,525.31,7.65
5,193.0,28.87,37.15,19.86,78.36,35.69,22.24,27.98,5.51,2007.0,193.0,14.08,29.27,0.0,40.27,26.47,14.55,20.67,1.2,2007.0,193.0,26.20266666666667,32.983333333333334,4.038666666666667,52.22466666666667,30.70799999999999,18.098666666666666,24.035999999999998,3.3459999999999996,2007.0,7776.92,5016.52,270.78,3068.5,155.46,553.66,5.11
6,209.0,27.58,37.87,11.75,77.15,33.24,21.83,25.95,3.85,2007.0,209.0,6.95,30.2,0.0,42.52,28.58,13.02,20.83,1.42,2007.0,209.0,22.26733333333333,34.279333333333334,2.43,58.05133333333333,30.808000000000003,18.488,24.29799999999999,2.6180000000000008,2007.0,7801.73,5115.94,315.6,3162.42,189.69,606.52,0.32
7,225.0,25.49,39.1,48.83,88.76,33.6,22.03,27.22,4.53,2007.0,225.0,4.97,32.69,0.0,51.3,22.42,13.32,17.72,1.55,2007.0,225.0,17.791999999999994,35.724000000000004,11.438666666666666,69.27933333333333,29.66,18.238,23.27266666666667,2.807333333333333,2007.0,7457.59,4954.23,318.34,3156.99,164.99,650.43,7.66
8,241.0,23.11,38.59,43.46,88.98,32.39,21.18,24.02,5.69,2007.0,241.0,2.59,27.97,0.0,52.95,23.07,9.35,17.0,1.34,2007.0,241.0,18.743571428571425,32.73266666666667,7.856,68.092,27.689999999999994,15.529333333333334,21.332666666666668,2.8139999999999996,2007.0,7388.88,4309.07,287.12,2652.62,151.12,587.36,7.65
9,257.0,21.6,35.17,17.22,82.0,27.24,17.86,21.65,7.29,2007.0,257.0,6.88,23.47,0.0,43.62,15.96,0.4,8.95,1.34,2007.0,257.0,17.084,29.56666666666667,4.275333333333333,65.26933333333332,21.944000000000003,10.79666666666667,16.262666666666664,4.064,2007.0,6227.02,2951.35,366.95,1975.61,153.49,596.9,7.66
10,273.0,18.18,35.68,21.57,92.18,29.08,20.51,22.53,6.85,2007.0,273.0,3.96,25.6,0.0,41.32,17.82,3.26,11.84,2.2,2007.0,273.0,12.458666666666664,31.28866666666668,4.291333333333333,69.054,23.462,13.138000000000002,18.245333333333335,4.148,2007.0,5231.81,2427.72,494.87,1821.54,248.68,783.58,7.77
11,289.0,15.37,31.79,38.4,97.52,17.6,10.12,13.4,7.73,2007.0,289.0,3.53,23.15,0.0,75.11,8.69,3.31,6.39,0.7,2007.0,289.0,8.047333333333333,28.692666666666664,6.77,85.94800000000004,12.927999999999999,6.886666666666667,9.945333333333332,3.937333333333334,2007.0,4715.89,1713.01,381.28,1302.24,175.25,820.58,10.23
12,305.0,13.07,28.76,1.85,88.29,16.54,8.86,12.21,7.76,2007.0,305.0,6.16,20.92,0.0,42.37,4.63,-3.2,0.6,1.36,2007.0,305.0,10.085714285714285,23.52266666666667,0.28800000000000003,60.912666666666674,10.698,2.2879999999999994,6.105999999999998,3.969333333333333,2007.0,4517.43,1622.41,409.62,1286.55,185.96,935.55,10.22
