,DOY,INSgdmax,RADmax,RAINmax,RHmax,TMAXmax,TMINmax,Tmax,WINDmax,YEAR,DOY,INSgdmin,RADmin,RAINmin,RHmin,TMAXmin,TMINmin,Tmin,WINDmin,YEAR,DOY,INSgdmean,RADmean,RAINmean,RHmean,TMAXmean,TMINmean,Tmean,WINDmean,YEAR,NDVI,EVI,RED,NIR,BLUE,MIR,pixrel
0,113.0,28.1155,30.807499999999997,46.629999999999995,88.57149999999999,29.355,14.795,21.65,7.112500000000001,2007.0,113.0,1.9375000000000002,23.480999999999998,0.0,45.925,11.5275,3.0095,8.4855,1.9879999999999998,2007.0,113.0,20.158733333333334,27.778333333333336,7.0074,58.29153333333333,21.22566666666667,8.962233333333334,15.046766666666663,4.1087333333333325,2007.0,5399.89,2181.27,491.05,1576.89,285.65,730.17,0.11
1,129.0,28.426000000000002,35.141,61.1525,88.1625,31.3445,21.59,26.091,8.133,2007.0,129.0,3.5414999999999996,25.79,0.0,32.4195,15.755500000000001,9.018999999999998,13.848500000000001,1.667,2007.0,129.0,17.737033333333336,31.100166666666667,9.825733333333332,58.183166666666665,24.5432,14.633166666666666,19.490833333333335,4.705633333333333,2007.0,5625.66,2603.48,481.34,1855.58,249.82,839.57,5.1
2,145.0,31.2545,34.799,16.831,89.8815,29.5965,20.0095,23.798000000000002,6.6265,2007.0,145.0,8.1445,25.6055,0.0,30.4625,19.6965,6.4475,12.882,1.863,2007.0,145.0,20.467733333333335,31.114766666666668,5.034533333333333,65.21253333333334,24.52433333333333,14.6069,19.51726666666667,4.033933333333334,2007.0,6741.78,3174.68,334.17,1977.14,191.59,552.56,5.56
3,161.0,31.853499999999997,34.5985,9.609,75.64,34.239000000000004,22.6565,26.753,9.1975,2007.0,161.0,16.0015,26.113500000000002,0.0,35.688,23.488500000000002,11.0095,18.682499999999997,1.555,2007.0,161.0,25.921433333333333,31.08656666666667,1.535333333333333,49.464200000000005,29.539933333333334,16.673033333333336,22.9875,4.210466666666666,2007.0,6976.21,3765.32,359.75,2357.21,209.16,586.04,5.11
4,177.0,30.521,36.504000000000005,18.671,75.32400000000001,32.0505,22.57,26.256,4.8005,2007.0,177.0,8.26,30.153999999999996,0.0,43.5415,26.4165,14.188500000000001,20.613,1.428,2007.0,177.0,22.321399999999997,33.353633333333335,2.9145333333333334,58.02730000000001,29.340666666666664,17.641633333333335,23.39156666666667,2.7715666666666667,2007.0,7334.29,4159.19,336.39,2570.38,196.45,598.46,5.14
5,193.0,29.000500000000002,38.250499999999995,22.816499999999998,71.84100000000001,37.0305,23.666,29.311999999999998,5.6905,2007.0,193.0,18.2995,29.608,0.0,37.57000000000001,27.7465,16.1645,21.8765,1.4435,2007.0,193.0,26.229333333333336,34.06776666666667,4.275600000000001,49.7362,32.3089,19.661066666666663,25.68166666666667,3.397566666666667,2007.0,7551.1,4069.65,283.03,2429.6,163.71,512.6,5.12
6,209.0,27.963,38.799,24.421,75.392,34.50449999999999,22.987499999999997,27.198500000000003,3.3725,2007.0,209.0,13.711999999999998,30.723499999999998,0.0,40.0525,28.558,14.9195,22.564,1.5019999999999998,2007.0,209.0,23.7402,35.23833333333333,3.0055666666666667,51.4117,32.06296666666667,19.821,25.795766666666665,2.4901333333333335,2007.0,7675.71,3796.8,258.09,2203.2,156.48,457.14,2.64
7,225.0,25.549,39.461,54.6145,85.164,34.692499999999995,23.464000000000002,27.752499999999998,4.367500000000001,2007.0,225.0,9.2635,34.132000000000005,0.0,54.942,28.589,16.067999999999998,22.412999999999997,1.077,2007.0,225.0,19.938366666666667,36.95113333333333,13.057533333333334,70.5368,31.7053,20.43626666666667,25.30206666666667,2.5052,2007.0,7526.87,3380.36,228.89,1930.01,135.67,390.95,5.1
8,241.0,23.7915,38.2905,43.247499999999995,86.3675,33.396499999999996,22.6385,25.341499999999996,5.5515,2007.0,241.0,7.423,28.588,0.0,46.40650000000001,24.523,10.654,18.555,0.8470000000000001,2007.0,241.0,19.850285714285715,33.16903333333333,5.364866666666668,66.40736666666666,28.637300000000003,16.536133333333332,22.40746666666667,2.7216000000000005,2007.0,7352.87,3588.23,277.19,2126.21,160.86,479.07,5.13
9,257.0,21.9145,35.9105,23.0105,75.804,29.04,19.502000000000002,23.575000000000003,6.785,2007.0,257.0,5.4635,24.502000000000002,0.0,37.914500000000004,17.525499999999997,1.2985,10.089000000000002,1.0050000000000001,2007.0,257.0,18.0426,30.435933333333335,3.6864,60.79986666666666,24.1442,12.4195,18.1135,3.9015999999999997,2007.0,6799.46,2817.43,308.84,1716.62,165.1,452.36,2.56
10,273.0,18.772,36.455,28.012500000000003,91.267,30.6805,21.3065,23.802999999999997,6.3115000000000006,2007.0,273.0,3.0780000000000003,26.561500000000002,0.0,38.0635,19.238,4.6935,12.913500000000003,1.7045,2007.0,273.0,13.528533333333332,31.906100000000002,4.322733333333334,67.46406666666667,24.549766666666663,13.654933333333332,19.171566666666664,3.9278333333333335,2007.0,5333.16,1923.67,427.58,1378.51,214.49,494.93,0.06
11,289.0,16.164,32.625,35.5095,95.139,19.4925,12.174499999999998,14.495000000000001,7.490499999999999,2007.0,289.0,3.4375,23.337,0.0,73.4735,9.7135,3.0895,7.2044999999999995,0.8085,2007.0,289.0,9.295933333333334,29.366766666666663,8.515433333333334,83.27703333333334,14.4754,8.123733333333334,11.212066666666667,4.109466666666668,2007.0,5482.62,1755.39,317.48,1182.6,161.39,500.97,5.1
12,305.0,13.7045,29.575999999999997,0.8235,91.1,19.991999999999997,10.0475,14.178,7.710000000000001,2007.0,305.0,5.503500000000001,18.868499999999997,0.0,38.5985,5.8340000000000005,-5.4085,1.1364999999999998,1.6035,2007.0,305.0,10.974321428571429,23.438899999999997,0.11913333333333334,56.764766666666674,12.3627,2.6999666666666666,7.291333333333334,3.8603,2007.0,5569.46,1851.14,323.68,1240.73,160.42,588.04,5.1
