,DOY,INSgdmax,RADmax,RAINmax,RHmax,TMAXmax,TMINmax,Tmax,WINDmax,YEAR,DOY,INSgdmin,RADmin,RAINmin,RHmin,TMAXmin,TMINmin,Tmin,WINDmin,YEAR,DOY,INSgdmean,RADmean,RAINmean,RHmean,TMAXmean,TMINmean,Tmean,WINDmean,YEAR,NDVI,EVI,RED,NIR,BLUE,MIR,pixrel
0,113.0,27.9966,30.724,37.765,84.8419,29.4738,14.514800000000001,21.6714,7.6226,2007.0,113.0,2.8242000000000003,23.1642,0.0,47.337,11.1059,4.1423,9.151399999999999,2.4507,2007.0,113.0,20.411066666666667,27.828426666666665,6.238793333333333,59.31843333333333,20.558386666666667,8.927313333333334,14.790359999999998,4.472593333333334,2007.0,4393.44,2733.62,1012.47,2622.69,533.96,1936.2,0.02
1,129.0,28.536,34.6483,52.2966,95.0576,31.052,19.77,25.0639,8.5686,2007.0,129.0,5.6304,24.888299999999997,0.0,32.7538,15.777800000000001,9.155100000000001,14.075,1.6027,2007.0,129.0,18.47988,30.50974,9.66808,62.114880000000014,23.376193333333333,13.814693333333334,18.6576,4.987866666666667,2007.0,5176.64,3409.83,936.1,2959.72,496.26,2043.55,0.33
2,145.0,30.8382,34.27590000000001,26.591699999999996,88.5318,29.540300000000002,19.3685,23.649,7.9426,2007.0,145.0,10.146799999999999,26.7236,0.0,34.113099999999996,16.4804,6.084499999999999,12.692499999999999,2.3056,2007.0,145.0,20.104053333333333,30.8686,5.344239999999999,66.71066,23.879933333333334,13.972100000000001,18.786213333333336,4.546173333333334,2007.0,6136.7,3874.27,688.79,2901.49,368.77,1508.08,0.06
3,161.0,30.132399999999997,35.121700000000004,13.2888,79.23859999999999,33.401599999999995,20.2407,25.2759,9.98,2007.0,161.0,11.8048,25.698399999999996,0.0,36.4459,23.0385,11.3671,17.486,1.2455,2007.0,161.0,25.193686666666665,31.483566666666665,1.651566666666667,55.53233333333333,28.35919333333333,16.18992666666667,21.93849333333333,4.766333333333333,2007.0,6498.87,4436.26,703.22,3314.49,381.07,1409.38,1.02
4,177.0,31.256500000000003,36.3458,11.0305,81.50779999999999,31.218899999999998,22.4166,25.309399999999997,4.8817,2007.0,177.0,15.363500000000002,29.0449,0.0,42.605399999999996,25.571199999999997,12.9162,19.834,1.7993999999999999,2007.0,177.0,25.359473333333334,32.53313333333333,1.5838199999999998,60.217806666666675,28.81822,17.206813333333336,22.58862,3.1859533333333334,2007.0,6741.51,4666.89,660.01,3401.84,355.04,1407.12,0.04
5,193.0,28.9165,38.7761,13.827300000000001,73.2731,37.812599999999996,22.514300000000002,28.8375,5.462300000000001,2007.0,193.0,15.375200000000001,30.0878,0.0,38.8044,27.3962,15.4755,21.4865,1.3195999999999999,2007.0,193.0,26.321273333333338,33.89562666666667,2.4440933333333335,50.35889999999999,32.259726666666666,19.07875333333333,25.19242,3.4633199999999995,2007.0,6781.03,4786.95,667.01,3502.76,361.31,1371.46,0.16
6,209.0,26.564899999999998,38.4457,9.5994,79.38910000000001,33.2393,21.5424,25.8932,4.4333,2007.0,209.0,17.2256,33.0058,0.0,42.3384,28.097599999999996,14.6388,22.7568,1.072,2007.0,209.0,23.48576,35.515373333333336,2.1360933333333336,62.55297999999999,31.134513333333338,18.90772,24.381066666666666,2.9466466666666666,2007.0,7359.19,5376.22,548.37,3741.26,298.89,1084.7,0.28
7,225.0,25.581699999999998,38.664100000000005,53.726,87.98400000000001,33.9144,22.197200000000002,27.400299999999998,4.938,2007.0,225.0,6.7324,33.836800000000004,0.0,61.0526,26.825000000000003,15.1527,21.6645,1.7887,2007.0,225.0,18.43878666666667,36.56375333333334,11.603833333333334,73.72206666666666,31.038200000000003,19.420566666666666,24.372013333333335,2.8997800000000002,2007.0,7621.84,5409.57,479.24,3631.02,260.35,937.98,0.23
8,241.0,23.3799,37.8958,29.8155,88.03840000000001,32.8047,20.930799999999998,24.7148,5.9234,2007.0,241.0,3.1159999999999997,28.883599999999998,0.0,48.62,23.784,10.0251,17.6006,1.2450999999999999,2007.0,241.0,19.34017857142857,33.33774,5.224053333333332,69.4223,28.03145333333333,16.194306666666666,21.696146666666664,3.26668,2007.0,7196.99,4689.73,502.4,3164.8,269.69,1019.26,0.0
9,257.0,21.695800000000002,35.294,14.0541,88.2731,27.569499999999998,17.4181,21.8112,7.3317,2007.0,257.0,7.4634,23.924200000000003,0.0,40.8891,16.747899999999998,0.7203999999999999,9.4027,1.0859,2007.0,257.0,16.57080666666667,30.36351333333333,3.3852066666666665,66.69533333333334,22.3178,11.280406666666668,16.69704,4.396446666666666,2007.0,6248.14,4028.29,685.63,3031.51,346.89,1264.05,0.07
10,273.0,18.4217,35.848400000000005,29.3795,91.88,29.534399999999998,20.0829,22.858600000000003,8.6128,2007.0,273.0,6.2448999999999995,26.9442,0.0,40.1573,18.3964,4.308,12.951500000000001,2.6891,2007.0,273.0,14.003760000000002,31.568299999999994,4.693333333333333,67.48855333333333,24.25398,13.00688,18.50422,4.917153333333333,2007.0,5232.41,3023.93,753.68,2454.88,388.58,1464.42,0.0
11,289.0,15.949000000000002,31.82,33.4417,99.1936,19.0063,10.7145,12.462200000000001,7.7548,2007.0,289.0,3.0241,23.968400000000003,0.0,76.13659999999999,8.8872,3.599,6.5913,1.2987,2007.0,289.0,9.450099999999999,28.53560666666667,7.583006666666667,86.79952,13.374026666666666,7.427626666666665,10.254660000000001,4.18806,2007.0,5138.11,2766.9,683.63,2194.95,360.36,1349.92,0.0
12,305.0,13.4724,28.6259,1.6934,85.97999999999999,18.0938,9.9528,13.001000000000001,8.3307,2007.0,305.0,5.925,19.1141,0.0,40.6088,4.6395,-4.9933000000000005,1.0489,1.3043,2007.0,305.0,10.529221428571427,23.44475333333333,0.2414133333333334,58.23100666666666,12.021173333333332,2.0813866666666665,6.700233333333333,4.196053333333333,2007.0,4185.22,2414.96,935.84,2318.38,491.42,1768.67,0.05
