,DOY,INSgdmax,RADmax,RAINmax,RHmax,TMAXmax,TMINmax,Tmax,WINDmax,YEAR,DOY,INSgdmin,RADmin,RAINmin,RHmin,TMAXmin,TMINmin,Tmin,WINDmin,YEAR,DOY,INSgdmean,RADmean,RAINmean,RHmean,TMAXmean,TMINmean,Tmean,WINDmean,YEAR,NDVI,EVI,RED,NIR,BLUE,MIR,pixrel
0,113.0,27.94,30.74,42.49,85.84,29.04,14.57,21.29,6.82,2007.0,113.0,1.87,23.4,0.0,46.6,11.82,2.87,8.67,1.97,2007.0,113.0,20.483333333333334,27.697333333333336,6.636,57.73533333333332,20.97666666666667,8.757333333333333,14.846666666666662,4.103333333333333,2007.0,4482.16,2071.33,695.82,1803.9,344.07,1319.54,0.0
1,129.0,27.94,34.7,48.44,86.88,31.25,21.5,26.28,8.43,2007.0,129.0,4.14,24.8,0.0,32.01,16.21,9.37,13.88,1.82,2007.0,129.0,17.845333333333333,30.77466666666667,8.527333333333333,56.46866666666667,24.380000000000006,14.496666666666664,19.345333333333336,4.8853333333333335,2007.0,5296.11,2698.82,661.34,2124.17,336.11,1227.22,0.01
2,145.0,31.97,34.7,17.2,90.93,29.52,19.96,23.51,6.82,2007.0,145.0,8.68,25.7,0.0,30.44,19.35,6.29,12.54,1.8,2007.0,145.0,20.50133333333333,30.938666666666663,5.729333333333333,65.41533333333334,24.287333333333326,14.354000000000001,19.264666666666667,4.117333333333333,2007.0,7129.23,4116.01,454.76,2695.85,250.45,821.5,0.66
3,161.0,32.11,34.81,10.32,75.19,33.96,22.31,26.42,9.49,2007.0,161.0,16.96,25.92,0.0,35.67,23.07,11.32,18.48,1.42,2007.0,161.0,26.513333333333335,30.81866666666666,1.3013333333333335,49.49,29.461333333333332,16.613333333333333,22.860000000000003,4.352666666666667,2007.0,7637.51,4506.36,369.43,2822.04,200.53,671.04,0.18
4,177.0,31.25,36.36,22.82,76.26,31.65,22.93,26.4,5.3,2007.0,177.0,7.45,29.02,0.0,43.6,26.16,13.77,20.46,1.23,2007.0,177.0,22.898000000000003,32.80133333333333,3.111333333333333,57.412000000000006,29.148666666666667,17.443333333333335,23.15666666666667,2.884666666666667,2007.0,7980.51,5005.06,342.6,3110.68,186.13,699.85,0.01
5,193.0,28.87,38.12,32.82,75.18,37.26,23.45,29.33,5.83,2007.0,193.0,16.63,29.77,0.0,37.84,27.4,15.71,21.53,1.61,2007.0,193.0,26.11533333333334,33.82266666666667,5.3580000000000005,50.463999999999984,31.942000000000004,19.328666666666663,25.31266666666667,3.432666666666667,2007.0,7961.4,4848.88,336.05,2991.91,180.01,662.26,0.0
6,209.0,27.9,38.7,15.97,77.03,34.32,22.65,26.78,3.35,2007.0,209.0,11.12,30.35,0.0,40.21,28.54,14.06,21.79,1.52,2007.0,209.0,23.208000000000002,34.809333333333335,2.374666666666667,53.188,31.750666666666667,19.482000000000003,25.36466666666666,2.5573333333333332,2007.0,7907.98,4940.08,358.43,3085.33,196.47,693.83,0.2
7,225.0,25.45,39.38,61.9,86.37,34.22,22.87,27.64,4.48,2007.0,225.0,8.71,33.34,0.0,54.33,28.13,15.42,21.45,1.23,2007.0,225.0,19.53666666666667,36.44533333333333,12.981333333333334,70.352,31.264,19.874666666666666,24.77466666666667,2.5639999999999996,2007.0,7945.8,4399.36,307.71,2645.21,165.65,591.27,0.13
8,241.0,23.58,38.34,43.0,87.47,33.23,22.22,25.13,5.79,2007.0,241.0,4.57,28.3,0.0,47.77,24.46,10.42,18.06,1.0,2007.0,241.0,19.666428571428572,33.10333333333333,5.204666666666667,66.75266666666667,28.448,16.22533333333333,22.13266666666667,2.8140000000000005,2007.0,7729.34,4416.69,347.49,2718.6,187.29,684.26,0.0
9,257.0,21.82,35.78,20.0,76.74,28.41,18.62,22.9,7.19,2007.0,257.0,5.9,24.7,0.0,39.8,17.08,0.88,9.63,0.96,2007.0,257.0,17.964,30.195333333333338,3.8759999999999994,62.19666666666667,23.444000000000003,11.824000000000002,17.517999999999997,4.036,2007.0,6739.2,3159.46,403.89,2057.11,188.06,672.27,0.0
10,273.0,18.61,36.5,28.53,91.87,30.1,21.05,23.38,6.46,2007.0,273.0,3.06,26.35,0.0,39.04,18.41,4.05,12.63,1.88,2007.0,273.0,13.143333333333334,31.832000000000004,4.539333333333333,68.07666666666667,24.11266666666667,13.45333333333333,18.858666666666668,4.0793333333333335,2007.0,5448.24,2573.48,560.49,1923.88,279.46,884.51,0.0
11,289.0,16.02,32.4,42.39,96.03,18.66,11.54,14.09,7.72,2007.0,289.0,3.1,23.4,0.0,74.54,9.52,3.13,6.93,0.75,2007.0,289.0,8.815333333333333,29.190666666666665,8.513333333333334,84.94533333333332,13.863999999999999,7.7073333333333345,10.756666666666666,4.104666666666668,2007.0,4871.57,1799.67,468.4,1371.39,228.13,875.84,0.0
12,305.0,13.61,29.27,0.63,91.73,19.38,9.8,13.71,7.98,2007.0,305.0,5.94,18.9,0.0,39.71,5.42,-4.72,0.88,1.32,2007.0,305.0,10.817142857142859,23.401999999999997,0.11133333333333333,58.28066666666667,11.85,2.5406666666666666,6.901333333333334,3.9739999999999998,2007.0,4777.15,1776.52,489.04,1385.13,235.45,1004.95,0.0
