,DOY,INSgdmax,RADmax,RAINmax,RHmax,TMAXmax,TMINmax,Tmax,WINDmax,YEAR,DOY,INSgdmin,RADmin,RAINmin,RHmin,TMAXmin,TMINmin,Tmin,WINDmin,YEAR,DOY,INSgdmean,RADmean,RAINmean,RHmean,TMAXmean,TMINmean,Tmean,WINDmean,YEAR,NDVI,EVI,RED,NIR,BLUE,MIR,pixrel
0,113.00000000000001,28.005599999999998,30.816200000000002,32.6359,72.6729,29.8076,14.6703,21.8823,7.7738999999999985,2007.0,113.00000000000001,4.3418,23.024,0.0,39.148199999999996,12.3531,4.2520999999999995,9.8224,2.5167,2007.0,113.00000000000001,20.28894,27.892300000000002,5.8763733333333334,55.990713333333346,20.645053333333333,8.954153333333334,14.866606666666664,4.37962,2007.0,2747.82,1265.24,844.79,1526.64,452.41,1833.72,0.01
1,128.99999999999997,29.160500000000003,34.1534,39.040400000000005,96.00229999999999,31.3479,20.054,25.1402,8.9578,2007.0,128.99999999999997,4.5434,24.0513,0.0,32.7914,15.3359,9.2529,13.483099999999999,1.7634,2007.0,128.99999999999997,18.599426666666666,30.22564,8.135433333333333,60.31304666666667,23.16162,13.49184,18.41933333333333,5.114393333333333,2007.0,3734.55,1895.68,791.85,1832.93,424.32,1630.28,0.87
2,145.0,29.5348,34.2433,19.2116,88.35090000000001,29.292399999999997,19.2884,23.2412,8.0688,2007.0,145.0,9.405399999999998,26.8186,0.0,35.6905,15.1495,5.7675,12.218199999999998,2.7244,2007.0,145.0,19.78672,30.908826666666663,4.351686666666667,65.71187333333334,23.79856,13.640519999999999,18.56092,4.816479999999999,2007.0,5464.59,2755.53,539.81,2008.63,288.02,923.29,0.0
3,161.0,31.314899999999998,34.8121,11.149700000000001,80.7019,32.9674,20.331400000000002,24.861,9.808900000000001,2007.0,161.0,10.8382,25.298600000000004,0.0,35.3862,22.5609,10.9324,16.9441,1.1882,2007.0,161.0,24.59099333333333,31.593653333333332,2.3146133333333334,56.203586666666666,28.19042,15.937740000000002,21.664259999999995,4.883626666666667,2007.0,7956.98,5782.02,406.97,3849.32,212.54,683.59,0.08
4,177.0,31.471300000000003,35.863400000000006,9.890799999999999,84.67869999999999,31.4323,21.7538,24.8942,5.4632000000000005,2007.0,177.0,14.115900000000002,28.569699999999997,0.0,39.55629999999999,24.321399999999997,12.5859,18.7074,1.5147000000000002,2007.0,177.0,25.90261333333333,32.28166666666667,1.4287999999999998,60.625139999999995,28.32053333333333,16.814033333333334,22.169706666666663,3.30642,2007.0,7470.07,5735.23,594.92,4157.93,299.71,836.2,0.08
5,193.0,28.978,38.1166,9.1237,76.1583,37.289899999999996,22.4273,28.189200000000003,5.8882,2007.0,193.0,9.392100000000001,29.927200000000003,0.0,39.3319,26.908600000000003,14.463199999999999,21.0155,1.2905000000000002,2007.0,193.0,25.867786666666667,33.34930000000001,1.6103733333333334,51.03913333333332,31.557806666666668,18.34001333333333,24.468899999999998,3.3894733333333336,2007.0,6875.42,4587.82,590.05,3260.39,305.09,831.69,0.03
6,209.0,26.633199999999995,38.7069,21.9521,82.76469999999999,33.19819999999999,21.718400000000003,25.8018,4.8327,2007.0,209.0,14.2072,32.178200000000004,0.0,45.976499999999994,28.224500000000003,13.3676,21.8652,0.8727,2007.0,209.0,22.753786666666663,35.02803333333333,2.89664,64.72956666666666,30.702133333333336,18.291686666666667,23.82712666666667,3.0552266666666665,2007.0,5477.87,3527.13,859.79,2956.15,406.17,1191.35,0.01
7,225.0,25.657300000000003,38.0253,41.1176,90.4456,33.919599999999996,21.456300000000002,26.9091,5.0336,2007.0,225.0,7.1335999999999995,33.432100000000005,0.0,59.031200000000005,25.1849,14.0367,19.984699999999997,2.0026,2007.0,225.0,17.42336238095238,35.95832000000001,12.393706666666667,72.84758666666666,30.201520000000006,18.405620000000003,23.483053333333334,3.0236599999999996,2007.0,4802.41,3177.01,981.72,2865.9,519.0,1414.7,0.13
8,241.0,23.2107,37.464200000000005,23.947400000000002,88.0069,32.5402,20.5052,24.161199999999997,5.6269,2007.0,241.0,4.4784,28.290599999999998,0.0,51.4443,23.2767,9.002699999999999,17.129299999999997,1.0991,2007.0,241.0,18.85007857142857,32.88451333333333,4.580893333333333,70.17304,27.54973333333333,15.681413333333332,21.130560000000003,3.246566666666667,2007.0,4515.25,2676.55,957.7,2524.69,462.42,1455.79,0.0
9,257.0,21.652900000000002,34.7218,16.701999999999998,92.5822,27.543,16.6711,21.2979,7.482299999999999,2007.0,257.0,5.8016000000000005,24.088400000000004,0.0,42.8729,16.1814,0.9369,9.2128,1.4676,2007.0,257.0,16.378513333333334,29.869233333333337,3.3358333333333334,67.22156666666667,21.628713333333337,10.559366666666666,16.04692,4.50236,2007.0,3542.52,1876.27,924.68,1975.43,485.71,1554.91,0.04
10,273.0,18.142799999999998,35.6826,24.2977,92.73419999999999,28.8452,19.525499999999997,22.2351,8.9588,2007.0,273.0,6.559400000000001,26.802000000000003,0.0,40.031099999999995,17.0941,4.575,12.4814,2.8466,2007.0,273.0,13.50474,31.276986666666662,5.003266666666667,67.80351999999999,23.733286666666668,12.684093333333331,18.062226666666668,5.0435533333333336,2007.0,3648.52,1711.32,749.69,1663.22,398.39,1393.17,0.0
11,289.0,15.7137,31.792700000000004,42.69239999999999,99.7465,18.3442,9.4071,11.764,7.933500000000001,2007.0,289.0,2.9274,23.0358,0.0,77.52919999999999,8.4165,3.6754999999999995,6.157500000000001,1.299,2007.0,289.0,9.143473333333333,28.31734,7.354426666666667,87.53741333333332,12.708860000000001,6.800513333333334,9.654633333333335,4.165593333333334,2007.0,3725.24,1564.69,635.19,1443.62,335.81,1228.35,0.0
12,305.0,13.200700000000001,28.9158,2.0411,85.50710000000001,16.7969,9.1671,12.1747,8.428799999999999,2007.0,305.0,5.666,19.7498,0.0,42.3438,3.9357,-4.8879,0.44380000000000003,1.3757,2007.0,305.0,10.177871428571429,23.459153333333333,0.2807333333333334,61.00066000000001,11.231866666666665,1.57986,6.086513333333334,4.28106,2007.0,3273.47,1473.74,745.18,1528.44,395.58,1421.91,0.28
