,DOY,INSgdmax,RADmax,RAINmax,RHmax,TMAXmax,TMINmax,Tmax,WINDmax,YEAR,DOY,INSgdmin,RADmin,RAINmin,RHmin,TMAXmin,TMINmin,Tmin,WINDmin,YEAR,DOY,INSgdmean,RADmean,RAINmean,RHmean,TMAXmean,TMINmean,Tmean,WINDmean,YEAR,NDVI,EVI,RED,NIR,BLUE,MIR,pixrel
0,113.0,27.9,31.0,34.66,85.18,29.46,14.57,21.63,7.25,2007.0,113.0,2.7,23.04,0.0,47.82,12.41,3.68,9.11,2.43,2007.0,113.0,20.34666666666667,27.710666666666665,5.847333333333335,57.94533333333334,20.93466666666667,9.013333333333332,14.943999999999996,4.389333333333334,2007.0,3381.36,1835.05,957.94,1994.53,510.25,1809.69,0.08
1,129.0,28.26,34.6,46.68,92.96,31.19,20.46,25.54,8.61,2007.0,129.0,4.14,24.84,0.0,32.05,15.35,9.3,13.73,1.72,2007.0,129.0,17.8,30.478,9.277999999999999,60.354,23.72533333333333,14.129333333333333,18.906,5.0246666666666675,2007.0,4466.45,2687.29,915.07,2465.07,491.1,1773.4,0.61
2,145.0,31.68,34.2,29.4,91.14,29.63,19.61,23.58,7.57,2007.0,145.0,9.65,26.42,0.0,32.05,17.75,6.05,12.52,2.14,2007.0,145.0,20.18133333333333,30.864,5.048,66.77,24.013333333333332,14.047999999999996,18.911333333333335,4.383333333333334,2007.0,5888.86,3360.38,597.08,2450.96,324.24,1010.95,0.05
3,161.0,30.85,35.17,19.14,77.9,33.65,20.91,25.89,9.98,2007.0,161.0,18.76,25.45,0.0,36.37,23.28,11.65,17.9,1.28,2007.0,161.0,26.280666666666665,30.832666666666668,2.0126666666666666,52.61133333333332,28.91533333333333,16.336666666666666,22.331333333333326,4.651333333333333,2007.0,7128.45,4896.87,567.17,3429.82,307.53,1033.04,0.4
4,177.0,31.36,36.47,13.48,79.01,31.35,23.01,25.82,4.93,2007.0,177.0,11.81,29.59,0.0,43.53,25.93,13.62,20.11,1.62,2007.0,177.0,24.38933333333334,32.611333333333334,2.2199999999999998,59.08666666666668,28.976,17.37333333333333,22.82,3.0953333333333317,2007.0,7072.05,4788.06,565.83,3309.55,322.99,893.51,0.68
5,193.0,29.02,38.3,11.64,74.66,36.75,22.88,29.01,5.69,2007.0,193.0,17.39,29.66,0.0,38.28,27.41,15.51,21.59,1.43,2007.0,193.0,26.533333333333335,33.584666666666664,2.349333333333333,50.628,32.07066666666667,19.13533333333333,25.18,3.49,2007.0,6613.29,4390.83,642.23,3176.27,348.18,1080.93,0.09
6,209.0,27.11,38.77,8.04,79.12,33.26,21.57,25.7,4.04,2007.0,209.0,17.75,32.44,0.0,41.4,28.07,14.97,22.95,1.21,2007.0,209.0,23.368,35.06733333333333,1.9033333333333333,58.798,31.395333333333333,19.146000000000004,24.730666666666664,2.8026666666666658,2007.0,6063.18,3909.96,731.63,2997.23,375.24,1189.94,0.01
7,225.0,25.63,38.74,72.77,87.57,34.08,22.28,27.49,4.8,2007.0,225.0,7.45,33.34,0.0,58.61,27.17,15.27,21.63,1.63,2007.0,225.0,18.980666666666668,36.413333333333334,11.155333333333333,72.16266666666665,31.19,19.528666666666666,24.529333333333334,2.7879999999999994,2007.0,6045.97,3814.71,708.35,2874.6,381.63,1109.51,0.3
8,241.0,23.58,38.02,37.44,87.79,33.06,21.4,24.77,6.02,2007.0,241.0,2.84,28.58,0.0,47.93,24.06,10.17,17.78,1.39,2007.0,241.0,19.62357142857143,33.122,5.577333333333332,67.718,28.29733333333333,16.224666666666664,21.90866666666666,3.102,2007.0,5838.36,3499.86,705.81,2685.8,354.84,1141.11,0.0
9,257.0,21.82,35.57,14.13,83.45,27.88,17.77,22.17,7.38,2007.0,257.0,7.56,23.8,0.0,39.93,16.81,0.61,9.52,1.01,2007.0,257.0,17.21066666666667,30.23333333333333,3.6846666666666663,64.85533333333335,22.672000000000004,11.616666666666667,17.008000000000003,4.284666666666666,2007.0,4868.49,2737.55,745.67,2280.19,387.99,1253.82,0.04
10,273.0,18.47,35.6,30.38,91.88,29.7,20.49,22.9,7.84,2007.0,273.0,4.03,26.82,0.0,38.66,18.7,3.48,12.71,2.42,2007.0,273.0,13.978000000000002,31.566,4.463333333333334,67.80733333333333,24.110000000000003,13.223999999999998,18.616,4.587333333333334,2007.0,4487.53,2250.94,686.07,1899.69,365.71,1279.47,0.0
11,289.0,15.88,31.82,54.19,98.89,18.82,11.37,12.89,7.81,2007.0,289.0,3.1,23.72,0.0,75.35,8.97,3.53,6.75,1.14,2007.0,289.0,8.882000000000001,28.77066666666667,9.018666666666668,86.51800000000001,13.458666666666664,7.530666666666666,10.406,4.206,2007.0,4444.19,2029.23,612.04,1679.74,324.56,1128.68,0.03
12,305.0,13.5,28.55,0.41,88.05,18.08,9.87,13.07,8.31,2007.0,305.0,5.58,19.19,0.0,40.25,4.95,-4.6,1.18,0.98,2007.0,305.0,10.460714285714284,23.50133333333333,0.08133333333333334,58.194666666666656,11.927333333333332,2.3426666666666667,6.785333333333332,4.1353333333333335,2007.0,3756.38,1816.28,763.84,1751.53,411.43,1365.33,0.39
