,DOY,INSgdmax,RADmax,RAINmax,RHmax,TMAXmax,TMINmax,Tmax,WINDmax,YEAR,DOY,INSgdmin,RADmin,RAINmin,RHmin,TMAXmin,TMINmin,Tmin,WINDmin,YEAR,DOY,INSgdmean,RADmean,RAINmean,RHmean,TMAXmean,TMINmean,Tmean,WINDmean,YEAR,NDVI,EVI,RED,NIR,BLUE,MIR,pixrel
0,113.0,28.0092,30.688000000000002,38.169999999999995,84.7978,29.4756,14.5076,21.6768,7.6712,2007.0,113.0,2.8404,23.1804,0.0,47.274,10.935799999999999,4.2025999999999994,9.1568,2.4534000000000002,2007.0,113.0,20.419466666666665,27.843786666666666,6.289853333333332,59.49753333333334,20.509306666666667,8.916093333333333,14.770319999999998,4.483453333333333,2007.0,2900.43,1535.92,998.8,1860.82,552.67,1930.43,0.13
1,129.0,28.572000000000003,34.6546,53.0292,95.3312,31.034,19.68,25.001800000000003,8.5632,2007.0,129.0,5.8248,24.8946,0.0,32.8456,15.8336,9.136199999999999,14.120000000000001,1.5874000000000001,2007.0,129.0,18.568559999999998,30.513880000000007,9.71896,62.34456,23.330653333333334,13.773653333333336,18.6252,4.983066666666667,2007.0,3892.46,2270.49,970.97,2272.9,535.99,1862.72,0.81
2,145.0,30.7284,34.28580000000001,26.225399999999997,88.1916,29.5286,19.337000000000003,23.657999999999998,7.991199999999999,2007.0,145.0,10.2116,26.7632,0.0,34.3822,16.3148,6.088999999999999,12.715,2.3272,2007.0,145.0,20.093973333333334,30.869200000000003,5.38288,66.70292,23.86253333333333,13.9622,18.769893333333336,4.5674133333333335,2007.0,5108.43,2737.84,687.11,2182.55,378.3,1268.03,0.05
3,161.0,30.038800000000002,35.1154,12.5256,79.4132,33.3692,20.1534,25.1958,9.98,2007.0,161.0,10.8976,25.7308,0.0,36.455799999999996,23.007,11.330200000000001,17.432000000000002,1.241,2007.0,161.0,25.051906666666664,31.568466666666662,1.604466666666667,55.91333333333333,28.28665333333333,16.170786666666668,21.88725333333333,4.7813333333333325,2007.0,7077.1,5193.84,605.6,3716.21,337.36,1115.78,0.41
4,177.0,31.243000000000002,36.3296,10.711,81.83359999999999,31.2018,22.339199999999998,25.242799999999995,4.875400000000001,2007.0,177.0,15.827000000000002,28.973800000000004,0.0,42.48479999999999,25.5244,12.824399999999999,19.798000000000002,1.8228,2007.0,177.0,25.48601333333333,32.52293333333333,1.5008399999999997,60.36534666666667,28.797639999999998,17.185093333333334,22.558439999999997,3.197773333333334,2007.0,6948.08,5276.56,682.86,3923.33,374.71,1077.45,0.2
5,193.0,28.903000000000002,38.8382,14.1126,73.0922,37.9512,22.466600000000003,28.815,5.432600000000001,2007.0,193.0,15.112400000000001,30.1436,0.0,38.8728,27.3944,15.471000000000002,21.473000000000003,1.3052000000000001,2007.0,193.0,26.293613333333337,33.93618666666667,2.456453333333333,50.32379999999999,32.28438666666667,19.071373333333334,25.194039999999998,3.45984,2007.0,6587.74,4625.17,684.64,3411.43,376.69,1073.72,0.13
6,209.0,26.4938,38.4034,9.802800000000001,79.42420000000001,33.236599999999996,21.538800000000002,25.918400000000002,4.4846,2007.0,209.0,17.1572,33.0796,0.0,42.46079999999999,28.1012,14.595600000000001,22.7316,1.054,2007.0,209.0,23.501119999999997,35.573813333333334,2.1664533333333336,63.042759999999994,31.100493333333336,18.87664,24.335466666666665,2.965426666666666,2007.0,5785.89,3959.04,847.79,3232.95,414.6,1186.44,0.09
7,225.0,25.5754,38.6542,51.242000000000004,88.038,33.8928,22.1864,27.388599999999997,4.9559999999999995,2007.0,225.0,6.638800000000001,33.9016,0.0,61.3712,26.78,15.1374,21.668999999999997,1.8094000000000001,2007.0,225.0,18.36810666666667,36.583373333333334,11.662333333333335,73.92546666666667,31.018400000000003,19.406466666666667,24.351493333333334,2.91436,2007.0,4999.16,3344.43,998.84,2969.8,532.33,1395.35,0.22
8,241.0,23.3538,37.8796,28.820999999999998,88.0708,32.7714,20.8696,24.707600000000003,5.9108,2007.0,241.0,3.152,28.9232,0.0,48.71,23.747999999999998,10.006200000000002,17.5772,1.2262,2007.0,241.0,19.303214285714283,33.36588,5.177973333333332,69.6446,27.996773333333326,16.190346666666663,21.66842666666666,3.28816,2007.0,4728.55,2905.17,991.62,2704.27,476.77,1442.26,0.05
9,257.0,21.6796,35.258,14.0442,88.9022,27.529,17.3722,21.764399999999995,7.325399999999999,2007.0,257.0,7.4508,23.9404,0.0,41.0142,16.7398,0.7348,9.3874,1.0958,2007.0,257.0,16.487346666666667,30.380493333333334,3.346146666666667,66.93533333333335,22.2716,11.236546666666667,16.656480000000002,4.411026666666666,2007.0,4197.85,2486.5,941.84,2356.56,501.93,1504.45,0.29
10,273.0,18.415399999999998,35.8808,29.249000000000002,91.88,29.5128,20.029799999999998,22.8532,8.713600000000001,2007.0,273.0,6.533800000000001,26.9604,0.0,40.352599999999995,18.356800000000003,4.4159999999999995,12.983,2.7242,2007.0,273.0,14.007120000000002,31.5686,4.723333333333333,67.44697333333333,24.27276,12.97856,18.48964,4.9601733333333335,2007.0,3670.91,1893.55,859.22,1901.24,464.5,1482.46,0.03
11,289.0,15.958000000000002,31.82,30.7354,99.23320000000001,19.0306,10.629,12.4064,7.7476,2007.0,289.0,3.0142,24.000799999999998,0.0,76.23919999999998,8.8764,3.6079999999999997,6.5706,1.3194000000000001,2007.0,289.0,9.524199999999999,28.50494666666667,7.395746666666668,86.83624,13.362986666666668,7.414186666666666,10.234920000000002,4.18572,2007.0,3650.89,1694.1,741.59,1639.49,405.14,1339.47,0.03
12,305.0,13.468800000000002,28.635800000000003,1.8608,85.71,18.0956,9.9636,12.992,8.3334,2007.0,305.0,5.97,19.1042,0.0,40.65560000000001,4.599,-5.044599999999999,1.0318,1.3466,2007.0,305.0,10.538157142857141,23.437373333333333,0.2622933333333334,58.23574666666666,12.033413333333332,2.0473066666666666,6.689133333333334,4.203973333333334,2007.0,3023.28,1496.46,905.9,1730.69,495.69,1603.48,0.35
