,DOY,INSgdmax,RADmax,RAINmax,RHmax,TMAXmax,TMINmax,Tmax,WINDmax,YEAR,DOY,INSgdmin,RADmin,RAINmin,RHmin,TMAXmin,TMINmin,Tmin,WINDmin,YEAR,DOY,INSgdmean,RADmean,RAINmean,RHmean,TMAXmean,TMINmean,Tmean,WINDmean,YEAR,NDVI,EVI,RED,NIR,BLUE,MIR,pixrel
0,113.0,28.3231,31.014200000000002,51.7245,92.19289999999998,29.673299999999998,15.0631,21.988799999999998,7.442399999999999,2007.0,113.0,1.9786,23.713399999999996,0.0,44.101800000000004,10.7307,3.1294000000000004,8.1496,1.8719999999999999,2007.0,113.0,19.725199999999997,27.88592,7.418706666666667,58.99540666666666,21.502859999999995,9.118366666666667,15.256986666666664,4.055073333333333,2007.0,5119.21,2445.33,596.69,1908.53,320.28,1107.9,0.0
1,129.0,28.711799999999997,35.6616,71.49889999999999,89.18260000000001,31.676199999999998,21.7391,25.906,7.7332,2007.0,129.0,2.4949,26.9172,0.0,33.0235,15.151699999999998,8.785499999999999,13.7985,1.4546999999999999,2007.0,129.0,17.444433333333333,31.47362,10.793046666666665,59.75717999999999,24.797713333333327,14.815026666666668,19.695346666666662,4.44506,2007.0,5809.94,3087.88,540.7,2202.94,304.05,1035.88,0.0
2,145.0,30.580099999999998,34.9936,16.7342,88.1515,29.7061,20.1045,24.1707,6.3256,2007.0,145.0,7.828100000000001,25.3313,0.0,30.3796,20.258,6.8631,13.516200000000001,1.9860000000000002,2007.0,145.0,20.54396666666667,31.335673333333332,4.025866666666667,63.81972666666667,25.0233,15.010453333333333,19.997886666666673,3.9094599999999997,2007.0,7221.99,3976.16,375.59,2491.47,232.69,669.93,0.57
3,161.0,31.563,34.432,9.0229,73.6048,34.672,23.1375,27.491200000000003,8.748,2007.0,161.0,14.715,26.448900000000002,0.0,35.2385,24.0092,10.5403,19.024299999999997,1.7499,2007.0,161.0,25.089593333333333,31.439300000000003,1.8352866666666665,48.64346,29.807426666666668,16.82174666666667,23.3051,3.9852999999999996,2007.0,7361.3,4320.4,396.13,2731.8,249.03,735.01,0.19
4,177.0,29.945099999999996,36.772,13.880600000000001,73.8465,32.645799999999994,21.936799999999998,26.194999999999997,4.293500000000001,2007.0,177.0,9.0016,31.3905,0.0,42.7616,26.601200000000002,14.562,20.7678,1.5941,2007.0,177.0,21.645186666666664,34.027899999999995,3.035406666666667,58.45396,29.642186666666664,17.86514,23.730033333333335,2.599906666666667,2007.0,7371.16,4510.51,432.92,2903.68,264.17,856.74,0.0
5,193.0,29.143900000000002,38.4675,13.172899999999998,67.53,36.8443,24.097899999999996,29.4303,5.4924,2007.0,193.0,19.5695,29.492800000000003,0.0,36.9893,28.158500000000004,16.722299999999997,22.290800000000004,1.3734000000000002,2007.0,193.0,26.210273333333337,34.40750666666667,3.415426666666667,48.622033333333334,32.811,20.097540000000002,26.17544666666667,3.356046666666667,2007.0,7345.11,4151.42,380.9,2600.91,230.11,750.98,0.0
6,209.0,28.065299999999997,38.9108,30.2466,72.5781,34.8473,23.4207,27.802,3.2873000000000006,2007.0,209.0,16.2429,30.931600000000003,0.0,38.8779,28.7226,15.648000000000001,23.192600000000002,1.4846,2007.0,209.0,24.274440000000006,35.632793333333325,3.4309,48.66106666666666,32.537126666666666,20.16204,26.327879999999993,2.35786,2007.0,7098.52,3642.52,380.4,2279.26,223.34,728.93,0.0
7,225.0,25.660800000000002,39.511700000000005,42.8488,83.6371,35.35510000000001,24.242900000000002,27.9728,4.1748,2007.0,225.0,9.5007,34.925200000000004,0.0,54.740100000000005,29.304099999999995,16.8255,23.527900000000002,1.0072999999999999,2007.0,225.0,20.293633333333332,37.52302666666666,12.502526666666666,70.36446,32.29250666666667,21.166059999999998,25.989753333333333,2.4048133333333332,2007.0,7389.13,3738.31,319.51,2257.86,197.19,604.35,0.07
8,241.0,24.033900000000003,38.114999999999995,43.964,85.342,33.6828,23.2121,25.6483,5.1358,2007.0,241.0,10.958300000000001,28.9584,0.0,44.28920000000001,24.7219,11.1033,19.3187,0.7221,2007.0,241.0,20.11163571428571,33.216519999999996,5.728566666666666,65.80256,28.957140000000003,16.980246666666666,22.806813333333334,2.5612866666666663,2007.0,7244.14,3604.96,321.38,2192.16,197.29,612.03,0.0
9,257.0,22.0392,36.168899999999994,26.0897,74.9429,30.214799999999997,20.729499999999998,24.7266,6.2325,2007.0,257.0,4.764399999999999,24.3014,0.0,35.823899999999995,17.9803,1.9618,10.7075,1.0922,2007.0,257.0,18.26992,30.740426666666664,3.268366666666666,58.2409,25.194119999999998,13.247,19.011686666666666,3.6959333333333335,2007.0,6469.84,3081.42,385.38,2000.36,209.79,613.18,0.0
10,273.0,18.963099999999997,36.432199999999995,27.531799999999997,89.9987,31.4567,21.767200000000003,24.4649,6.061,2007.0,273.0,3.2725,26.6958,0.0,37.1299,20.0936,5.992900000000001,13.352,1.5268,2007.0,273.0,13.883413333333335,32.023959999999995,4.167020000000001,66.50128000000001,25.209426666666662,13.959599999999996,19.655506666666664,3.678726666666667,2007.0,6098.05,2567.98,364.01,1682.14,203.76,661.44,0.0
11,289.0,16.3078,32.9,25.929300000000005,93.25189999999999,20.558300000000003,13.168499999999998,15.330400000000001,7.1800999999999995,2007.0,289.0,3.8430999999999997,23.1933,0.0,71.20400000000001,10.223700000000001,3.0170000000000003,7.694100000000001,0.9260000000000002,2007.0,289.0,9.84132,29.530786666666664,8.120560000000001,80.36216,15.419393333333336,8.704886666666665,11.899766666666668,4.117786666666667,2007.0,5957.18,2385.67,374.51,1587.84,211.09,674.97,0.0
12,305.0,13.797,30.090300000000003,0.8231,89.3525,20.7699,10.3431,14.8397,7.311,2007.0,305.0,4.7699,18.862199999999998,0.0,36.876599999999996,6.3469,-5.7164,1.5328,1.9500000000000002,2007.0,305.0,11.171521428571427,23.537359999999996,0.09953333333333333,54.38514666666667,13.03456666666667,3.0087466666666662,7.8576999999999995,3.6991,2007.0,5658.01,2320.9,436.41,1623.15,241.81,754.04,0.0
