,DOY,INSgdmax,RADmax,RAINmax,RHmax,TMAXmax,TMINmax,Tmax,WINDmax,YEAR,DOY,INSgdmin,RADmin,RAINmin,RHmin,TMAXmin,TMINmin,Tmin,WINDmin,YEAR,DOY,INSgdmean,RADmean,RAINmean,RHmean,TMAXmean,TMINmean,Tmean,WINDmean,YEAR,NDVI,EVI,RED,NIR,BLUE,MIR,pixrel
0,113.0,26.2688,32.4116,33.062000000000005,92.2156,23.166,13.491200000000003,16.8116,9.1304,2008.0,113.0,6.1335999999999995,21.874,0.0,46.4356,7.498799999999999,-1.8172,3.4236,1.2992,2008.0,113.0,17.94661333333333,26.901200000000003,5.56304,70.87682666666666,18.024933333333333,5.3406400000000005,11.663253333333332,5.631839999999999,2008.0,4543.12,1992.32,629.0,1670.06,317.38,1252.98,0.0
1,129.0,28.1312,31.7072,24.589199999999998,88.72399999999999,25.8296,11.9284,18.6316,8.6332,2008.0,129.0,7.8835999999999995,23.033599999999996,0.0,51.918000000000006,15.0132,3.3655999999999997,9.324,1.8576,2008.0,129.0,20.35138666666667,27.156533333333332,3.3100266666666665,65.29706666666665,19.71848,7.612959999999998,13.479893333333333,5.101333333333333,2008.0,4765.7,2299.63,681.77,1916.74,346.81,1337.11,0.0
2,145.0,29.102800000000002,33.764,29.710800000000006,91.27599999999998,24.904799999999998,17.1064,20.360400000000002,6.6184,2008.0,145.0,4.5068,23.3552,0.0,45.3412,14.236799999999999,4.590400000000001,11.8524,2.2868,2008.0,145.0,21.108906666666666,28.62336,6.341413333333334,64.71298666666667,20.734026666666672,9.888586666666667,15.351626666666668,5.039946666666667,2008.0,5406.53,2502.59,560.56,1868.18,290.39,1117.24,0.0
3,161.0,29.357599999999998,36.4888,42.418,89.8608,28.3504,22.2708,24.5912,9.5396,2008.0,161.0,6.1936,26.38,0.0,61.1848,22.031599999999997,12.3988,17.6564,2.338,2008.0,161.0,17.90770666666667,32.70786666666667,10.46224,76.02882666666667,25.82448,16.688986666666665,21.309599999999996,5.469600000000001,2008.0,7834.56,4552.85,313.44,2763.35,177.46,620.86,0.04
4,177.0,28.6824,34.971199999999996,40.885600000000004,88.5464,29.438000000000002,21.0108,24.3164,7.4728,2008.0,177.0,5.9096,27.791199999999996,0.0,51.5816,23.5504,13.3004,18.936400000000003,1.5304,2008.0,177.0,23.857000000000003,30.89946666666666,5.707733333333333,68.35117333333332,26.21568,16.27954666666667,21.211893333333336,3.751946666666666,2008.0,7830.15,5197.58,369.77,3279.5,226.52,651.29,0.49
5,193.0,29.4336,36.801199999999994,32.55800000000001,91.5924,29.6984,22.3808,25.446000000000005,6.1572,2008.0,193.0,16.3024,27.657599999999995,0.0,53.526399999999995,23.592799999999997,13.0772,19.526,1.6976,2008.0,193.0,23.93344,32.51784,6.950586666666666,73.93405333333332,27.481333333333332,17.90416,22.858053333333334,3.892586666666667,2008.0,8210.58,5621.25,339.97,3529.19,192.98,649.2,0.75
6,209.0,27.0764,36.2864,12.329600000000001,89.5728,31.074000000000005,21.8452,25.821199999999997,5.0912,2008.0,209.0,13.659599999999998,29.471200000000003,0.0,52.997600000000006,25.1468,16.159200000000002,20.8712,2.0944000000000003,2008.0,209.0,22.819573333333334,33.01837333333334,2.852586666666667,70.86781333333334,28.79282666666667,19.225146666666664,23.784639999999996,3.2033066666666667,2008.0,8324.42,5157.97,264.49,3089.79,145.71,542.31,0.2
7,225.0,25.2776,33.510400000000004,15.849599999999997,74.5108,31.892,20.8264,24.9744,4.236,2008.0,225.0,11.5032,27.598799999999997,0.0,41.4148,24.318,13.6928,20.4052,1.6159999999999999,2008.0,225.0,22.023626666666665,30.810133333333333,1.960346666666667,53.816559999999996,28.74064,16.603279999999998,22.499866666666662,2.789653333333333,2008.0,8050.51,4812.86,281.26,2878.25,157.27,581.44,0.0
8,241.0,24.075199999999995,35.6576,32.0936,88.0804,33.682,20.0668,26.269999999999996,5.664,2008.0,241.0,5.340400000000001,27.175200000000004,0.0,43.33,16.226399999999998,11.139999999999999,13.815999999999999,2.0223999999999998,2008.0,241.0,18.26589333333333,31.655173333333327,5.933440000000001,60.27407999999999,27.97626666666666,15.663013333333332,21.758986666666665,4.207093333333334,2008.0,7971.69,4591.25,293.55,2742.54,166.5,552.92,0.66
9,257.0,21.3752,35.802400000000006,31.093600000000002,95.9964,28.8752,18.082,20.584400000000002,6.240399999999999,2008.0,257.0,5.4124,24.2636,0.0,55.833600000000004,15.7668,6.3468,12.03,1.7888000000000002,2008.0,257.0,14.296186666666667,30.13314666666666,6.717253333333335,69.73045333333333,23.497946666666667,11.661493333333333,17.347973333333332,3.717626666666666,2008.0,7676.16,4057.0,299.55,2419.36,164.86,513.7,0.0
10,273.0,17.977600000000002,31.964,23.6216,78.9468,28.276799999999998,17.2988,21.4004,5.885199999999999,2008.0,273.0,9.6356,23.8876,0.0,48.2548,15.9816,2.9296,10.3164,2.7276,2008.0,273.0,14.861946666666666,28.40866666666666,3.0819999999999994,62.59394666666667,22.97456,10.166773333333333,16.12525333333333,4.118453333333333,2008.0,6826.88,3235.06,379.25,2054.02,193.14,610.14,0.0
11,289.0,15.9676,32.96959999999999,16.6024,80.42039999999999,26.454000000000004,15.8904,20.3416,8.4396,2008.0,289.0,3.5252000000000003,21.4616,0.0,33.17359999999999,10.1464,0.0896,6.0224,1.3683999999999998,2008.0,289.0,11.441120000000002,26.886746666666667,2.0157333333333334,65.04541333333333,17.634266666666665,5.825840000000001,11.380400000000002,4.6004,2008.0,5206.27,1881.59,415.0,1339.38,213.26,733.86,0.0
12,305.0,12.588799999999999,31.001600000000003,10.1824,93.53720000000001,22.6668,11.148799999999998,15.6792,10.404399999999999,2008.0,305.0,4.8912,20.4512,0.0,46.5236,3.8299999999999996,-3.9143999999999997,2.0056,2.5096,2008.0,305.0,9.544239999999999,26.000240000000005,0.8716799999999999,68.13746666666667,14.968613333333334,4.772213333333332,9.42768,5.7860266666666655,2008.0,5283.25,1921.07,420.03,1369.14,208.17,806.38,0.01
