,DOY,INSgdmax,RADmax,RAINmax,RHmax,TMAXmax,TMINmax,Tmax,WINDmax,YEAR,DOY,INSgdmin,RADmin,RAINmin,RHmin,TMAXmin,TMINmin,Tmin,WINDmin,YEAR,DOY,INSgdmean,RADmean,RAINmean,RHmean,TMAXmean,TMINmean,Tmean,WINDmean,YEAR,NDVI,EVI,RED,NIR,BLUE,MIR,pixrel
0,113.0,26.297199999999997,33.1341,22.5688,87.7161,24.060200000000002,14.095600000000001,17.6747,10.4303,2008.0,113.0,5.585,21.135199999999998,0.0,41.624399999999994,9.9738,-1.3169,5.6997,4.2280999999999995,2008.0,113.0,19.19206666666667,26.578146666666665,3.407493333333333,64.93630666666667,17.9476,4.368966666666668,11.034233333333333,6.455893333333335,2008.0,2904.23,1760.11,1344.2,2433.74,671.34,2540.84,0.69
1,129.0,28.774300000000004,30.7423,28.282200000000003,85.4697,26.9175,13.5821,18.997400000000003,8.1251,2008.0,129.0,5.843500000000001,22.2989,0.0,40.0774,14.3854,1.1776,8.9904,1.3715,2008.0,129.0,21.278146666666668,27.1879,3.5301600000000004,58.264046666666665,21.108406666666667,7.723140000000001,14.232966666666666,5.200760000000001,2008.0,3209.87,2108.22,1431.03,2778.25,715.75,2806.51,0.8
2,145.0,28.1902,35.2243,27.297200000000004,86.2928,29.723699999999994,20.0627,24.1522,8.235499999999998,2008.0,145.0,6.5867,26.079699999999995,0.0,37.33390000000001,14.8978,7.8465,13.247,2.8911,2008.0,145.0,21.101966666666666,30.813306666666662,6.128086666666665,63.124426666666665,24.122600000000002,12.50829333333333,18.186066666666665,5.505699999999999,2008.0,4080.2,2567.01,1099.02,2640.53,567.13,1900.1,0.41
3,161.0,29.63,35.953,28.7886,87.6796,30.2512,21.4416,24.976100000000002,9.0428,2008.0,161.0,11.1701,27.1218,0.0,49.7007,24.35,11.1868,18.6366,3.2742999999999998,2008.0,161.0,23.680633333333333,31.834026666666666,8.986100000000002,71.54640666666667,26.988780000000002,16.391113333333333,21.837740000000004,5.170826666666666,2008.0,4605.85,3007.12,1055.21,2877.97,545.13,2066.14,0.0
4,177.0,29.023899999999998,34.9252,38.1392,87.7643,29.8629,21.7069,24.6966,6.7261999999999995,2008.0,177.0,10.0856,28.834799999999998,0.0,52.1141,24.0176,14.4553,19.993899999999996,1.3565,2008.0,177.0,23.8336,31.74396666666667,6.109733333333332,68.01370666666668,27.45946,17.599206666666667,22.429999999999996,3.347593333333333,2008.0,6875.37,4941.55,666.81,3610.9,363.81,1419.97,0.31
5,193.0,29.264799999999997,36.736599999999996,17.238099999999996,82.6676,33.4148,22.414700000000003,27.9807,6.2273,2008.0,193.0,15.7808,27.902900000000002,0.0,39.2367,25.8333,15.0094,21.531399999999998,2.0166,2008.0,193.0,23.62779333333333,33.66154666666666,5.56354,64.24460666666666,30.370906666666666,19.23277333333333,24.735626666666665,4.102926666666667,2008.0,7726.3,5783.28,496.57,3931.18,277.69,1095.19,0.0
6,209.0,27.3548,37.3598,18.4119,78.5301,40.072500000000005,24.0009,31.464,6.121700000000001,2008.0,209.0,11.1407,32.531099999999995,0.0,46.8402,29.589000000000002,17.960700000000003,24.1917,1.9356,2008.0,209.0,21.322993333333333,35.03957333333333,4.518419999999999,66.61153999999999,32.54079333333333,21.093359999999997,26.485060000000004,4.008633333333334,2008.0,8342.92,6251.74,358.84,4020.47,206.72,800.18,0.06
7,225.0,25.9252,34.89040000000001,6.857600000000001,63.6914,35.1748,20.7183,26.7726,5.097,2008.0,225.0,8.5136,29.575699999999998,0.0,38.7218,27.6958,16.1032,22.925200000000004,1.2995999999999999,2008.0,225.0,21.33733333333333,32.22416666666667,1.2544666666666666,49.80583333333334,31.644426666666664,18.387800000000006,24.881359999999997,2.8574999999999995,2008.0,7959.47,5515.24,398.82,3543.99,227.26,806.12,0.01
8,241.0,23.7109,35.535000000000004,10.6491,69.2072,35.72539999999999,20.206,27.299599999999998,7.323900000000001,2008.0,241.0,9.296000000000001,28.821199999999997,0.0,34.220099999999995,23.9574,11.4433,17.6177,2.1013,2008.0,241.0,20.245219999999996,32.02913333333334,2.4018599999999997,49.76010666666667,30.175379999999993,16.44872666666667,23.277553333333334,4.910513333333332,2008.0,7459.45,5281.16,515.77,3577.51,293.08,894.59,0.08
9,257.0,21.3446,35.4934,36.6539,94.47939999999998,29.6792,18.8235,21.203999999999997,7.754899999999999,2008.0,257.0,4.7195,25.267299999999995,0.0,47.8024,15.2055,6.216000000000001,12.111800000000002,1.5303,2008.0,257.0,15.045773333333335,29.88842,5.141706666666666,67.54826,23.795160000000003,11.749973333333333,17.652486666666668,3.989333333333334,2008.0,5817.02,3381.08,684.0,2606.71,328.7,1148.9,0.0
10,273.0,18.3418,33.1057,21.1561,82.2732,29.706699999999998,17.241400000000002,21.9619,8.3209,2008.0,273.0,8.4855,24.3582,0.0,44.1293,19.4409,5.7172,13.779800000000002,1.7683000000000002,2008.0,273.0,15.8525,29.45884,5.327326666666666,61.12676666666666,25.58872,12.91878666666667,18.68922,5.000799999999999,2008.0,4238.29,2183.42,828.19,2040.04,412.37,1576.94,0.0
11,289.0,16.385199999999998,33.6805,41.8284,93.8916,26.1734,16.9837,20.3172,8.5518,2008.0,289.0,2.532,23.692899999999998,0.0,35.333299999999994,11.3037,0.9906,7.523899999999999,1.916,2008.0,289.0,11.008339999999999,28.075213333333334,7.679100000000001,62.75756,18.94790666666667,7.307413333333335,12.353766666666665,5.286173333333334,2008.0,3429.41,1761.93,962.2,1955.77,482.0,1703.05,0.0
12,305.0,13.4886,31.4387,25.8446,85.92970000000001,23.1907,13.8675,16.953400000000002,9.6074,2008.0,305.0,4.1002,19.147100000000002,0.0,43.425999999999995,3.8861,-2.3383000000000003,0.4902,2.46,2008.0,305.0,10.46077333333333,25.505033333333337,1.892366666666667,65.62330666666666,15.992380000000002,4.541346666666667,9.57122,5.78534,2008.0,2758.91,1523.03,1194.08,2090.6,605.88,2054.69,0.3
