,DOY,INSgdmax,RADmax,RAINmax,RHmax,TMAXmax,TMINmax,Tmax,WINDmax,YEAR,DOY,INSgdmin,RADmin,RAINmin,RHmin,TMAXmin,TMINmin,Tmin,WINDmin,YEAR,DOY,INSgdmean,RADmean,RAINmean,RHmean,TMAXmean,TMINmean,Tmean,WINDmean,YEAR,NDVI,EVI,RED,NIR,BLUE,MIR,pixrel
0,113.0,26.316,33.122,21.671,88.794,23.729000000000003,14.721000000000002,18.194000000000003,9.672999999999998,2008.0,113.0,5.418,22.163000000000004,0.0,46.299,10.775999999999998,-0.934,5.3100000000000005,3.8020000000000005,2008.0,113.0,18.480066666666666,27.133466666666664,5.214999999999999,69.69073333333333,17.870533333333334,4.906133333333335,11.304533333333334,6.009733333333334,2008.0,4823.22,3008.63,945.39,2711.56,491.43,1904.15,0.14
1,129.0,28.702,30.858999999999995,35.258,80.887,26.024,13.459999999999999,18.872,8.831,2008.0,129.0,7.837000000000001,22.994,0.0,42.937,16.154,2.263,9.161999999999999,1.66,2008.0,129.0,21.609695238095235,27.23486666666667,4.4223333333333334,60.7938,20.607333333333333,8.209999999999999,14.265333333333333,5.289266666666666,2008.0,5510.42,3693.63,885.45,3076.67,466.22,1827.3,0.05
2,145.0,28.414,34.702000000000005,30.225,90.279,27.329,20.184,22.768,7.682,2008.0,145.0,8.033000000000001,25.817,0.0,39.694,16.444,7.8950000000000005,13.992999999999999,2.542,2008.0,145.0,20.863333333333337,30.675800000000002,5.8078,65.9706,23.439,12.426733333333335,17.776066666666665,5.3672666666666675,2008.0,6223.01,4399.13,798.08,3436.85,428.45,1581.9,0.39
3,161.0,29.562,36.452,35.54,90.417,28.682000000000002,21.767000000000003,24.516,8.916,2008.0,161.0,8.669,26.932000000000002,0.0,52.656000000000006,24.072,12.565999999999999,18.666,3.094,2008.0,161.0,22.28673333333333,32.323800000000006,11.151,75.1378,26.727733333333337,16.807199999999998,21.921200000000006,5.311066666666667,2008.0,6438.44,4186.54,653.5,3050.61,353.15,1392.06,0.01
4,177.0,29.281,35.854,38.636,89.156,29.116,21.372,24.234,7.245,2008.0,177.0,5.703,28.226,0.0,54.811,24.095,14.651,20.012,1.4629999999999999,2008.0,177.0,23.341115384615385,31.692800000000002,6.358066666666666,69.66553333333334,27.025066666666667,17.590733333333333,22.223533333333332,3.501066666666667,2008.0,6537.38,4623.37,730.13,3486.86,393.68,1517.95,0.5
5,193.0,29.225,36.391,25.372,87.399,33.047,21.991,27.494,6.5009999999999994,2008.0,193.0,10.559000000000001,27.616,0.0,44.852000000000004,24.755,14.661999999999999,21.028,1.52,2008.0,193.0,22.2454,33.46866666666666,5.9960666666666675,66.63306666666668,29.3124,18.907666666666664,24.199066666666663,4.085866666666666,2008.0,7772.8,5314.59,423.76,3467.77,235.94,949.55,0.08
6,209.0,27.031,36.82899999999999,28.963,84.55600000000001,38.898,23.511,30.602999999999994,5.726,2008.0,209.0,9.953,32.501999999999995,0.0,54.34700000000001,27.474,17.726,22.975,1.9800000000000002,2008.0,209.0,21.05746666666667,34.79873333333333,6.864533333333333,69.74753333333332,31.526866666666667,20.814866666666664,25.830733333333328,3.761866666666667,2008.0,7746.39,5519.59,459.14,3675.18,254.45,983.21,0.0
7,225.0,25.508,35.237,6.6370000000000005,65.656,33.655,22.546,26.649,4.771999999999999,2008.0,225.0,11.238,29.098,0.0,39.837,28.049000000000003,15.524000000000001,22.802999999999997,1.355,2008.0,225.0,20.9514,32.123666666666665,0.6879333333333333,50.424600000000005,31.383733333333335,18.00333333333333,24.49486666666667,2.828333333333333,2008.0,7679.6,5074.45,420.87,3288.23,234.12,895.97,0.0
8,241.0,23.753,35.480000000000004,16.492,75.489,35.413,20.595,27.013999999999996,6.548,2008.0,241.0,7.891,28.658,0.0,35.08,22.055999999999997,12.695999999999998,17.227,2.763,2008.0,241.0,18.597466666666666,32.39326666666666,4.2926,53.12866666666667,29.90033333333333,16.376333333333335,23.02433333333333,4.6724,2008.0,7762.99,5008.64,397.43,3195.77,222.74,811.42,0.0
9,257.0,21.407000000000004,36.059,31.914,96.84100000000001,29.262,18.833999999999996,21.453,7.292999999999999,2008.0,257.0,4.462,24.868000000000002,0.0,49.925999999999995,15.485,6.163,12.36,1.653,2008.0,257.0,14.821266666666666,30.19426666666666,5.9042666666666666,69.70593333333333,23.612333333333332,11.987199999999998,17.7008,3.8346,2008.0,6833.96,4102.24,516.54,2778.75,284.97,954.5,0.0
10,273.0,18.323,32.958,27.116,79.14500000000001,29.2,16.919,21.496000000000002,7.273000000000001,2008.0,273.0,8.795,24.403,0.0,45.92700000000001,18.98,5.372,13.222999999999999,2.04,2008.0,273.0,15.858999999999998,29.18966666666667,4.603133333333334,61.81686666666667,25.238333333333333,12.412600000000003,18.336199999999998,4.5940666666666665,2008.0,6335.99,3649.78,576.14,2585.83,305.9,1068.74,0.0
11,289.0,16.476,32.712999999999994,48.21600000000001,91.81700000000001,26.194000000000003,16.89,20.478,9.116,2008.0,289.0,3.404,22.873,0.0,36.89,10.799000000000001,0.772,7.12,2.009,2008.0,289.0,11.082799999999997,27.616466666666668,6.104266666666667,64.72526666666666,18.596733333333333,7.022266666666668,12.2066,5.2101999999999995,2008.0,4940.8,2642.66,738.82,2205.92,372.06,1394.03,0.0
12,305.0,13.622,31.395,28.996999999999996,84.274,22.674,13.265,16.332,9.831,2008.0,305.0,4.664,20.06,0.0,45.691,4.054,-2.701,0.839,2.097,2008.0,305.0,10.679533333333334,25.52026666666667,2.6618,68.26353333333333,15.949533333333335,4.736333333333333,9.609066666666665,5.6922,2008.0,4466.32,2567.81,910.54,2361.46,476.93,1604.93,0.37
