,DOY,INSgdmax,RADmax,RAINmax,RHmax,TMAXmax,TMINmax,Tmax,WINDmax,YEAR,DOY,INSgdmin,RADmin,RAINmin,RHmin,TMAXmin,TMINmin,Tmin,WINDmin,YEAR,DOY,INSgdmean,RADmean,RAINmean,RHmean,TMAXmean,TMINmean,Tmean,WINDmean,YEAR,NDVI,EVI,RED,NIR,BLUE,MIR,pixrel
0,113.0,26.427999999999997,33.459999999999994,31.458,91.41,23.588,14.498000000000001,17.746000000000002,9.632,2008.0,113.0,4.5040000000000004,22.526000000000003,0.0,46.906,9.527999999999999,-2.3739999999999997,3.832,2.136,2008.0,113.0,17.473066666666664,27.08506666666667,6.3722666666666665,69.23613333333333,17.95,4.3347999999999995,11.073333333333334,5.920533333333333,2008.0,4978.84,2086.44,597.17,1652.7,359.26,817.8,0.06
1,129.0,28.279999999999998,31.003999999999998,44.462,84.21600000000001,25.886,12.616,18.913999999999998,8.95,2008.0,129.0,7.432,22.892,0.0,43.916000000000004,15.962,3.644,9.304,1.8980000000000001,2008.0,129.0,20.893600000000006,27.2012,4.346,60.68919999999999,20.4544,8.073333333333334,14.057333333333334,5.29,2008.0,5104.94,2278.3,512.07,1738.07,257.95,833.27,7.69
2,145.0,29.073999999999998,34.61000000000001,19.838,91.916,26.968000000000004,19.14,21.956,7.667999999999999,2008.0,145.0,4.938000000000001,24.206000000000003,0.0,39.56999999999999,16.002,6.66,12.964,2.8520000000000003,2008.0,145.0,19.9832,29.880666666666663,5.779200000000001,62.236666666666665,22.70253333333333,11.227066666666666,16.741466666666664,5.3888,2008.0,5531.47,2519.58,464.16,1807.65,239.95,750.5,7.65
3,161.0,29.75,36.160000000000004,38.876000000000005,90.902,28.356,20.884,23.962,9.296,2008.0,161.0,9.936,26.112000000000002,0.0,53.79400000000001,23.15,12.893999999999998,18.242,2.7640000000000002,2008.0,161.0,20.70346666666667,32.32293333333334,11.205466666666666,73.9024,26.226266666666668,16.65893333333333,21.523333333333333,5.366266666666667,2008.0,6780.01,3216.33,310.72,1995.26,173.46,488.16,7.7
4,177.0,29.164,35.564,26.936,89.504,28.942,20.984,23.964,7.776,2008.0,177.0,5.42,27.778,0.0,51.22,23.146,14.034000000000002,19.235999999999997,1.908,2008.0,177.0,23.409142857142857,31.24626666666667,5.466533333333333,68.23573333333333,26.8964,16.933999999999997,21.840533333333337,3.7556000000000003,2008.0,7225.81,4072.51,323.01,2532.91,180.61,547.86,7.85
5,193.0,29.152,36.532,21.908,87.778,31.994,22.200000000000003,26.358,6.412,2008.0,193.0,13.638000000000002,27.472,0.0,46.852000000000004,24.003999999999998,14.166,20.424,1.7400000000000002,2008.0,193.0,22.959333333333333,33.0052,5.886933333333333,69.4624,28.5524,18.393466666666665,23.602933333333333,3.9772,2008.0,7546.7,4188.87,265.68,2512.75,149.07,486.48,7.65
6,209.0,27.458,36.76,33.202,87.802,36.54,22.421999999999997,28.674000000000003,5.384,2008.0,209.0,9.014,30.714,0.0,49.162000000000006,25.58,17.14,21.334,1.968,2008.0,209.0,21.738533333333333,34.014,7.0012,69.79293333333334,30.01986666666667,19.861600000000003,24.763066666666667,3.4648000000000003,2008.0,7438.78,4137.82,286.86,2517.9,159.79,515.07,7.66
7,225.0,25.7,34.384,9.188,76.578,32.564,20.887999999999998,25.972,4.228,2008.0,225.0,10.91,28.306000000000004,0.0,39.91,22.092,15.018,19.092,1.276,2008.0,225.0,21.084533333333336,31.34066666666667,1.1713333333333331,51.68533333333333,30.0488,17.201866666666664,23.47533333333333,2.7134666666666662,2008.0,7389.59,3850.82,272.22,2314.61,151.8,486.48,7.72
8,241.0,23.992,35.264,21.198,80.46199999999999,34.06,19.733999999999998,26.408,6.284,2008.0,241.0,7.300000000000001,27.964,0.0,35.958,20.548,11.9,16.163999999999998,2.94,2008.0,241.0,18.447333333333333,31.647333333333336,5.673866666666667,55.270399999999995,29.04706666666667,15.689333333333334,22.281733333333335,4.5646666666666675,2008.0,7381.71,3556.06,247.79,2102.41,130.39,440.7,7.65
9,257.0,21.038000000000004,35.492,27.724,95.68599999999999,30.235999999999997,17.784,21.6,6.799999999999999,2008.0,257.0,5.044,25.564,0.0,49.480000000000004,15.117999999999999,6.3919999999999995,12.17,2.012,2008.0,257.0,14.913828571428573,30.14586666666667,5.363066666666667,67.08266666666667,23.847466666666666,11.797733333333333,17.719866666666665,3.830800000000001,2008.0,6789.97,2996.5,286.39,1823.49,157.97,417.32,7.65
10,273.0,18.122,33.372,18.997999999999998,77.898,29.072,16.654000000000003,21.662,6.724,2008.0,273.0,7.836,24.201999999999998,0.0,43.662000000000006,17.992,4.412,12.178,2.682,2008.0,273.0,15.003733333333333,29.04013333333333,4.119866666666667,60.09520000000001,24.306133333333328,11.238399999999999,17.309866666666668,4.569733333333334,2008.0,5771.22,2510.99,404.25,1713.58,218.86,480.15,7.65
11,289.0,16.164,32.48,28.43,86.084,26.296,16.439999999999998,20.195999999999998,9.501999999999999,2008.0,289.0,3.638,22.514000000000003,0.0,32.43599999999999,9.995999999999999,0.4800000000000001,5.724,2.2279999999999998,2008.0,289.0,10.9256,27.1184,4.785066666666666,63.2424,17.886800000000004,6.002533333333333,11.5244,4.972800000000001,2008.0,4930.91,1803.3,412.55,1349.43,201.11,565.87,7.72
12,305.0,13.208000000000002,31.0,19.156000000000002,86.96000000000001,22.842,12.548,16.326,10.463999999999999,2008.0,305.0,4.475999999999999,20.451999999999998,0.0,43.478,3.144,-3.086,1.07,2.2279999999999998,2008.0,305.0,10.074533333333335,25.63946666666667,2.1621333333333332,66.98533333333334,15.854533333333336,4.766133333333333,9.613066666666665,5.806399999999999,2008.0,5290.89,1675.72,321.79,1168.0,153.66,552.88,7.65
