,DOY,INSgdmax,RADmax,RAINmax,RHmax,TMAXmax,TMINmax,Tmax,WINDmax,YEAR,DOY,INSgdmin,RADmin,RAINmin,RHmin,TMAXmin,TMINmin,Tmin,WINDmin,YEAR,DOY,INSgdmean,RADmean,RAINmean,RHmean,TMAXmean,TMINmean,Tmean,WINDmean,YEAR,NDVI,EVI,RED,NIR,BLUE,MIR,pixrel
0,113.0,26.5,33.3,28.95,92.11,23.36,13.99,17.39,9.94,2008.0,113.0,4.82,22.57,0.0,46.71,9.28,-3.17,3.2,2.12,2008.0,113.0,17.323999999999998,26.796000000000003,6.113333333333333,68.32600000000001,17.74866666666667,3.85,10.678666666666665,6.12,2008.0,3615.47,1689.08,870.37,1790.0,472.13,1399.3,0.17
1,129.0,28.22,30.6,35.79,85.6,26.05,12.46,18.97,8.89,2008.0,129.0,7.78,22.46,0.0,42.18,15.83,3.22,8.98,1.73,2008.0,129.0,20.304000000000006,27.154,3.6126666666666667,59.902,20.485333333333337,7.889333333333334,13.938666666666668,5.248666666666667,2008.0,3858.18,1820.06,739.71,1801.96,351.94,1284.3,10.34
2,145.0,29.23,35.17,16.89,91.44,26.94,18.86,21.7,7.8,2008.0,145.0,2.95,23.69,0.0,38.47,15.91,6.12,12.48,2.98,2008.0,145.0,20.241333333333333,29.671333333333326,5.856,60.833999999999996,22.636666666666667,10.759333333333334,16.43933333333333,5.446666666666667,2008.0,4420.29,2268.49,702.59,2047.97,333.52,1313.9,12.76
3,161.0,29.81,36.0,39.64,89.23,28.3,20.28,23.65,9.5,2008.0,161.0,8.28,25.88,0.0,52.93,22.95,12.81,18.07,2.46,2008.0,161.0,19.861333333333334,32.15066666666667,11.483333333333333,72.17599999999999,26.110000000000003,16.273333333333333,21.268666666666665,5.383333333333335,2008.0,6565.7,3650.17,393.59,2426.06,198.33,727.29,10.2
4,177.0,29.12,34.7,24.06,88.36,29.31,20.62,23.9,7.94,2008.0,177.0,7.16,27.65,0.0,49.6,22.57,13.73,18.74,1.94,2008.0,177.0,23.927142857142854,30.943333333333335,4.235333333333332,66.69866666666667,26.948666666666668,16.565999999999995,21.718666666666667,3.828666666666666,2008.0,7112.82,4494.66,327.0,2912.63,160.47,648.94,12.93
5,193.0,29.12,36.5,14.26,87.03,32.45,22.32,25.91,6.38,2008.0,193.0,16.85,27.5,0.0,45.3,23.98,14.15,20.26,1.8,2008.0,193.0,23.755333333333333,32.88066666666667,4.574666666666666,69.184,28.549999999999997,18.314,23.54933333333333,3.9206666666666665,2008.0,7517.69,4750.51,294.87,2995.56,145.58,587.04,10.21
6,209.0,27.43,36.86,36.89,88.31,36.1,22.17,28.35,5.34,2008.0,209.0,10.37,30.31,0.0,47.85,26.34,16.94,21.61,2.1,2008.0,209.0,21.93133333333333,33.79933333333334,6.372666666666666,68.57133333333334,29.838000000000008,19.62666666666667,24.57266666666667,3.461333333333334,2008.0,7457.27,4724.73,297.09,2993.7,145.76,602.95,10.23
7,225.0,25.6,33.98,8.44,77.61,32.5,19.8,25.46,4.04,2008.0,225.0,11.63,28.19,0.0,40.39,21.58,14.95,18.8,1.28,2008.0,225.0,21.176000000000002,31.209999999999994,1.3099999999999996,51.912000000000006,29.654666666666667,16.999999999999996,23.219333333333328,2.7499999999999996,2008.0,7329.85,4565.14,323.2,2920.25,159.2,633.64,10.2
8,241.0,24.12,35.42,19.07,77.17,33.88,19.41,26.4,6.5,2008.0,241.0,8.06,27.72,0.0,35.05,22.38,11.84,17.06,2.9,2008.0,241.0,18.924666666666667,31.34333333333333,5.158666666666667,53.96133333333333,28.944666666666667,15.442666666666664,22.171333333333337,4.6353333333333335,2008.0,7155.21,4117.77,323.94,2629.72,152.58,612.88,10.22
9,257.0,20.59,35.32,24.52,95.17,30.8,17.16,21.74,6.7,2008.0,257.0,5.26,25.52,0.0,48.12,14.83,6.5,12.15,1.88,2008.0,257.0,14.704,30.085333333333335,4.868666666666667,65.33866666666667,23.884,11.592666666666668,17.675333333333334,3.8806666666666674,2008.0,6562.71,3487.17,372.64,2299.61,182.43,581.55,10.2
10,273.0,18.11,33.66,15.17,78.49,29.2,16.53,21.63,6.88,2008.0,273.0,8.14,24.23,0.0,40.77,17.8,4.24,11.91,2.75,2008.0,273.0,14.81733333333333,29.034000000000002,3.3513333333333346,58.77866666666668,24.062666666666658,11.049333333333333,17.061333333333334,4.75,2008.0,5702.71,2909.1,509.3,2100.18,259.56,696.38,5.15
11,289.0,16.02,32.44,24.55,85.8,26.32,16.42,20.28,9.45,2008.0,289.0,3.35,22.57,0.0,29.74,9.18,0.28,5.28,2.26,2008.0,289.0,10.914666666666667,26.870666666666672,4.3919999999999995,62.276,17.602,5.751333333333333,11.28466666666667,4.994666666666668,2008.0,4441.36,2073.32,619.18,1783.52,301.43,1025.54,7.72
12,305.0,12.92,31.0,17.28,88.54,22.93,12.6,16.39,10.84,2008.0,305.0,4.1,20.48,0.0,42.31,2.68,-3.11,0.85,2.34,2008.0,305.0,9.902,25.688000000000002,1.8826666666666665,66.45866666666667,15.720666666666668,4.650666666666667,9.457333333333333,5.8759999999999994,2008.0,4337.42,1728.21,593.51,1503.18,313.51,964.74,2.7
