,DOY,INSgdmax,RADmax,RAINmax,RHmax,TMAXmax,TMINmax,Tmax,WINDmax,YEAR,DOY,INSgdmin,RADmin,RAINmin,RHmin,TMAXmin,TMINmin,Tmin,WINDmin,YEAR,DOY,INSgdmean,RADmean,RAINmean,RHmean,TMAXmean,TMINmean,Tmean,WINDmean,YEAR,NDVI,EVI,RED,NIR,BLUE,MIR,pixrel
0,113.0,26.46,32.94,60.33,89.49,23.93,15.16,18.04,9.26,2008.0,113.0,6.8,21.74,0.0,47.85,8.26,-0.78,4.91,1.22,2008.0,113.0,17.858666666666668,27.801333333333332,7.950666666666666,71.44599999999998,19.221333333333334,6.581999999999999,12.886,5.3053333333333335,2008.0,4273.65,1762.35,545.23,1435.56,340.26,842.04,0.09
1,129.0,28.19,31.75,20.47,82.02,26.26,13.97,18.94,9.33,2008.0,129.0,9.18,23.04,0.0,51.99,15.99,4.29,10.26,2.96,2008.0,129.0,20.88533333333333,27.489333333333335,3.822,65.11866666666668,20.266666666666666,8.609333333333334,14.233333333333338,5.332666666666666,2008.0,4555.87,1944.13,472.74,1507.7,241.58,884.48,2.6
2,145.0,29.16,34.09,20.59,91.64,26.76,19.65,21.84,6.9,2008.0,145.0,9.76,23.33,0.0,48.92,17.64,5.85,13.19,2.91,2008.0,145.0,20.062,29.449333333333335,7.679999999999999,65.34933333333333,22.054666666666662,11.163999999999998,16.594,5.005333333333334,2008.0,4927.9,2098.31,416.34,1486.39,238.44,772.34,0.05
3,161.0,29.3,36.54,43.8,91.92,29.12,22.83,25.53,9.26,2008.0,161.0,7.31,26.93,0.0,54.96,23.25,14.01,19.01,2.39,2008.0,161.0,18.407999999999998,33.136,11.258,77.15133333333333,26.881333333333338,18.063333333333333,22.517999999999997,5.268000000000001,2008.0,7090.11,3798.02,252.26,2288.13,156.99,433.21,2.63
4,177.0,28.76,37.12,38.02,89.57,28.17,22.19,24.47,7.29,2008.0,177.0,4.79,28.66,0.0,55.1,24.16,14.57,19.86,1.57,2008.0,177.0,23.75214285714285,31.79866666666667,7.989333333333334,69.93866666666668,26.753333333333334,17.314000000000004,22.016666666666666,3.711333333333333,2008.0,7146.07,4369.13,289.26,2661.26,213.84,454.28,0.25
5,193.0,29.23,37.3,37.63,90.77,30.59,22.64,26.56,5.74,2008.0,193.0,11.27,27.97,0.0,56.92,23.96,12.96,19.66,2.02,2008.0,193.0,22.718000000000004,32.78133333333333,7.774666666666667,73.292,27.925333333333334,18.274,23.317333333333337,3.8720000000000003,2008.0,7330.94,4035.68,208.12,2345.3,139.04,390.58,0.1
6,209.0,27.18,36.72,31.82,90.32,31.01,22.95,26.35,4.73,2008.0,209.0,8.06,30.35,0.0,58.31,24.18,17.0,20.94,1.89,2008.0,209.0,22.316,33.838,5.64,75.41933333333333,28.68933333333333,20.108666666666668,24.237333333333336,3.0260000000000002,2008.0,7316.89,4198.62,216.24,2491.53,137.23,366.1,0.01
7,225.0,25.24,34.45,19.92,73.12,31.58,22.85,26.48,4.01,2008.0,225.0,12.17,28.76,0.0,43.58,26.02,14.17,21.19,1.58,2008.0,225.0,21.775333333333332,31.448,3.766666666666667,53.76133333333334,29.561333333333334,17.060666666666666,23.182666666666663,2.604666666666667,2008.0,7309.37,4010.5,216.98,2335.22,141.8,370.39,0.0
8,241.0,23.65,35.5,43.21,92.02,34.15,21.56,26.81,5.66,2008.0,241.0,4.57,28.22,0.0,44.11,17.63,12.43,15.04,1.25,2008.0,241.0,17.291333333333334,32.218666666666664,8.198,63.88466666666666,28.201999999999998,16.538666666666664,22.229999999999997,3.878,2008.0,7179.8,3774.9,232.26,2225.17,145.16,374.21,0.37
9,257.0,21.42,36.29,44.33,96.35,27.28,18.91,21.94,6.01,2008.0,257.0,5.18,24.7,0.0,59.94,16.76,6.62,13.0,1.44,2008.0,257.0,14.803333333333335,30.398000000000003,9.563333333333334,73.90933333333332,23.504000000000005,12.425999999999998,17.77733333333333,3.4046666666666665,2008.0,6993.0,3366.87,255.9,1995.1,160.58,348.97,0.15
10,273.0,17.96,31.9,33.25,84.38,28.1,17.17,21.2,5.55,2008.0,273.0,10.08,23.87,0.0,57.08,16.51,3.67,11.06,1.86,2008.0,273.0,15.34,28.627333333333333,4.022,67.70400000000001,23.045333333333325,10.674,16.628666666666664,3.552666666666667,2008.0,6039.59,2580.23,288.73,1623.11,149.46,380.84,2.57
11,289.0,16.42,33.66,17.61,79.07,26.5,16.2,20.51,8.29,2008.0,289.0,3.02,21.38,0.0,41.54,11.98,0.68,6.66,1.52,2008.0,289.0,11.846666666666666,26.974666666666668,2.04,66.574,18.168,6.741333333333333,12.058,4.301333333333334,2008.0,5104.0,1681.77,358.94,1189.87,218.39,527.91,2.82
12,305.0,13.32,29.92,11.91,91.07,22.69,11.44,15.94,9.8,2008.0,305.0,4.39,20.23,0.0,48.57,4.56,-3.7,2.56,2.05,2008.0,305.0,10.195333333333332,25.575333333333337,1.1793333333333331,69.922,15.641999999999998,5.231999999999999,10.028666666666664,5.543333333333333,2008.0,5047.77,1586.81,302.51,1110.78,174.54,498.0,7.74
