,DOY,INSgdmax,RADmax,RAINmax,RHmax,TMAXmax,TMINmax,Tmax,WINDmax,YEAR,DOY,INSgdmin,RADmin,RAINmin,RHmin,TMAXmin,TMINmin,Tmin,WINDmin,YEAR,DOY,INSgdmean,RADmean,RAINmean,RHmean,TMAXmean,TMINmean,Tmean,WINDmean,YEAR,NDVI,EVI,RED,NIR,BLUE,MIR,pixrel
0,113.0,26.3192,32.524,44.11240000000001,91.21799999999999,23.4052,14.0336,17.2272,9.1576,2008.0,113.0,6.4544,21.8104,0.0,47.0308,7.652,-1.4008,3.9884,1.2584,2008.0,113.0,17.958506666666665,27.245386666666665,6.59216,71.20023999999998,18.475093333333334,5.90488,12.168773333333334,5.481119999999999,2008.0,4637.74,2017.32,625.96,1675.77,345.64,1125.22,0.16
1,129.0,28.145200000000003,31.7308,22.940399999999997,86.2952,25.9784,12.613199999999999,18.716,8.882,2008.0,129.0,8.328800000000001,23.065599999999996,0.0,52.5276,15.3372,3.7076,9.671199999999999,2.2687999999999997,2008.0,129.0,20.523946666666667,27.267466666666664,3.5527733333333336,65.53594666666666,19.872,7.943733333333332,13.718773333333335,5.177786666666666,2008.0,4910.2,2372.38,645.24,1928.13,323.01,1281.77,0.03
2,145.0,29.089599999999997,33.7892,26.644399999999997,91.2432,25.4672,17.8644,20.7968,6.644,2008.0,145.0,6.5792,23.3492,0.0,47.1088,15.310400000000001,4.9475999999999996,12.294,2.4619999999999997,2008.0,145.0,20.829573333333332,28.85114666666667,6.761386666666667,65.13130666666667,21.104053333333333,10.281653333333335,15.736826666666666,4.99936,2008.0,5389.17,2457.57,523.33,1805.99,271.06,1051.13,0.0
3,161.0,29.3256,36.54,42.424,90.5376,28.6336,22.5356,24.973200000000002,9.4328,2008.0,161.0,6.574,26.6292,0.0,59.5552,22.4692,12.9092,18.114,2.3516000000000004,2008.0,161.0,17.991146666666666,32.8992,10.487866666666665,76.65384,26.198666666666668,17.18696,21.74701333333333,5.399413333333333,2008.0,7873.35,4588.74,305.25,2784.73,174.92,598.37,0.05
4,177.0,28.696000000000005,35.7376,39.607200000000006,88.93639999999999,29.027600000000003,21.4476,24.3932,7.373200000000001,2008.0,177.0,5.5516000000000005,28.148000000000003,0.0,53.077600000000004,23.8784,13.712399999999999,19.290399999999998,1.4996,2008.0,177.0,23.753057142857145,31.233760000000004,6.606933333333334,68.99701333333333,26.380426666666665,16.63816,21.476080000000003,3.7347999999999995,2008.0,8134.77,5302.39,311.84,3267.27,184.05,594.86,0.28
5,193.0,29.4156,36.999199999999995,35.940400000000004,91.5892,29.918,22.486399999999996,25.8112,5.9896,2008.0,193.0,14.4508,27.784399999999998,0.0,55.102399999999996,23.7168,12.992,19.5384,1.8024,2008.0,193.0,23.552133333333334,32.59829333333333,7.498613333333333,73.90853333333334,27.596799999999998,18.027813333333334,22.995200000000004,3.8907733333333336,2008.0,8335.48,5274.59,254.97,3162.49,149.52,512.47,0.19
6,209.0,27.1096,36.464,19.288800000000002,89.7824,31.035600000000002,22.220399999999998,25.9788,4.9284,2008.0,209.0,11.8168,29.729200000000002,0.0,54.9756,24.9032,16.424,20.8888,2.0372,2008.0,209.0,22.66928,33.279920000000004,3.6585600000000005,72.42669333333333,28.76144,19.528399999999998,23.928426666666667,3.128826666666667,2008.0,8319.04,5199.78,251.7,3110.39,141.01,544.26,0.04
7,225.0,25.304000000000002,33.8036,18.1024,74.7904,31.7592,21.6276,25.5328,4.17,2008.0,225.0,11.8948,28.024,0.0,42.395999999999994,24.9512,13.805200000000001,20.7676,1.6183999999999998,2008.0,225.0,22.000186666666664,31.031573333333334,2.7098133333333334,53.93498666666667,28.987893333333332,16.75517333333333,22.714613333333332,2.7313866666666664,2008.0,8154.76,4910.15,260.8,2921.87,146.77,524.67,0.0
8,241.0,23.925199999999997,35.564,36.7652,90.0936,33.83,20.6832,26.464399999999998,5.621599999999999,2008.0,241.0,4.9412,27.528800000000004,0.0,44.2252,16.6252,11.629999999999999,14.2208,1.6531999999999998,2008.0,241.0,17.870746666666662,31.88117333333333,6.76056,61.91474666666666,27.988239999999994,16.007466666666666,21.91298666666667,4.059333333333333,2008.0,7946.77,4840.66,308.11,2953.69,175.47,559.81,0.77
9,257.0,21.3944,35.989200000000004,36.7588,96.17079999999999,28.176000000000002,18.462,21.0376,6.112399999999999,2008.0,257.0,5.3656,24.3992,0.0,57.956,16.3056,6.4472000000000005,12.4048,1.6704,2008.0,257.0,14.452613333333336,30.235866666666666,7.8908000000000005,71.54901333333333,23.472,11.95112,17.483359999999998,3.594106666666666,2008.0,7680.72,4155.08,303.45,2493.85,172.64,488.81,0.01
10,273.0,17.96,31.848799999999997,27.4964,80.8536,28.163999999999998,17.3108,21.308799999999998,5.690799999999999,2008.0,273.0,10.0096,23.8444,0.0,52.12,16.0428,3.1388,10.4776,2.3784,2008.0,273.0,15.012746666666665,28.44984,3.4118666666666666,64.68362666666667,22.923306666666665,10.31176,16.252346666666664,3.875653333333333,2008.0,6720.56,3178.87,370.31,2018.98,188.81,573.57,0.0
11,289.0,16.1192,33.339999999999996,16.3108,79.47959999999999,26.532,15.982399999999998,20.4268,8.3028,2008.0,289.0,3.3208,21.38,0.0,36.4456,10.8536,0.29600000000000004,6.3144,1.3728,2008.0,289.0,11.590666666666667,26.936693333333338,1.9128533333333333,65.6908,17.832213333333332,6.180266666666667,11.644133333333336,4.468159999999999,2008.0,5478.62,1991.11,389.91,1371.1,197.22,684.59,0.16
12,305.0,12.8336,30.560000000000002,10.7644,93.0924,22.651600000000002,11.184,15.7352,10.152,2008.0,305.0,4.7804,20.39,0.0,47.520399999999995,4.144,-3.8792,2.2656,2.3636,2008.0,305.0,9.763546666666667,25.861200000000004,0.9467999999999999,68.88264000000001,15.157306666666667,4.954666666666666,9.642533333333333,5.695653333333333,2008.0,5502.22,1968.44,373.37,1343.28,182.94,715.61,0.03
