,DOY,INSgdmax,RADmax,RAINmax,RHmax,TMAXmax,TMINmax,Tmax,WINDmax,YEAR,DOY,INSgdmin,RADmin,RAINmin,RHmin,TMAXmin,TMINmin,Tmin,WINDmin,YEAR,DOY,INSgdmean,RADmean,RAINmean,RHmean,TMAXmean,TMINmean,Tmean,WINDmean,YEAR,NDVI,EVI,RED,NIR,BLUE,MIR,pixrel
0,113.0,26.32,33.73570000000001,29.3397,89.1768,24.0269,15.305900000000001,18.2596,9.1904,2008.0,113.0,4.5808,22.409,0.0,46.5421,9.594000000000001,-1.0525,4.7902000000000005,1.7622,2008.0,113.0,17.706866666666663,27.685606666666665,6.152406666666666,70.70265333333333,18.600160000000002,5.47442,11.998193333333337,5.520013333333334,2008.0,2711.11,1063.22,2223.02,2704.8,1951.95,603.15,0.77
1,129.0,28.3139,32.0843,57.107899999999994,82.3236,25.8236,13.0999,18.9065,9.055299999999999,2008.0,129.0,7.792300000000001,23.3972,0.0,48.1367,16.1498,4.3361,9.968499999999999,2.4203,2008.0,129.0,21.908899999999996,27.32572,5.3494399999999995,62.693819999999995,20.31246,8.402033333333332,14.239413333333335,5.348940000000001,2008.0,3240.11,1280.06,387.05,1136.13,213.11,555.0,15.47
2,145.0,29.023600000000002,33.9179,22.0721,92.64020000000001,26.9896,19.488599999999998,22.2074,7.3782,2008.0,145.0,8.4912,24.505699999999997,0.0,42.8571,16.486800000000002,7.0059000000000005,13.4758,2.7824,2008.0,145.0,19.53922,30.025686666666665,6.02032,64.49638666666667,22.660573333333332,11.799466666666664,17.061726666666665,5.221080000000001,2008.0,3835.42,1641.75,395.28,1282.73,236.74,553.98,7.72
3,161.0,29.6804,36.3439,32.5331,93.5171,28.567500000000003,22.147000000000002,24.685000000000002,9.066500000000001,2008.0,161.0,11.430600000000002,26.623199999999997,0.0,57.31870000000001,23.3939,13.2954,18.6683,3.0823,2008.0,161.0,20.78346666666667,32.77037333333333,10.089286666666666,76.79052000000001,26.438066666666664,17.47635333333333,22.044053333333334,5.339646666666668,2008.0,5357.68,2337.41,242.84,1498.48,154.4,291.3,12.79
4,177.0,28.9546,36.824299999999994,39.41,91.2353,28.318600000000004,21.728900000000003,24.1212,7.479,2008.0,177.0,3.1007,28.0822,0.0,53.2012,24.4996,14.576699999999999,20.015700000000002,1.9007999999999998,2008.0,177.0,23.048157142857143,31.733306666666667,8.064733333333333,70.29857333333332,26.90674,17.478860000000005,22.054613333333336,3.68714,2008.0,5493.02,2776.07,271.7,1790.35,167.58,334.98,10.32
5,193.0,29.1439,36.6157,36.623599999999996,89.58340000000001,31.2131,22.1169,26.9535,6.3172,2008.0,193.0,9.151499999999999,27.5218,0.0,51.546400000000006,24.014499999999998,13.965599999999998,20.4813,1.8387,2008.0,193.0,22.10465333333333,33.07436,7.932853333333334,71.03872000000001,28.346560000000004,18.45520666666667,23.56263333333333,4.02664,2008.0,5587.78,2687.86,196.11,1686.15,124.83,274.96,17.98
6,209.0,27.372500000000002,36.61,22.5649,87.05529999999999,35.307900000000004,22.8561,28.1196,5.281700000000001,2008.0,209.0,7.6991000000000005,31.1568,0.0,52.2418,24.5471,17.3125,20.869,1.8108000000000002,2008.0,209.0,21.80191333333333,34.223459999999996,6.9362400000000015,72.46717333333333,29.93804666666667,20.15382,24.85758666666667,3.3333200000000005,2008.0,5417.08,2546.25,188.87,1588.17,117.42,239.16,15.38
7,225.0,25.722500000000004,34.9186,14.0228,70.26660000000001,32.5886,22.5659,26.791,4.3264,2008.0,225.0,9.3353,28.3474,0.0,39.3124,24.1299,14.839500000000001,19.938000000000002,1.27,2008.0,225.0,21.193493333333336,31.427866666666667,1.3910533333333333,51.38953333333333,30.49176,17.417626666666663,23.744753333333335,2.637926666666667,2008.0,5668.96,2568.26,221.55,1552.59,154.0,274.6,7.68
8,241.0,23.6674,35.249300000000005,29.938800000000008,88.6895,34.3147,20.22,26.506700000000002,5.745800000000001,2008.0,241.0,5.9917,28.3504,0.0,39.411,17.570500000000003,11.8982,14.6262,2.5511999999999997,2008.0,241.0,17.59873333333333,32.12815333333334,7.208606666666668,58.77046,29.05786666666667,16.151133333333334,22.39633333333333,4.336606666666668,2008.0,5623.2,2406.19,234.77,1465.63,146.48,280.52,5.14
9,257.0,21.7661,36.0407,31.2601,96.1387,28.936100000000003,18.8577,21.3288,6.7766,2008.0,257.0,4.918900000000001,25.099599999999995,0.0,53.259100000000004,15.7795,6.3065,12.3581,1.9907,2008.0,257.0,15.075619999999999,30.312486666666665,6.600046666666668,70.44292666666666,23.795386666666673,12.159733333333332,17.791426666666666,3.6716800000000003,2008.0,4769.25,1849.74,200.3,1209.27,120.16,206.31,17.95
10,273.0,18.089,32.5014,25.046,76.9488,28.9973,17.4418,21.669199999999996,6.2248,2008.0,273.0,8.9763,24.1039,0.0,49.677899999999994,17.9638,4.445600000000001,12.3403,2.5239000000000003,2008.0,273.0,15.518273333333333,28.908233333333335,4.725266666666666,62.966919999999995,24.384373333333333,11.366959999999999,17.504166666666666,4.128653333333334,2008.0,4508.31,1778.17,276.61,1239.44,160.29,267.59,12.77
11,289.0,16.400399999999998,32.8715,30.746299999999998,83.9651,26.1529,16.4088,20.1312,9.4321,2008.0,289.0,4.0853,22.027099999999997,0.0,37.449,11.3832,0.8259,6.4308,2.1086,2008.0,289.0,11.19054,27.37202,4.478086666666666,65.12244,18.31434,6.3446533333333335,11.910179999999997,4.79312,2008.0,3614.19,1168.67,287.22,941.3,155.54,337.88,15.47
12,305.0,13.4768,30.8164,16.0336,85.9925,22.761,12.2456,16.1025,9.905100000000001,2008.0,305.0,4.9125,20.3539,0.0,45.6788,3.9573,-3.254,1.7621,1.9580000000000002,2008.0,305.0,10.264313333333334,25.603386666666665,2.1083933333333333,68.08303333333333,15.987673333333333,5.004613333333333,9.917726666666665,5.651,2008.0,3626.25,1001.57,289.69,832.52,194.8,349.87,13.33
