,DOY,INSgdmax,RADmax,RAINmax,RHmax,TMAXmax,TMINmax,Tmax,WINDmax,YEAR,DOY,INSgdmin,RADmin,RAINmin,RHmin,TMAXmin,TMINmin,Tmin,WINDmin,YEAR,DOY,INSgdmean,RADmean,RAINmean,RHmean,TMAXmean,TMINmean,Tmean,WINDmean,YEAR,NDVI,EVI,RED,NIR,BLUE,MIR,pixrel
0,113.0,26.42,33.05,22.94,92.35,23.46,13.97,17.03,9.29,2008.0,113.0,5.47,22.0,0.0,45.73,8.49,-2.17,3.18,1.4,2008.0,113.0,17.589333333333332,26.736,4.172,69.90466666666666,17.865333333333336,4.378,11.127333333333333,5.904,2008.0,5170.0,2208.42,557.27,1697.05,277.0,970.1,0.0
1,129.0,28.19,31.64,25.95,88.85,25.88,12.34,18.85,8.65,2008.0,129.0,8.06,22.79,0.0,47.13,15.24,3.29,9.24,1.74,2008.0,129.0,20.512666666666668,27.229333333333333,2.830666666666666,62.810666666666656,20.078,7.842,13.745333333333338,5.157333333333332,2008.0,5457.7,2555.88,579.33,1938.79,283.35,1008.03,0.11
2,145.0,29.38,34.52,27.93,92.62,25.77,18.4,21.15,7.24,2008.0,145.0,3.02,23.33,0.0,41.41,15.48,5.38,12.18,2.69,2008.0,145.0,20.308666666666667,29.194000000000003,6.849333333333333,63.16066666666666,21.598666666666666,10.430666666666665,15.860666666666669,5.270666666666667,2008.0,6006.59,2976.8,537.1,2115.39,276.47,930.36,0.01
3,161.0,29.45,36.22,46.45,90.39,28.3,21.75,24.23,9.59,2008.0,161.0,6.37,25.96,0.0,56.17,22.04,12.97,17.9,2.38,2008.0,161.0,18.70066666666667,32.40266666666667,12.602000000000002,74.21666666666668,25.875999999999998,16.662666666666667,21.29,5.450000000000001,2008.0,7644.27,4101.88,329.96,2492.11,182.41,593.33,0.03
4,177.0,28.8,35.03,42.91,88.37,29.06,20.91,24.14,7.75,2008.0,177.0,5.54,27.43,0.0,49.7,22.66,13.67,18.76,1.9,2008.0,177.0,24.4,30.81266666666667,5.069333333333333,67.74133333333333,26.451999999999998,16.392666666666667,21.421333333333333,3.772666666666666,2008.0,7945.58,4847.94,333.01,2981.59,185.18,614.9,0.0
5,193.0,28.98,36.65,19.79,89.19,30.53,22.28,25.74,6.3,2008.0,193.0,16.63,27.54,0.0,50.62,23.66,13.43,19.82,1.79,2008.0,193.0,23.471999999999998,32.636,4.8886666666666665,72.24733333333333,27.845333333333333,17.981999999999996,23.089333333333332,3.8466666666666667,2008.0,8118.52,5330.64,337.41,3321.42,191.17,616.23,0.63
6,209.0,27.11,36.11,12.8,90.06,31.2,22.03,26.09,5.36,2008.0,209.0,12.24,29.95,0.0,52.46,24.29,16.47,20.93,1.96,2008.0,209.0,22.56533333333333,33.29333333333333,4.472666666666667,71.52133333333335,28.744666666666664,19.346666666666668,23.941999999999997,3.290666666666668,2008.0,8244.72,4900.75,274.97,2918.76,156.3,521.29,0.11
7,225.0,24.95,33.88,9.39,68.11,32.06,20.23,24.84,4.11,2008.0,225.0,10.26,27.54,0.0,39.76,24.15,14.18,19.75,1.49,2008.0,225.0,21.48266666666667,30.877333333333336,1.146666666666667,52.681999999999995,29.136,16.708,22.754666666666665,2.7213333333333334,2008.0,8025.12,4815.54,315.69,2925.2,177.62,591.82,0.0
8,241.0,24.05,35.96,26.6,83.2,33.85,19.42,26.27,6.0,2008.0,241.0,6.34,27.36,0.0,38.29,17.1,10.93,14.11,2.77,2008.0,241.0,18.62933333333333,31.46533333333333,5.836,57.477999999999994,28.54466666666667,15.423333333333337,21.886666666666667,4.447333333333334,2008.0,8022.97,4574.6,299.7,2739.57,170.72,518.35,0.54
9,257.0,21.35,35.71,23.71,95.61,29.9,17.41,20.87,6.61,2008.0,257.0,5.11,24.44,0.0,50.55,14.28,6.33,11.82,1.73,2008.0,257.0,14.510666666666664,30.07266666666667,5.495333333333334,67.15333333333334,23.728666666666662,11.543333333333333,17.505333333333333,3.8066666666666666,2008.0,7433.92,3783.81,340.56,2310.8,186.67,522.87,0.0
10,273.0,18.07,32.72,20.27,79.35,28.68,16.82,21.56,6.49,2008.0,273.0,7.88,24.19,0.0,42.61,17.04,3.4,11.19,3.03,2008.0,273.0,15.036666666666664,28.71666666666666,3.1519999999999997,60.542666666666655,23.604,10.475333333333335,16.569333333333333,4.439333333333334,2008.0,7118.41,3410.34,358.4,2120.84,186.2,580.07,0.0
11,289.0,16.06,31.97,21.97,84.15,25.95,16.05,20.14,9.12,2008.0,289.0,3.71,21.89,0.0,31.04,9.76,0.14,5.51,1.78,2008.0,289.0,11.412,26.736666666666668,2.9313333333333333,64.26533333333333,17.586666666666666,5.622000000000001,11.217999999999996,4.8020000000000005,2008.0,5502.76,2220.32,470.01,1598.42,230.96,768.24,0.0
12,305.0,12.74,31.43,10.51,89.9,22.86,11.72,15.99,10.69,2008.0,305.0,4.32,20.3,0.0,44.39,3.41,-3.57,1.51,2.35,2008.0,305.0,9.668,25.886,1.164,67.29466666666666,15.409333333333334,4.633333333333334,9.44,5.810666666666666,2008.0,5615.31,2069.33,410.95,1436.38,205.26,714.1,0.58
