,DOY,INSgdmax,RADmax,RAINmax,RHmax,TMAXmax,TMINmax,Tmax,WINDmax,YEAR,DOY,INSgdmin,RADmin,RAINmin,RHmin,TMAXmin,TMINmin,Tmin,WINDmin,YEAR,DOY,INSgdmean,RADmean,RAINmean,RHmean,TMAXmean,TMINmean,Tmean,WINDmean,YEAR,NDVI,EVI,RED,NIR,BLUE,MIR,pixrel
0,113.0,26.2242,32.243599999999994,33.9324,91.6112,23.272000000000002,13.589000000000002,16.9412,9.1328,2008.0,113.0,6.108799999999999,21.7592,0.0,47.5088,7.1404,-1.5208000000000002,3.6778000000000004,1.3096,2008.0,113.0,18.103853333333333,27.011760000000002,5.615613333333333,71.18929333333332,18.196000000000005,5.786146666666667,11.97908,5.483693333333333,2008.0,4651.42,1868.35,600.47,1545.01,351.73,1062.55,0.08
1,129.0,28.099800000000002,31.6352,22.256999999999998,87.9064,25.8668,12.100999999999999,18.585800000000003,8.705,2008.0,129.0,8.6234,23.079,0.0,53.336,15.002400000000002,3.4118,9.397799999999998,2.0568,2008.0,129.0,20.247840000000004,27.21554666666667,3.2966799999999994,66.07386666666665,19.674346666666665,7.674546666666666,13.48576,5.105266666666666,2008.0,4882.07,2073.43,537.57,1604.32,280.58,1119.46,0.01
2,145.0,28.9814,33.657599999999995,26.583000000000002,90.579,24.883199999999995,17.272,20.517599999999998,6.522600000000001,2008.0,145.0,5.7312,23.4148,0.0,47.00780000000001,14.417000000000002,4.4914000000000005,11.838399999999998,2.2566,2008.0,145.0,21.185680000000005,28.598333333333333,6.242933333333333,65.1858,20.668533333333333,9.885253333333333,15.342853333333332,4.959946666666667,2008.0,5427.65,2295.87,468.18,1633.65,249.91,952.33,0.0
3,161.0,29.2362,36.5456,38.7466,89.8404,28.4552,22.4356,24.8288,9.474599999999999,2008.0,161.0,6.240600000000001,26.7182,0.0,60.415000000000006,22.115199999999998,12.5368,17.7456,2.2341999999999995,2008.0,161.0,17.840066666666665,32.82362666666666,10.051159999999998,76.62152000000002,25.959786666666666,16.903533333333332,21.49678666666667,5.431133333333333,2008.0,7624.21,4694.08,352.26,2932.24,205.48,682.38,0.03
4,177.0,28.6916,35.300200000000004,40.03840000000001,88.53099999999998,29.3538,21.163400000000003,24.390600000000003,7.327,2008.0,177.0,7.346400000000001,27.86,0.0,52.7992,23.5548,13.258400000000002,19.027199999999997,1.482,2008.0,177.0,23.709528571428578,31.01748,6.229213333333334,68.86466666666666,26.173839999999995,16.358946666666668,21.23508,3.7439866666666664,2008.0,7763.28,5069.53,380.92,3179.14,265.93,624.76,0.98
5,193.0,29.439400000000003,36.8776,35.3056,92.0608,29.773799999999994,22.368,25.4696,6.065799999999999,2008.0,193.0,14.056000000000001,27.64,0.0,54.6544,23.595599999999997,12.892399999999999,19.464599999999997,1.7887999999999997,2008.0,193.0,23.821266666666663,32.515146666666666,7.68788,74.15045333333333,27.476439999999997,17.92490666666667,22.866786666666666,3.9060933333333328,2008.0,8175.44,5314.38,289.44,3245.65,173.46,566.66,0.61
6,209.00000000000003,27.2136,36.324600000000004,14.669000000000002,88.98960000000001,31.267000000000003,21.932399999999998,25.966,4.9472000000000005,2008.0,209.00000000000003,12.382,29.344399999999997,0.0,53.3644,25.516,16.1582,20.9674,2.0674,2008.0,209.00000000000003,22.660693333333334,33.06576,2.8685333333333336,70.64070666666667,28.92870666666667,19.2802,23.859146666666668,3.1715866666666663,2008.0,8076.78,4928.58,263.96,2953.19,152.2,551.5,0.04
7,225.0,25.443600000000004,33.5394,17.711199999999998,74.27199999999999,31.944399999999998,21.2824,25.271800000000002,4.2504,2008.0,225.0,12.1804,27.765600000000003,0.0,42.215599999999995,24.951999999999998,13.6922,20.522800000000004,1.6123999999999998,2008.0,225.0,22.07964,30.873920000000002,2.25776,53.988413333333334,28.812,16.636813333333333,22.55074666666667,2.7891466666666664,2008.0,8061.49,4574.01,257.13,2682.29,148.22,532.73,0.0
8,240.99999999999997,24.027399999999997,35.599199999999996,35.7344,89.5364,33.8078,20.494600000000002,26.283199999999997,5.5931999999999995,2008.0,240.99999999999997,5.0084,27.3218,0.0,44.22099999999999,16.270799999999998,11.483400000000001,14.018799999999999,1.7247999999999999,2008.0,240.99999999999997,18.07157333333333,31.79297333333333,6.1775199999999995,61.27829333333333,27.988573333333328,15.87949333333333,21.84384,4.104080000000001,2008.0,7928.72,4463.49,288.8,2657.13,167.98,525.07,0.5
9,257.0,21.273,35.8952,33.716,96.3814,28.3942,18.3268,20.852600000000002,6.0602,2008.0,257.0,5.490599999999999,24.3642,0.0,57.08460000000001,16.4636,6.466800000000001,12.282399999999999,1.7719999999999998,2008.0,257.0,14.335453333333337,30.152546666666662,7.275346666666667,71.0748,23.43773333333333,11.813733333333335,17.373026666666664,3.655866666666666,2008.0,7505.25,3841.16,285.67,2276.37,161.85,452.19,0.13
10,273.0,17.945200000000003,31.696800000000003,25.9692,80.7402,28.0964,17.235,21.256800000000002,5.679399999999999,2008.0,273.0,9.6998,23.810799999999997,0.0,51.0846,15.832600000000001,2.9008,10.159,2.5068,2008.0,273.0,14.729759999999999,28.375639999999997,3.0869600000000004,64.17912000000001,22.782559999999997,10.122813333333333,16.029466666666664,3.9401599999999997,2008.0,6460.53,3034.54,395.44,1963.67,213.79,573.47,0.0
11,289.0,15.913,33.2596,14.247799999999998,80.1642,26.6204,15.8766,20.419599999999996,8.1594,2008.0,289.0,3.5864000000000003,21.3674,0.0,35.109399999999994,10.676,0.11700000000000002,6.213000000000001,1.3014,2008.0,289.0,11.54516,26.891373333333334,1.7647199999999998,65.56096,17.696186666666666,6.06428,11.51890666666667,4.479013333333333,2008.0,5176.93,1887.28,407.09,1335.49,212.11,677.66,0.12
12,304.99999999999994,12.664,30.874000000000002,11.439799999999998,94.28659999999999,22.596200000000003,11.1364,15.645999999999999,10.201600000000001,2008.0,304.99999999999994,4.9284,20.385200000000005,0.0,47.3454,4.158,-3.8772,2.1752,2.5794,2008.0,304.99999999999994,9.570506666666667,26.012226666666667,0.9326933333333333,68.75510666666668,14.94736,4.853879999999999,9.487906666666667,5.745333333333333,2008.0,5341.75,1886.98,379.48,1298.34,195.12,719.63,0.21
