,DOY,INSgdmax,RADmax,RAINmax,RHmax,TMAXmax,TMINmax,Tmax,WINDmax,YEAR,DOY,INSgdmin,RADmin,RAINmin,RHmin,TMAXmin,TMINmin,Tmin,WINDmin,YEAR,DOY,INSgdmean,RADmean,RAINmean,RHmean,TMAXmean,TMINmean,Tmean,WINDmean,YEAR,NDVI,EVI,RED,NIR,BLUE,MIR,pixrel
0,113.0,26.318,32.208999999999996,16.221,88.451,24.252,15.156,17.862,9.155,2008.0,113.0,5.835999999999999,21.427000000000003,0.0,51.88,6.839999999999999,-0.47200000000000003,4.724,1.501,2008.0,113.0,18.7406,27.417266666666663,4.3516666666666675,71.37313333333334,19.089933333333335,6.871400000000001,12.990600000000004,5.342666666666667,2008.0,2715.29,513.0,-10.03,728.83,-154.77,257.15,81.65
1,129.0,28.132,31.891,13.036000000000001,82.23599999999999,26.397,13.563,19.010999999999996,9.492,2008.0,129.0,10.336,23.011,0.0,54.904,15.680000000000001,3.9189999999999996,9.972000000000001,3.1240000000000006,2008.0,129.0,19.10346666666667,27.695000000000004,2.883266666666666,66.04533333333333,20.3202,8.588666666666667,14.147066666666666,5.3812,2008.0,2741.97,582.01,-5.51,777.56,-156.2,321.07,81.65
2,145.0,28.849,33.62,19.67,88.869,26.143,19.212000000000003,21.906000000000002,6.565,2008.0,145.0,9.200000000000001,23.620000000000005,0.0,49.204,17.028000000000002,5.309999999999999,12.729,2.6700000000000004,2008.0,145.0,21.143866666666668,29.0966,6.945333333333334,65.17093333333335,21.697200000000002,10.652666666666667,16.207933333333333,4.936933333333334,2008.0,3137.38,738.35,4.13,822.59,-130.09,252.94,76.56
3,161.0,28.933,36.824,34.90299999999999,88.31300000000002,29.213,22.86,25.785999999999998,9.362,2008.0,161.0,6.337999999999999,27.433999999999997,0.0,50.116,22.936,14.114999999999998,18.852,1.765,2008.0,161.0,18.547666666666665,33.128,10.429933333333334,76.80466666666666,26.928133333333328,18.21953333333333,22.685399999999998,5.190999999999998,2008.0,4707.65,2680.14,106.67,1886.44,23.3,313.52,48.59
4,177.0,28.638,36.317,38.291000000000004,88.02600000000001,29.079,22.062,24.691999999999997,7.102,2008.0,177.0,13.27,28.552999999999997,0.0,55.629999999999995,23.397999999999996,14.064,19.603,1.599,2008.0,177.0,23.74985714285715,31.486733333333337,7.328333333333333,69.3606,26.6258,17.09986666666667,21.83193333333333,3.752666666666667,2008.0,4737.88,2727.2,-92.04,1910.4,-165.17,61.47,77.12
5,193.0,28.662999999999997,37.213,31.098,91.83200000000001,31.133,22.828,26.181,5.506,2008.0,193.0,9.621000000000002,27.522,0.0,59.205999999999996,24.116,12.350000000000001,19.441,2.173,2008.0,193.0,23.453733333333336,32.80553333333334,8.518000000000002,72.52353333333332,28.119599999999995,18.2396,23.372200000000003,3.847933333333333,2008.0,4838.37,2414.86,-147.03,1631.65,-206.42,-2.73,79.14
6,209.0,27.811999999999998,36.690999999999995,31.53,87.99400000000001,31.540999999999997,22.749000000000002,26.607999999999997,4.616,2008.0,209.0,10.838,28.965999999999998,0.0,55.043,26.923,16.54,21.433999999999997,1.864,2008.0,209.0,22.25186666666667,33.709466666666664,4.3996,71.64886666666666,29.488333333333337,19.985200000000003,24.43086666666667,3.1023333333333336,2008.0,4643.24,2523.43,-127.85,1765.08,-200.25,48.09,81.64
7,225.0,25.560000000000002,34.846000000000004,19.929,72.982,32.604,22.836,26.516,4.257000000000001,2008.0,225.0,15.503,28.883000000000003,0.0,45.06,25.962,13.977,21.076,1.522,2008.0,225.0,22.151266666666665,31.117600000000003,3.0796,53.61226666666666,29.58886666666666,17.003800000000002,23.145266666666668,2.665266666666667,2008.0,4679.28,2146.04,-138.43,1468.74,-201.76,1.63,79.09
8,241.0,23.947,35.76200000000001,50.477999999999994,92.11800000000001,34.602,21.615000000000002,26.622,6.049999999999999,2008.0,241.0,4.43,27.983,0.0,43.812,17.740000000000002,12.873000000000001,15.540999999999999,1.102,2008.0,241.0,17.67526666666667,32.21006666666668,7.309933333333333,64.10826666666667,28.491866666666663,16.71,22.430466666666668,3.841333333333333,2008.0,4855.3,2215.44,-87.81,1487.88,-147.27,13.28,69.34
9,257.0,20.441,36.824000000000005,40.383,98.03,27.179,19.657,22.287999999999997,5.765,2008.0,257.0,5.468,25.257999999999996,0.0,59.172999999999995,18.232,6.833,13.041999999999998,1.344,2008.0,257.0,14.516000000000002,30.463733333333334,9.653199999999998,75.63380000000002,23.271866666666668,12.519533333333333,17.7214,3.3887333333333336,2008.0,4539.29,1980.08,-31.74,1375.05,-101.58,68.08,64.02
10,273.0,18.022000000000002,31.432000000000002,31.051000000000002,88.556,27.075999999999997,16.155,20.866999999999997,5.352,2008.0,273.0,11.236999999999998,23.879,0.0,59.72999999999999,16.005,3.5040000000000004,10.492,1.404,2008.0,273.0,15.290533333333334,28.525133333333336,3.1388666666666665,69.08846666666666,22.521733333333337,10.409999999999998,16.215466666666668,3.3984666666666667,2008.0,3330.55,806.69,-65.45,816.97,-184.23,28.95,81.61
11,289.0,16.128,33.948,12.485,79.508,26.249000000000002,16.214,20.484,7.840999999999999,2008.0,289.0,3.6610000000000005,21.372999999999998,0.0,43.512,11.861,0.5830000000000001,6.727,1.251,2008.0,289.0,11.9658,26.798733333333335,1.519,67.52220000000001,17.919733333333337,6.963599999999999,12.046266666666666,4.090933333333333,2008.0,3293.23,963.46,237.28,961.74,144.05,344.94,43.95
12,305.0,13.216,30.816000000000003,15.777,94.67399999999999,22.433,11.383000000000001,16.023999999999997,9.66,2008.0,305.0,4.487,20.219,0.0,51.073,5.002,-3.4350000000000005,2.49,2.4520000000000004,2008.0,305.0,10.222933333333332,25.834533333333326,1.2128666666666668,70.91706666666666,15.369200000000003,5.2478,9.897333333333336,5.615666666666668,2008.0,3199.54,494.87,-58.88,611.8,-156.3,99.93,76.78
