,DOY,INSgdmax,RADmax,RAINmax,RHmax,TMAXmax,TMINmax,Tmax,WINDmax,YEAR,DOY,INSgdmin,RADmin,RAINmin,RHmin,TMAXmin,TMINmin,Tmin,WINDmin,YEAR,DOY,INSgdmean,RADmean,RAINmean,RHmean,TMAXmean,TMINmean,Tmean,WINDmean,YEAR,NDVI,EVI,RED,NIR,BLUE,MIR,pixrel
0,113.00000000000001,26.312599999999996,31.843300000000003,19.877100000000002,86.76420000000002,24.0051,13.334399999999997,16.516299999999998,11.557400000000001,2008.0000000000002,113.00000000000001,6.0064,20.046500000000005,0.0,35.9227,8.624199999999998,-4.300300000000001,2.7658,4.4191,2008.0000000000002,113.00000000000001,18.675213333333335,25.787306666666666,3.4173800000000005,61.67881333333333,16.679433333333336,2.658293333333334,9.388133333333334,6.905006666666665,2008.0000000000002,2487.73,1218.13,990.35,1663.74,528.03,1990.08,0.48
1,129.00000000000003,28.505,30.8569,19.287399999999998,91.12669999999999,24.970500000000005,12.225799999999998,18.108999999999998,8.508500000000002,2008.0000000000002,129.00000000000003,4.406000000000001,21.758999999999997,0.0,39.7923,14.607500000000002,-0.13580000000000003,7.947000000000001,2.0496,2008.0000000000002,129.00000000000003,19.379973333333332,26.86311333333333,3.213093333333333,57.46879333333333,19.69352,6.319846666666666,12.995546666666666,5.429306666666667,2008.0000000000002,2978.38,1523.02,934.83,1785.28,501.03,1912.86,0.26
2,145.0,28.7445,34.2429,19.4395,85.30179999999999,29.1413,17.8712,22.363200000000003,8.9554,2008.0000000000002,145.0,6.4085,24.6061,0.0,36.202600000000004,15.434999999999999,5.8852,11.3446,3.0738000000000003,2008.0000000000002,145.0,21.68354666666667,29.303886666666667,4.7358199999999995,55.83006666666667,23.07549333333333,10.70128,16.47123333333333,5.81106,2008.0000000000002,4120.41,2126.21,758.16,1920.64,407.53,1553.08,0.41
3,160.99999999999997,29.5211,35.3059,31.219099999999997,87.70890000000001,28.5586,18.0533,22.325000000000003,9.5416,2008.0000000000002,160.99999999999997,8.9353,25.6142,0.0,52.9295,22.0589,7.533099999999999,15.239099999999999,2.4962999999999997,2008.0000000000002,160.99999999999997,20.844833333333334,31.14734,6.224826666666667,68.50334,25.41804666666667,14.460780000000002,19.893586666666668,5.0908266666666675,2008.0000000000002,6246.59,3599.03,554.08,2537.93,295.04,1099.48,0.17
4,177.0,28.473599999999998,33.4051,22.0707,80.92589999999998,29.2207,19.4985,23.6964,8.4926,2008.0000000000002,177.0,14.9958,27.9865,0.0,46.5939,22.1708,13.1133,17.7759,2.0101999999999998,2008.0000000000002,177.0,23.88522857142857,30.791906666666662,3.491773333333334,60.83142666666667,27.19668,16.352653333333333,21.75233333333333,3.9697733333333334,2008.0000000000002,7651.51,5536.65,486.49,3804.64,255.31,826.37,0.68
5,193.0,29.1156,36.2778,21.0574,93.84030000000001,33.5433,21.6134,26.465500000000002,7.1158,2008.0000000000002,193.0,7.459100000000001,27.313699999999997,0.0,37.6069,25.2734,14.591500000000002,20.337799999999998,2.0776000000000003,2008.0000000000002,193.0,24.52297333333333,32.27554,3.7225066666666664,67.61867333333332,28.49253333333333,18.257246666666667,23.348033333333333,4.00814,2008.0000000000002,7649.12,5627.53,509.38,3918.01,260.84,766.44,0.01
6,209.0,26.8801,36.632999999999996,14.5456,89.0509,35.3015,22.3528,27.993199999999998,5.8215,2008.0000000000002,209.0,12.0608,30.3867,0.0,48.276399999999995,26.502399999999998,16.493199999999998,22.194499999999998,1.6937000000000002,2008.0000000000002,209.0,22.20872666666667,33.45353333333333,3.9561666666666655,68.92358,29.445566666666668,19.261346666666665,24.199466666666666,3.5314933333333327,2008.0000000000002,7176.85,5230.94,609.0,3752.53,317.99,802.5,0.0
7,225.0,25.7657,34.73640000000001,14.405,66.62599999999999,32.295,19.1661,25.2682,4.743799999999999,2008.0000000000002,225.0,11.2959,29.2989,0.0,44.5956,25.9625,15.545,21.4673,1.6389,2008.0000000000002,225.0,21.458333333333332,31.73688,2.1853333333333333,51.43899999999999,29.87383333333333,17.320353333333333,23.58629333333333,3.0249733333333335,2008.0000000000002,6114.9,4200.07,792.41,3278.6,413.57,999.75,0.06
8,241.0,24.154500000000002,35.6367,6.488100000000001,74.0891,33.121599999999994,19.9934,26.5326,8.1755,2008.0000000000002,241.0,8.915,25.361500000000003,0.0,35.387299999999996,22.4872,8.563399999999998,15.504100000000001,2.4434,2008.0000000000002,241.0,19.804926666666667,30.60009333333333,1.5350466666666667,51.17440666666668,28.404020000000003,14.765046666666668,21.521833333333333,5.1134200000000005,2008.0000000000002,5090.48,3351.79,1006.1,3022.41,490.12,1409.24,0.0
9,257.0,20.224,34.07450000000001,20.741600000000002,87.4111,30.661499999999997,17.820500000000003,21.4811,7.3779,2008.0000000000002,257.0,7.628400000000001,25.1912,0.0,41.59009999999999,15.1045,5.1868,12.608699999999999,2.2537000000000003,2008.0000000000002,257.0,15.514626666666667,29.589053333333332,3.3160066666666665,59.980160000000005,23.94615333333334,11.180433333333331,17.424253333333333,4.26604,2008.0000000000002,4834.73,2940.11,895.73,2587.57,466.44,1248.24,0.06
10,272.99999999999994,18.401799999999998,33.0286,19.784200000000002,78.6854,29.729300000000002,17.5989,22.106099999999998,8.9403,2008.0000000000002,272.99999999999994,8.6578,23.756800000000002,0.0,44.456199999999995,17.7847,4.5072,11.8081,2.0237999999999996,2008.0000000000002,272.99999999999994,14.950886666666666,28.740573333333334,4.856433333333333,59.251813333333324,23.513946666666673,11.186513333333336,16.962059999999997,5.410253333333333,2008.0000000000002,4072.38,2204.35,871.26,2100.03,463.04,1320.7,0.01
11,288.99999999999994,15.747599999999998,33.324099999999994,20.271900000000002,92.48910000000001,24.471700000000002,16.0275,18.8842,8.0588,2008.0000000000002,288.99999999999994,2.6387,22.534100000000002,0.0,29.447699999999998,7.1958,-0.2945,4.1831000000000005,1.876,2008.0000000000002,288.99999999999994,10.295906666666667,27.029266666666665,5.061993333333334,61.38322,16.61254,5.483606666666666,10.341660000000001,5.224433333333334,2008.0000000000002,3835.22,1981.41,853.07,1944.43,450.66,1347.73,0.04
12,305.0,12.641699999999998,31.676800000000004,17.2586,87.3376,21.9806,13.9307,16.3114,11.2851,2008.0000000000002,305.0,3.4266,20.4614,0.0,40.09179999999999,0.9658,-2.8493,-0.9005999999999998,2.4247,2008.0000000000002,305.0,9.8659,25.258446666666668,1.5817666666666668,65.69897333333333,14.47704,3.7198799999999994,8.346833333333333,5.8143400000000005,2008.0000000000002,3574.11,1717.01,804.03,1730.95,425.62,1459.39,0.02
