,DOY,INSgdmax,RADmax,RAINmax,RHmax,TMAXmax,TMINmax,Tmax,WINDmax,YEAR,DOY,INSgdmin,RADmin,RAINmin,RHmin,TMAXmin,TMINmin,Tmin,WINDmin,YEAR,DOY,INSgdmean,RADmean,RAINmean,RHmean,TMAXmean,TMINmean,Tmean,WINDmean,YEAR,NDVI,EVI,RED,NIR,BLUE,MIR,pixrel
0,113.0,26.32,33.7182,32.222199999999994,89.7568,23.9794,15.2834,18.2696,9.1804,2008.0,113.0,4.3108,22.434,0.0,46.8646,9.744,-1.115,4.785200000000001,1.9572,2008.0,113.0,17.701866666666664,27.603773333333333,6.450573333333334,70.65298666666666,18.429493333333333,5.2722533333333335,11.835026666666671,5.56968,2008.0,4971.47,2363.56,617.02,1872.0,350.83,1084.3,0.1
1,129.0,28.3414,31.851799999999997,57.285399999999996,82.2336,25.733600000000003,12.9774,18.869,9.047799999999999,2008.0,129.0,7.3598,23.4672,0.0,47.3442,16.154799999999998,4.3086,9.881,2.2878,2008.0,129.0,21.84473333333333,27.299386666666667,5.396773333333333,62.289986666666664,20.359293333333333,8.376199999999999,14.237413333333333,5.35044,2008.0,5582.02,2924.09,570.57,2156.15,312.22,1075.72,0.0
2,145.0,28.9336,33.8454,23.1446,92.6352,26.9996,19.5236,22.2724,7.4232,2008.0,145.0,8.2112,24.7382,0.0,42.05459999999999,16.3168,7.2334,13.5808,2.7224,2008.0,145.0,19.567053333333334,30.10852,5.845653333333334,64.42005333333334,22.72957333333333,11.862799999999996,17.126893333333335,5.260746666666667,2008.0,6158.63,3286.3,472.63,2234.48,274.79,843.11,0.03
3,161.0,29.6704,36.3714,35.080600000000004,93.4646,28.505000000000003,21.972,24.56,9.029,2008.0,161.0,11.915600000000001,26.5432,0.0,56.226200000000006,23.4214,13.1604,18.5858,3.1498,2008.0,161.0,21.363466666666667,32.677706666666666,10.43212,76.64418666666667,26.419733333333333,17.359186666666663,21.976053333333333,5.3401466666666675,2008.0,7309.61,4026.29,362.91,2504.95,228.53,651.54,0.0
4,177.0,29.089599999999997,36.8418,35.41,91.2278,28.3536,21.6314,24.091199999999997,7.5040000000000004,2008.0,177.0,2.9582,28.027199999999997,0.0,53.4212,24.2596,14.5342,19.9982,1.8808,2008.0,177.0,22.844228571428573,31.717306666666673,7.696400000000001,70.41757333333332,26.86324,17.48236,22.039279999999998,3.666973333333333,2008.0,7529.55,4553.0,399.22,2882.96,243.8,755.2,0.22
5,193.0,29.1714,36.598200000000006,35.03360000000001,89.2484,31.2606,22.069399999999998,26.991000000000003,6.3872,2008.0,193.0,8.989,27.476799999999997,0.0,50.3864,24.027,14.075599999999998,20.573800000000002,1.7462,2008.0,193.0,21.938319999999997,33.13202666666667,7.894853333333334,70.47072000000003,28.449226666666668,18.483373333333336,23.6218,4.043973333333334,2008.0,7400.45,4344.17,406.12,2732.94,274.35,729.6,0.38
6,209.0,27.435000000000002,36.61,25.067400000000003,87.0478,36.2354,22.8286,28.629600000000003,5.3642,2008.0,209.0,7.3466,31.236800000000002,0.0,51.6968,24.494600000000002,17.375,20.894000000000002,1.7908,2008.0,209.0,21.629080000000002,34.27862666666667,7.430240000000001,72.05450666666667,30.111880000000003,20.183319999999995,24.951253333333337,3.40032,2008.0,7637.25,4435.11,354.35,2739.23,217.21,707.54,0.0
7,225.0,25.785000000000004,34.9536,12.2028,72.6016,32.623599999999996,22.5434,26.766000000000002,4.4164,2008.0,225.0,9.5778,28.412399999999998,0.0,39.2524,23.5074,14.976999999999999,19.738,1.27,2008.0,225.0,21.072826666666668,31.481200000000005,1.1813866666666668,51.367866666666664,30.564426666666666,17.460293333333333,23.800920000000005,2.648093333333334,2008.0,7559.57,4197.56,342.98,2574.07,208.24,672.38,0.05
8,241.0,23.732400000000002,35.1418,27.2188,87.077,34.322199999999995,20.22,26.4642,5.8508,2008.0,241.0,6.074200000000001,28.340400000000002,0.0,38.385999999999996,17.683,11.943200000000001,14.721200000000001,2.7712000000000003,2008.0,241.0,17.66373333333333,32.11598666666667,6.835106666666667,58.01729333333333,29.127866666666673,16.106133333333332,22.42133333333333,4.396440000000001,2008.0,7460.36,3856.97,315.85,2338.32,190.04,585.77,0.0
9,257.0,21.7386,35.8982,31.882600000000004,96.2962,29.1586,18.7902,21.358800000000002,6.861600000000001,2008.0,257.0,4.821400000000001,25.3596,0.0,52.4066,15.667,6.269000000000001,12.280599999999998,2.0982,2008.0,257.0,15.150596190476191,30.27532,6.357213333333334,70.07809333333333,23.794053333333338,12.133066666666664,17.78909333333333,3.713013333333334,2008.0,7279.58,3509.9,318.5,2110.77,197.13,538.38,0.0
10,273.0,18.114,32.7164,24.896,76.9788,28.939799999999998,17.1468,21.6892,6.3548,2008.0,273.0,8.1938,24.1314,0.0,48.8554,18.1188,4.5556,12.457799999999999,2.5514,2008.0,273.0,15.403106666666666,28.9774,4.993600000000001,62.527253333333334,24.525039999999997,11.44296,17.59166666666667,4.212320000000001,2008.0,6140.47,2947.45,439.13,1957.61,260.17,643.22,0.0
11,289.0,16.3904,32.708999999999996,32.4638,85.21260000000001,26.2054,16.4388,20.101200000000002,9.5046,2008.0,289.0,4.0778,22.2246,0.0,36.974000000000004,11.3032,0.8033999999999999,6.410799999999999,2.1436,2008.0,289.0,11.068706666666667,27.429853333333334,4.917586666666667,64.91144,18.314173333333336,6.361653333333334,11.897346666666664,4.86512,2008.0,5659.89,2373.65,459.23,1671.79,253.15,746.56,0.02
12,305.0,13.5568,30.9064,18.9436,85.30499999999999,22.735999999999997,12.355599999999999,16.165,9.902600000000001,2008.0,305.0,4.975,20.3814,0.0,45.4588,3.8998,-3.154,1.5846,2.008,2008.0,305.0,10.298146666666668,25.585386666666672,2.3402266666666667,67.9322,16.02084,4.972613333333333,9.882893333333332,5.676,2008.0,5688.13,2164.14,406.52,1489.28,226.65,719.69,0.01
