,DOY,INSgdmax,RADmax,RAINmax,RHmax,TMAXmax,TMINmax,Tmax,WINDmax,YEAR,DOY,INSgdmin,RADmin,RAINmin,RHmin,TMAXmin,TMINmin,Tmin,WINDmin,YEAR,DOY,INSgdmean,RADmean,RAINmean,RHmean,TMAXmean,TMINmean,Tmean,WINDmean,YEAR,NDVI,EVI,RED,NIR,BLUE,MIR,pixrel
0,113.0,26.047600000000003,32.8476,26.6646,89.49700000000001,23.633,13.0228,16.415,10.8994,2008.0,113.0,5.077400000000001,21.5326,0.0,40.7352,8.3986,-3.9812,2.1626000000000003,2.1824000000000003,2008.0,113.0,17.14616,26.111159999999998,4.976613333333334,66.4878,17.075266666666664,3.1032799999999994,9.788426666666666,6.508960000000001,2008.0,4071.81,1753.03,741.2,1662.56,415.49,1127.44,0.08
1,129.0,28.22,30.3504,21.8982,91.9024,26.050000000000004,12.3586,18.7438,9.209800000000001,2008.0,129.0,7.4368,22.1558,0.0,39.769800000000004,15.018799999999999,2.2996,7.9426000000000005,1.7690000000000001,2008.0,129.0,20.1948,26.823800000000002,3.143626666666667,59.26344,19.994973333333334,7.102053333333332,13.304786666666669,5.263226666666666,2008.0,4288.97,1991.05,644.55,1787.76,295.2,1125.02,10.21
2,145.0,29.315800000000003,34.1014,17.5218,85.02059999999999,26.589,18.0098,20.998,8.104199999999999,2008.0,145.0,6.319599999999999,22.9334,0.0,35.8258,15.442,5.316599999999999,10.951199999999998,2.6758,2008.0,145.0,21.57617333333333,28.828933333333328,4.84044,58.93444,22.012666666666664,9.928373333333333,15.67441333333333,5.456546666666668,2008.0,4810.69,2341.14,598.09,1923.62,284.02,1073.87,10.2
3,161.0,29.1314,35.2668,41.036199999999994,88.73859999999999,27.808600000000002,18.8526,22.916800000000002,9.8978,2008.0,161.0,6.876,25.5992,0.0,54.4978,20.391600000000004,11.827200000000001,16.9546,2.343,2008.0,161.0,20.141093333333334,31.513666666666666,10.481813333333331,71.19736000000002,25.23068,15.347213333333332,20.392466666666664,5.306893333333334,2008.0,6857.48,3560.31,319.69,2248.29,158.48,590.54,10.2
4,177.0,29.1824,33.358399999999996,17.0088,87.0886,29.9418,19.489000000000004,24.079399999999996,7.7996,2008.0,177.0,12.1364,27.455,0.0,47.6422,21.501399999999997,12.864199999999999,17.492,1.8854000000000002,2008.0,177.0,25.065942857142858,30.419693333333335,2.9285733333333335,62.98742666666667,26.782266666666672,15.876479999999997,21.355706666666663,4.040826666666667,2008.0,7290.99,4455.01,312.43,2821.2,158.08,624.85,10.21
5,193.0,28.620800000000003,36.5,15.9214,93.6678,32.684000000000005,21.6336,25.559,6.5516,2008.0,193.0,6.546200000000001,27.5858,0.0,44.504400000000004,24.1594,14.181199999999999,20.0338,1.7064,2008.0,193.0,23.82813333333334,32.337786666666666,2.9210666666666665,69.85896,27.89168,18.020200000000003,23.058453333333336,3.961226666666667,2008.0,7649.61,4701.94,256.06,2890.8,128.13,546.77,10.21
6,209.0,27.0088,36.2984,42.17059999999999,87.1946,33.081399999999995,22.099799999999995,26.462400000000002,5.496,2008.0,209.0,8.2328,29.9746,0.0,45.7206,25.2012,16.121000000000002,21.4852,2.1858,2008.0,209.0,22.26309333333333,33.096293333333335,5.775706666666666,66.85741333333333,29.144840000000002,19.00474666666667,23.951786666666663,3.4301333333333335,2008.0,7565.81,4629.09,273.71,2869.14,137.28,566.3,10.25
7,225.0,25.3426,33.98,8.681799999999999,78.05460000000001,32.406400000000005,18.8172,25.304000000000002,3.9463999999999997,2008.0,225.0,15.982400000000002,28.775,0.0,43.377399999999994,22.477000000000004,14.677,18.7766,1.1942,2008.0,225.0,22.056359999999998,30.98588,1.53152,52.26248,29.374906666666664,16.593880000000002,22.856373333333334,2.9205599999999996,2008.0,7444.96,4513.67,290.05,2811.8,148.82,599.4,10.2
8,241.0,24.1512,35.1392,19.4366,76.0,33.3184,19.1604,26.1192,7.0382,2008.0,241.0,9.354800000000001,26.877599999999997,0.0,36.454,22.497000000000003,10.0616,16.311200000000003,2.6426,2008.0,241.0,19.33546666666667,30.678773333333332,4.324586666666667,53.90153333333333,28.25358666666667,14.88054666666667,21.519253333333335,4.828253333333333,2008.0,7261.16,4056.08,295.13,2522.76,146.2,558.07,10.64
9,257.0,20.0596,34.306000000000004,20.144199999999998,95.59119999999999,30.0356,16.4424,21.287599999999998,6.8326,2008.0,257.0,6.804400000000001,25.2704,0.0,45.9828,16.6474,5.992999999999999,12.6102,2.3167999999999997,2008.0,257.0,15.15536,29.677133333333337,3.7959066666666668,62.97370666666667,23.74776,11.067986666666664,17.288453333333333,4.103226666666666,2008.0,6607.45,3183.47,322.69,2027.49,155.92,554.89,10.2
10,273.0,18.3908,34.0266,11.621,83.87200000000001,29.3092,16.8966,21.4662,7.4884,2008.0,273.0,9.5986,24.1442,0.0,36.5736,16.903,3.6315999999999997,10.895999999999997,2.8982,2008.0,273.0,14.750253333333333,28.847839999999994,2.3300533333333338,58.90606666666667,23.068946666666665,10.406613333333334,16.26625333333333,5.05264,2008.0,6160.92,2925.89,373.9,1953.0,179.14,661.8,10.2
11,289.0,15.653400000000001,32.2996,14.7142,85.332,25.961199999999998,16.108,20.0304,8.864999999999998,2008.0,289.0,3.1784,22.2658,0.0,29.584,9.024000000000001,-0.4064,4.9914000000000005,1.9792,2008.0,289.0,10.353066666666667,26.78798666666667,3.31196,61.27448,17.04976,5.266173333333334,10.724106666666666,5.098146666666667,2008.0,4240.02,1744.06,555.36,1533.28,247.49,992.75,10.2
12,305.0,12.498800000000001,31.5616,12.6,85.82560000000001,22.8832,12.841800000000001,16.483600000000003,11.2534,2008.0,305.0,4.0766,20.511200000000002,0.0,41.6704,2.3836,-3.1412,0.6082000000000001,2.1605999999999996,2008.0,305.0,9.34144,25.86896,1.6367066666666665,63.97670666666666,15.343146666666668,4.3677866666666665,9.097493333333333,5.962840000000001,2008.0,4394.01,1532.05,447.17,1255.05,209.0,810.28,7.79
