,DOY,INSgdmax,RADmax,RAINmax,RHmax,TMAXmax,TMINmax,Tmax,WINDmax,YEAR,DOY,INSgdmin,RADmin,RAINmin,RHmin,TMAXmin,TMINmin,Tmin,WINDmin,YEAR,DOY,INSgdmean,RADmean,RAINmean,RHmean,TMAXmean,TMINmean,Tmean,WINDmean,YEAR,NDVI,EVI,RED,NIR,BLUE,MIR,pixrel
0,113.0,26.441200000000002,32.58229999999999,25.6989,94.3582,22.8104,12.456199999999999,16.461,10.284099999999999,2008.0,113.0,5.2139,21.1925,0.0,43.1362,7.7539,-2.9124,2.28,1.4764000000000002,2008.0,113.0,17.15932,26.388879999999997,4.89928,69.10996000000002,16.993873333333333,3.23544,10.022993333333332,6.215839999999999,2008.0,4497.39,1900.28,600.42,1576.92,309.91,1230.4,0.0
1,129.0,28.3809,30.622,16.4422,92.1365,25.6875,11.786199999999997,18.4526,8.977,2008.0,129.0,8.5672,22.795099999999998,0.0,43.37049999999999,14.3325,2.2763000000000004,8.0656,1.7863000000000002,2008.0,129.0,20.55275333333334,26.787433333333336,2.7047933333333325,61.88673999999999,19.59682,7.052086666666666,13.069626666666666,5.103193333333333,2008.0,4763.55,2264.65,663.18,1867.39,340.38,1326.84,0.0
2,145.0,29.2409,33.6381,21.2386,90.8696,25.248900000000003,17.274800000000003,20.3809,7.4698,2008.0,145.0,6.7979,23.101,0.0,38.708000000000006,14.7817,4.7584,10.5158,2.5313,2008.0,145.0,21.293913333333332,28.400879999999994,5.052080000000001,61.74053333333333,20.962233333333334,9.392713333333335,14.97732,5.271133333333333,2008.0,5679.17,2719.48,541.5,1960.28,291.68,1067.0,0.0
3,161.0,29.169800000000006,35.510600000000004,41.045100000000005,91.49780000000001,27.489400000000003,20.6509,23.2742,9.8863,2008.0,161.0,7.462899999999999,25.950400000000002,0.0,55.900200000000005,19.5013,11.860800000000001,16.4857,2.4097999999999997,2008.0,161.0,19.15762,31.838666666666665,10.775000000000002,73.18795333333334,24.951006666666665,15.583506666666667,20.341213333333332,5.362946666666666,2008.0,8256.64,4956.8,276.39,2946.78,164.64,556.54,0.01
4,177.00000000000003,29.168400000000002,33.4505,33.4313,89.81909999999999,29.775299999999998,19.2839,24.038600000000002,7.3645,2008.0,177.00000000000003,8.8398,27.0212,0.0,46.71320000000001,21.5963,12.912399999999998,17.4734,1.5121999999999998,2008.0,177.00000000000003,24.7239,30.252413333333337,4.192033333333334,64.24302666666667,26.340019999999996,15.573066666666668,20.978626666666667,3.9824533333333334,2008.0,8493.84,5716.54,280.02,3466.43,169.12,558.89,0.23
5,193.0,28.6674,36.0983,20.6243,93.86300000000001,31.156,21.6404,25.0293,6.481599999999999,2008.0,193.0,8.3848,27.647399999999998,0.0,47.666,23.6742,13.8324,19.7514,1.7423,2008.0,193.0,23.272100000000002,32.22104666666667,3.8118600000000002,71.63922,27.378899999999998,17.648506666666666,22.639106666666667,3.951260000000001,2008.0,8635.01,6238.29,279.79,3853.02,169.88,596.02,0.94
6,209.0,27.0556,36.087700000000005,21.8053,87.4177,30.692,21.971600000000002,25.3114,5.6217999999999995,2008.0,209.0,11.6883,29.8458,0.0,48.5583,24.808699999999998,15.6879,21.046000000000003,2.2551999999999994,2008.0,209.0,22.856793333333332,32.534033333333326,4.965293333333334,68.0535,28.636066666666668,18.644986666666664,23.47126666666667,3.34768,2008.0,8647.1,5606.03,239.46,3322.63,142.69,512.62,0.0
7,225.0,24.7425,33.54859999999999,8.2885,70.6636,31.6528,19.0747,24.694999999999997,4.0219000000000005,2008.0,225.0,10.792700000000002,28.2889,0.0,42.80429999999999,22.1655,13.8237,18.748099999999997,1.3295,2008.0,225.0,21.907960000000003,30.685486666666673,1.2474333333333332,53.58343333333333,28.396546666666666,16.237173333333335,22.18727333333333,2.8238466666666673,2008.0,8497.32,5370.55,254.21,3180.28,153.16,533.52,0.0
8,241.0,23.9997,36.050599999999996,18.441499999999998,78.0491,33.1981,18.9497,25.970299999999998,6.522800000000001,2008.0,241.0,8.2792,26.748800000000003,0.0,39.3688,19.3742,10.4329,14.886099999999999,2.6000999999999994,2008.0,241.0,19.04240666666667,30.736313333333324,4.51648,56.320646666666676,27.980600000000003,14.823286666666666,21.335846666666665,4.660586666666666,2008.0,8117.91,5476.11,358.43,3438.06,215.69,601.96,0.89
9,257.0,20.735999999999997,34.5551,19.7765,96.55,29.0866,15.4917,20.6793,6.4337,2008.0,257.0,6.4157,24.8004,0.0,48.408300000000004,15.460300000000002,6.0029,12.1533,1.9433,2008.0,257.0,14.395293333333333,29.706393333333335,4.213773333333333,64.78105333333332,23.415700000000005,10.982133333333332,17.06123333333333,4.0451266666666665,2008.0,7971.69,4402.33,293.63,2604.37,171.24,488.6,0.0
10,273.0,18.3292,33.6392,15.5116,81.82579999999999,28.804800000000004,16.615499999999997,21.7251,7.1633000000000004,2008.0,273.0,7.986000000000001,23.9686,0.0,37.8568,16.325400000000002,2.9688,10.0836,3.147,2008.0,273.0,14.4609,28.685439999999996,2.3267,59.522746666666656,22.696493333333336,9.99626,15.847280000000001,4.768013333333333,2008.0,7032.53,3397.66,371.65,2140.33,185.39,595.48,0.0
11,289.0,15.714999999999998,31.9273,13.480799999999999,84.48390000000002,25.951900000000002,15.718699999999997,19.8794,8.6209,2008.0,289.0,3.4744,22.039399999999997,0.0,30.381400000000003,8.879800000000001,-0.5346,5.298100000000001,1.3692,2008.0,289.0,10.783799999999998,26.63622,2.6181266666666665,63.18487999999999,16.959393333333335,5.115386666666668,10.671093333333333,4.933553333333333,2008.0,5040.72,1897.3,461.45,1399.08,242.24,854.87,0.0
12,305.0,12.301400000000001,31.431499999999996,5.850699999999999,84.99400000000001,22.7241,12.482199999999999,16.338800000000003,11.0395,2008.0,305.0,5.050000000000001,20.420199999999998,0.0,42.5328,3.5553000000000003,-3.6177999999999995,1.18,1.8510999999999997,2008.0,305.0,9.287233333333333,25.959686666666666,1.0242133333333332,64.50693333333334,15.049260000000002,4.31044,9.016333333333334,5.94,2008.0,5015.53,1801.8,443.77,1326.15,238.21,811.41,0.6
