,DOY,INSgdmax,RADmax,RAINmax,RHmax,TMAXmax,TMINmax,Tmax,WINDmax,YEAR,DOY,INSgdmin,RADmin,RAINmin,RHmin,TMAXmin,TMINmin,Tmin,WINDmin,YEAR,DOY,INSgdmean,RADmean,RAINmean,RHmean,TMAXmean,TMINmean,Tmean,WINDmean,YEAR,NDVI,EVI,RED,NIR,BLUE,MIR,pixrel
0,113.0,26.32,33.7811,29.4583,88.13990000000001,24.171800000000005,15.683,18.4546,9.258099999999999,2008.0,113.0,5.7094000000000005,22.2638,0.0,46.1986,9.5812,-0.9263000000000001,5.1219,1.4947,2008.0,113.0,18.01587333333333,27.832926666666665,5.885953333333333,71.30295333333333,19.03506,6.179986666666666,12.570586666666667,5.3203,2008.0,3595.75,1524.93,1579.71,2347.8,1311.25,794.86,0.56
1,129.0,28.260000000000005,32.569599999999994,52.7011,82.093,25.7003,14.043,18.8431,9.1884,2008.0,129.0,8.721400000000001,23.2193,0.0,50.5373,16.1881,4.6934000000000005,10.2843,2.7984,2008.0,129.0,21.633833333333328,27.522866666666673,5.0058066666666665,64.22804666666667,20.25100666666667,8.7129,14.37382,5.361786666666668,2008.0,4667.77,2017.95,517.64,1569.37,295.45,862.63,2.6
2,145.0,29.0779,34.2302,21.894,93.09030000000001,26.9256,19.4644,22.1984,7.0976,2008.0,145.0,8.6108,24.3275,0.0,44.4226,17.134500000000003,7.166799999999999,13.765799999999999,2.8445,2008.0,145.0,20.009326666666663,30.092486666666666,5.9495000000000005,66.00957333333334,22.7794,12.004633333333333,17.270946666666667,5.07106,2008.0,4816.88,2083.57,475.39,1527.98,294.39,787.06,0.02
3,161.0,29.5002,36.5305,28.9238,93.00210000000001,28.7381,22.6528,25.1039,8.947600000000001,2008.0,161.0,8.6411,27.209200000000003,0.0,61.432100000000005,23.354799999999997,13.404600000000002,19.2481,2.9389000000000003,2008.0,161.0,19.69723333333333,33.046473333333324,9.332973333333335,78.10001333333335,26.59585333333333,18.106340000000003,22.433373333333332,5.295746666666668,2008.0,6457.32,3090.97,347.46,1892.97,245.89,493.02,0.0
4,177.0,28.7455,37.0157,46.043800000000005,90.621,28.1908,21.964399999999998,24.3465,7.374499999999999,2008.0,177.0,3.9535,28.3491,0.0,54.3351,24.877499999999998,14.785800000000002,20.0796,1.792,2008.0,177.0,23.29325,31.914393333333333,9.103633333333335,70.80434666666666,26.91208,17.592373333333335,22.15940666666667,3.700273333333333,2008.0,6832.49,3582.69,334.59,2190.25,225.62,528.27,0.01
5,193.0,29.090000000000003,36.7684,37.3905,90.0994,31.194000000000003,22.2803,26.854099999999995,5.9765,2008.0,193.0,9.0963,27.6248,0.0,54.471199999999996,24.008499999999998,13.9387,20.2112,2.2605,2008.0,193.0,22.426226666666665,32.92852666666666,7.539900000000001,72.19936000000001,28.20798666666667,18.48584,23.51351333333333,3.984033333333333,2008.0,6948.06,3451.48,271.31,2078.3,170.34,453.45,5.78
6,209.0,27.331400000000002,36.6248,22.1037,87.9839,33.51220000000001,22.976599999999998,27.201400000000003,4.986800000000001,2008.0,209.0,7.1912,31.133200000000002,0.0,55.789,24.4835,17.3195,20.9865,1.9277000000000002,2008.0,209.0,21.975646666666663,34.33684,6.909526666666666,75.03596666666667,29.605720000000005,20.402606666666667,24.802266666666668,3.1642599999999996,2008.0,6999.76,3444.67,273.15,2051.24,181.22,478.24,2.57
7,225.0,25.7332,35.356899999999996,13.827100000000002,69.1273,31.916900000000002,23.091,26.7438,3.9613000000000005,2008.0,225.0,8.2458,28.368,0.0,41.539,25.997500000000002,14.6107,20.859099999999998,1.3736000000000002,2008.0,225.0,21.402866666666664,31.476266666666668,1.57334,53.051613333333336,30.119686666666666,17.4191,23.568313333333336,2.580753333333334,2008.0,6884.76,3345.77,294.56,1972.09,212.52,464.4,0.02
8,241.0,23.54,35.9928,38.4927,92.14229999999999,33.81529999999999,20.586299999999998,26.4568,5.7065,2008.0,241.0,5.6043,28.6216,0.0,42.6151,17.953100000000003,12.254000000000001,14.809999999999999,2.0793,2008.0,241.0,17.522146666666664,32.32787333333334,8.110126666666666,62.21531333333333,28.767980000000005,16.40065333333333,22.343386666666667,4.152486666666666,2008.0,6892.17,2955.58,263.44,1721.14,169.65,421.16,0.0
9,257.0,21.9236,36.349599999999995,33.9768,96.50710000000001,28.030099999999997,19.2046,21.5512,6.6655,2008.0,257.0,4.7363,24.7639,0.0,56.021499999999996,16.703,6.491,12.979899999999999,1.6579,2008.0,257.0,14.997486666666665,30.488686666666666,7.787386666666668,72.20411333333332,23.663813333333337,12.35778,17.852486666666668,3.5161733333333336,2008.0,6529.16,2851.76,302.35,1700.88,210.2,400.81,0.0
10,273.0,18.1177,31.9838,28.4332,78.7733,28.6734,17.6907,21.4339,5.8664,2008.0,273.0,10.831900000000001,24.1018,0.0,51.8117,17.7451,4.5112000000000005,12.1359,2.0445,2008.0,273.0,15.947746666666667,28.761319999999998,4.1586333333333325,65.32741333333333,23.982373333333335,11.37414,17.418999999999997,3.771033333333333,2008.0,6205.06,2544.1,319.25,1571.16,207.28,426.25,0.01
11,289.0,16.5532,33.404599999999995,28.230999999999998,81.40899999999999,25.753999999999998,16.3352,20.0753,9.212299999999999,2008.0,289.0,4.1296,21.5993,0.0,43.375,12.043199999999999,0.9958,6.7844999999999995,2.0585,2008.0,289.0,11.520106666666669,27.37608,3.4523866666666665,66.58753999999999,18.391379999999998,6.679853333333334,12.130693333333332,4.606120000000001,2008.0,5169.77,1763.28,340.41,1181.26,211.67,497.78,0.02
12,305.0,13.6123,30.4402,11.7989,87.48060000000001,22.7138,11.9634,16.0244,9.4956,2008.0,305.0,4.8159,20.3,0.0,46.838899999999995,4.6731,-3.4463,2.2691,1.5899,2008.0,305.0,10.46292,25.503246666666662,1.6544933333333334,68.48646000000001,16.0275,5.167479999999999,10.07184,5.524793333333333,2008.0,5422.81,1666.95,299.55,1081.83,187.36,464.25,0.55
