,DOY,INSgdmax,RADmax,RAINmax,RHmax,TMAXmax,TMINmax,Tmax,WINDmax,YEAR,DOY,INSgdmin,RADmin,RAINmin,RHmin,TMAXmin,TMINmin,Tmin,WINDmin,YEAR,DOY,INSgdmean,RADmean,RAINmean,RHmean,TMAXmean,TMINmean,Tmean,WINDmean,YEAR,NDVI,EVI,RED,NIR,BLUE,MIR,pixrel
0,113.0,26.32,33.8,39.28,88.31,24.26,16.25,18.82,9.34,2008.0,113.0,6.73,22.1,0.0,46.69,10.06,-0.92,5.67,1.69,2008.0,113.0,18.525333333333332,27.810666666666666,6.427333333333333,72.15933333333334,19.206000000000003,6.706666666666665,13.000666666666664,5.146,2008.0,5064.99,2806.48,829.35,2404.79,494.7,1262.16,0.16
1,129.0,28.26,32.62,45.79,81.4,25.19,15.24,18.61,9.39,2008.0,129.0,8.86,23.15,0.0,51.98,16.27,5.21,10.53,3.0,2008.0,129.0,20.95133333333333,27.77066666666667,4.578666666666666,65.49266666666668,20.302666666666667,9.156,14.596000000000002,5.388666666666668,2008.0,5583.46,3354.41,694.23,2620.95,378.36,1242.79,0.04
2,145.0,28.87,34.52,25.17,93.84,26.85,19.54,22.4,6.77,2008.0,145.0,7.88,24.8,0.0,44.41,17.67,8.2,14.61,2.75,2008.0,145.0,20.902666666666665,30.48266666666667,5.245999999999999,68.33133333333333,23.212,12.565333333333337,17.84466666666667,4.9479999999999995,2008.0,6049.36,3735.71,608.38,2750.92,335.2,1072.8,0.01
3,161.0,29.16,36.94,31.28,91.95,28.82,22.93,25.4,8.62,2008.0,161.0,5.51,27.94,0.0,64.79,23.38,13.14,19.96,2.92,2008.0,161.0,19.783333333333328,33.20733333333333,9.189333333333334,79.84133333333334,26.803333333333335,18.788,22.86933333333333,5.222666666666666,2008.0,6756.53,4256.38,572.24,3005.17,324.5,1083.84,0.01
4,177.0,28.84,37.4,43.99,89.55,28.09,22.04,24.63,7.28,2008.0,177.0,4.93,28.62,0.0,57.0,24.72,15.0,20.13,1.54,2008.0,177.0,23.03,32.169333333333334,9.643333333333334,72.06266666666667,26.776,17.79733333333333,22.28666666666667,3.655333333333333,2008.0,7053.35,4478.92,517.75,3038.65,295.58,932.65,0.0
5,193.0,29.09,36.97,33.39,89.86,31.32,22.4,26.81,5.63,2008.0,193.0,8.46,27.65,0.0,55.58,24.04,14.26,20.06,2.67,2008.0,193.0,22.418666666666674,32.87266666666666,6.744000000000002,72.28,28.314666666666664,18.632,23.627333333333333,3.969333333333333,2008.0,7215.71,4602.8,500.73,3098.29,292.53,929.3,0.19
6,209.0,27.47,36.65,29.67,89.54,33.55,23.09,27.34,4.76,2008.0,209.0,5.15,31.36,0.0,60.01,24.2,17.54,21.27,2.06,2008.0,209.0,21.69466666666667,34.714000000000006,8.512666666666666,78.03266666666667,29.62,20.924666666666667,25.020666666666667,3.1,2008.0,7371.78,4690.59,467.98,3117.8,262.72,943.98,0.0
7,225.0,25.96,36.22,7.42,74.98,30.89,23.91,26.58,3.64,2008.0,225.0,7.2,28.62,0.0,45.13,27.1,14.68,21.76,1.55,2008.0,225.0,21.356666666666666,31.736666666666668,1.1840000000000002,55.809333333333335,29.728666666666662,17.563999999999997,23.455333333333332,2.517333333333333,2008.0,7474.14,4688.3,426.44,3050.77,250.51,842.77,0.28
8,241.0,23.54,36.9,43.98,92.64,32.99,21.21,26.23,5.99,2008.0,241.0,5.22,29.05,0.0,44.65,18.98,13.01,15.44,2.01,2008.0,241.0,17.608666666666668,32.62733333333333,8.398666666666665,65.56733333333334,28.508000000000006,16.675333333333334,22.33666666666666,4.038666666666667,2008.0,7604.35,4611.33,374.41,2933.7,215.97,679.6,0.0
9,257.0,22.1,36.4,40.68,97.66,27.23,19.57,22.03,6.76,2008.0,257.0,4.1,25.06,0.0,57.88,17.9,6.68,13.78,1.45,2008.0,257.0,15.114666666666666,30.664666666666665,8.998666666666669,73.98533333333333,23.435333333333336,12.606000000000002,17.948666666666668,3.3893333333333326,2008.0,7420.41,4179.42,365.95,2606.12,217.13,624.12,0.0
10,273.0,18.25,31.82,33.7,81.98,27.93,17.13,21.1,5.69,2008.0,273.0,11.38,24.19,0.0,52.7,17.89,4.99,12.18,1.32,2008.0,273.0,16.294666666666668,28.741999999999997,4.089333333333333,67.87933333333334,23.767333333333337,11.640000000000002,17.566,3.441333333333333,2008.0,6568.49,3715.92,515.14,2580.53,279.88,878.28,0.0
11,289.0,16.78,33.77,29.68,81.22,25.25,16.31,19.88,9.08,2008.0,289.0,4.18,21.53,0.0,51.88,12.9,1.21,7.32,2.09,2008.0,289.0,11.674666666666667,27.576,3.1726666666666663,68.37799999999999,18.522,7.307333333333332,12.463333333333333,4.5280000000000005,2008.0,5592.52,2740.24,567.4,2051.47,303.1,1001.1,0.0
12,305.0,14.11,30.1,14.3,87.72,22.55,11.85,16.1,8.79,2008.0,305.0,4.86,20.3,0.0,48.08,5.7,-3.44,2.54,1.13,2008.0,305.0,10.913999999999998,25.272666666666666,1.6553333333333333,68.67,16.205999999999996,5.337999999999999,10.218,5.393333333333333,2008.0,5479.27,2765.84,628.13,2155.55,341.04,1014.67,0.59
