,DOY,INSgdmax,RADmax,RAINmax,RHmax,TMAXmax,TMINmax,Tmax,WINDmax,YEAR,DOY,INSgdmin,RADmin,RAINmin,RHmin,TMAXmin,TMINmin,Tmin,WINDmin,YEAR,DOY,INSgdmean,RADmean,RAINmean,RHmean,TMAXmean,TMINmean,Tmean,WINDmean,YEAR,NDVI,EVI,RED,NIR,BLUE,MIR,pixrel
0,113.0,26.4259,32.72919999999999,46.451299999999996,89.0777,24.060200000000002,15.2251,18.0183,9.2259,2008.0,113.0,6.521,21.6408,0.0,49.1644,7.8477,-0.6591,4.8883,1.3098999999999998,2008.0,113.0,18.143453333333333,27.701306666666664,6.846239999999999,71.41789333333332,19.215960000000003,6.695046666666666,12.946966666666668,5.321246666666666,2008.0,4822.0,1904.58,484.93,1421.14,309.19,684.02,0.32
1,129.0,28.177599999999998,31.818199999999997,18.024099999999997,81.8588,26.3251,13.901800000000001,18.9865,9.413699999999999,2008.0,129.0,9.5148,23.0276,0.0,52.870400000000004,15.9342,4.2063,10.2011,3.0468,2008.0,129.0,20.303566666666665,27.568073333333338,3.5357666666666665,65.34806666666668,20.317093333333332,8.642606666666666,14.23912,5.361186666666667,2008.0,5279.61,2194.96,458.58,1577.41,249.71,856.16,0.01
2,145.0,29.0701,33.9443,20.3885,90.7844,26.6329,19.578699999999998,21.8989,6.800800000000001,2008.0,145.0,9.670099999999998,23.4199,0.0,49.006800000000005,17.5563,5.732200000000001,13.100100000000001,2.8573000000000004,2008.0,145.0,20.388326666666664,29.36336,7.505366666666666,65.27162666666666,21.996386666666666,11.04496,16.51918666666667,4.9887999999999995,2008.0,5477.05,2233.44,404.87,1516.47,238.72,708.17,0.01
3,161.0,29.188399999999998,36.6392,41.354099999999995,90.75750000000001,29.1789,22.854799999999997,25.6385,9.290999999999999,2008.0,161.0,7.018599999999999,27.085,0.0,53.1651,23.194200000000002,14.0999,19.01,2.1916,2008.0,161.0,18.4793,33.14364666666667,11.037073333333332,77.02609333333332,26.93217333333334,18.157986666666666,22.61203333333333,5.237,2008.0,7352.09,3969.67,317.31,2385.85,214.4,518.31,0.01
4,177.0,28.7166,36.8968,38.0603,89.0926,28.442800000000002,22.1869,24.5475,7.2341999999999995,2008.0,177.0,7.4467,28.6693,0.0,55.30459999999999,23.9492,14.4646,19.810399999999998,1.5824,2008.0,177.0,23.75989285714285,31.72054666666667,7.804573333333334,69.74316000000002,26.741966666666666,17.28072666666667,21.988766666666663,3.7245600000000003,2008.0,7459.52,4142.77,294.12,2443.34,215.95,440.74,0.22
5,193.0,29.0285,37.2876,35.4166,91.0676,30.7977,22.7268,26.4794,5.647,2008.0,193.0,10.8236,27.8367,0.0,57.781800000000004,24.034399999999998,12.7647,19.5949,2.0727,2008.0,193.0,22.940373333333334,32.80282666666667,7.994973333333333,72.98447999999999,28.011513333333333,18.27751333333333,23.35598,3.8608400000000005,2008.0,7799.9,4043.64,219.48,2293.15,152.6,385.85,0.07
6,209.0,27.3815,36.7324,32.3935,89.6442,31.1526,22.9221,26.436799999999998,4.6897,2008.0,209.0,8.9993,29.9253,0.0,57.411,25.041800000000002,16.8791,21.098100000000002,1.8776000000000002,2008.0,209.0,22.30153333333333,33.82436,5.320493333333334,74.38310666666666,28.940019999999997,20.103086666666666,24.313593333333337,3.04646,2008.0,7890.56,4120.54,227.71,2373.39,145.89,428.65,0.0
7,225.0,25.3268,34.6298,19.9665,73.2037,31.9086,22.8903,26.5265,4.0844000000000005,2008.0,225.0,13.286,28.840600000000002,0.0,44.1163,25.979699999999998,14.1173,21.19,1.5614,2008.0,225.0,21.896646666666665,31.354586666666663,3.5932733333333333,53.70140000000001,29.595019999999998,17.058186666666664,23.193,2.617066666666667,2008.0,7873.21,3874.47,220.61,2194.05,149.43,386.34,0.0
8,241.0,23.7399,35.586800000000004,45.8605,92.1285,34.308099999999996,21.600299999999997,26.772799999999997,5.8026,2008.0,241.0,4.514200000000001,28.164199999999997,0.0,44.0077,17.719900000000003,12.600499999999998,15.241499999999998,1.1911,2008.0,241.0,17.398180000000004,32.226726666666664,7.97232,64.05227333333333,28.300373333333333,16.614513333333335,22.308533333333333,3.859606666666666,2008.0,7892.58,3568.19,194.07,1985.67,120.82,332.24,0.06
9,257.0,21.0976,36.4915,43.3938,96.89869999999999,27.217999999999996,19.1921,22.082600000000003,5.935599999999999,2008.0,257.0,5.260599999999999,24.8984,0.0,59.803599999999996,17.2405,6.6882,13.0279,1.3904,2008.0,257.0,14.718393333333335,30.434580000000004,9.68506,74.56797999999999,23.428153333333334,12.477253333333334,17.77382,3.3904066666666663,2008.0,7380.74,3462.84,259.36,1985.94,183.95,330.23,0.0
10,273.0,17.9848,31.763599999999997,32.6672,85.81219999999999,27.7528,16.829,21.0946,5.4849,2008.0,273.0,10.5481,23.879299999999997,0.0,58.12779999999999,16.3643,3.6483,10.911200000000001,1.6833,2008.0,273.0,15.372033333333334,28.602533333333334,3.7626333333333335,68.23637333333335,22.88578666666666,10.611173333333333,16.519546666666667,3.4914933333333336,2008.0,6666.28,2775.56,299.73,1688.72,165.9,379.79,0.0
11,289.0,16.3518,33.7716,16.1809,79.09790000000001,26.3946,16.2217,20.500700000000002,8.1598,2008.0,289.0,3.1998,21.38,0.0,42.4049,11.9521,0.6738,6.6972000000000005,1.4363,2008.0,289.0,11.892959999999999,26.92072666666667,1.8827266666666667,66.9181,18.100833333333334,6.832266666666666,12.070813333333332,4.227966666666667,2008.0,5592.85,1876.76,308.51,1203.98,183.09,371.46,0.09
12,305.0,13.3076,30.1866,13.1221,92.1457,22.6094,11.4245,15.9834,9.747300000000001,2008.0,305.0,4.402399999999999,20.23,0.0,49.469,4.7057,-3.6101,2.5476,2.1553999999999998,2008.0,305.0,10.235013333333333,25.642500000000002,1.1896666666666667,70.27932666666666,15.577933333333332,5.252253333333332,10.005519999999999,5.561933333333333,2008.0,5898.21,1937.86,333.89,1254.97,224.93,473.9,0.15
