,DOY,INSgdmax,RADmax,RAINmax,RHmax,TMAXmax,TMINmax,Tmax,WINDmax,YEAR,DOY,INSgdmin,RADmin,RAINmin,RHmin,TMAXmin,TMINmin,Tmin,WINDmin,YEAR,DOY,INSgdmean,RADmean,RAINmean,RHmean,TMAXmean,TMINmean,Tmean,WINDmean,YEAR,NDVI,EVI,RED,NIR,BLUE,MIR,pixrel
0,113.0,26.199,33.441500000000005,26.568499999999997,89.63400000000001,23.798000000000002,14.9685,18.1535,9.593499999999999,2008.0,113.0,4.8825,22.361000000000004,0.0,47.409,10.246500000000001,-1.279,4.8075,3.0235,2008.0,113.0,18.065166666666666,27.242566666666665,5.809899999999999,69.81813333333332,17.861133333333335,4.739333333333334,11.238533333333335,5.920533333333335,2008.0,4889.06,2885.4,849.38,2509.17,443.79,1623.62,0.14
1,129.0,28.546,30.994,46.1015,82.04650000000001,25.706000000000003,12.937999999999999,18.747500000000002,8.93,2008.0,129.0,7.5865,23.1275,0.0,43.8085,16.0775,2.971,9.3225,1.7485,2008.0,129.0,21.715666666666664,27.154666666666664,5.113433333333333,60.841499999999996,20.454933333333333,8.0967,14.125333333333334,5.324866666666667,2008.0,5751.66,3734.01,786.26,2965.83,415.45,1605.23,0.0
2,145.0,28.642000000000003,34.342,25.436999999999998,91.3485,27.0815,19.791,22.433500000000002,7.695499999999999,2008.0,145.0,7.5844999999999985,25.474999999999998,0.0,40.054,15.766000000000002,7.464499999999999,13.5085,2.6545,2008.0,145.0,20.253433333333337,30.3142,5.493500000000001,64.57130000000001,22.9865,12.009333333333334,17.32006666666667,5.394766666666667,2008.0,6597.15,4320.13,615.37,3075.06,371.83,992.04,1.04
3,161.0,29.583000000000002,36.3395,36.921499999999995,91.98,28.5335,21.647000000000002,24.325499999999998,8.979000000000001,2008.0,161.0,10.2035,26.482,0.0,53.153999999999996,23.637,12.5855,18.307499999999997,3.253,2008.0,161.0,22.286033333333336,32.3331,11.0556,75.44039999999998,26.452733333333335,16.8065,21.744,5.338466666666667,2008.0,7006.55,4689.9,557.97,3255.2,301.75,1158.35,0.02
4,177.0,29.3125,36.111999999999995,35.408,90.89,28.522,21.288,23.878500000000003,7.4145,2008.0,177.0,4.5315,28.008499999999998,0.0,54.4255,23.603,14.3855,19.759999999999998,1.6235,2008.0,177.0,22.837214285714285,31.5903,6.539666666666667,70.52923333333334,26.688566666666667,17.39763333333333,21.95733333333333,3.5429666666666666,2008.0,7013.84,4852.79,607.13,3445.68,331.8,1174.7,0.64
5,193.0,29.2385,36.3985,28.5235,88.053,31.5905,21.8275,27.008,6.4544999999999995,2008.0,193.0,10.0685,27.4135,0.0,47.4035,24.293,14.311,20.741500000000002,1.562,2008.0,193.0,22.1254,33.26166666666666,6.851766666666666,68.96626666666668,28.687999999999995,18.588566666666665,23.772066666666667,4.056866666666667,2008.0,7523.94,5092.6,491.62,3427.17,264.57,1078.38,0.53
6,209.0,27.4615,36.510999999999996,30.0955,86.5615,37.86,23.0475,29.753999999999998,5.5655,2008.0,209.0,8.7455,31.518,0.0,53.37949999999999,25.567499999999995,17.396,21.5965,1.77,2008.0,209.0,21.21466666666667,34.390633333333334,7.607033333333334,71.04233333333333,30.583066666666667,20.33096666666667,25.219533333333334,3.6287666666666674,2008.0,7721.12,5602.73,487.92,3801.3,269.08,1026.57,0.03
7,225.0,25.7675,34.913000000000004,8.737000000000002,70.2505,33.0835,22.036,26.4045,4.763,2008.0,225.0,9.868500000000001,28.677999999999997,0.0,39.432,25.6595,15.296,21.1965,1.3415,2008.0,225.0,21.0522,31.768766666666664,0.8808333333333332,50.85510000000001,30.913533333333334,17.665633333333332,24.085566666666672,2.762433333333333,2008.0,7803.19,5091.85,398.99,3260.56,219.43,845.25,0.0
8,241.0,23.756,35.129000000000005,18.571,79.26750000000001,34.74249999999999,20.170499999999997,26.585,6.3725000000000005,2008.0,241.0,7.2490000000000006,28.451,0.0,35.9065,20.533499999999997,12.292499999999999,16.3765,2.769,2008.0,241.0,18.371166666666667,32.110666666666674,5.189,54.85286666666667,29.391333333333336,16.01643333333333,22.59033333333333,4.5914,2008.0,7743.23,5053.69,408.54,3265.95,223.63,796.15,0.0
9,257.0,21.413000000000004,35.849000000000004,31.6995,96.3775,29.2635,18.670499999999997,21.274500000000003,7.0875,2008.0,257.0,4.6209999999999996,25.217499999999998,0.0,51.201,15.11,6.125500000000001,12.0075,1.968,2008.0,257.0,15.00312380952381,30.12226666666666,5.960566666666668,69.82553333333333,23.481733333333334,11.895599999999998,17.5883,3.8264000000000005,2008.0,7165.9,4176.05,443.1,2714.37,241.31,826.95,0.0
10,273.0,18.2225,33.039,24.113,77.61500000000001,28.8085,16.7795,21.523000000000003,6.935499999999999,2008.0,273.0,8.645,24.259,0.0,46.977000000000004,18.4835,4.8515,12.7835,2.349,2008.0,273.0,15.457500000000003,29.094066666666667,4.857233333333333,61.73046666666667,24.83963333333333,11.877299999999998,17.8891,4.542066666666667,2008.0,6536.21,3625.65,505.9,2472.29,266.72,949.27,0.0
11,289.0,16.38,32.6995,39.684,88.655,26.177500000000002,16.6515,20.2185,9.503,2008.0,289.0,3.6905,22.804000000000002,0.0,35.468,10.488500000000002,0.6535000000000001,6.577,2.048,2008.0,289.0,10.959599999999998,27.479366666666667,5.815766666666667,64.15446666666666,18.307033333333337,6.611066666666668,11.891699999999997,5.1127,2008.0,5285.16,2801.0,668.72,2210.27,335.81,1224.65,0.0
12,305.0,13.541,31.176,25.192999999999998,85.1455,22.5945,12.833,16.2135,9.883499999999998,2008.0,305.0,4.82,20.432000000000002,0.0,45.158500000000004,3.598,-2.8795,0.8884999999999998,2.214,2008.0,305.0,10.425733333333335,25.569966666666673,2.6037,68.21093333333333,15.867233333333335,4.7600333333333325,9.603566666666666,5.7547999999999995,2008.0,4766.25,2482.95,748.03,2115.23,389.19,1371.75,0.0
