,DOY,INSgdmax,RADmax,RAINmax,RHmax,TMAXmax,TMINmax,Tmax,WINDmax,YEAR,DOY,INSgdmin,RADmin,RAINmin,RHmin,TMAXmin,TMINmin,Tmin,WINDmin,YEAR,DOY,INSgdmean,RADmean,RAINmean,RHmean,TMAXmean,TMINmean,Tmean,WINDmean,YEAR,NDVI,EVI,RED,NIR,BLUE,MIR,pixrel
0,113.0,26.411500000000004,33.554,43.233000000000004,87.83050000000001,23.839000000000002,15.792499999999999,18.872,9.1355,2008.0,113.0,4.489,22.2985,0.0,46.9295,10.713500000000002,-0.6525,6.0215000000000005,2.7065,2008.0,113.0,18.142999999999994,27.823366666666665,8.5794,72.20789999999998,19.038933333333336,6.545299999999999,12.788866666666669,5.2616,2008.0,5023.09,3129.75,894.32,2712.54,475.27,1840.21,0.0
1,129.0,28.179,32.2615,46.68899999999999,80.906,25.433500000000002,14.776,18.873500000000003,9.3705,2008.0,129.0,7.433999999999999,23.270500000000002,0.0,50.165000000000006,16.376,4.402,10.1265,2.8185000000000002,2008.0,129.0,21.542138095238098,27.6726,4.240133333333333,64.65493333333333,20.529433333333337,9.061166666666667,14.753866666666665,5.3549,2008.0,5636.73,3720.66,837.79,3021.92,447.23,1747.65,0.0
2,145.0,28.298000000000002,34.421499999999995,29.7165,92.53849999999998,27.3425,19.995,22.733500000000003,6.764,2008.0,145.0,8.7605,25.841,0.0,43.132000000000005,18.265,8.605999999999998,14.9665,2.4515,2008.0,145.0,21.460733333333334,30.868266666666667,5.0604,68.8802,23.589700000000004,12.847666666666663,18.169366666666665,5.007566666666667,2008.0,6662.6,4807.85,693.4,3575.34,373.65,1369.87,0.23
3,161.0,29.223,36.962999999999994,37.4225,90.88699999999999,28.66,22.567,25.0555,8.258000000000001,2008.0,161.0,9.6335,28.139499999999998,0.0,65.336,23.884500000000003,13.454500000000001,19.946,2.7170000000000005,2008.0,161.0,19.34166666666666,33.116733333333336,10.68223333333333,79.09616666666668,26.7779,18.4857,22.676866666666665,5.180399999999999,2008.0,6760.5,4411.35,578.48,3092.14,312.71,1236.89,0.0
4,177.0,28.9835,36.68,31.675,88.48550000000002,28.996,21.916,24.7355,7.317,2008.0,177.0,5.0455000000000005,28.584,0.0,57.602500000000006,25.383499999999998,15.099499999999999,20.507,1.7775,2008.0,177.0,23.637804945054945,32.00966666666667,8.0111,70.98123333333334,27.152300000000004,17.972499999999997,22.485533333333333,3.6094999999999993,2008.0,7208.48,4833.9,528.84,3298.67,293.76,1000.92,0.32
5,193.0,29.12,36.928999999999995,31.878499999999995,88.91499999999999,32.717999999999996,22.549999999999997,27.3875,6.126,2008.0,193.0,7.7145,27.673499999999997,0.0,49.557500000000005,24.323999999999998,14.5945,20.5625,2.255,2008.0,193.0,21.93806666666666,33.18026666666667,5.976133333333333,68.74606666666666,29.1563,19.00256666666667,24.14693333333333,4.017666666666667,2008.0,7743.02,5235.22,429.61,3410.67,237.91,968.88,0.09
6,209.0,26.6795,36.980999999999995,29.897999999999996,87.4495,36.982,23.2175,29.331500000000002,5.2625,2008.0,209.0,5.875500000000001,32.4345,0.0,60.650999999999996,27.11,17.858,22.829,2.242,2008.0,209.0,21.3882,35.0659,8.139566666666667,75.28543333333333,30.867433333333327,21.22666666666667,25.663999999999994,3.404533333333333,2008.0,7663.99,5421.56,476.28,3622.13,264.1,1046.07,0.0
7,225.0,25.772499999999997,36.1115,3.4955000000000003,70.273,32.3275,24.2515,27.062,3.911,2008.0,225.0,11.7665,29.358,0.0,43.45499999999999,27.7575,15.0075,21.9355,1.5635,2008.0,225.0,21.112600000000004,31.906366666666667,0.3212333333333333,53.78739999999999,30.766099999999998,17.742366666666666,24.044566666666668,2.574366666666666,2008.0,7678.09,5043.0,427.66,3272.36,234.79,926.05,0.05
8,241.0,23.8015,36.281,25.0015,89.495,34.214,21.889,26.7785,5.8469999999999995,2008.0,241.0,6.2175,28.9385,0.0,40.998999999999995,19.221500000000002,12.775,15.4325,2.8004999999999995,2008.0,241.0,17.520833333333336,32.68083333333333,7.209433333333333,60.02773333333333,29.684066666666673,16.816033333333333,22.920399999999997,4.322366666666667,2008.0,7685.14,5331.97,464.88,3554.57,252.08,973.88,0.0
9,257.0,22.093,36.293499999999995,40.555,97.99449999999999,28.3125,19.547499999999996,21.767000000000003,7.044499999999999,2008.0,257.0,4.4225,25.562,0.0,52.348,17.3615,6.526,13.8255,1.342,2008.0,257.0,15.051533333333335,30.540766666666666,7.457799999999999,71.66416666666667,23.943200000000004,12.533566666666667,18.125400000000003,3.5382,2008.0,6935.23,4022.37,481.08,2667.88,263.7,935.45,0.0
10,273.0,18.495,32.275999999999996,26.067,82.244,29.3,17.787499999999998,21.638,6.2695,2008.0,273.0,9.361500000000001,24.3125,0.0,48.641,18.914,5.5845,13.071499999999999,1.8645,2008.0,273.0,16.531100000000002,29.039166666666667,4.524666666666667,65.17593333333333,24.89543333333333,12.226500000000001,18.267766666666667,3.808033333333334,2008.0,6499.89,3652.54,533.82,2518.6,285.05,1030.71,0.0
11,289.0,16.738,34.1785,51.98350000000001,84.7355,25.962500000000002,16.511,20.116,9.0345,2008.0,289.0,4.6855,22.215500000000002,0.0,47.498000000000005,12.844000000000001,1.252,7.6690000000000005,2.626,2008.0,289.0,11.250533333333335,28.009866666666674,5.217133333333333,67.82243333333334,18.953499999999995,7.300566666666665,12.618233333333336,4.8502333333333345,2008.0,5153.19,2717.43,688.29,2179.07,349.9,1329.11,0.0
12,305.0,13.9715,31.2945,23.8825,84.39099999999999,22.794999999999998,12.5825,16.298000000000002,9.226999999999999,2008.0,305.0,7.38,20.347,0.0,47.53549999999999,5.6465,-3.0469999999999997,2.156,1.15,2008.0,305.0,11.62226666666667,25.472099999999998,2.1669333333333336,67.75860000000002,16.44936666666667,5.199399999999998,10.206333333333335,5.420633333333333,2008.0,4602.15,2500.44,804.53,2192.43,424.66,1512.56,0.05
