,DOY,INSgdmax,RADmax,RAINmax,RHmax,TMAXmax,TMINmax,Tmax,WINDmax,YEAR,DOY,INSgdmin,RADmin,RAINmin,RHmin,TMAXmin,TMINmin,Tmin,WINDmin,YEAR,DOY,INSgdmean,RADmean,RAINmean,RHmean,TMAXmean,TMINmean,Tmean,WINDmean,YEAR,NDVI,EVI,RED,NIR,BLUE,MIR,pixrel
0,113.0,26.358800000000002,33.2386,25.7236,88.2299,24.1038,14.245100000000003,17.8097,10.255,2008.0,113.0,5.795800000000001,21.2677,0.0,41.4707,9.7155,-0.9436000000000001,6.0154000000000005,4.2398,2008.0,113.0,19.29332666666667,26.68765333333333,3.8510333333333335,66.10220666666666,18.082993333333334,4.72414,11.303873333333334,6.342640000000001,2008.0,3196.21,1875.9,1224.14,2365.56,594.92,2226.83,0.2
1,129.0,28.7816,31.0608,28.2919,83.83609999999999,26.8578,13.9461,19.1485,8.108899999999998,2008.0,129.0,6.1447,22.4167,0.0,40.539,14.7825,1.5424,9.2095,1.4215,2008.0,129.0,21.413546666666665,27.28050666666666,3.5005933333333332,59.16051333333334,21.101486666666666,8.020766666666669,14.397793333333333,5.213106666666667,2008.0,3567.72,2428.3,1443.45,3021.49,701.15,2801.94,0.46
2,145.0,28.120000000000005,35.1506,30.811,86.208,29.2488,20.292499999999997,24.0192,8.052299999999999,2008.0,145.0,7.507099999999999,25.9036,0.0,37.8519,15.697700000000001,8.2072,13.8706,2.6738,2008.0,145.0,21.048473333333334,30.99235333333333,6.437833333333333,64.53888,24.251546666666666,12.834773333333333,18.4132,5.417266666666666,2008.0,4169.13,2749.41,1201.44,2910.38,590.73,2428.24,0.02
3,161.0,29.6381,36.0889,27.5647,87.7112,30.054900000000004,21.7163,25.115,9.1783,2008.0,161.0,10.9886,27.550400000000003,0.0,49.8371,24.7095,11.6264,19.065,3.1898,2008.0,161.0,23.495,32.07060666666666,9.243000000000002,72.20104666666667,27.218146666666666,16.71276,22.129220000000004,5.24358,2008.0,5277.76,3761.39,1069.25,3437.42,534.65,2219.08,0.0
4,177.0,29.0092,35.298,39.5698,85.99350000000001,30.5756,21.8709,25.022,6.746499999999999,2008.0,177.0,8.8904,28.9372,0.0,51.8557,24.5035,14.911999999999999,20.392300000000002,1.4148,2008.0,177.0,23.964714285714287,31.894613333333332,6.124946666666666,67.22655333333334,27.904046666666662,17.880380000000002,22.744999999999997,3.43206,2008.0,6979.53,5182.76,679.5,3831.3,357.57,1434.98,0.13
5,193.0,29.2295,36.760000000000005,18.651899999999998,83.7877,34.4915,22.5709,28.4592,6.418699999999999,2008.0,193.0,14.551200000000001,28.076,0.0,38.905100000000004,25.882600000000004,15.192200000000001,21.8975,1.8834,2008.0,193.0,23.275873333333333,33.80152,5.759639999999999,63.00744666666666,30.719393333333336,19.41336666666667,25.032046666666666,4.1732,2008.0,8062.24,6107.31,431.64,4070.03,237.02,946.46,0.0
6,209.0,27.117,37.5997,18.6518,77.9684,40.4099,24.160800000000002,31.678599999999996,6.0803,2008.0,209.0,10.2044,33.0154,0.0,46.62010000000001,29.5743,18.396,24.5364,2.0766,2008.0,209.0,21.30678,35.251673333333336,4.689813333333333,65.72337999999999,32.986940000000004,21.365053333333332,26.82345333333334,3.9998733333333334,2008.0,8453.69,6311.46,335.15,4050.9,183.52,777.18,0.17
7,225.0,25.7256,35.2418,6.736000000000001,61.684799999999996,35.4824,21.8401,27.1642,4.9183,2008.0,225.0,9.4028,29.679100000000005,0.0,38.0241,27.712300000000003,16.322799999999997,23.1287,1.2533000000000003,2008.0,225.0,21.169006666666665,32.36456,1.21018,48.82673333333334,32.002446666666664,18.70259333333334,25.212413333333334,2.8764200000000004,2008.0,8193.91,5844.84,367.37,3756.78,199.75,783.87,0.0
8,241.0,23.72,35.6216,15.6007,69.2808,36.339299999999994,20.477,27.623199999999997,7.0361,2008.0,241.0,9.767199999999999,29.050000000000004,0.0,33.8728,23.663,12.165700000000001,17.7694,2.2728,2008.0,241.0,19.951699999999995,32.30095333333334,2.9043599999999996,49.885326666666664,30.44508666666666,16.76688,23.557913333333335,4.85572,2008.0,8053.07,5799.77,405.77,3801.54,219.24,787.64,0.55
9,257.0,21.5469,35.9213,40.0879,95.7905,29.5569,18.9245,21.3947,7.765300000000002,2008.0,257.0,4.2973,25.1914,0.0,48.4598,15.602800000000002,6.4276,12.432400000000001,1.5143,2008.0,257.0,15.090806666666667,30.08486,5.331319999999999,68.00141333333333,23.968746666666668,12.045459999999999,17.84818,3.93178,2008.0,7041.62,4450.51,531.46,3064.11,269.73,864.47,0.0
10,273.0,18.4275,33.0336,26.7682,82.4279,29.711,17.2048,21.934,8.175699999999999,2008.0,273.0,7.9679,24.4372,0.0,44.6059,19.6525,6.146,13.9846,1.7853999999999999,2008.0,273.0,16.096486666666664,29.43071333333333,5.436213333333333,61.44119333333333,25.69127333333333,13.080326666666668,18.845313333333333,4.874106666666666,2008.0,5324.61,2881.3,698.75,2292.65,349.72,1232.82,0.0
11,289.0,16.4583,33.6028,46.6653,94.09719999999999,26.3124,17.1256,20.644199999999998,8.4458,2008.0,289.0,2.5987999999999998,23.5447,0.0,36.5999,11.775,1.1989,7.784599999999999,1.9116,2008.0,289.0,11.186359999999999,28.08320666666667,7.701346666666668,63.472080000000005,19.196153333333335,7.481966666666667,12.611893333333333,5.284560000000001,2008.0,4051.82,2125.58,875.99,2073.56,431.36,1442.3,0.0
12,305.0,13.6355,31.5214,28.4127,85.1762,23.388800000000003,14.2437,16.9624,9.6343,2008.0,305.0,4.4485,19.171100000000003,0.0,43.714,4.3544,-2.0098000000000003,0.847,2.3465999999999996,2008.0,305.0,10.62928,25.485393333333334,2.085986666666667,65.77586,16.220806666666668,4.7415400000000005,9.769386666666668,5.752,2008.0,3146.71,1762.35,1160.4,2207.02,564.38,1811.54,0.57
