,DOY,INSgdmax,RADmax,RAINmax,RHmax,TMAXmax,TMINmax,Tmax,WINDmax,YEAR,DOY,INSgdmin,RADmin,RAINmin,RHmin,TMAXmin,TMINmin,Tmin,WINDmin,YEAR,DOY,INSgdmean,RADmean,RAINmean,RHmean,TMAXmean,TMINmean,Tmean,WINDmean,YEAR,NDVI,EVI,RED,NIR,BLUE,MIR,pixrel
0,113.0,26.39,33.2296,25.72,88.5128,24.032400000000003,14.3408,17.890400000000003,10.1056,2008.0,113.0,5.767,21.4666,0.0,42.1892,9.8838,-0.8296,5.978200000000001,4.1419999999999995,2008.0,113.0,19.193066666666667,26.776733333333326,4.192693333333333,66.95506666666667,18.097813333333335,4.845320000000001,11.380573333333333,6.255920000000001,2008.0,3093.65,1895.09,1329.25,2521.76,635.65,2502.24,0.55
1,129.0,28.7738,31.113599999999998,29.591199999999997,82.53139999999999,26.724000000000004,13.979999999999999,19.1458,8.2442,2008.0,129.0,6.491200000000001,22.5412,0.0,41.1312,15.1698,1.7674,9.2722,1.5046,2008.0,129.0,21.46431238095238,27.301386666666666,3.6532533333333337,59.66169333333334,21.027866666666668,8.136946666666667,14.428173333333334,5.229586666666667,2008.0,3384.55,2296.22,1482.36,2997.89,704.98,3019.34,0.31
2,145.0,28.171599999999998,35.050399999999996,31.6702,87.0504,28.863000000000003,20.336,23.796,7.941599999999999,2008.0,145.0,7.8308,25.8616,0.0,38.27160000000001,16.049,8.2666,14.0452,2.5645999999999995,2008.0,145.0,20.983733333333337,30.99509333333333,6.418653333333333,65.17272000000001,24.16978666666667,12.863093333333335,18.38104,5.388906666666667,2008.0,4051.25,2466.94,1090.53,2576.3,539.49,1987.18,0.16
3,161.0,29.627599999999997,36.163000000000004,28.5622,88.2344,29.799000000000007,21.784399999999998,25.052,9.152800000000001,2008.0,161.0,10.5908,27.5672,0.0,50.345,24.667199999999998,11.905999999999999,19.121399999999998,3.1484,2008.0,161.0,23.25396,32.16894666666667,9.597080000000002,72.85562666666667,27.191426666666665,16.809240000000003,22.167600000000004,5.27256,2008.0,5191.71,3632.12,1056.27,3324.98,530.58,2251.8,0.01
4,177.0,29.052999999999997,35.5152,39.7708,85.90859999999999,30.5804,21.839399999999998,25.016000000000002,6.830799999999999,2008.0,177.0,8.195599999999999,28.8412,0.0,52.1398,24.6076,14.9978,20.4496,1.443,2008.0,177.0,23.902980219780222,31.903853333333338,6.178346666666666,67.35657333333334,27.898306666666663,17.901200000000003,22.74924,3.4750400000000004,2008.0,6663.3,4787.61,717.15,3605.44,375.45,1582.62,0.05
5,193.0,29.216,36.6964,20.189999999999998,84.5572,34.6058,22.525599999999997,28.449599999999997,6.4982,2008.0,193.0,13.3944,28.060399999999998,0.0,39.728,25.7146,15.169400000000001,21.843799999999998,1.773,2008.0,193.0,22.982253333333333,33.779399999999995,5.906199999999998,63.21286666666667,30.58477333333333,19.385906666666667,24.975186666666666,4.1812000000000005,2008.0,8080.23,6164.88,431.71,4114.42,236.63,982.12,0.0
6,209.0,27.022799999999997,37.556200000000004,20.236400000000003,78.7226,40.2554,24.130799999999997,31.585,6.009200000000001,2008.0,209.0,9.8966,33.098200000000006,0.0,47.5714,29.223000000000006,18.4242,24.3756,2.109,2008.0,209.0,21.29252,35.240973333333336,5.042373333333333,66.06148,32.90504,21.365693333333333,26.776493333333335,3.9624933333333336,2008.0,8505.81,6715.81,349.32,4398.49,193.45,818.78,0.13
7,225.0,25.625999999999998,35.354,6.6861999999999995,62.247600000000006,35.245999999999995,22.2706,27.196599999999997,4.8322,2008.0,225.0,10.046,29.605600000000003,0.0,38.184,27.5776,16.230999999999998,23.06,1.2542,2008.0,225.0,21.079626666666663,32.366,1.0979999999999999,48.92145333333333,31.975706666666667,18.65457333333334,25.166653333333336,2.871,2008.0,8246.49,6031.97,371.0,3898.62,203.3,806.87,0.0
8,241.0,23.7266,35.6078,17.1832,70.3476,36.304199999999994,20.593999999999998,27.610599999999998,6.900199999999999,2008.0,241.0,9.5314,28.981600000000004,0.0,33.9112,23.273000000000003,12.4144,17.6806,2.415,2008.0,241.0,19.616319999999995,32.39693333333334,3.27752,50.47554666666667,30.431066666666666,16.7944,23.54581333333333,4.81452,2008.0,7958.49,6348.74,500.36,4408.27,274.6,915.28,0.52
9,257.0,21.5634,36.0422,39.559599999999996,96.1592,29.464199999999998,18.939799999999998,21.4586,7.7128,2008.0,257.0,4.246,25.1188,0.0,48.7616,15.725200000000001,6.451600000000001,12.5176,1.544,2008.0,257.0,15.080226666666666,30.151199999999996,5.471,68.31717333333333,23.972866666666665,12.113439999999999,17.8796,3.90916,2008.0,6162.55,3765.13,650.06,2804.17,328.32,1064.59,0.0
10,273.0,18.429,32.99159999999999,28.7608,82.154,29.651600000000002,17.176,21.8734,8.005599999999998,2008.0,273.0,7.9238,24.4606,0.0,44.77419999999999,19.596999999999998,6.1556,13.93,1.8304,2008.0,273.0,16.121746666666667,29.385413333333332,5.388373333333334,61.60397333333333,25.637653333333333,13.01674666666667,18.80697333333333,4.794986666666666,2008.0,4869.8,2627.99,777.04,2251.12,383.26,1363.74,0.0
11,289.0,16.4862,33.412,48.1572,93.9004,26.3022,17.107,20.6532,8.5238,2008.0,289.0,2.7788,23.388400000000004,0.0,37.1192,11.735399999999998,1.2106,7.7498,1.9368,2008.0,289.0,11.222399999999999,28.002266666666664,7.419026666666667,63.956599999999995,19.154373333333336,7.450026666666667,12.612813333333335,5.269880000000001,2008.0,3513.58,1925.4,1030.77,2153.71,500.2,1750.3,0.0
12,305.0,13.6874,31.486000000000004,28.699199999999998,84.75619999999999,23.298199999999998,14.0946,16.860999999999997,9.676,2008.0,305.0,4.6096,19.317800000000002,0.0,44.09739999999999,4.4486,-2.0344,0.9394,2.2638000000000003,2008.0,305.0,10.69932,25.473173333333335,2.204786666666667,66.14823999999999,16.230306666666667,4.78252,9.791986666666666,5.733879999999999,2008.0,3027.86,1784.33,1227.13,2296.46,605.16,1968.19,0.93
