,DOY,INSgdmax,RADmax,RAINmax,RHmax,TMAXmax,TMINmax,Tmax,WINDmax,YEAR,DOY,INSgdmin,RADmin,RAINmin,RHmin,TMAXmin,TMINmin,Tmin,WINDmin,YEAR,DOY,INSgdmean,RADmean,RAINmean,RHmean,TMAXmean,TMINmean,Tmean,WINDmean,YEAR,NDVI,EVI,RED,NIR,BLUE,MIR,pixrel
0,113.0,26.506200000000003,32.7937,25.644199999999998,87.6517,24.176499999999997,13.8061,17.1248,10.970899999999999,2008.0,113.0,4.9674,20.161000000000005,0.0,39.7247,9.785499999999999,-3.4633,4.055700000000001,4.1563,2008.0,113.0,18.76707333333334,26.098446666666668,3.7446800000000007,63.16184,17.347833333333334,3.240853333333334,10.117213333333334,6.731846666666666,2008.0,2570.01,1388.65,1055.01,1840.97,585.67,2069.78,0.38
1,129.0,28.6926,30.398800000000005,26.238000000000003,86.51620000000001,25.5711,12.572199999999999,18.4738,8.238199999999999,2008.0,129.0,5.3279000000000005,22.0892,0.0,39.8297,16.0466,0.5239,8.451899999999998,1.7058,2008.0,129.0,20.631073333333333,27.084466666666664,3.4486866666666667,57.423786666666665,20.450333333333333,7.105300000000001,13.682126666666667,5.25914,2008.0,3085.73,1717.19,969.88,1946.04,542.44,1914.87,0.26
2,145.0,28.5738,34.7026,24.3766,85.12469999999999,29.5638,18.6708,23.1896,8.639,2008.0,145.0,5.8103,25.353099999999998,0.0,36.199600000000004,15.3943,6.7273,12.440000000000001,2.8664,2008.0,145.0,21.759046666666666,29.84398,5.065719999999999,58.71385333333333,23.41554,11.268859999999998,17.090733333333333,5.693266666666667,2008.0,3869.54,2146.94,885.51,2087.45,498.25,1723.95,0.27
3,161.0,29.6963,36.0462,32.1888,89.0618,29.360000000000003,19.1157,23.5204,9.1482,2008.0,161.0,10.2804,25.915800000000004,0.0,53.03790000000001,23.6292,7.172899999999999,15.2951,2.8411,2008.0,161.0,21.935353333333335,31.447486666666666,7.503419999999999,70.66792666666666,26.056173333333334,14.999366666666667,20.61002666666667,5.034000000000001,2008.0,5720.22,3349.19,685.38,2549.95,377.23,1299.19,0.28
4,177.0,28.9182,33.543800000000005,24.1138,86.5369,28.778000000000002,20.3643,23.4898,7.7761,2008.0,177.0,15.199599999999998,28.2331,0.0,51.17400000000001,22.6282,13.4185,18.6113,1.7073999999999998,2008.0,177.0,23.328200000000002,31.247666666666664,4.161233333333334,66.67195999999998,26.786966666666665,16.895233333333337,21.839959999999994,3.5517666666666674,2008.0,6964.68,5087.92,615.76,3660.91,339.81,1109.91,0.59
5,193.0,29.2581,36.7356,16.111,90.1152,31.8812,21.9068,26.602000000000004,6.6175,2008.0,193.0,15.483700000000002,27.3149,0.0,42.033899999999996,24.3599,14.6594,20.1213,2.0877,2008.0,193.0,24.413439999999998,32.87873333333334,4.201779999999999,70.19320666666667,28.497873333333335,18.415786666666666,23.436139999999998,3.9133200000000006,2008.0,7127.47,5256.27,608.71,3811.36,322.42,903.32,0.07
6,209.0,27.4062,36.9726,19.5491,85.37419999999999,36.962,22.565399999999997,29.292399999999997,5.7537,2008.0,209.0,11.9604,30.523200000000003,0.0,52.0608,25.927500000000002,17.051499999999997,22.2488,1.7455,2008.0,209.0,21.545179999999995,34.17116666666667,4.152253333333333,71.47059333333331,29.92495333333334,19.860873333333334,24.699413333333332,3.7503466666666667,2008.0,7084.84,5357.2,622.38,3873.86,340.77,872.66,0.15
7,225.0,25.9781,35.0814,12.6782,65.5912,32.9519,18.923499999999997,25.520999999999997,4.3758,2008.0,225.0,10.784400000000002,29.0007,0.0,43.437999999999995,27.0242,15.720699999999999,22.123199999999997,1.3326,2008.0,225.0,21.330513333333332,31.81429333333333,2.3156866666666667,52.585866666666654,30.091839999999998,17.490299999999998,23.730906666666666,2.79668,2008.0,5862.34,3982.54,798.28,3139.89,429.21,1027.03,0.0
8,241.0,24.0168,35.597,10.2179,74.2765,33.6243,19.7776,26.7073,7.6265,2008.0,241.0,7.3525,26.101,0.0,35.3804,23.087699999999998,9.1268,16.1618,2.6383,2008.0,241.0,19.78048666666667,31.033733333333338,2.54934,52.03837333333333,28.880719999999993,15.09274,21.93036666666667,4.9247466666666675,2008.0,4995.14,3445.46,1105.07,3208.92,549.68,1466.85,0.12
9,257.0,20.519999999999996,34.6399,28.6725,88.0022,30.999899999999997,18.4762,21.4913,7.1716,2008.0,257.0,6.979,25.1762,0.0,46.92660000000001,16.2486,5.5021,12.7782,1.8561,2008.0,257.0,15.644139999999998,29.79736666666666,4.516673333333333,64.14824666666668,23.808973333333334,11.363953333333333,17.450553333333335,4.09594,2008.0,4635.24,2854.94,960.83,2601.09,513.98,1397.24,0.07
10,273.0,18.4949,33.3649,18.576900000000002,77.4738,29.668,17.7618,21.885800000000003,8.642299999999999,2008.0,273.0,9.5089,23.9587,0.0,44.3344,18.562900000000003,4.7571,12.6399,1.8417999999999999,2008.0,273.0,15.179379999999998,28.98556666666666,5.411573333333333,59.34212666666666,24.446900000000007,11.968333333333337,17.704766666666664,5.220533333333332,2008.0,4261.87,2378.74,854.49,2175.12,469.86,1261.23,0.0
11,289.0,16.019999999999996,33.4426,25.944499999999998,89.8529,25.8861,16.5572,19.6352,8.4879,2008.0,289.0,2.7892,23.7637,0.0,29.9877,8.7394,0.0085,5.7563,1.8583,2008.0,289.0,10.398433333333333,27.41403333333333,6.543326666666667,61.59512666666666,17.651359999999997,6.157220000000001,11.170013333333332,5.2272333333333325,2008.0,3770.63,1943.09,842.51,1905.05,455.83,1317.31,0.0
12,305.0,13.0,31.735,20.6162,87.9031,22.4245,13.8012,16.522199999999998,10.607600000000001,2008.0,305.0,3.6705,20.3919,0.0,41.335800000000006,1.4252,-2.4759,-0.6184,2.5121,2008.0,305.0,10.13188,25.499006666666666,1.79416,66.59812000000001,15.0529,4.232833333333334,8.885333333333334,5.851380000000001,2008.0,3385.67,1731.0,975.77,1922.53,573.26,1495.04,0.09
