,DOY,INSgdmax,RADmax,RAINmax,RHmax,TMAXmax,TMINmax,Tmax,WINDmax,YEAR,DOY,INSgdmin,RADmin,RAINmin,RHmin,TMAXmin,TMINmin,Tmin,WINDmin,YEAR,DOY,INSgdmean,RADmean,RAINmean,RHmean,TMAXmean,TMINmean,Tmean,WINDmean,YEAR,NDVI,EVI,RED,NIR,BLUE,MIR,pixrel
0,113.0,26.42,33.05,22.94,92.35,23.46,13.97,17.03,9.29,2008.0,113.0,5.47,22.0,0.0,45.73,8.49,-2.17,3.18,1.4,2008.0,113.0,17.589333333333332,26.736,4.172,69.90466666666666,17.865333333333336,4.378,11.127333333333333,5.904,2008.0,5413.4,2319.46,505.35,1696.47,253.44,939.81,0.0
1,129.0,28.19,31.64,25.95,88.85,25.88,12.34,18.85,8.65,2008.0,129.0,8.06,22.79,0.0,47.13,15.24,3.29,9.24,1.74,2008.0,129.0,20.512666666666668,27.229333333333333,2.830666666666666,62.810666666666656,20.078,7.842,13.745333333333338,5.157333333333332,2008.0,5479.89,2621.78,575.05,1964.75,288.72,1072.36,0.03
2,145.0,29.38,34.52,27.93,92.62,25.77,18.4,21.15,7.24,2008.0,145.0,3.02,23.33,0.0,41.41,15.48,5.38,12.18,2.69,2008.0,145.0,20.308666666666667,29.194000000000003,6.849333333333333,63.16066666666666,21.598666666666666,10.430666666666665,15.860666666666669,5.270666666666667,2008.0,5965.04,2804.38,493.22,1953.59,255.65,900.55,0.03
3,161.0,29.45,36.22,46.45,90.39,28.3,21.75,24.23,9.59,2008.0,161.0,6.37,25.96,0.0,56.17,22.04,12.97,17.9,2.38,2008.0,161.0,18.70066666666667,32.40266666666667,12.602000000000002,74.21666666666668,25.875999999999998,16.662666666666667,21.29,5.450000000000001,2008.0,7875.46,4249.14,293.68,2529.0,164.01,552.72,0.05
4,177.0,28.8,35.03,42.91,88.37,29.06,20.91,24.14,7.75,2008.0,177.0,5.54,27.43,0.0,49.7,22.66,13.67,18.76,1.9,2008.0,177.0,24.4,30.81266666666667,5.069333333333333,67.74133333333333,26.451999999999998,16.392666666666667,21.421333333333333,3.772666666666666,2008.0,8083.13,5070.06,318.67,3108.13,181.62,594.1,0.05
5,193.0,28.98,36.65,19.79,89.19,30.53,22.28,25.74,6.3,2008.0,193.0,16.63,27.54,0.0,50.62,23.66,13.43,19.82,1.79,2008.0,193.0,23.471999999999998,32.636,4.8886666666666665,72.24733333333333,27.845333333333333,17.981999999999996,23.089333333333332,3.8466666666666667,2008.0,8375.85,5400.57,283.35,3277.76,159.31,570.08,0.91
6,209.0,27.11,36.11,12.8,90.06,31.2,22.03,26.09,5.36,2008.0,209.0,12.24,29.95,0.0,52.46,24.29,16.47,20.93,1.96,2008.0,209.0,22.56533333333333,33.29333333333333,4.472666666666667,71.52133333333335,28.744666666666664,19.346666666666668,23.941999999999997,3.290666666666668,2008.0,8392.48,5167.97,264.24,3086.77,150.85,516.77,0.36
7,225.0,24.95,33.88,9.39,68.11,32.06,20.23,24.84,4.11,2008.0,225.0,10.26,27.54,0.0,39.76,24.15,14.18,19.75,1.49,2008.0,225.0,21.48266666666667,30.877333333333336,1.146666666666667,52.681999999999995,29.136,16.708,22.754666666666665,2.7213333333333334,2008.0,8272.87,4932.25,270.99,2920.85,155.17,542.78,0.0
8,241.0,24.05,35.96,26.6,83.2,33.85,19.42,26.27,6.0,2008.0,241.0,6.34,27.36,0.0,38.29,17.1,10.93,14.11,2.77,2008.0,241.0,18.62933333333333,31.46533333333333,5.836,57.477999999999994,28.54466666666667,15.423333333333337,21.886666666666667,4.447333333333334,2008.0,8218.82,4542.19,258.54,2656.1,145.82,469.0,0.41
9,257.0,21.35,35.71,23.71,95.61,29.9,17.41,20.87,6.61,2008.0,257.0,5.11,24.44,0.0,50.55,14.28,6.33,11.82,1.73,2008.0,257.0,14.510666666666664,30.07266666666667,5.495333333333334,67.15333333333334,23.728666666666662,11.543333333333333,17.505333333333333,3.8066666666666666,2008.0,7805.47,4054.9,289.9,2391.73,165.57,463.18,0.03
10,273.0,18.07,32.72,20.27,79.35,28.68,16.82,21.56,6.49,2008.0,273.0,7.88,24.19,0.0,42.61,17.04,3.4,11.19,3.03,2008.0,273.0,15.036666666666664,28.71666666666666,3.1519999999999997,60.542666666666655,23.604,10.475333333333335,16.569333333333333,4.439333333333334,2008.0,7262.6,3357.13,323.69,2036.46,168.31,511.21,0.0
11,289.0,16.06,31.97,21.97,84.15,25.95,16.05,20.14,9.12,2008.0,289.0,3.71,21.89,0.0,31.04,9.76,0.14,5.51,1.78,2008.0,289.0,11.412,26.736666666666668,2.9313333333333333,64.26533333333333,17.586666666666666,5.622000000000001,11.217999999999996,4.8020000000000005,2008.0,5879.7,2193.33,377.5,1456.25,191.74,624.85,0.06
12,305.0,12.74,31.43,10.51,89.9,22.86,11.72,15.99,10.69,2008.0,305.0,4.32,20.3,0.0,44.39,3.41,-3.57,1.51,2.35,2008.0,305.0,9.668,25.886,1.164,67.29466666666666,15.409333333333334,4.633333333333334,9.44,5.810666666666666,2008.0,6003.87,2149.66,349.17,1399.0,174.73,628.48,0.39
