,DOY,INSgdmax,RADmax,RAINmax,RHmax,TMAXmax,TMINmax,Tmax,WINDmax,YEAR,DOY,INSgdmin,RADmin,RAINmin,RHmin,TMAXmin,TMINmin,Tmin,WINDmin,YEAR,DOY,INSgdmean,RADmean,RAINmean,RHmean,TMAXmean,TMINmean,Tmean,WINDmean,YEAR,NDVI,EVI,RED,NIR,BLUE,MIR,pixrel
0,113.0,26.3063,33.263299999999994,43.9265,88.6844,24.3063,15.4992,18.3421,8.9738,2008.0,113.0,6.9749,21.687,0.0,47.2882,8.5462,-0.4726,5.281000000000001,1.2677,2008.0,113.0,17.946646666666666,27.835606666666664,6.5157799999999995,71.55164666666666,19.371146666666668,6.733933333333333,13.116019999999999,5.181313333333332,2008.0,4976.57,2042.65,617.98,1652.14,411.94,824.35,0.26
1,129.0,28.264200000000002,32.1528,23.6341,82.51820000000001,26.2653,14.182,18.9771,9.4307,2008.0,129.0,9.2012,23.114199999999997,0.0,52.668400000000005,16.212600000000002,4.740499999999999,10.657499999999999,3.0183,2008.0,129.0,20.24792,27.76034,4.252713333333333,65.39674000000001,20.41153333333333,9.07538,14.578540000000004,5.371179999999999,2008.0,5459.03,2348.64,487.0,1689.67,268.66,916.39,0.06
2,145.0,29.0858,34.2066,19.6413,92.1541,27.0674,19.4009,22.2216,6.7834,2008.0,145.0,9.1664,23.865299999999998,0.0,48.5596,18.6417,6.8835,13.9108,3.0478,2008.0,145.0,20.355619999999995,29.88393333333333,6.932699999999999,66.18284666666666,22.721406666666667,11.7894,17.251200000000004,4.926539999999999,2008.0,5657.8,2333.94,423.1,1595.77,239.26,795.23,0.0
3,161.0,29.300000000000004,36.9428,31.795499999999997,91.82459999999999,29.2949,22.946600000000004,25.805600000000002,9.026800000000001,2008.0,161.0,8.4177,27.5395,0.0,56.067699999999995,23.3348,13.654900000000001,19.752,2.5702000000000003,2008.0,161.0,19.3938,33.29570666666667,9.502286666666667,78.15903999999999,27.133260000000003,18.730426666666666,23.003126666666667,5.1874400000000005,2008.0,7614.41,4072.35,309.75,2426.35,204.14,548.34,0.0
4,177.0,28.6646,37.347899999999996,38.0995,89.2679,28.344900000000003,22.396700000000003,24.7297,7.189299999999999,2008.0,177.0,8.335700000000001,29.020400000000002,0.0,55.4816,24.308400000000002,15.1371,20.0932,1.5117,2008.0,177.0,23.523107142857143,32.112426666666664,8.461386666666666,70.10296666666667,27.009146666666666,17.80442666666667,22.406746666666663,3.732886666666667,2008.0,7360.81,4044.28,369.83,2430.96,296.36,531.06,0.49
5,193.0,28.943800000000003,36.93429999999999,36.585899999999995,89.9856,31.862000000000002,22.7354,26.9469,5.5863000000000005,2008.0,193.0,10.199399999999999,28.007099999999998,0.0,54.8318,24.6649,13.649,20.137,2.3062,2008.0,193.0,22.845200000000006,32.93397333333334,6.070893333333333,70.81336666666667,28.776866666666667,18.602246666666666,23.868180000000002,3.9295933333333335,2008.0,7845.96,4155.77,270.27,2419.99,196.81,448.04,0.68
6,209.0,27.275399999999998,36.910799999999995,29.525100000000002,90.0656,32.0488,23.299799999999998,26.7104,4.581600000000001,2008.0,209.0,6.8622000000000005,30.4825,0.0,55.2625,24.328400000000002,17.4399,21.252700000000004,1.7469000000000001,2008.0,209.0,22.41210666666667,34.261293333333334,6.965353333333334,75.49212,29.364199999999993,20.6316,24.793480000000002,2.9878400000000003,2008.0,8027.75,4244.04,238.04,2455.21,150.76,480.43,0.0
7,225.0,25.4308,35.653099999999995,14.529900000000001,75.4573,31.627699999999997,23.6079,26.6284,3.7715,2008.0,225.0,13.2565,28.8978,0.0,43.320299999999996,26.6772,14.329,21.465600000000002,1.3521,2008.0,225.0,21.895113333333335,31.65576,2.9038266666666663,54.053893333333335,29.80372,17.59314,23.535999999999994,2.5258733333333336,2008.0,7875.74,4021.91,252.47,2311.57,168.4,465.98,0.0
8,241.0,23.65,35.8604,49.7502,93.15419999999999,33.688900000000004,21.729599999999998,26.7517,6.174099999999999,2008.0,241.0,4.4587,28.564500000000002,0.0,44.2478,18.488599999999998,12.9123,15.6283,1.3401,2008.0,241.0,17.43549333333334,32.43738,8.473953333333334,66.41912666666667,28.254646666666666,16.861259999999998,22.396773333333332,3.8228800000000005,2008.0,7705.35,3424.45,216.89,1921.94,138.61,375.14,0.0
9,257.0,21.647900000000003,36.5762,48.273199999999996,96.9807,27.2376,19.8375,22.432900000000004,6.1796,2008.0,257.0,5.047499999999999,24.943799999999996,0.0,59.8181,18.1592,7.0016,13.604200000000002,1.4824,2008.0,257.0,14.744326666666668,30.615299999999998,10.482,74.36301333333333,23.567600000000002,12.857420000000001,18.104166666666664,3.291246666666667,2008.0,7163.95,3493.57,314.5,2073.8,214.37,449.26,0.0
10,273.0,18.1508,31.6509,32.8949,83.5214,27.6124,16.7725,21.2,5.237299999999999,2008.0,273.0,10.101199999999999,23.8859,0.0,56.815,16.8863,4.5074000000000005,11.4893,1.3565,2008.0,273.0,15.841026666666668,28.690933333333334,3.83544,68.16863333333333,23.265813333333334,11.197286666666665,17.06256,3.3343066666666674,2008.0,6850.04,2804.1,296.32,1683.71,171.24,406.58,0.0
11,289.0,16.6267,33.9091,20.1222,80.64939999999999,26.0601,16.3749,20.4305,8.3536,2008.0,289.0,3.3062,21.379999999999995,0.0,47.7622,12.3139,1.1835,7.2165,1.5571000000000002,2008.0,289.0,11.781299999999998,27.18313333333333,1.9696866666666666,67.63117333333332,18.339366666666667,7.215506666666667,12.412040000000001,4.199573333333334,2008.0,6094.9,2012.9,302.83,1262.37,172.65,474.59,0.05
12,305.0,13.6645,29.4589,14.326799999999999,89.3369,22.6582,11.3658,16.1096,9.307099999999998,2008.0,305.0,4.427099999999999,20.2512,0.0,48.6177,5.4451,-3.4774000000000003,2.7667,1.7213999999999998,2008.0,305.0,10.54796,25.427993333333333,1.36024,69.57255333333333,15.974133333333334,5.4122,10.262926666666667,5.4408666666666665,2008.0,5062.12,1760.92,584.43,1434.71,518.08,623.33,0.9
