,DOY,INSgdmax,RADmax,RAINmax,RHmax,TMAXmax,TMINmax,Tmax,WINDmax,YEAR,DOY,INSgdmin,RADmin,RAINmin,RHmin,TMAXmin,TMINmin,Tmin,WINDmin,YEAR,DOY,INSgdmean,RADmean,RAINmean,RHmean,TMAXmean,TMINmean,Tmean,WINDmean,YEAR,NDVI,EVI,RED,NIR,BLUE,MIR,pixrel
0,113.0,26.387,33.2876,23.1875,90.9277,23.6778,14.4254,17.429299999999998,9.2636,2008.0,113.0,5.3512,22.1188,0.0,45.7894,8.7573,-1.7608,3.7146,1.3934,2008.0,113.0,17.631353333333333,27.102300000000003,4.632680000000001,70.20012666666666,18.218213333333335,4.87058,11.520253333333333,5.745159999999999,2008.0,4513.89,2016.68,701.57,1773.96,362.33,1218.56,0.02
1,129.0,28.2131,31.937,36.1173,86.75450000000001,25.919600000000003,12.669999999999998,18.8929,8.7886,2008.0,129.0,8.2514,22.945099999999996,0.0,47.9748,15.537,3.6529999999999996,9.537,2.0502000000000002,2008.0,129.0,21.014926666666668,27.278173333333335,3.6312466666666663,63.03330666666666,20.12508,8.04352,13.909673333333338,5.219593333333334,2008.0,4913.87,2469.71,700.68,2049.8,355.73,1247.01,0.05
2,145.0,29.3206,34.3682,25.3032,92.6299,26.165999999999997,18.7366,21.456899999999997,7.256500000000001,2008.0,145.0,5.006600000000001,23.5676,0.0,42.4066,15.9222,5.769399999999999,12.539699999999998,2.7592999999999996,2008.0,145.0,20.036746666666666,29.414880000000004,6.688733333333333,63.65082666666666,21.904466666666668,10.841406666666666,16.214866666666666,5.228646666666667,2008.0,5719.98,2949.07,588.82,2177.62,310.29,1049.76,0.08
3,161.0,29.5325,36.2431,40.2097,91.4559,28.428700000000003,21.9942,24.461,9.4415,2008.0,161.0,7.7263,26.230600000000003,0.0,57.255700000000004,22.468999999999998,13.1647,18.2069,2.5681,2008.0,161.0,19.01284666666667,32.58394666666667,11.551060000000001,75.16068666666668,26.073339999999998,17.006966666666667,21.582819999999998,5.413260000000001,2008.0,7719.6,4445.86,335.71,2719.42,190.79,611.89,0.07
4,177.0,28.763700000000004,35.6108,44.3422,89.3204,28.792699999999996,21.2433,24.1532,7.6444,2008.0,177.0,4.8272,27.6808,0.0,50.7131,23.4223,13.9967,19.1857,1.9131999999999998,2008.0,177.0,24.08579285714286,31.126826666666666,6.296053333333333,68.50825333333333,26.6302,16.74884666666667,21.640233333333335,3.757486666666666,2008.0,8035.33,5206.13,341.97,3236.64,195.67,626.13,0.0
5,193.0,29.0163,36.65,26.3735,89.53649999999999,30.724700000000002,22.2569,26.1162,6.260400000000001,2008.0,193.0,14.267200000000003,27.5631,0.0,51.676,23.7689,13.535599999999999,19.9784,1.8659,2008.0,193.0,23.128359999999997,32.74336,5.917826666666667,72.21587333333333,27.944333333333336,18.119939999999996,23.207253333333334,3.894846666666667,2008.0,8180.08,5522.05,327.15,3456.31,185.45,610.99,0.56
6,209.0,27.1562,36.275,14.4038,89.0733,31.9557,22.3204,26.4299,5.2808,2008.0,209.0,10.9695,30.296499999999998,0.0,52.740500000000004,24.408799999999996,16.7076,20.8937,1.9237,2008.0,209.0,22.425193333333333,33.564593333333335,4.966126666666668,72.10037333333334,29.026046666666666,19.593946666666668,24.18356,3.2614066666666672,2008.0,8048.29,5227.49,336.24,3251.22,189.03,658.79,0.04
7,225.0,25.1645,34.2001,12.096,67.31139999999999,32.2118,21.0154,25.5,4.123200000000001,2008.0,225.0,9.797999999999998,27.7644,0.0,39.6511,24.546,14.308699999999998,19.9414,1.4174,2008.0,225.0,21.465286666666668,31.02451333333333,1.3629266666666668,52.269499999999994,29.5364,16.91458,23.045066666666663,2.6872333333333334,2008.0,8010.25,5027.72,327.1,3091.61,185.35,632.74,0.0
8,241.0,23.881700000000002,35.795,29.461100000000002,86.0545,33.99850000000001,19.684,26.3756,5.848199999999999,2008.0,241.0,6.1716999999999995,27.6933,0.0,39.322900000000004,17.1825,11.2204,14.2189,2.5555000000000003,2008.0,241.0,18.247193333333332,31.69193333333333,6.53054,58.391659999999995,28.66874666666667,15.692613333333336,22.038686666666667,4.372093333333334,2008.0,7928.42,4601.77,292.6,2786.93,155.36,566.02,2.69
9,257.0,21.505100000000002,35.911300000000004,25.798900000000003,95.68260000000001,29.438000000000002,17.9314,21.002,6.61,2008.0,257.0,5.11,24.4895,0.0,51.9954,14.8476,6.346500000000001,12.047699999999999,1.7465000000000002,2008.0,257.0,14.648606666666666,30.175846666666665,6.016953333333334,68.47487333333333,23.751546666666666,11.763993333333332,17.601253333333332,3.7353866666666664,2008.0,7271.86,4001.69,388.13,2528.0,214.3,610.45,0.0
10,273.0,18.0601,32.508799999999994,21.9431,78.53819999999999,28.8219,17.216,21.583099999999998,6.3184000000000005,2008.0,273.0,8.7479,24.1438,0.0,45.4744,17.2446,3.6739,11.4936,2.8452,2008.0,273.0,15.270086666666664,28.735146666666665,3.4976199999999995,61.62704666666666,23.77054,10.720413333333335,16.821233333333332,4.2826933333333335,2008.0,6932.65,3523.22,404.23,2266.79,208.86,686.15,0.0
11,289.0,16.1788,32.3726,23.7553,83.2821,25.982999999999997,16.149,20.1565,9.1761,2008.0,289.0,3.8387,21.8075,0.0,33.462199999999996,10.347399999999999,0.3809,5.8267999999999995,1.8658000000000001,2008.0,289.0,11.417720000000001,26.908926666666666,3.1574933333333335,64.68465333333333,17.826906666666666,5.849480000000001,11.454719999999998,4.7525,2008.0,5309.59,2176.4,473.58,1600.98,234.27,800.81,2.55
12,305.0,12.9314,31.1693,10.4506,89.05520000000001,22.8435,11.8223,15.986699999999999,10.4326,2008.0,305.0,4.4751,20.3,0.0,44.9576,3.6277999999999997,-3.5304,1.708,2.1883000000000004,2008.0,305.0,9.8429,25.804379999999995,1.3256999999999999,67.65238666666666,15.578733333333334,4.776553333333333,9.62018,5.741806666666667,2008.0,5209.81,2065.61,486.78,1534.04,255.36,814.0,0.79
