,DOY,INSgdmax,RADmax,RAINmax,RHmax,TMAXmax,TMINmax,Tmax,WINDmax,YEAR,DOY,INSgdmin,RADmin,RAINmin,RHmin,TMAXmin,TMINmin,Tmin,WINDmin,YEAR,DOY,INSgdmean,RADmean,RAINmean,RHmean,TMAXmean,TMINmean,Tmean,WINDmean,YEAR,NDVI,EVI,RED,NIR,BLUE,MIR,pixrel
0,113.0,25.92,32.72,26.02,88.76,23.71,12.75,16.14,11.17,2008.0,113.0,5.15,21.24,0.0,39.05,8.15,-4.21,1.87,2.2,2008.0,113.0,17.095999999999997,25.917999999999996,4.656000000000001,65.96933333333332,16.88533333333333,2.892666666666665,9.537333333333333,6.618666666666668,2008.0,2525.32,1003.85,1634.59,2122.69,1392.97,874.51,0.72
1,129.0,28.22,30.28,17.98,93.68,26.05,12.33,18.68,9.3,2008.0,129.0,7.34,22.07,0.0,39.09,14.79,2.04,7.65,1.78,2008.0,129.0,20.164,26.730666666666664,3.011333333333334,59.08333333333333,19.85666666666667,6.879999999999999,13.126000000000001,5.267333333333332,2008.0,2208.53,694.19,238.6,1092.35,-17.12,630.36,73.97
2,145.0,29.34,33.8,17.7,83.21,26.49,17.77,20.8,8.19,2008.0,145.0,7.27,22.72,0.0,35.08,15.31,5.09,10.52,2.59,2008.0,145.0,21.952666666666666,28.59133333333333,4.554,58.39866666666668,21.83666666666666,9.694,15.458666666666666,5.459333333333334,2008.0,2813.43,1114.4,235.82,1265.57,10.08,562.71,66.35
3,161.0,28.94,35.06,41.43,88.6,27.67,18.45,22.71,10.01,2008.0,161.0,6.48,25.52,0.0,54.94,19.67,11.55,16.64,2.31,2008.0,161.0,20.220000000000002,31.333999999999996,10.199333333333332,70.92133333333335,24.98266666666667,15.086000000000002,20.145333333333333,5.285333333333333,2008.0,4234.57,2196.92,13.46,1655.84,-104.6,218.34,71.42
4,177.0,29.2,32.98,15.02,86.73,30.12,19.17,24.13,7.76,2008.0,177.0,13.54,27.4,0.0,47.09,21.2,12.62,17.14,1.87,2008.0,177.0,25.38714285714286,30.272,2.56,61.94066666666667,26.735333333333344,15.681999999999999,21.25333333333333,4.100666666666667,2008.0,4507.17,2600.31,16.5,1878.7,-94.13,213.54,66.37
5,193.0,28.48,36.5,16.39,95.54,32.75,21.44,25.46,6.6,2008.0,193.0,3.64,27.61,0.0,44.28,24.21,14.19,19.97,1.68,2008.0,193.0,23.848666666666666,32.184666666666665,2.4546666666666668,70.04933333333334,27.706000000000003,17.93733333333334,22.920000000000005,3.9726666666666675,2008.0,4774.06,2784.82,-33.81,1945.41,-126.65,154.66,69.05
6,209.0,26.89,36.14,43.66,86.88,32.23,22.08,25.93,5.54,2008.0,209.0,7.63,29.88,0.0,45.12,24.88,15.89,21.45,2.21,2008.0,209.0,22.356666666666666,32.897999999999996,5.607333333333333,66.374,28.949333333333335,18.829333333333334,23.77666666666666,3.4213333333333327,2008.0,4739.29,2534.96,-94.67,1771.66,-181.55,95.54,76.58
7,225.0,25.27,33.98,8.75,78.18,32.38,18.54,25.26,3.92,2008.0,225.0,17.21,28.94,0.0,44.22,22.73,14.6,18.77,1.17,2008.0,225.0,22.304666666666666,30.922666666666668,1.594,52.36133333333332,29.295999999999996,16.479333333333336,22.754,2.968666666666666,2008.0,4594.5,2539.0,-53.6,1808.35,-149.72,138.73,73.96
8,241.0,24.16,35.06,19.54,75.67,33.16,19.09,26.04,7.19,2008.0,241.0,9.72,26.64,0.0,36.85,22.53,9.56,16.1,2.57,2008.0,241.0,19.451333333333334,30.491333333333333,4.089333333333333,53.884666666666675,28.05866666666667,14.722000000000003,21.335333333333335,4.882666666666666,2008.0,4422.55,2243.07,-72.46,1631.93,-170.43,105.26,79.39
9,257.0,19.91,34.02,18.91,95.71,29.82,16.24,21.16,6.87,2008.0,257.0,7.24,25.2,0.0,45.38,17.16,5.85,12.74,2.44,2008.0,257.0,15.282666666666666,29.562,3.4933333333333336,62.30666666666666,23.709333333333333,10.919999999999995,17.179333333333332,4.1659999999999995,2008.0,4021.7,1602.41,-36.69,1264.25,-153.26,103.11,76.51
10,273.0,18.47,34.13,10.62,85.39,29.34,17.0,21.42,7.66,2008.0,273.0,10.01,24.12,0.0,35.39,16.65,3.46,10.61,2.94,2008.0,273.0,14.731333333333334,28.79533333333333,2.0420000000000003,58.942,22.788666666666668,10.225333333333335,16.041999999999998,5.138000000000001,2008.0,3759.54,1422.6,-21.91,1208.31,-155.31,167.94,79.05
11,289.0,15.55,32.26,11.94,85.2,25.86,16.02,19.96,8.7,2008.0,289.0,3.13,22.18,0.0,29.54,8.98,-0.6,4.91,1.9,2008.0,289.0,10.194666666666667,26.764666666666667,3.0073333333333334,60.992,16.894,5.129333333333332,10.565999999999999,5.1273333333333335,2008.0,2099.03,441.37,147.6,847.85,-63.48,374.83,76.52
12,305.0,12.38,31.72,11.28,85.06,22.87,12.91,16.51,11.37,2008.0,305.0,4.07,20.52,0.0,41.49,2.3,-3.15,0.54,2.11,2008.0,305.0,9.183333333333334,25.92,1.5673333333333332,63.276666666666664,15.236666666666668,4.288,8.996,5.987333333333334,2008.0,2678.64,910.01,585.97,1116.34,406.24,652.1,13.7
