,DOY,INSgdmax,RADmax,RAINmax,RHmax,TMAXmax,TMINmax,Tmax,WINDmax,YEAR,DOY,INSgdmin,RADmin,RAINmin,RHmin,TMAXmin,TMINmin,Tmin,WINDmin,YEAR,DOY,INSgdmean,RADmean,RAINmean,RHmean,TMAXmean,TMINmean,Tmean,WINDmean,YEAR,NDVI,EVI,RED,NIR,BLUE,MIR,pixrel
0,113.0,26.53,32.69,25.26,87.65,24.27,13.75,17.05,11.01,2008.0,113.0,4.93,19.94,0.0,38.55,9.93,-3.38,4.19,4.26,2008.0,113.0,19.01266666666667,26.013333333333332,3.392666666666668,62.64866666666667,17.362000000000002,3.208666666666667,10.123333333333333,6.756666666666666,2008.0,3718.72,2406.04,1263.99,2755.06,638.22,2590.65,0.36
1,129.0,28.73,30.46,24.98,86.54,25.6,12.63,18.45,8.16,2008.0,129.0,5.18,21.96,0.0,39.93,16.05,0.41,8.44,1.75,2008.0,129.0,20.627333333333333,27.105999999999995,3.294666666666666,57.33266666666666,20.456000000000003,7.056,13.669999999999998,5.240666666666667,2008.0,4074.17,2675.27,1210.9,2862.46,618.97,2459.26,0.08
2,145.0,28.55,34.74,25.06,85.99,29.88,18.63,23.38,8.69,2008.0,145.0,6.05,25.45,0.0,35.88,15.26,6.78,12.44,2.88,2008.0,145.0,21.847333333333335,29.88466666666666,5.147999999999999,58.65333333333333,23.444666666666663,11.321333333333332,17.144,5.696666666666667,2008.0,4936.49,3319.31,1009.35,3017.37,529.93,1784.85,1.03
3,161.0,29.63,36.07,31.4,89.14,29.53,19.08,23.5,9.07,2008.0,161.0,10.94,25.96,0.0,53.06,23.67,6.43,14.78,2.87,2008.0,161.0,22.019333333333336,31.411333333333335,7.096666666666667,70.57533333333332,26.081333333333337,14.901333333333334,20.56333333333333,4.988666666666668,2008.0,5645.39,3856.67,892.43,3218.29,461.21,1980.68,0.01
4,177.0,28.84,33.52,24.43,86.27,28.71,20.4,23.5,7.72,2008.0,177.0,16.24,28.33,0.0,51.31,22.72,13.41,18.63,1.67,2008.0,177.0,23.335,31.287333333333333,4.138,66.59466666666665,26.788666666666668,16.951333333333334,21.875999999999994,3.512666666666667,2008.0,6655.92,4690.98,683.09,3486.02,361.04,1496.54,0.05
5,193.0,29.27,36.79,15.89,90.36,31.99,21.9,26.67,6.66,2008.0,193.0,15.55,27.32,0.0,41.24,24.45,14.69,20.14,2.12,2008.0,193.0,24.543999999999997,32.87533333333334,4.116666666666666,70.11466666666666,28.544,18.438,23.45733333333333,3.8913333333333338,2008.0,7096.85,5031.06,602.35,3579.56,317.75,1324.6,0.03
6,209.0,27.43,37.01,18.15,84.99,37.03,22.63,29.34,5.82,2008.0,209.0,11.77,30.53,0.0,52.53,25.8,17.06,22.31,1.72,2008.0,209.0,21.513333333333332,34.21933333333334,3.7879999999999994,71.74066666666666,29.961333333333343,19.901333333333334,24.729333333333333,3.778,2008.0,7890.64,5771.46,442.87,3858.28,236.96,1025.2,0.17
7,225.0,25.99,35.35,13.62,65.36,33.11,18.83,25.64,4.42,2008.0,225.0,10.73,29.05,0.0,43.37,26.98,15.77,22.13,1.37,2008.0,225.0,21.355333333333327,31.878666666666664,2.518666666666667,52.717333333333315,30.134,17.526,23.775333333333332,2.796,2008.0,7298.6,5001.37,529.22,3434.58,279.85,1083.49,0.0
8,241.0,24.01,35.75,7.52,73.86,33.66,19.9,26.76,7.72,2008.0,241.0,7.31,25.88,0.0,35.53,23.12,8.95,16.07,2.64,2008.0,241.0,19.863333333333337,31.02466666666667,2.214666666666667,51.962666666666664,28.911999999999992,15.083333333333332,21.92866666666667,4.943333333333333,2008.0,7465.82,5086.09,499.25,3453.85,263.35,934.78,0.23
9,257.0,20.52,34.56,28.97,86.87,31.09,18.5,21.51,7.26,2008.0,257.0,7.2,25.2,0.0,46.42,16.49,5.48,12.87,1.8,2008.0,257.0,15.733333333333333,29.778666666666663,4.431333333333333,63.84666666666668,23.918000000000003,11.360666666666667,17.473333333333336,4.116,2008.0,5545.65,3163.19,690.03,2456.74,357.93,1256.44,0.0
10,273.0,18.5,33.37,19.84,78.13,29.77,17.84,21.93,8.78,2008.0,273.0,9.65,23.94,0.0,44.11,18.67,4.82,12.73,1.75,2008.0,273.0,15.159999999999998,28.990666666666662,5.682666666666666,59.477333333333334,24.508666666666667,12.06466666666667,17.77333333333333,5.249999999999999,2008.0,5045.62,2740.14,739.68,2275.22,364.84,1427.81,0.0
11,289.0,16.02,33.48,25.97,90.64,25.83,16.53,19.54,8.34,2008.0,289.0,2.66,23.83,0.0,30.19,8.77,0.0,5.86,1.86,2008.0,289.0,10.415999999999999,27.463333333333324,6.832666666666667,61.690666666666665,17.672666666666665,6.2026666666666666,11.169333333333332,5.226666666666665,2008.0,3773.43,1983.3,917.48,2035.06,458.85,1835.21,0.0
12,305.0,13.0,31.82,20.64,87.49,22.45,13.91,16.58,10.56,2008.0,305.0,3.56,20.38,0.0,41.21,1.33,-2.43,-0.7,2.49,2008.0,305.0,10.194666666666668,25.464666666666673,1.786,66.36533333333334,15.035333333333334,4.196,8.874,5.820666666666667,2008.0,3653.64,1971.97,970.4,2091.3,493.33,1803.61,0.0
