,DOY,INSgdmax,RADmax,RAINmax,RHmax,TMAXmax,TMINmax,Tmax,WINDmax,YEAR,DOY,INSgdmin,RADmin,RAINmin,RHmin,TMAXmin,TMINmin,Tmin,WINDmin,YEAR,DOY,INSgdmean,RADmean,RAINmean,RHmean,TMAXmean,TMINmean,Tmean,WINDmean,YEAR,NDVI,EVI,RED,NIR,BLUE,MIR,pixrel
0,113.0,26.4098,33.3,27.7774,88.46099999999998,23.6552,14.0638,17.471999999999998,10.628799999999998,2008.0,113.0,5.0906,21.4794,0.0,45.685,9.116,-3.7440000000000007,3.3640000000000003,3.3746000000000005,2008.0,113.0,17.524079999999998,26.564760000000003,5.580333333333334,66.14589333333333,17.363266666666668,3.4793600000000007,10.193773333333333,6.522346666666666,2008.0,4075.07,1708.68,663.06,1549.73,333.63,1120.64,0.01
1,129.0,28.457800000000002,30.190000000000005,32.99380000000001,86.256,25.5416,12.3206,18.658399999999997,8.6686,2008.0,129.0,6.3614,22.673199999999998,0.0,39.8512,15.994,1.4652,8.5946,1.5332,2008.0,129.0,20.587173333333336,27.010773333333333,4.094826666666667,58.23466666666666,20.433946666666667,7.443800000000001,13.776853333333333,5.3312133333333325,2008.0,4379.27,2080.24,729.96,1844.49,371.62,1222.08,0.01
2,145.0,28.7872,34.637,20.293,82.7972,27.825599999999998,18.8682,22.159200000000002,8.283800000000001,2008.0,145.0,4.3358,24.665799999999997,0.0,37.8878,16.024800000000003,6.407,12.447199999999999,2.8324,2008.0,145.0,21.132399999999997,29.650013333333334,4.87856,59.33777333333334,23.158733333333338,10.967066666666664,16.760226666666668,5.635266666666666,2008.0,5446.89,2469.86,543.85,1817.9,289.18,869.69,0.0
3,161.0,29.9822,35.9426,36.687999999999995,88.77900000000001,28.4886,19.4682,23.6254,9.5246,2008.0,161.0,7.279599999999999,25.732400000000002,0.0,52.93,23.3436,11.1618,17.8568,2.6568,2008.0,161.0,21.22581333333333,31.718799999999995,9.848253333333332,71.31008000000001,25.965133333333334,15.621160000000001,20.915520000000004,5.278373333333334,2008.0,7001.64,3646.39,391.48,2307.25,219.71,641.34,0.05
4,177.0,29.2676,33.8472,22.8382,87.9336,29.146,20.267400000000002,23.5228,8.0302,2008.0,177.0,9.5872,27.7402,0.0,50.346199999999996,22.2502,13.508600000000001,18.5596,1.8989999999999998,2008.0,177.0,23.408785714285717,31.03408,4.2675866666666655,66.98621333333334,26.80926666666667,16.611373333333333,21.67384,3.7581466666666667,2008.0,7627.31,4442.25,354.33,2752.29,201.53,636.66,0.46
5,193.0,29.1856,36.4754,16.6626,88.5798,31.548000000000005,22.0084,26.205199999999998,6.4046,2008.0,193.0,15.4642,27.327799999999996,0.0,45.800200000000004,23.930799999999998,14.4452,20.0714,1.9066,2008.0,193.0,23.772280000000002,32.892693333333334,4.609653333333332,70.32598666666667,28.322586666666666,18.308533333333337,23.371666666666666,4.002666666666668,2008.0,7706.18,4557.03,345.55,2808.12,195.77,637.46,0.03
6,209.0,27.315199999999997,36.8026,28.2718,87.4408,36.534600000000005,22.2356,28.9322,5.4138,2008.0,209.0,12.4364,30.4576,0.0,49.424400000000006,26.5122,16.997400000000003,21.8888,1.9114000000000002,2008.0,209.0,21.74218666666667,33.9114,6.010226666666667,69.86748,29.763653333333338,19.656733333333335,24.556813333333338,3.5876133333333327,2008.0,7718.64,4589.06,351.21,2837.63,198.71,656.54,0.0
7,225.0,25.8624,33.8078,8.1448,68.6802,32.2376,19.4556,25.0336,4.1384,2008.0,225.0,11.154399999999999,28.657400000000003,0.0,43.16160000000001,26.221199999999996,15.384600000000002,21.497799999999998,1.1734,2008.0,225.0,21.203333333333333,31.447799999999994,1.3220266666666667,51.93824000000001,29.84436,17.259119999999996,23.46096,2.7909999999999995,2008.0,7718.74,4197.12,321.29,2531.32,181.37,574.34,0.06
8,241.0,24.0626,34.952600000000004,22.6124,76.4648,33.5274,19.2214,26.441,7.0493999999999994,2008.0,241.0,7.6499999999999995,27.277199999999997,0.0,34.721999999999994,22.830999999999996,10.323,16.691,2.6786,2008.0,241.0,19.29476,31.125759999999996,4.3588933333333335,52.6876,28.767,15.193386666666665,21.98054666666667,4.798240000000001,2008.0,7471.01,3939.45,347.51,2415.72,188.77,622.66,0.0
9,257.0,20.5326,35.0822,26.733999999999998,93.8252,30.6032,18.144,21.461199999999998,6.732800000000001,2008.0,257.0,5.7848,25.1428,0.0,49.169599999999996,15.0268,5.7702,12.2976,2.085,2008.0,257.0,15.117826666666668,29.92406666666667,4.921693333333334,65.56990666666667,23.385986666666668,11.41828,17.39981333333333,3.97688,2008.0,7086.66,3535.19,373.43,2203.04,205.14,611.62,0.0
10,273.0,18.4052,33.397600000000004,12.9068,75.02959999999999,29.1754,17.226999999999997,21.6628,7.7738,2008.0,273.0,8.6976,24.0824,0.0,44.5912,17.9968,4.4122,12.1478,2.3728,2008.0,273.0,15.191799999999997,28.973866666666666,3.9553999999999996,58.6994,24.13045333333333,11.417239999999998,17.31444,5.0178666666666665,2008.0,5376.07,2476.49,574.63,1879.37,292.37,744.19,0.0
11,289.0,16.02,33.112399999999994,25.591400000000004,85.97220000000002,26.1888,16.641400000000004,20.1324,9.2532,2008.0,289.0,3.4074,23.2834,0.0,29.133200000000002,8.696200000000001,0.09140000000000001,5.2554,1.9238,2008.0,289.0,10.421026666666666,27.11885333333333,4.997706666666667,61.335186666666665,17.557173333333328,5.902213333333333,11.19337333333333,5.187640000000002,2008.0,4476.2,1818.82,583.36,1511.79,296.33,840.13,0.0
12,305.0,12.9856,31.2624,19.9204,89.67160000000001,22.413400000000003,13.1494,16.267,10.84,2008.0,305.0,4.190199999999999,20.455399999999997,0.0,42.0148,2.0322,-2.7738,-0.027400000000000008,2.5696,2008.0,305.0,9.839133333333333,25.670506666666668,1.8427600000000002,67.50498666666667,15.243426666666666,4.455506666666667,9.033666666666665,5.978773333333333,2008.0,4530.17,1625.35,513.24,1321.18,256.93,921.3,0.0
