,DOY,INSgdmax,RADmax,RAINmax,RHmax,TMAXmax,TMINmax,Tmax,WINDmax,YEAR,DOY,INSgdmin,RADmin,RAINmin,RHmin,TMAXmin,TMINmin,Tmin,WINDmin,YEAR,DOY,INSgdmean,RADmean,RAINmean,RHmean,TMAXmean,TMINmean,Tmean,WINDmean,YEAR,NDVI,EVI,RED,NIR,BLUE,MIR,pixrel
0,113.0,26.53,32.282,19.692,87.65,24.381999999999998,12.798,16.386,11.017999999999999,2008.0,113.0,6.658,20.436,0.0,33.19,9.97,-3.0520000000000005,3.75,3.58,2008.0,113.0,19.722,25.570666666666668,2.724933333333334,60.767599999999995,17.307599999999997,3.006533333333334,9.924399999999999,6.768933333333333,2008.0,3260.57,2016.64,1283.5,2516.9,657.92,2539.58,0.36
1,129.0,28.754000000000005,30.028000000000006,20.740000000000002,84.532,26.040000000000003,12.902000000000001,18.298000000000002,8.496,2008.0,129.0,5.036,21.784,0.0,41.92200000000001,13.762,0.122,8.064,1.8619999999999997,2008.0,129.0,19.434800000000003,26.91186666666667,3.1832,57.92839999999999,20.337066666666665,6.813866666666665,13.394266666666669,5.209733333333333,2008.0,3543.89,2247.15,1260.06,2638.3,645.31,2436.46,0.57
2,145.0,28.606,34.828,23.843999999999998,88.982,30.087999999999997,18.638,23.307999999999996,8.77,2008.0,145.0,5.33,25.826000000000004,0.0,36.504,13.947999999999999,6.644,11.712,3.2640000000000002,2008.0,145.0,21.653200000000005,29.83933333333333,6.3053333333333335,59.04373333333333,23.51773333333334,11.232266666666666,17.180266666666665,5.7430666666666665,2008.0,4469.76,2798.32,972.5,2618.27,511.32,1712.21,0.64
3,161.0,29.397999999999996,35.182,24.832,90.01200000000001,29.146,18.76,23.012,8.734,2008.0,161.0,6.707999999999999,26.472,0.0,50.764,23.781999999999996,8.998000000000001,16.884,3.0620000000000003,2008.0,161.0,22.973999999999997,30.87053333333334,6.3835999999999995,68.71506666666667,26.157066666666665,14.804266666666669,20.527599999999996,4.900666666666667,2008.0,4663.43,2995.39,951.03,2734.39,493.99,1890.91,0.0
4,177.0,28.92,34.008,27.63,82.918,29.430000000000003,20.624000000000002,23.988,7.616,2008.0,177.0,13.703999999999999,28.218000000000004,0.0,47.494,23.648,13.53,18.901999999999997,1.5259999999999998,2008.0,177.0,23.459,31.36733333333333,4.9475999999999996,64.86293333333333,27.1812,16.982266666666668,22.048266666666667,3.5217333333333336,2008.0,6043.66,3834.98,682.64,2883.22,367.01,1384.51,0.12
5,193.0,29.294,36.558,15.354000000000003,88.8,33.861999999999995,22.18,27.358,6.9799999999999995,2008.0,193.0,13.622,27.439999999999998,0.0,34.928,25.994,15.098,20.764000000000003,2.096,2008.0,193.0,24.72586666666666,32.99799999999999,5.2772,66.1952,29.544533333333334,18.757466666666666,23.984266666666667,4.001733333333332,2008.0,6775.15,4665.42,622.95,3355.04,332.06,1340.29,0.07
6,209.0,27.749999999999996,37.01,13.038,84.046,38.134,23.086,30.252,6.196,2008.0,209.0,9.354,30.617999999999995,0.0,48.658,26.048000000000002,17.164,23.014,2.08,2008.0,209.0,21.991733333333336,34.39106666666667,3.016266666666666,69.18653333333333,30.92293333333334,20.186666666666664,25.385333333333335,3.9737333333333336,2008.0,7823.79,5710.78,453.21,3819.46,248.92,1014.57,0.15
7,225.0,25.79,35.382,8.748,66.36800000000001,34.038000000000004,19.637999999999998,26.176,4.58,2008.0,225.0,13.002,29.194,0.0,41.802,25.844,15.841999999999999,22.009999999999998,1.21,2008.0,225.0,22.183066666666665,31.93466666666667,1.851466666666667,52.15466666666666,30.530800000000003,17.815066666666667,24.125733333333336,2.8946666666666667,2008.0,7514.14,5196.27,476.84,3477.12,259.84,1008.24,0.0
8,241.0,23.986,35.95,12.048,66.444,33.971999999999994,20.683999999999997,27.192,8.704,2008.0,241.0,9.67,25.712000000000003,0.0,33.274,23.296,8.902000000000001,16.054,2.5040000000000004,2008.0,241.0,20.09266666666667,31.3116,1.8376,49.19786666666666,29.479466666666664,15.677466666666662,22.4748,5.239866666666668,2008.0,7277.51,4900.73,513.49,3322.91,282.45,995.36,0.22
9,257.0,20.52,34.504000000000005,23.098,77.254,31.754000000000005,18.268,22.062,8.276,2008.0,257.0,9.559999999999999,25.456,0.0,37.924,17.306,6.368,13.278,2.088,2008.0,257.0,16.063466666666667,29.830933333333334,4.346533333333333,58.22373333333333,25.086,11.705200000000001,18.070666666666668,4.465333333333334,2008.0,6077.48,3535.6,610.53,2574.68,319.73,1120.59,0.0
10,273.0,18.444000000000003,33.690000000000005,18.599999999999998,82.71400000000001,30.826,18.064000000000004,22.954,9.412,2008.0,273.0,8.466000000000001,24.316,0.0,40.254,19.134,5.412,13.458000000000002,1.4380000000000002,2008.0,273.0,14.848533333333334,29.255733333333335,5.785066666666666,57.8944,24.94226666666667,12.418800000000001,18.299200000000003,5.402533333333334,2008.0,4795.77,2572.3,765.28,2184.98,395.16,1432.23,0.0
11,289.0,16.02,33.856,27.474,95.024,24.582,16.258,18.595999999999997,8.524000000000001,2008.0,289.0,2.1479999999999997,23.310000000000002,0.0,30.998,8.45,0.504,5.5,2.1239999999999997,2008.0,289.0,10.282133333333332,27.610533333333333,6.688666666666666,62.04266666666666,17.41293333333333,6.2192,11.101600000000001,5.1744,2008.0,3945.38,1975.08,822.76,1900.71,423.81,1574.07,0.0
12,305.0,13.08,30.700000000000003,10.024000000000001,88.194,21.945999999999998,11.606,16.508,10.552,2008.0,305.0,4.4879999999999995,19.084000000000003,0.0,40.82599999999999,1.5779999999999998,-2.566,-0.9960000000000001,2.6260000000000003,2008.0,305.0,10.397866666666669,25.040133333333333,0.9310666666666667,64.5872,14.859333333333334,3.7704,8.683066666666667,5.7582666666666675,2008.0,3160.16,1595.75,973.21,1867.58,493.01,1812.49,0.0
