,DOY,INSgdmax,RADmax,RAINmax,RHmax,TMAXmax,TMINmax,Tmax,WINDmax,YEAR,DOY,INSgdmin,RADmin,RAINmin,RHmin,TMAXmin,TMINmin,Tmin,WINDmin,YEAR,DOY,INSgdmean,RADmean,RAINmean,RHmean,TMAXmean,TMINmean,Tmean,WINDmean,YEAR,NDVI,EVI,RED,NIR,BLUE,MIR,pixrel
0,113.0,26.416900000000002,32.885,24.5268,87.6266,24.2115,13.929400000000001,17.334699999999998,10.7682,2008.0,113.0,5.210799999999999,20.4041,0.0,39.8565,9.8832,-2.5688,4.7945,4.2795000000000005,2008.0,113.0,19.063366666666674,26.26761333333333,3.4475266666666666,63.73208666666666,17.580920000000003,3.692786666666667,10.492273333333333,6.626926666666667,2008.0,3862.81,2498.76,1227.08,2767.96,620.7,2622.04,0.76
1,129.0,28.7417,30.5848,26.1695,86.4932,26.0758,12.992700000000001,18.6645,8.1327,2008.0,129.0,5.492,22.116,0.0,39.9885,15.371400000000001,0.7337,8.650599999999999,1.5745,2008.0,129.0,20.911773333333333,27.139799999999994,3.3815066666666667,57.789226666666664,20.690260000000002,7.33082,13.88736,5.225846666666667,2008.0,4138.71,2708.68,1195.11,2863.83,610.5,2484.87,0.42
2,145.0,28.3823,34.923300000000005,26.113,85.9276,29.6928,19.199399999999997,23.633499999999998,8.495,2008.0,145.0,6.3308,25.6606,0.0,36.54690000000001,15.1664,7.1934000000000005,12.8105,2.9112,2008.0,145.0,21.579793333333335,30.243726666666664,5.536959999999999,60.47723333333333,23.681006666666665,11.784653333333333,17.5379,5.610866666666667,2008.0,4960.28,3319.08,986.77,2959.62,530.33,1807.92,0.97
3,161.0,29.629999999999995,36.07,30.4718,88.5238,29.7484,20.0355,24.0772,9.0817,2008.0,161.0,10.939999999999998,26.4202,0.0,51.831500000000005,23.9859,8.317599999999999,16.2932,3.0221,2008.0,161.0,22.619413333333334,31.60295333333334,7.9161866666666665,71.05555333333332,26.448453333333337,15.510773333333335,21.080733333333335,5.064846666666667,2008.0,5658.34,3717.34,841.53,3040.69,438.6,1919.38,0.01
4,177.0,28.910200000000003,34.066,29.8354,86.99929999999999,29.0922,20.903100000000002,23.9251,7.345599999999999,2008.0,177.0,13.529499999999997,28.5289,0.0,51.848200000000006,23.199699999999996,13.827300000000001,19.160399999999996,1.5452,2008.0,177.0,23.52192142857143,31.468293333333328,4.90968,67.23218666666666,27.031246666666668,17.223033333333337,22.092059999999996,3.4414266666666666,2008.0,6421.29,4258.93,675.25,3152.45,360.21,1489.83,0.02
5,193.0,29.270000000000003,36.7783,16.5491,87.6378,32.497,22.091099999999997,27.1614,6.4806,2008.0,193.0,15.7333,27.5306,0.0,40.631600000000006,24.968700000000002,14.7953,20.693799999999996,2.0888,2008.0,193.0,24.189619999999998,33.18993333333333,4.617166666666666,67.89946666666665,29.2473,18.740119999999997,23.95627333333333,3.9703733333333338,2008.0,7184.9,5005.22,567.28,3490.94,306.56,1282.06,0.0
6,209.0,27.402699999999996,37.123099999999994,18.625799999999998,82.78649999999999,38.2039,23.1175,30.1278,5.9331000000000005,2008.0,209.0,11.5048,31.2866,0.0,50.7906,27.2625,17.3915,23.039299999999997,1.7979999999999998,2008.0,209.0,21.39269333333333,34.536793333333335,4.1793,69.88946666666666,30.91787333333334,20.349053333333334,25.382193333333333,3.8573000000000004,2008.0,7917.6,5745.37,433.91,3813.07,234.57,980.43,0.0
7,225.0,25.962699999999998,35.1667,10.956299999999999,64.112,33.9173,19.621699999999997,26.0807,4.6891,2008.0,225.0,9.8291,29.260600000000004,0.0,41.5136,27.529899999999998,15.918199999999999,22.539499999999997,1.3466,2008.0,225.0,21.34493333333333,32.01256666666667,2.0293466666666666,51.45763333333332,30.75592,17.886100000000003,24.23007333333333,2.82252,2008.0,7450.32,5067.65,490.58,3408.15,263.55,1023.02,0.0
8,241.0,23.896900000000002,35.691500000000005,8.8382,72.1752,34.537499999999994,20.0092,26.974500000000003,7.513299999999999,2008.0,241.0,8.1251,27.1163,0.0,35.1322,23.4476,10.003,16.709600000000002,2.4294000000000002,2008.0,241.0,20.012573333333336,31.42350666666667,2.3220466666666666,51.149906666666666,29.406779999999998,15.619453333333333,22.460106666666668,4.919413333333334,2008.0,7405.4,5066.54,508.81,3444.57,278.03,929.9,0.22
9,257.0,20.871000000000002,34.9656,32.066599999999994,90.1226,30.5479,18.6287,21.400800000000004,7.416,2008.0,257.0,6.1743,25.2156,0.0,47.13759999999999,15.9713,5.756900000000001,12.5814,1.6790999999999998,2008.0,257.0,15.431993333333333,29.840026666666663,4.735013333333333,65.44904666666667,23.856640000000006,11.529666666666667,17.549253333333333,4.0497,2008.0,5490.84,3113.48,693.53,2416.58,368.6,1259.52,0.0
10,273.0,18.4454,33.272499999999994,20.0506,79.4092,29.715400000000002,17.567,21.9105,8.553799999999999,2008.0,273.0,9.2288,24.096,0.0,44.3908,18.974200000000003,5.147600000000001,13.1161,1.7616999999999998,2008.0,273.0,15.441059999999998,29.166426666666666,5.452046666666666,60.12551333333333,24.939486666666667,12.391486666666669,18.12745333333333,5.137939999999999,2008.0,4965.49,2659.16,730.71,2205.93,367.16,1402.98,0.0
11,289.0,16.1604,33.5658,32.5259,91.7398,26.005499999999998,16.7328,19.922200000000004,8.4297,2008.0,289.0,2.5898000000000003,23.7598,0.0,32.1244,9.783999999999999,0.3549,6.5074000000000005,1.8717000000000001,2008.0,289.0,10.646099999999997,27.70487333333333,7.162606666666667,62.06558666666666,18.186166666666665,6.639466666666667,11.641233333333332,5.249806666666666,2008.0,3780.1,2018.88,940.4,2084.62,469.54,1812.27,0.0
12,305.0,13.179400000000001,31.7225,23.459699999999998,86.8972,22.7698,14.0075,16.7165,10.1895,2008.0,305.0,3.7432999999999996,19.9159,0.0,42.165499999999994,2.3284000000000002,-2.3988000000000005,-0.2124999999999999,2.4783,2008.0,305.0,10.287226666666665,25.49612666666667,1.88376,66.22831333333333,15.425853333333333,4.3559,9.159740000000001,5.800906666666666,2008.0,3476.08,1925.43,1034.01,2140.53,527.89,1885.08,0.05
