,DOY,INSgdmax,RADmax,RAINmax,RHmax,TMAXmax,TMINmax,Tmax,WINDmax,YEAR,DOY,INSgdmin,RADmin,RAINmin,RHmin,TMAXmin,TMINmin,Tmin,WINDmin,YEAR,DOY,INSgdmean,RADmean,RAINmean,RHmean,TMAXmean,TMINmean,Tmean,WINDmean,YEAR,NDVI,EVI,RED,NIR,BLUE,MIR,pixrel
0,113.0,26.2595,33.268499999999996,23.9065,88.281,23.7065,14.372499999999999,17.741999999999997,10.402,2008.0,113.0,5.343500000000001,21.708,0.0,46.414,9.732499999999998,-2.7405,4.0435,3.686,2008.0,113.0,17.9274,26.7402,5.269233333333333,67.24683333333333,17.396866666666668,3.882800000000001,10.448233333333333,6.410266666666667,2008.0,4556.63,2703.54,890.89,2452.32,466.14,1730.48,0.11
1,129.0,28.591,30.2755,34.369,84.4065,25.578500000000002,12.614,18.6305,8.719,2008.0,129.0,6.990500000000001,22.7515,0.0,40.352500000000006,16.021,1.449,8.7035,1.4585,2008.0,129.0,21.10623333333333,27.015033333333335,4.488966666666666,58.82776666666666,20.45446666666666,7.5908,13.873633333333332,5.328333333333333,2008.0,5490.57,3607.46,823.22,2942.06,437.99,1691.57,0.06
2,145.0,28.5955,34.6505,23.452,85.13,27.624,19.369500000000002,22.372500000000002,8.1605,2008.0,145.0,5.8415,25.33,0.0,38.363,15.784500000000001,6.9155,12.854,2.7325,2008.0,145.0,21.0865,29.990333333333332,4.9745,61.59713333333334,23.212433333333333,11.490866666666667,17.09706666666667,5.583966666666667,2008.0,6327.33,4122.93,647.47,3008.18,371.26,1102.43,0.99
3,161.0,29.795,36.092,36.138999999999996,89.63850000000001,28.566000000000003,20.298000000000002,23.899,9.277999999999999,2008.0,161.0,7.6585,26.060000000000002,0.0,52.318,23.592,11.4435,17.962999999999997,2.9610000000000003,2008.0,161.0,21.985233333333326,31.851699999999994,10.292433333333333,72.67699999999999,26.186233333333334,15.917200000000001,21.186300000000003,5.2919333333333345,2008.0,6886.38,4568.24,568.87,3196.6,306.25,1170.65,0.04
4,177.0,29.336,34.488,29.878,89.09100000000001,28.894,20.595,23.570500000000003,7.721500000000001,2008.0,177.0,8.238999999999999,27.886000000000003,0.0,52.5575,22.670500000000004,13.838000000000001,18.997,1.6829999999999998,2008.0,177.0,23.164500000000004,31.2547,5.009066666666666,68.61083333333333,26.690466666666666,16.938133333333333,21.771700000000003,3.614866666666667,2008.0,6828.1,4726.55,644.48,3425.25,344.07,1287.01,0.42
5,193.0,29.2315,36.370999999999995,20.502000000000002,88.218,31.561500000000002,21.8185,26.594,6.428,2008.0,193.0,13.328499999999998,27.3395,0.0,45.928,24.181,14.465,20.3765,1.7319999999999998,2008.0,193.0,23.1658,33.085833333333326,5.253333333333333,69.51556666666667,28.508166666666664,18.46183333333333,23.56306666666667,4.035066666666667,2008.0,7335.1,4862.73,502.39,3279.98,269.9,1080.87,0.13
6,209.0,27.353,36.628,28.945,86.764,37.426500000000004,22.700000000000003,29.590999999999998,5.5335,2008.0,209.0,11.675,31.025499999999994,0.0,52.222500000000004,26.522999999999996,17.1675,22.04,1.8250000000000002,2008.0,209.0,21.395566666666667,34.1607,6.560966666666667,70.338,30.230333333333334,20.006833333333333,24.91603333333333,3.6798333333333333,2008.0,7412.3,5342.36,543.47,3708.34,292.48,1115.18,0.18
7,225.0,25.821,34.256,7.7965,66.549,32.7425,20.397,25.4755,4.5245,2008.0,225.0,10.532499999999999,28.796,0.0,41.907000000000004,27.5595,15.462,22.301499999999997,1.2624999999999997,2008.0,225.0,21.177233333333334,31.7064,1.0945666666666667,51.2735,30.4491,17.532599999999995,23.854499999999998,2.8213,2008.0,7159.54,4494.92,499.03,3020.26,264.58,1039.06,0.0
8,241.0,23.9015,35.012,19.079,75.38300000000001,34.1835,19.6075,26.5715,6.963,2008.0,241.0,7.821,27.7965,0.0,34.695,22.858000000000004,11.1375,17.078,2.6075,2008.0,241.0,19.1594,31.5454,4.172833333333333,52.6315,29.0967,15.517866666666666,22.284566666666667,4.7737,2008.0,7228.79,4568.65,491.39,3060.74,258.91,926.74,0.0
9,257.0,20.8125,35.435,28.93,94.781,29.93,18.481499999999997,21.301000000000002,6.947,2008.0,257.0,5.288,24.979,0.0,50.093,14.926000000000002,5.8035,12.113999999999999,1.968,2008.0,257.0,15.033166666666666,29.95166666666666,5.342533333333334,67.55956666666667,23.254466666666666,11.534799999999999,17.378333333333334,3.9467000000000003,2008.0,6678.47,3817.49,508.7,2587.59,271.19,942.22,0.03
10,273.0,18.388999999999996,33.241,17.4455,75.99799999999999,28.981,17.0875,21.535000000000004,7.6685,2008.0,273.0,9.207,24.1805,0.0,45.7495,18.314499999999995,4.6975,12.5375,2.2315,2008.0,273.0,15.4207,29.03716666666667,4.2812,59.928799999999995,24.519733333333335,11.799499999999998,17.6796,4.925466666666667,2008.0,6130.36,3420.03,576.05,2447.87,300.26,1041.02,0.03
11,289.0,16.182,33.0665,34.0595,87.99000000000001,26.137500000000003,16.7395,20.208,9.313500000000001,2008.0,289.0,3.402,23.2915,0.0,31.537999999999997,9.175,0.275,5.916,1.8905,2008.0,289.0,10.610266666666666,27.307133333333333,5.601366666666667,62.292366666666666,17.88663333333333,6.324733333333334,11.49943333333333,5.2408,2008.0,5203.76,2713.2,645.74,2123.23,331.03,1211.65,0.0
12,305.0,13.207,31.32,23.798499999999997,87.976,22.39,13.207,16.221999999999998,10.403500000000001,2008.0,305.0,4.403499999999999,20.450000000000003,0.0,43.36750000000001,2.5694999999999997,-2.718,0.0905,2.4939999999999998,2008.0,305.0,10.129533333333333,25.624366666666667,2.1886,68.10936666666667,15.397266666666667,4.502966666666667,9.149466666666665,5.909833333333333,2008.0,4598.87,2390.93,737.57,2047.4,384.36,1397.47,0.29
