,DOY,INSgdmax,RADmax,RAINmax,RHmax,TMAXmax,TMINmax,Tmax,WINDmax,YEAR,DOY,INSgdmin,RADmin,RAINmin,RHmin,TMAXmin,TMINmin,Tmin,WINDmin,YEAR,DOY,INSgdmean,RADmean,RAINmean,RHmean,TMAXmean,TMINmean,Tmean,WINDmean,YEAR,NDVI,EVI,RED,NIR,BLUE,MIR,pixrel
0,113.0,26.6926,33.324999999999996,31.583000000000002,89.8034,24.0384,14.3724,17.9476,9.814400000000001,2008.0,113.0,6.086500000000001,21.662499999999998,0.0,40.58,9.6301,0.023600000000000003,6.7303,4.042800000000001,2008.0,113.0,19.614626666666666,26.80721999999999,4.79388,68.19506666666668,18.525826666666664,5.505473333333333,11.968179999999998,6.079826666666666,2008.0,2897.15,1678.16,1261.79,2292.53,602.49,2383.14,0.47
1,129.0,28.830099999999998,31.811,29.2394,76.9859,26.9312,14.946799999999998,19.5293,8.2185,2008.0,129.0,6.638599999999999,22.651,0.0,42.167,16.098699999999997,2.4274999999999998,9.8165,1.7923,2008.0,129.0,21.559601904761905,27.52952,3.4543733333333337,61.09111333333332,21.191226666666665,8.74494,14.853566666666666,5.2428333333333335,2008.0,3190.52,2129.36,1507.94,2917.69,711.01,3185.37,0.18
2,145.0,28.132600000000004,34.9414,39.0681,87.5,28.743699999999997,20.823800000000002,23.934199999999997,7.6386,2008.0,145.0,9.5198,25.670000000000005,0.0,38.7868,17.6389,9.1739,15.197000000000001,1.9351,2008.0,145.0,20.76925333333333,31.479399999999995,7.196086666666667,67.89625333333333,24.73586666666667,13.672546666666667,19.067800000000002,5.244906666666667,2008.0,3630.09,2314.08,1277.84,2737.89,609.89,2708.08,0.02
3,161.0,29.66,36.2021,24.5507,88.2442,29.8601,22.229,25.4512,9.336,2008.0,161.0,10.957999999999998,28.595200000000002,0.0,50.1395,25.275999999999996,12.6584,20.1339,2.9694,2008.0,161.0,23.176526666666668,32.54728666666667,9.499606666666667,73.55281333333332,27.703766666666663,17.407473333333336,22.764000000000003,5.390866666666667,2008.0,4813.81,3262.96,1116.28,3151.99,553.67,2342.36,0.0
4,177.0,28.986299999999996,36.3524,42.598,80.6895,32.7252,22.3303,26.119799999999998,6.742400000000001,2008.0,177.0,7.570599999999999,29.1514,0.0,50.0167,26.0018,16.0251,21.4386,1.5855000000000001,2008.0,177.0,24.34928461538461,32.26946,6.261093333333334,64.79955333333335,29.131740000000004,18.481786666666665,23.540326666666672,3.69828,2008.0,6724.96,4784.9,689.91,3563.18,360.31,1502.33,0.04
5,193.0,29.12,36.7564,22.066599999999998,85.124,37.5753,23.0312,29.780200000000004,6.974899999999999,2008.0,193.0,10.4666,28.6114,0.0,37.303200000000004,26.0871,15.7687,22.6975,1.4716999999999998,2008.0,193.0,22.262059999999998,34.09712666666666,6.658499999999999,59.48928666666665,31.61661333333333,19.915619999999997,25.758246666666665,4.367173333333333,2008.0,7926.58,6041.86,468.68,4087.76,255.89,1063.6,0.0
6,209.0,26.4276,38.351499999999994,17.1582,74.84770000000002,41.2885,24.848000000000003,32.4419,5.9892,2008.0,209.0,7.953099999999999,34.483700000000006,0.0,43.5649,29.651700000000005,19.6083,25.445999999999998,2.4973,2008.0,209.0,21.54452666666667,35.82442,4.537733333333334,62.787620000000004,34.41347999999999,22.173846666666666,27.866753333333335,4.02474,2008.0,8620.34,6762.92,319.87,4383.75,175.77,775.2,0.38
7,225.0,25.187399999999997,36.2128,6.423499999999999,60.7294,36.109199999999994,24.5053,28.1967,4.391900000000001,2008.0,225.0,12.267000000000001,29.900200000000005,0.0,36.7892,26.096,16.6937,23.024199999999997,1.1135000000000002,2008.0,225.0,20.717413333333333,32.72828,1.0044266666666666,47.33904666666667,32.672106666666664,19.306033333333335,25.86187333333334,2.898660000000001,2008.0,8305.35,6205.99,368.02,4030.45,200.89,783.33,0.0
8,241.0,23.7299,35.7187,27.8096,69.46199999999999,37.3821,21.316,28.400699999999997,6.5794999999999995,2008.0,241.0,10.449499999999999,29.0374,0.0,32.483000000000004,22.6377,13.515,17.7779,2.7805000000000004,2008.0,241.0,19.04332,32.99134666666667,4.076626666666667,50.24065333333334,31.12076000000001,17.574639999999995,24.23234666666667,4.768766666666666,2008.0,8071.99,6536.44,483.02,4545.14,261.57,874.74,0.65
9,257.0,21.8963,36.75129999999999,47.3588,97.4248,29.199700000000004,19.191699999999997,21.8625,8.0014,2008.0,257.0,3.6248,25.0402,0.0,48.870400000000004,16.836,7.0142,13.277,1.5619999999999998,2008.0,257.0,15.387286666666665,30.495733333333327,5.694313333333333,68.22128000000001,24.529473333333332,12.714173333333331,18.335933333333333,3.877673333333333,2008.0,6720.7,4317.3,589.59,3093.68,292.49,910.76,0.0
10,273.0,18.591099999999997,32.7802,43.2552,84.8542,29.9588,17.3782,22.053899999999995,8.029,2008.0,273.0,6.3751,24.686499999999995,0.0,44.1287,20.1595,7.3502,14.624400000000001,1.7964000000000002,2008.0,273.0,16.6605,29.39527999999999,6.227786666666667,62.29417333333334,25.89708,13.508706666666667,19.261366666666664,4.600226666666666,2008.0,4937.53,2660.26,770.4,2264.83,375.07,1318.04,0.0
11,289.0,16.672700000000003,33.25900000000001,57.2222,95.75519999999999,26.3991,17.309299999999997,20.9638,8.1325,2008.0,289.0,2.9685999999999995,23.175400000000003,0.0,40.665800000000004,12.8745,1.9179000000000002,8.4577,1.9880000000000002,2008.0,289.0,11.643640000000001,28.07314666666666,7.598206666666666,65.81479333333333,19.713093333333337,7.879066666666667,13.212406666666666,5.265126666666666,2008.0,3495.01,1891.87,1026.6,2125.47,500.27,1674.53,0.0
12,305.0,14.1001,31.406200000000002,30.0456,82.8635,23.6533,14.3899,17.013099999999998,9.7036,2008.0,305.0,5.5026,19.122700000000002,0.0,44.1489,5.6073,-1.2268000000000001,1.6545,1.9941,2008.0,305.0,11.156606666666669,25.33005333333334,2.2675133333333335,65.35004,16.699046666666668,5.10038,10.198233333333336,5.680113333333333,2008.0,2808.31,1680.84,1336.83,2371.78,641.77,2039.85,0.8
