,DOY,INSgdmax,RADmax,RAINmax,RHmax,TMAXmax,TMINmax,Tmax,WINDmax,YEAR,DOY,INSgdmin,RADmin,RAINmin,RHmin,TMAXmin,TMINmin,Tmin,WINDmin,YEAR,DOY,INSgdmean,RADmean,RAINmean,RHmean,TMAXmean,TMINmean,Tmean,WINDmean,YEAR,NDVI,EVI,RED,NIR,BLUE,MIR,pixrel
0,113.0,26.82,32.87,26.76,88.22,23.82,14.7,18.53,9.05,2008.0,113.0,5.04,21.89,0.0,43.31,11.35,0.06,6.43,3.97,2008.0,113.0,18.744666666666667,27.405999999999995,5.6419999999999995,70.88866666666667,18.638666666666662,5.911333333333333,12.273333333333335,5.646666666666665,2008.0,4155.21,2592.21,1088.92,2641.05,555.67,2243.93,0.25
1,129.0,28.73,31.72,31.66,78.36,26.64,14.51,19.32,8.81,2008.0,129.0,7.13,23.47,0.0,46.08,16.49,3.11,9.68,2.22,2008.0,129.0,21.481428571428573,27.646,3.444666666666667,62.64600000000002,20.87333333333333,8.956666666666667,14.801999999999998,5.257999999999999,2008.0,4654.69,3053.77,1056.01,2903.16,536.87,2231.97,0.05
2,145.0,28.26,34.45,39.15,90.23,27.77,20.66,23.37,7.22,2008.0,145.0,9.72,25.67,0.0,41.08,18.74,8.91,15.47,2.29,2008.0,145.0,21.031333333333333,31.29133333333333,6.866666666666666,68.79533333333333,24.141333333333343,13.246666666666664,18.600666666666665,5.126,2008.0,5505.01,3779.04,915.92,3200.14,476.6,1890.89,0.22
3,161.0,29.66,36.83,33.86,89.5,28.85,22.32,25.16,8.79,2008.0,161.0,9.32,27.94,0.0,55.19,24.73,13.35,19.87,2.66,2008.0,161.0,21.67866666666667,32.775999999999996,10.863999999999999,76.43933333333334,27.27,17.63133333333333,22.64266666666667,5.251333333333333,2008.0,5982.63,3935.19,770.17,3074.63,403.46,1733.96,0.0
4,177.0,29.05,36.68,38.23,85.74,30.25,22.03,25.41,7.07,2008.0,177.0,5.15,28.66,0.0,54.23,26.02,15.47,21.02,1.54,2008.0,177.0,24.125384615384615,32.14266666666667,7.411333333333334,67.67333333333335,28.057333333333325,18.21,22.970666666666663,3.6,2008.0,6432.85,4583.59,765.19,3525.94,406.11,1621.41,0.46
5,193.0,29.12,36.72,27.29,87.49,35.91,22.74,28.67,6.62,2008.0,193.0,9.32,28.12,0.0,42.29,25.35,15.25,21.56,1.59,2008.0,193.0,21.838,33.81866666666666,5.915333333333334,62.93333333333335,30.517333333333337,19.50733333333333,25.026000000000003,4.163333333333334,2008.0,7758.66,5406.36,447.2,3570.32,243.18,1018.2,0.0
6,209.0,26.1,37.76,21.69,80.79,40.06,24.12,31.45,5.88,2008.0,209.0,9.4,34.42,0.0,52.31,29.77,18.58,24.9,2.47,2008.0,209.0,21.13866666666667,35.64666666666666,5.775333333333332,67.83933333333333,33.17466666666667,21.720666666666663,26.93066666666666,3.769333333333334,2008.0,8144.79,6157.53,407.42,4069.04,225.21,935.95,0.04
7,225.0,25.06,36.14,4.74,64.06,34.18,24.66,27.86,4.31,2008.0,225.0,14.36,29.7,0.0,40.32,28.28,15.72,23.37,1.25,2008.0,225.0,20.516000000000005,32.50866666666666,0.3953333333333333,50.355999999999995,31.95866666666667,18.483999999999998,25.018000000000008,2.7839999999999994,2008.0,7949.73,5365.66,387.02,3430.87,212.09,860.17,0.0
8,241.0,23.83,36.11,22.75,78.38,36.19,21.68,27.7,6.17,2008.0,241.0,7.31,28.91,0.0,35.85,20.39,13.06,16.24,3.19,2008.0,241.0,17.903999999999996,33.03866666666667,4.602,53.65133333333333,30.723999999999997,17.298000000000002,23.764,4.608,2008.0,7993.28,5252.27,364.39,3311.11,200.24,764.05,0.0
9,257.0,21.96,36.36,34.0,98.08,29.5,19.31,22.09,7.51,2008.0,257.0,4.28,24.84,0.0,47.56,17.2,6.45,13.55,1.38,2008.0,257.0,14.827333333333337,30.580666666666666,6.047999999999999,69.18466666666667,24.510666666666665,12.601333333333335,18.342,3.7193333333333327,2008.0,6083.05,3460.34,601.92,2507.71,315.9,1109.75,0.0
10,273.0,18.4,32.58,35.32,81.56,30.25,17.36,21.79,7.21,2008.0,273.0,6.73,24.55,0.0,45.43,19.75,6.24,13.86,1.76,2008.0,273.0,16.46333333333333,29.327333333333335,4.803333333333333,62.66666666666666,25.847333333333335,12.983333333333338,18.985333333333337,4.252,2008.0,5592.08,3057.02,652.47,2333.02,334.57,1238.5,0.0
11,289.0,16.7,32.44,57.75,95.1,26.39,17.1,20.8,8.36,2008.0,289.0,3.46,22.32,0.0,42.14,12.92,1.29,8.03,2.17,2008.0,289.0,11.336666666666666,27.956666666666663,5.935333333333333,67.08333333333333,19.286,7.539333333333334,12.926666666666666,5.1080000000000005,2008.0,4116.16,2211.07,890.66,2142.3,441.14,1667.02,0.0
12,305.0,14.0,31.57,31.72,81.18,23.08,13.58,16.64,9.74,2008.0,305.0,4.72,19.15,0.0,47.07,5.58,-2.61,1.7,1.53,2008.0,305.0,11.095333333333336,25.398000000000003,2.7546666666666666,67.55466666666666,16.50066666666667,5.0233333333333325,10.086,5.445333333333333,2008.0,3698.98,2076.59,1024.72,2219.42,522.88,1809.38,0.48
