,DOY,INSgdmax,RADmax,RAINmax,RHmax,TMAXmax,TMINmax,Tmax,WINDmax,YEAR,DOY,INSgdmin,RADmin,RAINmin,RHmin,TMAXmin,TMINmin,Tmin,WINDmin,YEAR,DOY,INSgdmean,RADmean,RAINmean,RHmean,TMAXmean,TMINmean,Tmean,WINDmean,YEAR,NDVI,EVI,RED,NIR,BLUE,MIR,pixrel
0,113.0,26.368699999999997,33.6131,37.9253,89.2963,23.888800000000003,15.444999999999999,18.515900000000002,9.160599999999999,2008.0,113.0,4.2551,22.3779,0.0,46.979699999999994,10.2674,-0.9384999999999999,5.314400000000001,2.4438000000000004,2008.0,113.0,17.909193333333334,27.628879999999995,7.41758,71.22157999999999,18.563186666666667,5.659766666666666,12.113720000000004,5.487440000000001,2008.0,5395.56,3420.42,839.23,2829.87,442.84,1672.89,0.05
1,129.0,28.309800000000003,31.8559,52.2765,81.54230000000001,25.5913,13.6524,18.8604,9.1597,2008.0,129.0,7.133100000000001,23.4254,0.0,47.876900000000006,16.2527,4.268,9.9092,2.4052,2008.0,129.0,21.67595142857143,27.437306666666668,4.909206666666666,62.959646666666664,20.470353333333335,8.640519999999999,14.452586666666665,5.349766666666667,2008.0,6117.88,4148.28,768.74,3211.39,412.55,1498.54,0.0
2,145.0,28.607600000000005,34.0549,26.8611,92.49779999999998,27.164,19.7672,22.526399999999995,7.1915,2008.0,145.0,8.2962,25.345400000000005,0.0,41.9392,17.0402,7.956299999999999,14.238199999999999,2.5674,2008.0,145.0,20.378033333333335,30.49266666666667,5.462526666666667,66.24887333333334,23.152653333333333,12.328293333333331,17.619486666666667,5.1836400000000005,2008.0,7115.26,5371.61,637.53,3866.03,372.28,1126.41,0.45
3,161.0,29.488400000000002,36.631299999999996,37.477399999999996,92.282,28.539900000000003,22.106199999999998,24.694,8.698599999999999,2008.0,161.0,11.1998,27.1597,0.0,59.0484,23.661699999999996,13.1914,19.101499999999998,3.0076,2008.0,161.0,20.941313333333337,32.791286666666664,10.754366666666664,77.48552666666667,26.57507333333333,17.727733333333333,22.2254,5.275480000000001,2008.0,7386.73,4963.34,488.83,3318.43,269.5,911.34,0.0
4,177.0,29.130000000000003,36.7708,31.7042,89.98169999999999,28.685200000000002,21.691200000000002,24.360999999999997,7.430900000000001,2008.0,177.0,3.7834,28.2309,0.0,55.221199999999996,24.5989,14.755400000000002,20.213,1.8138,2008.0,177.0,23.073133516483516,31.832500000000003,7.574020000000001,70.62489333333333,26.983680000000003,17.695973333333335,22.231066666666663,3.6285066666666665,2008.0,7458.95,5293.36,522.35,3618.63,287.35,979.28,0.49
5,193.0,29.167099999999998,36.716899999999995,32.521,88.8474,32.0039,22.2449,27.218899999999998,6.3347,2008.0,193.0,8.4274,27.545599999999997,0.0,49.084399999999995,24.1952,14.382099999999998,20.6566,1.8822,2008.0,193.0,21.84137333333333,33.20782666666666,7.045966666666667,69.20969333333335,28.85207333333333,18.735213333333334,23.906493333333337,4.047733333333333,2008.0,7652.49,5219.36,460.53,3461.03,249.22,990.94,0.41
6,209.0,27.137,36.7878,28.3993,87.0,37.2144,23.007400000000004,29.3075,5.392200000000001,2008.0,209.0,6.655799999999999,31.8523,0.0,54.915099999999995,25.6631,17.6368,21.7973,1.9752,2008.0,209.0,21.411773333333336,34.661280000000005,7.947839999999999,72.92467333333335,30.60978,20.656526666666668,25.34888,3.4565266666666674,2008.0,7771.51,5398.65,441.51,3544.13,244.77,927.79,0.01
7,225.0,25.794199999999996,35.4605,7.4573,72.75550000000001,32.584599999999995,23.2509,26.893499999999996,4.2752,2008.0,225.0,10.7232,28.8628,0.0,40.89,24.983800000000002,15.0977,20.6144,1.385,2008.0,225.0,21.000440000000005,31.71454666666667,0.6944133333333333,52.25733999999999,30.734339999999996,17.630066666666664,23.970960000000005,2.631546666666667,2008.0,7650.95,5079.96,441.45,3315.37,245.13,936.41,0.18
8,241.0,23.8007,35.552,24.4723,86.6691,34.3491,20.9137,26.6017,5.9299,2008.0,241.0,6.2373,28.586899999999996,0.0,38.6823,18.482400000000002,12.3339,15.130200000000002,2.9238999999999997,2008.0,241.0,17.666253333333334,32.35694,6.664566666666667,58.169426666666666,29.43890666666667,16.391080000000002,22.67437333333333,4.412553333333334,2008.0,7640.44,5051.79,444.14,3310.91,243.68,893.74,0.0
9,257.0,21.861400000000003,35.9821,35.6853,97.10559999999998,28.971400000000003,19.059399999999997,21.5561,7.006399999999999,2008.0,257.0,4.588899999999999,25.5719,0.0,51.7158,16.297900000000002,6.3501,12.8708,1.8422,2008.0,257.0,15.143272380952382,30.363526666666665,6.627326666666667,70.45079333333332,23.867560000000005,12.283446666666666,17.93194,3.671333333333334,2008.0,7285.63,4259.24,430.35,2743.01,235.27,846.03,0.0
10,273.0,18.2877,32.672200000000004,25.568399999999997,79.1984,29.0841,17.2238,21.680999999999997,6.434199999999999,2008.0,273.0,8.1549,24.2331,0.0,48.1526,18.5755,5.077400000000001,12.8142,2.2721,2008.0,273.0,15.808493333333335,29.054673333333334,4.959460000000001,63.29172,24.797573333333332,11.847453333333332,17.95406666666667,4.110953333333334,2008.0,6906.3,3966.87,479.31,2638.19,258.06,946.63,0.0
11,289.0,16.5292,33.178,41.972899999999996,86.12010000000001,26.146600000000007,16.508499999999998,20.112899999999996,9.3289,2008.0,289.0,4.2842,22.349899999999998,0.0,40.9256,11.891100000000002,0.9771,6.941599999999999,2.351,2008.0,289.0,11.074533333333335,27.70652666666667,5.338446666666666,65.97444666666667,18.592613333333333,6.777753333333333,12.201933333333333,4.913306666666667,2008.0,5682.37,3067.41,624.99,2306.67,319.01,1209.36,0.0
12,305.0,13.778299999999998,31.1353,23.0711,84.41850000000001,22.752299999999998,12.554300000000001,16.268700000000003,9.6327,2008.0,305.0,5.9376,20.3474,0.0,46.1828,4.5923,-3.0323,1.6943000000000001,1.6922,2008.0,305.0,10.860280000000003,25.524746666666665,2.4256333333333333,67.77,16.218973333333338,5.039926666666666,9.989633333333332,5.58554,2008.0,5195.5,2853.69,710.58,2287.61,374.0,1339.59,0.01
