,DOY,INSgdmax,RADmax,RAINmax,RHmax,TMAXmax,TMINmax,Tmax,WINDmax,YEAR,DOY,INSgdmin,RADmin,RAINmin,RHmin,TMAXmin,TMINmin,Tmin,WINDmin,YEAR,DOY,INSgdmean,RADmean,RAINmean,RHmean,TMAXmean,TMINmean,Tmean,WINDmean,YEAR,NDVI,EVI,RED,NIR,BLUE,MIR,pixrel
0,113.0,26.495,32.8425,25.825000000000003,87.6525,24.1325,13.8325,17.16,10.9525,2008.0,113.0,4.984999999999999,20.265,0.0,40.2775,9.7175,-3.5025000000000004,3.9925000000000006,4.1075,2008.0,113.0,18.651500000000002,26.1385,3.910333333333334,63.403333333333336,17.341166666666666,3.2560000000000002,10.114333333333335,6.720166666666666,2008.0,4531.49,2863.88,1000.77,2689.29,526.41,2016.55,0.03
1,129.0,28.675,30.369999999999997,26.83,86.50500000000002,25.557499999999997,12.545000000000002,18.485,8.275,2008.0,129.0,5.3975,22.15,0.0,39.7825,16.045,0.5774999999999999,8.4575,1.685,2008.0,129.0,20.632833333333334,27.07433333333333,3.521166666666667,57.46666666666666,20.44766666666667,7.128500000000001,13.687833333333332,5.267833333333334,2008.0,5258.68,3548.95,934.19,3051.5,496.63,1925.35,0.05
2,145.0,28.585,34.685,24.055,84.7175,29.415,18.69,23.1,8.615,2008.0,145.0,5.6975,25.307499999999997,0.0,36.35,15.4575,6.7025,12.44,2.8600000000000003,2008.0,145.0,21.7175,29.82483333333333,5.026999999999999,58.742333333333335,23.40183333333333,11.244166666666667,17.065666666666665,5.691666666666667,2008.0,5984.12,4149.08,784.12,3241.55,432.61,1378.7,0.99
3,161.0,29.7275,36.035,32.56,89.025,29.28,19.132499999999997,23.53,9.185,2008.0,161.0,9.97,25.895,0.0,53.0275,23.61,7.5225,15.537500000000001,2.8274999999999997,2008.0,161.0,21.895833333333336,31.464499999999997,7.694833333333333,70.71149999999999,26.044333333333338,15.045499999999999,20.632,5.055333333333334,2008.0,6120.48,4096.07,739.97,3139.84,392.54,1665.2,0.0
4,177.0,28.955,33.55500000000001,23.965000000000003,86.6625,28.81,20.3475,23.485,7.8025,2008.0,177.0,14.709999999999997,28.1875,0.0,51.11,22.585,13.4225,18.6025,1.7249999999999999,2008.0,177.0,23.325,31.229,4.172166666666666,66.70833333333333,26.786166666666666,16.868833333333335,21.822999999999997,3.570166666666667,2008.0,6463.74,4623.08,748.02,3528.6,398.67,1589.98,0.3
5,193.0,29.2525,36.71,16.215,90.0,31.83,21.91,26.57,6.5975,2008.0,193.0,15.4525,27.3125,0.0,42.4075,24.3175,14.645,20.1125,2.0725000000000002,2008.0,193.0,24.351999999999997,32.88033333333333,4.241833333333332,70.23016666666666,28.476166666666668,18.40533333333333,23.426166666666663,3.9236666666666675,2008.0,7115.38,4889.67,568.48,3424.27,300.3,1231.87,0.03
6,209.0,27.395000000000003,36.955,20.2075,85.555,36.93,22.535,29.27,5.7225,2008.0,209.0,12.05,30.52,0.0,51.84,25.9875,17.0475,22.220000000000002,1.7575,2008.0,209.0,21.56016666666666,34.148500000000006,4.323666666666666,71.34349999999999,29.907833333333336,19.841833333333334,24.685333333333332,3.7373333333333334,2008.0,7544.97,5547.99,528.5,3837.63,284.88,1156.96,0.38
7,225.0,25.972499999999997,34.955,12.234999999999998,65.7,32.8775,18.967499999999998,25.465,4.355,2008.0,225.0,10.809999999999999,28.977500000000003,0.0,43.470000000000006,27.044999999999998,15.697500000000002,22.12,1.315,2008.0,225.0,21.31883333333333,31.783999999999995,2.2201666666666666,52.52399999999999,30.072000000000003,17.4735,23.709999999999997,2.7969999999999997,2008.0,7090.21,4697.7,538.49,3228.15,289.5,1095.97,0.0
8,241.0,24.020000000000003,35.525,11.4875,74.4725,33.607499999999995,19.72,26.682500000000005,7.5825,2008.0,241.0,7.3725,26.205,0.0,35.31,23.072499999999998,9.21,16.205,2.6375,2008.0,241.0,19.741500000000002,31.037999999999997,2.706833333333334,52.074,28.86599999999999,15.097166666666666,21.931166666666666,4.916,2008.0,7283.66,4776.21,496.57,3220.19,266.04,959.45,0.14
9,257.0,20.52,34.6775,28.5325,88.535,30.9575,18.465,21.4825,7.130000000000001,2008.0,257.0,6.875,25.165,0.0,47.165,16.134999999999998,5.5125,12.734999999999998,1.8825,2008.0,257.0,15.602166666666667,29.806166666666662,4.5568333333333335,64.29016666666668,23.757666666666665,11.3655,17.439833333333336,4.086499999999999,2008.0,6633.64,4096.07,565.47,2855.74,306.61,1010.1,0.03
10,273.0,18.4925,33.3625,17.9825,77.16499999999999,29.62,17.725,21.865000000000002,8.5775,2008.0,273.0,9.442499999999999,23.967499999999998,0.0,44.440000000000005,18.512500000000003,4.7275,12.5975,1.885,2008.0,273.0,15.188499999999998,28.983166666666666,5.283999999999999,59.2785,24.417833333333334,11.923000000000002,17.6725,5.206666666666666,2008.0,6258.67,3694.05,604.91,2669.07,314.29,1118.85,0.0
11,289.0,16.02,33.425,25.932499999999997,89.4825,25.912499999999998,16.57,19.68,8.557500000000001,2008.0,289.0,2.85,23.732499999999998,0.0,29.8925,8.725,0.0125,5.7075,1.8575,2008.0,289.0,10.390166666666666,27.39083333333333,6.407166666666667,61.55016666666667,17.64133333333333,6.135833333333333,11.170333333333332,5.2275,2008.0,4916.85,2736.06,768.36,2296.56,393.53,1470.73,0.0
12,305.0,13.0,31.695,20.605,88.09750000000001,22.412499999999998,13.75,16.494999999999997,10.629999999999999,2008.0,305.0,3.7225,20.3975,0.0,41.394999999999996,1.47,-2.4975,-0.5800000000000001,2.5225000000000004,2008.0,305.0,10.102333333333334,25.515166666666666,1.798,66.70766666666668,15.061166666666665,4.250166666666667,8.890666666666668,5.865833333333333,2008.0,4492.51,2553.84,917.75,2356.24,517.1,1528.78,0.08
