,DOY,INSgdmax,RADmax,RAINmax,RHmax,TMAXmax,TMINmax,Tmax,WINDmax,YEAR,DOY,INSgdmin,RADmin,RAINmin,RHmin,TMAXmin,TMINmin,Tmin,WINDmin,YEAR,DOY,INSgdmean,RADmean,RAINmean,RHmean,TMAXmean,TMINmean,Tmean,WINDmean,YEAR,NDVI,EVI,RED,NIR,BLUE,MIR,pixrel
0,113.0,26.39,33.3,27.52,87.66,23.72,14.08,17.49,10.78,2008.0,113.0,5.15,21.24,0.0,45.46,9.08,-3.87,3.4,3.65,2008.0,113.0,17.567999999999998,26.514,5.463333333333334,65.66733333333333,17.278666666666666,3.3980000000000015,10.087333333333333,6.610666666666666,2008.0,3233.17,1805.12,986.25,2012.86,531.51,1827.72,0.19
1,129.0,28.51,30.1,32.38,86.4,25.43,12.29,18.59,8.62,2008.0,129.0,6.05,22.72,0.0,39.34,16.03,1.08,8.51,1.49,2008.0,129.0,20.649333333333335,26.979333333333333,4.200666666666667,57.868666666666655,20.422666666666665,7.346000000000001,13.741333333333335,5.349333333333333,2008.0,3854.88,2303.81,964.81,2301.54,517.12,1774.56,0.19
2,145.0,28.69,34.52,21.04,80.9,28.02,18.87,22.26,8.39,2008.0,145.0,4.64,24.88,0.0,37.76,16.05,6.47,12.44,2.8,2008.0,145.0,21.327999999999996,29.645333333333333,4.664,59.00933333333333,23.273333333333333,11.012666666666666,16.83066666666667,5.676666666666666,2008.0,4741.95,2835.12,822.25,2423.11,469.64,1408.43,0.38
3,161.0,30.02,35.93,36.04,88.68,28.53,19.29,23.62,9.53,2008.0,161.0,7.06,25.7,0.0,52.93,23.43,10.8,17.81,2.7,2008.0,161.0,21.52533333333333,31.62399999999999,9.489333333333333,71.12000000000002,25.933333333333334,15.478000000000002,20.838000000000008,5.2553333333333345,2008.0,6043.37,3717.43,647.37,2741.34,356.76,1121.18,0.17
4,177.0,29.3,33.66,22.57,87.84,29.11,20.19,23.44,8.05,2008.0,177.0,10.12,27.76,0.0,50.51,22.18,13.46,18.52,1.89,2008.0,177.0,23.295000000000005,31.053999999999995,4.274666666666666,67.04933333333334,26.778666666666666,16.621333333333336,21.663999999999998,3.7426666666666666,2008.0,6805.83,4670.72,611.46,3337.84,334.87,1030.25,0.46
5,193.0,29.2,36.47,17.19,88.92,31.35,21.94,26.27,6.41,2008.0,193.0,15.16,27.29,0.0,45.91,23.92,14.51,20.03,1.93,2008.0,193.0,23.776,32.89533333333333,4.617333333333333,70.57666666666667,28.272666666666666,18.307333333333336,23.332666666666668,4.020666666666668,2008.0,7187.82,4898.08,545.25,3382.9,297.78,915.06,0.07
6,209.0,27.29,36.79,26.38,87.25,36.63,22.25,29.06,5.43,2008.0,209.0,12.89,30.49,0.0,49.77,26.55,17.01,21.95,1.87,2008.0,209.0,21.700666666666667,33.936,5.930666666666667,70.152,29.747333333333337,19.663333333333334,24.553333333333335,3.6153333333333326,2008.0,6844.3,4922.59,656.74,3609.37,345.46,1014.18,0.0
7,225.0,25.92,33.77,8.08,66.72,32.18,19.38,24.94,4.16,2008.0,225.0,11.05,28.76,0.0,43.77,27.24,15.48,22.09,1.15,2008.0,225.0,21.209333333333333,31.499999999999996,1.3246666666666667,51.944,29.886000000000003,17.315999999999995,23.513999999999996,2.7999999999999994,2008.0,6325.79,4330.54,729.23,3292.21,386.42,1073.21,0.04
8,241.0,24.05,34.85,23.39,76.31,33.45,19.18,26.45,7.17,2008.0,241.0,7.56,27.18,0.0,34.65,22.93,9.99,16.61,2.63,2008.0,241.0,19.376,31.077999999999996,4.183333333333334,52.408,28.727999999999998,15.138666666666667,21.938666666666666,4.8340000000000005,2008.0,5974.79,3914.34,790.89,3090.06,398.66,1189.4,0.03
9,257.0,20.52,35.03,27.22,93.53,30.56,18.36,21.4,6.74,2008.0,257.0,5.9,25.06,0.0,49.4,15.07,5.61,12.33,2.13,2008.0,257.0,15.208666666666666,29.88866666666667,4.933333333333334,65.62066666666666,23.276666666666664,11.38,17.339333333333332,3.9979999999999993,2008.0,5785.82,3658.07,766.5,2869.51,401.17,1118.76,0.07
10,273.0,18.47,33.34,12.41,74.27,29.17,17.38,21.67,7.97,2008.0,273.0,8.82,24.05,0.0,45.43,18.04,4.45,12.2,2.29,2008.0,273.0,15.274,28.960666666666665,4.087999999999999,58.68199999999999,24.145333333333333,11.497999999999998,17.37,5.076666666666666,2008.0,4906.59,2913.67,844.49,2518.27,436.55,1227.59,0.01
11,289.0,16.02,33.26,25.82,86.01,26.16,16.69,20.1,9.21,2008.0,289.0,3.42,23.44,0.0,29.0,8.59,0.05,5.25,1.85,2008.0,289.0,10.312666666666667,27.173333333333332,5.1306666666666665,61.12866666666667,17.547333333333327,5.935333333333333,11.17333333333333,5.230000000000001,2008.0,4447.98,2397.21,785.39,2105.68,422.47,1204.08,0.05
12,305.0,13.0,31.32,20.5,89.92,22.3,13.27,16.24,10.84,2008.0,305.0,4.21,20.45,0.0,41.95,1.89,-2.7,-0.22,2.62,2008.0,305.0,9.825333333333333,25.666666666666664,1.834,67.73466666666667,15.138666666666667,4.412666666666667,8.940666666666665,6.001333333333333,2008.0,3907.19,2080.81,873.23,2024.35,488.59,1388.87,0.11
