,DOY,INSgdmax,RADmax,RAINmax,RHmax,TMAXmax,TMINmax,Tmax,WINDmax,YEAR,DOY,INSgdmin,RADmin,RAINmin,RHmin,TMAXmin,TMINmin,Tmin,WINDmin,YEAR,DOY,INSgdmean,RADmean,RAINmean,RHmean,TMAXmean,TMINmean,Tmean,WINDmean,YEAR,NDVI,EVI,RED,NIR,BLUE,MIR,pixrel
0,113.0,26.24,33.19,23.38,87.59,24.12,14.21,17.78,10.39,2008.0,113.0,5.65,21.13,0.0,41.9,9.81,-1.3,5.74,4.31,2008.0,113.0,19.14266666666667,26.66533333333333,3.533333333333333,65.42666666666666,17.923333333333336,4.450000000000001,11.069333333333335,6.424000000000001,2008.0,3405.5,2198.75,1340.79,2722.56,663.54,2677.85,0.86
1,129.0,28.76,30.78,28.03,86.42,26.82,13.56,19.0,8.09,2008.0,129.0,5.98,22.36,0.0,40.08,14.31,1.24,8.98,1.3,2008.0,129.0,21.356666666666666,27.192666666666664,3.5173333333333336,58.50333333333334,21.05666666666667,7.760666666666668,14.22733333333333,5.202666666666667,2008.0,3683.84,2452.75,1359.36,2919.34,670.26,2758.84,0.73
2,145.0,28.12,35.21,27.76,85.83,29.4,20.09,24.03,8.19,2008.0,145.0,6.77,25.99,0.0,37.59,15.02,7.84,13.39,2.96,2008.0,145.0,21.161333333333335,30.805333333333333,6.1453333333333315,63.33000000000001,24.050666666666665,12.509333333333332,18.154,5.476666666666665,2008.0,4387.93,2931.87,1180.15,2998.9,598.86,2390.39,0.72
3,161.0,29.63,36.07,29.02,87.56,30.09,21.53,24.98,9.1,2008.0,161.0,10.94,27.14,0.0,49.91,24.48,11.27,18.66,3.26,2008.0,161.0,23.558000000000003,31.90266666666667,9.198000000000002,71.80666666666667,27.02266666666667,16.464000000000002,21.890000000000004,5.184,2008.0,5331.81,3475.78,908.23,2976.86,468.16,1947.27,0.0
4,177.0,29.02,34.92,38.29,88.14,29.69,21.69,24.59,6.76,2008.0,177.0,9.29,28.84,0.0,52.69,23.95,14.48,19.99,1.35,2008.0,177.0,23.814285714285717,31.75133333333333,6.116666666666665,68.22933333333334,27.41066666666666,17.648000000000003,22.429999999999996,3.33,2008.0,6430.66,4350.41,705.79,3264.6,371.35,1586.37,0.0
5,193.0,29.27,36.76,17.58,83.38,33.29,22.39,27.93,6.2,2008.0,193.0,16.02,27.86,0.0,39.68,25.78,14.96,21.56,2.04,2008.0,193.0,23.63533333333333,33.681999999999995,5.4,64.43466666666666,30.347333333333335,19.212666666666667,24.736666666666665,4.094,2008.0,7543.42,5502.37,519.56,3773.71,282.66,1178.65,0.0
6,209.0,27.36,37.3,19.37,79.34,40.04,23.88,31.36,6.11,2008.0,209.0,11.09,32.47,0.0,48.07,29.55,17.91,24.18,1.92,2008.0,209.0,21.204,35.03333333333333,4.791333333333332,66.994,32.414,21.049333333333333,26.40333333333334,3.9813333333333336,2008.0,8243.2,6275.32,388.3,4126.44,213.46,898.87,0.13
7,225.0,25.92,34.88,6.79,62.16,35.18,20.86,26.77,5.11,2008.0,225.0,8.42,29.59,0.0,38.61,28.39,16.15,23.18,1.31,2008.0,225.0,21.328666666666663,32.222,1.264,49.48733333333334,31.728666666666662,18.44933333333334,24.941333333333333,2.864,2008.0,7743.73,5388.14,444.03,3549.13,244.08,922.68,0.0
8,241.0,23.72,35.6,10.9,69.54,35.91,20.18,27.31,7.19,2008.0,241.0,9.4,29.05,0.0,34.51,23.96,11.65,17.71,2.1,2008.0,241.0,20.245999999999995,32.04733333333334,2.4899999999999998,49.87866666666667,30.18066666666666,16.458000000000002,23.29133333333333,4.882,2008.0,7649.87,5586.23,510.96,3843.1,277.48,912.97,0.34
9,257.0,21.42,35.6,36.91,95.21,29.7,18.83,21.23,7.66,2008.0,257.0,4.57,25.24,0.0,48.26,15.16,6.19,12.13,1.49,2008.0,257.0,14.960666666666668,29.936,5.209999999999999,67.95533333333333,23.76066666666667,11.793999999999999,17.668,3.946,2008.0,5275.69,2979.68,737.87,2413.8,372.12,1310.91,0.0
10,273.0,18.36,33.12,20.38,81.41,29.63,17.14,21.88,8.2,2008.0,273.0,8.57,24.34,0.0,44.83,19.45,5.66,13.72,1.78,2008.0,273.0,15.880666666666666,29.441333333333333,5.091333333333333,61.139333333333326,25.613333333333333,12.902666666666669,18.68133333333333,4.962666666666666,2008.0,4598.02,2446.49,792.67,2153.42,397.93,1509.56,0.0
11,289.0,16.38,33.7,42.78,93.46,26.28,17.05,20.52,8.57,2008.0,289.0,2.48,23.65,0.0,35.15,11.37,0.91,7.52,1.89,2008.0,289.0,11.005999999999998,28.082666666666668,7.678666666666668,62.652,18.989333333333335,7.3226666666666675,12.379333333333333,5.286000000000001,2008.0,3395.78,1815.73,1013.14,2054.34,501.97,1901.98,0.0
12,305.0,13.46,31.57,27.87,85.97,23.27,14.16,16.93,9.61,2008.0,305.0,4.03,19.19,0.0,43.66,3.89,-2.35,0.55,2.46,2008.0,305.0,10.431999999999999,25.54533333333334,2.036666666666667,66.014,16.03666666666667,4.606,9.606666666666667,5.77,2008.0,3022.69,1677.07,1139.0,2123.73,568.06,2011.48,0.23
