,DOY,INSgdmax,RADmax,RAINmax,RHmax,TMAXmax,TMINmax,Tmax,WINDmax,YEAR,DOY,INSgdmin,RADmin,RAINmin,RHmin,TMAXmin,TMINmin,Tmin,WINDmin,YEAR,DOY,INSgdmean,RADmean,RAINmean,RHmean,TMAXmean,TMINmean,Tmean,WINDmean,YEAR,NDVI,EVI,RED,NIR,BLUE,MIR,pixrel
0,113.0,26.3853,33.393,29.1854,90.16399999999999,23.6327,14.405800000000001,17.7055,9.9743,2008.0,113.0,4.787600000000001,22.1544,0.0,46.582,9.506,-2.6805000000000003,3.8120000000000003,2.7041,2008.0,113.0,17.587313333333334,26.922593333333335,5.991533333333333,68.26212666666666,17.726866666666666,4.093493333333333,10.786740000000002,6.132346666666667,2008.0,4396.72,1877.9,645.78,1621.88,333.31,1170.25,0.01
1,129.0,28.382800000000003,30.7065,40.3903,84.588,25.7511,12.5666,18.803399999999996,8.849599999999999,2008.0,129.0,7.131399999999999,22.833199999999998,0.0,42.4392,15.9845,2.7752000000000003,9.0516,1.7391999999999999,2008.0,129.0,20.90180666666667,27.126806666666667,4.352626666666667,59.8548,20.44988,7.8577,13.96922,5.307079999999999,2008.0,4755.94,2250.05,686.3,1887.98,356.16,1261.39,0.1
2,145.0,28.911699999999996,34.60850000000001,20.804000000000002,88.77770000000001,27.2691,19.1497,22.092200000000002,7.8848,2008.0,145.0,5.0847999999999995,24.552799999999998,0.0,39.0288,15.9603,6.686,12.8597,2.8183999999999996,2008.0,145.0,20.428400000000003,29.86921333333333,5.43596,61.61060666666667,22.899866666666664,11.251666666666665,16.83216,5.475,2008.0,5535.77,2573.64,550.74,1889.55,296.39,914.04,0.06
3,161.0,29.8002,36.1101,37.8525,90.28450000000001,28.428100000000004,20.5152,23.895899999999997,9.3276,2008.0,161.0,8.996599999999999,26.0384,0.0,53.333999999999996,23.2886,12.261800000000001,18.115299999999998,2.7968,2008.0,161.0,21.10554666666667,32.11406666666667,10.750353333333333,73.21028,26.1735,16.31766,21.34588666666667,5.333440000000001,2008.0,7471.07,4443.52,394.77,2825.28,224.77,704.47,0.01
4,177.0,29.2221,35.0392,26.9302,89.1606,28.958,20.7784,23.7988,7.805200000000001,2008.0,177.0,6.7497,27.798699999999997,0.0,51.4042,22.8947,13.9041,19.074599999999997,1.8555000000000001,2008.0,177.0,23.340500000000002,31.21821333333334,5.1825866666666665,68.13608,26.8335,16.886873333333334,21.798540000000003,3.7227799999999998,2008.0,7945.22,4790.57,331.28,2935.1,191.54,647.12,0.61
5,193.0,29.1766,36.4869,20.860100000000003,88.0408,31.805,22.0774,26.3952,6.415099999999999,2008.0,193.0,13.8102,27.4158,0.0,46.4997,24.030800000000003,14.2832,20.354400000000002,1.7666,2008.0,193.0,23.12988,33.00626,5.5519533333333335,69.63748666666667,28.501219999999996,18.395533333333333,23.553866666666668,3.996200000000001,2008.0,8004.6,4944.42,335.83,3039.11,197.38,647.51,0.36
6,209.0,27.4097,36.7356,31.2663,87.4923,36.7481,22.4571,28.9332,5.4238,2008.0,209.0,10.1849,30.7481,0.0,49.9254,25.936700000000002,17.1259,21.5833,1.9224,2008.0,209.0,21.657686666666667,34.034,6.742026666666666,69.96101333333334,30.025453333333335,19.8634,24.765113333333336,3.5348133333333336,2008.0,7919.44,4951.32,356.99,3082.51,207.81,670.45,0.0
7,225.0,25.758900000000004,34.2628,8.7113,72.8977,32.5466,20.5506,25.7066,4.2829,2008.0,225.0,10.8504,28.4814,0.0,40.9266,24.065199999999997,15.1846,20.2468,1.2544,2008.0,225.0,21.124033333333337,31.444833333333335,1.1776266666666666,51.63317333333333,30.11172666666667,17.291219999999996,23.564026666666667,2.7504,2008.0,7982.81,4291.59,289.43,2542.07,164.59,554.33,0.02
8,241.0,23.9811,35.147600000000004,21.0404,78.7033,33.9964,19.622400000000003,26.4505,6.5669,2008.0,241.0,7.458,27.8097,0.0,35.4795,21.4225,11.448,16.4375,2.8201,2008.0,241.0,18.745193333333336,31.539026666666665,5.11746,54.25443333333334,29.01043333333333,15.56862,22.231113333333333,4.651273333333334,2008.0,7783.64,4218.18,318.38,2548.14,177.57,602.23,0.0
9,257.0,20.909100000000002,35.4102,27.9015,95.1637,30.218700000000002,18.021,21.5047,6.8233,2008.0,257.0,5.2258000000000004,25.359299999999998,0.0,49.5976,15.0668,6.1462,12.1811,2.019,2008.0,257.0,14.982869523809523,30.0644,5.292526666666667,66.96387333333334,23.631520000000002,11.676546666666667,17.587513333333334,3.8815133333333334,2008.0,7370.31,3747.45,348.91,2295.0,196.94,604.44,0.0
10,273.0,18.232699999999998,33.3396,17.6603,76.9426,29.066899999999997,16.857,21.634800000000002,7.1188,2008.0,273.0,8.287600000000001,24.1749,0.0,44.3727,18.0698,4.4802,12.259799999999998,2.5242999999999998,2008.0,273.0,15.135399999999999,29.027699999999996,4.147166666666667,59.842800000000004,24.328619999999997,11.400506666666665,17.399673333333332,4.7246,2008.0,5564.96,2535.1,527.39,1834.24,289.1,661.67,0.0
11,289.0,16.146,32.72539999999999,29.2759,86.4952,26.2408,16.5434,20.184900000000003,9.4167,2008.0,289.0,3.5519,22.8239,0.0,31.715200000000003,9.601700000000001,0.3699,5.6944,2.0973,2008.0,289.0,10.764893333333333,27.16722,5.015573333333332,62.71408666666667,17.835173333333334,6.062946666666667,11.465773333333331,5.070473333333334,2008.0,4818.33,1986.64,548.76,1561.28,288.96,839.99,0.0
12,305.0,13.1756,31.1184,20.3769,87.6311,22.6619,12.801400000000001,16.2905,10.508,2008.0,305.0,4.418699999999999,20.4514,0.0,43.2218,2.8287,-2.9473000000000003,0.6605999999999999,2.3456,2008.0,305.0,10.049066666666667,25.640373333333333,2.1181266666666665,67.34322,15.646460000000001,4.65484,9.409899999999999,5.85854,2008.0,4952.35,1774.48,468.6,1349.0,241.3,854.35,0.0
