,DOY,INSgdmax,RADmax,RAINmax,RHmax,TMAXmax,TMINmax,Tmax,WINDmax,YEAR,DOY,INSgdmin,RADmin,RAINmin,RHmin,TMAXmin,TMINmin,Tmin,WINDmin,YEAR,DOY,INSgdmean,RADmean,RAINmean,RHmean,TMAXmean,TMINmean,Tmean,WINDmean,YEAR,NDVI,EVI,RED,NIR,BLUE,MIR,pixrel
0,113.0,26.153200000000002,33.2148,20.968199999999996,88.489,23.8534,14.532399999999999,17.947400000000002,10.111,2008.0,113.0,5.6066,21.843,0.0,45.4216,10.2564,-1.3372000000000002,5.1758,3.9503999999999992,2008.0,113.0,18.66154666666667,26.883159999999997,4.462506666666665,67.75207999999998,17.686493333333335,4.465706666666668,10.957733333333334,6.263626666666668,2008.0,3706.99,2347.84,1245.88,2691.37,619.24,2579.13,0.56
1,129.0,28.7166,30.6002,33.4674,83.661,26.1628,13.219000000000001,18.8016,8.555,2008.0,129.0,7.319200000000001,22.6266,0.0,41.016200000000005,15.364,1.6492,8.9552,1.3744,2008.0,129.0,21.547626666666666,27.109586666666665,4.338213333333334,59.431266666666666,20.7074,7.8408533333333335,14.108293333333332,5.264666666666667,2008.0,4161.64,2766.17,1202.62,2913.4,605.07,2534.31,0.42
2,145.0,28.343199999999996,34.962,26.916800000000002,88.6014,27.998800000000003,20.0218,23.087600000000002,7.9978,2008.0,145.0,7.104799999999999,25.921799999999998,0.0,38.5262,15.2928,7.6044,13.3714,2.7678,2008.0,145.0,20.931933333333337,30.561466666666664,5.654706666666666,64.2166,23.484813333333328,12.240253333333333,17.70057333333333,5.472946666666667,2008.0,4753.28,3251.98,1098.04,3092.52,581.43,2173.45,0.6
3,161.0,29.561799999999998,36.2064,33.508799999999994,89.575,29.1724,21.53,24.5212,9.019400000000001,2008.0,161.0,9.359,26.7432,0.0,50.9392,24.0522,11.8652,18.3438,3.2723999999999998,2008.0,161.0,22.931386666666665,32.04361333333333,10.485120000000002,73.52613333333332,26.69572,16.4578,21.717640000000003,5.278653333333334,2008.0,5913.9,3804.53,765.53,2975.6,404.44,1645.94,0.0
4,177.0,29.243199999999998,35.2796,38.61240000000001,89.67760000000001,29.032799999999998,21.317999999999998,24.0568,7.107200000000001,2008.0,177.0,7.213,28.344,0.0,54.1594,23.5284,14.3684,19.735799999999998,1.3996,2008.0,177.0,23.312528571428572,31.595506666666665,5.986466666666666,69.64913333333334,26.897306666666665,17.447946666666667,22.103466666666666,3.4097733333333333,2008.0,6566.97,4468.08,681.79,3294.71,367.33,1508.24,0.09
5,193.0,29.270000000000003,36.443799999999996,21.901400000000002,85.8476,32.3786,21.943600000000004,27.347199999999997,6.355,2008.0,193.0,12.9634,27.5748,0.0,43.5674,24.9864,14.619,21.0888,1.6989999999999998,2008.0,193.0,22.88182666666667,33.45673333333333,5.791013333333334,66.78074666666667,29.385506666666664,18.864226666666667,24.183626666666665,4.068373333333334,2008.0,7753.15,5642.58,468.55,3776.83,260.22,1066.77,0.0
6,209.0,27.403400000000005,36.7606,27.2502,83.5746,39.023199999999996,23.489399999999996,30.665599999999998,5.831,2008.0,209.0,10.532,31.9802,0.0,52.503,27.6528,17.569,22.9214,1.827,2008.0,209.0,21.091573333333336,34.662573333333334,6.366133333333333,69.20822666666666,31.426133333333333,20.66328,25.756053333333334,3.8432800000000005,2008.0,8216.07,6289.02,391.77,4145.27,219.89,893.56,0.1
7,225.0,25.7836,34.8614,7.1992,64.7516,34.095,21.3436,26.373199999999997,5.0232,2008.0,225.0,9.3376,29.125,0.0,39.2424,28.117199999999997,15.709799999999998,22.7956,1.3658000000000001,2008.0,225.0,21.21045333333333,32.058733333333336,0.9845866666666667,50.08666666666667,31.36204,18.045093333333334,24.52552,2.8536666666666664,2008.0,7793.34,5417.3,432.75,3543.8,240.58,911.03,0.0
8,241.0,23.72,35.3582,12.7042,72.4602,35.3954,20.149,26.9442,6.8924,2008.0,241.0,8.6188,28.740000000000002,0.0,34.6588,23.2222,12.201799999999999,17.6728,2.3976,2008.0,241.0,19.408173333333334,32.090320000000006,3.5254000000000003,51.754786666666675,29.787999999999997,16.162466666666667,22.929253333333335,4.76916,2008.0,7669.6,5417.15,474.14,3641.0,261.99,881.08,0.2
9,257.0,21.265,35.80459999999999,33.258199999999995,95.892,29.3652,18.706,21.198999999999998,7.3748000000000005,2008.0,257.0,4.5514,25.016799999999996,0.0,49.9216,14.9058,6.097,11.9564,1.6635999999999997,2008.0,257.0,14.872626666666667,29.993453333333328,5.6022533333333335,69.17921333333334,23.43,11.750599999999999,17.517960000000002,3.90756,2008.0,5628.21,3213.38,686.53,2471.99,360.43,1208.27,0.0
10,273.0,18.3166,33.120000000000005,22.3764,79.364,29.084400000000002,16.8858,21.5638,7.6419999999999995,2008.0,273.0,9.2582,24.34,0.0,45.6422,18.954,5.2508,13.2426,2.0156,2008.0,273.0,15.706653333333334,29.24872,4.735453333333334,61.333600000000004,25.219013333333333,12.447173333333335,18.294866666666664,4.825026666666667,2008.0,5207.81,2830.27,714.15,2282.91,360.76,1321.25,0.0
11,289.0,16.38,33.1606,43.617,91.56899999999999,26.174599999999998,16.895000000000003,20.4084,9.109399999999999,2008.0,289.0,3.0380000000000003,23.315199999999997,0.0,34.8338,10.4524,0.6868000000000001,7.0302,1.921,2008.0,289.0,10.986159999999998,27.703226666666666,6.747426666666667,63.31085333333333,18.562773333333332,6.999026666666668,12.080906666666664,5.26616,2008.0,3692.63,2010.08,986.52,2139.19,490.03,1802.14,0.0
12,305.0,13.46,31.415,27.8452,85.7406,22.7926,13.521400000000002,16.477400000000003,9.7712,2008.0,305.0,4.408200000000001,19.9712,0.0,44.552800000000005,3.5862,-2.5918,0.5004,2.3856,2008.0,305.0,10.474986666666666,25.562280000000005,2.3995733333333336,67.59706666666666,15.836200000000002,4.610546666666666,9.481426666666664,5.78736,2008.0,3366.6,1929.25,1115.38,2244.06,567.82,1902.64,0.36
