,DOY,INSgdmax,RADmax,RAINmax,RHmax,TMAXmax,TMINmax,Tmax,WINDmax,YEAR,DOY,INSgdmin,RADmin,RAINmin,RHmin,TMAXmin,TMINmin,Tmin,WINDmin,YEAR,DOY,INSgdmean,RADmean,RAINmean,RHmean,TMAXmean,TMINmean,Tmean,WINDmean,YEAR,NDVI,EVI,RED,NIR,BLUE,MIR,pixrel
0,113.0,26.324099999999998,31.6889,19.480600000000003,86.76250000000002,24.0854,13.267199999999999,16.482,11.5425,2008.0,113.0,6.0305,19.7625,0.0,35.212999999999994,8.5668,-4.232,2.9049,4.558199999999999,2008.0,113.0,19.01692666666667,25.71797333333333,3.1512666666666673,61.30866,16.7088,2.652026666666667,9.411913333333334,6.908606666666665,2008.0,2353.08,1120.87,967.35,1579.0,526.08,1975.76,0.45
1,129.0,28.524099999999997,30.843400000000003,19.2006,90.72900000000001,24.897100000000002,12.196900000000001,18.0453,8.4582,2008.0,129.0,4.2854,21.654700000000002,0.0,39.8164,14.4951,-0.2503,7.971399999999999,2.0482,2008.0,129.0,19.306733333333334,26.88258666666667,3.1592933333333333,57.39609333333333,19.683046666666666,6.292986666666667,12.98698,5.420533333333334,2008.0,2733.32,1382.19,978.79,1749.3,528.93,2032.28,0.36
2,145.0,28.677799999999998,34.2572,20.0971,86.0894,29.311999999999998,17.8916,22.5209,9.0166,2008.0,145.0,6.1778,24.811,0.0,36.306,15.3523,5.9706,11.403400000000001,3.0646,2008.0,145.0,21.542033333333336,29.38009333333333,4.892399999999999,55.783986666666664,23.121379999999995,10.773213333333333,16.5405,5.832039999999999,2008.0,3612.07,1782.31,790.43,1763.48,424.02,1600.78,0.3
3,161.0,29.5022,35.381299999999996,29.852199999999996,87.64189999999999,28.599899999999998,18.0434,22.3214,9.467600000000001,2008.0,161.0,9.1011,25.6476,0.0,52.5559,22.3778,7.1613,14.922,2.5362999999999998,2008.0,161.0,20.991253333333333,31.144846666666666,5.874993333333334,68.28818666666666,25.47262666666667,14.445986666666666,19.89877333333333,5.064873333333335,2008.0,6352.45,3714.7,546.65,2616.49,285.69,1046.28,0.65
4,177.0,28.350099999999998,33.4632,22.307100000000002,80.803,29.121800000000004,19.5693,23.741400000000002,8.501,2008.0,177.0,15.2673,28.0531,0.0,46.453599999999994,22.2869,13.1402,17.8774,2.0037000000000003,2008.0,177.0,23.753899999999994,30.858493333333335,3.59556,60.63303333333333,27.256320000000002,16.410313333333335,21.81399333333333,3.9452933333333333,2008.0,7622.3,6072.87,562.02,4398.61,287.42,858.85,0.69
5,193.0,29.1635,36.2788,20.512099999999997,93.6189,33.6869,21.644399999999997,26.5635,7.1712,2008.0,193.0,7.960100000000001,27.298699999999997,0.0,36.696000000000005,25.408499999999997,14.6119,20.424,2.0916,2008.0,193.0,24.570033333333335,32.285560000000004,3.7810733333333335,67.29123333333334,28.58234,18.29174,23.401006666666664,4.010613333333333,2008.0,7749.57,5888.37,504.04,4113.71,254.22,729.54,0.0
6,209.0,26.8691,36.626599999999996,13.960999999999999,88.8098,35.432500000000005,22.388599999999997,28.0762,5.905200000000001,2008.0,209.0,12.2031,30.4235,0.0,48.6889,26.5171,16.5488,22.2248,1.6703000000000001,2008.0,209.0,22.191620000000004,33.4833,3.943253333333333,69.22821333333333,29.477586666666664,19.299726666666665,24.235646666666664,3.5545866666666672,2008.0,7055.44,5163.28,621.02,3751.56,311.23,776.73,0.1
7,225.0,25.734399999999997,34.817499999999995,14.4507,67.5042,32.2509,19.284399999999998,25.2708,4.8105,2008.0,225.0,10.6235,29.2843,0.0,44.3569,25.680699999999995,15.5712,21.4129,1.6682000000000001,2008.0,225.0,21.43911333333333,31.794413333333335,2.3165533333333332,51.62156666666665,29.843373333333332,17.373113333333336,23.60588,3.016573333333333,2008.0,5406.33,3611.14,934.09,3110.28,468.04,1072.5,0.0
8,241.0,24.137800000000002,35.7003,5.4468,73.2139,33.1417,20.1272,26.596700000000002,8.2525,2008.0,241.0,8.943,25.3475,0.0,35.1466,22.5165,8.481399999999999,15.480699999999999,2.4199,2008.0,241.0,19.867593333333335,30.62280666666667,1.3621933333333334,50.9805,28.4576,14.777560000000001,21.554733333333335,5.129826666666667,2008.0,4384.92,2865.71,1120.03,2852.94,549.03,1481.37,0.41
9,257.0,20.236,34.1269,21.0109,86.2381,30.727899999999998,17.8752,21.4887,7.4162,2008.0,257.0,7.739599999999999,25.2,0.0,40.953,15.290099999999999,5.1818,12.657,2.2189,2008.0,257.0,15.51418,29.59501333333333,3.2574666666666667,59.76322000000002,24.011720000000004,11.191686666666666,17.452033333333333,4.2722,2008.0,4046.12,2430.62,1042.01,2463.19,524.11,1473.32,0.21
10,273.0,18.400599999999997,32.9653,20.9192,77.9454,29.7842,17.584400000000002,22.1572,9.028500000000001,2008.0,273.0,8.5211,23.684399999999997,0.0,44.1952,17.903200000000002,4.5644,11.9348,1.9274999999999998,2008.0,273.0,14.967826666666667,28.74879333333333,5.1388066666666665,59.22977999999999,23.596553333333333,11.277986666666667,17.056706666666663,5.42608,2008.0,3954.23,2179.09,931.16,2169.43,486.81,1459.24,0.12
11,289.0,15.764399999999998,33.48,21.0426,93.4658,24.2254,16.0117,18.759,8.0276,2008.0,289.0,2.589,22.6301,0.0,29.551000000000002,7.0731,-0.3195,4.1347,1.8813,2008.0,289.0,10.304293333333332,27.07046666666666,5.329833333333333,61.55624,16.573586666666664,5.514913333333333,10.32112,5.219566666666666,2008.0,3624.95,1837.13,864.06,1881.18,445.02,1357.45,0.03
12,305.0,12.6663,31.6922,17.5941,87.916,21.9104,13.981000000000002,16.3173,11.2345,2008.0,305.0,3.3044000000000002,20.451,0.0,40.1805,0.8259000000000001,-2.8630999999999998,-1.0052999999999999,2.4119,2008.0,305.0,9.937646666666668,25.18492666666667,1.5796266666666667,65.86454666666668,14.393493333333332,3.6530866666666664,8.291799999999999,5.780906666666667,2008.0,3300.81,1608.75,863.33,1744.13,450.9,1483.91,0.02
