,DOY,INSgdmax,RADmax,RAINmax,RHmax,TMAXmax,TMINmax,Tmax,WINDmax,YEAR,DOY,INSgdmin,RADmin,RAINmin,RHmin,TMAXmin,TMINmin,Tmin,WINDmin,YEAR,DOY,INSgdmean,RADmean,RAINmean,RHmean,TMAXmean,TMINmean,Tmean,WINDmean,YEAR,NDVI,EVI,RED,NIR,BLUE,MIR,pixrel
0,113.0,26.4276,32.456799999999994,26.386599999999998,94.7102,22.6666,12.054400000000001,16.2904,10.577799999999998,2008.0,113.0,5.15,20.967399999999998,0.0,42.27419999999999,7.557799999999999,-3.1478,2.0204,1.5138000000000003,2008.0,113.0,17.04336,26.27708,5.064586666666667,68.80249333333333,16.75436,2.918986666666667,9.71092,6.312226666666666,2008.0,4184.9,1916.49,743.45,1758.19,416.19,1312.22,0.12
1,129.0,28.426800000000004,30.3458,13.787599999999998,93.12540000000001,25.6458,11.6532,18.350999999999996,9.0744,2008.0,129.0,8.6654,22.775000000000002,0.0,42.2578,14.0944,1.993,7.7346,1.7988000000000002,2008.0,129.0,20.552533333333336,26.666120000000003,2.6716799999999994,61.57245333333333,19.470013333333338,6.830493333333333,12.885359999999999,5.09312,2008.0,4589.3,2235.07,672.56,1879.55,345.33,1290.54,0.01
2,145.0,29.208399999999997,33.3958,19.4296,90.1378,25.136400000000005,16.9804,20.1796,7.550799999999999,2008.0,145.0,7.843400000000001,23.020799999999998,0.0,37.8812,14.605,4.591799999999999,10.059399999999998,2.4866,2008.0,145.0,21.586066666666667,28.185879999999994,4.557760000000001,61.26504,20.807053333333332,9.11684,14.746773333333334,5.275719999999999,2008.0,5622.92,2775.51,543.86,2015.43,291.76,996.31,0.02
3,161.0,29.081,35.3044,39.672200000000004,91.7114,27.275199999999998,20.2924,23.0014,9.9724,2008.0,161.0,7.702,25.933600000000006,0.0,55.833,18.8052,11.55,16.1042,2.4133999999999998,2008.0,161.0,19.30506666666667,31.67052,10.271400000000002,72.85334666666667,24.69753333333333,15.277133333333333,20.0764,5.337346666666666,2008.0,7945.82,4990.78,319.69,3083.43,186.16,605.85,0.08
4,177.0,29.2658,33.008199999999995,30.436,90.1046,29.979,18.841,24.017200000000003,7.271200000000001,2008.0,177.0,9.8834,26.920599999999997,0.0,45.915,21.294,12.695199999999998,17.1118,1.4188,2008.0,177.0,24.84127142857143,30.09904,3.9060799999999998,63.222826666666656,26.317346666666666,15.351746666666667,20.864173333333333,4.043013333333334,2008.0,8066.12,5278.54,310.85,3242.58,189.27,569.42,0.23
5,193.0,28.574,35.9642,20.7704,95.22040000000001,31.358800000000002,21.4588,24.848999999999997,6.5342,2008.0,193.0,5.9712,27.675800000000002,0.0,46.8086,23.693,13.9456,19.735,1.727,2008.0,193.0,23.23453333333333,32.10382666666667,3.4748799999999997,71.45557333333333,27.254799999999996,17.56384,22.52081333333333,3.97956,2008.0,8327.19,5766.93,291.87,3576.54,171.55,583.2,0.66
6,209.0,27.030999999999995,36.0742,24.7284,86.70139999999999,30.547400000000003,21.957799999999995,25.0934,5.6904,2008.0,209.0,11.4182,29.8142,0.0,47.432399999999994,24.927,15.4764,21.083399999999997,2.3322,2008.0,209.0,22.926306666666665,32.333999999999996,5.09848,67.08714666666665,28.60404,18.457093333333333,23.34614666666667,3.36368,2008.0,8223.03,5178.82,262.72,3097.03,158.81,510.25,0.02
7,225.0,24.6966,33.4724,8.0168,71.50599999999999,31.5622,18.7468,24.667799999999996,3.9951999999999996,2008.0,225.0,11.147,28.5076,0.0,43.6748,21.6772,13.744599999999998,18.488,1.2828000000000002,2008.0,225.0,22.041466666666672,30.637533333333337,1.2850533333333332,53.79514666666667,28.220639999999996,16.11398666666667,22.04712,2.8564933333333338,2008.0,8024.86,4934.11,292.12,2983.94,172.55,572.99,0.01
8,241.0,23.9908,36.047000000000004,16.3534,76.6382,33.019,18.8268,25.889599999999998,6.6824,2008.0,241.0,8.8364,26.5742,0.0,39.6136,20.038999999999998,10.255600000000001,15.103599999999998,2.5511999999999997,2008.0,241.0,19.165573333333334,30.530813333333327,4.150746666666667,55.96332,27.82492,14.6562,21.182426666666665,4.72412,2008.0,7725.72,4810.51,346.85,2981.4,209.09,581.27,0.94
9,257.0,20.549200000000003,34.2268,18.665599999999998,96.7816,28.88,14.9992,20.6336,6.4,2008.0,257.0,6.7982000000000005,24.899199999999997,0.0,47.748799999999996,15.8346,5.9064,12.260600000000002,2.017,2008.0,257.0,14.3928,29.60148000000001,3.8474,64.07073333333332,23.338973333333335,10.826626666666666,16.942453333333333,4.113359999999999,2008.0,7454.16,4044.75,315.85,2448.65,180.48,503.52,0.05
10,273.0,18.4042,33.895,14.1074,82.6358,28.8512,16.577,21.7584,7.3592,2008.0,273.0,8.083,23.913199999999996,0.0,36.4992,16.133,2.8583999999999996,9.7922,3.1750000000000003,2008.0,273.0,14.31648,28.676893333333325,2.0896266666666667,59.24656,22.447133333333337,9.866879999999997,15.651586666666667,4.866653333333333,2008.0,6589.32,3180.64,402.59,2082.41,193.48,587.25,0.01
11,289.0,15.6158,31.9216,11.0846,84.5796,25.944599999999998,15.634599999999999,19.809600000000003,8.4838,2008.0,289.0,3.4026000000000005,22.0766,0.0,30.1886,8.651,-0.7222000000000001,5.2296,1.2702,2008.0,289.0,10.598239999999999,26.61176,2.5285599999999997,62.838159999999995,16.786213333333333,4.976426666666667,10.517746666666667,4.9738,2008.0,4869.52,1873.9,476.56,1416.77,245.52,854.19,0.01
12,305.0,12.1826,31.447400000000002,4.6906,83.6782,22.6914,12.6938,16.4348,11.144400000000001,2008.0,305.0,5.2168,20.4542,0.0,42.016400000000004,3.5596,-3.6199999999999997,1.0758,1.7246,2008.0,305.0,9.177066666666668,25.980786666666667,0.9964399999999998,63.715333333333334,14.954040000000003,4.221573333333333,8.900120000000001,5.976053333333333,2008.0,4669.39,1808.88,506.19,1407.83,286.26,859.98,0.4
