,DOY,INSgdmax,RADmax,RAINmax,RHmax,TMAXmax,TMINmax,Tmax,WINDmax,YEAR,DOY,INSgdmin,RADmin,RAINmin,RHmin,TMAXmin,TMINmin,Tmin,WINDmin,YEAR,DOY,INSgdmean,RADmean,RAINmean,RHmean,TMAXmean,TMINmean,Tmean,WINDmean,YEAR,NDVI,EVI,RED,NIR,BLUE,MIR,pixrel
0,113.0,26.1,33.23,19.49,89.04,23.69,14.73,18.05,9.94,2008.0,113.0,5.58,22.28,0.0,47.58,10.53,-1.36,4.83,3.73,2008.0,113.0,18.366666666666667,27.016666666666666,5.031999999999999,69.17733333333332,17.541333333333334,4.475333333333334,10.889333333333333,6.165333333333334,2008.0,4598.41,2893.02,986.99,2688.22,516.41,2037.99,0.18
1,129.0,28.69,30.49,36.8,81.97,25.76,13.01,18.68,8.84,2008.0,129.0,8.14,22.79,0.0,41.59,16.01,1.9,8.94,1.42,2008.0,129.0,21.664666666666662,27.058666666666667,4.841333333333334,59.99999999999999,20.49333333333333,7.89,14.035333333333334,5.302666666666666,2008.0,5152.53,3460.09,959.65,3028.21,504.25,2104.68,0.04
2,145.0,28.48,34.81,26.4,90.3,27.14,19.98,22.51,7.88,2008.0,145.0,7.31,25.88,0.0,39.1,15.46,7.46,13.36,2.65,2008.0,145.0,20.791333333333338,30.412,5.354,64.76,23.13799999999999,12.075333333333335,17.422666666666668,5.470666666666667,2008.0,5932.75,4259.59,851.37,3412.46,470.51,1632.98,0.79
3,161.0,29.52,36.29,36.26,90.81,28.61,21.53,24.24,8.97,2008.0,161.0,8.39,26.5,0.0,51.57,23.79,12.23,18.15,3.28,2008.0,161.0,22.54733333333333,32.13,11.274000000000001,74.57999999999998,26.495333333333335,16.454,21.61200000000001,5.336666666666668,2008.0,6036.66,3919.14,736.1,3005.51,390.67,1705.19,0.0
4,177.0,29.38,35.5,38.81,90.62,28.63,21.09,23.73,7.32,2008.0,177.0,5.94,28.04,0.0,55.06,23.27,14.3,19.58,1.43,2008.0,177.0,23.005,31.5,5.906666666666666,70.51933333333334,26.582666666666665,17.325333333333333,21.90333333333333,3.458666666666667,2008.0,6155.63,4349.88,809.43,3412.44,436.8,1763.24,0.38
5,193.0,29.27,36.25,24.55,87.36,31.82,21.67,26.99,6.45,2008.0,193.0,11.09,27.4,0.0,45.95,24.5,14.41,20.8,1.49,2008.0,193.0,22.42,33.31866666666666,6.030666666666667,68.21866666666668,28.795999999999996,18.650666666666666,23.84466666666667,4.052666666666666,2008.0,7487.16,5145.96,486.59,3441.49,271.92,1116.21,0.14
6,209.0,27.43,36.43,32.08,86.17,38.4,23.25,30.24,5.66,2008.0,209.0,10.19,31.68,0.0,55.22,26.49,17.36,22.15,1.77,2008.0,209.0,21.02266666666667,34.43533333333333,7.331333333333333,70.56533333333333,30.820666666666668,20.426666666666666,25.359333333333336,3.7586666666666675,2008.0,7770.59,5638.76,464.56,3769.18,258.09,1053.53,0.1
7,225.0,25.7,34.85,7.45,66.34,33.43,21.64,26.13,4.97,2008.0,225.0,9.9,28.84,0.0,39.63,27.95,15.44,22.56,1.4,2008.0,225.0,21.137999999999998,31.958666666666662,0.8133333333333332,50.45399999999999,31.13733333333333,17.79733333333333,24.270666666666667,2.8473333333333333,2008.0,7572.76,5039.94,452.19,3307.28,249.95,1010.82,0.0
8,241.0,23.72,35.21,13.81,74.25,35.08,20.13,26.72,6.71,2008.0,241.0,8.14,28.55,0.0,34.75,22.77,12.54,17.65,2.58,2008.0,241.0,18.89466666666667,32.11666666666667,4.16,52.90466666666668,29.54733333333333,15.981333333333332,22.70733333333333,4.7,2008.0,7642.91,5052.5,430.63,3283.05,239.0,898.09,0.0
9,257.0,21.17,35.93,31.02,96.31,29.16,18.63,21.18,7.2,2008.0,257.0,4.54,24.88,0.0,50.94,14.75,6.04,11.85,1.77,2008.0,257.0,14.818666666666667,30.028666666666663,5.842666666666668,69.92933333333333,23.227333333333334,11.723999999999998,17.426000000000002,3.8840000000000003,2008.0,6698.94,4100.88,543.77,2818.51,301.14,1029.32,0.0
10,273.0,18.29,33.12,23.6,78.11,28.75,16.73,21.37,7.3,2008.0,273.0,9.68,24.34,0.0,46.14,18.65,5.0,12.95,2.16,2008.0,273.0,15.600000000000001,29.13066666666667,4.517333333333334,61.45266666666667,24.977333333333334,12.168000000000001,18.058,4.740666666666667,2008.0,6102.06,3569.27,619.03,2603.12,326.63,1154.85,0.0
11,289.0,16.38,32.83,44.13,90.41,26.11,16.8,20.34,9.44,2008.0,289.0,3.38,23.11,0.0,34.64,9.89,0.55,6.73,1.94,2008.0,289.0,10.973999999999997,27.470666666666666,6.176666666666666,63.71466666666666,18.301333333333332,6.800666666666668,11.897999999999998,5.254,2008.0,4731.5,2636.75,800.48,2283.99,404.41,1540.53,0.0
12,305.0,13.46,31.32,27.83,85.6,22.5,13.13,16.2,9.87,2008.0,305.0,4.64,20.45,0.0,45.1,3.4,-2.74,0.47,2.34,2008.0,305.0,10.501333333333331,25.572666666666674,2.622,68.56733333333334,15.713333333333335,4.613333333333332,9.404666666666664,5.797999999999999,2008.0,4271.37,2544.11,962.55,2417.69,507.62,1722.07,0.5
