,DOY,INSgdmax,RADmax,RAINmax,RHmax,TMAXmax,TMINmax,Tmax,WINDmax,YEAR,DOY,INSgdmin,RADmin,RAINmin,RHmin,TMAXmin,TMINmin,Tmin,WINDmin,YEAR,DOY,INSgdmean,RADmean,RAINmean,RHmean,TMAXmean,TMINmean,Tmean,WINDmean,YEAR,NDVI,EVI,RED,NIR,BLUE,MIR,pixrel
0,113.0,26.398600000000002,33.413799999999995,27.075899999999997,90.8727,23.6807,14.5517,17.6551,9.4235,2008.0,113.0,4.9345,22.3277,0.0,46.317099999999996,9.1656,-1.9543,3.8781999999999996,1.734,2008.0,113.0,17.568646666666666,27.16730666666667,5.523046666666667,69.82567333333333,18.16394,4.7236400000000005,11.394173333333335,5.793093333333334,2008.0,1943.37,676.63,2638.62,2911.78,2404.7,577.8,1.06
1,129.0,28.2491,31.5695,41.99,85.1736,25.9091,12.709299999999999,18.9098,8.8897,2008.0,129.0,7.905100000000001,22.9562,0.0,46.292,15.7901,3.7232,9.4903,2.0408,2008.0,129.0,21.062020000000004,27.252619999999997,4.12096,62.00851999999999,20.284920000000003,8.097733333333332,14.010153333333337,5.26426,2008.0,1364.92,-22.0,-55.25,597.5,-228.33,161.3,107.13
2,145.0,29.1937,34.4426,22.3415,92.3105,26.609499999999997,18.9894,21.747799999999998,7.4469,2008.0,145.0,5.3769,23.913500000000003,0.0,41.3049,16.043100000000003,6.2601,12.809500000000002,2.8129999999999997,2008.0,145.0,19.95732,29.673646666666663,6.23912,63.11314666666666,22.329833333333333,11.102746666666667,16.527966666666668,5.29358,2008.0,1991.41,801.37,241.23,965.63,85.17,356.98,48.68
3,161.0,29.647100000000002,36.2116,38.4161,91.4258,28.4202,21.5383,24.2794,9.3437,2008.0,161.0,9.0216,26.2302,0.0,55.8796,22.8656,13.0779,18.283099999999997,2.6980000000000004,2008.0,161.0,19.86162666666667,32.50041333333334,11.191106666666666,74.78456,26.182386666666666,16.917133333333332,21.614113333333332,5.384506666666668,2008.0,2987.48,1260.03,-123.74,1107.04,-206.35,-28.46,89.31
4,177.0,28.9417,35.711,36.646699999999996,89.6,28.805799999999998,21.1919,24.0696,7.6827000000000005,2008.0,177.0,4.9403,27.7744,0.0,51.1603,23.446599999999997,14.079600000000001,19.296,1.9127999999999998,2008.0,177.0,23.70792142857143,31.245146666666667,6.162673333333332,68.54957333333333,26.785239999999998,16.90624,21.775193333333334,3.75268,2008.0,3421.71,1844.8,-26.62,1427.0,-107.28,59.1,71.56
5,193.0,29.086,36.596199999999996,25.667,88.80369999999999,31.338200000000004,22.2246,26.3046,6.3232,2008.0,193.0,13.4871,27.5251,0.0,49.678000000000004,23.897800000000004,13.845599999999997,20.215500000000002,1.8213000000000001,2008.0,193.0,22.97431333333333,32.88578,6.116033333333332,70.94756000000001,28.242620000000002,18.27278666666667,23.412153333333332,3.9426000000000005,2008.0,3280.13,1648.72,-173.31,1342.14,-240.39,-97.88,97.22
6,209.0,27.3041,36.5275,23.296,88.2961,34.2126,22.4253,27.530700000000003,5.3141,2008.0,209.0,9.8117,30.5595,0.0,51.1666,24.958399999999997,16.954,21.0853,1.9353000000000002,2008.0,209.0,22.080193333333334,33.82534,6.004100000000001,71.16571333333334,29.53862666666667,19.7669,24.498226666666667,3.34954,2008.0,3204.87,1348.39,-231.98,1119.12,-294.91,-146.3,102.03
7,225.0,25.4525,34.3507,11.2763,71.40899999999999,32.4032,21.1202,25.8484,4.1767,2008.0,225.0,10.212200000000001,28.057299999999998,0.0,39.742599999999996,23.499,14.6601,19.5909,1.3387000000000002,2008.0,225.0,21.285513333333334,31.19946666666667,1.3132133333333333,51.92013333333333,29.853,17.088446666666663,23.30121333333333,2.692366666666667,2008.0,3271.01,1417.17,-193.06,1158.02,-258.34,-112.38,96.95
8,241.0,23.899,35.5175,26.227800000000002,84.0659,34.0573,19.7613,26.4104,6.017,2008.0,241.0,6.6478,27.883899999999997,0.0,37.9821,18.718600000000002,11.5883,15.1206,2.6927999999999996,2008.0,241.0,18.26053333333333,31.718413333333334,6.2742666666666675,57.14662,28.86754666666667,15.745233333333331,22.180613333333334,4.445526666666667,2008.0,2917.91,1057.65,-209.58,976.41,-284.83,-156.13,102.08
9,257.0,21.326,35.7587,27.123700000000003,95.7055,29.710100000000004,17.970599999999997,21.299699999999998,6.698900000000001,2008.0,257.0,5.0764,24.9937,0.0,51.129400000000004,15.0826,6.3689,12.1469,1.8737,2008.0,257.0,14.799588571428572,30.18228666666667,5.821266666666667,68.10810666666667,23.799406666666666,11.823913333333333,17.674446666666665,3.76518,2008.0,2680.25,799.97,-127.42,815.08,-217.61,-114.3,89.32
10,273.0,18.0869,32.861999999999995,20.9591,78.0828,28.9616,17.0335,21.624200000000002,6.4705,2008.0,273.0,8.4864,24.1615,0.0,45.220499999999994,17.6296,4.0673,11.869299999999999,2.7345,2008.0,273.0,15.194073333333332,28.878993333333334,3.860106666666667,61.14522,24.051753333333334,11.00742,17.096906666666666,4.382693333333333,2008.0,3558.66,1368.03,145.45,1094.13,14.41,65.59,40.88
11,289.0,16.196399999999997,32.498,26.298199999999998,84.4127,26.132800000000003,16.301700000000004,20.1765,9.337299999999999,2008.0,289.0,3.7748,22.1162,0.0,33.4842,10.308,0.4746,5.8455,2.048,2008.0,289.0,11.192580000000001,27.04126,3.954426666666666,64.11424,17.90372,5.966253333333334,11.534699999999999,4.844240000000001,2008.0,1440.21,-122.39,-76.21,448.57,-218.21,19.27,99.52
12,305.0,13.0988,31.0426,14.472100000000001,87.9095,22.8384,12.174499999999998,16.141199999999998,10.3932,2008.0,305.0,4.510200000000001,20.369500000000002,0.0,44.4008,3.4530000000000003,-3.3182,1.4548999999999999,2.1746,2008.0,305.0,9.984793333333332,25.712506666666663,1.744933333333333,67.42043333333334,15.739333333333335,4.800313333333333,9.652986666666665,5.75758,2008.0,1911.73,220.93,355.88,781.83,244.37,303.98,56.8
