,DOY,INSgdmax,RADmax,RAINmax,RHmax,TMAXmax,TMINmax,Tmax,WINDmax,YEAR,DOY,INSgdmin,RADmin,RAINmin,RHmin,TMAXmin,TMINmin,Tmin,WINDmin,YEAR,DOY,INSgdmean,RADmean,RAINmean,RHmean,TMAXmean,TMINmean,Tmean,WINDmean,YEAR,NDVI,EVI,RED,NIR,BLUE,MIR,pixrel
0,113.0,26.4589,32.9332,59.8823,89.47670000000001,23.934200000000004,15.1621,18.039299999999997,9.2589,2008.0,113.0,6.7909999999999995,21.7368,0.0,47.8924,8.2467,-0.7761,4.9093,1.2228999999999999,2008.0,113.0,17.867853333333333,27.798106666666666,7.9150399999999985,71.44509333333332,19.221159999999998,6.585646666666666,12.887966666666667,5.305846666666667,2008.0,4283.18,1726.05,596.86,1461.94,382.94,873.85,0.21
1,129.0,28.189600000000002,31.752200000000002,20.3911,82.0148,26.262100000000004,13.967799999999999,18.9415,9.332699999999999,2008.0,129.0,9.1908,23.0396,0.0,52.0184,15.988199999999999,4.287299999999999,10.2581,2.9628,2008.0,129.0,20.866566666666664,27.491873333333334,3.812766666666666,65.12606666666667,20.268293333333332,8.610406666666668,14.233520000000002,5.333586666666666,2008.0,4664.48,2017.23,498.68,1579.7,264.08,918.42,5.16
2,145.0,29.1571,34.085300000000004,20.5835,91.61240000000001,26.755900000000004,19.647699999999997,21.8419,6.896800000000001,2008.0,145.0,9.7571,23.332899999999995,0.0,48.922799999999995,17.6373,5.8462000000000005,13.1871,2.9083000000000006,2008.0,145.0,20.07252666666667,29.446560000000005,7.674366666666666,65.34682666666667,22.052786666666663,11.160159999999998,16.591586666666668,5.0048,2008.0,4942.3,2130.77,452.7,1539.11,260.88,832.78,0.05
3,161.0,29.296400000000002,36.5432,43.72109999999999,91.8825,29.1219,22.830799999999996,25.533500000000004,9.261000000000001,2008.0,161.0,7.300599999999999,26.935000000000002,0.0,54.902100000000004,23.248199999999997,14.0129,19.010000000000005,2.3836000000000004,2008.0,161.0,18.4103,33.13624666666667,11.250873333333333,77.14729333333332,26.882973333333336,18.066386666666666,22.521033333333328,5.267,2008.0,6904.77,3883.29,341.76,2434.53,225.89,610.97,0.12
4,177.0,28.758600000000005,37.11279999999999,38.02130000000001,89.5546,28.178800000000006,22.1899,24.472499999999997,7.288200000000001,2008.0,177.0,4.8757,28.6603,0.0,55.10660000000001,24.153200000000002,14.566600000000001,19.8584,1.5704,2008.0,177.0,23.75239285714285,31.79614666666667,7.9833733333333345,69.93236,26.752966666666666,17.31292666666667,22.015766666666668,3.7117599999999995,2008.0,7031.13,4097.06,305.68,2498.17,208.77,501.87,0.25
5,193.0,29.223499999999998,37.2996,37.558600000000006,90.77959999999999,30.5967,22.6428,26.5574,5.737,2008.0,193.0,11.2556,27.9657,0.0,56.9478,23.9624,12.953700000000003,19.6579,2.0216999999999996,2008.0,193.0,22.725173333333334,32.78202666666667,7.781773333333334,73.28208000000001,27.928113333333336,18.274113333333336,23.318580000000008,3.87164,2008.0,7488.58,4114.75,256.33,2437.12,175.97,454.45,0.38
6,209.0,27.186500000000002,36.7204,31.8385,90.29819999999998,31.0146,22.949099999999998,26.352800000000002,4.728700000000001,2008.0,209.0,8.090300000000001,30.3363,0.0,58.281000000000006,24.207800000000002,16.9961,20.9451,1.8895999999999997,2008.0,209.0,22.315533333333335,33.83756,5.629693333333334,75.38590666666666,28.697419999999997,20.108486666666668,24.239793333333335,3.02666,2008.0,7293.83,4102.33,240.44,2441.12,152.39,432.87,0.0
7,225.0,25.242799999999995,34.455799999999996,19.9215,73.12270000000001,31.590599999999995,22.851300000000002,26.4815,4.0123999999999995,2008.0,225.0,12.206,28.762600000000003,0.0,43.5973,26.0187,14.1683,21.189999999999998,1.5794000000000004,2008.0,225.0,21.779246666666666,31.444986666666665,3.761073333333333,53.7594,29.562420000000003,17.060586666666666,23.183,2.605066666666667,2008.0,7219.92,3877.93,260.67,2297.09,173.13,460.29,0.0
8,241.0,23.6529,35.5028,43.295500000000004,92.0235,34.155100000000004,21.5613,26.8088,5.664600000000001,2008.0,241.0,4.5682,28.218199999999996,0.0,44.106700000000004,17.6329,12.4355,15.046499999999998,1.2481,2008.0,241.0,17.29478,32.21892666666666,8.19072,63.890073333333326,28.205173333333327,16.541113333333332,22.23253333333333,3.877406666666667,2008.0,7067.5,3470.84,235.42,2030.69,145.36,388.61,0.02
9,257.0,21.409600000000005,36.2965,44.2998,96.3677,27.278000000000002,18.9191,21.9446,6.0076,2008.0,257.0,5.1826,24.706399999999995,0.0,59.935599999999994,16.7755,6.622199999999999,13.0009,1.4384,2008.0,257.0,14.800593333333335,30.39918,9.567260000000001,73.93057999999998,23.50155333333334,12.427653333333334,17.777219999999996,3.404206666666667,2008.0,6788.98,3314.95,290.18,1994.8,189.8,419.19,0.08
10,273.0,17.9608,31.895599999999998,33.231199999999994,84.4262,28.088800000000003,17.159,21.196599999999997,5.547899999999999,2008.0,273.0,10.095099999999999,23.8703,0.0,57.1138,16.505300000000002,3.6693,11.055200000000001,1.8543,2008.0,273.0,15.341033333333334,28.62653333333333,4.013633333333334,67.72117333333334,23.040186666666663,10.671973333333332,16.625146666666666,3.5506933333333337,2008.0,6365.66,2689.74,330.11,1689.84,206.04,429.26,0.08
11,289.0,16.4178,33.6636,17.563899999999997,79.0709,26.4966,16.2007,20.509700000000002,8.285799999999998,2008.0,289.0,3.0258000000000003,21.38,0.0,41.5679,11.979099999999999,0.6798000000000001,6.6612,1.5172999999999999,2008.0,289.0,11.84816,26.97292666666667,2.0349266666666668,66.5851,18.16583333333333,6.744266666666667,12.058413333333332,4.298966666666667,2008.0,5221.86,1830.71,350.81,1256.51,206.79,530.03,2.82
12,305.0,13.3196,29.928600000000003,11.9491,91.1047,22.6874,11.439499999999999,15.9414,9.7983,2008.0,305.0,4.3904,20.23,0.0,48.599000000000004,4.564699999999999,-3.6971000000000003,2.5595999999999997,2.0534,2008.0,305.0,10.196613333333332,25.577500000000004,1.1796666666666664,69.93352666666667,15.63993333333333,5.2326533333333325,10.027919999999996,5.543933333333333,2008.0,5428.4,1823.14,510.28,1393.51,374.99,621.15,0.15
