,DOY,INSgdmax,RADmax,RAINmax,RHmax,TMAXmax,TMINmax,Tmax,WINDmax,YEAR,DOY,INSgdmin,RADmin,RAINmin,RHmin,TMAXmin,TMINmin,Tmin,WINDmin,YEAR,DOY,INSgdmean,RADmean,RAINmean,RHmean,TMAXmean,TMINmean,Tmean,WINDmean,YEAR,NDVI,EVI,RED,NIR,BLUE,MIR,pixrel
0,113.00000000000001,26.352600000000002,32.9944,29.349700000000002,91.12979999999999,23.5483,14.2149,17.3068,9.2187,2007.9999999999998,113.00000000000001,5.7105,22.0179,0.0,46.166000000000004,8.331199999999999,-1.6726,3.7531000000000008,1.3487999999999998,2007.9999999999998,113.00000000000001,17.753733333333333,27.11852666666667,5.228533333333333,70.53742666666666,18.26036666666667,5.192126666666667,11.702233333333334,5.662733333333332,2007.9999999999998,4940.47,2233.4,613.03,1784.85,309.18,1161.14,0.0
1,129.0,28.186500000000002,31.868399999999998,31.852399999999996,86.86609999999999,25.920599999999997,12.5581,18.8156,8.7914,2007.9999999999998,129.0,8.2205,22.991699999999998,0.0,49.620999999999995,15.4251,3.6363000000000003,9.546600000000002,2.0822,2007.9999999999998,129.0,20.825480000000002,27.259293333333332,3.5977733333333335,63.942933333333315,20.008919999999996,7.964113333333332,13.808613333333337,5.194866666666666,2007.9999999999998,5220.98,2638.62,659.49,2091.37,332.9,1257.1,0.01
2,145.0,29.2337,34.1414,26.164,92.11619999999999,25.835099999999997,18.3086,21.156,7.023999999999999,2007.9999999999998,145.0,5.3614999999999995,23.4965,0.0,43.9388,15.548,5.4234,12.395299999999999,2.6242,2007.9999999999998,145.0,20.364873333333335,29.17826,6.645459999999999,64.16149333333334,21.561093333333332,10.58892,15.991846666666667,5.147266666666667,2007.9999999999998,5853.97,2881.77,539.32,2065.24,282.58,1013.35,0.11
3,161.0,29.463299999999997,36.3474,40.7818,91.05290000000001,28.4676,22.1666,24.604100000000003,9.448400000000001,2007.9999999999998,161.0,7.2927,26.352999999999998,0.0,58.408899999999996,22.420099999999998,12.999400000000001,18.115099999999998,2.4927,2007.9999999999998,161.0,18.630493333333334,32.68028666666667,11.106073333333335,75.66326666666669,26.071426666666664,17.01271333333333,21.58975333333333,5.417246666666668,2007.9999999999998,7948.07,4388.41,292.56,2608.62,164.54,554.93,0.02
4,177.0,28.7348,35.5655,42.822900000000004,89.1563,28.9321,21.267000000000003,24.231900000000003,7.5537,2007.9999999999998,177.0,5.123600000000001,27.811700000000002,0.0,51.4122,23.574399999999997,13.841,19.1885,1.7636,2007.9999999999998,177.0,23.96416428571429,31.128886666666666,6.325946666666667,68.62442,26.518946666666665,16.667466666666666,21.547573333333332,3.750979999999999,2007.9999999999998,8211.88,5461.18,324.32,3391.73,182.9,617.44,0.16
5,193.0,29.17,36.750600000000006,29.7102,90.31960000000001,30.397299999999998,22.325799999999997,25.961899999999996,6.182899999999999,2007.9999999999998,193.0,14.520699999999998,27.6276,0.0,52.76219999999999,23.734999999999996,13.3494,19.8183,1.8293,2007.9999999999998,193.0,23.330906666666667,32.681219999999996,6.4684133333333325,72.85209333333333,27.800733333333337,18.072299999999995,23.111846666666665,3.895573333333334,2007.9999999999998,8405.4,5424.31,279.89,3275.75,161.39,556.65,0.42
6,209.0,27.1356,36.3255,15.2396,89.2664,31.6481,22.2378,26.250999999999998,5.170400000000001,2007.9999999999998,209.0,11.5149,30.0591,0.0,53.287800000000004,24.6358,16.570899999999998,20.887700000000002,1.9734,2007.9999999999998,209.0,22.533679999999997,33.42936666666667,4.374286666666667,72.00914,28.94330666666667,19.53342,24.076086666666672,3.221906666666667,2007.9999999999998,8432.83,5517.4,282.55,3349.63,157.98,590.88,0.12
7,225.0,25.221499999999995,34.0202,14.1127,70.0358,32.0688,21.1549,25.4544,4.1513,2007.9999999999998,225.0,10.5044,27.8061,0.0,40.524899999999995,24.617600000000007,14.1084,20.203400000000002,1.4893,2007.9999999999998,225.0,21.668373333333335,30.99950666666667,1.76198,52.85802666666667,29.30988,16.84027333333333,22.900606666666665,2.711226666666667,2007.9999999999998,8318.2,5209.79,284.28,3137.64,159.14,586.72,0.0
8,241.0,23.913899999999998,35.716,31.601999999999997,87.37729999999999,33.919,19.975099999999998,26.3836,5.763599999999999,2007.9999999999998,241.0,5.764899999999999,27.5916,0.0,41.0642,16.9166,11.311100000000001,14.162500000000001,2.2651000000000003,2007.9999999999998,241.0,18.15071333333333,31.73768666666666,6.519306666666666,59.49837999999999,28.417273333333334,15.76912,21.97444,4.274406666666667,2007.9999999999998,8168.68,4981.24,306.65,3038.71,169.2,563.29,0.5
9,257.0,21.4671,35.9203,29.1255,95.84179999999999,29.053,18.093600000000002,20.951800000000002,6.443200000000001,2007.9999999999998,257.0,5.2128,24.4371,0.0,53.963100000000004,15.3347,6.3696,12.1337,1.7367,2007.9999999999998,257.0,14.557099999999998,30.18692,6.561280000000001,69.4032,23.651786666666666,11.799033333333332,17.54046,3.6983666666666664,2007.9999999999998,7667.18,4359.49,354.05,2685.75,198.65,573.14,0.01
10,273.0,18.0249,32.2706,23.5011,79.08160000000001,28.5986,17.265900000000002,21.4953,6.106,2007.9999999999998,273.0,9.198899999999998,24.0364,0.0,47.4916,16.7938,3.453,11.101199999999999,2.716,2007.9999999999998,273.0,15.160386666666664,28.622839999999997,3.429513333333333,62.49783333333333,23.46801333333333,10.555433333333335,16.599273333333333,4.160833333333334,2007.9999999999998,7123.63,3455.42,363.73,2160.15,186.21,604.58,0.0
11,289.0,16.1383,32.6949,21.0861,81.96619999999999,26.177999999999997,16.0767,20.2454,8.8723,2007.9999999999998,289.0,3.6811999999999996,21.656499999999998,0.0,34.1806,10.453399999999998,0.3276,5.9779,1.6841000000000002,2007.9999999999998,289.0,11.459946666666667,26.91878666666667,2.7165,64.98031333333331,17.808633333333333,5.928720000000001,11.495213333333332,4.664146666666667,2007.9999999999998,5681.55,2217.2,423.32,1530.53,217.25,751.75,0.0
12,305.0,12.865400000000001,30.997700000000002,10.4771,90.5995,22.773300000000003,11.5822,15.8839,10.3554,2007.9999999999998,305.0,4.6126000000000005,20.343,0.0,45.788599999999995,3.7822,-3.6647000000000003,1.8853000000000002,2.2695,2007.9999999999998,305.0,9.787006666666667,25.84345333333333,1.1790666666666665,68.01423333333334,15.39922,4.821346666666667,9.603253333333333,5.735453333333332,2007.9999999999998,5631.57,2124.03,419.65,1478.93,209.02,747.74,0.21
