,DOY,INSgdmax,RADmax,RAINmax,RHmax,TMAXmax,TMINmax,Tmax,WINDmax,YEAR,DOY,INSgdmin,RADmin,RAINmin,RHmin,TMAXmin,TMINmin,Tmin,WINDmin,YEAR,DOY,INSgdmean,RADmean,RAINmean,RHmean,TMAXmean,TMINmean,Tmean,WINDmean,YEAR,NDVI,EVI,RED,NIR,BLUE,MIR,pixrel
0,112.99999999999999,25.357499999999998,33.6109,28.297899999999995,93.0383,26.2478,15.2023,20.2008,8.1406,2009.0,112.99999999999999,6.8652999999999995,22.331699999999998,0.0,47.45400000000001,14.3841,1.7877,9.0825,2.168,2009.0,112.99999999999999,15.713466666666665,28.314546666666665,5.144893333333333,73.07619333333332,20.012700000000002,8.359106666666666,14.127193333333333,5.22328,2009.0,5031.28,3084.9,903.01,2689.01,473.79,1682.06,0.28
1,129.0,29.2783,33.3167,36.2243,92.6308,24.9573,14.508999999999999,19.115899999999996,7.571000000000001,2009.0,129.0,1.5327000000000002,22.544199999999996,0.0,39.265600000000006,17.7093,4.8568,11.564,1.3096999999999999,2009.0,129.0,20.55012,28.320386666666664,7.479279999999999,63.090513333333334,21.54123333333333,10.053326666666665,15.633939999999996,4.162946666666667,2009.0,6537.11,4567.69,711.57,3416.26,384.53,1381.64,0.09
2,145.0,28.826800000000002,34.0775,19.057000000000002,94.65559999999999,27.803400000000003,19.0332,22.783900000000003,7.6416,2009.0,145.0,7.6402,26.5502,0.0,55.6554,18.477999999999998,8.2554,15.3063,1.7355,2009.0,145.0,21.666586666666667,30.542693333333332,3.0309800000000005,70.89395333333333,24.83333333333334,13.996313333333333,19.30049333333333,4.608233333333334,2009.0,7245.79,4832.65,511.39,3265.95,277.37,1090.12,0.0
3,161.0,27.425599999999996,34.4276,39.3155,90.53829999999999,29.729499999999998,19.3455,24.408500000000004,5.588799999999999,2009.0,161.0,6.8485,28.6453,0.0,60.24369999999999,22.088700000000003,11.7286,16.6423,1.6502000000000001,2009.0,161.0,18.970373333333335,32.27874,11.949706666666668,77.87317333333333,24.73780666666667,15.635506666666666,19.95099333333333,3.4790066666666664,2009.0,7562.9,5431.06,504.16,3684.72,279.06,1062.1,0.07
4,177.0,29.833399999999997,36.2655,25.0161,86.6122,32.85850000000001,24.1496,27.8322,5.6013,2009.0,177.0,10.2067,27.804000000000002,0.0,61.8078,25.2155,15.789699999999998,20.7192,1.6415000000000002,2009.0,177.0,24.11868,32.97213333333333,2.53628,74.55519999999999,28.92828666666667,19.670180000000002,24.229619999999997,3.5358200000000006,2009.0,7682.48,5728.82,512.24,3926.26,282.15,1078.65,0.24
5,193.0,27.603899999999996,36.2284,25.562199999999997,89.10600000000001,28.820699999999995,21.0897,24.1158,6.1492,2009.0,193.0,3.2994000000000003,28.321199999999997,0.0,49.781499999999994,22.658900000000003,11.336500000000001,17.2236,1.7696,2009.0,193.0,20.601086666666667,32.15235333333333,5.51948,69.30194666666667,26.577713333333328,16.937026666666664,21.704860000000004,3.5719066666666666,2009.0,7924.36,5890.44,454.17,3949.11,250.14,962.67,0.05
6,209.0,27.186899999999998,34.2003,25.0751,83.86619999999999,33.1529,20.5764,25.4884,5.0524,2009.0,209.0,12.4724,29.606299999999997,0.0,46.40220000000001,23.5183,14.0633,19.589299999999994,1.83,2009.0,209.0,23.509424285714285,31.633939999999996,5.1387,60.76766000000001,28.56075333333333,17.085426666666663,22.710086666666662,3.58608,2009.0,8054.14,5608.41,387.75,3600.16,217.47,802.77,0.1
7,225.0,25.3582,36.74459999999999,45.027,84.4442,33.0223,24.0422,28.2892,8.246599999999999,2009.0,225.0,11.3509,30.614599999999996,0.0,49.5985,24.0182,15.255199999999999,19.981499999999997,1.936,2009.0,225.0,20.521446666666662,33.700426666666665,6.890819999999999,67.63953999999998,29.458333333333336,19.04924666666667,24.09412,4.364393333333334,2009.0,8000.63,6101.11,455.29,4109.86,253.62,869.22,0.52
8,241.0,24.5344,36.3543,18.7421,93.67679999999999,30.9189,20.241799999999998,23.55,5.7621,2009.0,241.0,4.868399999999999,27.0373,0.0,49.0524,21.1733,8.3327,14.975100000000001,1.1118999999999999,2009.0,241.0,18.163826666666665,30.246353333333335,2.843986666666667,63.431999999999995,25.5252,13.257233333333334,19.312619999999995,3.227873333333333,2009.0,7936.47,5237.5,380.74,3319.81,212.89,744.47,0.64
9,257.0,19.722800000000003,33.2255,12.5855,88.1277,29.440400000000004,18.686099999999996,22.886000000000003,4.605700000000001,2009.0,257.0,7.5443999999999996,28.1579,0.0,48.43849999999999,25.1126,12.3018,19.0429,1.7684000000000002,2009.0,257.0,17.017626666666665,31.061766666666667,1.0300399999999998,61.916946666666675,27.562260000000002,15.228553333333334,21.010626666666667,2.868266666666666,2009.0,6810.48,3942.9,506.28,2677.12,261.02,986.44,0.0
10,273.0,18.6233,32.8289,21.7081,87.7921,28.7962,15.6633,19.4964,9.0304,2009.0,273.0,3.8374999999999995,23.869799999999998,0.0,40.515,12.582,2.0763,8.9384,1.3396,2009.0,273.0,13.490299999999998,28.176199999999998,3.7585933333333337,62.85743333333333,19.99266666666667,8.402906666666667,13.847033333333334,4.814820000000001,2009.0,6427.64,4151.14,660.67,3062.79,353.71,1097.58,0.79
11,288.99999999999994,14.7905,33.3305,39.3433,96.90100000000001,20.610099999999996,12.3845,15.5883,6.9484,2009.0,288.99999999999994,2.7965,23.393500000000003,0.0,49.4385,5.5243,-2.4157,1.8035999999999999,2.1100999999999996,2009.0,288.99999999999994,8.341840000000001,27.390233333333335,4.9737599999999995,76.87211333333333,11.909653333333333,3.08962,7.008106666666667,4.2539533333333335,2009.0,5155.58,2671.89,657.33,2110.34,342.07,1161.82,0.0
12,305.0,13.187999999999999,31.575400000000002,26.2192,97.7098,20.713,9.0521,13.711400000000001,7.6678999999999995,2009.0,305.0,3.3263000000000003,21.159299999999995,0.0,57.863600000000005,10.648,-0.48219999999999996,4.664,3.2881,2009.0,305.0,9.999573333333334,25.80476,2.12,75.91755333333332,15.204813333333336,4.081806666666666,9.037733333333332,4.883233333333333,2009.0,4704.1,2458.19,739.76,2093.05,384.14,1393.93,0.0
