,DOY,INSgdmax,RADmax,RAINmax,RHmax,TMAXmax,TMINmax,Tmax,WINDmax,YEAR,DOY,INSgdmin,RADmin,RAINmin,RHmin,TMAXmin,TMINmin,Tmin,WINDmin,YEAR,DOY,INSgdmean,RADmean,RAINmean,RHmean,TMAXmean,TMINmean,Tmean,WINDmean,YEAR,NDVI,EVI,RED,NIR,BLUE,MIR,pixrel
0,113.0,25.472500000000004,33.4975,24.424999999999997,93.495,26.322499999999998,13.8175,20.04,8.237499999999999,2009.0,113.0,6.819999999999999,21.7825,0.0,47.85750000000001,13.5625,1.615,8.5,2.4125,2009.0,113.0,15.403,28.1385,4.794833333333333,72.86766666666666,19.6555,7.796500000000001,13.697666666666667,5.256833333333333,2009.0,5569.44,2613.2,483.83,1858.74,266.18,816.54,0.17
1,129.0,29.357499999999998,32.915,44.3025,93.185,24.387500000000003,13.947500000000002,18.64,7.8025,2009.0,129.0,1.675,22.240000000000002,0.0,38.71,17.28,4.132499999999999,11.030000000000001,1.5425,2009.0,129.0,20.700499999999998,28.016499999999994,7.8903333333333325,62.419999999999995,21.363166666666665,9.7195,15.319999999999999,4.238,2009.0,5791.04,3154.06,543.97,2268.1,310.33,929.4,0.01
2,145.0,28.865,34.235,18.1025,94.36749999999999,27.4625,18.425000000000004,22.36,7.9875,2009.0,145.0,8.129999999999999,26.5775,0.0,55.47,17.769999999999996,8.267500000000002,14.85,1.9725,2009.0,145.0,21.34133333333333,30.42533333333333,3.0614999999999997,70.85766666666666,24.564166666666672,13.587666666666669,18.920499999999997,4.780166666666667,2009.0,6259.47,3151.43,400.57,2074.12,232.44,727.7,0.01
3,161.0,27.402500000000003,34.11750000000001,36.2175,89.92499999999998,29.1325,18.4425,23.875,5.1625,2009.0,161.0,10.055,28.1075,0.0,59.949999999999996,21.88,11.149999999999999,16.2875,1.6775,2009.0,161.0,18.982,32.0195,10.734166666666669,76.98133333333334,24.572500000000005,15.270666666666667,19.676166666666667,3.4175,2009.0,6896.0,3828.7,389.33,2457.55,236.71,691.16,0.04
4,177.0,29.735,36.4675,30.38,87.07,31.5625,24.0575,27.535,5.89,2009.0,177.0,12.462499999999999,27.700000000000003,0.0,61.7875,24.7275,15.3625,20.130000000000003,1.75,2009.0,177.0,23.430166666666672,32.9215,3.2103333333333337,74.74799999999999,28.616833333333332,19.39333333333333,23.92183333333333,3.5854999999999997,2009.0,7610.43,4685.84,373.15,2954.82,228.8,722.39,0.06
5,193.0,27.755,36.07,28.0925,89.68499999999999,27.945,20.437500000000004,23.675,6.27,2009.0,193.0,4.2775,29.055,0.0,51.4225,21.91,11.07,16.7075,1.9275,2009.0,193.0,20.77566666666667,32.031666666666666,6.099499999999999,70.0095,26.019999999999996,16.53583333333333,21.259166666666665,3.5328333333333335,2009.0,7705.39,4818.5,370.35,3001.87,241.93,681.59,0.04
6,209.0,27.19,33.68,22.3725,79.7125,33.485,19.7675,25.51,5.249999999999999,2009.0,209.0,13.0525,29.5575,0.0,46.5925,24.212500000000002,13.8175,19.79,1.5175,2009.0,209.0,23.78615476190476,31.405333333333324,4.777000000000001,58.596000000000004,28.653000000000002,16.809333333333335,22.61933333333333,3.669666666666667,2009.0,7706.58,4651.52,345.39,2854.06,232.91,612.74,0.39
7,225.0,25.1075,36.7775,43.7175,82.0825,32.620000000000005,24.0825,28.0175,8.095000000000002,2009.0,225.0,10.6175,30.512500000000003,0.0,46.6275,23.785,15.0975,19.63,2.025,2009.0,225.0,19.734999999999996,33.6305,6.6243333333333325,66.37866666666666,29.465500000000006,18.929833333333335,23.984500000000004,4.394,2009.0,7733.98,4187.97,298.91,2526.72,194.8,545.92,0.24
8,241.0,24.4525,36.455,22.9025,97.21000000000001,30.435,20.2825,23.052500000000002,5.84,2009.0,241.0,3.1825,26.71,0.0,48.6625,21.1175,8.145000000000001,14.68,1.0675,2009.0,241.0,18.119833333333332,29.918333333333333,3.421333333333334,64.0345,25.162333333333336,13.048166666666667,19.026333333333334,3.2415000000000003,2009.0,7670.58,4088.39,296.74,2448.87,185.41,534.99,0.34
9,257.0,19.87,33.0425,8.42,85.8575,29.244999999999997,17.985,22.62,4.1274999999999995,2009.0,257.0,8.0425,28.1175,0.0,52.4875,24.884999999999998,12.455,18.955,1.745,2009.0,257.0,17.10533333333333,30.758166666666668,0.734,62.73316666666666,27.3545,15.004000000000001,20.845,2.728833333333333,2009.0,7264.36,3523.01,312.83,2128.12,188.66,562.87,0.0
10,273.0,18.4525,33.06,18.1325,89.3075,28.23,16.4625,19.6875,8.91,2009.0,273.0,3.3125,23.875,0.0,42.0175,10.844999999999999,1.7625,8.042499999999999,1.3475,2009.0,273.0,13.0765,28.27966666666667,4.229833333333334,65.806,19.340833333333332,8.321666666666665,13.501833333333334,4.833166666666668,2009.0,7070.5,3327.18,336.15,2032.93,210.28,523.75,0.07
11,289.0,14.6425,33.13999999999999,40.195,95.8725,20.22,12.21,15.3875,7.1475,2009.0,289.0,2.8775,23.322500000000005,0.0,47.33,4.7325,-2.9475,1.1925000000000001,1.7425,2009.0,289.0,8.513666666666667,27.25216666666666,5.284166666666667,76.52999999999999,11.5275,2.6256666666666666,6.559333333333333,4.228833333333333,2009.0,5812.21,2536.87,476.09,1769.7,306.25,673.41,0.26
12,305.0,13.3825,31.525,26.389999999999997,97.82249999999999,20.435,8.32,13.167499999999999,7.69,2009.0,305.0,3.2675,21.339999999999996,0.0,60.1075,10.165000000000001,-0.99,4.324999999999999,3.3000000000000003,2009.0,305.0,9.649833333333335,25.80566666666667,2.062333333333333,76.30133333333332,14.705166666666669,3.6158333333333332,8.613833333333332,4.906166666666667,2009.0,5786.65,2334.82,420.29,1625.4,225.48,728.55,2.55
