,DOY,INSgdmax,RADmax,RAINmax,RHmax,TMAXmax,TMINmax,Tmax,WINDmax,YEAR,DOY,INSgdmin,RADmin,RAINmin,RHmin,TMAXmin,TMINmin,Tmin,WINDmin,YEAR,DOY,INSgdmean,RADmean,RAINmean,RHmean,TMAXmean,TMINmean,Tmean,WINDmean,YEAR,NDVI,EVI,RED,NIR,BLUE,MIR,pixrel
0,113.0,25.405900000000003,33.8505,26.0002,92.79740000000001,25.7062,16.965200000000003,20.5997,8.1448,2009.0,113.0,6.936999999999999,22.6996,0.0,50.8337,13.9178,2.6533999999999995,8.367799999999999,2.9768,2009.0,113.0,15.955513333333336,28.80636666666667,6.268213333333334,74.22662666666669,20.569386666666666,8.963666666666668,14.802700000000002,5.306346666666666,2009.0,5447.38,1804.3,352.62,1216.71,202.56,659.22,0.0
1,129.0,28.859499999999997,33.7798,63.60600000000001,89.3322,25.2782,15.0039,19.4256,7.9107,2009.0,129.0,2.104,23.561,0.0,37.242599999999996,18.042900000000003,7.2361,12.921700000000001,1.4895,2009.0,129.0,21.12464,28.203253333333333,8.977426666666666,62.43364,21.853833333333334,10.724699999999999,16.190139999999996,4.08634,2009.0,5601.05,2240.66,423.61,1557.79,237.4,802.51,0.0
2,145.0,28.699800000000003,34.5576,22.016199999999998,93.84980000000002,28.6612,19.7352,23.4791,6.1529,2009.0,145.0,9.2942,26.817500000000003,0.0,54.3287,20.5785,9.193999999999999,15.4638,1.6985999999999999,2009.0,145.0,21.90382,30.652566666666665,2.855213333333333,71.86970000000001,25.21482,14.0384,19.54485333333333,4.369200000000001,2009.0,6272.59,2525.05,359.05,1591.97,229.08,574.63,0.06
3,161.0,28.2005,34.7849,30.691200000000002,91.0184,29.6999,19.6096,24.6278,5.0693,2009.0,161.0,11.0094,28.225,0.0,63.866499999999995,20.499299999999998,12.274799999999999,16.136400000000002,1.8215,2009.0,161.0,20.143333333333334,32.330560000000006,9.869846666666668,78.15012666666665,24.72326666666666,16.025446666666667,20.23231333333333,3.4418733333333336,2009.0,6993.85,3275.76,309.29,1954.58,211.3,510.41,0.0
4,177.0,29.742399999999996,36.6401,10.4536,87.5003,33.1922,24.765,28.4223,6.0221,2009.0,177.0,15.8518,28.137800000000002,0.0,66.0587,24.1434,15.6984,19.9737,1.3698,2009.0,177.0,24.647906666666668,33.24338,1.7220933333333335,74.49968,28.759399999999996,20.048513333333336,24.420573333333337,3.4468933333333336,2009.0,7791.28,4278.0,286.5,2521.94,205.24,526.71,0.01
5,193.0,27.755000000000003,36.1303,21.6481,87.3852,28.4366,21.051299999999998,24.1727,6.4054,2009.0,193.0,11.5348,29.050000000000004,0.0,56.1954,22.2812,11.722999999999999,17.0932,1.7198000000000002,2009.0,193.0,20.862706666666664,32.308553333333336,5.42488,70.30331333333335,26.430206666666663,17.126286666666665,21.744666666666667,3.455446666666667,2009.0,7943.94,4435.8,283.19,2614.73,198.79,515.15,0.09
6,209.0,27.0626,34.7462,26.093599999999995,85.8694,30.475900000000003,21.0533,24.613500000000002,5.3142000000000005,2009.0,209.0,5.531499999999999,28.6624,0.0,51.4524,23.5832,13.671800000000001,20.095,1.3538,2009.0,209.0,21.703380000000003,31.733006666666668,5.209366666666668,70.18814666666667,26.99207333333333,17.02834,22.054113333333333,3.271526666666667,2009.0,7912.93,3898.3,232.01,2218.76,166.84,431.9,0.0
7,225.0,25.116999999999997,36.8275,50.8647,92.1012,31.686999999999998,23.828000000000003,27.0322,7.152799999999999,2009.0,225.0,5.441800000000001,30.5478,0.0,53.2542,25.0413,15.4746,21.149299999999997,1.4433000000000002,2009.0,225.0,18.855999999999995,33.687873333333336,9.554186666666666,70.69808666666667,28.817273333333333,19.400686666666665,24.00050666666667,4.106373333333333,2009.0,7929.07,4014.81,241.5,2290.56,167.48,439.34,0.0
8,241.0,24.406799999999997,36.2771,21.800199999999997,82.7383,30.9878,19.8157,23.7797,5.158899999999999,2009.0,241.0,7.091500000000001,27.192999999999998,0.0,50.7154,21.942500000000003,8.9276,15.344000000000001,1.1584999999999999,2009.0,241.0,18.762106666666664,29.85016000000001,2.3065933333333333,61.26152666666667,26.074326666666664,13.661253333333335,19.750339999999998,2.9159999999999995,2009.0,7743.81,3350.14,213.01,1848.68,159.33,357.45,0.0
9,257.0,20.677299999999995,34.127500000000005,16.0246,77.23310000000001,29.924000000000003,16.6884,23.1302,5.123200000000001,2009.0,257.0,9.8036,26.4533,0.0,49.0452,25.3408,10.745800000000001,18.380100000000002,1.52,2009.0,257.0,17.825293333333335,30.37338666666666,1.3395733333333335,61.121046666666665,28.077973333333333,14.520873333333334,21.050706666666663,2.7127266666666667,2009.0,7428.0,2961.72,246.18,1710.1,144.32,389.43,0.0
10,273.0,18.298,34.179700000000004,19.0276,92.09,29.164299999999997,17.5688,19.9428,8.8594,2009.0,273.0,4.6253,24.0328,0.0,44.3918,12.758600000000001,2.7386000000000004,9.1647,1.1081999999999999,2009.0,273.0,12.940746666666668,28.345666666666666,4.468473333333334,70.14677999999999,19.590286666666668,9.230073333333332,14.003153333333334,4.598413333333333,2009.0,7597.92,2895.47,220.95,1647.03,105.98,338.73,1.0
11,289.0,14.802399999999999,31.7452,37.144000000000005,97.54769999999999,21.3523,13.354199999999999,16.342100000000002,6.1516,2009.0,289.0,2.9174,23.1149,0.0,46.6378,7.862499999999999,-2.3689999999999998,2.8547,2.2728,2009.0,289.0,8.780893333333335,27.552746666666664,6.690313333333333,75.99012666666667,12.725813333333335,3.6761733333333333,7.820740000000001,4.290573333333334,2009.0,6332.43,2067.2,269.32,1251.27,163.39,414.12,0.0
12,305.0,13.0853,30.939700000000002,26.305100000000003,97.72370000000001,20.656399999999998,10.370800000000001,14.2346,8.1961,2009.0,305.0,2.3456,21.554499999999997,0.0,59.6772,9.9297,-0.48080000000000006,4.9139,2.333,2009.0,305.0,9.655913333333334,26.224779999999996,3.36752,78.48530666666666,14.932073333333335,4.741866666666667,9.378253333333333,4.62796,2009.0,6390.46,1857.24,234.85,1099.32,139.87,400.18,0.0
