,DOY,INSgdmax,RADmax,RAINmax,RHmax,TMAXmax,TMINmax,Tmax,WINDmax,YEAR,DOY,INSgdmin,RADmin,RAINmin,RHmin,TMAXmin,TMINmin,Tmin,WINDmin,YEAR,DOY,INSgdmean,RADmean,RAINmean,RHmean,TMAXmean,TMINmean,Tmean,WINDmean,YEAR,NDVI,EVI,RED,NIR,BLUE,MIR,pixrel
0,113.0,25.78,34.13,28.95,93.15,25.56,17.98,21.12,7.99,2009.0,113.0,6.55,22.39,0.0,51.01,15.01,2.92,9.03,3.08,2009.0,113.0,15.672,29.040000000000006,6.4333333333333345,74.29600000000002,21.011999999999997,9.580000000000002,15.337333333333335,5.316666666666666,2009.0,5498.91,1831.67,331.15,1201.04,197.68,590.43,0.01
1,129.0,28.58,33.84,53.63,87.81,25.82,15.55,19.89,7.7,2009.0,129.0,1.76,24.12,0.0,37.75,18.89,8.41,13.7,1.21,2009.0,129.0,21.218666666666667,28.542666666666666,8.29,62.74266666666667,22.133333333333336,11.201999999999998,16.606666666666662,3.955333333333334,2009.0,5634.56,2280.38,411.21,1547.03,238.01,755.05,0.02
2,145.0,28.76,34.42,18.43,93.48,29.16,20.75,24.61,5.71,2009.0,145.0,8.89,26.71,0.0,53.43,21.03,9.28,15.61,1.26,2009.0,145.0,22.445333333333334,30.74,2.576,71.47266666666668,25.569999999999997,14.606,20.033333333333328,4.180000000000001,2009.0,6263.55,2643.4,379.41,1688.29,233.86,609.1,0.72
3,161.0,28.48,34.6,31.19,92.79,30.16,20.16,25.29,5.28,2009.0,161.0,10.76,28.01,0.0,64.49,20.71,12.55,16.36,1.8,2009.0,161.0,20.200666666666667,32.44866666666667,9.772666666666668,78.68533333333332,24.772,16.335333333333335,20.453333333333333,3.48,2009.0,6784.87,2938.83,298.23,1742.81,199.29,476.06,0.0
4,177.0,29.88,36.61,11.95,86.55,33.82,24.98,28.59,5.82,2009.0,177.0,17.03,28.37,0.0,66.02,24.84,16.18,20.58,1.43,2009.0,177.0,24.848,33.37266666666667,1.4646666666666668,74.08,29.08333333333333,20.43866666666667,24.792666666666666,3.4073333333333333,2009.0,7646.43,3831.68,257.23,2208.44,180.18,446.99,0.01
5,193.0,27.97,36.47,24.37,86.25,29.03,21.52,24.65,6.5,2009.0,193.0,11.38,29.05,0.0,54.14,23.21,12.11,17.85,1.78,2009.0,193.0,21.56733333333333,32.486,5.245999999999999,69.19133333333335,26.998666666666665,17.641999999999996,22.232000000000003,3.478666666666667,2009.0,7764.11,4070.64,270.95,2365.48,190.25,462.53,0.38
6,209.0,27.14,35.46,29.31,86.91,30.85,22.21,24.85,5.34,2009.0,209.0,6.8,28.8,0.0,49.44,23.05,13.99,20.31,1.5,2009.0,209.0,21.144666666666673,32.14666666666667,5.486000000000001,70.63133333333333,27.285333333333327,17.528000000000002,22.39266666666667,3.213333333333334,2009.0,7760.47,3895.99,239.35,2214.46,168.52,426.63,0.0
7,225.0,25.16,36.72,54.61,90.88,32.16,24.0,27.23,7.17,2009.0,225.0,4.9,30.78,0.0,53.28,26.37,15.81,21.79,1.31,2009.0,225.0,18.970666666666666,33.78333333333334,8.466000000000001,69.41066666666667,29.351333333333336,19.71,24.421333333333337,4.137333333333332,2009.0,7849.06,3882.08,236.72,2208.63,159.7,404.17,0.0
8,241.0,24.08,35.86,9.27,75.08,31.65,19.82,24.3,5.06,2009.0,241.0,10.08,27.58,0.0,48.66,22.48,9.22,15.86,1.18,2009.0,241.0,18.901999999999997,30.06000000000001,1.4686666666666666,58.65200000000001,26.89333333333333,14.058,20.336,2.9446666666666657,2009.0,7683.9,3214.23,198.84,1753.57,144.07,337.59,0.03
9,257.0,20.63,34.45,15.93,79.31,30.44,16.74,23.5,5.45,2009.0,257.0,10.44,26.75,0.0,48.34,25.53,11.15,18.78,1.52,2009.0,257.0,17.952,30.471999999999998,1.3820000000000001,60.00333333333333,28.31533333333333,14.831333333333335,21.32533333333333,2.8379999999999996,2009.0,7190.92,2896.46,246.31,1656.97,155.07,347.92,0.0
10,273.0,18.47,34.27,20.18,91.66,30.02,17.5,19.53,8.61,2009.0,273.0,5.18,24.05,0.0,41.7,14.47,3.16,9.9,1.22,2009.0,273.0,13.375333333333336,28.274000000000004,4.326,67.81933333333332,20.335333333333335,9.494666666666665,14.43,4.617333333333333,2009.0,7408.47,2778.04,214.99,1568.42,112.18,293.83,0.95
11,289.0,14.94,31.9,39.81,97.38,21.95,12.95,16.14,6.1,2009.0,289.0,2.84,22.93,0.0,47.73,9.26,-1.81,3.59,2.72,2009.0,289.0,8.655333333333335,27.757999999999996,6.596000000000001,75.78,13.126,4.082666666666666,8.257333333333333,4.347333333333334,2009.0,6309.73,2132.75,267.38,1297.34,156.8,372.14,2.76
12,305.0,13.21,31.03,28.64,98.76,20.88,10.99,15.0,8.08,2009.0,305.0,2.38,21.49,0.0,58.8,10.45,0.19,5.46,2.29,2009.0,305.0,9.682,26.333999999999996,3.999333333333333,78.23533333333333,15.254000000000001,5.326666666666666,9.818,4.6113333333333335,2009.0,6475.85,1971.92,240.89,1158.68,146.34,332.07,0.0
