,DOY,INSgdmax,RADmax,RAINmax,RHmax,TMAXmax,TMINmax,Tmax,WINDmax,YEAR,DOY,INSgdmin,RADmin,RAINmin,RHmin,TMAXmin,TMINmin,Tmin,WINDmin,YEAR,DOY,INSgdmean,RADmean,RAINmean,RHmean,TMAXmean,TMINmean,Tmean,WINDmean,YEAR,NDVI,EVI,RED,NIR,BLUE,MIR,pixrel
0,113.0,25.1708,32.3854,26.545299999999997,96.9649,26.954800000000002,13.016099999999998,19.862900000000003,8.779699999999998,2009.0,113.0,5.6575,23.665,0.0,47.883700000000005,12.5096,1.0057,8.597199999999999,2.2775,2009.0,113.0,16.090013333333335,27.885633333333335,4.415093333333333,69.79072666666667,19.03869333333333,6.6751000000000005,12.794726666666666,5.557840000000001,2009.0,5372.83,3087.38,705.23,2421.67,374.19,1247.2,0.19
1,129.0,29.199999999999996,32.3567,29.5696,86.2225,24.5982,12.973300000000002,17.966300000000004,7.855499999999999,2009.0,129.0,3.8064,21.7541,0.0,36.7812,17.697899999999997,3.3753,10.5746,1.6842000000000001,2009.0,129.0,19.999566666666666,27.72461333333333,4.776206666666667,59.30126666666666,21.143666666666668,8.893866666666668,14.900580000000001,4.598966666666666,2009.0,5748.96,3656.1,699.48,2806.92,372.18,1294.8,0.07
2,145.0,29.1417,33.537800000000004,14.7574,91.297,29.1557,17.579600000000003,21.9587,9.4593,2009.0,145.0,6.4876000000000005,27.2843,0.0,47.9601,18.0244,8.3348,15.7135,2.5551,2009.0,145.0,21.597626666666663,30.44381333333333,2.6874599999999997,64.46582666666667,25.204679999999996,13.840493333333335,19.285180000000004,5.151786666666666,2009.0,6349.47,4015.35,608.17,2890.31,323.88,1301.16,0.01
3,161.0,28.5016,34.3429,34.5161,91.2808,29.241600000000002,18.0595,23.5736,5.382299999999999,2009.0,161.0,5.267899999999999,27.1386,0.0,47.347500000000004,22.0783,10.143,16.496499999999997,1.8603999999999998,2009.0,161.0,18.093206666666667,31.75796666666666,7.914,71.9349,24.617920000000005,14.385146666666667,19.29814,3.690366666666667,2009.0,6833.76,4412.27,553.84,3065.45,297.47,1103.69,0.0
4,177.0,29.6925,35.88249999999999,27.9122,84.2439,32.5877,23.7684,27.5409,6.4651,2009.0,177.0,7.2132,27.6659,0.0,54.62949999999999,25.7546,14.965300000000001,20.601399999999998,1.6025,2009.0,177.0,21.93974,32.65647333333333,4.0572,70.46287333333332,28.668239999999997,19.163266666666665,23.824460000000002,3.6181600000000005,2009.0,7216.66,4797.36,527.12,3285.47,282.33,1160.18,0.23
5,193.0,27.846400000000003,35.373000000000005,16.668799999999997,89.26580000000001,28.7351,20.2741,23.5497,6.2514,2009.0,193.0,14.5806,27.9762,0.0,46.060900000000004,22.605400000000003,11.1147,17.0907,1.6911,2009.0,193.0,22.50606,31.80832,4.814873333333333,65.55414666666667,26.66756,16.28266,21.461886666666665,3.764546666666667,2009.0,7782.21,5331.05,430.72,3490.21,234.39,932.12,0.14
6,209.0,27.1833,33.6858,19.886300000000002,80.8374,34.4722,20.105000000000004,26.432199999999998,5.5163,2009.0,209.0,19.2347,29.2121,0.0,41.292699999999996,23.6125,13.8824,19.6854,1.7665000000000002,2009.0,209.0,24.336293333333334,31.142693333333327,4.182146666666667,52.26452,29.410526666666662,16.784013333333334,22.977239999999995,3.766373333333333,2009.0,7959.32,5468.47,393.42,3526.96,212.93,862.33,0.18
7,225.0,25.4829,37.043800000000005,30.7057,80.00109999999998,34.5305,23.8638,28.8701,7.5656,2009.0,225.0,12.0746,30.265400000000003,0.0,39.712599999999995,22.2513,13.2561,18.4633,2.2113,2009.0,225.0,20.045693333333332,33.325860000000006,5.337146666666667,60.46105333333334,29.766993333333332,18.56767333333333,24.185273333333328,4.4647733333333335,2009.0,7841.24,5618.94,445.34,3740.07,242.62,922.76,0.0
8,241.0,24.006700000000002,36.7176,25.9157,88.73740000000001,31.252699999999997,20.2837,23.2285,7.0963,2009.0,241.0,6.6182,26.8341,0.0,51.4619,20.8988,8.2812,15.1782,1.312,2009.0,241.0,18.35882,30.39865333333333,3.1475133333333334,62.76294,25.204460000000005,13.08512,19.078940000000003,3.8000200000000004,2009.0,7846.9,5246.24,401.21,3395.65,217.94,756.34,0.82
9,257.0,19.703699999999998,33.2958,9.0716,87.75379999999998,29.324,17.623,22.198,4.9117,2009.0,257.0,8.8792,29.095100000000002,0.0,51.89960000000001,23.1063,13.1555,17.6361,1.6237,2009.0,257.0,17.12424,31.091379999999997,0.70316,63.90338,26.90955333333334,15.055433333333333,20.7705,2.79518,2009.0,6874.95,4041.82,506.5,2753.29,255.09,965.97,0.0
10,273.0,18.3308,31.782999999999998,15.1755,87.30349999999999,26.392200000000003,14.6763,18.885399999999997,9.116299999999999,2009.0,273.0,3.2649,23.620000000000005,0.0,41.16629999999999,10.134800000000002,1.7269,7.5843,1.0964,2009.0,273.0,12.90448,28.084246666666665,2.57348,63.64573333333333,18.662246666666668,7.569113333333333,12.802066666666665,4.96,2009.0,6121.97,4055.71,765.09,3166.46,404.31,1224.82,0.9
11,289.0,16.479599999999998,32.1237,46.0663,98.03840000000001,19.2449,10.0275,13.472000000000001,8.048,2009.0,289.0,2.535,21.609900000000003,0.0,47.778800000000004,3.3837,-3.2715,0.4719,1.7328000000000001,2009.0,289.0,8.26342,26.74924,4.934993333333333,77.26801333333333,10.108686666666665,1.5230333333333332,5.301346666666667,4.31048,2009.0,4930.96,2495.25,678.82,2036.53,345.3,1089.49,0.0
12,305.0,13.3849,31.205299999999998,34.537,97.6329,19.8517,8.7324,12.0403,7.0488,2009.0,305.0,3.5116,21.060899999999997,0.0,58.85510000000001,9.802299999999999,-1.1289,3.7012,3.5443,2009.0,305.0,9.563726666666664,25.246466666666663,3.0147466666666665,75.60764666666665,13.989893333333333,2.9084466666666664,7.761086666666667,4.93412,2009.0,4400.0,2208.5,745.72,1951.62,386.82,1380.86,0.0
