,DOY,INSgdmax,RADmax,RAINmax,RHmax,TMAXmax,TMINmax,Tmax,WINDmax,YEAR,DOY,INSgdmin,RADmin,RAINmin,RHmin,TMAXmin,TMINmin,Tmin,WINDmin,YEAR,DOY,INSgdmean,RADmean,RAINmean,RHmean,TMAXmean,TMINmean,Tmean,WINDmean,YEAR,NDVI,EVI,RED,NIR,BLUE,MIR,pixrel
0,113.0,24.9296,30.6596,12.4448,93.5932,29.036,11.220399999999998,19.5392,9.4728,2009.0,113.0,5.5892,24.058400000000002,0.0,46.09680000000001,11.5824,0.7512000000000001,7.1264,2.9295999999999998,2009.0,113.0,16.818293333333333,27.478,2.7396000000000003,64.15032000000001,18.194133333333333,5.411333333333334,11.786000000000001,6.119680000000001,2009.0,2401.31,1150.6,946.69,1576.12,513.48,1780.46,0.49
1,129.0,29.232,30.503200000000003,10.2808,72.5984,24.453200000000002,11.7,17.1916,9.09,2009.0,129.0,6.7948,21.050799999999995,0.0,33.5004,17.7224,2.3864,9.836799999999998,2.6944,2009.0,129.0,20.091173333333334,26.988799999999998,2.612933333333333,53.68725333333334,20.73424,7.7258933333333335,14.116213333333334,5.112639999999999,2009.0,2596.3,1272.3,942.14,1636.5,519.89,1867.75,0.33
2,145.0,29.5312,33.2908,9.0716,75.14840000000001,31.8896,15.9984,22.881600000000002,10.487200000000001,2009.0,145.0,7.6804,26.3212,0.0,37.0908,18.768800000000002,8.8168,15.3228,2.902,2009.0,145.0,21.72386666666667,30.296,1.76688,52.732746666666664,26.123493333333336,13.092506666666667,19.51434666666667,5.417999999999999,2009.0,2982.11,1590.97,994.55,1882.56,541.11,2061.68,0.26
3,161.0,28.0688,34.5488,23.2104,87.5492,29.336799999999997,17.0032,23.1224,6.0116,2009.0,161.0,3.8396,27.2016,0.0,35.443999999999996,19.036,8.9632,14.558799999999998,1.1836000000000002,2009.0,161.0,17.34746666666667,30.907120000000003,5.582880000000001,63.55117333333334,23.939546666666672,12.917280000000002,18.124186666666667,3.89408,2009.0,4189.99,2427.78,820.75,2190.41,446.69,1742.29,0.08
4,177.0,29.260800000000003,35.6924,18.0452,78.7448,33.007200000000005,23.5704,27.4932,7.354399999999999,2009.0,177.0,8.066,27.6892,0.0,45.8772,25.695999999999998,14.461200000000002,20.7284,1.7375999999999998,2009.0,177.0,22.304560000000002,32.306,2.8145066666666665,62.157493333333335,29.258426666666665,18.446559999999998,23.644773333333333,3.8841333333333328,2009.0,6737.04,4624.46,577.27,3314.16,302.75,1136.0,0.25
5,193.0,28.608800000000002,35.1216,21.6384,82.142,30.788400000000003,20.595599999999997,24.495600000000003,6.6236,2009.0,193.0,15.8656,27.601599999999998,0.0,42.156,23.3096,11.1356,17.278799999999997,1.5412,2009.0,193.0,23.056746666666665,31.572533333333332,4.779733333333333,57.51504,27.487546666666667,16.29952,21.78,4.030293333333333,2009.0,7846.41,5762.72,464.49,3923.98,238.83,729.51,0.23
6,209.0,26.888,32.992399999999996,9.7164,76.25880000000001,34.368399999999994,18.922,26.096,5.6348,2009.0,209.0,17.2924,28.1828,0.0,37.3844,24.7444,12.402000000000001,18.579199999999997,1.6996,2009.0,209.0,24.528426666666665,30.426693333333326,1.661253333333333,47.50594666666666,29.597093333333333,16.124853333333334,22.716853333333336,3.822826666666666,2009.0,7927.77,6034.61,481.62,4172.61,239.31,597.19,0.54
7,225.0,25.4416,36.583200000000005,16.0384,82.1884,34.7844,22.7604,28.0272,7.284800000000001,2009.0,225.0,10.912,28.841200000000004,0.0,38.1092,20.9244,13.1108,17.614,1.2320000000000002,2009.0,225.0,19.702746666666663,32.91992,4.588533333333333,57.709360000000004,29.49288,18.044906666666666,23.741039999999998,4.46784,2009.0,7967.45,5823.08,434.81,3903.14,220.96,528.72,0.01
8,241.0,23.5912,35.176,14.111600000000001,66.8548,30.6204,20.354,23.3052,7.579599999999999,2009.0,241.0,9.7312,25.811999999999998,0.0,44.672399999999996,22.2384,8.5892,15.718800000000002,1.7256,2009.0,241.0,19.871653333333335,29.62008,2.019546666666667,55.32165333333334,26.30298666666666,12.964026666666667,19.51136,4.085039999999999,2009.0,5073.49,3227.22,930.59,2880.79,429.77,1125.89,0.05
9,257.0,19.8504,33.857600000000005,13.1812,81.3688,30.5896,17.57,22.8996,5.7256,2009.0,257.0,6.832799999999999,29.2804,0.0,45.374,20.7372,13.504,17.52,1.2107999999999999,2009.0,257.0,16.28874666666667,31.082746666666665,2.220666666666667,61.252639999999985,27.185866666666666,15.25586666666667,21.14432,3.0785866666666664,2009.0,3699.4,2143.89,1135.29,2436.35,538.75,1598.46,0.0
10,273.0,17.892,32.1264,16.0168,91.77120000000001,25.9052,14.6708,18.7612,9.228,2009.0,273.0,3.4528,23.522400000000005,0.0,44.7452,8.1776,1.2324,6.55,1.4544,2009.0,273.0,11.572293333333333,27.898693333333327,2.34016,65.64266666666667,17.72728,7.1870666666666665,12.071466666666668,4.99376,2009.0,3260.69,1880.46,1226.31,2302.63,720.2,1435.5,1.35
11,289.0,16.1824,30.4304,28.279600000000002,96.8608,16.6384,7.6708,11.2696,8.083199999999998,2009.0,289.0,2.2196000000000002,20.63,0.0,44.0196,2.4951999999999996,-4.5092,-0.8124000000000001,1.6524,2009.0,289.0,8.608586666666667,25.767226666666666,4.789093333333334,76.34357333333332,8.326666666666666,0.23984,3.734613333333334,4.4969600000000005,2009.0,2785.05,1424.34,1034.41,1838.5,532.51,1609.02,0.09
12,305.0,12.8716,30.151600000000002,27.4844,97.522,19.162,8.0816,10.585600000000001,6.999199999999999,2009.0,305.0,2.99,20.3512,0.0,48.153999999999996,9.0428,-2.292,2.5216000000000003,3.2331999999999996,2009.0,305.0,9.041013333333336,24.685573333333338,2.8992799999999996,73.16207999999999,12.718826666666665,2.0757866666666667,6.586479999999998,4.925973333333333,2009.0,2463.55,1156.99,961.29,1593.56,505.18,1500.08,0.06
