,DOY,INSgdmax,RADmax,RAINmax,RHmax,TMAXmax,TMINmax,Tmax,WINDmax,YEAR,DOY,INSgdmin,RADmin,RAINmin,RHmin,TMAXmin,TMINmin,Tmin,WINDmin,YEAR,DOY,INSgdmean,RADmean,RAINmean,RHmean,TMAXmean,TMINmean,Tmean,WINDmean,YEAR,NDVI,EVI,RED,NIR,BLUE,MIR,pixrel
0,113.0,25.31,33.55,26.49,94.13,26.36,13.52,20.05,8.29,2009.0,113.0,6.55,21.89,0.0,47.52,13.66,1.54,8.63,2.33,2009.0,113.0,15.376666666666665,28.115999999999996,4.7540000000000004,72.70266666666666,19.614,7.736000000000001,13.627333333333333,5.251333333333333,2009.0,4704.19,2185.28,640.42,1806.98,327.99,1127.67,0.09
1,129.0,29.34,32.87,39.93,93.28,24.42,13.78,18.56,7.75,2009.0,129.0,1.37,22.14,0.0,39.28,17.38,4.02,10.95,1.45,2009.0,129.0,20.616,28.029999999999994,7.2799999999999985,62.498666666666665,21.32666666666666,9.662666666666667,15.265999999999998,4.243333333333334,2009.0,4938.87,2531.64,688.89,2071.08,358.92,1216.53,0.1
2,145.0,28.84,34.2,16.99,94.03,27.51,18.42,22.28,8.16,2009.0,145.0,7.24,26.57,0.0,55.22,17.74,8.21,14.85,1.95,2009.0,145.0,21.303999999999995,30.416,3.114,70.59133333333332,24.59133333333334,13.637333333333334,18.946666666666662,4.804,2009.0,5260.24,2498.76,574.3,1900.0,305.92,1066.8,0.0
3,161.0,27.68,34.09,36.7,90.21,29.18,18.44,23.92,5.22,2009.0,161.0,9.94,28.01,0.0,59.4,21.98,11.04,16.38,1.75,2009.0,161.0,19.02066666666667,32.00533333333333,10.726666666666667,76.768,24.56466666666667,15.249333333333333,19.656,3.4346666666666668,2009.0,6237.61,3398.7,540.03,2373.3,299.95,1002.33,0.0
4,177.0,29.77,36.36,33.38,87.0,31.51,24.04,27.47,5.86,2009.0,177.0,11.12,27.68,0.0,61.12,24.96,15.39,20.27,1.76,2009.0,177.0,23.40666666666667,32.891333333333336,3.3873333333333333,74.47266666666665,28.648666666666667,19.393333333333334,23.94133333333333,3.5926666666666667,2009.0,7241.41,4344.04,455.5,2839.2,261.84,923.62,0.16
5,193.0,27.72,36.14,27.35,89.76,27.99,20.42,23.68,6.27,2009.0,193.0,3.35,29.02,0.0,50.4,22.05,11.07,16.8,1.95,2009.0,193.0,20.831333333333337,32.037333333333336,5.940666666666667,69.69733333333333,26.09333333333333,16.523999999999997,21.286000000000005,3.5573333333333337,2009.0,7634.09,4616.88,390.02,2926.89,226.18,750.16,0.1
6,209.0,27.18,33.7,23.21,79.45,34.01,19.8,25.64,5.27,2009.0,209.0,14.33,29.63,0.0,45.74,24.04,13.89,19.63,1.6,2009.0,209.0,23.96642857142857,31.446666666666662,4.883333333333334,57.298666666666676,28.907333333333337,16.893333333333334,22.745999999999995,3.724666666666667,2009.0,7836.46,4720.72,335.24,2912.46,194.51,632.12,0.77
7,225.0,25.16,36.76,43.85,79.89,32.9,24.14,28.2,8.21,2009.0,225.0,11.66,30.53,0.0,45.79,24.04,14.89,19.49,2.1,2009.0,225.0,19.95333333333333,33.605333333333334,6.092,65.312,29.678666666666672,18.916666666666668,24.081333333333337,4.438000000000001,2009.0,7779.48,4497.48,334.3,2777.45,192.34,649.75,0.31
8,241.0,24.37,36.32,21.12,97.99,30.57,20.21,23.14,6.05,2009.0,241.0,3.74,26.78,0.0,48.26,21.16,8.13,14.72,1.05,2009.0,241.0,18.073333333333334,30.004666666666665,3.369333333333334,63.90933333333332,25.208000000000002,13.039333333333333,19.050666666666665,3.3006666666666664,2009.0,7397.15,4246.29,393.57,2705.24,235.83,692.65,0.33
9,257.0,19.87,32.98,9.0,87.2,29.22,18.49,22.64,4.09,2009.0,257.0,8.06,28.37,0.0,52.54,25.07,12.71,19.06,1.75,2009.0,257.0,17.109333333333332,30.851333333333333,0.6666666666666665,62.739333333333335,27.33866666666667,15.131333333333338,20.878666666666664,2.7546666666666666,2009.0,6833.37,3404.0,404.01,2182.08,223.96,720.93,0.0
10,273.0,18.47,32.8,17.85,88.66,28.13,16.37,19.81,8.88,2009.0,273.0,3.42,23.83,0.0,41.44,10.98,1.74,8.04,1.3,2009.0,273.0,13.160666666666666,28.265333333333334,3.9019999999999997,64.54866666666666,19.459333333333333,8.235333333333331,13.516666666666667,4.860000000000001,2009.0,6418.12,3176.19,475.52,2143.51,268.68,743.34,0.48
11,289.0,14.58,33.16,42.44,95.48,20.34,11.71,15.11,7.32,2009.0,289.0,2.84,23.26,0.0,47.69,4.56,-2.93,1.11,1.77,2009.0,289.0,8.516666666666667,27.22733333333333,5.276,76.62599999999999,11.415333333333331,2.5286666666666666,6.446666666666666,4.235333333333333,2009.0,5123.33,2283.0,558.85,1748.78,286.78,856.68,0.0
12,305.0,13.39,31.57,27.19,98.11,20.43,8.16,13.16,7.57,2009.0,305.0,3.35,21.24,0.0,59.79,10.23,-0.95,4.29,3.41,2009.0,305.0,9.654000000000002,25.726666666666674,2.132,76.11666666666665,14.687999999999999,3.551999999999999,8.567333333333332,4.932,2009.0,4932.16,2017.72,533.57,1567.67,274.55,942.32,0.0
