,DOY,INSgdmax,RADmax,RAINmax,RHmax,TMAXmax,TMINmax,Tmax,WINDmax,YEAR,DOY,INSgdmin,RADmin,RAINmin,RHmin,TMAXmin,TMINmin,Tmin,WINDmin,YEAR,DOY,INSgdmean,RADmean,RAINmean,RHmean,TMAXmean,TMINmean,Tmean,WINDmean,YEAR,NDVI,EVI,RED,NIR,BLUE,MIR,pixrel
0,113.0,24.84,30.64,9.46,92.63,29.26,11.1,19.57,9.61,2009.0,113.0,5.62,24.05,0.0,46.22,11.28,0.46,6.74,3.12,2009.0,113.0,16.846666666666668,27.375333333333334,2.3233333333333333,63.45666666666668,17.874000000000002,5.154666666666667,11.510666666666669,6.234666666666667,2009.0,979.38,358.54,801.4,1050.15,431.65,1040.64,11.52
1,129.0,29.12,30.17,9.34,70.7,24.05,11.28,16.85,9.37,2009.0,129.0,6.19,20.95,0.0,33.52,17.56,2.07,9.54,2.98,2009.0,129.0,19.836,26.803999999999995,2.3646666666666665,53.19333333333334,20.484666666666666,7.422,13.823333333333334,5.237333333333334,2009.0,2222.3,919.9,822.74,1297.29,455.22,1663.77,0.71
2,145.0,29.59,33.19,8.66,73.11,32.22,15.92,23.1,10.56,2009.0,145.0,7.63,26.03,0.0,35.52,18.36,8.73,15.04,3.0,2009.0,145.0,21.805999999999997,30.067333333333337,1.7026666666666666,51.35066666666667,25.968000000000004,12.786000000000001,19.316666666666666,5.445999999999999,2009.0,2475.19,1154.53,930.11,1546.59,513.13,2005.35,0.63
3,161.0,28.01,34.56,20.5,87.79,28.55,16.81,22.68,6.16,2009.0,161.0,3.96,26.93,0.0,35.15,18.49,8.63,13.87,1.08,2009.0,161.0,17.251333333333335,30.584000000000007,4.870000000000001,62.946,23.432000000000002,12.532000000000004,17.661999999999995,3.926,2009.0,3352.94,1581.3,795.71,1633.17,440.0,1830.65,0.19
4,177.0,29.09,35.6,15.99,78.56,32.59,23.45,27.44,7.57,2009.0,177.0,8.5,27.65,0.0,45.88,25.43,14.24,20.44,1.76,2009.0,177.0,22.40666666666667,32.105333333333334,2.4706666666666663,61.61466666666667,29.031999999999996,18.151999999999997,23.398000000000003,3.965333333333333,2009.0,6024.37,3686.41,610.67,2698.54,325.72,1225.12,0.52
5,193.0,28.69,35.06,22.4,80.42,30.57,20.66,24.42,6.8,2009.0,193.0,16.42,27.4,0.0,42.1,23.01,11.13,17.08,1.53,2009.0,193.0,23.279999999999994,31.46333333333333,4.584666666666666,56.73533333333334,27.236666666666665,16.215333333333334,21.602666666666668,4.072666666666667,2009.0,7289.54,4834.28,467.56,3258.32,243.47,864.96,0.03
6,209.0,26.86,32.9,9.75,75.71,33.94,18.53,25.62,5.73,2009.0,209.0,16.78,27.76,0.0,36.83,24.61,12.15,18.33,1.68,2009.0,209.0,24.414,30.213333333333324,1.5079999999999998,47.10666666666666,29.19333333333333,15.924000000000001,22.441333333333336,3.8586666666666662,2009.0,7573.39,5705.88,562.28,4071.97,285.41,649.58,0.7
7,225.0,25.52,36.25,12.6,83.37,34.58,22.29,27.61,7.38,2009.0,225.0,10.73,28.69,0.0,38.21,20.65,13.01,17.39,1.12,2009.0,225.0,19.534,32.846,4.227333333333334,57.90666666666668,29.195333333333327,17.87933333333333,23.497999999999998,4.446,2009.0,7956.41,5818.0,443.5,3927.38,222.84,484.6,0.09
8,241.0,23.51,34.56,10.9,62.89,30.5,20.06,23.21,7.63,2009.0,241.0,10.84,25.56,0.0,43.39,22.72,8.62,15.59,1.79,2009.0,241.0,20.125333333333334,29.390666666666664,1.591333333333334,53.727333333333334,26.397999999999993,12.853333333333332,19.503333333333334,4.108,2009.0,5360.59,3442.48,863.95,2917.65,409.41,919.96,0.0
9,257.0,19.94,33.88,13.45,81.66,30.57,17.85,23.02,5.93,2009.0,257.0,6.55,29.3,0.0,44.24,20.67,13.42,17.52,1.11,2009.0,257.0,16.082666666666668,31.058666666666667,2.426,61.02266666666665,27.1,15.314666666666671,21.131999999999998,3.153999999999999,2009.0,3702.38,2210.74,1140.74,2481.45,557.09,1519.97,0.0
10,273.0,17.78,32.58,17.26,93.44,25.46,14.78,18.54,9.34,2009.0,273.0,3.17,23.36,0.0,46.89,7.92,1.0,6.34,1.53,2009.0,273.0,11.231999999999998,27.829999999999995,2.6093333333333333,67.42533333333334,17.272,7.075999999999999,11.760666666666669,5.01,2009.0,1985.91,1332.66,2394.32,3182.77,2057.21,1781.27,2.49
11,289.0,16.09,30.38,23.99,96.34,16.21,7.01,10.62,8.1,2009.0,289.0,2.41,20.63,0.0,43.86,2.19,-4.96,-1.21,1.7,2009.0,289.0,8.637333333333332,25.575333333333333,4.455333333333333,76.36466666666666,7.883333333333334,0.003333333333333284,3.3866666666666676,4.553333333333334,2009.0,2726.06,1457.58,1092.01,1931.09,573.35,1562.94,0.06
12,305.0,12.74,29.88,25.18,97.83,18.84,7.74,10.23,7.24,2009.0,305.0,2.92,20.2,0.0,46.6,8.69,-2.53,2.11,3.25,2009.0,305.0,8.908666666666669,24.594666666666672,2.7379999999999995,73.17999999999999,12.320666666666664,1.8506666666666667,6.287999999999999,4.966666666666667,2009.0,2278.26,1100.59,1017.56,1630.91,544.98,1509.22,0.0
