,DOY,INSgdmax,RADmax,RAINmax,RHmax,TMAXmax,TMINmax,Tmax,WINDmax,YEAR,DOY,INSgdmin,RADmin,RAINmin,RHmin,TMAXmin,TMINmin,Tmin,WINDmin,YEAR,DOY,INSgdmean,RADmean,RAINmean,RHmean,TMAXmean,TMINmean,Tmean,WINDmean,YEAR,NDVI,EVI,RED,NIR,BLUE,MIR,pixrel
0,113.0,25.1366,32.179,24.6342,96.8882,27.2595,12.8692,19.7998,8.866399999999999,2009.0,113.0,5.298,23.5922,0.0,46.9363,12.250300000000001,1.0615,8.4688,2.3172,2009.0,113.0,16.125073333333333,27.86182666666667,4.324473333333333,68.75074666666667,19.076159999999998,6.553866666666667,12.744693333333332,5.637359999999999,2009.0,5181.25,3246.18,888.33,2786.69,463.18,1738.51,0.31
1,129.0,29.2138,32.113,25.7051,84.00319999999999,24.789,12.9696,17.9831,7.9777999999999984,2009.0,129.0,4.914899999999999,21.6496,0.0,35.9182,17.816999999999997,3.3453,10.5912,1.8254000000000001,2009.0,129.0,19.99946,27.669506666666663,4.311606666666666,58.13440666666666,21.232333333333337,8.819879999999998,14.914146666666667,4.668259999999999,2009.0,6241.1,4141.11,701.14,3116.96,373.19,1410.9,0.38
2,145.0,29.1843,33.4336,14.194399999999998,89.896,29.650199999999998,17.3073,21.997300000000003,9.700800000000001,2009.0,145.0,6.9183,27.4267,0.0,46.02759999999999,18.200699999999998,8.4865,15.8084,2.6561,2009.0,145.0,21.66048,30.520619999999997,2.5115733333333337,62.52682,25.4974,13.861266666666666,19.44478666666667,5.213253333333332,2009.0,6645.11,4275.42,599.0,3040.7,316.62,1322.97,0.02
3,161.0,28.2728,34.4123,33.6593,90.6744,29.5868,17.98,23.622,5.4299,2009.0,161.0,4.9458,27.035600000000002,0.0,44.7489,21.8514,10.0654,16.514899999999997,1.7447,2009.0,161.0,17.93796,31.730246666666666,7.6647333333333325,70.39773333333335,24.76907333333334,14.242886666666667,19.298653333333334,3.724466666666667,2009.0,7225.68,4779.14,510.13,3233.49,277.27,1038.25,0.0
4,177.0,29.673099999999998,35.8497,25.5837,83.15530000000001,32.9647,23.7746,27.567999999999998,6.5397,2009.0,177.0,7.332799999999999,27.728299999999997,0.0,52.349799999999995,25.8765,15.0212,20.8115,1.6014,2009.0,177.0,21.735633333333332,32.70543333333333,3.9853533333333337,68.88804666666667,28.93295333333333,19.17326,23.934293333333333,3.6291,2009.0,7119.67,4860.96,568.9,3394.51,305.84,1256.09,0.38
5,193.0,28.0716,35.4534,17.0228,88.9041,29.2409,20.2586,23.689100000000003,6.2713,2009.0,193.0,14.951,27.9416,0.0,45.064499999999995,22.9395,11.1828,17.275100000000002,1.6852,2009.0,193.0,22.548880000000004,31.828926666666664,4.866513333333334,64.12618,26.98750666666667,16.321059999999996,21.630066666666668,3.7992666666666666,2009.0,7979.07,6038.78,453.97,4064.85,249.31,960.27,0.24
6,209.0,27.081899999999997,33.6704,18.0475,79.50800000000001,34.57939999999999,20.1884,26.6841,5.5547,2009.0,209.0,19.1009,29.2117,0.0,40.5032,24.018700000000003,13.850100000000001,19.698900000000002,1.7364000000000002,2009.0,209.0,24.41592,31.10973333333333,3.7343666666666664,51.09898,29.697673333333334,16.791846666666668,23.117846666666665,3.771533333333333,2009.0,8151.83,5935.35,387.99,3862.38,211.54,843.81,0.0
7,225.0,25.4605,37.122299999999996,29.6331,80.06649999999999,34.8832,23.9309,28.977800000000002,7.342,2009.0,225.0,11.9097,30.202600000000004,0.0,38.9143,22.1597,13.2212,18.4224,2.0877,2009.0,225.0,19.882246666666667,33.29754666666666,5.455906666666667,59.60690000000001,29.887006666666665,18.565186666666666,24.245299999999997,4.469606666666667,2009.0,8002.18,6196.26,461.3,4206.95,251.64,988.92,0.01
8,241.0,23.9341,36.7548,26.888900000000003,86.0112,31.2745,20.5826,23.271900000000002,7.1919,2009.0,241.0,6.417999999999999,26.764899999999997,0.0,51.1524,21.374200000000002,8.4041,15.377200000000002,1.3826999999999998,2009.0,241.0,18.563433333333332,30.361326666666663,3.2493800000000004,61.954346666666666,25.411499999999997,13.110806666666667,19.183946666666667,3.860946666666667,2009.0,8066.21,5712.58,394.76,3710.65,212.57,756.14,1.05
9,257.0,19.6584,33.4291,8.9017,86.1191,29.4739,17.474200000000003,22.294200000000004,4.956799999999999,2009.0,257.0,8.5597,29.173699999999997,0.0,51.400099999999995,22.689100000000003,13.380299999999998,17.5775,1.5661,2009.0,257.0,17.067473333333332,31.115646666666663,0.8041,63.459833333333336,27.040613333333336,15.11138,20.88852,2.8036800000000004,2009.0,6335.03,3725.84,596.46,2695.76,290.97,1110.07,0.0
10,273.0,18.317,31.845999999999997,14.878400000000001,87.82639999999998,26.4931,14.7859,18.9851,9.1762,2009.0,273.0,3.2565,23.6338,0.0,40.887699999999995,9.933900000000001,1.7408000000000001,7.467899999999999,1.1372,2009.0,273.0,12.741273333333336,28.118940000000002,2.3728066666666665,63.29128,18.69592666666667,7.567393333333333,12.80559333333333,4.96028,2009.0,5872.44,3656.3,736.1,2854.57,381.94,1167.02,0.85
11,289.0,16.4517,31.9842,44.2515,98.372,18.934400000000004,9.9041,13.4102,8.1062,2009.0,289.0,2.4024,21.4951,0.0,46.4214,3.3815999999999997,-3.2750999999999997,0.43110000000000004,1.6804,2009.0,289.0,8.283626666666667,26.6594,5.0005533333333325,76.90702,9.978046666666666,1.362153333333333,5.154626666666667,4.30732,2009.0,4691.82,2689.7,850.52,2385.22,441.43,1365.04,0.0
12,305.0,13.3457,31.0011,34.4426,97.3424,19.856,8.7182,11.865300000000001,6.962299999999999,2009.0,305.0,3.3354,21.065399999999997,0.0,57.980500000000006,9.6873,-1.2668000000000001,3.6933,3.4558,2009.0,305.0,9.461393333333332,25.18747333333333,3.067306666666666,75.04311333333334,13.93962,2.82306,7.6572466666666665,4.919506666666668,2009.0,4305.99,2305.95,834.59,2122.25,430.43,1539.09,0.0
