,DOY,INSgdmax,RADmax,RAINmax,RHmax,TMAXmax,TMINmax,Tmax,WINDmax,YEAR,DOY,INSgdmin,RADmin,RAINmin,RHmin,TMAXmin,TMINmin,Tmin,WINDmin,YEAR,DOY,INSgdmean,RADmean,RAINmean,RHmean,TMAXmean,TMINmean,Tmean,WINDmean,YEAR,NDVI,EVI,RED,NIR,BLUE,MIR,pixrel
0,113.0,25.96,33.34,18.23,91.59,26.21,14.71,20.01,8.08,2009.0,113.0,7.63,21.46,0.0,48.87,13.27,1.84,8.11,2.66,2009.0,113.0,15.482000000000001,28.206000000000003,4.917333333333334,73.36266666666667,19.780000000000005,7.978000000000001,13.908666666666669,5.273333333333335,2009.0,3743.18,1411.64,664.99,1369.78,470.17,783.47,0.38
1,129.0,29.41,33.05,57.42,92.9,24.29,14.45,18.88,7.96,2009.0,129.0,2.59,22.54,0.0,37.0,16.98,4.47,11.27,1.82,2009.0,129.0,20.953999999999997,27.976000000000003,9.721333333333332,62.184,21.472666666666672,9.889999999999999,15.481999999999998,4.2219999999999995,2009.0,4005.46,1677.82,441.46,1390.64,224.61,830.91,12.79
2,145.0,28.94,34.34,21.44,95.38,27.32,18.44,22.6,7.47,2009.0,145.0,10.8,26.6,0.0,56.22,17.86,8.44,14.85,2.04,2009.0,145.0,21.453333333333333,30.45333333333333,2.9040000000000004,71.65666666666668,24.48266666666667,13.438666666666668,18.842,4.708666666666667,2009.0,4826.22,2220.14,447.06,1611.9,280.52,668.24,3.28
3,161.0,26.57,34.2,34.77,89.07,28.99,18.45,23.74,4.99,2009.0,161.0,10.4,28.4,0.0,61.6,21.58,11.48,16.01,1.46,2009.0,161.0,18.866,32.062,10.756666666666666,77.62133333333333,24.596000000000004,15.334666666666665,19.73666666666667,3.3659999999999997,2009.0,6141.67,3262.29,296.11,2063.35,177.77,499.32,5.13
4,177.0,29.63,36.79,21.38,87.28,31.72,24.11,27.73,5.98,2009.0,177.0,16.49,27.76,0.0,63.79,24.03,15.28,19.71,1.72,2009.0,177.0,23.500666666666667,33.01199999999999,2.6793333333333336,75.574,28.521333333333338,19.39333333333333,23.86333333333333,3.5640000000000005,2009.0,6239.53,3620.46,265.43,2271.57,165.06,408.88,10.35
5,193.0,27.86,35.86,30.32,89.46,27.81,20.49,23.66,6.27,2009.0,193.0,7.06,29.16,0.0,54.49,21.49,11.07,16.43,1.86,2009.0,193.0,20.608666666666668,32.01466666666667,6.575999999999999,70.946,25.799999999999997,16.57133333333333,21.178666666666665,3.459333333333334,2009.0,6455.71,3586.91,285.84,2212.67,186.95,389.03,5.57
6,209.0,27.22,33.62,19.86,80.5,31.91,19.67,25.12,5.19,2009.0,209.0,9.22,29.34,0.0,49.15,24.73,13.6,20.27,1.27,2009.0,209.0,23.245333333333335,31.28133333333333,4.458,62.48799999999999,27.889999999999997,16.557333333333336,22.239333333333338,3.5046666666666666,2009.0,6527.98,3741.39,279.42,2293.58,184.68,423.51,2.86
7,225.0,24.95,36.83,43.32,88.66,31.78,23.91,27.47,7.75,2009.0,225.0,7.49,30.46,0.0,49.14,23.02,15.72,20.05,1.8,2009.0,225.0,19.079999999999995,33.705999999999996,8.221333333333332,69.57866666666668,28.826000000000004,18.96933333333334,23.694000000000003,4.262,2009.0,6307.9,3445.43,267.9,2161.63,170.06,390.17,10.33
8,241.0,24.7,36.86,28.25,94.87,30.03,20.5,22.79,5.21,2009.0,241.0,1.51,26.5,0.0,49.87,20.99,8.19,14.56,1.12,2009.0,241.0,18.259333333333334,29.659333333333333,3.5773333333333337,64.41000000000001,25.025333333333332,13.074666666666669,18.95333333333333,3.0639999999999996,2009.0,6031.27,2977.1,210.89,1795.08,123.16,294.23,10.23
9,257.0,19.87,33.23,6.68,81.83,29.32,16.47,22.56,4.24,2009.0,257.0,7.99,27.36,0.0,52.33,24.33,11.69,18.64,1.73,2009.0,257.0,17.09333333333333,30.478666666666662,0.9359999999999999,62.71466666666667,27.401999999999997,14.621999999999998,20.743999999999996,2.651333333333333,2009.0,6139.92,2823.32,240.02,1753.57,130.09,325.24,12.75
10,273.0,18.4,33.84,18.98,91.25,28.53,16.74,19.32,9.0,2009.0,273.0,2.99,24.01,0.0,43.75,10.44,1.83,8.05,1.49,2009.0,273.0,12.824000000000002,28.32266666666667,5.213333333333334,69.578,18.985333333333333,8.580666666666666,13.457333333333333,4.752666666666666,2009.0,5597.83,2673.15,472.37,1830.2,367.12,447.44,0.38
11,289.0,14.83,33.08,33.46,97.05,19.86,13.71,16.22,6.63,2009.0,289.0,2.99,23.51,0.0,46.25,5.25,-3.0,1.44,1.66,2009.0,289.0,8.504666666666667,27.32666666666666,5.308666666666666,76.24199999999999,11.864000000000003,2.916666666666667,6.897333333333333,4.209333333333334,2009.0,3691.51,1593.39,989.58,1790.23,865.45,983.68,1.96
12,305.0,13.36,31.39,23.99,96.96,20.45,8.8,13.19,8.05,2009.0,305.0,3.02,21.64,0.0,61.06,9.97,-1.11,4.43,2.97,2009.0,305.0,9.637333333333336,26.042666666666666,1.853333333333333,76.85533333333335,14.756666666666666,3.8073333333333337,8.753333333333332,4.828666666666666,2009.0,3995.72,1128.71,181.6,899.48,47.45,382.3,30.64
