,DOY,INSgdmax,RADmax,RAINmax,RHmax,TMAXmax,TMINmax,Tmax,WINDmax,YEAR,DOY,INSgdmin,RADmin,RAINmin,RHmin,TMAXmin,TMINmin,Tmin,WINDmin,YEAR,DOY,INSgdmean,RADmean,RAINmean,RHmean,TMAXmean,TMINmean,Tmean,WINDmean,YEAR,NDVI,EVI,RED,NIR,BLUE,MIR,pixrel
0,113.0,25.4069,33.0112,27.559800000000003,96.2709,26.6477,13.231,19.8638,8.572399999999998,2009.0,113.0,6.2095,22.158299999999997,0.0,47.678200000000004,12.4589,1.1248,8.101700000000001,2.209,2009.0,113.0,15.625573333333334,27.90441333333333,4.584606666666666,70.89502666666667,19.083259999999996,6.88072,12.94974,5.5251399999999995,2009.0,4515.64,2030.42,658.88,1723.91,340.83,1137.94,0.11
1,129.0,29.2672,32.0954,33.5424,87.7987,24.1383,13.1867,17.807499999999997,7.9783,2009.0,129.0,3.4645,21.901200000000003,0.0,36.8037,17.195500000000003,3.3950000000000005,10.434899999999999,1.8409,2009.0,129.0,20.04143333333333,27.71218,5.4015933333333335,60.16168666666667,21.034053333333333,9.052246666666665,14.87436,4.5490200000000005,2009.0,4713.64,2174.04,652.77,1804.52,339.03,1139.22,0.04
2,145.0,29.007399999999997,33.6365,14.656399999999998,91.6208,28.646400000000003,17.5575,21.7686,9.0103,2009.0,145.0,7.821400000000001,27.066200000000002,0.0,49.14660000000001,18.3607,8.1798,15.037100000000002,2.3424,2009.0,145.0,21.352953333333332,30.389313333333334,2.7781600000000006,66.70998666666667,24.71854666666667,13.434966666666668,18.859046666666668,5.067886666666666,2009.0,5240.54,2372.26,562.79,1795.09,298.13,926.51,0.03
3,161.0,28.323999999999998,34.1673,32.357600000000005,91.4862,28.6518,18.0545,23.074199999999998,5.2941,2009.0,161.0,6.725999999999999,27.131100000000004,0.0,52.0138,21.9187,10.123999999999999,16.3497,1.8243,2009.0,161.0,18.162826666666668,31.608873333333335,8.459613333333333,73.64845333333334,24.45840666666667,14.408593333333332,19.239933333333333,3.5833266666666668,2009.0,6409.34,3388.98,504.04,2302.98,279.29,864.74,0.0
4,177.0,29.6449,36.1109,26.8138,85.65459999999999,32.1983,23.8174,27.399499999999996,6.3616,2009.0,177.0,10.368499999999997,27.676099999999998,0.0,57.5004,25.161499999999997,15.0149,20.189700000000002,1.5723,2009.0,177.0,22.099553333333333,32.79829333333333,3.72452,72.17200666666668,28.52214,19.05294,23.72441333333333,3.6306866666666666,2009.0,7611.7,4509.59,383.24,2841.93,215.61,713.43,0.27
5,193.0,28.090200000000003,35.7526,26.0301,89.4198,28.278799999999997,20.1044,23.458299999999998,6.430899999999999,2009.0,193.0,10.7285,28.428800000000003,0.0,48.5634,22.044400000000003,11.0837,16.733500000000003,1.9180999999999997,2009.0,193.0,21.604893333333337,31.852046666666666,5.6682733333333335,66.95886,26.20699333333333,16.166946666666668,21.188026666666666,3.665613333333333,2009.0,7908.23,4570.41,327.2,2785.29,190.28,606.16,0.15
6,209.0,26.9806,33.5411,22.4216,76.0522,33.6346,20.1429,26.0537,5.505599999999999,2009.0,209.0,17.4182,29.358199999999997,0.0,42.5624,24.0049,13.8889,19.754999999999995,1.6776,2009.0,209.0,24.150695714285717,31.11756666666666,4.214006666666667,53.84512,28.94854666666667,16.745753333333337,22.74146666666666,3.7791666666666677,2009.0,7965.37,4668.63,314.65,2822.32,181.3,578.53,0.93
7,225.0,25.3052,36.8059,33.6561,80.3004,33.7044,23.8264,28.018700000000003,7.488100000000001,2009.0,225.0,10.382900000000001,30.177799999999998,0.0,41.0575,22.7569,14.1373,18.8831,2.0958,2009.0,225.0,19.488506666666666,33.43528,5.78888,62.492013333333325,29.633580000000002,18.642493333333334,24.04235333333333,4.391053333333335,2009.0,7925.54,4292.95,295.17,2555.2,169.53,526.86,0.14
8,240.99999999999997,24.280300000000004,36.3832,29.298099999999998,94.311,30.7794,19.726100000000002,22.9561,6.5252,2009.0,240.99999999999997,6.116999999999999,26.3752,0.0,48.8068,20.093600000000002,8.1397,14.8065,1.2142,2009.0,240.99999999999997,18.709780000000002,29.853126666666668,3.3582333333333336,63.17255333333333,24.889186666666667,12.777593333333334,18.787726666666668,3.5181000000000004,2009.0,7563.69,3984.0,332.16,2415.11,189.41,577.42,0.08
9,257.0,19.6592,32.8909,6.972,86.9587,29.110500000000002,18.0422,22.3917,4.4774,2009.0,257.0,8.505700000000001,28.997,0.0,53.471199999999996,23.997799999999998,13.060500000000001,18.2758,1.5558,2009.0,257.0,17.120299999999997,30.984613333333336,0.6522533333333334,63.491846666666675,27.161993333333335,15.086066666666667,20.860433333333333,2.71496,2009.0,7143.95,3492.35,365.63,2163.86,204.97,627.48,0.0
10,273.0,18.2813,32.8612,16.4176,89.74270000000001,26.8763,16.1954,19.5105,9.251100000000001,2009.0,273.0,3.3339999999999996,23.676700000000004,0.0,43.6975,10.2017,1.3904,7.6211,1.1132,2009.0,273.0,12.667046666666664,28.258793333333333,3.6344400000000006,66.34615333333333,18.636333333333333,7.947306666666666,12.964680000000001,4.90892,2009.0,6338.39,3045.72,476.69,2055.31,288.24,686.46,0.5
11,289.0,15.308300000000001,32.7215,43.3357,97.23,19.4365,10.5912,14.1003,7.9719999999999995,2009.0,289.0,2.7701,22.110500000000002,0.0,45.669999999999995,4.2377,-3.285,0.7646,1.5772,2009.0,289.0,8.379933333333334,26.898173333333332,5.480886666666667,76.64268,10.543433333333333,1.8087266666666666,5.645186666666666,4.245086666666667,2009.0,4931.59,2229.65,610.48,1791.32,296.05,853.41,0.0
12,305.0,13.305399999999999,31.2628,31.5532,98.1427,19.7607,8.3166,12.1772,7.256600000000001,2009.0,305.0,3.1972,21.3451,0.0,61.1266,9.3882,-1.4202,3.6534,3.4691,2009.0,305.0,9.425953333333332,25.421373333333335,2.5412733333333333,76.76496666666665,13.912180000000001,2.9022,7.7912,4.942946666666667,2009.0,4830.92,1837.11,503.6,1422.42,261.02,833.12,0.02
