,DOY,INSgdmax,RADmax,RAINmax,RHmax,TMAXmax,TMINmax,Tmax,WINDmax,YEAR,DOY,INSgdmin,RADmin,RAINmin,RHmin,TMAXmin,TMINmin,Tmin,WINDmin,YEAR,DOY,INSgdmean,RADmean,RAINmean,RHmean,TMAXmean,TMINmean,Tmean,WINDmean,YEAR,NDVI,EVI,RED,NIR,BLUE,MIR,pixrel
0,113.0,25.3256,32.9884,29.698399999999996,95.44040000000001,26.708399999999997,13.3484,20.18,8.419999999999998,2009.0,113.0,6.2692,22.935200000000002,0.0,48.0244,13.384400000000001,1.4308,8.916,2.2416,2009.0,113.0,15.883493333333332,28.071973333333332,4.65728,71.75106666666666,19.456266666666664,7.4458400000000005,13.398533333333333,5.295359999999999,2009.0,5566.68,3290.69,742.35,2594.85,394.17,1319.92,0.13
1,129.0,29.2672,32.6984,36.8204,91.6264,24.498,13.509599999999999,18.424799999999998,7.646,2009.0,129.0,1.3856000000000002,22.1764,0.0,39.2124,17.650399999999998,3.9316,10.955200000000001,1.3616,2009.0,129.0,20.44128,28.028266666666664,6.389759999999999,61.86738666666666,21.321119999999997,9.468186666666668,15.2192,4.341093333333333,2009.0,6411.64,4373.56,701.77,3273.79,375.98,1398.05,0.21
2,145.0,28.97,34.1636,15.9708,93.07320000000001,28.0456,18.550000000000004,22.305999999999997,8.5448,2009.0,145.0,6.5847999999999995,26.772800000000004,0.0,53.197199999999995,18.005200000000002,8.314,15.2868,2.184,2009.0,145.0,21.529679999999992,30.434373333333333,2.9611199999999998,68.86562666666667,24.915813333333332,13.866480000000001,19.18933333333333,4.912506666666666,2009.0,6886.17,4542.51,580.84,3182.78,309.94,1304.45,0.0
3,161.0,28.2832,34.20440000000001,37.61,91.34360000000001,29.387999999999998,18.523200000000003,24.0136,5.2824,2009.0,161.0,7.615600000000001,27.9528,0.0,55.026799999999994,22.3024,10.842400000000001,16.4528,1.9736000000000002,2009.0,161.0,18.90938666666667,32.04208,9.736586666666668,75.44338666666667,24.673173333333338,15.162320000000001,19.658426666666667,3.5407466666666667,2009.0,7217.76,4957.51,532.66,3401.64,290.17,1122.33,0.04
4,177.0,29.790799999999997,36.172799999999995,32.184,85.96520000000001,32.0924,23.9672,27.6364,6.094,2009.0,177.0,8.4628,27.68,0.0,59.0036,25.3292,15.171600000000002,20.5352,1.7391999999999999,2009.0,177.0,23.05722666666667,32.802933333333335,3.5987999999999998,73.40215999999998,28.660800000000002,19.408933333333337,23.957626666666666,3.5909333333333335,2009.0,7273.13,5092.91,548.64,3538.5,295.5,1222.86,0.21
5,193.0,27.512,35.765600000000006,21.541600000000003,89.46880000000002,28.296799999999998,20.581200000000003,23.732,6.1088000000000005,2009.0,193.0,8.4616,28.364800000000002,0.0,48.273199999999996,22.382800000000003,11.090800000000002,16.9976,1.7835999999999999,2009.0,193.0,21.61306666666667,31.969733333333338,5.261893333333334,68.48365333333332,26.388346666666664,16.542373333333334,21.444426666666665,3.63152,2009.0,7872.49,5702.13,446.77,3796.31,244.81,954.95,0.0
6,209.0,27.330799999999996,33.902800000000006,22.6328,81.77960000000002,34.6756,19.8364,25.9884,5.3271999999999995,2009.0,209.0,15.655999999999999,29.552,0.0,44.0604,23.6344,13.9056,19.7028,1.6988,2009.0,209.0,23.88959238095238,31.446319999999993,5.084746666666668,55.7768,29.20858666666667,16.923493333333333,22.90893333333333,3.7222399999999998,2009.0,8024.6,5664.75,398.52,3669.91,220.55,841.47,0.16
7,225.0,25.3108,36.7756,37.6724,79.916,33.9556,24.108800000000002,28.834400000000002,8.2464,2009.0,225.0,11.831600000000002,30.4364,0.0,43.4656,23.4056,14.1308,19.1052,2.2092,2009.0,225.0,20.379039999999996,33.4996,5.687093333333334,63.35749333333333,29.795146666666668,18.827573333333333,24.208213333333337,4.463653333333333,2009.0,7967.4,6060.94,460.32,4104.94,250.09,917.13,0.29
8,241.0,24.276400000000002,36.5072,21.3384,97.2308,30.8248,20.0748,23.296,6.5232,2009.0,241.0,5.4664,27.0452,0.0,49.9812,20.5256,8.218399999999999,14.943600000000002,1.0396,2009.0,241.0,17.829279999999997,30.399519999999995,3.2798933333333338,64.37178666666665,25.120293333333336,13.170026666666669,19.081173333333332,3.5197600000000007,2009.0,7906.11,5402.28,407.49,3494.3,224.17,777.48,0.82
9,257.0,19.8544,33.11,10.924,88.578,29.2252,18.0636,22.3124,4.4904,2009.0,257.0,8.398,28.666400000000003,0.0,51.55200000000001,24.2224,12.7828,18.409999999999997,1.7551999999999999,2009.0,257.0,17.16792,30.94666666666667,0.7602666666666666,63.59213333333334,27.011413333333337,15.01936,20.720586666666662,2.7771999999999997,2009.0,6557.07,3825.28,554.37,2693.63,271.28,1078.17,0.02
10,273.0,18.485599999999998,32.0512,15.567200000000003,85.9872,27.4072,14.929599999999999,19.1288,8.932,2009.0,273.0,3.6644,23.7208,0.0,40.4936,11.0684,1.9115999999999997,8.123199999999999,1.1648,2009.0,273.0,13.292053333333332,28.11072,3.19064,63.365493333333326,19.2288,7.927839999999998,13.270533333333333,4.912000000000001,2009.0,6217.88,4110.83,738.61,3161.99,382.1,1223.83,0.69
11,289.0,15.646,32.69199999999999,45.4768,96.1456,20.34,11.0184,14.356,7.6008000000000004,2009.0,289.0,2.8036,22.604799999999997,0.0,49.926,4.0192,-2.9976000000000003,0.8344,1.9364000000000001,2009.0,289.0,8.372106666666667,27.086586666666665,5.03888,77.30754666666667,11.00488,2.20696,6.084746666666667,4.294613333333334,2009.0,5048.84,2624.46,669.91,2100.72,348.39,1128.65,0.0
12,305.0,13.468,31.6272,31.9636,97.60040000000001,20.3468,8.7216,12.9468,7.2892,2009.0,305.0,3.6100000000000003,21.032,0.0,59.712,10.4744,-0.8303999999999999,4.238,3.5556,2009.0,305.0,9.77048,25.556800000000003,2.64056,75.91698666666665,14.573946666666666,3.451813333333333,8.404053333333334,4.901493333333334,2009.0,4591.24,2454.94,779.5,2142.0,403.67,1440.47,0.0
