,DOY,INSgdmax,RADmax,RAINmax,RHmax,TMAXmax,TMINmax,Tmax,WINDmax,YEAR,DOY,INSgdmin,RADmin,RAINmin,RHmin,TMAXmin,TMINmin,Tmin,WINDmin,YEAR,DOY,INSgdmean,RADmean,RAINmean,RHmean,TMAXmean,TMINmean,Tmean,WINDmean,YEAR,NDVI,EVI,RED,NIR,BLUE,MIR,pixrel
0,113.0,25.42,33.73,30.24,91.43,26.05,17.6,20.39,7.93,2009.0,113.0,7.34,22.9,0.0,47.38,15.37,2.12,9.67,1.95,2009.0,113.0,16.147333333333332,28.590666666666667,5.6806666666666645,73.69866666666667,20.561333333333334,9.235999999999999,14.828666666666669,5.183333333333334,2009.0,4783.84,3047.12,998.16,2793.35,528.33,1811.37,0.37
1,129.0,29.2,33.95,31.07,91.83,25.68,15.54,19.89,7.33,2009.0,129.0,1.76,23.11,0.0,39.17,18.13,6.02,12.41,1.12,2009.0,129.0,20.496666666666666,28.717333333333336,7.820666666666667,63.967333333333336,21.827333333333332,10.602666666666666,16.141333333333332,4.043333333333333,2009.0,6339.8,4494.39,758.04,3438.07,411.72,1420.3,0.45
2,145.0,28.8,33.91,22.15,95.66,28.17,19.89,23.47,6.89,2009.0,145.0,8.24,26.5,0.0,56.44,19.48,8.3,15.9,1.42,2009.0,145.0,22.13666666666667,30.714000000000002,2.944666666666667,71.48599999999998,25.132,14.472666666666663,19.764666666666667,4.327999999999999,2009.0,6888.69,4508.25,564.18,3127.38,308.45,1164.66,0.0
3,161.0,27.04,34.88,42.68,90.92,30.47,20.58,25.07,6.09,2009.0,161.0,2.66,29.52,0.0,61.8,22.2,12.69,16.99,1.49,2009.0,161.0,18.895333333333333,32.652,13.700666666666669,79.52866666666667,24.95466666666667,16.169333333333334,20.349999999999998,3.531999999999999,2009.0,7201.85,5069.67,555.72,3514.31,304.94,1165.87,0.12
4,177.0,29.92,36.14,13.52,86.17,34.74,24.31,28.32,5.22,2009.0,177.0,9.14,27.97,0.0,63.0,25.56,16.35,21.31,1.47,2009.0,177.0,25.13533333333333,33.086,1.3459999999999999,74.76333333333334,29.311333333333334,20.046000000000003,24.621333333333332,3.4573333333333327,2009.0,7293.8,5475.72,602.56,3894.06,331.39,1290.76,0.52
5,193.0,27.43,36.36,23.43,88.21,29.94,21.99,24.71,6.0,2009.0,193.0,2.77,27.4,0.0,49.16,23.46,11.69,17.78,1.53,2009.0,193.0,20.21466666666667,32.30933333333333,4.982666666666668,68.88866666666667,27.210666666666665,17.497999999999998,22.26,3.587333333333333,2009.0,7831.02,5776.91,469.69,3881.27,259.31,1006.03,0.07
6,209.0,27.18,34.88,27.75,89.96,31.89,21.65,25.23,4.74,2009.0,209.0,9.86,29.56,0.0,47.51,22.79,14.29,19.52,2.15,2009.0,209.0,22.872,31.88466666666666,5.500666666666666,65.80666666666667,28.026666666666664,17.33466666666666,22.628,3.390666666666667,2009.0,8130.97,5946.39,394.71,3869.43,221.98,827.2,0.06
7,225.0,25.63,36.72,47.15,90.91,33.06,23.89,28.34,8.28,2009.0,225.0,10.84,30.74,0.0,55.06,23.98,15.82,20.68,1.7,2009.0,225.0,21.29266666666667,33.83133333333333,8.041999999999998,71.07933333333332,29.121333333333336,19.229333333333336,24.09,4.256000000000001,2009.0,7984.79,6110.23,456.2,4120.4,253.32,924.18,0.11
8,241.0,24.77,36.4,15.25,87.62,31.39,20.27,24.11,5.32,2009.0,241.0,6.26,27.36,0.0,50.02,21.21,8.59,15.3,1.2,2009.0,241.0,18.315999999999995,30.536000000000005,2.1013333333333333,62.71,25.966666666666665,13.539333333333333,19.667333333333332,3.1093333333333324,2009.0,7891.9,5695.78,441.5,3776.96,244.95,837.95,1.09
9,257.0,19.51,33.55,17.27,89.33,29.75,18.97,23.25,5.31,2009.0,257.0,6.84,27.83,0.0,42.83,25.23,11.71,19.05,1.8,2009.0,257.0,16.900666666666666,31.343999999999998,1.5219999999999998,60.695333333333345,27.904,15.365333333333332,21.20466666666666,3.026666666666667,2009.0,6964.51,4476.93,537.43,3088.32,284.67,1052.57,0.0
10,273.0,18.83,32.94,27.36,86.84,29.77,14.78,19.1,9.22,2009.0,273.0,4.39,23.94,0.0,39.34,14.8,2.52,10.17,1.41,2009.0,273.0,13.931999999999999,28.06533333333333,3.638666666666667,60.63999999999999,20.736666666666668,8.654666666666667,14.316666666666668,4.747333333333334,2009.0,6303.05,4398.23,765.59,3403.66,402.51,1290.49,1.0
11,289.0,15.01,33.59,34.71,98.85,20.97,13.36,16.29,6.4,2009.0,289.0,2.74,23.62,0.0,51.69,6.91,-1.7,2.79,2.57,2009.0,289.0,8.098,27.624000000000006,4.584,77.192,12.619333333333337,3.8893333333333335,7.808666666666668,4.272666666666667,2009.0,5140.0,2712.68,674.5,2156.98,354.12,1154.03,0.0
12,305.0,12.89,31.57,24.5,97.19,21.1,10.25,14.48,7.83,2009.0,305.0,3.28,21.06,0.0,55.2,11.19,0.15,5.17,3.12,2009.0,305.0,10.476666666666667,25.918666666666663,2.0613333333333332,75.68333333333334,15.922666666666668,4.820666666666667,9.696000000000002,4.818,2009.0,4487.38,2528.59,864.64,2302.67,449.04,1550.42,0.0
