,DOY,INSgdmax,RADmax,RAINmax,RHmax,TMAXmax,TMINmax,Tmax,WINDmax,YEAR,DOY,INSgdmin,RADmin,RAINmin,RHmin,TMAXmin,TMINmin,Tmin,WINDmin,YEAR,DOY,INSgdmean,RADmean,RAINmean,RHmean,TMAXmean,TMINmean,Tmean,WINDmean,YEAR,NDVI,EVI,RED,NIR,BLUE,MIR,pixrel
0,113.0,25.4174,32.8441,38.980999999999995,95.1407,27.0945,13.882299999999999,20.575200000000002,8.2476,2009.0,113.0,6.1046000000000005,23.358199999999997,0.0,47.286,14.5748,1.9363000000000001,9.8293,2.0396,2009.0,113.0,16.408666666666665,28.27328,5.19924,70.94863333333333,20.01414666666667,8.006466666666668,13.880206666666666,5.255733333333334,2009.0,3826.04,2491.83,1270.28,2820.66,644.41,2422.23,0.39
1,129.0,29.1355,32.9915,35.9495,90.4827,25.3311,14.025399999999998,18.9794,7.429599999999999,2009.0,129.0,1.4946000000000002,22.429299999999998,0.0,40.58189999999999,18.3902,4.7186,11.6136,1.2112,2009.0,129.0,19.839966666666665,28.39847333333333,6.077406666666667,61.88552,21.724786666666667,9.83648666666667,15.642693333333332,4.339026666666666,2009.0,5389.9,3592.9,939.79,3092.44,490.42,1947.64,0.49
2,145.0,29.0126,34.035399999999996,14.6258,91.93629999999999,28.634600000000002,18.9065,22.974999999999998,8.3625,2009.0,145.0,6.6422,27.0073,0.0,51.888999999999996,18.8692,8.6035,16.076999999999998,2.1334,2009.0,145.0,22.27607333333333,30.615019999999994,2.4883266666666666,67.36640666666668,25.55274,14.40824,19.805206666666667,4.807126666666667,2009.0,5946.85,3831.6,750.64,2969.13,392.97,1698.93,0.05
3,161.0,28.1864,34.709900000000005,43.9841,92.1148,30.121799999999997,19.6707,24.6762,5.757099999999999,2009.0,161.0,4.7261,28.6912,0.0,52.1897,22.8623,11.507100000000001,16.9242,2.1026000000000002,2009.0,161.0,19.03772,32.370979999999996,10.619206666666667,75.26327333333333,25.163199999999996,15.611760000000002,20.106146666666667,3.65386,2009.0,7124.75,4713.55,536.32,3220.33,294.37,1170.43,0.0
4,177.0,29.857300000000002,36.124700000000004,23.542099999999998,84.6789,32.7074,23.9731,28.103899999999996,6.0821000000000005,2009.0,177.0,6.0401,27.8993,0.0,56.981199999999994,25.4679,15.593500000000002,21.3218,1.7715999999999998,2009.0,177.0,23.45276666666667,32.90996,2.83768,72.60893333333331,28.992780000000003,19.795426666666664,24.35364666666667,3.5337200000000006,2009.0,7287.56,4999.2,535.65,3422.0,293.84,1186.68,0.1
5,193.0,27.784399999999998,35.9618,18.020400000000002,88.8861,29.414199999999997,21.581400000000002,24.274500000000003,5.7923,2009.0,193.0,12.7758,27.355800000000002,0.0,45.09309999999999,23.464,11.6045,17.7906,1.5526,2009.0,193.0,22.01302666666667,32.16963333333334,4.536433333333333,66.62574000000001,27.30251333333333,17.117473333333333,22.168013333333334,3.6750599999999993,2009.0,8009.74,5964.36,433.01,3981.77,240.61,937.45,0.04
6,209.0,27.5173,34.4641,23.213700000000003,84.6825,34.7095,20.579500000000003,26.4433,5.2725,2009.0,209.0,13.616299999999999,29.824000000000005,0.0,42.5573,23.535200000000003,14.294099999999998,19.8388,1.8201,2009.0,209.0,23.589333333333336,31.777386666666665,5.03474,56.05960666666667,29.61165333333333,17.380760000000002,23.32593333333333,3.653206666666667,2009.0,8214.97,6041.39,372.18,3906.16,210.41,798.16,0.01
7,225.0,25.4371,36.807199999999995,34.6188,81.445,35.6223,24.3337,29.738200000000003,8.5595,2009.0,225.0,12.871500000000001,30.4403,0.0,45.4996,23.989600000000003,13.993300000000001,19.5412,2.1294000000000004,2009.0,225.0,20.884373333333336,33.6815,5.953746666666667,63.191919999999996,30.06148,19.08130666666667,24.512526666666666,4.48848,2009.0,8108.08,6349.58,437.44,4278.73,246.13,927.88,0.01
8,241.0,24.362000000000002,36.4349,22.4172,95.1411,31.1847,20.4832,23.710900000000002,6.6676,2009.0,241.0,8.298399999999999,27.6899,0.0,51.76780000000001,20.6796,8.7601,15.5241,1.0644,2009.0,241.0,17.620626666666666,31.136093333333324,3.1101866666666664,64.65275333333334,25.44869333333334,13.62922,19.45104,3.6027466666666674,2009.0,8231.06,5817.18,353.77,3706.24,196.39,708.0,0.9
9,257.0,19.883,33.5224,17.8944,89.9102,29.3547,18.345100000000002,22.375500000000002,4.8643,2009.0,257.0,7.4888,28.849700000000006,0.0,47.0968,23.852800000000002,12.806999999999999,18.326,1.6611000000000002,2009.0,257.0,16.86051333333333,31.239919999999998,1.2373933333333333,63.642026666666666,26.89824666666667,15.156226666666665,20.763006666666662,2.8501733333333332,2009.0,6135.57,3478.87,605.14,2550.59,292.63,1162.29,0.0
10,273.0,18.7193,31.3729,15.4724,82.70729999999999,27.668799999999997,13.625799999999998,18.659100000000002,9.367,2009.0,273.0,4.3372,23.572700000000005,0.0,38.4332,12.5432,2.4957000000000003,9.1417,1.0271,2009.0,273.0,13.771666666666668,27.91697333333333,2.18656,60.416880000000006,19.811213333333335,7.965353333333333,13.552166666666666,4.917573333333333,2009.0,5628.44,3346.39,732.86,2631.57,383.73,1216.99,0.8
11,289.0,16.3376,32.7846,46.379400000000004,97.3491,20.8474,11.437800000000001,14.6705,7.6364,2009.0,289.0,2.7227000000000006,22.4773,0.0,52.9575,4.4488,-2.5182,1.2422,2.3351,2009.0,289.0,8.341293333333333,27.20090666666667,4.415799999999999,77.41378666666668,11.334066666666665,2.5744933333333333,6.479086666666666,4.393766666666667,2009.0,4395.47,2301.82,807.11,2085.99,416.68,1363.2,0.03
12,305.0,13.54,31.8176,34.155499999999996,96.9838,20.764499999999998,9.8248,13.5412,7.1203,2009.0,305.0,3.6350000000000002,20.887299999999996,0.0,57.8555,11.345,-0.1954,4.8436,3.3202,2009.0,305.0,10.0414,25.653986666666665,2.9987733333333333,75.14069999999998,15.113093333333335,3.94012,8.85218,4.836640000000001,2009.0,4075.61,2185.38,886.26,2115.87,454.46,1559.2,0.0
