,DOY,INSgdmax,RADmax,RAINmax,RHmax,TMAXmax,TMINmax,Tmax,WINDmax,YEAR,DOY,INSgdmin,RADmin,RAINmin,RHmin,TMAXmin,TMINmin,Tmin,WINDmin,YEAR,DOY,INSgdmean,RADmean,RAINmean,RHmean,TMAXmean,TMINmean,Tmean,WINDmean,YEAR,NDVI,EVI,RED,NIR,BLUE,MIR,pixrel
0,113.0,25.844500000000004,33.3554,18.6546,91.6714,26.175900000000002,14.8101,19.999000000000002,8.1097,2009.0,113.0,7.610199999999999,21.6415,0.0,49.0603,13.182,1.8906,8.041799999999999,2.6798,2009.0,113.0,15.575426666666667,28.237973333333336,5.041853333333334,73.44758666666667,19.80229333333334,7.996553333333334,13.929053333333332,5.275460000000002,2009.0,5187.37,1610.07,349.28,1117.96,232.33,545.56,0.26
1,129.0,29.3902,33.1215,59.555099999999996,92.7295,24.319699999999997,14.4313,18.8723,7.9853,2009.0,129.0,2.5867,22.570800000000002,0.0,36.9527,16.973399999999998,4.6030999999999995,11.3382,1.8244000000000002,2009.0,129.0,20.959059999999997,27.951506666666667,9.73974,62.1664,21.473840000000006,9.91222,15.49916,4.22618,2009.0,5332.16,2051.42,371.31,1399.34,228.06,668.83,0.01
2,145.0,28.9048,34.384,22.026300000000003,95.26559999999999,27.394800000000004,18.4345,22.5318,7.3896999999999995,2009.0,145.0,10.6933,26.6396,0.0,56.143,18.0932,8.510399999999999,14.896199999999999,2.0664000000000002,2009.0,145.0,21.423926666666663,30.462499999999995,2.9393466666666668,71.73799333333335,24.511413333333333,13.421873333333336,18.848086666666664,4.698913333333334,2009.0,5764.8,2246.8,333.95,1428.89,237.58,482.21,0.22
3,161.0,26.7086,34.2913,34.2486,89.026,29.000999999999998,18.4973,23.741099999999996,4.968,2009.0,161.0,10.5034,28.4121,0.0,61.7584,21.4304,11.5273,15.9913,1.5029,2009.0,161.0,18.998146666666667,32.07432,10.673286666666666,77.60145999999999,24.602893333333334,15.365466666666665,19.758960000000005,3.3687866666666664,2009.0,6461.77,3195.34,297.38,1919.01,231.29,468.6,0.0
4,177.0,29.622299999999996,36.7779,19.959899999999998,87.44279999999999,31.790399999999998,24.1507,27.781700000000004,6.014100000000001,2009.0,177.0,16.247999999999998,27.7677,0.0,64.0452,23.9409,15.255799999999997,19.6506,1.6726999999999999,2009.0,177.0,23.59768666666667,33.01859999999999,2.6115733333333337,75.51702,28.500286666666668,19.40851333333333,23.870373333333326,3.556886666666667,2009.0,7180.74,3633.1,250.31,2094.01,208.3,355.89,0.27
5,193.0,27.8171,35.840199999999996,28.9692,89.3973,27.792399999999997,20.4834,23.646800000000002,6.2711,2009.0,193.0,7.5748,29.1479,0.0,54.97730000000001,21.441599999999998,11.0854,16.3926,1.8358000000000003,2009.0,193.0,20.53386666666667,32.02112,6.47546,71.03744666666667,25.786433333333335,16.55718,21.169866666666664,3.4555200000000004,2009.0,7381.32,3763.21,264.75,2199.37,213.25,432.29,0.0
6,209.0,27.1914,33.639799999999994,20.0767,80.93889999999999,31.697700000000005,19.6535,25.0298,5.1999,2009.0,209.0,8.6293,29.245399999999997,0.0,49.69669999999999,24.681600000000003,13.561499999999999,20.2194,1.2579,2009.0,209.0,23.157186666666668,31.270699999999994,4.500313333333334,63.27039333333333,27.748466666666662,16.53628666666667,22.16959333333334,3.4875066666666665,2009.0,7240.12,3611.67,240.26,2062.92,204.01,336.69,0.23
7,225.0,24.962099999999996,36.8454,43.6038,89.2166,31.7008,23.8759,27.393,7.6818,2009.0,225.0,7.3437,30.4358,0.0,49.5888,23.048599999999997,15.644100000000002,20.0775,1.7802,2009.0,225.0,19.038639999999994,33.690086666666666,8.52662,69.88952666666668,28.747166666666672,18.971680000000006,23.666353333333333,4.240366666666667,2009.0,7381.98,3326.41,210.12,1872.25,164.32,313.14,0.0
8,241.0,24.715399999999995,36.8567,29.3676,94.65220000000001,30.038800000000002,20.424100000000003,22.823,5.2188,2009.0,241.0,1.6882000000000001,26.5198,0.0,50.262699999999995,21.0164,8.2285,14.571000000000002,1.1211,2009.0,241.0,18.29424,29.649726666666666,3.559733333333333,64.44417333333334,25.0213,13.081340000000003,18.95560666666666,3.04354,2009.0,7128.41,2952.0,193.17,1628.72,158.26,288.07,0.0
9,257.0,19.9657,33.281699999999994,7.721699999999999,81.0215,29.3112,16.4865,22.5688,4.2895,2009.0,257.0,8.0967,27.217,0.0,52.0715,24.413600000000002,11.527199999999997,18.5531,1.7069,2009.0,257.0,17.15537333333333,30.452706666666664,0.9742066666666667,62.70234666666667,27.441746666666667,14.565606666666664,20.737693333333333,2.6398200000000003,2009.0,6794.42,2647.32,221.23,1526.23,148.88,256.6,0.0
10,273.0,18.363699999999998,33.864200000000004,18.8172,91.4051,28.475,16.841199999999997,19.448700000000002,9.0209,2009.0,273.0,3.0890000000000004,24.010000000000005,0.0,44.2131,10.4455,1.8685,8.0654,1.4316999999999998,2009.0,273.0,12.773473333333333,28.335646666666666,5.152173333333334,69.97994,18.943240000000003,8.61352,13.455133333333334,4.732939999999999,2009.0,6964.17,2523.06,208.72,1435.14,127.97,194.66,0.3
11,289.0,14.8069,32.910599999999995,33.4765,97.12919999999998,19.937,13.729800000000001,16.2629,6.584899999999999,2009.0,289.0,2.9933,23.493500000000004,0.0,46.1334,5.333600000000001,-3.0120999999999998,1.4884,1.6622,2009.0,289.0,8.55336,27.32160666666666,5.474399999999999,76.24493333333334,11.900446666666669,2.9409400000000003,6.935246666666666,4.209993333333334,2009.0,4660.72,1805.14,687.47,1576.51,618.35,731.65,1.44
12,305.0,13.3116,31.3273,23.904199999999996,96.89289999999998,20.440099999999997,8.8825,13.193299999999999,8.083,2009.0,305.0,2.9408000000000003,21.64,0.0,61.0358,9.889700000000001,-1.1386,4.4036,2.9062000000000006,2009.0,305.0,9.635573333333335,26.04677333333333,1.9277666666666662,77.07108000000001,14.72902,3.82486,8.757953333333331,4.809013333333333,2009.0,5890.88,1691.9,205.19,1002.76,143.0,330.88,2.55
