,DOY,INSgdmax,RADmax,RAINmax,RHmax,TMAXmax,TMINmax,Tmax,WINDmax,YEAR,DOY,INSgdmin,RADmin,RAINmin,RHmin,TMAXmin,TMINmin,Tmin,WINDmin,YEAR,DOY,INSgdmean,RADmean,RAINmean,RHmean,TMAXmean,TMINmean,Tmean,WINDmean,YEAR,NDVI,EVI,RED,NIR,BLUE,MIR,pixrel
0,113.00000000000001,25.476100000000002,33.6252,23.8768,92.23760000000001,25.786900000000003,16.2227,20.2262,8.1439,2009.0,113.00000000000001,7.390599999999999,22.3369,0.0,49.963100000000004,13.411999999999999,2.3096,8.1944,2.7572,2009.0,113.00000000000001,15.902173333333334,28.549746666666667,5.803813333333334,74.18074666666668,20.190426666666667,8.575766666666668,14.4164,5.282966666666667,2009.0,5632.84,2022.02,343.6,1309.2,222.1,548.77,0.17
1,129.0,29.131,33.594100000000005,62.6865,90.9789,24.836299999999998,14.6883,19.1739,7.934699999999999,2009.0,129.0,2.2333,23.0798,0.0,37.1229,17.4204,6.133299999999999,12.2224,1.6356000000000002,2009.0,129.0,20.98734,28.110053333333333,9.321206666666665,62.47399999999999,21.641893333333336,10.3389,15.86516,4.15062,2009.0,5734.48,2385.79,391.32,1584.75,240.75,679.9,0.0
2,145.0,28.7574,34.48140000000001,22.119099999999996,94.589,28.1002,19.1349,22.898600000000002,6.6413,2009.0,145.0,9.4487,26.7566,0.0,55.26199999999999,19.7796,8.841199999999999,15.279,1.8642,2009.0,145.0,21.70618,30.56464666666667,2.9059733333333333,72.08486,24.889760000000003,13.734340000000001,19.225793333333332,4.494620000000001,2009.0,6274.72,2512.59,332.96,1552.5,226.15,485.98,0.23
3,161.0,27.702199999999998,34.6685,32.343,90.17060000000001,29.491999999999997,19.1857,24.246499999999997,5.0696,2009.0,161.0,9.839400000000001,28.585900000000002,0.0,63.194799999999994,20.7666,12.0465,16.0881,1.7374999999999998,2009.0,161.0,19.724933333333333,32.27108,10.297646666666669,78.15144666666666,24.658226666666664,15.763466666666666,20.032613333333334,3.4175733333333334,2009.0,6856.13,3114.82,307.23,1844.28,222.05,466.91,0.0
4,177.0,29.6971,36.658100000000005,12.282699999999998,87.767,33.122,24.4833,28.2039,6.0179,2009.0,177.0,15.155199999999999,27.9377,0.0,65.567,23.9913,15.513,19.836,1.4414999999999998,2009.0,177.0,24.336766666666666,33.11832,1.9784933333333337,75.1055,28.65146,19.742953333333336,24.167693333333332,3.4859133333333334,2009.0,7518.61,3808.1,268.81,2180.27,216.76,410.32,0.06
5,193.0,27.7265,36.0544,23.1028,88.2447,28.187599999999996,20.8422,23.9486,6.3067,2009.0,193.0,10.5952,28.9885,0.0,56.0097,21.8552,11.407399999999999,16.715799999999998,1.7096,2009.0,193.0,20.545346666666664,32.20561333333333,5.6921800000000005,70.89271333333335,26.127366666666664,16.838086666666666,21.46694666666667,3.4632666666666667,2009.0,7602.79,4228.81,303.03,2504.95,223.27,503.97,0.0
6,209.0,27.0668,34.2554,25.205299999999998,84.8869,30.570700000000002,20.4371,24.6288,5.246700000000001,2009.0,209.0,6.221500000000001,28.828000000000003,0.0,51.6813,23.8478,13.5701,20.0182,1.3342999999999998,2009.0,209.0,22.383320000000005,31.49296666666666,5.026126666666668,68.42224666666667,27.073093333333333,16.751780000000004,21.965753333333335,3.3354666666666666,2009.0,7624.74,3755.5,239.05,2130.22,182.25,387.59,0.0
7,225.0,25.0351,36.825399999999995,48.105000000000004,92.058,31.445199999999996,23.715500000000002,27.0736,7.384399999999999,2009.0,225.0,5.9982999999999995,30.455399999999997,0.0,53.04,24.075,15.416099999999998,20.6471,1.6452000000000002,2009.0,225.0,19.003519999999995,33.65663333333333,9.557166666666667,71.25944666666666,28.584433333333333,19.14326666666667,23.749006666666666,4.140833333333333,2009.0,7734.65,3736.11,234.49,2111.86,174.02,390.29,0.0
8,241.0,24.641399999999997,36.5321,26.651799999999998,87.7276,30.6314,19.9099,23.4572,5.1364,2009.0,241.0,4.8058000000000005,26.8546,0.0,51.1405,21.492799999999995,8.588899999999999,14.9774,1.1549,2009.0,241.0,18.569186666666663,29.750060000000005,2.853813333333333,62.77862666666667,25.58208666666666,13.334273333333332,19.36158,2.9578599999999997,2009.0,7644.65,3217.38,204.39,1762.9,154.87,325.47,0.0
9,257.0,20.445699999999995,33.7543,13.423299999999998,78.6731,29.6204,16.6605,22.8752,4.8727,2009.0,257.0,8.777899999999999,26.633599999999998,0.0,49.5447,25.187799999999996,10.8268,18.354300000000002,1.6306999999999998,2009.0,257.0,17.570093333333332,30.45146666666667,1.2917533333333335,61.709266666666664,27.84705333333333,14.474993333333332,20.894426666666664,2.704246666666667,2009.0,7433.05,2974.32,222.18,1713.77,114.08,343.73,0.0
10,273.0,18.3409,34.0048,18.851200000000002,91.68349999999998,28.948599999999995,17.184199999999997,19.8429,8.939499999999999,2009.0,273.0,3.9206,24.024400000000004,0.0,44.5469,11.9393,2.3459000000000003,8.767199999999999,1.1055,2009.0,273.0,12.836366666666667,28.344246666666663,4.6304533333333335,69.96614,19.300426666666667,8.911533333333333,13.744533333333335,4.634753333333333,2009.0,7567.9,2655.2,186.56,1483.53,84.5,255.5,0.51
11,289.0,14.7469,32.115399999999994,34.6315,97.7556,20.7892,13.546199999999999,16.4165,6.2646999999999995,2009.0,289.0,2.9560999999999997,23.288899999999998,0.0,46.566399999999994,6.768400000000001,-2.6296999999999997,2.3167999999999997,2.0088,2009.0,289.0,8.690813333333335,27.48244666666666,6.311733333333333,76.23582666666667,12.402833333333335,3.4044333333333334,7.47886,4.257033333333333,2009.0,5904.12,2102.85,485.99,1508.35,395.07,526.31,0.83
12,305.0,13.1042,31.0351,24.8966,97.2971,20.5175,9.786700000000002,13.732099999999999,8.1916,2009.0,305.0,2.5951999999999997,21.5284,0.0,59.90880000000001,9.8613,-0.8222,4.6202000000000005,2.5694,2009.0,305.0,9.772653333333334,26.109839999999995,2.5977799999999998,78.01106666666666,14.892913333333334,4.338086666666667,9.120473333333333,4.70192,2009.0,6464.86,2013.69,223.7,1154.95,157.1,341.63,0.0
