,DOY,INSgdmax,RADmax,RAINmax,RHmax,TMAXmax,TMINmax,Tmax,WINDmax,YEAR,DOY,INSgdmin,RADmin,RAINmin,RHmin,TMAXmin,TMINmin,Tmin,WINDmin,YEAR,DOY,INSgdmean,RADmean,RAINmean,RHmean,TMAXmean,TMINmean,Tmean,WINDmean,YEAR,NDVI,EVI,RED,NIR,BLUE,MIR,pixrel
0,113.0,25.34,32.47,32.66,96.65,27.03,13.19,20.3,8.54,2009.0,113.0,6.01,23.9,0.0,48.49,13.13,1.33,9.18,2.16,2009.0,113.0,16.351333333333333,28.031333333333333,4.568,70.87266666666666,19.310666666666666,7.178,13.187333333333333,5.335999999999999,2009.0,5674.77,3322.72,707.49,2569.44,374.18,1291.38,0.11
1,129.0,29.2,32.54,33.95,90.1,24.57,13.26,18.3,7.55,2009.0,129.0,1.4,22.21,0.0,39.15,17.9,3.85,10.96,1.28,2009.0,129.0,20.279999999999998,28.026666666666664,5.568,61.28466666666666,21.316,9.288666666666668,15.175999999999998,4.431333333333333,2009.0,6272.8,4077.49,682.44,3035.19,365.25,1343.26,0.24
2,145.0,29.09,34.13,15.03,92.19,28.54,18.67,22.33,8.9,2009.0,145.0,5.98,26.96,0.0,51.33,18.25,8.41,15.69,2.4,2009.0,145.0,21.737999999999996,30.451333333333327,2.82,67.27266666666668,25.21533333333333,14.078000000000001,19.413333333333334,5.012666666666666,2009.0,6671.91,4372.31,610.32,3118.1,324.69,1417.95,0.04
3,161.0,28.84,34.31,38.45,92.39,29.58,18.6,24.1,5.34,2009.0,161.0,5.47,27.9,0.0,50.99,22.6,10.66,16.52,2.18,2009.0,161.0,18.80666666666667,32.07599999999999,8.822666666666667,74.22066666666667,24.773333333333333,15.082,19.660666666666668,3.638666666666667,2009.0,7263.85,4904.58,525.17,3348.25,281.8,1178.6,0.0
4,177.0,29.81,36.0,31.08,85.01,32.63,23.9,27.79,6.31,2009.0,177.0,6.01,27.68,0.0,57.05,25.67,14.97,20.78,1.72,2009.0,177.0,22.734666666666666,32.721333333333334,3.7939999999999996,72.41399999999999,28.672000000000004,19.423333333333336,23.97266666666667,3.589333333333334,2009.0,7306.96,5123.12,546.86,3544.96,296.37,1238.59,0.47
5,193.0,27.32,35.42,16.18,89.2,28.58,20.73,23.78,5.96,2009.0,193.0,13.18,27.76,0.0,46.31,22.69,11.11,17.18,1.63,2009.0,193.0,22.334666666666667,31.907333333333337,4.635333333333334,67.36333333333333,26.660666666666668,16.559333333333335,21.590666666666667,3.7,2009.0,7985.66,5789.29,424.32,3823.42,231.62,930.87,0.08
6,209.0,27.47,34.09,22.1,83.93,35.29,19.87,26.31,5.38,2009.0,209.0,16.88,29.48,0.0,42.51,23.26,13.92,19.77,1.79,2009.0,209.0,23.81866666666666,31.44599999999999,5.270666666666667,54.372,29.486666666666665,16.951333333333334,23.059333333333328,3.72,2009.0,8008.22,5577.87,390.78,3593.17,215.13,875.04,0.0
7,225.0,25.45,36.79,31.97,79.94,34.93,24.08,29.42,8.28,2009.0,225.0,11.99,30.35,0.0,41.32,22.82,13.43,18.75,2.31,2009.0,225.0,20.772000000000002,33.40200000000001,5.313333333333335,61.55333333333333,29.90266666666666,18.745333333333335,24.325333333333333,4.487333333333334,2009.0,7840.45,5835.45,471.93,3944.88,256.45,1009.3,0.0
8,241.0,24.19,36.68,21.54,96.53,31.06,19.95,23.44,6.96,2009.0,241.0,7.06,27.29,0.0,51.57,19.94,8.3,15.15,1.03,2009.0,241.0,17.604,30.763999999999996,3.1973333333333334,64.79866666666666,25.039333333333335,13.29066666666667,19.109333333333332,3.722000000000001,2009.0,7955.79,5331.05,384.94,3403.62,211.2,769.84,0.99
9,257.0,19.84,33.23,12.7,89.85,29.23,17.67,22.01,4.86,2009.0,257.0,8.71,28.94,0.0,50.64,23.44,12.85,17.81,1.76,2009.0,257.0,17.221999999999998,31.034666666666666,0.8466666666666666,64.37933333333334,26.709333333333337,14.915999999999999,20.574666666666662,2.798,2009.0,6422.55,3647.42,558.84,2584.52,272.59,1088.85,0.0
10,273.0,18.5,31.36,13.46,83.52,26.74,13.6,18.5,8.98,2009.0,273.0,3.89,23.62,0.0,39.62,11.15,2.07,8.2,1.04,2009.0,273.0,13.413333333333332,27.968000000000004,2.5340000000000003,62.27333333333333,19.016000000000002,7.644,13.04333333333333,4.96,2009.0,5924.76,3836.06,752.93,3002.83,396.38,1267.29,0.81
11,289.0,16.63,32.26,48.28,96.76,20.34,10.38,13.66,7.86,2009.0,289.0,2.77,22.0,0.0,51.99,3.52,-3.06,0.58,2.09,2009.0,289.0,8.238666666666665,26.956666666666663,4.819999999999999,77.93666666666667,10.626,1.91,5.750666666666666,4.349333333333334,2009.0,4612.07,2278.42,698.17,1930.85,359.06,1256.38,0.0
12,305.0,13.54,31.68,36.37,97.13,20.27,9.24,12.75,7.03,2009.0,305.0,3.85,20.84,0.0,59.64,10.7,-0.72,4.19,3.69,2009.0,305.0,9.877999999999998,25.4,3.1099999999999994,75.73266666666665,14.468666666666667,3.359333333333333,8.253333333333334,4.873333333333334,2009.0,4280.2,2151.63,765.64,1940.4,395.94,1457.71,0.0
