,DOY,INSgdmax,RADmax,RAINmax,RHmax,TMAXmax,TMINmax,Tmax,WINDmax,YEAR,DOY,INSgdmin,RADmin,RAINmin,RHmin,TMAXmin,TMINmin,Tmin,WINDmin,YEAR,DOY,INSgdmean,RADmean,RAINmean,RHmean,TMAXmean,TMINmean,Tmean,WINDmean,YEAR,NDVI,EVI,RED,NIR,BLUE,MIR,pixrel
0,113.0,25.34,32.08,31.34,96.07,28.87,13.4,20.89,8.63,2009.0,113.0,3.24,23.26,0.0,42.1,11.89,2.08,9.47,2.18,2009.0,113.0,16.625333333333334,28.208666666666662,4.506666666666666,66.06866666666666,20.23866666666667,7.496666666666667,13.728666666666667,5.456,2009.0,2986.89,1966.93,1522.44,2797.87,750.34,2961.29,0.51
1,129.0,29.05,31.36,19.09,83.39,25.62,13.96,19.03,7.71,2009.0,129.0,3.67,22.46,0.0,38.17,19.09,4.64,11.86,1.65,2009.0,129.0,20.15666666666667,28.303333333333335,3.8493333333333335,57.42066666666667,22.331999999999997,9.671999999999999,15.880666666666663,4.621333333333333,2009.0,3867.79,2580.68,1320.1,2952.96,660.27,2759.93,0.44
2,145.0,29.2,34.24,14.1,89.75,30.58,19.33,23.12,9.46,2009.0,145.0,8.1,27.94,0.0,44.77,18.84,9.44,16.29,3.02,2009.0,145.0,22.718666666666664,30.838,2.001333333333333,60.755999999999986,26.976666666666667,14.715999999999998,20.59733333333333,5.179333333333333,2009.0,4187.06,2706.49,1168.67,2837.18,585.87,2526.17,0.43
3,161.0,27.47,34.78,41.51,92.42,31.79,19.37,25.0,5.51,2009.0,161.0,4.21,27.68,0.0,42.19,22.83,11.19,16.9,2.02,2009.0,161.0,19.104,32.441333333333326,8.562666666666667,69.48266666666667,26.026000000000003,15.457333333333333,20.36466666666667,3.768666666666667,2009.0,7250.84,5133.04,572.85,3588.43,309.1,1219.6,0.08
4,177.0,29.84,35.86,18.14,80.15,35.14,24.12,28.47,6.45,2009.0,177.0,5.08,28.22,0.0,46.89,26.16,15.48,22.45,1.87,2009.0,177.0,22.162666666666663,33.18933333333333,2.881333333333333,66.716,30.271333333333338,19.997333333333334,24.95266666666667,3.590666666666666,2009.0,7833.13,5828.73,471.93,3930.39,259.31,1072.6,0.03
5,193.0,28.04,36.4,16.05,87.88,30.98,21.33,24.6,5.66,2009.0,193.0,14.26,26.86,0.0,40.22,24.87,11.75,18.57,1.56,2009.0,193.0,22.447333333333333,32.26733333333333,4.379333333333333,62.06733333333334,28.528000000000002,17.276666666666667,22.828666666666667,3.779333333333334,2009.0,8774.37,7362.18,316.67,4885.99,175.93,749.24,0.25
6,209.0,27.22,35.14,17.29,79.56,37.07,20.4,27.79,5.61,2009.0,209.0,11.48,29.95,0.0,39.24,25.3,14.42,20.49,1.55,2009.0,209.0,23.160666666666668,31.862666666666666,4.844666666666667,50.213999999999984,31.40533333333333,17.486666666666668,24.22333333333334,3.7126666666666663,2009.0,8753.25,7298.86,313.53,4815.13,176.84,751.7,0.05
7,225.0,25.38,36.72,28.97,81.24,38.54,25.08,31.37,7.92,2009.0,225.0,10.8,30.82,0.0,38.17,23.58,13.32,19.15,1.89,2009.0,225.0,20.482000000000003,33.462666666666664,6.291999999999999,58.09,30.92733333333333,19.156666666666663,25.038,4.526666666666667,2009.0,8634.03,7431.12,359.8,5040.88,200.36,835.11,0.03
8,241.0,24.01,36.94,25.87,95.09,31.19,21.54,24.0,7.33,2009.0,241.0,5.69,27.83,0.0,51.83,22.72,9.36,16.3,0.96,2009.0,241.0,17.39333333333333,31.278,4.337999999999999,63.71799999999999,26.016666666666666,13.804,19.81133333333333,3.974666666666667,2009.0,8528.41,6592.13,337.2,4272.48,185.44,719.39,0.98
9,257.0,19.73,33.98,15.05,84.04,29.36,16.97,22.25,4.95,2009.0,257.0,6.37,29.3,0.0,46.42,21.9,13.99,17.67,1.59,2009.0,257.0,17.121333333333332,31.118,1.2473333333333334,62.73199999999999,27.179333333333332,15.157333333333334,21.005333333333336,2.8080000000000003,2009.0,4648.26,2498.22,832.44,2285.17,363.71,1516.86,0.0
10,273.0,18.83,31.9,9.24,81.16,27.84,12.84,18.34,9.47,2009.0,273.0,4.21,23.47,0.0,35.54,12.3,2.79,8.69,1.19,2009.0,273.0,13.192,28.09466666666667,1.2826666666666668,58.36199999999999,19.835333333333338,7.860666666666669,13.490666666666666,4.97,2009.0,4236.18,2277.96,882.98,2174.98,440.33,1392.74,0.41
11,289.0,16.7,32.54,40.56,97.44,20.74,10.43,13.89,8.08,2009.0,289.0,2.63,22.5,0.0,49.7,3.86,-2.61,0.62,2.45,2009.0,289.0,8.148,26.90533333333333,4.608666666666666,76.52066666666668,10.913333333333332,1.6686666666666667,5.770666666666667,4.3566666666666665,2009.0,3100.81,1645.2,1067.28,2024.07,533.37,1634.05,0.0
12,305.0,13.61,30.89,40.04,94.05,21.01,9.89,12.88,6.73,2009.0,305.0,3.06,20.74,0.0,58.47,11.18,-0.8,5.18,3.41,2009.0,305.0,9.636000000000001,25.406,3.5533333333333337,72.57533333333335,15.128666666666666,3.619333333333334,8.548,4.709333333333333,2009.0,2817.39,1521.45,1151.65,2042.46,574.02,1868.49,0.03
