,DOY,INSgdmax,RADmax,RAINmax,RHmax,TMAXmax,TMINmax,Tmax,WINDmax,YEAR,DOY,INSgdmin,RADmin,RAINmin,RHmin,TMAXmin,TMINmin,Tmin,WINDmin,YEAR,DOY,INSgdmean,RADmean,RAINmean,RHmean,TMAXmean,TMINmean,Tmean,WINDmean,YEAR,NDVI,EVI,RED,NIR,BLUE,MIR,pixrel
0,113.0,25.5685,33.413199999999996,30.0562,95.2537,26.2826,13.494299999999999,19.7881,8.3985,2009.0000000000002,113.0,6.228199999999999,21.481700000000004,0.0,47.706,12.1523,1.2579000000000002,7.5144,2.1809,2009.0000000000002,113.0,15.557333333333332,27.910373333333332,4.896346666666667,72.12522000000001,19.105686666666667,6.987513333333334,13.022586666666665,5.472746666666667,2009.0000000000002,2032.55,674.81,1509.97,1823.28,1383.38,523.71,1.14
1,129.0,29.293699999999998,31.9553,39.768100000000004,89.2245,23.6855,13.300799999999999,17.6769,8.2305,2009.0000000000002,129.0,3.7491000000000003,22.0088,0.0,37.0355,16.5843,3.4959,10.333099999999998,1.9134,2009.0000000000002,129.0,20.27663333333333,27.644373333333334,6.483973333333333,60.98777333333334,20.845153333333336,9.122693333333332,14.803486666666666,4.51908,2009.0000000000002,1643.93,248.83,-20.3,648.02,-160.86,174.65,86.77
2,145.0,28.910300000000003,33.699299999999994,14.646099999999999,92.4558,28.097100000000005,17.5922,21.593000000000004,8.501000000000001,2009.0000000000002,145.0,8.8694,26.8157,0.0,50.38210000000001,17.8224,8.2023,14.3197,2.2065,2009.0000000000002,145.0,21.258006666666667,30.3316,2.9065133333333337,69.03124000000001,24.22871333333333,13.03622,18.416359999999997,4.997013333333333,2009.0000000000002,2357.74,1014.51,350.31,969.91,250.26,374.41,18.31
3,161.0,28.147599999999997,33.963300000000004,30.4143,91.3452,27.9979,18.1341,22.5749,5.2198,2009.0000000000002,161.0,7.2026,27.5102,0.0,56.2093,21.779600000000002,10.155100000000001,16.1011,1.7315,2009.0000000000002,161.0,18.681066666666666,31.500986666666662,8.624866666666666,75.20851333333334,24.254086666666666,14.415939999999999,19.175593333333335,3.4838066666666663,2009.0000000000002,3103.29,1270.62,48.3,1022.22,-37.0,128.0,51.15
4,176.99999999999997,29.5803,36.4761,22.459200000000003,86.9272,32.2891,23.8327,27.424400000000002,6.372400000000001,2009.0000000000002,176.99999999999997,13.3304,27.666900000000002,0.0,60.9857,24.0102,14.8114,19.5137,1.5536,2009.0000000000002,176.99999999999997,22.38346,32.862566666666666,3.23716,73.96830666666668,28.2419,18.92924,23.525786666666665,3.6134866666666667,2009.0000000000002,3338.91,1896.13,161.34,1469.13,56.71,175.61,43.58
5,193.0,28.355999999999998,35.783100000000005,30.3488,89.2586,27.826999999999998,20.0127,23.391199999999998,6.433699999999999,2009.0000000000002,193.0,9.1128,28.893600000000003,0.0,52.267300000000006,21.3318,10.996,16.2241,1.8312,2009.0000000000002,193.0,20.549186666666664,31.81135333333333,6.2291333333333325,68.69004666666667,25.655793333333335,16.026833333333332,20.874100000000002,3.56238,2009.0000000000002,3377.45,1614.32,179.45,1349.24,106.65,119.45,54.12
6,209.0,26.8925,33.1102,23.1733,76.8536,32.1928,19.6962,25.300000000000004,5.369299999999999,2009.0000000000002,209.0,14.453199999999999,29.375100000000003,0.0,45.3121,23.7577,13.606800000000002,19.588900000000002,1.3803,2009.0000000000002,209.0,23.837651904761902,30.981746666666663,4.103833333333334,58.16119333333334,27.980193333333332,16.44038666666667,22.16471333333333,3.6773533333333335,2009.0000000000002,3404.53,1783.8,102.64,1396.61,29.74,82.69,54.0
7,225.0,25.1417,36.4967,34.5649,82.7746,32.2661,23.517400000000002,27.1178,7.2250000000000005,2009.0000000000002,225.0,8.0341,30.2037,0.0,44.830400000000004,22.7984,14.7197,19.2649,1.7801,2009.0000000000002,225.0,18.974846666666664,33.44504,6.8968533333333335,66.00068,28.984186666666666,18.608553333333337,23.64275333333333,4.266593333333334,2009.0000000000002,4066.33,2044.8,657.46,1829.47,606.07,414.42,18.69
8,241.0,24.5915,36.1064,26.171699999999998,96.8048,29.734900000000003,18.8521,22.485599999999998,5.834199999999999,2009.0000000000002,241.0,5.1445,26.248800000000003,0.0,49.3301,19.9405,7.9996,14.419,1.0511000000000001,2009.0000000000002,241.0,18.902486666666668,29.369679999999995,3.1719133333333334,64.35868,24.41626666666667,12.502286666666667,18.418480000000002,3.2216400000000007,2009.0000000000002,3624.94,1687.07,79.11,1219.44,-6.26,47.26,43.51
9,257.0,19.658,32.7812,6.363099999999999,84.1482,28.8534,17.22,22.2231,4.0020999999999995,2009.0000000000002,257.0,7.8582,28.6003,0.0,54.8669,23.6407,12.2633,18.3866,1.5039,2009.0000000000002,257.0,17.049086666666664,30.730719999999998,0.7399266666666666,63.99548,27.10494,14.729033333333334,20.668073333333332,2.55602,2009.0000000000002,3240.42,1290.02,76.65,1052.13,-3.62,26.23,53.71
10,273.0,18.157799999999998,33.456,18.1665,91.4597,27.357,17.057,19.8981,9.3902,2009.0000000000002,273.0,3.0105,23.7973,0.0,46.922000000000004,10.113,1.21,7.7232,1.1942,2009.0000000000002,273.0,12.158139999999998,28.428399999999996,4.472760000000001,70.21015333333332,18.307899999999997,8.19794,12.926713333333334,4.81804,2009.0000000000002,3315.25,1569.09,772.46,1588.08,709.87,440.32,6.26
11,289.0,14.537700000000001,32.637299999999996,38.565999999999995,96.221,19.3502,11.082600000000001,14.6568,7.730600000000001,2009.0000000000002,289.0,2.9143,22.447,0.0,44.9364,4.7956,-3.4280000000000004,0.9025000000000001,1.5014,2009.0000000000002,289.0,8.496746666666667,26.91386666666666,5.5198599999999995,76.50975999999999,10.847386666666665,2.0365933333333333,5.919379999999999,4.225406666666666,2009.0000000000002,1036.74,715.13,2113.86,2510.68,2113.08,1861.31,2.79
12,305.0,13.2682,31.1548,27.035600000000002,97.8834,19.7123,8.3629,12.288499999999999,7.5863,2009.0000000000002,305.0,3.2414,21.548,0.0,62.628099999999996,9.0408,-1.7680000000000002,3.5034000000000005,3.2173000000000003,2009.0000000000002,305.0,9.272506666666667,25.60572666666667,2.1001933333333334,77.87635333333333,13.786326666666666,2.979626666666667,7.816373333333334,4.90968,2009.0000000000002,1472.21,-225.67,-160.03,315.03,-266.26,-4.78,102.06
