,DOY,INSgdmax,RADmax,RAINmax,RHmax,TMAXmax,TMINmax,Tmax,WINDmax,YEAR,DOY,INSgdmin,RADmin,RAINmin,RHmin,TMAXmin,TMINmin,Tmin,WINDmin,YEAR,DOY,INSgdmean,RADmean,RAINmean,RHmean,TMAXmean,TMINmean,Tmean,WINDmean,YEAR,NDVI,EVI,RED,NIR,BLUE,MIR,pixrel
0,113.0,25.3414,31.6252,18.7346,96.81960000000001,26.5704,12.153999999999998,18.9922,8.8568,2009.0,113.0,7.702000000000001,21.7328,0.0,45.2638,10.193999999999999,0.21700000000000003,6.2622,2.386,2009.0,113.0,16.348480000000002,27.49144,3.6133466666666667,68.02345333333335,18.602866666666667,5.587226666666667,11.952053333333334,6.13324,2009.0,4377.24,1889.76,679.81,1669.59,448.78,888.72,2.83
1,129.0,28.9518,30.6204,19.8174,81.0008,23.383200000000002,12.2592,16.7508,8.7654,2009.0,129.0,6.4002,21.5536,0.0,35.0326,16.1276,2.3484,9.1708,2.3880000000000003,2009.0,129.0,19.571639999999995,27.078519999999997,3.8215866666666667,56.91716000000001,20.443493333333333,7.8889066666666645,14.040639999999998,5.190173333333333,2009.0,4710.77,2275.71,406.93,1780.86,175.28,748.64,25.53
2,145.0,29.227200000000003,32.9522,16.212400000000002,89.9292,30.3746,15.6198,21.662200000000002,10.320799999999998,2009.0,145.0,6.8224,26.931800000000003,0.0,40.3074,17.391599999999997,8.032599999999999,14.216000000000001,3.2048,2009.0,145.0,21.269133333333333,29.836026666666662,3.00396,60.47392,24.27046666666667,12.311293333333335,18.1302,5.437773333333333,2009.0,5487.37,2612.36,289.17,1784.94,124.37,505.83,23.11
3,161.0,29.0092,34.3342,22.0804,92.34779999999999,27.8722,17.264200000000002,21.3356,5.3984,2009.0,161.0,4.5212,25.5676,0.0,41.9026,19.8552,8.910200000000001,15.1248,1.4056,2009.0,161.0,17.417053333333328,30.515173333333337,5.963666666666667,67.30525333333333,23.886546666666668,12.871453333333331,18.2248,3.7668,2009.0,6112.05,3536.6,222.42,2343.19,75.31,459.94,28.07
4,177.0,29.090799999999998,35.843599999999995,14.203999999999999,84.216,31.720999999999997,23.514999999999997,27.2078,7.278600000000001,2009.0,177.0,10.7116,27.791,0.0,53.089200000000005,24.637999999999998,14.2698,19.5462,1.938,2009.0,177.0,21.00616,32.63721333333333,2.7882133333333337,68.61338666666666,27.987333333333332,18.332893333333338,23.123413333333335,3.9458933333333337,2009.0,6562.64,3938.67,172.96,2547.92,44.28,399.41,30.73
5,193.0,28.631400000000003,35.5432,29.799,82.0532,29.124199999999995,20.11,23.4816,7.1044,2009.0,193.0,11.334,27.8154,0.0,44.799600000000005,21.5904,11.107,16.5162,1.811,2009.0,193.0,21.407746666666668,31.731680000000004,5.072226666666666,60.10276,26.474453333333337,15.803853333333333,20.99554666666667,3.89328,2009.0,6400.21,4310.92,246.7,2923.8,89.07,508.03,30.66
6,209.0,26.4876,33.596000000000004,14.9002,66.205,32.221599999999995,20.047400000000003,25.6356,6.1335999999999995,2009.0,209.0,18.679199999999998,28.840799999999998,0.0,39.724599999999995,24.277800000000003,13.6458,19.251,1.6156000000000001,2009.0,209.0,23.77866666666667,30.70990666666667,2.3151599999999997,49.53474666666666,28.708906666666664,16.38881333333333,22.47956,3.997533333333334,2009.0,6821.02,4186.48,512.31,2835.12,391.64,641.83,5.59
7,225.0,25.299599999999998,36.31,17.229,85.9404,33.7502,22.632799999999996,27.0524,7.0062,2009.0,225.0,7.0916,29.029,0.0,38.8356,20.9502,13.771999999999998,18.04,1.5116,2009.0,225.0,17.657040000000002,33.133280000000006,4.510013333333333,60.5768,29.38482666666667,18.128453333333336,23.6762,4.377186666666667,2009.0,6706.62,3901.39,299.52,2437.19,193.71,435.11,8.31
8,241.0,24.0104,35.4104,17.0796,78.4644,30.4912,19.873600000000003,22.8716,6.8862,2009.0,241.0,8.9716,25.5032,0.0,45.6952,21.2136,7.9956,14.923,1.4032,2009.0,241.0,19.547026666666664,29.034413333333337,1.68868,56.733839999999994,25.403480000000002,12.199746666666666,18.709666666666667,3.54776,2009.0,6446.45,3535.85,237.81,2233.28,114.73,402.87,18.01
9,257.0,19.2654,32.998799999999996,5.6208,84.4664,30.2294,17.726999999999997,22.871000000000002,5.016800000000001,2009.0,257.0,9.040600000000001,29.4436,0.0,50.59400000000001,23.488599999999998,13.350999999999999,17.837799999999998,1.2146,2009.0,257.0,16.6998,31.09614666666667,0.6625733333333335,60.55954666666666,27.92801333333333,15.276653333333336,21.371213333333337,2.7301466666666667,2009.0,6033.79,2877.05,167.36,1871.19,29.95,358.79,33.15
10,273.0,17.7622,33.915,17.9782,92.68060000000001,25.304800000000004,16.054199999999998,19.5806,10.0736,2009.0,273.0,3.5168,23.4054,0.0,52.8084,9.0854,0.4238,7.1598,1.0396,2009.0,273.0,10.610586666666666,28.395133333333334,3.2999866666666673,73.90290666666667,17.054093333333334,7.748213333333332,12.030359999999998,4.950520000000001,2009.0,6275.77,3081.38,680.17,2262.49,555.91,643.41,0.75
11,289.0,14.426400000000001,30.576,33.4542,98.3558,17.7334,8.0696,12.0722,8.1354,2009.0,289.0,2.584,21.1772,0.0,46.7276,3.059,-4.4058,-0.056599999999999984,1.7466,2009.0,289.0,8.400226666666669,25.922093333333336,5.533306666666666,77.25014666666667,8.940533333333333,0.7968533333333334,4.376133333333334,4.315439999999999,2009.0,4434.85,1773.24,346.36,1425.8,137.06,436.09,28.43
12,305.0,12.9136,30.352200000000003,28.7466,99.14240000000001,17.898,8.1662,10.6058,7.5208,2009.0,305.0,3.0324,20.974,0.0,61.9646,7.071400000000001,-2.4362000000000004,2.208,3.329,2009.0,305.0,8.673146666666666,25.118026666666665,2.774906666666667,79.10985333333333,12.146333333333335,1.8450933333333337,6.3824000000000005,5.050133333333332,2009.0,4459.36,1428.64,225.85,1127.63,47.73,529.68,33.15
