,DOY,INSgdmax,RADmax,RAINmax,RHmax,TMAXmax,TMINmax,Tmax,WINDmax,YEAR,DOY,INSgdmin,RADmin,RAINmin,RHmin,TMAXmin,TMINmin,Tmin,WINDmin,YEAR,DOY,INSgdmean,RADmean,RAINmean,RHmean,TMAXmean,TMINmean,Tmean,WINDmean,YEAR,NDVI,EVI,RED,NIR,BLUE,MIR,pixrel
0,113.0,25.115000000000002,31.104999999999997,20.002499999999998,96.3825,28.0625,11.852500000000001,19.4375,9.1025,2009.0,113.0,5.4475,23.909999999999997,0.0,46.135000000000005,12.2225,1.285,8.075,2.4325,2009.0,113.0,16.507833333333334,27.736833333333333,3.9181666666666666,66.59316666666668,18.945999999999998,6.080500000000001,12.458499999999999,5.8199999999999985,2009.0,2471.95,1412.66,1044.52,1875.92,575.8,1769.37,3.03
1,129.0,29.44,31.557499999999997,15.682500000000001,78.57249999999999,25.274999999999995,12.7475,17.95,8.327499999999999,2009.0,129.0,7.8925,21.2925,0.0,33.614999999999995,17.9725,3.11,10.485,2.005,2009.0,129.0,20.481333333333332,27.444000000000006,3.409333333333333,55.484166666666674,21.26933333333333,8.492666666666665,14.799500000000002,4.7909999999999995,2009.0,3189.77,1792.54,978.7,1990.07,551.94,1759.53,0.27
2,145.0,29.335,33.38,11.21,82.865,30.7425,16.2375,22.125,10.247499999999999,2009.0,145.0,7.6225,27.214999999999996,0.0,41.8875,19.3075,8.842499999999998,15.9725,2.67,2009.0,145.0,21.494333333333337,30.771833333333333,2.0835,57.54016666666667,26.190666666666665,13.803666666666665,19.802166666666672,5.336666666666668,2009.0,3628.68,2153.26,1006.83,2239.59,563.73,1916.76,0.41
3,161.0,28.195,34.48500000000001,30.155,87.70500000000001,30.735,17.4875,23.940000000000005,5.58,2009.0,161.0,3.9074999999999998,27.495,0.0,37.96,20.7025,9.755,16.364999999999995,1.4625,2009.0,161.0,17.518166666666666,31.653333333333332,7.284333333333333,66.16983333333334,25.04416666666667,13.830833333333333,19.206833333333336,3.7961666666666667,2009.0,4873.63,2979.58,807.22,2485.55,461.8,1535.74,0.12
4,177.0,29.665,35.885000000000005,23.5825,80.25999999999999,33.695,23.815,27.5375,6.76,2009.0,177.0,7.355,27.755000000000003,0.0,47.377500000000005,26.247500000000002,15.012500000000001,21.2025,1.6275,2009.0,177.0,21.792333333333332,32.76233333333333,3.8625000000000007,64.73066666666666,29.5465,19.120500000000003,24.123833333333334,3.6691666666666665,2009.0,6176.33,4037.24,699.5,3024.83,394.74,1268.12,0.43
5,193.0,28.41,35.29,19.064999999999998,87.26249999999999,30.74,20.2625,24.339999999999996,6.272500000000001,2009.0,193.0,14.870000000000001,28.145,0.0,43.17,23.6875,11.1425,17.59,1.6175,2009.0,193.0,22.536833333333337,31.81416666666667,5.215333333333334,60.5185,27.768333333333338,16.379666666666665,22.006166666666665,3.9003333333333337,2009.0,7189.97,5016.49,544.52,3450.38,312.34,916.1,0.21
6,209.0,26.935,33.23,11.57,77.59,34.989999999999995,20.04,27.1325,5.460000000000001,2009.0,209.0,19.43,29.18,0.0,39.087500000000006,24.82,13.247499999999999,19.3125,1.7475,2009.0,209.0,24.84699999999999,30.931666666666665,2.2801666666666662,48.8715,30.30766666666667,16.629833333333334,23.290166666666668,3.7526666666666664,2009.0,7343.3,5458.95,567.37,3822.58,323.08,802.66,0.44
7,225.0,25.309999999999995,37.412499999999994,25.98,79.38,35.0025,23.8825,28.8875,6.970000000000001,2009.0,225.0,11.577500000000002,29.465,0.0,37.8625,21.625,13.292499999999999,18.177500000000002,1.665,2009.0,225.0,19.909166666666664,33.1425,5.478999999999999,57.708833333333345,30.097,18.44483333333333,24.281333333333333,4.502833333333333,2009.0,7386.96,5330.85,511.24,3652.28,286.99,726.18,0.08
8,241.0,23.8,36.76,24.490000000000002,77.775,31.065,20.9975,23.41,7.4,2009.0,241.0,6.69,26.424999999999997,0.0,48.8125,21.245,8.4475,15.84,1.5775,2009.0,241.0,19.217000000000002,30.154166666666665,3.1133333333333333,59.682833333333335,25.891666666666662,13.149833333333333,19.41016666666667,3.9915000000000003,2009.0,5710.0,3791.82,794.48,3040.64,408.26,1033.79,0.29
9,257.0,19.6025,33.6925,10.6125,81.8125,30.3375,17.03,22.544999999999998,5.1425,2009.0,257.0,7.9375,29.24,0.0,49.5475,21.365,13.665,17.5,1.47,2009.0,257.0,16.8675,31.147333333333336,1.4048333333333334,62.22466666666667,27.33883333333333,15.131666666666668,21.12983333333333,2.8615000000000004,2009.0,4598.55,2746.14,966.27,2569.93,486.11,1404.35,0.09
10,273.0,18.17,31.284999999999997,13.8925,88.5025,26.7875,14.765,19.327499999999997,9.0225,2009.0,273.0,3.775,23.86,0.0,40.14999999999999,8.8775,1.7075,7.04,1.2349999999999999,2009.0,273.0,12.418166666666668,28.110333333333333,1.8905,62.09233333333333,18.739333333333335,7.475666666666665,12.785499999999999,4.954,2009.0,4152.24,2466.98,1076.44,2468.41,660.21,1319.05,0.81
11,289.0,16.392500000000002,30.9125,40.375,98.52000000000001,17.807499999999997,9.434999999999999,13.02,8.094999999999999,2009.0,289.0,1.8650000000000002,20.765,0.0,44.08,3.2674999999999996,-3.39,0.245,1.48,2009.0,289.0,8.473833333333335,26.324333333333335,5.501666666666668,76.3455,9.481333333333332,0.9076666666666667,4.670666666666667,4.330666666666667,2009.0,3459.42,2011.63,1072.65,2235.7,568.43,1552.27,0.18
12,305.0,13.21,30.805,33.175,97.0975,19.8375,8.760000000000002,11.435,6.5525,2009.0,305.0,3.16,20.882499999999997,0.0,53.605,9.66,-1.6575,3.4725,3.2375,2009.0,305.0,9.338333333333333,24.957833333333326,3.2123333333333335,73.70366666666666,13.6695,2.5909999999999997,7.316999999999999,4.866666666666667,2009.0,2995.92,1575.15,997.53,1872.31,544.9,1484.03,0.08
