,DOY,INSgdmax,RADmax,RAINmax,RHmax,TMAXmax,TMINmax,Tmax,WINDmax,YEAR,DOY,INSgdmin,RADmin,RAINmin,RHmin,TMAXmin,TMINmin,Tmin,WINDmin,YEAR,DOY,INSgdmean,RADmean,RAINmean,RHmean,TMAXmean,TMINmean,Tmean,WINDmean,YEAR,NDVI,EVI,RED,NIR,BLUE,MIR,pixrel
0,113.0,25.3292,32.8588,30.438799999999997,95.7428,26.788800000000002,13.308799999999998,20.21,8.45,2009.0,113.0,6.2044,23.1764,0.0,48.1408,13.3208,1.4056000000000002,8.982,2.2212,2009.0,113.0,16.000453333333333,28.06181333333333,4.6349599999999995,71.53146666666666,19.419866666666664,7.3788800000000005,13.345733333333333,5.305519999999999,2009.0,5835.48,3401.42,649.66,2537.82,348.06,1129.56,0.02
1,129.0,29.2504,32.6588,36.1028,91.2448,24.516000000000002,13.447199999999999,18.3936,7.622,2009.0,129.0,1.3892,22.184800000000003,0.0,39.196799999999996,17.712799999999998,3.9111999999999996,10.9564,1.3412,2009.0,129.0,20.400959999999998,28.027866666666664,6.18432,61.72170666666666,21.319839999999996,9.423306666666667,15.2084,4.363653333333334,2009.0,6204.23,4204.38,732.47,3206.87,390.85,1448.33,0.04
2,145.0,29.0,34.15520000000001,15.735599999999998,92.85239999999999,28.1692,18.580000000000002,22.311999999999998,8.633600000000001,2009.0,145.0,6.4336,26.8196,0.0,52.7304,18.0664,8.338000000000001,15.387599999999999,2.238,2009.0,145.0,21.581759999999996,30.43861333333333,2.92584,68.46738666666667,24.990693333333333,13.919360000000001,19.245333333333335,4.937546666666666,2009.0,6700.23,4363.96,582.47,3076.57,310.74,1324.88,0.0
3,161.0,28.4224,34.2308,37.82,91.6052,29.436,18.5424,24.035200000000003,5.296799999999999,2009.0,161.0,7.0792,27.9396,0.0,54.0176,22.3768,10.7968,16.4696,2.0252,2009.0,161.0,18.88370666666667,32.05056,9.508106666666666,75.13770666666667,24.698213333333335,15.142240000000001,19.658986666666667,3.5652266666666668,2009.0,7013.3,4725.23,558.26,3285.64,301.38,1111.44,0.02
4,177.0,29.7956,36.129599999999996,31.907999999999998,85.72640000000001,32.226800000000004,23.9504,27.674799999999998,6.148,2009.0,177.0,7.8496,27.68,0.0,58.51519999999999,25.4144,15.1212,20.596400000000003,1.7344,2009.0,177.0,22.97658666666667,32.78253333333333,3.6476,73.15511999999998,28.663600000000002,19.412533333333336,23.961386666666666,3.590533333333334,2009.0,7181.56,5201.05,609.37,3723.34,325.71,1362.69,0.21
5,193.0,27.464,35.6792,20.2012,89.4016,28.3676,20.6184,23.744,6.0716,2009.0,193.0,9.6412,28.2136,0.0,47.782399999999996,22.459600000000002,11.0956,17.043200000000002,1.7452,2009.0,193.0,21.793466666666667,31.95413333333333,5.105253333333334,68.20357333333334,26.456426666666665,16.546613333333333,21.480986666666666,3.6486400000000003,2009.0,7950.82,5612.37,413.98,3656.91,228.77,912.84,0.03
6,209.0,27.3656,33.949600000000004,22.4996,82.31720000000001,34.8292,19.844800000000003,26.0688,5.3404,2009.0,209.0,15.962,29.534,0.0,43.672799999999995,23.5408,13.909199999999998,19.7196,1.7216,2009.0,209.0,23.87186095238095,31.446239999999992,5.131226666666667,55.4256,29.278106666666666,16.930453333333336,22.946533333333328,3.72168,2009.0,8063.37,5674.85,387.95,3663.61,213.55,847.1,0.19
7,225.0,25.3456,36.7792,36.2468,79.922,34.1992,24.101599999999998,28.980800000000002,8.2548,2009.0,225.0,11.8712,30.4148,0.0,42.9292,23.2592,13.9556,19.0164,2.2344,2009.0,225.0,20.47728,33.4752,5.593653333333334,62.90645333333333,29.822026666666666,18.807013333333334,24.237493333333333,4.469573333333334,2009.0,7991.3,5999.53,445.98,4036.96,241.82,913.56,0.14
8,241.0,24.254800000000003,36.5504,21.3888,97.0556,30.8836,20.043599999999998,23.332,6.6324,2009.0,241.0,5.8648,27.1064,0.0,50.3784,20.3792,8.238800000000001,14.9952,1.0372000000000001,2009.0,241.0,17.77296,30.49064,3.2592533333333336,64.47850666666666,25.100053333333335,13.200186666666669,19.088213333333332,3.5703200000000006,2009.0,7995.74,5497.03,393.53,3550.87,215.47,727.29,1.01
9,257.0,19.8508,33.14,11.368,88.896,29.2264,17.965200000000003,22.236800000000002,4.582800000000001,2009.0,257.0,8.476,28.7348,0.0,51.324,24.0268,12.799600000000002,18.259999999999998,1.7564000000000002,2009.0,257.0,17.18144,30.968666666666664,0.7818666666666666,63.78893333333333,26.935893333333333,14.99352,20.684106666666665,2.7824,2009.0,6652.06,3853.34,535.78,2677.31,265.68,1018.29,0.0
10,273.0,18.4892,31.8784,15.0404,85.37039999999999,27.240399999999998,14.5972,18.9716,8.944,2009.0,273.0,3.7208000000000006,23.6956,0.0,40.2752,11.0888,1.9512,8.142399999999999,1.1336,2009.0,273.0,13.322373333333333,28.07504,3.0264800000000003,63.09245333333334,19.175600000000003,7.8568799999999985,13.213733333333334,4.924,2009.0,6171.7,4212.42,795.65,3330.81,403.99,1263.57,0.98
11,289.0,15.892,32.583999999999996,46.1776,96.29920000000001,20.34,10.8588,14.182,7.6655999999999995,2009.0,289.0,2.7952,22.4536,0.0,50.442,3.8944,-3.0132000000000003,0.7707999999999999,1.9747999999999999,2009.0,289.0,8.338746666666665,27.054106666666666,4.984159999999999,77.46482666666665,10.91016,2.13272,6.001226666666666,4.308293333333333,2009.0,5102.17,2653.05,673.1,2121.45,345.44,1065.42,0.0
12,305.0,13.486,31.6404,33.0652,97.4828,20.3276,8.851199999999999,12.8976,7.224399999999999,2009.0,305.0,3.67,20.984,0.0,59.694,10.5308,-0.8028,4.226000000000001,3.5892,2009.0,305.0,9.79736,25.5176,2.75792,75.87090666666666,14.547626666666668,3.428693333333333,8.366373333333334,4.894453333333334,2009.0,4577.43,2396.0,772.73,2100.14,397.43,1418.52,0.02
