,DOY,INSgdmax,RADmax,RAINmax,RHmax,TMAXmax,TMINmax,Tmax,WINDmax,YEAR,DOY,INSgdmin,RADmin,RAINmin,RHmin,TMAXmin,TMINmin,Tmin,WINDmin,YEAR,DOY,INSgdmean,RADmean,RAINmean,RHmean,TMAXmean,TMINmean,Tmean,WINDmean,YEAR,NDVI,EVI,RED,NIR,BLUE,MIR,pixrel
0,113.0,25.006,32.3232,20.004399999999997,97.3136,26.8592,12.8348,19.383599999999998,9.0328,2009.0,113.0,5.3044,23.311999999999994,0.0,47.2152,11.8016,0.6512,7.916399999999999,2.3972,2009.0,113.0,15.7804,27.723306666666673,4.256506666666667,68.64632,18.732853333333328,6.121386666666667,12.361813333333334,5.803466666666668,2009.0,4378.47,2019.08,729.69,1809.56,365.96,1339.91,0.16
1,129.0,29.202799999999996,32.1196,24.9256,81.98119999999999,24.5896,12.6616,17.5736,8.2016,2009.0,129.0,6.4492,21.2632,0.0,34.1472,17.4388,2.8451999999999997,10.1332,2.1439999999999997,2009.0,129.0,19.683226666666666,27.387626666666662,3.911706666666667,57.14754666666668,20.941413333333333,8.460533333333332,14.589653333333334,4.785359999999999,2009.0,4510.44,2011.54,681.47,1745.52,344.17,1264.88,0.01
2,145.0,29.1928,32.88719999999999,14.394399999999997,90.288,29.818,16.372,21.5292,10.057199999999998,2009.0,145.0,7.1464,27.633999999999997,0.0,44.2276,17.8188,8.2416,15.6968,2.7188,2009.0,145.0,21.429466666666663,30.431173333333334,2.5412266666666663,61.47456,25.162586666666662,13.549226666666668,19.114160000000002,5.3037866666666655,2009.0,5227.0,2483.35,614.5,1924.46,321.52,1090.81,0.0
3,161.0,28.1384,34.3684,29.9832,90.12360000000001,28.8196,17.4624,22.9456,5.4239999999999995,2009.0,161.0,5.0672,26.2888,0.0,43.52719999999999,21.4992,9.5568,16.46,1.5128,2009.0,161.0,17.301359999999995,31.392106666666663,6.907066666666665,69.49208000000002,24.435360000000006,13.60856,18.889786666666666,3.74288,2009.0,6416.88,3513.0,534.38,2424.78,291.49,948.49,0.0
4,177.0,29.5584,35.7644,24.2276,83.4756,32.5324,23.6232,27.2588,6.6392,2009.0,177.0,8.7196,27.651199999999996,0.0,52.108,25.8104,14.954,20.3768,1.468,2009.0,177.0,21.05416,32.59351999999999,4.328506666666667,68.40413333333332,28.650746666666663,18.864479999999997,23.65101333333333,3.6513066666666667,2009.0,7975.86,4894.49,333.57,3012.62,189.75,687.36,0.34
5,193.0,28.4444,35.3384,17.816399999999998,89.33919999999999,28.8792,19.7592,23.287600000000005,6.5844000000000005,2009.0,193.0,16.023200000000003,28.2272,0.0,45.9172,22.4744,11.118,16.967200000000002,1.7724,2009.0,193.0,22.649386666666672,31.69909333333333,5.062133333333332,63.61709333333332,26.64594666666667,15.965039999999998,21.300506666666667,3.830533333333333,2009.0,8132.28,4669.03,280.09,2770.2,161.89,551.77,0.01
6,209.0,26.8528,33.2328,17.638800000000003,77.0596,33.5164,20.3716,26.549200000000003,5.669599999999999,2009.0,209.0,21.744400000000002,28.924400000000002,0.0,39.9776,24.021600000000003,13.841999999999999,19.6016,1.7368,2009.0,209.0,24.890133333333335,30.803173333333334,2.9853066666666663,49.99744,29.296799999999994,16.595893333333336,22.871599999999997,3.8190133333333334,2009.0,8037.21,4867.51,317.75,2969.75,177.71,694.56,0.86
7,225.0,25.51,37.303999999999995,29.276000000000003,80.0988,34.06,23.6184,28.209200000000003,6.766,2009.0,225.0,12.016,30.1584,0.0,37.93919999999999,21.636,13.1092,18.1656,2.096,2009.0,225.0,19.206426666666665,33.246426666666665,5.386613333333335,59.34381333333335,29.60925333333333,18.37293333333333,24.02226666666666,4.433946666666667,2009.0,7899.17,5102.39,369.18,3215.54,209.87,711.82,0.95
8,241.0,23.824400000000004,36.7368,31.112000000000002,80.56960000000001,31.434399999999997,20.5948,22.9752,7.2168,2009.0,241.0,6.1648,26.2968,0.0,51.174,21.8564,8.2512,15.185200000000002,1.6156,2009.0,241.0,19.21912,29.96016,3.1077866666666667,60.56221333333335,25.353626666666667,12.833839999999999,19.01893333333334,3.87072,2009.0,7776.74,4229.91,315.8,2546.76,178.0,638.94,0.0
9,257.0,19.5472,33.3368,4.934,85.4164,29.408399999999997,17.5896,22.409200000000002,4.9476,2009.0,257.0,9.0484,29.2728,0.0,53.400400000000005,22.778399999999998,13.489600000000001,17.471600000000002,1.466,2009.0,257.0,17.018106666666664,31.14896,0.5434400000000001,63.37736000000001,27.139946666666674,15.207786666666669,20.98890666666667,2.7855200000000004,2009.0,7405.74,3643.49,329.68,2204.51,184.41,639.08,0.01
10,273.0,18.1388,32.3188,17.0876,91.60879999999999,26.016000000000002,15.946,19.3396,9.2832,2009.0,273.0,2.5888,23.62,0.0,43.07919999999999,9.017199999999999,1.3220000000000003,6.9075999999999995,1.154,2009.0,273.0,12.3228,28.222426666666667,2.6832266666666666,65.36975999999999,18.255200000000002,7.506693333333334,12.537226666666665,4.957706666666666,2009.0,6955.4,3291.26,375.87,2065.8,206.5,649.39,0.03
11,289.0,16.253599999999995,32.006,43.496,99.4152,18.046,9.655199999999999,13.285599999999999,8.2636,2009.0,289.0,2.2944000000000004,21.1916,0.0,43.007999999999996,3.2868,-3.5111999999999997,0.366,1.3292000000000002,2009.0,289.0,8.294880000000001,26.525920000000003,5.103066666666666,76.49898666666665,9.554826666666665,1.1042399999999997,4.8168,4.264,2009.0,5422.23,2524.93,584.25,1906.75,306.64,925.57,0.38
12,305.0,13.208800000000002,30.686,32.4516,98.21520000000001,19.374000000000002,8.156400000000001,11.254,7.0756000000000006,2009.0,305.0,3.1184000000000003,21.3232,0.0,58.19519999999999,8.7772,-1.6052000000000002,3.1507999999999994,3.3824,2009.0,305.0,9.207066666666664,25.08408,2.888933333333333,75.56904,13.444719999999998,2.40176,7.208773333333333,5.001013333333334,2009.0,5175.68,2007.53,492.91,1509.62,244.09,894.59,0.0
