,DOY,INSgdmax,RADmax,RAINmax,RHmax,TMAXmax,TMINmax,Tmax,WINDmax,YEAR,DOY,INSgdmin,RADmin,RAINmin,RHmin,TMAXmin,TMINmin,Tmin,WINDmin,YEAR,DOY,INSgdmean,RADmean,RAINmean,RHmean,TMAXmean,TMINmean,Tmean,WINDmean,YEAR,NDVI,EVI,RED,NIR,BLUE,MIR,pixrel
0,113.0,25.471700000000002,32.3563,32.4767,98.19749999999999,26.128999999999998,12.770499999999998,18.959,8.8533,2009.0,113.0,6.0268999999999995,21.765,0.0,46.81349999999999,9.937700000000001,0.40830000000000005,5.697100000000001,2.0435,2009.0,113.0,16.56142,27.409073333333332,4.386893333333333,70.99256,18.058286666666667,5.398993333333333,11.655213333333336,5.8599466666666675,2009.0,4253.11,1762.64,619.3,1532.35,316.88,1158.85,0.18
1,129.0,29.23,31.28,26.3167,85.1687,22.8789,11.843,16.2883,8.874600000000001,2009.0,129.0,5.8252,21.9166,0.0,37.571000000000005,15.16,2.2965,8.8623,2.0713999999999997,2009.0,129.0,19.823993333333334,27.110973333333334,4.56572,59.47804,19.804493333333333,7.7427399999999995,13.702426666666664,5.045673333333333,2009.0,5759.28,2820.79,543.78,2033.64,287.87,1037.84,0.0
2,145.0,29.0701,32.6041,14.184899999999999,92.0019,28.8217,15.5109,20.912399999999998,9.5846,2009.0,145.0,7.302,26.635099999999998,0.0,44.270999999999994,15.6786,8.1103,12.484299999999998,2.9562,2009.0,145.0,21.14547333333333,29.734926666666667,2.8912733333333334,65.98898666666668,23.06232,11.722566666666665,17.210386666666665,5.358786666666666,2009.0,6878.41,3769.91,464.34,2488.05,253.61,843.77,0.17
3,161.0,29.3851,33.5758,20.1172,91.4385,26.571199999999997,16.7735,20.5778,5.1419999999999995,2009.0,161.0,4.6522,25.8278,0.0,50.1024,20.048099999999998,8.5868,15.0413,1.7386,2009.0,161.0,18.25519333333333,30.485840000000003,5.656866666666666,71.38728,23.240493333333337,12.531946666666666,17.82504666666667,3.5756533333333334,2009.0,8036.2,4818.49,300.5,2920.22,171.21,599.91,0.0
4,177.0,29.2316,36.1739,11.468399999999999,85.5618,31.6759,23.1456,26.9829,7.2106,2009.0,177.0,12.0887,27.6376,0.0,59.0015,22.3287,13.6359,18.1183,1.4537999999999998,2009.0,177.0,21.287780000000005,32.65017999999999,2.5652399999999997,72.55631333333335,27.16441333333333,18.058780000000002,22.528706666666665,3.8194133333333333,2009.0,8371.88,5887.15,320.66,3696.14,184.13,649.53,0.59
5,193.0,28.764100000000003,34.7641,21.0098,85.094,27.4955,19.9715,23.041299999999996,6.798800000000001,2009.0,193.0,10.2364,28.2472,0.0,49.5993,20.0504,10.594000000000001,15.560299999999998,1.314,2009.0,193.0,20.889873333333338,31.296000000000003,4.73376,64.51531999999999,25.035006666666668,15.30318,20.131973333333335,3.78902,2009.0,8270.72,5842.81,342.7,3720.09,191.9,700.79,0.0
6,209.0,26.661700000000003,32.6967,18.78,69.21799999999999,30.601599999999998,19.6423,24.804199999999998,6.065200000000001,2009.0,209.0,11.7701,28.955,0.0,42.9761,22.5409,13.0706,18.7488,1.3377000000000001,2009.0,209.0,22.721439999999998,30.683699999999998,3.1815266666666666,55.21172,27.43804666666666,15.830766666666666,21.627779999999998,3.8686733333333327,2009.0,8336.96,5228.46,278.4,3142.24,158.45,589.66,0.0
7,225.0,25.081699999999998,35.9458,23.000700000000002,86.7738,32.1822,21.7953,25.9647,6.534800000000001,2009.0,225.0,6.0784,29.078799999999998,0.0,42.290099999999995,20.8517,13.9356,18.203,1.361,2009.0,225.0,17.607860000000002,33.04789333333334,7.08216,64.59983333333332,28.486213333333335,17.99638666666667,23.125926666666672,4.301553333333333,2009.0,8338.64,4996.75,258.7,2974.7,144.96,524.12,0.0
8,241.0,24.703400000000002,35.0342,15.2788,84.0521,28.54,18.0218,21.7082,6.1558,2009.0,241.0,9.0866,25.6156,0.0,46.885799999999996,20.5761,7.5961,14.3153,0.9214,2009.0,241.0,19.37672666666667,28.62587333333333,1.9017133333333334,59.99301333333334,24.333133333333336,11.701593333333332,17.944253333333336,3.168706666666667,2009.0,8089.37,5038.0,321.67,3096.43,182.79,598.52,0.93
9,257.0,19.4465,32.7649,6.1265,79.31519999999999,29.503999999999998,16.506700000000002,22.482799999999997,3.8905000000000003,2009.0,257.0,9.123700000000001,29.0208,0.0,52.59739999999999,23.543400000000002,12.069199999999999,18.1532,1.2296,2009.0,257.0,16.671746666666664,30.65338666666667,0.7166733333333333,62.48174666666667,27.415166666666664,14.366566666666667,20.745700000000003,2.3718533333333336,2009.0,7534.87,4121.84,354.09,2550.13,192.63,611.4,0.0
10,273.0,17.2483,34.2376,19.2601,93.7975,25.0856,16.435000000000002,19.6459,10.3127,2009.0,273.0,3.6112,23.5999,0.0,55.451600000000006,9.789,0.475,7.3985,1.4029000000000003,2009.0,273.0,10.161426666666667,28.77806666666666,3.948406666666666,76.82387999999997,16.5906,7.820266666666667,11.895206666666665,4.845373333333333,2009.0,7202.11,3694.78,367.09,2274.09,215.68,521.03,1.0
11,289.0,13.8533,30.8522,31.8212,98.53059999999999,17.882299999999997,8.040700000000001,12.1476,8.1773,2009.0,289.0,2.4049,21.0906,0.0,48.3762,3.3082000000000003,-4.5193,0.032799999999999996,1.8799000000000001,2009.0,289.0,8.625666666666667,25.88581333333333,5.407733333333333,77.88695999999999,9.13634,0.9775333333333331,4.558153333333332,4.360886666666667,2009.0,3251.64,1748.19,1263.8,2174.05,1148.83,1125.85,2.72
12,305.0,12.989200000000002,30.153100000000002,26.2582,99.2839,17.9559,8.3658,11.078600000000002,7.750399999999999,2009.0,305.0,3.3023,20.7706,0.0,66.28920000000001,7.0348999999999995,-3.1545,1.7950000000000002,3.1704,2009.0,305.0,8.532133333333334,25.28680666666667,2.1874000000000002,80.66568666666667,11.937459999999998,1.9173533333333337,6.373953333333333,4.944713333333333,2009.0,5007.49,1682.33,409.06,1227.33,209.77,747.48,0.0
