,DOY,INSgdmax,RADmax,RAINmax,RHmax,TMAXmax,TMINmax,Tmax,WINDmax,YEAR,DOY,INSgdmin,RADmin,RAINmin,RHmin,TMAXmin,TMINmin,Tmin,WINDmin,YEAR,DOY,INSgdmean,RADmean,RAINmean,RHmean,TMAXmean,TMINmean,Tmean,WINDmean,YEAR,NDVI,EVI,RED,NIR,BLUE,MIR,pixrel
0,113.0,24.91,33.48,22.09,92.33,25.9,15.62,19.91,8.35,2009.0,113.0,7.45,23.11,0.0,50.6,12.47,2.3,7.49,2.84,2009.0,113.0,16.331333333333337,28.49666666666667,6.049333333333334,74.13466666666667,19.982666666666667,8.146666666666668,14.094,5.292666666666667,2009.0,4577.6,1500.33,397.05,1130.79,254.26,626.98,0.38
1,129.0,29.23,33.7,76.83,91.35,24.56,14.28,18.81,8.19,2009.0,129.0,2.56,22.82,0.0,36.57,16.92,5.68,11.89,1.86,2009.0,129.0,21.0,27.75333333333333,9.888666666666666,62.023999999999994,21.483333333333338,10.092,15.638,4.26,2009.0,4905.26,1858.13,335.61,1341.2,173.92,655.04,10.23
2,145.0,28.62,34.74,26.77,94.34,28.0,18.39,21.98,6.74,2009.0,145.0,9.83,26.96,0.0,55.52,19.98,9.08,15.27,2.28,2009.0,145.0,21.186,30.53666666666667,3.225333333333333,72.396,24.744000000000007,13.286000000000001,18.897333333333332,4.620000000000001,2009.0,5793.66,2266.06,332.92,1497.41,193.57,566.3,2.72
3,161.0,27.83,35.03,30.03,88.67,29.09,18.88,23.75,4.79,2009.0,161.0,11.34,28.51,0.0,63.04,20.22,11.91,15.84,1.85,2009.0,161.0,20.067333333333334,32.17400000000001,9.998666666666667,77.44066666666664,24.658666666666658,15.614666666666665,19.93933333333333,3.3913333333333338,2009.0,6395.85,3162.47,293.93,1921.69,208.84,455.57,0.04
4,177.0,29.56,36.68,8.47,88.76,32.36,24.48,28.2,6.29,2009.0,177.0,14.29,27.83,0.0,66.11,23.22,15.06,19.17,1.29,2009.0,177.0,24.38266666666667,33.072,2.0633333333333335,75.05600000000001,28.33,19.531333333333336,23.92733333333334,3.4993333333333334,2009.0,7048.69,3750.18,236.18,2267.6,159.08,386.6,2.66
5,193.0,27.47,35.68,18.04,88.89,27.65,20.43,23.54,6.28,2009.0,193.0,11.74,29.05,0.0,58.92,21.05,11.21,16.09,1.64,2009.0,193.0,19.92866666666667,32.07333333333334,5.662000000000001,71.77733333333335,25.676666666666666,16.442666666666668,21.098666666666666,3.424666666666667,2009.0,7164.16,3856.18,251.03,2317.02,175.19,386.23,0.06
6,209.0,26.96,33.8,21.83,84.49,29.98,19.52,24.3,5.28,2009.0,209.0,3.85,28.48,0.0,54.12,24.29,13.25,19.81,1.16,2009.0,209.0,22.444000000000006,31.18466666666667,4.842666666666668,69.60066666666668,26.603333333333335,16.366,21.605333333333327,3.348666666666667,2009.0,7367.0,3526.5,196.45,2021.31,139.54,309.94,0.08
7,225.0,25.06,36.97,45.9,93.72,31.06,23.6,26.77,7.13,2009.0,225.0,6.16,30.24,0.0,53.22,23.28,15.03,20.3,1.62,2009.0,225.0,18.703999999999997,33.56133333333333,10.996666666666664,72.40466666666667,28.10933333333333,18.990666666666666,23.442666666666675,4.065333333333333,2009.0,6910.93,3493.04,217.0,2033.94,146.39,337.84,0.02
8,241.0,24.84,36.83,38.41,92.89,30.11,19.81,23.09,5.29,2009.0,241.0,3.13,26.68,0.0,53.44,21.23,8.54,14.66,1.13,2009.0,241.0,18.576666666666664,29.572000000000006,3.417333333333333,64.72066666666666,24.988666666666663,13.13533333333333,18.974,2.877999999999999,2009.0,7079.46,3018.83,185.3,1702.34,123.72,272.15,0.27
9,257.0,20.74,33.7,16.15,74.48,29.24,16.62,22.64,4.69,2009.0,257.0,8.96,26.06,0.0,49.98,25.09,10.21,17.85,1.52,2009.0,257.0,17.657333333333334,30.242666666666665,1.2833333333333334,62.60266666666667,27.763333333333325,14.109333333333332,20.68666666666667,2.546666666666667,2009.0,6350.57,2631.5,223.34,1546.72,137.13,263.1,0.01
10,273.0,18.07,34.06,17.5,92.66,28.03,17.66,20.49,9.19,2009.0,273.0,3.89,24.01,0.0,47.96,10.49,2.18,8.19,0.96,2009.0,273.0,12.364666666666665,28.44066666666666,4.657333333333335,73.232,18.602666666666668,8.879333333333333,13.437333333333333,4.573333333333334,2009.0,6355.79,2607.12,249.9,1548.53,157.94,300.48,0.79
11,289.0,14.62,31.54,33.61,97.77,20.56,13.89,16.61,6.22,2009.0,289.0,3.02,23.36,0.0,45.19,6.01,-3.11,1.88,1.68,2009.0,289.0,8.947333333333335,27.28066666666666,6.815333333333333,76.26866666666668,12.195333333333332,3.1373333333333333,7.242000000000001,4.215333333333333,2009.0,5482.79,1910.98,301.35,1230.77,196.1,341.79,0.11
12,305.0,12.92,30.82,23.21,96.35,20.36,9.55,13.22,8.35,2009.0,305.0,2.3,21.64,0.0,60.84,9.24,-1.37,4.19,2.39,2009.0,305.0,9.621333333333334,26.079999999999995,2.5300000000000002,78.81666666666666,14.505333333333335,3.9666666666666672,8.795333333333334,4.65,2009.0,5322.23,1394.89,147.42,882.96,67.17,319.38,15.32
