,DOY,INSgdmax,RADmax,RAINmax,RHmax,TMAXmax,TMINmax,Tmax,WINDmax,YEAR,DOY,INSgdmin,RADmin,RAINmin,RHmin,TMAXmin,TMINmin,Tmin,WINDmin,YEAR,DOY,INSgdmean,RADmean,RAINmean,RHmean,TMAXmean,TMINmean,Tmean,WINDmean,YEAR,NDVI,EVI,RED,NIR,BLUE,MIR,pixrel
0,113.0,25.4592,32.52419999999999,30.100099999999998,94.1473,25.6183,12.691500000000001,18.5349,8.668999999999999,2009.0,113.0,6.4584,22.475,0.0,51.0745,10.5047,1.4195,5.837599999999999,2.1478,2009.0,113.0,16.6794,27.651086666666664,5.38288,75.17125333333334,18.460499999999996,6.119193333333334,12.319206666666666,5.1592,2009.0,1673.4,226.43,-6.09,587.61,-110.0,171.09,79.41
1,129.0,29.2392,32.0511,40.0362,91.6351,23.046999999999997,12.350999999999999,17.064700000000002,8.562199999999999,2009.0,129.0,6.411899999999999,22.5683,0.0,40.9298,15.485600000000002,3.9467000000000003,10.4288,1.5159,2009.0,129.0,20.785206666666664,27.33057333333333,7.2150333333333325,62.87801333333332,20.090066666666665,8.53468,14.202320000000002,4.550713333333334,2009.0,1609.19,96.25,-173.73,586.46,-291.97,68.6,114.8
2,145.0,28.272800000000004,33.6747,19.2876,92.22800000000001,26.6725,16.1794,20.6428,7.4488,2009.0,145.0,9.1564,26.936999999999998,0.0,54.3514,15.9478,7.3253,13.347,2.2192,2009.0,145.0,21.481686666666665,29.97361333333333,2.7537866666666666,72.72869333333334,23.126060000000003,11.726980000000001,17.160453333333333,4.997680000000001,2009.0,2320.33,894.26,-24.0,1031.65,-110.79,160.83,89.48
3,161.0,28.5639,33.8239,28.9679,88.5351,26.442,16.5908,20.9852,5.177100000000001,2009.0,161.0,9.0397,27.170800000000003,0.0,62.7073,20.6985,10.057099999999998,15.562899999999999,1.3837000000000002,2009.0,161.0,21.455853333333337,31.102686666666663,5.377900000000002,76.53616,23.81928,13.809893333333331,18.654453333333333,3.352533333333334,2009.0,3321.33,1290.09,-220.81,1052.09,-264.05,-108.97,94.49
4,177.0,29.4786,36.4106,9.4582,93.064,31.758099999999995,23.4615,27.546999999999997,6.780000000000001,2009.0,177.0,10.432799999999999,27.3853,0.0,66.62480000000001,20.284100000000002,13.881599999999999,17.4519,1.2455,2009.0,177.0,21.776220000000002,32.97972666666667,2.64316,75.47403333333332,26.981466666666662,18.240300000000005,22.706279999999992,3.465393333333333,2009.0,3744.48,1968.59,127.13,1772.28,76.5,138.82,81.86
5,193.0,27.747,35.3661,27.9833,87.63069999999999,27.4139,19.2947,22.8192,6.1237,2009.0,193.0,9.057599999999999,28.7911,0.0,56.565400000000004,20.1525,10.9647,15.249400000000001,1.3462999999999998,2009.0,193.0,18.636373333333335,31.528673333333334,6.046286666666667,70.15950666666667,24.655293333333333,15.438226666666665,20.072320000000005,3.626079999999999,2009.0,3624.8,1891.94,-60.15,1558.03,-108.45,-7.58,84.25
6,209.0,26.7408,33.34,35.8842,84.08080000000001,29.651199999999996,18.0886,23.3324,5.5916999999999994,2009.0,209.0,4.9284,28.7589,0.0,52.5385,22.6903,12.470699999999999,18.4754,1.812,2009.0,209.0,21.73424666666666,30.93196,5.089506666666667,68.05650666666668,26.0078,15.786033333333332,20.927280000000003,3.738033333333333,2009.0,3477.69,1536.24,-183.11,1205.11,-207.12,-90.73,89.61
7,225.0,25.137,36.6658,23.4676,89.8382,29.6103,22.755,25.253100000000003,6.1807,2009.0,225.0,4.7089,29.3975,0.0,49.8028,22.0047,14.6231,19.2432,1.4524,2009.0,225.0,17.517126666666666,33.236740000000005,8.257866666666668,74.94585999999998,26.785066666666665,18.314913333333337,22.453006666666667,3.9394066666666667,2009.0,3616.3,1743.65,-191.03,1354.1,-233.16,-107.67,89.35
8,241.0,24.568299999999997,34.9347,23.1474,98.12740000000001,27.7074,15.915000000000003,21.4372,6.165699999999999,2009.0,241.0,4.615,25.585600000000003,0.0,54.9286,20.0593,8.9068,14.1772,0.9308,2009.0,241.0,18.892566666666667,28.908093333333333,2.515673333333333,68.74058666666666,23.096580000000003,12.022246666666668,17.54512666666667,2.7865133333333336,2009.0,3255.33,1471.57,-125.75,1248.49,-162.81,-41.63,89.94
9,257.0,20.804499999999997,33.272999999999996,10.1615,79.2293,28.606899999999996,16.9597,21.841199999999997,4.1712,2009.0,257.0,12.009400000000001,26.5809,0.0,53.021,23.4996,9.5212,17.2081,1.0752000000000002,2009.0,257.0,17.88413333333333,30.042539999999995,0.7219,66.8349,26.622573333333335,13.84629333333333,19.918206666666673,2.202793333333333,2009.0,2812.99,739.25,-243.02,807.92,-310.86,-179.61,107.12
10,273.0,16.5586,33.2101,17.7735,93.6225,25.3079,16.9091,20.0487,10.058599999999998,2009.0,273.0,3.5605,24.024700000000003,0.0,54.8451,10.775599999999999,2.1037999999999997,8.2411,1.1099,2009.0,273.0,10.35496,29.00708,4.004573333333333,77.59651999999998,17.369180000000004,8.49544,12.611006666666666,4.5472866666666665,2009.0,3600.26,1425.15,309.54,1300.81,250.68,294.29,42.06
11,289.0,14.2347,31.833299999999998,22.6685,95.8697,19.940399999999997,13.143300000000002,15.6718,7.2303999999999995,2009.0,289.0,3.1355,21.8644,0.0,45.992200000000004,5.1856,-4.3154,0.8155000000000001,1.6447,2009.0,289.0,8.853393333333333,26.53912666666666,5.54364,76.41885333333335,11.004913333333334,1.9909466666666664,5.99322,4.26286,2009.0,2241.13,175.2,-90.75,552.49,-174.09,-9.58,94.84
12,305.0,12.832,30.934400000000004,29.5839,97.06639999999999,19.325599999999998,9.0335,12.091800000000001,8.167499999999999,2009.0,305.0,2.7072000000000003,21.992200000000004,0.0,61.3217,7.8202,-2.8653,2.7302000000000004,2.4359,2009.0,305.0,8.878513333333332,25.88196,3.3554933333333334,80.14013333333332,13.09476,2.8913466666666663,7.568413333333334,4.63476,2009.0,1656.19,-296.95,-280.43,244.29,-354.9,-142.77,117.3
