,DOY,INSgdmax,RADmax,RAINmax,RHmax,TMAXmax,TMINmax,Tmax,WINDmax,YEAR,DOY,INSgdmin,RADmin,RAINmin,RHmin,TMAXmin,TMINmin,Tmin,WINDmin,YEAR,DOY,INSgdmean,RADmean,RAINmean,RHmean,TMAXmean,TMINmean,Tmean,WINDmean,YEAR,NDVI,EVI,RED,NIR,BLUE,MIR,pixrel
0,113.0,25.45,31.82,29.82,99.05,26.16,12.6,18.68,9.03,2009.0,113.0,6.34,21.92,0.0,46.55,9.42,0.12,5.26,2.09,2009.0,113.0,16.908,27.257999999999996,4.032666666666667,70.40066666666667,17.758,4.928,11.258000000000004,5.998000000000001,2009.0,4339.41,1997.59,710.3,1786.97,351.54,1232.54,0.2
1,129.0,29.23,31.28,21.49,84.0,22.82,11.44,16.0,8.98,2009.0,129.0,6.16,21.96,0.0,37.85,14.85,1.94,8.45,2.09,2009.0,129.0,19.673333333333336,26.993999999999996,4.004,58.91466666666667,19.566,7.312666666666667,13.403999999999996,5.206666666666667,2009.0,6114.81,3274.79,566.98,2347.6,291.88,1020.82,0.0
2,145.0,29.16,32.26,15.49,92.16,29.11,14.77,20.9,10.0,2009.0,145.0,6.62,26.57,0.0,42.69,15.04,8.07,12.01,3.26,2009.0,145.0,21.126666666666665,29.514,2.858,64.58200000000001,22.750666666666667,11.363999999999999,16.917333333333332,5.466666666666666,2009.0,6982.37,4020.14,474.36,2679.28,252.22,854.31,0.18
3,161.0,29.63,33.52,17.29,91.02,26.41,16.2,20.15,5.08,2009.0,161.0,4.46,25.09,0.0,47.61,19.27,8.19,14.66,1.72,2009.0,161.0,17.88133333333333,30.197333333333336,4.9479999999999995,69.85133333333333,22.94,11.925999999999998,17.381333333333334,3.6153333333333335,2009.0,7883.89,4724.24,324.37,2902.49,179.6,604.99,0.02
4,177.0,29.12,35.96,9.1,84.7,31.09,22.91,26.8,7.44,2009.0,177.0,11.23,27.65,0.0,57.56,22.09,13.36,17.83,1.46,2009.0,177.0,20.986666666666668,32.584666666666664,2.3366666666666664,71.74266666666668,26.874666666666663,17.830000000000002,22.254666666666665,3.912,2009.0,8314.97,5922.24,334.38,3771.14,183.64,695.18,0.29
5,193.0,28.73,34.42,16.49,83.42,27.48,20.08,22.97,6.96,2009.0,193.0,9.79,27.9,0.0,47.42,19.79,10.47,15.52,1.19,2009.0,193.0,21.396000000000004,31.151333333333337,4.022,62.60199999999998,24.989333333333335,15.165333333333333,19.984,3.9,2009.0,8173.16,5934.27,372.26,3855.93,203.34,730.42,0.04
6,209.0,26.64,32.83,16.3,65.25,30.49,19.85,24.86,6.4,2009.0,209.0,10.62,28.8,0.0,41.64,22.42,12.99,18.6,1.44,2009.0,209.0,22.238666666666667,30.70333333333333,2.9419999999999997,52.87266666666667,27.624666666666663,15.755333333333333,21.677999999999997,3.9779999999999998,2009.0,8315.47,5334.08,283.31,3241.6,156.67,596.84,0.0
7,225.0,25.06,35.89,20.53,88.33,32.61,21.29,25.85,6.51,2009.0,225.0,6.19,28.62,0.0,40.52,20.21,13.7,17.8,1.33,2009.0,225.0,17.213333333333335,32.952000000000005,6.916,63.333999999999996,28.574666666666666,17.848000000000003,23.10133333333334,4.375333333333333,2009.0,8372.9,5088.5,251.08,3020.99,138.49,512.25,0.02
8,241.0,24.66,34.78,12.65,77.88,28.54,18.4,21.64,6.41,2009.0,241.0,10.37,25.38,0.0,44.97,21.1,7.5,14.43,0.94,2009.0,241.0,19.389333333333337,28.511999999999997,1.5613333333333335,57.473333333333336,24.649333333333335,11.563333333333333,18.006666666666668,3.2046666666666668,2009.0,8099.27,5229.29,336.67,3264.19,184.15,626.75,0.82
9,257.0,19.4,32.83,6.08,78.1,30.0,16.64,22.83,4.03,2009.0,257.0,9.97,29.12,0.0,50.57,24.12,12.28,18.24,1.18,2009.0,257.0,16.54733333333333,30.68066666666667,0.6813333333333332,61.096666666666664,27.720000000000006,14.400666666666666,20.93066666666667,2.3846666666666665,2009.0,7505.53,4256.99,373.93,2680.24,196.76,675.04,0.0
10,273.0,16.96,34.56,19.35,94.34,24.23,15.97,19.37,10.57,2009.0,273.0,4.07,23.51,0.0,57.2,9.82,0.32,7.29,1.53,2009.0,273.0,9.666666666666666,28.858666666666657,3.6319999999999997,77.91466666666665,16.2,7.688000000000001,11.636666666666665,4.881333333333333,2009.0,6882.56,3532.49,414.96,2280.59,218.85,621.12,1.0
11,289.0,13.72,30.35,29.8,100.0,17.47,7.12,11.23,8.23,2009.0,289.0,2.16,20.7,0.0,50.23,2.62,-4.82,-0.24,2.1,2009.0,289.0,8.656666666666666,25.552666666666667,5.3953333333333315,78.37799999999999,8.553333333333333,0.6613333333333332,4.117333333333333,4.414,2009.0,5182.09,2509.76,647.01,1951.17,419.05,866.07,1.12
12,305.0,12.89,29.84,26.81,100.0,17.37,8.31,10.75,7.8,2009.0,305.0,3.2,20.38,0.0,67.12,6.48,-3.48,1.33,3.22,2009.0,305.0,8.342,25.185333333333336,2.288666666666667,81.27266666666667,11.410666666666666,1.6046666666666667,5.959999999999997,4.965999999999999,2009.0,4999.2,1799.32,439.9,1330.18,221.31,725.14,0.0
