,DOY,INSgdmax,RADmax,RAINmax,RHmax,TMAXmax,TMINmax,Tmax,WINDmax,YEAR,DOY,INSgdmin,RADmin,RAINmin,RHmin,TMAXmin,TMINmin,Tmin,WINDmin,YEAR,DOY,INSgdmean,RADmean,RAINmean,RHmean,TMAXmean,TMINmean,Tmean,WINDmean,YEAR,NDVI,EVI,RED,NIR,BLUE,MIR,pixrel
0,113.0,25.106,31.184000000000005,19.979,96.445,27.983,11.917,19.433,9.099,2009.0,113.0,5.435,23.875999999999998,0.0,46.206,12.195,1.242,8.066,2.431,2009.0,113.0,16.46033333333333,27.7358,3.9398,66.72500000000001,18.931733333333334,6.082333333333334,12.4514,5.8191999999999995,2009.0,4446.31,2835.21,1045.65,2737.5,547.21,2138.34,0.43
1,129.0,29.424,31.596999999999998,16.279,78.791,25.232,12.741,17.926000000000002,8.318999999999999,2009.0,129.0,7.801,21.288999999999998,0.0,33.647999999999996,17.939,3.092,10.462,2.014,2009.0,129.0,20.42813333333333,27.440000000000005,3.440933333333333,55.589533333333335,21.247999999999998,8.489733333333332,14.785533333333333,4.7908,2009.0,5350.77,3508.86,867.72,2937.2,458.81,1799.44,0.35
2,145.0,29.326,33.346,11.426,83.36000000000001,30.683,16.245,22.086,10.237,2009.0,145.0,7.584999999999999,27.244,0.0,42.039,19.205000000000002,8.802999999999999,15.956999999999999,2.674,2009.0,145.0,21.49066666666667,30.7494,2.1138,57.790866666666666,26.124133333333333,13.788266666666665,19.758066666666668,5.334800000000001,2009.0,5621.23,3669.76,811.95,2958.67,427.43,1879.37,0.09
3,161.0,28.189999999999998,34.478,30.15,87.86000000000001,30.61,17.485,23.875999999999998,5.569999999999999,2009.0,161.0,3.9829999999999997,27.414,0.0,38.312,20.755000000000003,9.742,16.372,1.4649999999999999,2009.0,161.0,17.502866666666666,31.6364,7.258,66.38233333333335,25.004066666666667,13.8154,19.185666666666666,3.7929999999999997,2009.0,6920.08,4468.65,537.62,3076.1,291.66,1049.2,0.0
4,177.0,29.658,35.876,23.633,80.46799999999999,33.617999999999995,23.802,27.519,6.752,2009.0,177.0,7.436,27.747999999999998,0.0,47.678999999999995,26.220999999999997,15.009,21.148999999999997,1.617,2009.0,177.0,21.742399999999996,32.75039999999999,3.895266666666667,64.96613333333332,29.48766666666667,19.1038,24.092733333333335,3.667933333333333,2009.0,6879.97,4869.01,635.19,3529.43,340.0,1434.88,0.63
5,193.0,28.412,35.291999999999994,18.942,87.401,30.618000000000002,20.229,24.27,6.293,2009.0,193.0,14.956,28.15,0.0,43.344,23.608999999999998,11.141,17.549999999999997,1.627,2009.0,193.0,22.54766666666667,31.806333333333335,5.202133333333333,60.71820000000001,27.69546666666667,16.352400000000003,21.9602,3.8961333333333332,2009.0,8021.31,6158.46,444.58,4153.94,241.82,987.65,0.34
6,209.0,26.93,33.23,11.958000000000002,77.57400000000001,34.894,20.061999999999998,27.095000000000002,5.473999999999999,2009.0,209.0,19.594,29.162,0.0,39.143,24.766,13.286999999999999,19.331,1.747,2009.0,209.0,24.85186666666666,30.922933333333333,2.3251333333333326,48.93926666666666,30.24213333333333,16.627533333333332,23.263133333333336,3.7570666666666663,2009.0,8302.7,6238.83,364.94,4064.41,199.77,832.91,0.01
7,225.0,25.323999999999998,37.407,26.200000000000003,79.426,34.941,23.865000000000002,28.845,6.9559999999999995,2009.0,225.0,11.617,29.512,0.0,37.865,21.624,13.277000000000001,18.175000000000004,1.694,2009.0,225.0,19.863666666666663,33.149,5.471333333333333,57.81020000000001,30.064799999999998,18.439666666666668,24.2644,4.498600000000001,2009.0,8177.34,6560.25,435.71,4466.7,237.53,946.18,0.02
8,241.0,23.8,36.76,24.914,77.92,31.092,20.975,23.381999999999998,7.39,2009.0,241.0,6.651999999999999,26.418000000000003,0.0,48.981,21.293999999999997,8.434999999999999,15.797999999999998,1.581,2009.0,241.0,19.216533333333338,30.142999999999997,3.111866666666667,59.73513333333334,25.858266666666665,13.130066666666666,19.385800000000003,3.9846000000000004,2009.0,7715.03,5963.72,527.79,4110.41,315.53,962.69,1.13
9,257.0,19.599000000000004,33.671,10.237,82.051,30.277,17.066,22.535999999999998,5.131,2009.0,257.0,8.012999999999998,29.242000000000004,0.0,49.79899999999999,21.456,13.654,17.496,1.47,2009.0,257.0,16.877266666666667,31.147866666666673,1.3472666666666668,62.300799999999995,27.325266666666664,15.13706666666667,21.1206,2.8568666666666673,2009.0,5884.65,3410.85,649.15,2587.08,306.7,1205.07,0.0
10,273.0,18.168,31.35,14.107,88.70700000000001,26.735,14.84,19.326999999999998,9.038999999999998,2009.0,273.0,3.694,23.844,0.0,40.333999999999996,8.885,1.6829999999999998,7.029999999999999,1.23,2009.0,273.0,12.412333333333333,28.117333333333335,1.9389999999999998,62.29906666666666,18.7076,7.476266666666666,12.768466666666665,4.9544,2009.0,5359.08,3358.75,841.81,2807.43,460.35,1232.51,0.79
11,289.0,16.387,30.982999999999997,40.588,98.584,17.820999999999998,9.448,13.036,8.105999999999998,2009.0,289.0,1.892,20.791999999999998,0.0,44.01,3.2649999999999997,-3.398,0.252,1.4700000000000002,2009.0,289.0,8.461666666666668,26.337066666666672,5.472533333333335,76.35673333333334,9.484266666666665,0.9196,4.678933333333334,4.3264,2009.0,4210.87,2504.58,965.52,2421.59,503.9,1537.25,0.04
12,305.0,13.21,30.796,33.128,97.17099999999999,19.807000000000002,8.72,11.422,6.587,2009.0,305.0,3.158,20.910999999999998,0.0,53.896,9.602,-1.653,3.4509999999999996,3.247,2009.0,305.0,9.329733333333333,24.96553333333333,3.192,73.8212,13.654866666666669,2.5782666666666665,7.3096,4.875733333333334,2009.0,3794.09,2040.71,912.92,2060.99,474.8,1601.42,0.05
