,DOY,INSgdmax,RADmax,RAINmax,RHmax,TMAXmax,TMINmax,Tmax,WINDmax,YEAR,DOY,INSgdmin,RADmin,RAINmin,RHmin,TMAXmin,TMINmin,Tmin,WINDmin,YEAR,DOY,INSgdmean,RADmean,RAINmean,RHmean,TMAXmean,TMINmean,Tmean,WINDmean,YEAR,NDVI,EVI,RED,NIR,BLUE,MIR,pixrel
0,113.0,25.235599999999998,31.285400000000003,24.8324,96.07,28.6322,12.3154,20.0606,8.9142,2009.0,113.0,4.5565999999999995,23.735599999999998,0.0,44.23440000000001,12.162600000000001,1.7436,8.687000000000001,2.3308,2009.0,113.0,16.69493333333333,27.938,4.1026,65.99055999999999,19.530293333333333,6.669973333333334,13.01256,5.66944,2009.0,3885.41,2379.06,1157.47,2589.21,585.9,2327.7,0.35
1,129.0,29.3226,31.36,15.383799999999997,79.9622,25.544599999999996,13.2756,18.4732,8.0928,2009.0,129.0,6.384399999999999,21.793,0.0,35.4324,18.539,3.8048,11.1292,1.8298,2009.0,129.0,20.499253333333336,27.816520000000004,3.502493333333333,55.99193333333332,21.777519999999996,8.996493333333332,15.294093333333333,4.720319999999999,2009.0,4404.47,2808.25,1095.6,2796.84,555.44,2432.56,0.61
2,145.0,29.304399999999998,33.8398,11.7974,84.3212,30.846799999999998,17.514599999999998,22.656,9.947200000000002,2009.0,145.0,7.931799999999999,27.4354,0.0,42.6588,19.4084,9.207999999999998,16.1508,2.8053999999999997,2009.0,145.0,22.01918666666667,30.86468,1.96112,58.16378666666667,26.71373333333333,14.231506666666663,20.264026666666666,5.276000000000001,2009.0,4834.76,3159.77,1035.39,2946.24,526.81,2391.42,0.19
3,161.0,27.905,34.6292,34.938599999999994,89.23580000000001,31.5406,18.285400000000003,24.570800000000002,5.5796,2009.0,161.0,3.8156,27.807599999999997,0.0,38.7158,21.4438,10.3954,16.569399999999998,1.6894,2009.0,161.0,18.228586666666665,32.03339999999999,7.897600000000001,66.94497333333334,25.572826666666664,14.55872,19.754506666666668,3.7938,2009.0,7368.53,5231.4,539.11,3607.38,291.89,1181.24,0.0
4,177.0,29.7588,35.9006,21.150199999999998,79.6106,34.5252,23.980800000000002,27.9828,6.6530000000000005,2009.0,177.0,6.1646,27.970599999999997,0.0,46.2984,26.287599999999998,15.219,21.8816,1.7598,2009.0,177.0,22.092679999999998,32.976279999999996,3.355386666666667,64.88165333333333,30.021546666666666,19.537200000000006,24.562133333333335,3.6397733333333324,2009.0,7576.62,5498.69,510.36,3757.67,276.65,1128.47,0.1
5,193.0,28.2488,35.7504,18.1554,87.12019999999998,31.194600000000005,20.808,24.6522,5.9558,2009.0,193.0,14.3644,27.590799999999998,0.0,41.426399999999994,24.4118,11.402000000000001,18.1176,1.5658,2009.0,193.0,22.467826666666667,32.027213333333336,4.902493333333333,60.58988000000001,28.298706666666668,16.83548,22.484920000000002,3.861693333333334,2009.0,8520.88,6875.77,356.63,4550.56,197.86,812.13,0.09
6,209.0,27.069200000000002,34.0322,12.8472,78.46379999999999,36.141999999999996,20.1274,27.517400000000002,5.4824,2009.0,209.0,15.6154,29.5556,0.0,38.9906,25.178200000000004,13.6254,19.7534,1.666,2009.0,209.0,24.12462666666666,31.34801333333333,3.226853333333333,49.23882666666667,30.958733333333335,16.99637333333333,23.760493333333336,3.7231066666666663,2009.0,8440.21,6684.35,362.36,4405.54,200.72,826.04,0.01
7,225.0,25.2988,37.1376,26.5978,80.02780000000001,36.6666,24.4362,30.0534,7.409599999999999,2009.0,225.0,11.136400000000002,29.897799999999997,0.0,37.98440000000001,22.448999999999998,13.349,18.5932,1.6753999999999998,2009.0,225.0,20.281706666666665,33.25811999999999,5.842693333333333,57.57496,30.53912,18.758786666666666,24.64824,4.52512,2009.0,8370.66,6962.98,411.39,4733.24,229.23,901.9,0.01
8,241.0,23.8882,36.8356,23.84,84.6268,31.0392,21.290599999999998,23.739,7.399600000000001,2009.0,241.0,6.3802,27.0354,0.0,49.5912,21.7224,8.866999999999999,16.155,1.308,2009.0,241.0,18.452413333333336,30.658559999999998,3.631946666666667,61.22593333333333,26.041026666666664,13.481906666666667,19.64932,4.004440000000001,2009.0,7894.05,5751.78,439.21,3812.52,250.63,809.62,1.05
9,257.0,19.6662,33.8756,13.5652,82.0564,30.1024,16.9004,22.447200000000002,5.095000000000001,2009.0,257.0,7.0602,29.2594,0.0,47.5046,21.3258,13.833400000000001,17.583000000000002,1.5204,2009.0,257.0,16.94578666666667,31.133466666666667,1.5056266666666667,62.21696,27.311186666666664,15.126786666666668,21.10432,2.8524666666666674,2009.0,4863.35,2650.91,800.07,2326.13,360.82,1500.35,0.0
10,273.0,18.453,31.3548,11.316400000000002,84.8256,27.3818,13.738999999999999,18.9142,9.162600000000001,2009.0,273.0,4.1926,23.7426,0.0,37.6802,10.2932,2.2332,7.761999999999999,1.2306,2009.0,273.0,12.760093333333334,28.08345333333334,1.4945599999999999,59.92606666666666,19.291680000000003,7.635626666666667,13.131066666666666,4.95956,2009.0,4435.11,2419.63,855.01,2217.99,433.93,1350.78,0.54
11,289.0,16.5376,31.391600000000004,39.835,97.8808,19.0,9.8152,13.338999999999999,8.056799999999999,2009.0,289.0,2.108,21.415399999999998,0.0,46.6434,3.5236,-3.0392,0.3822,1.9164,2009.0,289.0,8.372266666666668,26.53142666666667,5.211093333333333,76.38649333333335,10.074266666666666,1.1926800000000002,5.108693333333334,4.35396,2009.0,3453.9,1981.52,1103.27,2268.87,557.43,1822.07,0.03
12,305.0,13.378,30.8668,36.194599999999994,95.6044,20.4184,9.3506,12.0796,6.527000000000001,2009.0,305.0,3.1238,20.739999999999995,0.0,54.8044,10.4666,-1.3104,4.252000000000001,3.2824,2009.0,305.0,9.488293333333335,25.123733333333327,3.41452,72.88892000000001,14.324786666666668,3.059826666666667,7.855479999999999,4.7742933333333335,2009.0,3210.91,1741.97,1062.14,2067.37,536.49,1840.62,0.01
