,DOY,INSgdmax,RADmax,RAINmax,RHmax,TMAXmax,TMINmax,Tmax,WINDmax,YEAR,DOY,INSgdmin,RADmin,RAINmin,RHmin,TMAXmin,TMINmin,Tmin,WINDmin,YEAR,DOY,INSgdmean,RADmean,RAINmean,RHmean,TMAXmean,TMINmean,Tmean,WINDmean,YEAR,NDVI,EVI,RED,NIR,BLUE,MIR,pixrel
0,113.0,25.5163,33.3701,31.122600000000002,94.59429999999999,26.008799999999997,13.7196,19.5946,8.461,2009.0,113.0,6.3366999999999996,21.967000000000002,0.0,48.452799999999996,11.5785,1.4040000000000001,6.917399999999999,2.231,2009.0,113.0,15.987726666666669,27.910033333333335,5.147813333333333,73.14572666666666,19.070753333333336,6.941113333333334,13.000473333333334,5.4058,2009.0,4884.43,1971.79,528.27,1533.04,265.28,1031.65,0.0
1,129.0,29.274399999999996,32.065200000000004,47.9619,90.1687,23.4746,13.1674,17.5937,8.4473,2009.0,129.0,4.4329,22.133399999999998,0.0,37.461200000000005,16.104,3.7936999999999994,10.4385,1.9096000000000002,2009.0,129.0,20.50778,27.524466666666665,7.2222599999999995,61.467879999999994,20.679560000000002,9.10614,14.741399999999999,4.5175,2009.0,5722.77,2905.71,577.7,2133.96,302.08,1094.41,0.0
2,145.0,28.7818,33.802,17.3433,92.99099999999999,27.7875,17.5084,21.4134,7.9894,2009.0,145.0,9.538,26.786,0.0,51.318400000000004,17.390600000000003,8.367,13.9875,2.2257,2009.0,145.0,21.249446666666667,30.28964,3.1408066666666667,70.67679333333334,23.937873333333332,12.697453333333334,18.100766666666665,4.954813333333333,2009.0,6464.91,3585.18,521.04,2466.79,280.65,916.4,0.15
3,161.0,28.1753,34.0009,27.465300000000003,90.7699,27.606599999999997,18.095000000000002,22.2072,5.094600000000001,2009.0,161.0,7.7533,27.732300000000002,0.0,58.792300000000004,21.4481,10.299700000000001,15.8755,1.6733,2009.0,161.0,19.417426666666664,31.473280000000003,7.967906666666666,75.99216,24.154653333333332,14.421786666666668,19.14526,3.4277866666666665,2009.0,7838.63,4639.96,322.72,2840.91,180.25,630.84,0.0
4,177.00000000000003,29.491799999999998,36.6675,15.5211,88.43610000000001,32.4606,23.8357,27.5882,6.515400000000001,2009.0,177.00000000000003,14.0094,27.6414,0.0,64.122,22.7118,14.479099999999999,18.8184,1.4099,2009.0,177.00000000000003,22.661706666666667,32.88764,2.734853333333333,74.94126,27.898206666666667,18.822293333333334,23.319813333333332,3.5653866666666674,2009.0,8337.3,5946.7,310.92,3735.44,177.74,668.86,0.01
5,193.0,28.3682,35.593900000000005,26.2986,88.8843,27.567099999999996,19.8708,23.266099999999998,6.347900000000001,2009.0,193.0,10.354,29.096300000000003,0.0,55.848200000000006,20.720099999999995,10.9597,15.7479,1.5691000000000002,2009.0,193.0,19.737426666666668,31.773259999999997,6.13888,69.99118666666668,25.241473333333335,15.88902,20.620526666666667,3.5098800000000003,2009.0,8493.79,5386.14,251.59,3213.49,145.53,449.32,0.96
6,209.0,26.846999999999998,33.037400000000005,26.394700000000004,80.0548,30.5979,19.0673,24.4124,5.3115000000000006,2009.0,209.0,10.0411,29.1491,0.0,49.1093,23.313000000000002,13.170900000000001,19.289999999999996,1.1994000000000002,2009.0,209.0,23.205806666666664,30.881899999999998,4.467573333333333,63.49657333333332,26.912446666666664,16.110166666666668,21.539193333333333,3.5575666666666663,2009.0,8426.01,5571.85,265.7,3368.22,153.2,566.95,0.0
7,225.0,25.069499999999998,36.385799999999996,33.186,87.1016,30.913000000000004,23.0977,26.339100000000002,6.8262,2009.0,225.0,6.042300000000001,30.0845,0.0,48.9225,22.4924,14.821200000000001,19.462200000000003,1.5158999999999998,2009.0,225.0,18.475299999999997,33.37168666666666,8.60122,69.94264666666666,28.068506666666664,18.504620000000003,23.160413333333334,4.116766666666667,2009.0,8412.39,5536.76,262.83,3347.05,149.21,547.51,0.01
8,241.0,24.7709,35.8667,23.6796,96.4906,28.7827,18.0274,22.071199999999997,5.526599999999999,2009.0,241.0,4.5937,26.2876,0.0,52.140699999999995,20.102600000000002,8.082699999999999,14.210400000000003,0.9672000000000001,2009.0,241.0,18.95874,29.129506666666664,2.7719533333333333,65.87271333333334,23.95128,12.34168,18.11188666666667,3.0014600000000002,2009.0,8254.13,5005.56,268.69,2971.59,157.43,495.42,0.51
9,257.0,20.0683,32.8848,8.7042,80.0024,28.588199999999997,16.5399,21.947200000000002,3.901,2009.0,257.0,8.5968,27.7966,0.0,54.895399999999995,23.4146,11.057999999999998,17.998700000000003,1.4264000000000003,2009.0,257.0,17.24523333333333,30.421186666666667,0.9189466666666668,64.85158666666668,26.976786666666666,14.208906666666664,20.37773333333333,2.39882,2009.0,7536.43,4085.01,332.25,2497.74,178.5,571.74,0.0
10,273.0,17.7085,33.735200000000006,19.4367,92.34649999999999,27.208399999999997,17.2603,20.009700000000002,9.5528,2009.0,273.0,2.9507000000000003,23.9008,0.0,50.082,9.9865,1.33,7.855700000000001,1.1905,2009.0,273.0,11.606293333333333,28.606466666666666,4.681313333333334,73.83224,17.86274,8.340119999999999,12.804453333333333,4.69994,2009.0,7464.44,3966.48,333.77,2419.99,181.86,539.47,0.98
11,289.0,14.3518,32.0562,33.949,95.83709999999999,19.413800000000002,11.9403,15.190999999999999,7.4198,2009.0,289.0,2.9825,22.3295,0.0,45.170100000000005,5.113099999999999,-3.6709,0.9862,1.5202999999999998,2009.0,289.0,8.683000000000002,26.818906666666663,5.63694,76.59983333333332,11.023846666666667,2.18152,6.103766666666667,4.238893333333333,2009.0,5880.98,2480.55,425.15,1675.27,230.42,621.19,0.21
12,305.0,13.1847,30.8551,22.925,97.1737,19.6205,8.7256,12.287600000000001,7.9726,2009.0,305.0,3.1865,21.7366,0.0,62.8946,8.6093,-2.1268000000000002,3.2774,2.8705,2009.0,305.0,9.201073333333333,25.708593333333333,2.0416266666666667,79.0062,13.61186,3.04328,7.810513333333334,4.817333333333333,2009.0,5731.3,2092.41,377.8,1412.09,186.28,772.22,0.0
