,DOY,INSgdmax,RADmax,RAINmax,RHmax,TMAXmax,TMINmax,Tmax,WINDmax,YEAR,DOY,INSgdmin,RADmin,RAINmin,RHmin,TMAXmin,TMINmin,Tmin,WINDmin,YEAR,DOY,INSgdmean,RADmean,RAINmean,RHmean,TMAXmean,TMINmean,Tmean,WINDmean,YEAR,NDVI,EVI,RED,NIR,BLUE,MIR,pixrel
0,113.0,25.3248,32.6317,36.462,94.76740000000001,28.62,14.0286,21.230900000000002,8.3097,2009.0,113.0,4.966200000000001,23.1864,0.0,42.055,14.4396,2.3266,10.0996,2.1487,2009.0,113.0,16.7917,28.374859999999998,5.0766133333333325,67.09463333333333,20.775293333333337,8.207433333333334,14.296980000000001,5.339366666666666,2009.0,2838.56,1937.72,1666.14,2977.66,795.71,3007.3,0.33
1,129.0,29.0635,32.5165,26.7245,85.8029,26.080700000000004,14.523299999999999,19.4988,7.5562,2009.0,129.0,2.6487,22.756600000000002,0.0,40.1988,19.4009,5.2886999999999995,12.291699999999999,1.4954,2009.0,129.0,19.691933333333335,28.674680000000002,4.948713333333333,58.984406666666665,22.528306666666666,10.11184,16.13165333333333,4.53102,2009.0,3692.93,2523.0,1411.76,3051.87,683.83,2752.98,0.62
2,145.0,29.0182,34.2183,14.497599999999998,89.7916,30.469199999999997,19.7905,23.743000000000002,8.916500000000001,2009.0,145.0,8.034400000000002,27.654600000000002,0.0,45.203,19.0834,9.3395,16.237499999999997,2.6213,2009.0,145.0,22.822346666666668,30.91104,2.0456866666666667,61.45214666666667,27.031313333333333,14.937713333333333,20.782546666666665,4.99892,2009.0,4086.08,2595.32,1156.82,2755.05,559.15,2365.28,0.02
3,161.0,28.0283,35.064800000000005,43.97619999999999,92.0496,31.521600000000003,20.221400000000003,25.212400000000002,5.7962,2009.0,161.0,5.6192,28.545899999999996,0.0,44.7749,23.1801,11.762699999999999,17.1374,2.1862,2009.0,161.0,19.444073333333336,32.59142666666666,9.238513333333334,71.73274666666669,26.078433333333336,15.90722,20.646060000000002,3.7631200000000002,2009.0,6874.13,4992.97,682.88,3694.95,357.88,1481.68,0.0
4,177.0,29.860099999999996,36.0809,17.035700000000002,81.75829999999999,33.9543,23.9897,28.393299999999996,6.258699999999999,2009.0,177.0,5.4347,28.308099999999996,0.0,49.579899999999995,25.985799999999998,15.884,22.3771,1.7622,2009.0,177.0,22.822666666666663,33.27068666666666,2.45826,68.76973333333333,30.049860000000002,20.234853333333334,25.040560000000003,3.5547066666666667,2009.0,7482.41,5531.56,546.81,3847.82,294.17,1180.87,0.0
5,193.0,28.2318,36.3776,16.9878,88.09870000000001,30.7239,22.0368,24.947499999999998,5.6421,2009.0,193.0,13.839100000000002,26.845599999999997,0.0,40.8082,25.055500000000002,12.1825,18.843700000000002,1.4422,2009.0,193.0,22.526853333333335,32.457966666666664,4.274333333333333,62.90938,28.616926666666664,17.683846666666668,23.07806,3.737253333333334,2009.0,8692.54,7317.03,339.65,4895.38,187.41,755.54,0.0
6,209.0,27.3801,34.9487,21.410400000000003,79.09,36.492,20.766,27.7801,5.5365,2009.0,209.0,10.430100000000001,30.083999999999996,0.0,39.9551,25.119899999999998,14.7202,20.6856,1.5777,2009.0,209.0,23.229166666666664,32.06057333333333,4.823546666666667,52.590779999999995,31.065706666666664,17.857420000000005,24.244466666666668,3.67838,2009.0,8634.65,7019.15,328.58,4614.75,182.23,759.05,0.03
7,225.0,25.3662,36.8784,28.0776,80.567,38.2226,25.0289,31.183899999999998,8.536,2009.0,225.0,11.414,30.6336,0.0,42.4207,24.7877,13.7731,19.8464,1.9592999999999998,2009.0,225.0,20.67304666666667,33.72736666666667,6.239793333333333,59.94734,30.888326666666668,19.432413333333333,25.103886666666668,4.565993333333333,2009.0,8610.09,7310.09,363.61,4944.59,199.58,811.47,0.28
8,241.0,24.1915,36.7868,28.9874,94.7462,31.496899999999997,21.2779,24.1708,7.0587,2009.0,241.0,7.099799999999999,27.771799999999995,0.0,52.0561,22.3252,9.566699999999999,16.319699999999997,0.9793,2009.0,241.0,17.415686666666666,31.466386666666665,4.097839999999999,64.08160666666666,26.105353333333333,14.053706666666667,19.953646666666664,3.812426666666667,2009.0,8187.89,6470.34,435.75,4356.7,256.04,826.05,1.14
9,257.0,20.015,33.9433,19.184800000000003,86.4529,29.4149,17.7692,22.474,4.9786,2009.0,257.0,6.1616,28.9914,0.0,46.0496,22.6216,13.628499999999999,17.987500000000004,1.5882,2009.0,257.0,16.65186,31.29687333333333,1.7202866666666667,63.50518666666666,26.961926666666667,15.279953333333333,20.914646666666666,2.8328800000000003,2009.0,5749.67,3483.28,730.16,2754.99,342.11,1215.4,0.0
10,273.0,18.9566,31.693799999999996,9.426300000000001,79.3801,28.2111,12.9321,18.7277,9.761500000000002,2009.0,273.0,5.205399999999999,23.449399999999997,0.0,35.5519,13.1859,3.0839,9.4559,1.1252,2009.0,273.0,13.8163,27.93798,1.1656866666666668,57.63266,20.316593333333334,8.129840000000002,13.868999999999998,4.9739466666666665,2009.0,4558.94,2540.15,872.82,2336.5,420.2,1438.74,1.0
11,289.0,16.6742,32.7967,43.3398,96.3417,21.4618,11.191099999999999,14.935500000000001,7.8458000000000006,2009.0,289.0,2.8349,22.6236,0.0,51.4345,4.7506,-2.2009,1.2294,2.4687,2009.0,289.0,8.27662,27.08494666666667,4.422233333333333,76.27484000000001,11.574833333333332,2.28382,6.453273333333334,4.459433333333333,2009.0,3256.74,1616.04,937.42,1844.98,459.85,1420.31,0.0
12,305.0,13.6695,31.1847,40.682,94.7476,21.180999999999997,10.2946,13.5779,6.900600000000001,2009.0,305.0,3.1384999999999996,20.8456,0.0,57.46,11.431,-0.21229999999999996,5.5167,3.1789,2009.0,305.0,9.901666666666667,25.548873333333333,3.5631466666666665,72.87966666666668,15.51082,4.128906666666667,9.052226666666668,4.75398,2009.0,3009.96,1580.27,1074.88,1996.47,515.4,1794.02,0.0
