,DOY,INSgdmax,RADmax,RAINmax,RHmax,TMAXmax,TMINmax,Tmax,WINDmax,YEAR,DOY,INSgdmin,RADmin,RAINmin,RHmin,TMAXmin,TMINmin,Tmin,WINDmin,YEAR,DOY,INSgdmean,RADmean,RAINmean,RHmean,TMAXmean,TMINmean,Tmean,WINDmean,YEAR,NDVI,EVI,RED,NIR,BLUE,MIR,pixrel
0,113.0,25.6256,33.4996,33.55159999999999,95.1696,26.095999999999997,13.5244,19.6832,8.3688,2009.0,113.0,5.882,21.4296,0.0,47.7528,11.613199999999999,1.2396,7.0156,2.1128,2009.0,113.0,15.71608,27.855893333333334,5.113413333333333,72.56264,18.979466666666667,6.814693333333333,12.867973333333332,5.485626666666667,2009.0,4637.63,2032.19,672.88,1744.99,348.17,1142.99,0.02
1,129.0,29.273200000000003,31.704800000000002,41.946400000000004,89.0012,23.3172,13.1504,17.398000000000003,8.4768,2009.0,129.0,4.4824,21.9928,0.0,36.962,16.121199999999998,3.4212,10.137599999999999,1.9795999999999998,2009.0,129.0,20.350053333333335,27.516453333333335,6.753279999999998,61.080479999999994,20.608293333333336,8.985599999999998,14.63434666666667,4.575653333333333,2009.0,5204.35,2759.6,688.54,2226.89,348.25,1233.89,2.57
2,145.0,28.8868,33.6028,13.718399999999999,92.54520000000001,27.973599999999998,17.467200000000002,21.3384,8.3744,2009.0,145.0,9.295200000000001,26.736800000000002,0.0,49.813199999999995,17.282400000000003,8.2576,13.8544,2.2223999999999995,2009.0,145.0,21.251173333333334,30.281066666666664,2.950613333333334,69.72930666666667,23.930399999999995,12.740986666666666,18.097706666666667,5.020266666666667,2009.0,6055.84,3243.08,547.95,2319.12,288.43,894.82,2.79
3,161.0,28.2952,33.82,28.4164,91.57800000000002,27.4244,18.146,22.0604,5.2104,2009.0,161.0,6.3568,27.693199999999997,0.0,57.077999999999996,21.732,9.9524,15.918800000000001,1.7032,2009.0,161.0,19.03421333333333,31.352159999999998,8.079946666666666,75.48168000000001,24.074133333333336,14.229626666666668,19.03442666666667,3.458213333333333,2009.0,7605.92,4962.63,408.88,3192.3,232.59,788.71,0.01
4,177.0,29.516000000000002,36.6836,17.8536,87.43200000000002,32.6776,23.7756,27.4716,6.5272,2009.0,177.0,14.5976,27.646,0.0,62.589200000000005,23.1408,14.4972,18.988000000000003,1.5072,2009.0,177.0,22.328240000000005,32.84784,2.97928,74.65693333333334,27.98021333333333,18.76608,23.312586666666668,3.6014933333333334,2009.0,8015.17,5434.97,341.75,3439.33,191.31,680.34,2.56
5,193.0,28.6048,35.6092,30.890000000000004,88.97359999999999,27.5972,19.912399999999998,23.3104,6.3992,2009.0,193.0,10.2292,29.0536,0.0,54.459599999999995,20.836399999999998,10.918,15.8372,1.6548000000000003,2009.0,193.0,19.966213333333336,31.713199999999997,6.379920000000001,69.29528000000002,25.29586666666667,15.840720000000001,20.633493333333334,3.5221600000000004,2009.0,8047.74,4921.57,295.23,2989.77,165.97,523.63,3.11
6,209.0,26.8324,32.692800000000005,23.2344,78.638,31.1044,19.297600000000003,24.785600000000002,5.2888,2009.0,209.0,13.103599999999998,29.3096,0.0,46.718,23.2708,13.334,19.3656,1.1484,2009.0,209.0,23.663839999999997,30.79392,3.893066666666667,60.91479999999999,27.230826666666665,16.13274666666667,21.689600000000002,3.596373333333333,2009.0,7960.7,5230.61,353.2,3278.46,202.78,708.81,0.06
7,225.0,25.086799999999997,36.2524,32.0568,84.59400000000001,31.362000000000002,23.157600000000002,26.52,6.8684,2009.0,225.0,6.2284,30.1864,0.0,46.928399999999996,22.4576,14.762400000000001,19.328000000000003,1.5188000000000001,2009.0,225.0,18.62856,33.368053333333336,7.63664,67.93605333333333,28.41813333333333,18.480906666666673,23.30386666666667,4.167253333333333,2009.0,8066.71,5229.26,325.82,3238.28,186.88,620.34,0.01
8,241.0,24.776,35.9024,22.8388,97.0892,28.8976,17.9768,22.083199999999998,5.4988,2009.0,241.0,5.0972,26.2264,0.0,50.8428,19.7892,7.901199999999999,14.18,0.9376,2009.0,241.0,19.087226666666666,29.066533333333332,2.8796533333333336,65.31541333333334,23.964373333333338,12.265013333333332,18.080853333333334,3.0827466666666674,2009.0,7923.95,4648.31,295.9,2819.36,162.12,573.72,2.57
9,257.0,19.6268,32.7664,6.338,81.9744,28.6208,16.2724,21.914,3.7383999999999995,2009.0,257.0,7.42,28.4544,0.0,55.9628,22.756800000000005,11.6216,18.1232,1.4336,2009.0,257.0,16.983386666666668,30.565306666666665,0.8290933333333332,64.88066666666667,26.896346666666666,14.370186666666665,20.432399999999998,2.417253333333334,2009.0,7408.84,4104.29,370.44,2570.52,200.15,635.65,0.0
10,273.0,18.0124,33.5968,19.0408,92.26840000000001,27.3596,17.2948,20.0344,9.5624,2009.0,273.0,2.686,23.8504,0.0,49.6856,9.8928,1.0624,7.7384,1.2088,2009.0,273.0,11.637386666666666,28.53242666666667,4.787226666666666,73.23967999999999,17.826079999999997,8.226506666666666,12.707466666666667,4.762293333333334,2009.0,7348.51,3974.51,383.88,2495.38,220.49,610.98,0.66
11,289.0,14.313200000000002,32.236399999999996,35.6336,95.6896,19.0544,10.9588,14.6772,7.7168,2009.0,289.0,2.9596,22.332,0.0,44.730000000000004,4.9384,-3.646,0.8320000000000001,1.4547999999999996,2009.0,289.0,8.544186666666668,26.79517333333333,5.404933333333332,76.66152,10.7772,1.9778133333333334,5.8652533333333325,4.234666666666667,2009.0,5234.41,2482.99,700.45,2004.97,474.19,951.24,0.8
12,305.0,13.246,30.979599999999998,24.780400000000004,97.5148,19.5456,8.5644,12.1412,7.7384,2009.0,305.0,3.4076,21.64,0.0,63.6288,8.678,-2.1132,3.2140000000000004,3.0384,2009.0,305.0,9.119013333333331,25.63986666666667,1.93592,78.72442666666666,13.505199999999999,2.899893333333334,7.645253333333333,4.880853333333333,2009.0,5577.6,2180.96,435.45,1556.34,207.71,836.3,2.55
