,DOY,INSgdmax,RADmax,RAINmax,RHmax,TMAXmax,TMINmax,Tmax,WINDmax,YEAR,DOY,INSgdmin,RADmin,RAINmin,RHmin,TMAXmin,TMINmin,Tmin,WINDmin,YEAR,DOY,INSgdmean,RADmean,RAINmean,RHmean,TMAXmean,TMINmean,Tmean,WINDmean,YEAR,NDVI,EVI,RED,NIR,BLUE,MIR,pixrel
0,113.0,25.426,30.522700000000004,11.9666,90.83380000000001,30.115199999999998,12.6085,20.698700000000002,8.9809,2009.0,113.0,6.499899999999999,22.918100000000003,0.0,44.30459999999999,10.9498,0.9896,6.5931999999999995,2.7573999999999996,2009.0,113.0,17.40518666666667,27.389133333333337,2.6287733333333336,62.577986666666675,18.263420000000004,5.44302,11.80998,5.945013333333333,2009.0,3361.25,2144.51,1308.97,2647.19,661.41,2825.32,0.17
1,129.0,29.1218,30.569500000000005,10.915199999999999,70.381,24.633399999999998,11.8034,17.5514,9.1686,2009.0,129.0,7.160200000000001,21.5036,0.0,33.325100000000006,18.303400000000003,2.8255,10.2366,2.4692,2009.0,129.0,20.74326,26.966866666666665,2.1620933333333334,51.732053333333326,21.012780000000003,7.676746666666666,14.292153333333333,5.013440000000001,2009.0,3837.94,2447.45,1194.12,2699.49,610.24,2609.08,0.58
2,145.0,29.5129,33.4796,7.996700000000001,70.55460000000001,32.9808,16.6704,23.900000000000002,9.9234,2009.0,145.0,7.5968,26.5752,0.0,35.5445,19.5198,9.6467,15.477300000000001,2.6337,2009.0,145.0,21.737706666666668,30.469246666666663,1.45324,50.59942666666666,26.87724666666667,13.353426666666666,20.0399,5.283320000000001,2009.0,4246.34,2559.79,1011.44,2516.31,516.36,2329.55,0.05
3,161.0,28.1015,34.3682,21.299,82.8758,30.0743,17.1489,23.5316,6.1197,2009.0,161.0,5.822699999999999,27.9977,0.0,34.0965,18.695300000000003,8.5657,14.364199999999999,1.3369,2009.0,161.0,17.62775333333333,31.156446666666668,5.518833333333334,61.98555999999999,24.255673333333334,13.012026666666667,18.318733333333327,3.790233333333333,2009.0,6965.14,4989.31,614.89,3580.59,329.39,1414.87,0.02
4,177.0,29.5857,35.70289999999999,14.489799999999999,77.6308,34.0859,23.5041,27.4827,7.5399,2009.0,177.0,6.6321,27.697599999999998,0.0,43.015299999999996,25.8173,14.730099999999998,21.409299999999998,1.8057999999999996,2009.0,177.0,23.375873333333338,32.476166666666664,2.9163200000000007,59.187013333333326,29.989833333333337,18.54044,24.041680000000003,3.855486666666666,2009.0,7412.88,5366.71,545.66,3754.14,284.48,1273.08,0.37
5,193.0,28.582099999999997,35.491,20.223800000000004,82.47349999999999,32.126999999999995,20.3427,25.375300000000003,6.145699999999999,2009.0,193.0,14.4256,27.3092,0.0,40.1316,24.3581,11.1852,17.9355,1.5366,2009.0,193.0,23.05577333333333,31.722499999999997,4.843406666666667,55.29836666666666,28.309146666666663,16.740046666666668,22.417813333333335,4.019966666666667,2009.0,8329.21,6538.49,378.97,4347.17,204.01,879.12,0.39
6,209.0,27.1068,33.064299999999996,10.4402,69.24099999999999,35.8177,19.6308,26.606400000000004,5.4832,2009.0,209.0,14.0913,27.9021,0.0,35.6422,25.32,12.1666,18.3943,1.8919,2009.0,209.0,24.76531333333333,30.50343333333333,1.58954,45.30847333333333,30.669526666666666,16.47264,23.284853333333338,3.781013333333333,2009.0,8326.26,6455.35,374.01,4253.73,202.93,824.98,0.26
7,225.0,25.403200000000002,36.7785,15.809000000000001,81.7208,35.8397,22.6054,28.2739,7.2192,2009.0,225.0,9.047499999999998,28.902399999999997,0.0,38.04639999999999,21.734399999999997,13.217200000000002,18.010199999999998,1.4044,2009.0,225.0,20.07728,32.844413333333335,4.47226,57.18637999999999,29.783973333333332,18.171593333333334,23.860079999999996,4.462979999999999,2009.0,8361.99,6666.52,384.43,4467.56,206.53,784.45,0.01
8,241.0,23.468499999999995,34.825799999999994,13.508499999999998,76.0184,31.1525,19.664299999999997,23.765599999999996,7.484400000000001,2009.0,241.0,9.1318,25.207399999999996,0.0,41.848600000000005,21.1572,8.868300000000001,16.2692,1.6524999999999999,2009.0,241.0,19.678633333333337,29.872526666666666,1.9389200000000002,55.25354,26.67795333333333,13.141486666666667,19.783420000000003,4.17426,2009.0,7341.04,5400.62,550.13,3783.14,292.12,1022.24,0.05
9,257.0,20.049,33.55779999999999,17.633,77.40160000000002,30.876099999999997,17.295600000000004,23.0675,6.3099,2009.0,257.0,6.467500000000001,28.7749,0.0,43.860699999999994,20.223000000000003,13.126,17.578199999999995,1.111,2009.0,257.0,16.33078666666667,30.829193333333336,2.88764,59.78751999999999,27.464453333333335,15.080580000000001,21.18126666666667,3.396933333333333,2009.0,4877.68,2670.62,792.83,2318.32,376.38,1419.65,0.0
10,273.0,17.899800000000003,31.5988,13.777,88.1036,25.0175,13.446500000000002,18.2289,9.1808,2009.0,273.0,3.7729,23.629199999999997,0.0,42.3116,8.6514,1.4779,6.6567,1.5125000000000002,2009.0,273.0,11.773966666666666,27.693666666666665,2.2234533333333335,63.75658666666668,17.900913333333335,7.231446666666667,12.180713333333332,4.965059999999999,2009.0,4038.83,2184.05,930.22,2177.05,475.26,1476.47,0.24
11,289.0,16.1957,30.1538,19.884,95.2132,17.8565,7.474799999999999,11.1648,7.490600000000001,2009.0,289.0,3.3678000000000003,20.522199999999998,0.0,41.6099,2.4449,-4.3690999999999995,-1.1169999999999998,1.7029,2009.0,289.0,8.780200000000002,25.686506666666666,4.299533333333334,75.08676666666668,8.709273333333332,0.22477999999999998,3.833826666666667,4.500493333333333,2009.0,3188.84,1717.96,1074.33,2071.2,540.26,1833.77,0.0
12,305.0,12.7473,29.8111,21.4319,96.984,20.0789,7.873000000000001,10.838099999999999,7.524800000000001,2009.0,305.0,3.7613000000000003,20.473799999999997,0.0,46.2149,7.8064,-2.2144999999999997,2.8228999999999997,3.2742000000000004,2009.0,305.0,9.252793333333335,24.40286,2.43412,71.36948,12.923473333333332,2.1448266666666664,6.676726666666667,4.777200000000001,2009.0,2862.25,1514.43,1109.47,1984.49,560.05,1893.71,0.07
