,DOY,INSgdmax,RADmax,RAINmax,RHmax,TMAXmax,TMINmax,Tmax,WINDmax,YEAR,DOY,INSgdmin,RADmin,RAINmin,RHmin,TMAXmin,TMINmin,Tmin,WINDmin,YEAR,DOY,INSgdmean,RADmean,RAINmean,RHmean,TMAXmean,TMINmean,Tmean,WINDmean,YEAR,NDVI,EVI,RED,NIR,BLUE,MIR,pixrel
0,113.0,25.5212,33.2662,27.8232,96.12979999999999,26.5184,13.3022,19.8256,8.5078,2009.0,113.0,6.4312000000000005,21.4346,0.0,47.5596,12.3004,1.1308,7.7852,2.1715999999999998,2009.0,113.0,15.406586666666666,27.888079999999995,4.644880000000001,71.22382666666667,19.045959999999997,6.8824000000000005,12.947533333333332,5.543933333333333,2009.0,5106.35,2111.93,591.34,1654.31,361.54,763.99,0.07
1,129.0,29.2938,31.8932,34.7094,87.901,23.892000000000003,13.2256,17.6492,8.0734,2009.0,129.0,3.6008,21.928800000000003,0.0,36.4816,16.9246,3.327,10.3032,1.9714,2009.0,129.0,19.998679999999997,27.663479999999996,5.50636,60.27974666666667,20.94694666666667,9.057226666666665,14.814119999999999,4.559253333333333,2009.0,5227.8,2382.54,496.86,1775.3,253.68,805.29,7.65
2,145.0,28.958799999999997,33.606,14.3962,91.52859999999998,28.5264,17.4168,21.6134,8.892599999999998,2009.0,145.0,8.546800000000001,27.0188,0.0,49.035799999999995,18.564999999999998,8.0978,14.7246,2.2800000000000002,2009.0,145.0,21.23052,30.360120000000002,2.7870800000000004,67.32873333333333,24.491893333333337,13.207893333333336,18.637346666666666,5.05656,2009.0,5621.47,2440.55,458.62,1683.3,262.39,648.61,0.04
3,161.0,28.274,34.09,30.733600000000003,91.6356,28.3022,17.9912,22.732000000000003,5.259600000000001,2009.0,161.0,7.1548,27.013399999999997,0.0,53.4732,21.8084,10.0104,16.2744,1.7962,2009.0,161.0,18.086986666666668,31.486133333333335,8.486626666666666,74.10028000000001,24.36358666666667,14.31257333333333,19.15748,3.5464266666666666,2009.0,6387.91,3014.08,387.94,1951.4,219.88,586.84,5.13
4,177.0,29.605,36.195,25.559,86.1882,32.0644,23.815600000000003,27.311600000000002,6.3616,2009.0,177.0,11.9054,27.68,0.0,58.4668,24.894,15.0072,19.973,1.5356,2009.0,177.0,22.025506666666672,32.85613333333333,3.6046933333333335,72.70826666666667,28.44010666666667,18.956853333333335,23.649613333333328,3.6415066666666673,2009.0,7272.65,4044.74,367.58,2495.45,224.38,596.98,0.13
5,193.0,28.2678,35.9024,30.504800000000003,89.4696,28.089000000000002,19.9712,23.383000000000003,6.5472,2009.0,193.0,9.5474,28.610799999999998,0.0,49.614599999999996,21.7662,11.07,16.549200000000003,2.0292,2009.0,193.0,21.240093333333334,31.852533333333334,6.070466666666667,67.31737333333334,25.992573333333333,16.065959999999997,21.0396,3.629933333333333,2009.0,7486.21,3861.75,300.09,2302.67,187.54,473.02,2.88
6,209.0,26.849999999999998,33.436,23.474,73.2724,33.152,20.2026,25.910599999999995,5.5274,2009.0,209.0,16.9172,29.392400000000002,0.0,42.849199999999996,24.2116,13.89,19.794999999999998,1.6396,2009.0,209.0,24.102985714285715,31.061666666666667,4.115973333333334,54.213386666666665,28.722973333333336,16.705893333333336,22.621919999999996,3.792426666666667,2009.0,7512.65,4135.61,333.0,2505.93,215.49,560.96,3.18
7,225.0,25.2326,36.7072,34.1678,80.48400000000001,33.3488,23.7704,27.559800000000003,7.352,2009.0,225.0,9.4556,30.101,0.0,41.229400000000005,22.8652,14.494,19.0214,2.0340000000000003,2009.0,225.0,19.139773333333334,33.47025333333333,5.98464,63.18635999999999,29.55766666666667,18.64650666666667,23.962093333333335,4.35,2009.0,7373.82,3717.21,373.73,2280.48,262.87,553.63,0.54
8,241.0,24.3964,36.2276,31.864800000000002,96.307,30.5766,19.4312,22.7968,6.2942,2009.0,241.0,6.050000000000001,26.0936,0.0,47.553799999999995,19.6618,8.0706,14.6342,1.1952,2009.0,241.0,18.974013333333335,29.555426666666662,3.4573333333333336,63.203133333333334,24.7174,12.59493333333333,18.622106666666667,3.4031866666666675,2009.0,7267.25,3496.95,258.87,2071.75,143.56,462.79,7.65
9,257.0,19.6126,32.6896,5.5878,86.441,29.002200000000002,18.206199999999995,22.475,4.3012,2009.0,257.0,8.3702,29.0102,0.0,54.38139999999999,24.3242,13.059800000000001,18.5122,1.4992,2009.0,257.0,17.114173333333333,30.946813333333335,0.6187066666666666,63.329813333333334,27.280586666666665,15.104493333333334,20.91298666666667,2.6723866666666667,2009.0,7017.22,3147.51,267.48,1882.86,145.45,464.87,7.65
10,273.0,18.2324,33.413799999999995,16.992,91.22080000000001,26.9882,16.9772,19.81,9.3552,2009.0,273.0,3.3276000000000003,23.6914,0.0,45.202,10.115400000000001,1.179,7.571400000000001,1.1086,2009.0,273.0,12.483066666666666,28.349373333333332,4.130800000000001,67.88518666666666,18.53577333333333,8.103333333333333,12.984706666666668,4.88816,2009.0,6634.57,2917.94,390.75,1841.78,249.65,493.34,0.13
11,289.0,14.7912,32.968599999999995,41.9648,97.05080000000001,19.3962,10.753,14.311399999999999,7.9998000000000005,2009.0,289.0,2.8663999999999996,22.237000000000002,0.0,44.251400000000004,4.619400000000001,-3.3326000000000002,0.8724000000000001,1.4664000000000001,2009.0,289.0,8.426466666666666,26.932093333333327,5.770119999999999,76.30436,10.654573333333333,1.8669066666666667,5.721546666666667,4.212013333333333,2009.0,4722.86,2218.04,678.79,1829.08,406.55,705.89,0.81
12,305.0,13.2514,31.240000000000002,30.3712,98.4202,19.638,8.1006,12.1238,7.3324,2009.0,305.0,3.0134,21.504,0.0,62.30460000000001,9.0684,-1.6232,3.5508,3.4298,2009.0,305.0,9.323120000000001,25.472786666666668,2.3401199999999998,77.37682666666666,13.7838,2.82072,7.714613333333332,4.951359999999999,2009.0,5355.27,1934.57,373.84,1366.25,186.2,586.76,7.68
