,DOY,INSgdmax,RADmax,RAINmax,RHmax,TMAXmax,TMINmax,Tmax,WINDmax,YEAR,DOY,INSgdmin,RADmin,RAINmin,RHmin,TMAXmin,TMINmin,Tmin,WINDmin,YEAR,DOY,INSgdmean,RADmean,RAINmean,RHmean,TMAXmean,TMINmean,Tmean,WINDmean,YEAR,NDVI,EVI,RED,NIR,BLUE,MIR,pixrel
0,113.0,25.544299999999996,32.697399999999995,33.4296,96.1709,25.7264,12.366100000000001,18.8307,8.9624,2009.0,113.0,6.421499999999999,22.8082,0.0,48.8553,10.1543,0.9803,5.6692,1.9763,2009.0,113.0,16.741286666666667,27.50317333333333,4.522593333333333,73.9071,18.301840000000002,5.9308266666666665,12.125186666666668,5.317446666666665,2009.0,2573.95,769.53,305.85,984.12,111.73,570.68,46.43
1,129.0,29.2559,31.6944,39.8258,91.6029,22.8713,11.9607,16.7257,8.7147,2009.0,129.0,6.188599999999999,21.954900000000002,0.0,39.8604,15.0419,3.1747999999999994,9.7967,1.7558,2009.0,129.0,20.500346666666665,27.22635333333333,5.764266666666668,61.89404666666666,19.92480666666666,8.347606666666668,14.054373333333332,4.657146666666668,2009.0,3355.26,1332.71,94.8,1271.1,-79.83,386.7,73.95
2,145.0,28.597900000000006,33.4136,18.505,92.7977,27.2559,16.338800000000003,20.795,8.0968,2009.0,145.0,9.1876,26.7727,0.0,50.8157,15.130299999999998,7.9089,12.757100000000001,2.3157,2009.0,145.0,21.23427333333333,29.956719999999994,3.70118,71.41803333333334,22.944053333333336,11.749180000000003,17.129813333333338,5.099833333333333,2009.0,4537.97,2758.03,514.74,2073.31,385.36,678.73,5.76
3,161.0,28.5532,33.8607,20.3002,90.7762,26.4627,16.9764,20.998,5.0710999999999995,2009.0,161.0,7.9875,26.7038,0.0,59.2177,20.9949,9.573,15.4713,1.549,2009.0,161.0,20.0225,31.023966666666666,5.4037999999999995,75.53046,23.615380000000002,13.559859999999999,18.456806666666665,3.38912,2009.0,5261.87,3031.63,100.3,1962.44,22.32,261.59,35.83
4,177.0,29.317,36.42359999999999,11.2963,90.62359999999998,31.895899999999997,23.352700000000002,27.32,6.8712,2009.0,177.0,11.365400000000001,27.4393,0.0,66.18589999999999,20.670700000000004,13.7057,17.6765,1.1671999999999998,2009.0,177.0,21.892266666666664,32.80113333333333,2.46238,75.13205333333333,27.022486666666666,18.210620000000002,22.623299999999993,3.5399533333333335,2009.0,6058.7,3858.36,647.01,2890.98,547.49,732.67,8.07
5,193.0,28.4695,35.28940000000001,18.1526,88.07770000000001,27.2037,19.2236,22.8036,6.3118,2009.0,193.0,10.4633,29.116,0.0,56.32140000000001,19.771200000000004,10.924,15.099599999999999,1.2836,2009.0,193.0,19.18306,31.581733333333332,5.3558200000000005,69.20636,24.582733333333334,15.353100000000003,20.015953333333332,3.6230666666666664,2009.0,6392.39,3947.55,565.63,2836.89,482.38,543.71,5.49
6,209.00000000000003,26.642400000000002,33.5034,35.7148,79.0558,29.4725,18.1721,23.458999999999996,5.6109,2009.0,209.00000000000003,5.6624,29.0472,0.0,50.851800000000004,22.1394,12.524899999999999,18.424300000000002,1.4569999999999999,2009.0,209.00000000000003,22.19272666666667,30.855539999999998,5.393893333333333,65.27666666666666,26.185739999999996,15.752646666666665,20.961233333333332,3.690273333333333,2009.0,6025.41,3646.34,342.94,2337.64,302.12,474.1,3.25
7,225.0,25.061999999999998,36.165800000000004,24.187400000000004,89.822,29.6484,22.2774,25.1698,6.1912,2009.0,225.0,4.9497,29.3874,0.0,50.130700000000004,21.525100000000002,14.4904,18.937,1.4745000000000001,2009.0,225.0,17.68164,33.10253999999999,9.176573333333334,72.85369333333333,26.98452666666667,18.067286666666664,22.458493333333333,4.02098,2009.0,5591.26,3441.57,234.46,2400.28,151.21,348.83,36.02
8,240.99999999999997,24.6365,34.7363,15.7467,95.0271,27.339299999999998,16.3014,21.0437,6.0539000000000005,2009.0,240.99999999999997,6.0027,26.070500000000003,0.0,52.9235,20.065899999999996,8.3414,13.996500000000001,0.8476000000000001,2009.0,240.99999999999997,19.098586666666662,28.800086666666665,1.8207466666666665,66.89022000000001,23.15414,11.82744,17.485420000000005,2.8470333333333335,2009.0,5453.14,3139.15,229.33,2116.87,183.15,323.1,28.92
9,257.0,20.9303,32.624599999999994,10.137699999999999,76.1722,28.2043,17.313000000000002,21.768900000000002,3.6334000000000004,2009.0,257.0,11.7228,27.2908,0.0,54.96759999999999,24.0017,10.012699999999999,17.7411,1.221,2009.0,257.0,17.736146666666667,30.13466,0.8640466666666667,65.77211999999999,26.803859999999997,13.88978,20.11443333333333,2.1561133333333333,2009.0,4539.27,2322.88,23.21,1673.94,-74.95,184.73,63.83
10,273.0,16.573700000000002,33.95,21.313799999999997,93.0954,25.5818,16.9511,19.825699999999998,10.0566,2009.0,273.0,3.168,23.928900000000002,0.0,55.1858,9.7662,1.3703,7.8806,1.2454,2009.0,273.0,10.385733333333333,28.99825333333333,4.082553333333332,77.46964666666668,16.989573333333333,8.22054,12.357906666666665,4.606846666666666,2009.0,4986.25,2538.12,391.41,1785.9,303.13,469.41,11.62
11,289.0,14.089500000000001,31.499900000000004,29.455099999999998,95.6008,19.197,12.0347,14.789800000000001,7.6341,2009.0,289.0,2.9546,21.1534,0.0,46.7888,4.8084,-4.4068,0.6232,1.6724000000000003,2009.0,289.0,8.88042,26.267473333333335,5.652780000000001,76.96219333333332,10.399393333333336,1.705906666666667,5.549373333333333,4.2888,2009.0,3195.23,1139.57,321.87,1211.06,188.21,469.76,51.59
12,305.0,13.0636,30.2044,17.9133,97.18169999999999,18.9332,8.5583,11.6658,8.250499999999999,2009.0,305.0,3.1340000000000003,21.810299999999998,0.0,62.8162,7.433300000000001,-3.1568000000000005,2.3090999999999995,2.7176,2009.0,305.0,8.845993333333332,25.487993333333332,2.0991133333333334,80.59499999999998,12.744346666666665,2.4825533333333327,7.1661666666666655,4.740973333333333,2009.0,2744.68,459.7,10.5,663.71,-131.02,187.86,73.95
