,DOY,INSgdmax,RADmax,RAINmax,RHmax,TMAXmax,TMINmax,Tmax,WINDmax,YEAR,DOY,INSgdmin,RADmin,RAINmin,RHmin,TMAXmin,TMINmin,Tmin,WINDmin,YEAR,DOY,INSgdmean,RADmean,RAINmean,RHmean,TMAXmean,TMINmean,Tmean,WINDmean,YEAR,NDVI,EVI,RED,NIR,BLUE,MIR,pixrel
0,113.0,25.5211,33.545700000000004,38.2912,96.30859999999998,26.065400000000004,13.150400000000001,19.5813,8.4616,2009.0,113.0,5.3404,21.417800000000003,0.0,47.401799999999994,11.0951,1.0487000000000002,6.676800000000001,1.9415,2009.0,113.0,15.786320000000002,27.745586666666668,5.169466666666667,72.29152,18.726933333333335,6.447286666666666,12.539913333333331,5.554086666666666,2009.0,5677.98,2373.83,468.89,1670.69,239.41,780.1,0.0
1,129.0,29.2304,31.281100000000002,37.0096,87.74359999999999,23.0161,12.742,16.9325,8.636,2009.0,129.0,5.076700000000001,21.819999999999997,0.0,36.9309,15.858399999999998,3.0887999999999995,9.7819,2.0321,2009.0,129.0,20.154546666666665,27.37236666666666,5.803766666666666,60.716046666666664,20.339493333333337,8.700453333333332,14.368813333333332,4.68768,2009.0,6240.48,3188.45,517.82,2202.35,275.42,867.88,0.0
2,145.0,28.8715,33.369299999999996,11.2978,91.6359,28.188700000000004,17.1574,20.9433,8.6661,2009.0,145.0,8.824,26.784700000000004,0.0,47.7706,17.118900000000004,8.1984,13.551199999999998,2.2817,2009.0,145.0,21.18738666666667,30.227713333333334,2.9618666666666673,69.08594000000001,23.76284666666666,12.525326666666666,17.86882,5.119346666666667,2009.0,6750.88,3301.84,421.38,2124.18,234.66,686.52,0.01
3,161.0,28.837399999999995,33.7039,26.4225,92.37,26.939200000000003,18.047100000000004,21.5359,5.28,2009.0,161.0,5.0864,27.460299999999997,0.0,55.59769999999999,21.779400000000003,9.4701,15.893300000000002,1.7804,2009.0,161.0,19.072519999999997,31.128906666666662,7.235646666666666,74.7852,23.912840000000003,13.88016,18.81354666666667,3.4884999999999997,2009.0,7801.13,4893.78,371.97,3054.11,215.14,680.7,0.0
4,177.0,29.4804,36.6446,16.787899999999997,87.4629,32.9737,23.6703,27.388400000000004,6.699200000000001,2009.0,177.0,13.9831,27.6107,0.0,62.158899999999996,22.88,14.2556,18.7706,1.4398,2009.0,177.0,21.95156,32.796420000000005,3.0804266666666664,74.34165333333335,27.814566666666664,18.569639999999996,23.142273333333332,3.613866666666667,2009.0,8107.09,4785.26,300.46,2872.59,179.13,540.24,0.21
5,193.0,28.837099999999996,35.5325,31.0806,88.82499999999997,27.536100000000005,19.730099999999997,23.200299999999995,6.442500000000001,2009.0,193.0,11.245099999999999,29.0138,0.0,54.397600000000004,20.6399,10.871999999999998,15.6577,1.5948,2009.0,193.0,19.780206666666665,31.619393333333324,6.3161933333333335,68.74717333333335,25.144706666666668,15.612200000000001,20.465846666666668,3.5432533333333334,2009.0,7886.97,5276.75,386.28,3341.65,229.58,669.25,0.04
6,209.0,26.709699999999998,32.409,24.293100000000003,77.9704,30.8686,19.1923,24.693700000000003,5.323400000000001,2009.0,209.0,14.3692,29.2997,0.0,45.90410000000001,22.8249,13.2564,19.087999999999997,1.1155000000000002,2009.0,209.0,23.799773333333327,30.642233333333333,3.7147266666666665,60.340059999999994,27.038719999999998,16.004773333333336,21.526420000000005,3.6273533333333328,2009.0,8080.34,4925.43,310.95,2971.9,182.97,587.52,0.01
7,225.0,25.1314,36.0761,28.5068,83.2848,31.2535,22.926600000000004,26.2301,6.5931999999999995,2009.0,225.0,5.854899999999999,30.0978,0.0,46.1565,22.2798,14.458300000000001,19.0968,1.4357,2009.0,225.0,18.48834666666667,33.262726666666666,7.436773333333334,67.36407333333334,28.301393333333326,18.328473333333335,23.18786666666667,4.139006666666666,2009.0,8085.44,4699.19,288.28,2789.95,170.58,524.53,0.02
8,241.0,24.796100000000003,35.6058,21.292699999999996,97.76650000000002,28.5604,17.1985,21.867599999999996,5.598299999999999,2009.0,241.0,6.240100000000001,26.136000000000003,0.0,51.11039999999999,19.404799999999998,7.8123,14.0653,0.8839000000000001,2009.0,241.0,19.34956,28.883779999999998,2.6677666666666666,65.57371333333334,23.637686666666674,12.012899999999998,17.811293333333335,3.0923400000000005,2009.0,7981.47,4191.68,275.78,2451.35,160.21,485.99,0.07
9,257.0,19.549300000000002,32.6192,6.206000000000001,82.0603,28.4049,16.2285,21.7168,3.5883,2009.0,257.0,7.2529,28.805400000000002,0.0,57.092200000000005,22.2768,11.616399999999999,17.9627,1.3403,2009.0,257.0,16.95034666666667,30.5967,0.7933199999999999,65.54536000000002,26.74180666666667,14.298666666666664,20.339966666666665,2.3462000000000005,2009.0,7329.45,3629.48,342.53,2206.23,193.05,560.7,0.0
10,273.0,17.892200000000003,33.5221,19.0349,92.5895,26.984099999999998,17.4682,20.2555,9.7386,2009.0,273.0,2.5968999999999998,23.7982,0.0,51.515800000000006,9.719500000000002,0.8207,7.6369,1.1189,2009.0,273.0,11.271379999999999,28.596606666666666,4.648626666666667,74.34807999999998,17.465999999999994,8.113873333333332,12.473066666666664,4.766706666666667,2009.0,7489.87,3500.86,296.33,2057.03,171.43,444.63,0.93
11,289.0,14.1575,31.979,36.374,95.286,18.8011,10.091700000000001,14.1871,8.0629,2009.0,289.0,2.9493,21.9575,0.0,44.232299999999995,4.8381,-3.8469000000000007,0.6410999999999999,1.3891999999999998,2009.0,289.0,8.554900000000002,26.62886,5.441226666666666,76.78744666666667,10.432286666666668,1.67978,5.537419999999999,4.24224,2009.0,5451.86,2308.85,536.75,1716.21,295.04,488.82,0.56
12,305.0,13.209700000000002,30.8522,25.099800000000002,97.6989,19.259700000000002,8.4858,11.8078,7.6357,2009.0,305.0,3.5231,21.64,0.0,64.43159999999999,8.271999999999998,-2.4254000000000002,2.8334,3.0638,2009.0,305.0,8.957306666666666,25.51096,1.9668533333333336,79.30178,13.112079999999999,2.61164,7.295133333333333,4.897973333333333,2009.0,6121.54,2159.99,341.09,1391.76,169.45,627.88,0.0
