,DOY,INSgdmax,RADmax,RAINmax,RHmax,TMAXmax,TMINmax,Tmax,WINDmax,YEAR,DOY,INSgdmin,RADmin,RAINmin,RHmin,TMAXmin,TMINmin,Tmin,WINDmin,YEAR,DOY,INSgdmean,RADmean,RAINmean,RHmean,TMAXmean,TMINmean,Tmean,WINDmean,YEAR,NDVI,EVI,RED,NIR,BLUE,MIR,pixrel
0,113.00000000000001,25.463099999999997,32.3175,31.394799999999996,98.05479999999999,26.168200000000002,12.728599999999998,18.9755,8.847,2009.0,113.00000000000001,6.157799999999999,21.753400000000003,0.0,46.7014,9.986500000000001,0.4047,5.768800000000001,2.0704999999999996,2009.0,113.00000000000001,16.52516,27.422826666666666,4.335,70.76217333333334,18.116293333333335,5.435566666666666,11.697806666666668,5.877113333333334,2009.0,4679.17,1902.25,555.37,1522.31,289.81,1045.0,0.0
1,129.0,29.207799999999995,31.227500000000003,25.9636,84.86019999999999,22.9279,11.896799999999999,16.3411,8.857399999999998,2009.0,129.0,5.8537,21.885199999999998,0.0,37.3355,15.26,2.3158000000000003,8.907699999999998,2.0981,2009.0,129.0,19.806093333333333,27.114566666666665,4.51994,59.281713333333336,19.870826666666666,7.774493333333333,13.745293333333331,5.0504,2009.0,5875.79,2953.93,546.8,2103.33,301.3,1025.26,0.0
2,145.0,29.0801,32.647299999999994,14.306,91.81410000000001,28.9423,15.551,20.9767,9.6309,2009.0,145.0,7.2976,26.666299999999996,0.0,44.004000000000005,15.863299999999999,8.104399999999998,12.6562,2.9641,2009.0,145.0,21.1564,29.75407333333333,2.898826666666667,65.57463333333334,23.180513333333327,11.790713333333334,17.30374,5.360906666666666,2009.0,6825.5,3716.67,461.57,2436.01,262.15,830.55,0.01
3,161.0,29.341199999999997,33.6433,20.415699999999998,91.5312,26.692200000000003,16.8367,20.6639,5.1656,2009.0,161.0,4.655999999999999,25.831500000000002,0.0,49.5039,20.0672,8.6311,15.0683,1.7127999999999999,2009.0,161.0,18.19097333333333,30.50210666666667,5.7147533333333325,71.10738666666667,23.309626666666663,12.586493333333332,17.87836,3.590393333333333,2009.0,8335.35,5562.75,296.94,3399.8,176.71,628.66,0.0
4,177.0,29.2256,36.152,11.840299999999997,85.4765,31.7005,23.1865,27.008,7.205,2009.0,177.0,12.0009,27.650100000000002,0.0,58.541900000000005,22.5446,13.7048,18.2566,1.4926,2009.0,177.0,21.272853333333337,32.65247333333333,2.599413333333333,72.25060000000002,27.248939999999994,18.09284,22.592566666666663,3.8259466666666664,2009.0,8555.59,5930.2,276.71,3622.85,168.68,581.68,0.2
5,192.99999999999997,28.7523,34.845099999999995,21.936799999999995,84.92779999999999,27.6337,19.977899999999998,23.080499999999997,6.8185,2009.0,192.99999999999997,10.359099999999998,28.2224,0.0,49.2622,20.195899999999998,10.643,15.6465,1.3642,2009.0,192.99999999999997,20.92396666666667,31.339126666666665,4.79186,64.22036,25.160960000000003,15.351986666666667,20.212726666666665,3.79356,2009.0,8493.1,6199.14,312.05,3892.12,188.46,635.41,0.04
6,209.00000000000003,26.648300000000003,32.7716,18.5717,69.0826,30.7546,19.6767,24.881300000000003,6.0586,2009.0,209.00000000000003,12.417399999999997,28.9525,0.0,42.732099999999996,22.7005,13.126600000000002,18.8034,1.3605000000000003,2009.0,209.00000000000003,22.832413333333335,30.68692666666666,3.122193333333333,54.78795333333333,27.546946666666663,15.884879999999999,21.70386,3.8759666666666663,2009.0,8555.76,5627.79,254.41,3359.53,155.52,550.1,0.01
7,225.0,25.101599999999998,35.9833,22.650800000000004,86.6132,32.3109,21.892,26.0671,6.577,2009.0,225.0,6.177700000000001,29.093600000000002,0.0,42.0247,20.8886,13.9315,18.205200000000005,1.3797000000000001,2009.0,225.0,17.63182666666667,33.06040666666667,6.867560000000001,64.28352666666666,28.56582,18.015433333333334,23.178080000000005,4.305833333333332,2009.0,8563.67,5486.46,247.42,3257.83,148.13,513.57,0.12
8,240.99999999999997,24.6457,35.0814,15.6891,83.8579,28.7164,18.171300000000002,21.8124,6.2109,2009.0,240.99999999999997,9.0281,25.6136,0.0,46.8408,20.5994,7.634900000000001,14.3641,0.9631,2009.0,240.99999999999997,19.390760000000004,28.668126666666666,1.9073933333333337,59.81835333333334,24.413033333333335,11.751433333333331,18.008800000000004,3.2010866666666673,2009.0,8282.71,5047.68,280.36,2995.57,170.8,513.39,0.34
9,257.0,19.4333,32.780199999999994,6.0662,79.82390000000001,29.544700000000002,16.6161,22.5046,3.9829,2009.0,257.0,9.0901,29.055400000000002,0.0,52.511,23.5278,12.178199999999999,18.1261,1.2308999999999999,2009.0,257.0,16.68116,30.69164666666667,0.7120933333333332,62.37146666666667,27.447513333333333,14.445946666666666,20.79335333333334,2.40288,2009.0,7512.9,3930.47,339.77,2392.48,190.6,582.14,0.01
10,273.0,17.305,34.1987,19.129700000000003,93.6819,25.1369,16.4236,19.6491,10.2804,2009.0,273.0,3.5889000000000006,23.5866,0.0,55.1186,9.7301,0.4785,7.3813,1.3667,2009.0,273.0,10.228046666666666,28.741526666666665,3.9065733333333337,76.49485333333331,16.651239999999998,7.8197133333333335,11.920026666666667,4.853493333333333,2009.0,7379.44,3723.71,338.62,2248.34,198.97,520.39,1.0
11,289.00000000000006,13.912499999999998,30.8606,32.0934,98.473,17.8899,8.0863,12.1805,8.174100000000001,2009.0,289.00000000000006,2.4299000000000004,21.113099999999996,0.0,48.1427,3.3175,-4.4937000000000005,0.0389,1.8584,2009.0,289.00000000000006,8.604406666666668,25.905219999999996,5.423733333333333,77.80721999999999,9.145366666666668,0.9758333333333334,4.561673333333333,4.354413333333334,2009.0,4536.11,2011.86,941.36,1961.15,758.36,941.11,1.55
12,305.0,12.987300000000001,30.185399999999998,26.4972,99.2479,17.9775,8.348400000000002,11.0532,7.7257,2009.0,305.0,3.2788999999999997,20.8048,0.0,65.8934,7.064800000000001,-3.0774,1.8526000000000002,3.1844,2009.0,305.0,8.553946666666668,25.2762,2.2347733333333335,80.50052666666666,11.980133333333333,1.9241600000000003,6.393226666666665,4.952866666666665,2009.0,5382.98,1839.86,383.64,1278.55,194.11,782.36,0.0
