,DOY,INSgdmax,RADmax,RAINmax,RHmax,TMAXmax,TMINmax,Tmax,WINDmax,YEAR,DOY,INSgdmin,RADmin,RAINmin,RHmin,TMAXmin,TMINmin,Tmin,WINDmin,YEAR,DOY,INSgdmean,RADmean,RAINmean,RHmean,TMAXmean,TMINmean,Tmean,WINDmean,YEAR,NDVI,EVI,RED,NIR,BLUE,MIR,pixrel
0,113.0,25.63,33.12,28.51,97.16,26.6,13.19,19.71,8.62,2009.0,113.0,6.37,21.2,0.0,47.58,11.6,0.92,7.35,2.09,2009.0,113.0,15.422,27.77066666666666,4.588666666666667,70.462,18.75333333333333,6.442666666666668,12.597333333333333,5.6946666666666665,2009.0,3570.83,1666.73,870.14,1779.48,464.12,1466.11,0.07
1,129.0,29.27,31.39,32.02,85.13,23.62,12.94,17.18,8.24,2009.0,129.0,4.75,21.82,0.0,35.04,16.69,2.97,9.97,2.24,2009.0,129.0,19.680666666666664,27.474666666666668,4.592666666666667,59.13666666666667,20.751333333333335,8.745333333333331,14.581333333333331,4.7219999999999995,2009.0,3872.36,1992.9,850.58,1982.67,427.5,1485.45,2.62
2,145.0,29.02,33.3,13.06,90.24,29.05,16.9,21.27,9.27,2009.0,145.0,9.22,27.25,0.0,45.85,18.99,8.04,14.66,2.45,2009.0,145.0,21.192666666666664,30.33133333333334,2.618666666666667,65.648,24.440666666666672,12.98666666666667,18.478,5.1866666666666665,2009.0,4689.63,2256.62,638.13,1879.07,322.89,1079.8,5.1
3,161.0,28.58,34.09,27.66,92.37,27.85,17.76,22.12,5.28,2009.0,161.0,5.72,26.5,0.0,50.42,21.72,9.48,16.22,1.82,2009.0,161.0,17.606,31.21866666666667,7.332666666666666,72.72600000000001,24.26,13.829999999999995,18.90066666666667,3.6040000000000005,2009.0,6300.73,3573.52,561.01,2505.55,317.33,1008.54,0.06
4,177.0,29.52,36.11,21.53,85.77,32.35,23.7,27.23,6.62,2009.0,177.0,12.31,27.68,0.0,57.1,24.86,14.81,19.82,1.42,2009.0,177.0,21.314000000000007,32.838,3.716666666666667,71.79933333333335,28.332666666666668,18.732000000000003,23.49933333333333,3.666666666666667,2009.0,7484.85,4780.78,402.34,3065.34,224.92,827.24,0.05
5,193.0,28.55,35.78,32.13,89.32,28.14,19.74,23.23,6.69,2009.0,193.0,12.74,28.4,0.0,49.21,21.62,11.07,16.42,2.07,2009.0,193.0,21.45066666666667,31.757333333333335,6.137333333333333,66.09133333333334,25.940666666666672,15.83,20.912666666666663,3.667333333333333,2009.0,7567.89,5079.29,429.13,3319.8,242.33,802.17,0.15
6,209.0,26.68,33.3,23.61,70.09,32.71,20.41,26.05,5.66,2009.0,209.0,18.25,29.27,0.0,41.36,24.3,13.89,19.88,1.66,2009.0,209.0,24.173333333333336,30.863333333333333,3.720666666666667,52.62399999999999,28.628,16.609333333333336,22.557999999999996,3.827333333333334,2009.0,7506.64,5041.95,427.32,3289.78,241.97,880.75,0.12
7,225.0,25.27,36.68,29.18,80.79,33.58,23.58,27.23,6.91,2009.0,225.0,8.32,29.88,0.0,38.88,22.26,14.29,18.78,2.0,2009.0,225.0,18.720666666666666,33.400666666666666,5.929333333333333,62.09133333333333,29.495333333333335,18.50733333333334,23.900666666666666,4.304666666666667,2009.0,7633.47,4620.62,394.6,2911.34,245.63,664.86,0.22
8,241.0,24.41,36.18,37.4,95.44,30.58,19.03,22.62,6.42,2009.0,241.0,7.24,25.74,0.0,47.19,18.89,8.04,14.59,1.27,2009.0,241.0,19.438000000000002,29.323999999999998,3.5026666666666673,62.83933333333334,24.464666666666673,12.365999999999996,18.401333333333337,3.456000000000001,2009.0,7255.95,4193.82,361.22,2636.64,198.31,705.18,2.56
9,257.0,19.48,32.54,3.83,86.05,28.89,18.06,22.39,4.41,2009.0,257.0,8.53,29.34,0.0,55.33,23.94,13.24,18.23,1.37,2009.0,257.0,17.116666666666664,30.996000000000002,0.594,63.63399999999999,27.250666666666667,15.090666666666666,20.93066666666667,2.630000000000001,2009.0,6991.21,3812.63,402.09,2435.95,219.16,749.09,0.0
10,273.0,18.11,33.73,16.55,92.54,26.4,17.29,19.81,9.6,2009.0,273.0,3.28,23.62,0.0,47.14,9.67,0.89,7.33,1.01,2009.0,273.0,12.133999999999997,28.39266666666667,4.248666666666667,69.604,18.06,8.035333333333334,12.710666666666668,4.902666666666666,2009.0,6552.86,3500.32,504.58,2377.12,292.74,842.47,0.06
11,289.0,14.9,32.87,41.72,97.86,18.91,10.26,13.9,8.35,2009.0,289.0,2.88,21.71,0.0,42.48,4.65,-3.54,0.75,1.31,2009.0,289.0,8.379999999999999,26.779999999999994,6.024666666666666,76.13866666666667,10.262666666666666,1.526,5.348,4.2,2009.0,4387.57,2325.05,884.01,2131.53,561.69,1243.96,1.72
12,305.0,13.18,31.07,32.01,98.58,19.23,8.07,11.59,7.21,2009.0,305.0,2.84,21.64,0.0,63.6,8.47,-1.97,3.17,3.44,2009.0,305.0,9.152666666666667,25.342,2.447333333333333,78.026,13.318,2.4440000000000004,7.275333333333333,4.961333333333333,2009.0,4229.64,1752.36,569.52,1521.08,268.79,1042.11,5.1
