,DOY,INSgdmax,RADmax,RAINmax,RHmax,TMAXmax,TMINmax,Tmax,WINDmax,YEAR,DOY,INSgdmin,RADmin,RAINmin,RHmin,TMAXmin,TMINmin,Tmin,WINDmin,YEAR,DOY,INSgdmean,RADmean,RAINmean,RHmean,TMAXmean,TMINmean,Tmean,WINDmean,YEAR,NDVI,EVI,RED,NIR,BLUE,MIR,pixrel
0,113.0,25.828000000000003,33.556,24.1941,91.9679,25.895200000000003,15.833,20.1617,8.0242,2009.0,113.0,7.5308,21.6556,0.0,48.493,13.8436,1.9739,8.6683,2.4471,2009.0,113.0,15.573953333333334,28.35950666666667,5.2066066666666675,73.90028666666667,20.024333333333338,8.50904,14.280186666666665,5.249813333333334,2009.0,6202.06,3675.92,573.28,2636.99,316.91,937.24,0.32
1,129.0,29.2849,33.3428,48.2906,92.2182,24.7284,14.686499999999999,19.2033,7.7299,2009.0,129.0,2.0042,22.796499999999998,0.0,37.8074,17.367399999999996,5.366299999999999,11.800999999999998,1.5373,2009.0,129.0,20.805226666666666,28.290913333333332,8.845166666666666,62.87353333333333,21.57443333333334,10.164766666666665,15.730353333333332,4.133873333333333,2009.0,6655.26,4493.22,588.37,3224.68,326.43,1069.15,0.02
2,145.0,28.8909,34.1977,19.0135,95.2427,27.7149,19.1337,23.021500000000003,7.1318,2009.0,145.0,9.0344,26.5534,0.0,55.8382,18.8095,8.3522,15.159600000000001,1.7130999999999998,2009.0,145.0,21.850686666666668,30.518700000000003,2.7918066666666665,71.77466000000001,24.74214,13.843106666666667,19.213686666666668,4.53398,2009.0,7337.21,4740.79,399.25,3086.08,226.46,764.69,0.01
3,161.0,27.2023,34.327400000000004,36.2612,90.4973,29.6162,19.107300000000002,24.303800000000003,5.3355,2009.0,161.0,7.683199999999999,28.848,0.0,62.1909,21.558,11.8947,16.3141,1.5869,2009.0,161.0,19.074713333333335,32.281620000000004,11.128206666666667,78.47284666666667,24.634706666666666,15.643073333333334,19.934620000000002,3.4277999999999995,2009.0,7720.71,5157.99,379.23,3331.49,220.85,699.88,0.1
4,177.0,29.771499999999996,36.5777,18.6449,87.1024,33.369600000000005,24.227200000000003,27.972299999999997,5.7675,2009.0,177.0,14.2196,27.840700000000002,0.0,64.08359999999999,24.594900000000003,15.703800000000001,20.306800000000003,1.6239000000000001,2009.0,177.0,24.045773333333333,33.033519999999996,2.23254,75.40323333333333,28.819553333333335,19.64582,24.14935333333333,3.5162933333333335,2009.0,7898.28,5557.17,410.15,3632.49,237.51,840.32,0.01
5,193.0,27.8266,36.2406,27.6873,88.6516,28.4604,20.984699999999997,24.0644,6.2265,2009.0,193.0,7.552,28.7758,0.0,52.8755,22.203,11.297,16.9328,1.7619000000000002,2009.0,193.0,20.699606666666668,32.19513333333333,5.879526666666667,70.41640666666666,26.278106666666666,16.89548,21.54366,3.5120533333333337,2009.0,7997.83,5715.37,400.24,3726.93,233.17,808.92,0.04
6,209.0,27.1617,34.171400000000006,26.1792,84.1019,31.5759,20.57,25.0284,5.1381,2009.0,209.0,9.431899999999999,29.3143,0.0,49.2038,23.737099999999998,13.796199999999999,20.006,1.5263,2009.0,209.0,23.039111428571427,31.540146666666658,5.012386666666667,64.78214666666666,27.74194666666667,16.86238666666667,22.286640000000002,3.428586666666667,2009.0,7953.31,5576.02,392.37,3616.79,235.33,786.02,0.33
7,225.0,25.0432,36.7281,46.7795,89.3407,31.870800000000003,23.7937,27.5489,7.8681,2009.0,225.0,7.4938,30.5558,0.0,51.897400000000005,23.8621,15.5875,20.3692,1.8458,2009.0,225.0,19.598346666666664,33.70447333333333,8.12828,70.12577333333334,28.906593333333333,19.046653333333335,23.839039999999997,4.25656,2009.0,7933.85,5227.24,367.1,3340.18,217.68,749.18,0.13
8,241.0,24.654200000000003,36.5017,21.418300000000002,89.51660000000001,30.7357,20.1287,23.452399999999997,5.173299999999999,2009.0,241.0,4.1897,26.7714,0.0,49.605999999999995,21.2733,8.3383,14.910599999999999,1.1559,2009.0,241.0,18.3485,29.891399999999997,2.900313333333333,62.844300000000004,25.574566666666662,13.220513333333335,19.312293333333333,3.088353333333333,2009.0,7522.12,4680.65,429.19,2975.95,309.5,680.02,0.96
9,257.0,19.952800000000003,33.42009999999999,9.8621,84.0626,29.5952,17.1043,22.843199999999996,4.7349000000000006,2009.0,257.0,7.7547,27.422600000000003,0.0,49.46810000000001,25.0863,11.5768,18.7842,1.7921999999999998,2009.0,257.0,17.222066666666663,30.7483,1.1935,61.65549333333333,27.67428,14.82301333333333,20.935366666666663,2.819186666666667,2009.0,7391.63,4060.7,372.34,2549.32,209.88,709.01,0.0
10,273.0,18.580099999999998,33.611999999999995,20.217000000000002,90.0461,29.2759,16.337899999999998,19.3238,8.875599999999999,2009.0,273.0,3.4555,23.9946,0.0,41.85040000000001,12.3202,2.1192,8.854800000000001,1.2612,2009.0,273.0,13.17804,28.252653333333335,4.561026666666667,66.49206,19.651186666666668,8.616146666666667,13.771706666666667,4.734873333333334,2009.0,7164.88,4141.11,433.98,2721.28,241.44,761.98,0.1
11,289.0,14.7949,32.9756,34.5966,97.6587,20.4906,13.2436,16.173000000000002,6.5182,2009.0,289.0,2.9107000000000003,23.395300000000002,0.0,47.8941,6.1945,-2.4887,2.0865,2.0381,2009.0,289.0,8.40802,27.524,5.45866,76.50319999999999,12.195893333333334,3.3028733333333333,7.280006666666667,4.255966666666668,2009.0,5887.77,2929.86,551.1,2121.15,314.28,833.95,0.39
12,305.0,13.244,31.3471,25.167499999999997,97.6259,20.5654,9.3632,13.6883,7.9836,2009.0,305.0,3.0856,21.3789,0.0,59.130300000000005,10.341000000000001,-0.6612,4.6852,2.9850000000000003,2009.0,305.0,9.969226666666668,25.98992666666667,2.0307733333333333,76.76675333333333,15.148826666666665,4.2240866666666665,9.113919999999998,4.8202,2009.0,5596.12,2762.2,579.44,2075.84,307.98,1047.79,0.0
