,DOY,INSgdmax,RADmax,RAINmax,RHmax,TMAXmax,TMINmax,Tmax,WINDmax,YEAR,DOY,INSgdmin,RADmin,RAINmin,RHmin,TMAXmin,TMINmin,Tmin,WINDmin,YEAR,DOY,INSgdmean,RADmean,RAINmean,RHmean,TMAXmean,TMINmean,Tmean,WINDmean,YEAR,NDVI,EVI,RED,NIR,BLUE,MIR,pixrel
0,113.0,25.52,33.34,47.36,93.14,27.18,14.8,20.94,7.86,2009.0,113.0,6.23,22.64,0.0,45.69,16.49,2.74,10.69,1.88,2009.0,113.0,16.484666666666666,28.594000000000005,6.035999999999999,71.04933333333334,20.94666666666667,9.104666666666667,14.798666666666666,5.149333333333334,2009.0,3404.67,2241.71,1399.23,2825.34,697.85,2652.52,0.35
1,129.0,29.05,33.59,38.6,90.99,26.34,15.04,19.88,7.27,2009.0,129.0,1.62,22.72,0.0,42.48,19.04,5.87,12.48,1.12,2009.0,129.0,19.256666666666668,28.891333333333332,6.752666666666667,62.681999999999995,22.266666666666666,10.562666666666669,16.26133333333333,4.216666666666666,2009.0,4681.5,3220.38,1153.54,3153.9,587.95,2415.89,0.37
2,145.0,28.91,33.91,14.09,91.6,28.76,19.22,23.83,7.65,2009.0,145.0,7.52,27.07,0.0,52.63,19.69,8.86,16.59,1.78,2009.0,145.0,22.98933333333333,30.831999999999994,2.0486666666666666,67.49066666666667,26.0,14.845999999999998,20.324666666666666,4.534666666666667,2009.0,5270.27,3336.39,868.44,2818.18,447.54,1906.42,0.15
3,161.0,27.32,35.24,51.32,91.75,30.84,21.09,25.44,6.31,2009.0,161.0,3.74,29.74,0.0,53.78,23.21,12.63,17.46,2.0,2009.0,161.0,19.344,32.762,13.000666666666666,76.64533333333333,25.679999999999996,16.314000000000004,20.69666666666667,3.674,2009.0,6788.17,4577.49,624.53,3280.01,332.4,1351.61,0.0
4,177.0,29.92,36.29,13.55,84.24,32.81,24.07,28.52,5.78,2009.0,177.0,6.08,28.19,0.0,56.89,25.2,16.42,22.04,1.84,2009.0,177.0,24.404666666666667,33.160000000000004,1.57,72.86733333333332,29.417999999999996,20.28866666666666,24.858666666666668,3.4600000000000004,2009.0,7060.95,4918.13,594.15,3468.63,323.54,1281.87,0.02
5,193.0,28.4,36.68,20.46,88.47,30.52,22.71,24.93,5.57,2009.0,193.0,12.24,26.82,0.0,43.48,24.49,12.26,18.6,1.45,2009.0,193.0,21.586666666666666,32.51733333333333,4.405333333333333,65.64800000000001,28.15333333333333,17.857333333333333,22.93333333333334,3.6419999999999986,2009.0,8223.44,6427.64,414.42,4305.87,227.7,902.09,0.14
6,209.0,27.58,34.96,24.69,85.68,33.94,21.52,26.62,5.13,2009.0,209.0,9.29,30.28,0.0,42.62,23.9,14.79,19.93,1.86,2009.0,209.0,23.285333333333334,32.21666666666667,4.722,58.29666666666667,29.777333333333335,17.95,23.679333333333332,3.5646666666666675,2009.0,8278.55,6205.4,366.9,4032.01,203.41,816.95,0.0
7,225.0,25.42,36.83,38.13,83.44,36.54,24.67,30.16,8.93,2009.0,225.0,14.04,30.56,0.0,51.04,25.54,14.74,20.59,1.89,2009.0,225.0,21.033333333333335,34.052,6.802666666666666,65.36399999999999,30.272000000000002,19.526666666666667,24.76066666666667,4.489999999999999,2009.0,8198.0,6535.1,421.87,4406.46,233.67,930.65,0.01
8,241.0,24.59,36.11,23.58,93.3,31.35,21.19,24.07,6.28,2009.0,241.0,9.94,28.22,0.0,52.03,21.66,9.37,16.02,1.11,2009.0,241.0,17.642666666666667,31.629333333333324,2.9946666666666664,64.45933333333333,25.991333333333333,14.078,19.904,3.444666666666667,2009.0,8145.27,5783.04,374.21,3725.87,203.66,758.36,0.93
9,257.0,19.94,33.91,24.78,89.99,29.52,19.24,22.86,4.87,2009.0,257.0,5.87,28.73,0.0,42.4,24.4,12.75,19.01,1.53,2009.0,257.0,16.381333333333334,31.512000000000004,1.7553333333333334,62.66466666666667,27.148666666666664,15.474666666666668,21.012666666666664,2.9193333333333333,2009.0,5612.21,3137.65,688.71,2474.36,313.57,1294.1,0.0
10,273.0,19.01,31.39,18.14,81.63,28.9,13.66,18.87,9.88,2009.0,273.0,4.93,23.51,0.0,36.86,14.39,3.06,10.39,1.01,2009.0,273.0,14.24666666666667,27.849333333333334,1.726,57.956,20.865333333333332,8.391333333333334,14.226666666666667,4.8613333333333335,2009.0,5109.3,3054.65,832.4,2594.93,428.92,1364.96,1.0
11,289.0,15.95,33.48,43.86,98.13,21.52,12.84,16.01,7.34,2009.0,289.0,2.66,23.11,0.0,54.24,5.68,-1.8,2.12,2.66,2009.0,289.0,8.477333333333332,27.52466666666667,3.880000000000001,76.72066666666667,12.272666666666664,3.455333333333334,7.444666666666666,4.452666666666667,2009.0,3834.11,1961.93,869.46,1958.17,445.13,1427.79,0.0
12,305.0,13.54,32.0,31.22,96.79,21.42,10.6,14.59,7.24,2009.0,305.0,3.35,20.95,0.0,55.49,12.2,0.5,5.71,2.83,2009.0,305.0,10.258,25.990666666666666,2.8513333333333333,74.35600000000001,15.967333333333334,4.71,9.645999999999999,4.788,2009.0,3478.31,1855.51,988.2,2044.54,498.57,1692.44,0.03
