,DOY,INSgdmax,RADmax,RAINmax,RHmax,TMAXmax,TMINmax,Tmax,WINDmax,YEAR,DOY,INSgdmin,RADmin,RAINmin,RHmin,TMAXmin,TMINmin,Tmin,WINDmin,YEAR,DOY,INSgdmean,RADmean,RAINmean,RHmean,TMAXmean,TMINmean,Tmean,WINDmean,YEAR,NDVI,EVI,RED,NIR,BLUE,MIR,pixrel
0,113.0,25.4764,30.4772,9.3934,90.2102,30.199800000000003,12.6762,20.68,9.0624,2009.0,113.0,6.522799999999999,22.984399999999997,0.0,44.821400000000004,10.8656,0.9188000000000001,6.399600000000001,2.787,2009.0,113.0,17.349373333333336,27.346720000000005,2.3258,62.22579999999999,17.99437333333334,5.252840000000001,11.600946666666667,6.0077333333333325,2009.0,3174.9,1727.29,1025.87,2014.8,537.51,2099.67,0.13
1,129.0,29.068200000000004,30.4586,10.6868,69.33840000000001,24.3534,11.561200000000001,17.3236,9.37,2009.0,129.0,6.7228,21.401399999999995,0.0,33.201800000000006,18.1742,2.5953999999999997,9.9988,2.6100000000000003,2009.0,129.0,20.570573333333332,26.82225333333333,2.0331466666666667,51.30337333333333,20.835426666666667,7.448146666666666,14.077893333333336,5.055293333333333,2009.0,3955.97,2177.08,899.71,2128.58,473.45,1872.72,0.41
2,145.0,29.567800000000002,33.352799999999995,7.771999999999999,69.521,33.2042,16.6526,24.025000000000002,9.8422,2009.0,145.0,7.2822,26.3778,0.0,34.8022,19.410800000000002,9.603200000000001,15.262,2.704,2009.0,145.0,21.85484,30.269106666666666,1.3977866666666667,50.101546666666664,26.680866666666667,13.118999999999998,19.82973333333333,5.26988,2009.0,4688.83,2716.38,847.58,2389.33,445.06,1882.85,0.19
3,161.0,28.165399999999995,34.293600000000005,19.1162,82.7062,29.001400000000004,16.8914,22.9686,6.234,2009.0,161.0,6.143000000000001,27.6774,0.0,34.380399999999995,18.231,8.2304,13.899599999999998,1.2576,2009.0,161.0,17.512306666666664,30.90861333333333,4.971626666666667,62.110293333333324,23.768453333333337,12.624253333333332,17.89929333333333,3.790826666666667,2009.0,5812.03,3692.58,720.23,2845.12,380.73,1694.47,0.12
4,177.0,29.511800000000004,35.4446,12.697,76.6656,33.7592,23.427799999999998,27.3512,7.7105999999999995,2009.0,177.0,6.687,27.65,0.0,43.3788,25.703799999999998,14.5582,21.1208,1.8118,2009.0,177.0,23.539853333333333,32.31894666666667,2.5204933333333335,58.841146666666674,29.84945333333333,18.270400000000002,23.83509333333334,3.9115599999999997,2009.0,6968.26,4559.78,545.8,3177.34,282.6,1134.12,0.11
5,193.0,28.6678,35.4892,20.1948,81.64099999999999,32.0574,20.215999999999998,25.3598,6.2672,2009.0,193.0,14.954799999999999,27.4518,0.0,40.657,24.119999999999997,11.093,17.7682,1.4338,2009.0,193.0,23.034813333333332,31.641426666666668,4.806173333333334,54.53062666666666,28.183866666666663,16.650946666666666,22.305173333333336,4.0573733333333335,2009.0,7670.3,5426.79,471.75,3670.96,244.71,921.32,0.11
6,209.0,27.0672,32.714999999999996,10.0534,69.81219999999999,35.5606,19.4328,26.249000000000002,5.5006,2009.0,209.0,13.154,27.7008,0.0,35.1354,25.2686,12.0242,18.2338,1.8798,2009.0,209.0,24.68089333333333,30.275493333333333,1.5262533333333332,45.158,30.34872,16.291533333333334,23.043693333333337,3.7822000000000005,2009.0,7814.37,5765.36,474.04,3945.01,239.81,835.1,0.76
7,225.0,25.3868,36.627399999999994,14.4722,82.4006,35.8602,22.253,28.039199999999997,7.2098,2009.0,225.0,8.732,28.689999999999998,0.0,38.1138,21.427,13.1136,17.8044,1.2680000000000002,2009.0,225.0,19.742186666666665,32.79666666666667,4.319586666666667,57.592906666666664,29.564839999999997,18.038186666666668,23.671159999999993,4.383839999999999,2009.0,7929.2,5372.83,396.06,3486.94,204.59,646.78,0.0
8,241.0,23.399,34.263999999999996,11.403200000000002,72.51,31.092000000000002,19.238599999999998,23.691,7.4672,2009.0,241.0,9.907599999999999,24.9976,0.0,40.97760000000001,21.8098,8.8272,16.2042,1.7086,2009.0,241.0,19.872253333333333,29.691599999999998,1.5257200000000002,54.29318666666667,26.737413333333333,13.045733333333335,19.754933333333337,4.17016,2009.0,6529.61,4236.91,639.94,3090.74,323.34,1065.73,0.01
9,257.0,20.0732,33.7172,17.5866,77.6196,30.880799999999997,17.6132,23.190199999999997,6.4110000000000005,2009.0,257.0,6.3132,28.767200000000003,0.0,43.167,20.115000000000002,13.2202,17.4978,1.0286,2009.0,257.0,16.245466666666665,30.85788,2.9849466666666666,59.72618666666666,27.437933333333337,15.132133333333334,21.200573333333335,3.450493333333333,2009.0,5583.32,3307.71,752.24,2635.82,377.06,1322.46,0.0
10,273.0,17.78,31.943599999999996,14.4184,89.7474,24.7718,13.7588,18.221799999999998,9.044,2009.0,273.0,3.7249999999999996,23.6264,0.0,43.8708,8.437999999999999,1.3404,6.3992,1.5892,2009.0,273.0,11.454986666666663,27.691866666666666,2.4786,65.19201333333335,17.588226666666667,7.19144,11.984639999999999,4.95524,2009.0,4088.53,2522.29,1440.16,2859.79,1152.88,1494.82,1.64
11,289.0,16.1196,29.958199999999998,16.368,94.8304,17.6826,7.024800000000001,10.7014,7.4266000000000005,2009.0,289.0,3.5274,20.6004,0.0,41.2552,2.0642,-4.6714,-1.395,1.6408,2009.0,289.0,8.838120000000002,25.550173333333337,3.9876533333333333,75.05437333333334,8.403306666666667,0.09805333333333331,3.6052133333333334,4.498080000000001,2009.0,3942.37,2186.7,930.52,2181.89,473.02,1675.94,0.06
12,305.0,12.666,29.746799999999997,19.208199999999998,97.6228,19.691,7.7547999999999995,10.444600000000001,7.728400000000001,2009.0,305.0,3.7414,20.436799999999998,0.0,45.4752,7.794599999999999,-2.4560000000000004,2.4059999999999997,3.3091999999999997,2009.0,305.0,9.210586666666668,24.32432,2.2910399999999997,71.4854,12.633440000000002,1.9557466666666667,6.437973333333334,4.79104,2009.0,3247.44,1718.06,990.41,1964.31,512.14,1820.35,0.08
