,DOY,INSgdmax,RADmax,RAINmax,RHmax,TMAXmax,TMINmax,Tmax,WINDmax,YEAR,DOY,INSgdmin,RADmin,RAINmin,RHmin,TMAXmin,TMINmin,Tmin,WINDmin,YEAR,DOY,INSgdmean,RADmean,RAINmean,RHmean,TMAXmean,TMINmean,Tmean,WINDmean,YEAR,NDVI,EVI,RED,NIR,BLUE,MIR,pixrel
0,113.0,24.9207,30.796400000000006,13.2712,94.11469999999998,28.795200000000005,11.1836,19.355599999999995,9.421,2009.0,113.0,5.5998,23.857300000000002,0.0,46.0655,11.487,0.6975,7.176799999999998,2.8625999999999996,2009.0,113.0,16.697906666666665,27.51574666666667,2.8835200000000003,64.59830000000001,18.29148,5.463306666666667,11.848413333333335,6.115739999999999,2009.0,2094.03,955.75,895.05,1425.95,477.25,1548.0,3.28
1,129.0,29.1983,30.671100000000003,11.564900000000002,73.61880000000001,24.4532,11.7964,17.209400000000002,9.021199999999999,2009.0,129.0,7.033900000000001,21.1123,0.0,33.5386,17.6272,2.409,9.817099999999998,2.6584000000000003,2009.0,129.0,20.03234666666667,27.030659999999997,2.706593333333333,54.003346666666665,20.768366666666665,7.791893333333333,14.155486666666668,5.112746666666666,2009.0,2621.06,1228.74,894.21,1557.89,485.49,1765.44,0.43
2,145.0,29.4777,33.2251,10.0529,76.6747,31.7149,15.981100000000001,22.7334,10.527100000000003,2009.0,145.0,7.7806999999999995,26.464500000000005,0.0,37.6807,18.802,8.725800000000001,15.4052,2.9222,2009.0,145.0,21.67562666666667,30.285473333333336,1.9310533333333333,53.456406666666666,26.01616,13.113346666666667,19.45268,5.424039999999999,2009.0,3251.1,1673.0,917.3,1833.73,499.61,1917.87,0.25
3,161.0,28.172900000000002,34.5608,23.3891,88.10490000000001,29.2612,17.0702,23.0089,5.9205,2009.0,161.0,4.039899999999999,26.943700000000003,0.0,36.134800000000006,19.2811,8.987400000000001,14.668299999999999,1.1967,2009.0,161.0,17.320800000000002,30.911373333333337,5.6486333333333345,63.93712,24.008693333333337,12.968306666666669,18.198886666666663,3.886733333333333,2009.0,4162.92,2222.62,765.86,1980.5,416.36,1699.27,0.03
4,177.0,29.270200000000003,35.693,18.26,79.3562,32.874500000000005,23.599300000000003,27.484,7.300700000000001,2009.0,177.0,7.939299999999999,27.712300000000003,0.0,46.50430000000001,25.7749,14.5243,20.6778,1.7495999999999998,2009.0,177.0,22.083653333333334,32.35245333333333,2.9494533333333335,62.77130666666666,29.182146666666664,18.482419999999998,23.635966666666665,3.8871866666666666,2009.0,6027.48,3550.8,591.51,2565.01,317.72,1133.29,0.13
5,193.0,28.6,35.156600000000005,20.3928,82.4324,30.6072,20.4875,24.377200000000002,6.6869000000000005,2009.0,193.0,15.4622,27.669900000000002,0.0,42.3712,23.171000000000003,11.1746,17.239499999999996,1.6094000000000002,2009.0,193.0,22.982906666666665,31.60256,4.682173333333332,57.84118000000001,27.439053333333334,16.25855333333333,21.732573333333335,4.020006666666667,2009.0,7266.55,4679.32,476.69,3131.12,255.21,893.81,0.0
6,209.0,26.9318,33.028999999999996,9.8791,76.0912,34.1977,19.1037,26.110200000000003,5.6785,2009.0,209.0,17.876,28.348,0.0,37.607600000000005,24.6321,12.622000000000002,18.7031,1.7159999999999997,2009.0,209.0,24.546213333333327,30.46704666666666,1.7161133333333332,47.63541333333333,29.550199999999997,16.182479999999998,22.733186666666672,3.8478733333333333,2009.0,7769.21,5743.05,491.24,3910.6,267.58,676.48,0.57
7,225.0,25.455199999999998,36.679,18.199999999999996,82.409,34.6846,22.846,27.975299999999997,7.2529,2009.0,225.0,10.9322,28.9429,0.0,38.1087,20.9518,13.128199999999998,17.6776,1.3822000000000003,2009.0,225.0,19.507326666666664,32.94157333333333,4.6985600000000005,57.856886666666675,29.517433333333333,18.072073333333332,23.769906666666664,4.469366666666667,2009.0,8070.25,5752.3,396.05,3752.66,210.27,529.55,0.09
8,241.0,23.593700000000002,35.3862,15.5904,68.3015,30.8405,20.4594,23.3654,7.5493,2009.0,241.0,9.5196,25.833000000000002,0.0,45.5842,22.162799999999997,8.5504,15.6472,1.7291000000000003,2009.0,241.0,19.82852,29.627513333333333,2.07988,55.59966666666667,26.250019999999996,12.92460666666667,19.464180000000002,4.05208,2009.0,6274.69,4073.53,683.77,3056.47,341.17,853.76,0.0
9,257.0,19.7391,33.7957,11.8787,81.5792,30.505099999999995,17.7052,22.9036,5.6594999999999995,2009.0,257.0,6.8476,29.327199999999998,0.0,46.3288,21.0666,13.612400000000001,17.4949,1.2317,2009.0,257.0,16.354653333333335,31.092653333333335,1.9566466666666666,61.395199999999996,27.21259333333333,15.308760000000001,21.161839999999998,3.041393333333333,2009.0,4999.71,2989.88,862.15,2568.87,442.66,1265.52,0.0
10,273.0,17.901300000000003,32.251400000000004,16.6192,91.67349999999999,25.9668,14.8421,18.949399999999997,9.2949,2009.0,273.0,3.1965000000000003,23.5141,0.0,45.1917,8.2548,1.1858000000000002,6.5985,1.3833,2009.0,273.0,11.542886666666666,27.939193333333332,2.410686666666667,66.09732666666667,17.736886666666663,7.236966666666667,12.103980000000002,4.993906666666667,2009.0,3474.35,2061.58,1419.79,2567.27,1115.63,1250.26,1.58
11,289.0,16.169700000000002,30.4531,30.293,97.1249,16.7926,7.799,11.4394,8.0962,2009.0,289.0,2.2159,20.685999999999996,0.0,44.091300000000004,2.3507000000000002,-4.437800000000001,-0.686,1.6537000000000002,2009.0,289.0,8.56188,25.809346666666666,4.909953333333333,76.43723333333334,8.411093333333334,0.31407999999999997,3.82952,4.4721,2009.0,3709.42,2064.49,957.82,2135.68,492.19,1456.55,0.03
12,305.0,12.8956,30.182999999999996,28.101399999999998,97.5913,19.1055,8.0926,10.5987,7.0157,2009.0,305.0,2.9166,20.421799999999998,0.0,49.4568,8.7923,-2.1828,2.5723999999999996,3.2558000000000002,2009.0,305.0,8.986,24.732480000000002,2.91994,73.68564,12.738839999999998,2.074866666666667,6.610006666666666,4.953046666666666,2009.0,3107.98,1546.38,917.36,1777.75,476.9,1370.69,0.03
