,DOY,INSgdmax,RADmax,RAINmax,RHmax,TMAXmax,TMINmax,Tmax,WINDmax,YEAR,DOY,INSgdmin,RADmin,RAINmin,RHmin,TMAXmin,TMINmin,Tmin,WINDmin,YEAR,DOY,INSgdmean,RADmean,RAINmean,RHmean,TMAXmean,TMINmean,Tmean,WINDmean,YEAR,NDVI,EVI,RED,NIR,BLUE,MIR,pixrel
0,113.0,25.496299999999998,33.068099999999994,34.8034,95.5179,25.838800000000003,12.818200000000001,19.1376,8.8076,2009.0,113.0,6.270099999999999,22.5576,0.0,48.5692,10.5607,1.129,6.085399999999999,2.019,2009.0,113.0,16.48046,27.622619999999998,4.8056133333333335,73.70092666666667,18.56708666666667,6.25826,12.425046666666667,5.347266666666665,2009.0,4632.07,1810.97,533.86,1449.97,268.54,996.07,0.0
1,129.0,29.2616,31.6276,41.807900000000004,91.04849999999999,22.9784,12.2502,16.9695,8.663699999999999,2009.0,129.0,5.846299999999999,21.930600000000002,0.0,39.0356,15.3918,3.3348999999999993,10.024899999999999,1.8246,2009.0,129.0,20.429513333333333,27.291279999999993,6.0229800000000004,61.727399999999996,20.169959999999996,8.599406666666667,14.267653333333332,4.623606666666667,2009.0,5650.39,2811.44,565.59,2059.69,293.92,1087.35,0.0
2,145.0,28.617200000000004,33.543800000000005,18.2873,92.4716,27.4453,16.8598,20.924200000000003,8.043800000000001,2009.0,145.0,9.499400000000001,26.8432,0.0,50.6498,16.104599999999998,8.1842,13.326699999999999,2.2563,2009.0,145.0,21.221566666666664,30.129759999999994,3.53466,71.34162,23.373113333333333,12.091960000000002,17.476620000000004,5.073373333333333,2009.0,6651.12,3551.99,475.73,2377.51,254.74,871.75,0.31
3,161.0,28.5793,33.755300000000005,22.1835,90.7821,26.7878,17.4812,21.2456,5.0588,2009.0,161.0,7.8370999999999995,27.2093,0.0,59.1023,21.503500000000003,9.7939,15.7715,1.5825,2009.0,161.0,19.979506666666666,31.173293333333334,5.887453333333333,75.76242666666667,23.920920000000002,13.909106666666665,18.775273333333335,3.405173333333334,2009.0,7756.49,4408.56,316.22,2685.71,173.78,603.89,0.0
4,177.0,29.369400000000002,36.594699999999996,13.0191,90.5531,32.3006,23.535700000000002,27.453200000000002,6.7632,2009.0,177.0,12.0092,27.4994,0.0,66.16,21.2326,13.9103,18.049,1.1951,2009.0,177.0,22.167613333333332,32.83286666666667,2.6273866666666668,75.25582,27.333753333333334,18.396306666666668,22.85953333333333,3.53012,2009.0,8271.52,5682.78,320.19,3558.18,178.49,676.84,0.06
5,193.0,28.524,35.4431,20.5472,88.5435,27.395699999999998,19.319200000000002,22.9235,6.3057,2009.0,193.0,10.8034,29.1859,0.0,57.32560000000001,20.100700000000003,10.8779,15.1997,1.2819,2009.0,193.0,18.94278666666667,31.663819999999998,5.7955466666666675,70.13701333333334,24.74746,15.497820000000003,20.184833333333334,3.5451599999999996,2009.0,8182.23,5806.84,343.71,3693.72,193.72,695.27,0.05
6,209.0,26.71,33.1426,36.8215,80.3568,29.5623,18.2083,23.542399999999997,5.4069,2009.0,209.0,7.559699999999999,29.134100000000004,0.0,51.1245,22.478199999999998,12.6891,18.5902,1.2996,2009.0,209.0,22.702113333333337,30.78062,5.39368,65.60566666666665,26.17631333333333,15.804326666666665,21.01198,3.6068999999999996,2009.0,8278.67,5218.36,271.98,3135.58,152.88,584.11,0.0
7,225.0,25.0747,36.212199999999996,25.814,88.0658,29.713199999999997,22.485500000000002,25.4379,6.3214,2009.0,225.0,5.205900000000001,29.697100000000002,0.0,50.4881,21.9956,14.570599999999999,19.1158,1.3747,2009.0,225.0,17.884020000000003,33.18391333333333,9.329566666666667,72.66451333333333,27.14962666666667,18.16287333333333,22.580266666666667,4.004086666666666,2009.0,8282.69,5218.83,268.94,3135.11,150.54,564.34,0.0
8,241.0,24.7447,35.0075,16.2636,97.6794,27.505100000000002,16.4848,21.307000000000002,5.7954,2009.0,241.0,5.2583,26.14,0.0,54.6339,19.868199999999998,8.1655,13.933600000000002,0.8958,2009.0,241.0,19.107979999999998,28.868799999999997,1.9931,67.98239333333335,23.074226666666668,11.865026666666665,17.479326666666672,2.8901133333333338,2009.0,8119.55,4991.83,300.54,3038.82,162.61,580.78,0.96
9,257.0,20.6323,32.58839999999999,9.974599999999999,78.54400000000001,27.973399999999998,17.039500000000004,21.473000000000003,3.7064000000000004,2009.0,257.0,10.874,27.551800000000004,0.0,56.130399999999995,23.555600000000002,10.2254,17.6519,1.2768000000000002,2009.0,257.0,17.582246666666666,30.217679999999998,0.8975066666666668,66.5864,26.598679999999995,13.829306666666666,20.00430666666667,2.2132466666666666,2009.0,7586.8,4164.15,331.29,2543.21,180.5,605.44,0.0
10,273.0,16.7287,33.8044,21.3589,92.64529999999999,26.1052,17.1303,19.9045,9.8822,2009.0,273.0,2.9613000000000005,23.910600000000002,0.0,53.77199999999999,9.7753,1.2624,7.8533,1.1911,2009.0,273.0,10.800253333333332,28.918879999999998,4.336139999999999,76.51320000000001,17.225633333333334,8.209466666666668,12.474879999999999,4.62998,2009.0,7289.93,3665.29,344.69,2250.85,183.04,545.29,1.0
11,289.0,14.150000000000002,31.6856,30.979599999999998,94.7623,19.3846,12.3257,15.153800000000002,7.6966,2009.0,289.0,3.0053,21.4465,0.0,45.7115,4.9427,-4.2055,0.6873999999999999,1.5243000000000002,2009.0,289.0,8.865293333333335,26.47776,5.56226,76.75555333333332,10.64940666666667,1.8667200000000002,5.744206666666667,4.267946666666667,2009.0,2757.4,1363.36,1506.88,2234.24,1442.03,1131.86,2.6
12,305.0,13.1547,30.4787,18.852200000000003,97.00269999999999,19.1415,8.5848,11.825800000000001,8.2088,2009.0,305.0,3.2693,22.0034,0.0,63.065400000000004,7.7565,-2.8408,2.593,2.7676999999999996,2009.0,305.0,9.0159,25.552166666666665,2.0441599999999998,80.26687999999999,13.024153333333333,2.619653333333333,7.346419999999999,4.7783066666666665,2009.0,5471.65,1866.91,376.38,1287.69,183.56,759.66,0.01
