,DOY,INSgdmax,RADmax,RAINmax,RHmax,TMAXmax,TMINmax,Tmax,WINDmax,YEAR,DOY,INSgdmin,RADmin,RAINmin,RHmin,TMAXmin,TMINmin,Tmin,WINDmin,YEAR,DOY,INSgdmean,RADmean,RAINmean,RHmean,TMAXmean,TMINmean,Tmean,WINDmean,YEAR,NDVI,EVI,RED,NIR,BLUE,MIR,pixrel
0,113.0,24.856,33.534,22.159,91.775,25.872999999999998,15.872,20.054000000000002,8.356,2009.0,113.0,7.1049999999999995,23.176,0.0,50.912000000000006,12.368000000000002,2.282,7.457000000000001,2.843,2009.0,113.0,16.272133333333336,28.53326666666667,5.789133333333334,74.11566666666667,19.977666666666668,8.200266666666668,14.1126,5.301466666666667,2009.0,5312.49,2112.24,447.46,1518.69,239.5,822.33,0.07
1,129.0,29.176000000000002,33.504999999999995,72.17099999999999,90.732,24.613999999999997,14.447999999999999,18.9,8.187,2009.0,129.0,2.6020000000000003,23.123,0.0,36.954,17.208000000000002,6.117999999999999,12.103,1.7580000000000002,2009.0,129.0,21.0476,27.76873333333333,9.775466666666667,62.24379999999999,21.480533333333337,10.1286,15.6522,4.2728,2009.0,5790.29,2512.19,418.86,1694.82,238.02,774.15,0.0
2,145.0,28.599000000000004,34.752,25.104999999999997,93.93799999999999,28.063000000000002,18.003,21.863,6.65,2009.0,145.0,9.754999999999999,27.014000000000003,0.0,55.43900000000001,20.034,8.795,15.005999999999998,2.3549999999999995,2009.0,145.0,21.236,30.528266666666667,3.060333333333333,72.5256,24.762600000000006,13.1788,18.85493333333333,4.631200000000001,2009.0,6592.22,2892.79,344.86,1803.26,206.66,574.52,0.49
3,161.0,27.839,34.748000000000005,31.956000000000003,88.31,28.841,18.852999999999998,23.627000000000002,4.853,2009.0,161.0,11.76,28.261000000000003,0.0,62.947,19.991999999999997,11.585999999999999,15.744,1.931,2009.0,161.0,20.47073333333333,32.0784,9.225266666666666,77.27426666666665,24.64526666666666,15.503866666666667,19.90173333333333,3.426933333333334,2009.0,7431.32,3718.49,264.03,2151.61,178.21,422.64,0.0
4,177.0,29.559999999999995,36.733999999999995,9.793000000000001,89.0,32.251999999999995,24.516000000000002,28.244999999999997,6.338000000000001,2009.0,177.0,13.285,27.884,0.0,65.636,22.910999999999998,15.033000000000001,19.041,1.281,2009.0,177.0,24.01086666666667,33.1008,2.1921333333333335,74.91940000000001,28.251199999999997,19.521733333333337,23.90013333333334,3.483333333333334,2009.0,7816.26,4437.78,258.38,2619.18,173.58,490.79,0.01
5,193.0,27.503,35.571999999999996,20.293,88.491,27.569000000000003,20.418,23.512999999999998,6.253,2009.0,193.0,10.96,29.341,0.0,59.67300000000001,21.044,11.186,16.072,1.5859999999999999,2009.0,193.0,19.72406666666667,32.092733333333335,5.8062000000000005,71.92673333333335,25.643866666666664,16.395466666666668,21.060266666666667,3.453666666666667,2009.0,7870.41,4577.86,277.87,2742.12,177.98,511.24,0.06
6,209.0,26.972,33.899,19.235,85.243,29.716,19.480999999999998,24.231,5.331,2009.0,209.0,4.402,28.456,0.0,54.95099999999999,24.116,13.184000000000001,19.653999999999996,1.3459999999999999,2009.0,209.0,22.229400000000005,31.21346666666667,4.387066666666668,70.45386666666668,26.478933333333337,16.4062,21.55453333333333,3.3626666666666667,2009.0,7730.2,4093.48,228.18,2339.62,159.15,415.92,0.0
7,225.0,25.06,36.937,43.839000000000006,93.55199999999999,30.849999999999994,23.648,26.610999999999997,7.0009999999999994,2009.0,225.0,5.9110000000000005,30.314999999999994,0.0,54.227999999999994,23.667,15.084,20.435000000000002,1.5810000000000002,2009.0,225.0,18.631399999999996,33.53753333333333,10.613066666666667,72.78986666666667,27.998533333333327,19.002066666666668,23.39386666666667,4.0389333333333335,2009.0,7826.79,4037.44,227.44,2298.54,154.75,393.63,0.09
8,241.0,24.645,36.539,36.339999999999996,92.713,30.092,19.479999999999997,23.075,5.344,2009.0,241.0,3.961,26.518,0.0,53.48799999999999,21.107,8.717,14.699000000000002,1.097,2009.0,241.0,18.607066666666668,29.577400000000004,3.6157333333333335,65.07266666666665,24.965466666666668,13.128933333333332,18.9388,2.8653999999999997,2009.0,7750.63,3888.1,239.6,2242.8,158.59,378.41,0.84
9,257.0,20.631999999999998,33.829,16.81,75.476,29.252000000000002,16.626,22.561999999999998,4.801,2009.0,257.0,7.979,25.984999999999996,0.0,49.491,24.828999999999997,10.042,17.741999999999997,1.496,2009.0,257.0,17.56073333333333,30.20726666666667,1.2653333333333334,62.79226666666667,27.725333333333328,14.126933333333334,20.658266666666666,2.5490666666666666,2009.0,7159.63,3172.79,251.98,1843.19,152.57,340.21,0.0
10,273.0,17.983,33.94,16.642,92.603,27.910000000000004,17.597,20.457,9.271,2009.0,273.0,3.6080000000000005,24.118000000000002,0.0,48.404,10.751000000000001,2.333,8.271,1.002,2009.0,273.0,12.142666666666665,28.483666666666664,4.430733333333334,73.3538,18.71046666666667,8.945533333333334,13.498333333333333,4.564933333333334,2009.0,6835.13,3218.1,316.74,1945.78,201.73,423.69,0.22
11,289.0,14.554,31.602999999999994,34.309,97.59899999999999,20.682999999999996,13.77,16.553,6.118,2009.0,289.0,3.0199999999999996,23.339,0.0,45.03999999999999,6.157,-3.167,1.9909999999999999,1.7189999999999999,2009.0,289.0,8.837533333333333,27.330866666666665,6.521333333333333,76.28346666666667,12.186533333333333,3.1311333333333335,7.266,4.232533333333333,2009.0,5955.94,2141.24,331.65,1368.97,201.78,414.87,0.13
12,305.0,12.782,31.12,29.339,96.14299999999999,20.432000000000002,9.649000000000001,13.319000000000003,8.272,2009.0,305.0,2.42,21.832,0.0,60.405,9.225000000000001,-1.391,4.172000000000001,2.351,2009.0,305.0,9.509133333333333,26.212999999999994,3.1594,78.94046666666667,14.429733333333335,4.029466666666667,8.821933333333334,4.6234,2009.0,5993.16,1835.16,250.68,1113.17,142.78,447.07,0.0
