,DOY,INSgdmax,RADmax,RAINmax,RHmax,TMAXmax,TMINmax,Tmax,WINDmax,YEAR,DOY,INSgdmin,RADmin,RAINmin,RHmin,TMAXmin,TMINmin,Tmin,WINDmin,YEAR,DOY,INSgdmean,RADmean,RAINmean,RHmean,TMAXmean,TMINmean,Tmean,WINDmean,YEAR,NDVI,EVI,RED,NIR,BLUE,MIR,pixrel
0,113.0,25.7272,31.736,31.7772,99.848,25.6224,11.1048,18.1844,9.2232,2009.0,113.0,6.0628,22.524800000000003,0.0,48.146,9.075600000000001,0.204,4.6804,1.754,2009.0,113.0,17.04296,27.145999999999994,3.7050666666666663,72.63394666666667,17.42424,4.788,11.030080000000002,5.5304,2009.0,4263.04,1997.25,726.1,1801.8,367.91,1262.37,0.58
1,129.0,29.2048,31.4984,25.622799999999998,89.2836,22.500799999999998,11.2804,15.689200000000001,8.9296,2009.0,129.0,6.638800000000001,21.8676,0.0,40.353199999999994,14.169599999999999,2.108,8.491999999999999,1.7875999999999999,2009.0,129.0,20.331893333333337,27.02592,4.22856,60.96482666666666,19.151040000000002,7.380426666666667,13.28528,4.932266666666666,2009.0,6612.88,3662.36,508.86,2496.66,269.56,931.76,0.0
2,145.0,28.8912,32.587599999999995,12.2308,93.13439999999999,27.639999999999997,14.576799999999999,20.396,9.2272,2009.0,145.0,7.0736,26.418800000000005,0.0,47.0496,12.562,7.062,10.792,2.7056,2009.0,145.0,21.201146666666666,29.373440000000002,3.7276799999999994,68.39223999999999,21.757786666666668,10.896960000000002,16.24589333333333,5.303706666666666,2009.0,7209.12,4616.03,502.04,3109.4,273.21,896.83,0.04
3,161.0,28.874000000000002,34.1248,16.1896,92.5152,25.4608,15.670800000000002,20.267599999999998,5.3068,2009.0,161.0,5.283200000000001,24.880000000000003,0.0,54.178799999999995,19.244799999999998,8.232,14.3996,1.6612,2009.0,161.0,18.84229333333333,30.323333333333334,4.898720000000001,72.82101333333334,22.41416,12.03296,17.19261333333333,3.449573333333333,2009.0,8335.09,5369.44,288.78,3269.77,160.04,563.93,0.04
4,177.0,29.187199999999997,35.8088,8.6128,86.8084,31.005999999999997,22.7588,26.690800000000003,7.288800000000001,2009.0,177.0,11.0536,27.3728,0.0,61.2056,20.494,13.234000000000002,17.090799999999998,1.334,2009.0,177.0,20.613146666666665,32.60202666666667,2.261066666666667,73.30282666666668,26.362826666666663,17.66088,21.993146666666664,3.7188,2009.0,8450.0,6099.21,314.78,3839.67,178.51,676.75,0.01
5,193.0,28.696399999999997,34.6888,18.153200000000002,86.024,26.682,19.3996,22.6676,6.582,2009.0,193.0,9.7312,28.563599999999997,0.0,48.738800000000005,19.076,10.9992,15.217600000000001,1.5512000000000001,2009.0,193.0,21.1888,31.19221333333333,4.02032,63.55848,24.427093333333328,14.915013333333334,19.67376,3.93416,2009.0,8344.23,6077.35,344.61,3880.78,194.28,700.04,0.0
6,209.0,26.3964,33.9808,17.2156,69.6348,30.49,19.22,24.456799999999998,6.3664000000000005,2009.0,209.0,6.201599999999999,28.892400000000002,0.0,43.471199999999996,21.252399999999998,12.5532,18.3228,1.7844,2009.0,209.0,21.49498666666667,30.95253333333334,3.49024,57.05250666666666,27.24890666666667,15.749173333333331,21.368319999999997,4.0367999999999995,2009.0,8494.88,5600.78,271.68,3389.61,152.03,577.11,0.03
7,225.0,25.06,35.772400000000005,20.521600000000003,91.2868,31.299600000000005,21.7436,25.0604,6.0396,2009.0,225.0,4.8628,28.561200000000003,0.0,43.4684,19.8908,13.968800000000002,18.0856,1.8508,2009.0,225.0,17.478773333333333,32.85232,6.660080000000001,66.91128,27.73970666666667,17.823359999999997,22.693093333333337,4.268373333333333,2009.0,8442.72,5811.49,303.08,3618.16,167.56,612.54,0.08
8,241.0,24.324,34.3264,17.093600000000002,82.83600000000001,27.867999999999995,16.6864,20.6908,6.804799999999999,2009.0,241.0,10.336400000000001,25.774800000000003,0.0,42.282000000000004,20.4952,8.424,14.379599999999998,0.6711999999999999,2009.0,241.0,19.357973333333334,28.51312,1.7158933333333337,59.19141333333334,24.188453333333335,11.765493333333334,17.883466666666667,2.9448266666666667,2009.0,8286.68,5339.25,303.55,3264.03,168.21,589.57,0.58
9,257.0,20.735599999999998,32.7376,6.600800000000001,71.1112,29.638800000000003,17.429599999999997,23.1744,3.2656,2009.0,257.0,11.0032,27.910399999999996,0.0,51.3596,24.4308,10.961200000000002,18.4752,1.096,2009.0,257.0,17.478613333333332,30.290346666666668,0.6410133333333332,61.13810666666666,27.809600000000003,14.611226666666663,20.95306666666667,2.1091466666666663,2009.0,7751.23,4727.43,373.8,2976.76,199.81,671.81,0.0
10,273.0,17.17,34.37520000000001,19.1316,94.7432,24.398,16.4908,19.7816,10.612,2009.0,273.0,3.6416000000000004,23.812400000000004,0.0,58.409600000000005,9.5764,1.0843999999999998,7.6428,1.4291999999999998,2009.0,273.0,9.263466666666668,28.954986666666663,3.432079999999999,78.89074666666666,16.21736,8.0548,11.804106666666666,4.702133333333334,2009.0,7343.82,4037.35,388.17,2550.68,204.02,586.18,1.0
11,289.0,13.804,30.896,29.926,99.63879999999999,17.6464,8.0524,11.9692,7.894,2009.0,289.0,2.58,20.456400000000002,0.0,49.8184,3.8548,-4.8536,0.19680000000000003,2.1336,2009.0,289.0,8.615786666666667,25.530826666666666,5.820933333333333,78.00280000000002,8.969413333333334,0.7778133333333334,4.405173333333333,4.3608,2009.0,5642.24,2574.25,512.14,1857.61,259.15,830.99,0.04
12,305.0,12.7976,29.4536,20.4344,98.89959999999999,18.025199999999998,8.2848,10.901200000000001,7.8084,2009.0,305.0,2.9648,20.5564,0.0,64.0792,6.589200000000001,-3.9587999999999997,1.3384,2.926,2009.0,305.0,8.11688,25.135493333333336,2.0999466666666673,81.01562666666666,11.599946666666668,1.8141066666666665,6.255119999999999,4.7694399999999995,2009.0,4958.66,1847.49,474.58,1395.75,242.36,776.74,0.0
