,DOY,INSgdmax,RADmax,RAINmax,RHmax,TMAXmax,TMINmax,Tmax,WINDmax,YEAR,DOY,INSgdmin,RADmin,RAINmin,RHmin,TMAXmin,TMINmin,Tmin,WINDmin,YEAR,DOY,INSgdmean,RADmean,RAINmean,RHmean,TMAXmean,TMINmean,Tmean,WINDmean,YEAR,NDVI,EVI,RED,NIR,BLUE,MIR,pixrel
0,113.0,25.846600000000002,34.0079,29.212699999999998,92.6727,25.445299999999996,17.8653,20.831400000000002,7.949299999999999,2009.0,113.0,7.0161999999999995,22.0459,0.0,50.1442,14.721400000000001,2.6795,9.0707,2.8099,2009.0,113.0,15.644373333333332,28.872513333333337,6.133140000000001,74.60458000000001,20.76484,9.474180000000002,15.159980000000001,5.2873133333333335,2009.0,5444.29,1841.25,345.79,1206.48,230.79,591.53,0.06
1,129.0,28.779799999999998,33.7993,50.1039,88.9977,25.5721,15.376100000000001,19.8086,7.6371,2009.0,129.0,1.6675,23.812900000000003,0.0,37.8277,18.4349,7.8439,13.311499999999999,1.247,2009.0,129.0,21.050686666666667,28.5957,8.378799999999998,63.066786666666665,21.982866666666666,10.975313333333332,16.42413333333333,3.9723533333333334,2009.0,5532.88,2293.04,425.43,1551.33,269.15,758.22,0.0
2,145.0,28.8007,34.2979,17.3422,94.17930000000001,28.801099999999998,20.513199999999998,24.284399999999998,5.9542,2009.0,145.0,8.3831,26.6323,0.0,54.144099999999995,20.7562,8.9174,15.5582,1.2637,2009.0,145.0,22.467286666666666,30.683020000000003,2.538753333333333,71.83551333333335,25.371186666666667,14.484886666666668,19.891746666666663,4.2096,2009.0,6000.09,2533.82,397.05,1618.93,274.81,612.16,0.47
3,161.0,28.2802,34.5334,33.04,92.6531,30.237699999999997,20.0268,25.1753,5.405800000000001,2009.0,161.0,8.5104,28.5835,0.0,64.35679999999999,20.8839,12.5426,16.4118,1.7741000000000002,2009.0,161.0,19.916753333333336,32.49331333333333,10.227273333333335,79.14734,24.714280000000002,16.228773333333333,20.3522,3.47926,2009.0,6394.89,2794.97,349.3,1709.12,247.26,553.83,0.0
4,177.0,29.894799999999996,36.5693,11.639199999999999,86.7831,34.5822,24.7765,28.5123,5.7423,2009.0,177.0,15.8312,28.222,0.0,65.97189999999999,24.877000000000002,16.1874,20.6725,1.4522,2009.0,177.0,24.790033333333334,33.27128666666667,1.46738,74.68038666666666,29.104053333333333,20.26180666666667,24.67402,3.4199133333333336,2009.0,7393.57,3291.99,263.96,1871.23,197.65,461.26,0.09
5,193.0,27.9589,36.5773,24.791800000000002,86.6311,29.044800000000002,21.5348,24.616699999999998,6.3964,2009.0,193.0,11.313400000000001,28.8761,0.0,53.607200000000006,23.076800000000002,11.9102,17.6872,1.7245,2009.0,193.0,21.328806666666665,32.47785999999999,5.221333333333334,69.64544666666669,26.893586666666664,17.51176,22.11582,3.5030866666666665,2009.0,7286.92,3766.81,325.54,2224.79,240.16,563.98,0.12
6,209.0,27.1141,35.245400000000004,31.563299999999998,87.6574,30.587300000000003,22.0398,24.764900000000004,5.266,2009.0,209.0,7.173699999999999,28.9073,0.0,50.0357,22.8687,13.949300000000001,20.1694,1.5592,2009.0,209.0,21.635533333333335,32.026786666666666,5.553093333333334,70.51663333333332,27.19086,17.37852,22.27722666666667,3.219006666666667,2009.0,7401.27,3459.45,271.49,1975.97,198.64,474.57,0.01
7,225.0,25.0823,36.6682,53.8108,91.7495,31.826999999999998,23.8076,27.2115,7.3957,2009.0,225.0,4.9259,30.7282,0.0,54.6268,25.829800000000002,15.7286,21.5088,1.5135,2009.0,225.0,19.226706666666665,33.752500000000005,8.57774,70.49205333333333,29.099486666666664,19.50058,24.21832666666667,4.154353333333333,2009.0,7513.21,3320.92,248.33,1872.69,177.18,424.39,0.0
8,241.0,24.2946,35.9525,11.0497,76.7931,31.6167,19.720100000000002,24.2889,4.949,2009.0,241.0,9.081,27.3506,0.0,49.0115,22.1988,8.968399999999999,15.6676,1.1985,2009.0,241.0,18.78286,30.027193333333337,1.6832666666666667,59.28494666666667,26.68786,13.810346666666668,20.133733333333332,2.9791999999999996,2009.0,7486.5,2887.97,209.84,1587.17,145.91,377.26,0.0
9,257.0,20.482,34.209500000000006,14.575800000000001,81.1822,30.2994,16.7992,23.3816,5.4574,2009.0,257.0,9.389199999999999,26.8573,0.0,47.644400000000005,25.7335,11.083400000000001,18.7874,1.6568999999999998,2009.0,257.0,17.798080000000002,30.629620000000003,1.4762266666666668,60.042060000000006,28.234920000000002,14.827386666666667,21.25503333333333,2.9011466666666665,2009.0,7037.12,2718.49,250.37,1554.01,168.17,374.63,0.0
10,273.0,18.5884,34.0961,20.3354,91.0014,30.2198,17.0375,19.415300000000002,8.6063,2009.0,273.0,4.6768,24.05,0.0,41.133900000000004,14.5255,2.9269000000000003,9.881499999999999,1.0978999999999999,2009.0,273.0,13.398766666666669,28.250073333333333,4.275926666666667,66.68885999999999,20.32226,9.234433333333332,14.318259999999999,4.633613333333334,2009.0,7333.19,2556.16,209.57,1423.65,122.67,304.87,0.06
11,289.0,14.873399999999998,32.1516,37.3865,97.9498,21.694699999999997,13.016599999999999,16.2584,6.1037,2009.0,289.0,2.8548,23.037300000000002,0.0,48.2221,8.742,-1.8322,3.4124,2.6349000000000005,2009.0,289.0,8.535206666666667,27.799686666666666,6.3735066666666675,76.08562,13.00686,4.0274133333333335,8.141646666666666,4.337960000000001,2009.0,5972.79,2018.4,429.29,1392.82,336.07,490.53,0.85
12,305.0,13.1841,31.070700000000002,27.752,98.6601,20.780099999999997,10.7347,14.7484,8.0837,2009.0,305.0,2.6168,21.3716,0.0,58.3005,10.516599999999999,0.0494,5.3009,2.4824,2009.0,305.0,9.941246666666668,26.223493333333334,3.343446666666666,77.85620666666667,15.388186666666666,5.15252,9.7477,4.669546666666667,2009.0,6410.03,2003.24,258.63,1184.02,175.42,319.23,0.0
