,DOY,INSgdmax,RADmax,RAINmax,RHmax,TMAXmax,TMINmax,Tmax,WINDmax,YEAR,DOY,INSgdmin,RADmin,RAINmin,RHmin,TMAXmin,TMINmin,Tmin,WINDmin,YEAR,DOY,INSgdmean,RADmean,RAINmean,RHmean,TMAXmean,TMINmean,Tmean,WINDmean,YEAR,NDVI,EVI,RED,NIR,BLUE,MIR,pixrel
0,113.0,25.3609,31.8254,30.4071,96.1232,29.1702,13.240400000000001,21.002100000000002,8.540700000000001,2009.0,113.0,3.6162,23.3474,0.0,41.077799999999996,11.8539,2.0059,9.238199999999999,2.2484,2009.0,113.0,16.85536,28.151159999999997,4.452959999999999,65.26256,20.350260000000002,7.470953333333334,13.754126666666666,5.467906666666667,2009.0,2674.93,1723.41,1527.48,2640.52,765.21,2837.34,0.63
1,129.0,29.010100000000005,31.373299999999997,18.4934,81.8491,25.8138,13.9695,19.087,7.7499,2009.0,129.0,4.2932,22.467599999999997,0.0,38.4493,19.0653,4.6609,11.9303,1.7431,2009.0,129.0,20.328933333333335,28.30624666666667,3.6846666666666668,56.94896,22.38773333333333,9.613733333333332,15.865593333333333,4.672633333333333,2009.0,3502.87,2231.51,1268.98,2647.87,644.86,2534.79,0.3
2,145.0,29.205699999999997,34.2875,15.196299999999999,87.4491,30.8308,19.3205,23.2017,9.598700000000001,2009.0,145.0,8.3945,27.9932,0.0,43.1436,19.258,9.5578,16.345100000000002,2.9497,2009.0,145.0,22.759959999999996,30.852059999999998,1.9635866666666666,59.39015333333332,27.242539999999995,14.729679999999998,20.75047333333333,5.213913333333334,2009.0,4005.87,2700.91,1270.86,2959.01,653.82,2536.21,0.31
3,161.0,27.5308,34.8674,40.7424,92.1312,32.2403,19.3833,25.114,5.5708,2009.0,161.0,4.6071,27.8928,0.0,40.4439,22.381599999999995,11.1273,16.823999999999998,2.0485,2009.0,161.0,19.085253333333334,32.443106666666665,8.530746666666667,68.41474000000001,26.197633333333336,15.410593333333331,20.413813333333334,3.78564,2009.0,7133.89,5217.83,608.61,3698.99,341.07,1245.8,0.02
4,177.0,29.8552,36.010099999999994,17.285000000000004,80.1367,34.9709,24.0231,28.4244,6.5013000000000005,2009.0,177.0,5.3042,28.288399999999996,0.0,45.6626,25.964299999999998,15.537000000000003,22.4462,1.8719,2009.0,177.0,22.232839999999996,33.20820666666666,2.950113333333333,65.73724666666666,30.445246666666666,20.046733333333332,25.054253333333335,3.602953333333333,2009.0,7525.76,5647.55,532.25,3892.77,301.12,1117.49,0.0
5,193.0,28.142599999999998,36.358200000000004,16.002499999999998,88.0339,31.2783,21.246399999999998,24.765300000000003,5.6049,2009.0,193.0,14.2999,26.708,0.0,39.598699999999994,25.0942,11.8469,18.703,1.617,2009.0,193.0,22.821506666666668,32.281393333333334,4.34754,61.550786666666674,28.699253333333335,17.33974666666667,22.937093333333337,3.7807266666666672,2009.0,8544.9,6856.46,343.49,4493.23,198.24,732.49,0.04
6,209.0,27.307399999999998,35.056400000000004,18.1298,76.4098,37.393,20.498799999999996,28.010399999999997,5.7031,2009.0,209.0,11.214,29.7581,0.0,39.0367,25.573600000000003,14.2813,20.472899999999996,1.6507,2009.0,209.0,23.191953333333334,31.88407333333333,4.658086666666667,49.61322,31.624086666666674,17.519093333333334,24.34442666666667,3.7371133333333333,2009.0,8553.37,7268.93,372.98,4899.83,216.72,818.51,0.09
7,225.0,25.353399999999997,36.8017,28.058,81.0652,38.7889,25.157899999999998,31.4631,7.963699999999999,2009.0,225.0,11.237000000000002,30.751600000000003,0.0,38.0484,23.826999999999998,13.382700000000002,19.2241,1.8786,2009.0,225.0,20.519240000000003,33.43923333333333,6.22246,57.60372666666667,30.96926,19.16363333333333,25.054213333333337,4.582653333333333,2009.0,8588.57,6876.23,334.52,4500.2,192.65,701.53,0.06
8,241.0,24.0043,36.8849,27.6522,93.3933,31.2584,21.608400000000003,24.055100000000003,7.3566,2009.0,241.0,5.8401000000000005,27.651400000000002,0.0,50.96549999999999,22.554699999999997,9.3163,16.3285,0.9713999999999999,2009.0,241.0,17.636026666666666,31.24772666666667,4.298099999999999,63.182959999999994,26.133453333333332,13.825026666666666,19.872386666666664,4.0169733333333335,2009.0,8054.07,6088.35,421.88,4013.64,245.39,757.59,0.66
9,257.0,19.8326,33.7748,15.7321,83.2648,29.549999999999997,16.837,22.2671,5.121,2009.0,257.0,6.4517,29.2658,0.0,46.116,21.675799999999995,13.940600000000002,17.751700000000003,1.5577000000000003,2009.0,257.0,17.088526666666667,31.08114,1.3719733333333335,62.32957999999999,27.226453333333332,15.134026666666669,21.019393333333333,2.8781733333333337,2009.0,5078.91,2887.56,779.8,2423.36,381.28,1339.6,0.0
10,273.0,18.8509,31.8791,8.2558,80.4532,27.9825,12.758299999999998,18.4122,9.6714,2009.0,273.0,4.517799999999999,23.4225,0.0,34.8959,12.2734,2.7995,8.6767,1.2109,2009.0,273.0,13.206819999999999,28.064773333333335,1.1889333333333334,57.69687333333333,19.890940000000004,7.856233333333336,13.516,4.994953333333333,2009.0,4162.55,2205.96,866.09,2103.24,438.94,1421.23,0.73
11,289.0,16.700000000000003,32.3975,38.5878,97.4856,20.595599999999997,10.3502,13.7665,8.118,2009.0,289.0,2.8352,22.6368,0.0,48.28830000000001,3.784,-2.7373000000000003,0.5116999999999999,2.4557,2009.0,289.0,8.196006666666666,26.85074,4.52228,76.59641333333335,10.825679999999998,1.5323733333333334,5.644506666666667,4.38162,2009.0,2919.69,1371.5,914.89,1669.27,465.46,1430.61,0.0
12,305.0,13.61,30.793100000000003,39.2952,93.6719,21.0727,9.7285,12.785,6.709099999999999,2009.0,305.0,3.0866000000000002,20.719099999999997,0.0,57.168499999999995,10.4352,-0.7487,4.927300000000001,3.4347000000000003,2009.0,305.0,9.585840000000001,25.34773333333333,3.5641000000000007,72.02800666666667,15.090286666666668,3.5843733333333336,8.504173333333334,4.700973333333334,2009.0,2704.6,1347.51,1036.43,1798.4,525.08,1809.91,0.0
