,DOY,INSgdmax,RADmax,RAINmax,RHmax,TMAXmax,TMINmax,Tmax,WINDmax,YEAR,DOY,INSgdmin,RADmin,RAINmin,RHmin,TMAXmin,TMINmin,Tmin,WINDmin,YEAR,DOY,INSgdmean,RADmean,RAINmean,RHmean,TMAXmean,TMINmean,Tmean,WINDmean,YEAR,NDVI,EVI,RED,NIR,BLUE,MIR,pixrel
0,113.0,25.3726,31.7868,19.791400000000003,96.8564,26.5736,12.265999999999998,19.0698,8.831199999999999,2009.0,113.0,7.558,21.6752,0.0,45.5142,10.346,0.29300000000000004,6.3797999999999995,2.354,2009.0,113.0,16.24832,27.521626666666663,3.718786666666667,68.28708,18.619133333333334,5.679706666666666,12.021813333333334,6.085826666666666,2009.0,4140.21,1765.92,680.49,1609.14,357.88,1114.08,0.06
1,129.0,28.9862,30.7036,21.1366,81.44720000000001,23.4088,12.332799999999999,16.7972,8.708599999999999,2009.0,129.0,6.2218,21.5824,0.0,35.0334,16.188399999999998,2.4156,9.257200000000001,2.372,2009.0,129.0,19.58342666666666,27.121346666666668,3.9049466666666666,57.157106666666664,20.476773333333334,7.981493333333331,14.099093333333332,5.1395599999999995,2009.0,4270.35,1990.83,669.93,1797.3,313.97,1209.17,7.65
2,145.0,29.2048,32.989799999999995,15.8716,89.9628,30.2314,15.758199999999999,21.619799999999998,10.2072,2009.0,145.0,7.0816,26.9662,0.0,40.9066,17.5644,8.033399999999999,14.264,3.1232,2009.0,145.0,21.260866666666665,29.88957333333333,2.962306666666667,61.03327999999999,24.28886666666667,12.384306666666669,18.1678,5.4106266666666665,2009.0,5272.67,2439.94,544.41,1837.86,280.66,912.55,2.77
3,161.0,28.962799999999998,34.3078,22.683600000000002,92.3502,27.8698,17.317800000000002,21.420399999999997,5.3856,2009.0,161.0,4.650799999999999,25.6684,0.0,42.8234,20.056800000000003,8.9718,15.243200000000002,1.4504000000000001,2009.0,161.0,17.437479999999997,30.59122666666667,6.111666666666667,67.89128,23.92692,12.975079999999998,18.297866666666668,3.7492,2009.0,6568.16,3535.12,421.37,2334.69,225.12,758.72,5.13
4,177.0,29.1372,35.8724,14.996,84.384,31.789,23.535,27.2102,7.2074,2009.0,177.0,10.8844,27.779,0.0,53.522800000000004,24.662,14.328199999999999,19.5758,1.8820000000000001,2009.0,177.0,21.039440000000003,32.658919999999995,2.888586666666667,68.95781333333335,28.02466666666667,18.376040000000007,23.16405333333333,3.915706666666668,2009.0,7679.07,4724.44,283.98,2925.77,147.72,596.08,7.94
5,193.0,28.6226,35.5688,30.051000000000002,82.83879999999999,29.0178,20.07,23.4544,7.0596,2009.0,193.0,11.485999999999999,27.8786,0.0,45.2764,21.5936,11.103,16.5058,1.839,2009.0,193.0,21.412386666666666,31.734453333333335,5.187373333333333,60.750173333333336,26.41674666666667,15.80668,20.986586666666668,3.868853333333333,2009.0,7646.28,5377.53,405.41,3519.16,236.5,735.87,2.6
6,209.0,26.5084,33.564,15.8418,66.625,32.2744,20.0866,25.6804,6.0824,2009.0,209.0,18.6328,28.8872,0.0,39.9014,24.2802,13.6722,19.319000000000003,1.6204,2009.0,209.0,23.821333333333335,30.72649333333333,2.467106666666667,49.868719999999996,28.700159999999997,16.412653333333335,22.48804,3.9791333333333343,2009.0,7782.95,4995.7,379.51,3142.47,241.81,694.03,0.18
7,225.0,25.2964,36.35,18.521,85.3836,33.7318,22.7352,27.071599999999997,6.9958,2009.0,225.0,7.224399999999999,29.121000000000002,0.0,38.8404,21.0918,13.828,18.12,1.5644,2009.0,225.0,17.772026666666665,33.16218666666667,4.663453333333333,60.74053333333333,29.396773333333336,18.169413333333335,23.700466666666667,4.369346666666667,2009.0,7713.83,4412.27,350.93,2710.85,227.08,568.59,0.22
8,241.0,24.053600000000003,35.4936,19.2764,80.2996,30.500799999999998,19.782400000000003,22.8444,6.835800000000001,2009.0,241.0,8.7844,25.5288,0.0,45.85680000000001,20.9624,8.0004,14.887,1.3888,2009.0,241.0,19.535239999999998,29.065720000000002,1.8847866666666668,57.393893333333324,25.30198666666667,12.21772,18.676333333333332,3.53784,2009.0,7524.37,4121.59,265.86,2488.54,137.2,528.36,7.65
9,257.0,19.288600000000002,32.9492,5.4272,84.63759999999999,30.084600000000002,17.762999999999998,22.819,4.9512,2009.0,257.0,8.985400000000002,29.4324,0.0,51.10600000000001,23.537399999999998,13.339,17.880200000000002,1.2313999999999998,2009.0,257.0,16.744866666666667,31.085320000000003,0.65516,60.89192,27.854786666666662,15.256546666666669,21.32358666666667,2.71932,2009.0,7037.15,3564.38,309.46,2208.82,156.87,600.82,7.65
10,273.0,17.7998,33.894999999999996,17.823800000000002,92.6654,25.423199999999998,16.1878,19.6054,10.0224,2009.0,273.0,3.4912,23.428600000000003,0.0,52.1956,9.1486,0.47420000000000007,7.1782,1.0364,2009.0,273.0,10.775279999999999,28.394866666666665,3.402546666666667,73.43816000000001,17.16284,7.779253333333333,12.103906666666667,4.9453466666666674,2009.0,6797.66,3377.14,412.16,2162.7,238.53,654.94,0.1
11,289.0,14.477599999999999,30.823999999999998,34.3478,98.3022,17.8606,8.3064,12.2698,8.1586,2009.0,289.0,2.616,21.2348,0.0,46.2684,3.231,-4.3122,0.03059999999999999,1.6994,2009.0,289.0,8.39804,26.01484,5.586426666666666,77.12998666666667,9.083466666666666,0.87568,4.481199999999999,4.30296,2009.0,4376.83,1967.19,693.32,1778.91,384.62,897.93,8.47
12,305.0,12.9424,30.4298,29.099400000000003,99.08160000000001,18.041999999999998,8.1558,10.7122,7.4872,2009.0,305.0,3.0115999999999996,21.046,0.0,62.141400000000004,7.222600000000001,-2.3858,2.3120000000000003,3.341,2009.0,305.0,8.724986666666666,25.14224,2.7394933333333333,78.99268,12.273,1.9098400000000004,6.478933333333334,5.040533333333332,2009.0,4638.64,1754.09,470.04,1408.84,210.72,883.99,7.65
