,DOY,INSgdmax,RADmax,RAINmax,RHmax,TMAXmax,TMINmax,Tmax,WINDmax,YEAR,DOY,INSgdmin,RADmin,RAINmin,RHmin,TMAXmin,TMINmin,Tmin,WINDmin,YEAR,DOY,INSgdmean,RADmean,RAINmean,RHmean,TMAXmean,TMINmean,Tmean,WINDmean,YEAR,NDVI,EVI,RED,NIR,BLUE,MIR,pixrel
0,113.0,24.900999999999996,33.489,22.1015,92.23750000000001,25.8955,15.661999999999999,19.934,8.351,2009.0,113.0,7.3925,23.121,0.0,50.652,12.453000000000001,2.2969999999999997,7.484500000000001,2.8405,2009.0,113.0,16.32146666666667,28.502766666666666,6.005966666666668,74.1315,19.981833333333334,8.155600000000002,14.0971,5.294133333333334,2009.0,5054.29,1830.98,447.72,1360.11,252.98,778.5,0.15
1,129.0,29.221,33.66750000000001,76.05349999999999,91.247,24.568999999999996,14.308,18.825,8.1895,2009.0,129.0,2.567,22.870500000000003,0.0,36.634,16.968,5.753,11.9255,1.8430000000000002,2009.0,129.0,21.007933333333334,27.7559,9.8698,62.06063333333333,21.48286666666667,10.0981,15.640366666666667,4.262133333333333,2009.0,5215.91,2280.58,443.96,1637.85,243.51,825.83,2.56
2,145.0,28.6165,34.742,26.4925,94.27300000000001,28.0105,18.3255,21.9605,6.7250000000000005,2009.0,145.0,9.817499999999999,26.969,0.0,55.50650000000001,19.989,9.032499999999999,15.225999999999999,2.2925,2009.0,145.0,21.194333333333333,30.53526666666667,3.197833333333333,72.41760000000001,24.74710000000001,13.268133333333333,18.890266666666665,4.6218666666666675,2009.0,5998.31,2746.6,441.79,1865.22,260.34,754.26,0.12
3,161.0,27.8315,34.983000000000004,30.351,88.60999999999999,29.0485,18.8755,23.7295,4.8005,2009.0,161.0,11.41,28.468500000000002,0.0,63.0245,20.182,11.856,15.824,1.8635000000000002,2009.0,161.0,20.134566666666668,32.15806666666668,9.869766666666667,77.41293333333331,24.65643333333332,15.5962,19.933066666666665,3.3972666666666673,2009.0,6850.15,3645.57,293.06,2197.78,192.53,515.03,0.0
4,177.0,29.559999999999995,36.689,8.690500000000002,88.8,32.342,24.486,28.2075,6.297999999999999,2009.0,177.0,14.1225,27.839,0.0,66.03099999999999,23.1685,15.0555,19.148500000000002,1.2885,2009.0,177.0,24.3207,33.0768,2.0848,75.03323333333336,28.316866666666666,19.529733333333336,23.92280000000001,3.4966666666666666,2009.0,7505.91,4572.7,289.04,2790.82,189.48,562.82,0.0
5,193.0,27.475500000000004,35.662,18.415499999999998,88.8235,27.636499999999998,20.428,23.535499999999995,6.2755,2009.0,193.0,11.61,29.0985,0.0,59.045500000000004,21.049,11.206,16.087,1.6309999999999998,2009.0,193.0,19.89456666666667,32.07656666666667,5.686033333333334,71.80223333333335,25.6712,16.4348,21.092266666666667,3.4295000000000004,2009.0,7738.23,4569.7,273.94,2759.82,178.61,500.22,0.24
6,209.0,26.962000000000003,33.81649999999999,21.397499999999997,84.61549999999998,29.936,19.513499999999997,24.2885,5.2885,2009.0,209.0,3.942,28.476,0.0,54.2585,24.261,13.239,19.784,1.1909999999999998,2009.0,209.0,22.40823333333334,31.189466666666664,4.766733333333335,69.74286666666669,26.582600000000006,16.3727,21.59686666666666,3.351,2009.0,7814.3,4271.84,234.84,2488.94,157.33,461.44,0.03
7,225.0,25.06,36.9645,45.5565,93.692,31.025,23.608,26.7435,7.1085,2009.0,225.0,6.1185,30.252499999999998,0.0,53.388,23.3445,15.039,20.3225,1.6135000000000002,2009.0,225.0,18.691899999999997,33.55736666666667,10.932733333333335,72.46886666666667,28.090866666666663,18.992566666666665,23.434533333333338,4.060933333333333,2009.0,7587.1,4218.88,244.17,2474.21,161.1,457.64,0.01
8,241.0,24.8075,36.7815,38.065,92.86049999999999,30.107,19.755,23.087500000000002,5.299,2009.0,241.0,3.2684999999999995,26.653,0.0,53.448,21.209500000000002,8.5695,14.6665,1.1244999999999998,2009.0,241.0,18.581733333333332,29.572900000000004,3.4504,64.77933333333333,24.984799999999996,13.134266666666665,18.968133333333334,2.8758999999999992,2009.0,7660.78,3796.47,234.17,2195.33,145.9,391.85,0.55
9,257.0,20.721999999999998,33.721500000000006,16.259999999999998,74.646,29.241999999999997,16.621000000000002,22.627000000000002,4.7085,2009.0,257.0,8.7965,26.0475,0.0,49.89849999999999,25.0465,10.182,17.832000000000004,1.516,2009.0,257.0,17.641233333333336,30.236766666666668,1.2803333333333333,62.63426666666667,27.75699999999999,14.112266666666665,20.681933333333333,2.547066666666667,2009.0,7069.75,3203.83,270.77,1894.9,158.11,401.27,0.0
10,273.0,18.0555,34.04,17.357,92.6505,28.009999999999998,17.6495,20.484499999999997,9.2035,2009.0,273.0,3.843,24.028000000000002,0.0,48.034,10.5335,2.2055000000000002,8.2035,0.9670000000000001,2009.0,273.0,12.327666666666666,28.447833333333328,4.6195666666666675,73.2523,18.620633333333334,8.890366666666667,13.4475,4.571933333333335,2009.0,6868.14,3094.82,296.14,1864.24,172.99,422.54,0.87
11,289.0,14.609,31.550499999999996,33.726499999999994,97.7415,20.580499999999997,13.87,16.6005,6.202999999999999,2009.0,289.0,3.0199999999999996,23.356499999999997,0.0,45.165,6.0344999999999995,-3.1195,1.8985,1.6864999999999999,2009.0,289.0,8.929033333333335,27.28903333333333,6.766333333333334,76.27113333333334,12.193866666666668,3.1363,7.246,4.218199999999999,2009.0,5807.7,2130.77,320.94,1354.56,193.3,467.53,0.07
12,305.0,12.897,30.87,24.2315,96.3155,20.372,9.566500000000001,13.236500000000001,8.337,2009.0,305.0,2.3199999999999994,21.672000000000004,0.0,60.7675,9.2375,-1.3735000000000002,4.187,2.3835,2009.0,305.0,9.602633333333333,26.102166666666662,2.6349,78.8373,14.492733333333335,3.9771333333333345,8.799766666666669,4.645566666666667,2009.0,5799.29,1758.02,243.67,1107.1,125.71,491.17,5.11
