,DOY,INSgdmax,RADmax,RAINmax,RHmax,TMAXmax,TMINmax,Tmax,WINDmax,YEAR,DOY,INSgdmin,RADmin,RAINmin,RHmin,TMAXmin,TMINmin,Tmin,WINDmin,YEAR,DOY,INSgdmean,RADmean,RAINmean,RHmean,TMAXmean,TMINmean,Tmean,WINDmean,YEAR,NDVI,EVI,RED,NIR,BLUE,MIR,pixrel
0,113.0,26.004699999999996,31.746100000000002,16.6191,94.2603,26.4445,14.066299999999998,18.9155,10.3121,2009.9999999999998,113.0,5.2949,21.4457,0.0,47.1619,13.552399999999999,2.8177000000000003,10.0895,1.4851999999999999,2009.9999999999998,113.0,17.425253333333337,27.784000000000006,3.67626,67.99078,19.745733333333334,9.182593333333333,14.465,4.49934,2009.9999999999998,6887.72,4781.98,626.6,3429.37,338.34,1247.0,0.0
1,129.0,27.075200000000002,31.767200000000003,60.816100000000006,92.96170000000001,25.8737,11.017800000000001,17.8638,8.702399999999999,2009.9999999999998,129.0,5.1105,24.7453,0.0,50.2957,14.2514,3.2545,8.6425,2.9732000000000003,2009.9999999999998,129.0,17.4504,28.427006666666667,8.419828571428571,67.00112,18.96028666666666,8.09844,13.457593333333335,5.4365733333333335,2009.9999999999998,7338.82,4914.24,501.36,3300.3,277.3,916.25,0.0
2,145.0,29.192600000000002,34.658500000000004,4.0515,86.602,29.6762,20.903000000000002,24.592200000000002,7.0046,2009.9999999999998,145.0,7.182799999999999,25.801299999999998,0.0,49.6751,17.1361,9.831900000000001,14.4448,2.0180999999999996,2009.9999999999998,145.0,23.213726666666666,30.634653333333326,0.42901999999999996,71.73701333333332,25.77912,15.796119999999998,20.764539999999997,3.924726666666667,2009.9999999999998,7447.75,5165.19,504.61,3489.86,275.04,1056.05,0.0
3,161.0,29.069000000000003,36.1189,77.1033,92.8694,28.865300000000005,22.644600000000004,24.642,6.1133,2009.9999999999998,161.0,3.3023,29.647399999999998,0.0,62.85560000000001,23.8475,12.8507,19.6954,0.8009,2009.9999999999998,161.0,20.433453333333333,33.51862,14.55142,79.40932666666669,27.110439999999997,18.230786666666667,22.657253333333337,3.4899866666666672,2009.9999999999998,7780.54,5583.04,457.39,3724.28,254.23,814.68,0.0
4,177.0,29.4695,36.5595,48.2118,87.3973,30.5,22.9718,26.496199999999998,6.432499999999999,2009.9999999999998,177.0,11.8608,28.131700000000002,0.0,58.3374,25.6944,14.867900000000002,20.4985,2.2749,2009.9999999999998,177.0,24.93799333333333,32.751580000000004,7.0697,72.98694666666665,28.32154,18.786820000000002,23.583306666666665,4.0876133333333335,2009.9999999999998,7607.94,5548.69,515.02,3798.19,283.52,1017.27,0.0
5,193.0,27.942999999999998,36.7078,26.7074,95.0812,31.0619,23.5115,27.094,5.7807,2009.9999999999998,193.0,9.7285,30.5154,0.0,62.7043,24.9568,18.361,22.1423,1.2673,2009.9999999999998,193.0,21.405133333333332,34.33946666666667,6.5964866666666655,81.06668666666667,28.09272,20.857006666666663,24.520493333333334,3.043473333333333,2009.9999999999998,7812.42,5863.68,489.21,3986.03,269.11,999.24,0.05
6,209.0,26.487500000000004,37.91589999999999,32.2462,91.3423,31.899700000000003,24.922699999999995,27.8056,6.586500000000001,2009.9999999999998,209.0,7.7252,32.077600000000004,0.0,76.618,27.547299999999996,18.3467,23.549699999999998,2.2579,2009.9999999999998,209.0,20.59308666666667,35.218273333333336,10.368486666666666,85.29950666666667,29.34192,22.073033333333335,25.741513333333337,3.55816,2009.9999999999998,7955.25,5756.42,432.48,3801.14,242.45,874.7,0.06
7,225.0,25.590400000000002,38.215,27.645399999999995,91.7579,32.4827,25.956000000000003,28.3881,4.8903,2009.9999999999998,225.0,5.657900000000001,30.246499999999997,0.0,69.5363,24.278399999999998,16.3887,21.778100000000002,1.5878999999999999,2009.9999999999998,225.0,20.402260000000002,34.429133333333326,6.86988,83.56461333333334,29.655873333333332,21.27930666666667,25.51913333333333,3.4526266666666663,2009.9999999999998,8061.76,5435.46,365.21,3444.62,200.88,765.72,0.0
8,241.0,24.359299999999998,36.3404,32.963699999999996,92.9264,30.909599999999998,23.4543,25.852800000000002,7.116000000000001,2009.9999999999998,241.0,11.1601,25.164299999999997,0.0,62.551899999999996,21.6897,9.252299999999998,16.1766,1.9548,2009.9999999999998,241.0,20.932133333333333,30.486953333333332,3.5135466666666666,76.29038,26.795286666666662,16.55414,21.69296,4.756233333333332,2009.9999999999998,7536.88,4954.14,457.61,3262.95,250.97,875.09,0.0
9,257.0,22.4529,34.9412,39.906400000000005,93.63840000000002,29.5892,20.3342,23.0329,6.530900000000001,2009.9999999999998,257.0,4.7014,25.964599999999997,0.0,54.798899999999996,18.9983,10.771,15.0364,2.1055,2009.9999999999998,257.0,15.112380000000002,31.50847333333334,8.014713333333333,76.87067333333334,24.96881333333333,14.560453333333331,19.54472,4.472026666666667,2009.9999999999998,6849.94,4369.78,570.71,3063.79,299.54,1019.6,0.0
10,273.0,19.289099999999998,35.373400000000004,16.572,82.64179999999999,27.077200000000005,21.211100000000002,23.6728,8.7295,2009.9999999999998,273.0,3.0826,22.3899,0.0,55.7551,15.6988,2.7913000000000006,9.286,2.0877,2009.9999999999998,273.0,16.08094666666667,26.13737333333333,1.9349,68.04080666666667,21.39673333333333,9.05724,14.829626666666666,3.9458000000000006,2009.9999999999998,6510.93,3933.97,599.91,2840.37,295.04,1127.41,0.0
11,289.0,16.1771,32.3393,10.032,89.1341,27.2815,15.0079,20.1541,6.7424,2009.9999999999998,289.0,8.744,22.7199,0.0,44.552800000000005,17.720500000000005,4.0791,10.421399999999998,1.742,2009.9999999999998,289.0,13.733300000000002,26.466379999999994,0.8086266666666666,58.406580000000005,21.794906666666673,8.456186666666667,14.445333333333338,3.978533333333334,2009.9999999999998,5545.85,3315.08,765.73,2670.1,387.14,1368.07,0.03
12,305.0,13.719099999999997,30.2546,12.1158,80.5872,22.190700000000003,10.8661,16.0291,10.5707,2009.9999999999998,305.0,6.531700000000001,19.2045,0.0,41.3133,9.745800000000001,-3.0284,2.5534999999999997,2.4631999999999996,2009.9999999999998,305.0,11.288973333333335,23.50414,1.6114866666666663,53.762800000000006,15.623859999999999,3.2025333333333332,8.560626666666666,6.185553333333333,2009.9999999999998,5245.39,2982.69,765.79,2456.71,387.38,1394.76,0.0
