,DOY,INSgdmax,RADmax,RAINmax,RHmax,TMAXmax,TMINmax,Tmax,WINDmax,YEAR,DOY,INSgdmin,RADmin,RAINmin,RHmin,TMAXmin,TMINmin,Tmin,WINDmin,YEAR,DOY,INSgdmean,RADmean,RAINmean,RHmean,TMAXmean,TMINmean,Tmean,WINDmean,YEAR,NDVI,EVI,RED,NIR,BLUE,MIR,pixrel
0,113.0,26.196,32.114,22.867999999999995,92.774,26.308,14.027999999999999,18.918,10.219999999999999,2010.0,113.0,5.335999999999999,21.268,0.0,46.422,12.628,2.71,10.065999999999999,1.548,2010.0,113.0,17.83306666666667,27.65733333333334,3.8488,67.70453333333333,19.690800000000003,9.087200000000001,14.32,4.494666666666667,2010.0,3567.79,1386.91,356.33,1172.67,175.88,562.86,18.03
1,129.0,27.268,31.296,53.120000000000005,91.62,25.971999999999998,10.989999999999998,17.7,8.734,2010.0,129.0,5.648,24.560000000000002,0.0,49.992,13.680000000000001,3.3339999999999996,8.302,2.88,2010.0,129.0,17.651733333333333,28.285733333333337,8.290000000000001,66.76480000000001,18.735333333333333,7.9184,13.256933333333336,5.454000000000001,2010.0,4454.58,2073.1,390.71,1488.17,255.92,483.78,7.68
2,145.0,29.186,34.512,3.162,86.72200000000001,29.671999999999997,20.945999999999998,24.676,6.952,2010.0,145.0,7.986,25.844,0.0,47.154,16.74,10.424,14.354,1.9739999999999998,2010.0,145.0,23.577333333333335,30.492533333333327,0.23893333333333333,71.37426666666667,25.66066666666667,15.703199999999999,20.669333333333327,3.888933333333333,2010.0,4750.88,2341.88,354.31,1624.13,220.75,443.21,10.26
3,161.0,29.164,36.019999999999996,50.892,92.72999999999999,28.592,22.482,24.618,5.976,2010.0,161.0,2.218,29.276,0.0,63.68,22.836,12.744,19.378,0.7,2010.0,161.0,20.031599999999997,33.37066666666667,13.486533333333332,79.55413333333334,26.847866666666665,17.862133333333336,22.35746666666667,3.4584,2010.0,5154.39,2827.23,399.98,1886.57,381.8,378.77,16.93
4,177.0,29.462000000000003,36.336,52.629999999999995,87.342,30.561999999999998,23.042,26.485999999999997,6.286,2010.0,177.0,13.512,28.088,0.0,58.53,25.526000000000003,14.518,20.21,2.236,2010.0,177.0,25.3712,32.60573333333333,8.9044,72.77946666666665,28.176400000000005,18.52866666666667,23.397599999999997,4.0502666666666665,2010.0,6008.38,2950.97,252.43,1823.55,172.82,355.34,10.47
5,193.0,28.432000000000002,36.92399999999999,27.918,94.84,31.232,23.032000000000004,26.84,5.748000000000001,2010.0,193.0,8.132,30.520000000000003,0.0,61.84400000000001,25.037999999999997,18.131999999999998,22.018,1.072,2010.0,193.0,21.325733333333332,34.23693333333333,7.184799999999999,79.96426666666667,28.00293333333333,20.671999999999997,24.410933333333332,3.033466666666667,2010.0,5758.95,2791.51,180.54,1753.63,97.9,282.6,20.62
6,209.0,26.252000000000002,38.166,27.006,90.384,31.572000000000003,25.101999999999997,27.576,6.452,2010.0,209.0,8.091999999999999,32.056,0.0,75.87,27.42,18.035999999999998,23.214,2.054,2010.0,209.0,20.328800000000005,35.18906666666667,9.775066666666667,85.07546666666664,29.139733333333332,21.8416,25.550666666666668,3.5088,2010.0,5722.98,2622.83,201.96,1631.01,135.61,268.86,18.28
7,225.0,25.908,38.018,26.75,93.096,32.25,25.910000000000004,28.058,4.985999999999999,2010.0,225.0,5.07,29.884,0.0,69.704,24.252,15.918,21.634,1.622,2010.0,225.0,20.230133333333335,34.371199999999995,6.741866666666668,84.17786666666669,29.4512,21.17933333333334,25.333333333333336,3.5073333333333334,2010.0,5304.09,2405.02,229.56,1508.1,150.81,293.97,12.89
8,241.0,24.3,36.328,29.322,92.874,30.808,23.246,25.656,7.308,2010.0,241.0,10.408000000000001,25.456,0.0,64.084,21.208,8.998,15.73,1.83,2010.0,241.0,20.77026666666667,30.44213333333333,3.5610666666666666,77.08399999999999,26.4792,16.398133333333334,21.474666666666664,4.7463999999999995,2010.0,5454.8,2418.64,269.39,1533.13,162.16,341.0,7.86
9,257.0,22.448,34.79600000000001,39.31999999999999,95.24600000000001,29.078,20.208,22.806,6.714,2010.0,257.0,4.048,25.73,0.0,55.854,17.38,10.222,13.706000000000001,2.154,2010.0,257.0,14.86266666666667,31.293200000000006,7.580266666666668,76.59693333333334,24.416800000000002,14.014799999999997,19.080933333333334,4.5389333333333335,2010.0,5061.29,2056.26,333.92,1404.92,185.93,347.95,5.12
10,273.0,19.102,35.382,17.432000000000002,85.21799999999999,26.762,21.104,23.488,8.7,2010.0,273.0,3.2239999999999998,22.328,0.0,57.355999999999995,15.188,2.652,9.104,2.138,2010.0,273.0,15.992800000000003,26.001466666666666,2.102666666666667,69.51626666666667,20.997866666666667,8.756533333333334,14.490533333333333,3.957333333333334,2010.0,4039.36,1381.71,279.4,1017.63,141.2,347.95,10.29
11,289.0,15.992,32.342,8.303999999999998,89.292,27.089999999999996,14.479999999999997,20.004,6.432,2010.0,289.0,9.154,22.593999999999998,0.0,46.542,17.090000000000003,3.7060000000000004,10.056000000000001,1.874,2010.0,289.0,13.7376,26.26653333333333,0.6394666666666666,59.821733333333334,21.38653333333334,8.0836,14.082800000000002,3.997066666666667,2010.0,3629.8,1214.39,254.58,994.4,112.99,375.26,23.24
12,305.0,13.370000000000001,30.316,12.494000000000002,83.52199999999999,21.540000000000003,10.629999999999999,15.782,10.8,2010.0,305.0,5.390000000000001,19.18,0.0,42.664,9.21,-3.46,2.13,2.346,2010.0,305.0,10.8884,23.459466666666664,1.6787999999999998,55.689733333333336,15.139466666666666,2.891333333333333,8.212399999999999,6.200266666666668,2010.0,3948.67,1071.12,177.86,805.54,85.44,248.37,23.04
