,DOY,INSgdmax,RADmax,RAINmax,RHmax,TMAXmax,TMINmax,Tmax,WINDmax,YEAR,DOY,INSgdmin,RADmin,RAINmin,RHmin,TMAXmin,TMINmin,Tmin,WINDmin,YEAR,DOY,INSgdmean,RADmean,RAINmean,RHmean,TMAXmean,TMINmean,Tmean,WINDmean,YEAR,NDVI,EVI,RED,NIR,BLUE,MIR,pixrel
0,113.0,26.21,30.67,14.43,89.4,26.56,13.26,18.3,9.88,2010.0,113.0,5.36,21.2,0.0,47.43,12.69,2.22,10.12,1.18,2010.0,113.0,19.15533333333333,26.85733333333333,2.704,66.02799999999999,19.654,8.440666666666669,13.881333333333334,4.445333333333334,2010.0,3420.03,1715.71,890.7,1915.48,422.37,1614.36,7.69
1,129.0,26.82,29.7,40.61,88.46,26.8,10.35,17.03,8.78,2010.0,129.0,6.95,23.69,0.0,52.16,13.03,2.79,7.49,2.2,2010.0,129.0,17.68333333333333,27.352666666666668,7.047142857142856,65.73533333333334,18.162666666666667,6.651333333333332,12.280666666666667,5.486666666666666,2010.0,5352.8,2967.84,650.8,2281.21,344.72,1034.1,0.05
2,145.0,29.3,35.14,5.2,85.68,29.51,20.83,24.38,6.99,2010.0,145.0,9.4,25.85,0.0,43.83,18.72,10.84,14.68,2.19,2010.0,145.0,23.421333333333337,30.136,0.86,67.09266666666666,26.025333333333332,15.042,20.402666666666665,4.196,2010.0,5823.92,3308.66,559.64,2392.02,294.0,856.03,2.58
3,161.0,29.34,35.06,36.37,89.3,28.78,21.81,23.74,6.76,2010.0,161.0,3.56,28.87,0.0,60.11,23.39,12.17,19.02,1.06,2010.0,161.0,20.078,32.483333333333334,12.629333333333333,76.39933333333333,26.092666666666663,16.346666666666668,21.220666666666663,3.82,2010.0,6246.62,4278.89,697.06,3084.94,583.84,840.96,4.28
4,177.0,29.48,36.22,31.15,85.18,30.0,22.72,25.91,6.65,2010.0,177.0,13.54,27.72,0.0,57.43,24.43,13.32,19.22,2.27,2010.0,177.0,25.392,32.13666666666667,6.582666666666666,71.98266666666669,27.479333333333333,17.55,22.620000000000005,4.266,2010.0,7365.74,4709.09,373.7,3028.43,203.26,657.85,2.57
5,193.0,28.48,36.76,41.74,92.98,31.36,22.52,26.4,5.96,2010.0,193.0,8.21,30.17,0.0,65.29,23.8,17.23,21.42,1.48,2010.0,193.0,22.732000000000003,33.312666666666665,7.847333333333333,79.136,27.38866666666667,19.62533333333333,23.634000000000004,3.2786666666666666,2010.0,7272.41,4699.24,360.6,3059.69,186.14,689.53,7.66
6,209.0,26.89,38.16,21.14,91.53,30.67,24.3,26.68,5.48,2010.0,209.0,9.94,30.82,0.0,73.27,26.86,17.67,22.64,2.12,2010.0,209.0,21.499333333333333,34.492,9.822,82.87933333333335,28.56333333333333,20.956666666666663,24.862666666666666,3.428,2010.0,7321.97,4488.34,374.96,2850.27,208.79,664.84,0.1
7,225.0,25.63,38.02,25.28,94.36,31.36,24.93,27.35,5.38,2010.0,225.0,7.24,28.84,0.0,68.8,22.54,14.89,20.17,1.88,2010.0,225.0,21.416,33.93333333333333,6.614666666666667,83.99533333333333,28.700666666666667,20.559333333333328,24.61733333333333,3.7093333333333334,2010.0,6969.08,4233.19,410.34,2787.37,214.11,755.08,5.11
8,241.0,24.16,36.79,34.65,89.02,30.75,23.1,25.55,7.86,2010.0,241.0,7.78,25.56,0.0,61.54,21.04,8.55,15.5,2.17,2010.0,241.0,20.323999999999998,30.278000000000002,3.2646666666666664,75.05999999999999,26.465999999999998,15.88,21.221333333333337,5.131333333333333,2010.0,6583.44,3922.36,449.61,2676.49,229.68,809.7,7.65
9,257.0,22.0,33.88,32.53,90.53,28.61,17.27,20.61,7.79,2010.0,257.0,3.71,25.31,0.0,51.14,16.84,8.86,12.43,2.03,2010.0,257.0,14.634666666666668,30.69666666666667,5.357333333333333,73.14066666666666,23.60133333333334,12.507333333333339,17.858,4.706,2010.0,6050.56,3179.21,495.8,2229.6,256.6,782.27,2.55
10,273.0,18.76,35.1,17.62,92.46,26.3,18.43,21.72,8.55,2010.0,273.0,4.72,22.18,0.0,55.07,14.18,2.32,8.66,1.88,2010.0,273.0,15.655333333333333,25.651333333333334,1.7673333333333334,69.86,20.422,7.980666666666667,13.774666666666668,4.192,2010.0,5113.13,2394.19,568.1,1853.99,272.03,897.58,0.0
11,289.0,15.52,31.86,6.74,89.41,27.3,14.29,19.86,5.93,2010.0,289.0,7.13,22.46,0.0,46.98,15.59,2.88,8.64,1.62,2010.0,289.0,13.581333333333331,25.736666666666668,0.6546666666666667,59.49666666666667,20.624000000000002,7.475333333333333,13.300000000000002,3.931333333333334,2010.0,4540.03,1986.99,557.24,1661.67,255.88,1063.89,7.7
12,305.0,13.14,30.92,7.57,86.7,19.66,10.14,14.84,11.84,2010.0,305.0,3.85,19.33,0.0,45.16,8.82,-3.92,1.7,2.44,2010.0,305.0,10.333333333333336,23.452666666666666,1.1999999999999997,58.750666666666675,13.964,2.3913333333333338,7.389333333333334,6.304666666666668,2010.0,3925.12,1624.19,581.62,1474.88,273.53,968.58,8.16
