,DOY,INSgdmax,RADmax,RAINmax,RHmax,TMAXmax,TMINmax,Tmax,WINDmax,YEAR,DOY,INSgdmin,RADmin,RAINmin,RHmin,TMAXmin,TMINmin,Tmin,WINDmin,YEAR,DOY,INSgdmean,RADmean,RAINmean,RHmean,TMAXmean,TMINmean,Tmean,WINDmean,YEAR,NDVI,EVI,RED,NIR,BLUE,MIR,pixrel
0,113.0,26.3425,32.6017,31.9929,92.3452,24.7573,14.6024,19.2184,9.497599999999998,2010.0,113.0,3.7984999999999998,20.8741,0.0,51.05409999999999,14.6938,2.4673,10.0494,1.5476,2010.0,113.0,18.651600000000002,26.825006666666667,5.147353333333335,67.73452666666665,19.399239999999995,7.946146666666667,13.512646666666667,4.549746666666667,2010.0,4983.43,2294.52,606.15,1818.2,307.48,1101.15,0.17
1,129.0,27.0491,30.1681,33.143,90.5978,25.8239,10.556899999999999,17.046,8.207600000000001,2010.0,129.0,5.418699999999999,24.521,0.0,52.727599999999995,11.8643,3.069,7.3868,1.8745,2010.0,129.0,17.682206666666666,27.77957333333333,7.762828571428572,69.44211333333334,18.18822666666667,7.496919999999999,12.74356,5.406586666666667,2010.0,6431.34,3453.09,511.07,2376.34,268.65,944.85,0.02
2,145.0,28.9676,34.475,7.9697,90.1323,28.7089,21.2393,24.3257,6.5636,2010.0,145.0,7.7687,26.9332,0.0,48.486599999999996,18.7316,11.1558,14.8326,1.9272,2010.0,145.0,22.862093333333334,30.86246666666667,1.2847066666666664,72.22952000000001,25.5985,15.674826666666664,20.633580000000002,3.572913333333333,2010.0,7659.87,4640.07,371.67,2917.91,205.29,729.1,0.0
3,161.0,29.5259,35.7575,34.5539,91.4544,28.309800000000003,20.974200000000003,23.9695,5.4583,2010.0,161.0,6.6233,28.695700000000002,0.0,66.3198,23.2359,12.2293,18.8821,0.9066000000000001,2010.0,161.0,17.997279999999996,33.08860000000001,8.679206666666667,79.17409333333336,26.168660000000003,17.16836,21.75626666666667,3.3377533333333336,2010.0,8167.48,5575.26,353.28,3525.93,208.82,670.2,1.02
4,177.0,29.749299999999998,36.189099999999996,32.8696,87.28059999999999,29.5982,22.3797,25.774500000000003,5.7805,2010.0,177.0,14.8083,27.6707,0.0,59.3818,24.3189,13.479700000000001,19.197200000000002,1.8127,2010.0,177.0,26.023566666666667,31.951346666666666,7.182426666666667,74.32279333333334,27.259233333333327,17.851873333333334,22.66526666666666,3.91378,2010.0,8411.74,5365.87,269.26,3232.4,155.02,566.17,0.0
5,193.0,28.592599999999997,37.1975,28.375299999999996,94.4089,29.8012,22.5676,25.8518,5.4727,2010.0,193.0,9.4445,30.661699999999996,0.0,66.64580000000001,24.7329,17.751600000000003,21.619600000000002,1.3463,2010.0,193.0,21.371880000000004,34.06186666666666,8.170693333333332,80.39741333333332,27.69005333333333,20.370880000000003,24.037493333333337,3.20298,2010.0,8321.69,5301.94,287.89,3222.66,168.22,596.29,0.89
6,209.0,26.9552,38.0993,32.4788,91.9353,30.6866,24.9685,27.0014,5.465400000000001,2010.0,209.0,8.0654,31.499799999999997,0.0,75.1587,26.6134,17.7933,22.617399999999996,1.9083999999999999,2010.0,209.0,20.59126,34.88531999999999,10.649260000000002,84.60469333333333,28.532079999999997,21.333773333333333,25.06616,3.404206666666667,2010.0,8305.72,4834.56,250.38,2836.02,141.78,531.29,0.0
7,225.0,25.88,37.5668,22.315799999999996,92.7729,31.3906,24.9345,27.4211,5.2946,2010.0,225.0,6.3491,29.4114,0.0,71.0564,23.3644,15.1068,20.5706,1.7234,2010.0,225.0,20.241,34.22200666666667,5.677379999999999,84.87312666666666,28.517546666666668,20.7492,24.637906666666666,3.4675466666666663,2010.0,8177.85,4472.7,250.85,2596.06,143.23,502.74,0.0
8,241.0,24.188200000000002,36.6224,13.1143,92.1233,29.925400000000003,22.297800000000002,24.766700000000004,8.000900000000001,2010.0,241.0,6.299300000000001,26.156000000000002,0.0,67.4754,20.0283,8.4197,14.9167,2.1097,2010.0,241.0,19.30553333333333,30.504080000000002,2.3087733333333333,78.44824666666666,25.59202666666667,15.960753333333336,20.86061333333333,4.52384,2010.0,7851.42,4285.57,298.7,2558.63,167.0,557.79,0.0
9,257.0,21.8015,33.964200000000005,37.3455,95.8813,27.254399999999997,19.118,22.2209,7.855899999999999,2010.0,257.0,3.4258999999999995,26.4884,0.0,58.5291,17.3642,8.5924,13.617999999999999,2.449,2010.0,257.0,15.98106,30.392866666666663,6.475053333333333,76.60969999999999,23.263366666666666,12.63845333333333,17.90894,4.496346666666667,2010.0,6330.94,3078.5,492.33,2186.16,189.88,570.47,0.0
10,273.0,18.298099999999998,35.9042,23.895100000000003,86.4188,26.6368,20.011499999999998,22.9412,8.4873,2010.0,273.0,4.553,22.069000000000003,0.0,59.69409999999999,13.963000000000001,2.2194,8.5619,1.7467,2010.0,273.0,15.557486666666668,25.829886666666667,2.469966666666667,71.74852666666666,20.015359999999998,7.9311066666666665,13.657573333333332,3.93548,2010.0,5493.96,2174.23,435.78,1522.76,228.11,754.18,0.0
11,289.0,15.5792,32.0944,6.6160000000000005,90.4941,27.479300000000002,13.610399999999998,19.606099999999998,6.0941,2010.0,289.0,8.2369,22.314100000000003,0.0,52.3695,14.718599999999999,2.5052000000000003,8.296299999999999,2.0692000000000004,2010.0,289.0,13.747480000000001,25.881246666666662,0.47702666666666677,63.539653333333334,20.302373333333335,7.5002933333333335,13.315546666666668,3.918986666666667,2010.0,5682.21,2163.33,405.25,1483.12,204.04,765.76,0.01
12,305.0,12.360700000000001,31.3886,16.0532,90.12559999999999,18.6889,11.075199999999999,15.1831,11.3302,2010.0,305.0,4.4597999999999995,18.9065,0.0,47.7524,7.0866,-4.272,0.8351999999999999,2.4892000000000003,2010.0,305.0,10.118953333333334,23.406593333333333,2.0296600000000002,62.79562,13.453666666666665,2.0601133333333332,7.03318,5.877120000000001,2010.0,5575.01,2016.71,405.17,1406.1,202.83,753.42,0.19
