,DOY,INSgdmax,RADmax,RAINmax,RHmax,TMAXmax,TMINmax,Tmax,WINDmax,YEAR,DOY,INSgdmin,RADmin,RAINmin,RHmin,TMAXmin,TMINmin,Tmin,WINDmin,YEAR,DOY,INSgdmean,RADmean,RAINmean,RHmean,TMAXmean,TMINmean,Tmean,WINDmean,YEAR,NDVI,EVI,RED,NIR,BLUE,MIR,pixrel
0,113.0,26.201900000000002,32.3853,19.7416,89.3309,24.738300000000002,13.046500000000002,17.8645,9.646,2010.0,113.0,5.1266,20.892200000000003,0.0,49.825500000000005,11.235100000000001,1.6301,9.1739,1.7049,2010.0,113.0,19.18016,26.26798,2.9097733333333333,66.41736666666667,18.657746666666668,7.257433333333333,12.79302,4.535333333333333,2010.0,4798.46,2325.22,649.89,1896.66,337.13,1205.5,0.0
1,129.0,27.272399999999998,29.1807,28.217399999999998,87.7633,25.956599999999998,10.0315,16.0276,8.2225,2010.0,129.0,5.2788,24.180299999999995,0.0,53.885999999999996,11.456800000000001,1.8651,6.5426,1.8256999999999999,2010.0,129.0,17.379153333333335,27.0231,5.802650000000001,68.41977333333334,17.269053333333332,6.1752866666666675,11.492093333333335,5.404753333333333,2010.0,6094.92,3077.87,500.36,2127.68,269.99,917.22,0.0
2,145.0,29.4303,35.163399999999996,9.166400000000001,88.2384,29.216299999999997,20.386000000000003,24.012400000000003,6.9468,2010.0,145.0,9.8155,25.4432,0.0,43.9927,20.2982,11.049900000000001,15.416699999999999,2.2233,2010.0,145.0,22.58416666666667,30.205026666666665,1.2561666666666667,67.57127333333332,25.56388,14.797726666666668,20.09366,3.9836933333333326,2010.0,7464.41,4489.04,384.55,2840.27,215.69,751.47,0.0
3,161.0,29.1534,35.4519,28.1991,90.4414,27.985,18.8402,22.9209,6.730499999999999,2010.0,161.0,3.8856,27.990099999999998,0.0,64.21830000000001,22.136300000000002,11.764,18.262200000000004,1.2853,2010.0,161.0,18.509426666666663,32.15093333333333,8.854786666666667,76.77997333333334,25.035386666666664,15.41277333333333,20.21436666666667,3.769626666666667,2010.0,8162.2,5413.97,321.17,3372.91,183.57,620.11,1.0
4,177.0,29.4535,36.01219999999999,28.1944,89.3286,29.208099999999998,21.580199999999998,24.726300000000002,6.7202,2010.0,177.0,11.9591,26.9035,0.0,57.7287,22.9795,12.0857,17.8411,1.9948,2010.0,177.0,25.064233333333334,31.636139999999994,5.298286666666666,73.76208000000001,26.353506666666664,16.731659999999998,21.698726666666666,4.269626666666667,2010.0,8165.7,5198.47,291.19,3167.4,172.34,571.51,0.0
5,193.0,28.570299999999996,36.7428,34.738699999999994,93.2235,30.3204,21.334600000000002,25.3533,6.2786,2010.0,193.0,9.958400000000001,30.227800000000002,0.0,68.7513,24.421100000000003,16.1937,20.878800000000002,1.5539,2010.0,193.0,22.166173333333333,33.24562666666667,5.964946666666666,79.66855333333332,27.244213333333338,19.19994666666667,23.228026666666665,3.508073333333334,2010.0,8176.6,5341.04,310.15,3281.3,186.05,615.39,0.7
6,209.0,26.7328,37.411,22.641199999999998,92.2139,29.790200000000002,23.1229,26.103599999999997,5.4516,2010.0,209.0,9.1678,30.452299999999994,0.0,72.0025,24.296099999999996,17.1495,21.759999999999998,1.7934,2010.0,209.0,21.59682666666667,33.92860666666667,8.427506666666666,83.42686,27.75248,20.270906666666665,24.156913333333335,3.2682333333333333,2010.0,8153.09,4904.89,268.21,2931.03,150.64,557.24,0.12
7,225.0,25.5691,37.208200000000005,23.778499999999998,94.196,30.848,24.8154,26.739800000000002,5.628299999999999,2010.0,225.0,11.3801,28.451,0.0,68.8688,23.0325,13.863499999999998,19.3074,2.2280999999999995,2010.0,225.0,21.003046666666666,33.62956,6.715806666666667,84.49036666666667,27.826893333333338,20.002313333333333,23.915313333333334,3.8211199999999996,2010.0,7936.78,4336.39,264.08,2547.22,150.51,522.9,0.0
8,241.0,24.0906,36.2672,22.1321,92.27860000000001,30.0337,22.2763,24.587600000000002,8.5654,2010.0,241.0,9.9412,26.084699999999998,0.0,65.4892,19.1127,7.8866000000000005,14.3926,2.0598,2010.0,241.0,19.625422857142862,29.957873333333332,2.7215866666666666,77.96347333333333,25.258186666666667,15.274953333333336,20.36998,5.11858,2010.0,7559.69,4153.26,323.65,2538.09,179.79,577.16,0.05
9,257.0,21.2628,32.843900000000005,26.7757,91.80850000000001,26.003999999999998,16.2246,19.902,8.7152,2010.0,257.0,5.7786,26.4915,0.0,57.418400000000005,15.2406,7.7436,12.2863,2.3475,2010.0,257.0,14.273873333333334,30.12986666666667,6.001433333333335,75.23513333333334,21.514240000000004,11.248226666666667,16.263586666666665,4.587493333333333,2010.0,6749.54,3288.91,404.73,2151.72,187.56,559.99,0.0
10,273.0,18.424400000000002,35.0503,32.4805,93.86340000000001,24.581000000000003,19.7213,21.4726,8.6633,2010.0,273.0,4.7438,22.073500000000003,0.0,57.714,12.795099999999998,1.8153000000000001,8.200800000000001,1.7703,2010.0,273.0,15.12548,25.452673333333337,2.70148,72.11107333333334,19.222666666666665,7.525800000000001,12.922953333333336,4.294480000000001,2010.0,5052.15,2092.02,508.27,1574.66,265.44,854.38,0.0
11,289.0,15.1463,31.595100000000002,5.2112,91.6794,27.0761,13.429,19.445700000000002,6.4075999999999995,2010.0,289.0,7.3781,22.2328,0.0,50.7585,13.331599999999998,1.8491,7.0649999999999995,1.5492,2010.0,289.0,13.434853333333333,25.449240000000003,0.35766000000000003,63.409733333333335,19.397933333333334,6.820426666666668,12.40504,3.8545666666666665,2010.0,4913.64,1963.77,499.28,1493.87,257.91,911.59,0.0
12,305.0,11.870899999999999,31.3842,8.2253,92.5215,17.0867,10.352700000000002,13.8757,12.2273,2010.0,305.0,3.8585000000000003,19.1697,0.0,50.86709999999999,7.19,-4.6469000000000005,0.5246000000000001,2.3832,2010.0,305.0,9.62246,23.344933333333337,1.1645466666666668,64.51796666666667,12.28648,1.55824,6.213926666666666,6.1632066666666665,2010.0,5050.23,1712.88,398.21,1237.04,201.13,751.47,0.0
