,DOY,INSgdmax,RADmax,RAINmax,RHmax,TMAXmax,TMINmax,Tmax,WINDmax,YEAR,DOY,INSgdmin,RADmin,RAINmin,RHmin,TMAXmin,TMINmin,Tmin,WINDmin,YEAR,DOY,INSgdmean,RADmean,RAINmean,RHmean,TMAXmean,TMINmean,Tmean,WINDmean,YEAR,NDVI,EVI,RED,NIR,BLUE,MIR,pixrel
0,113.0,26.17,32.51,17.99,88.69,24.37,12.8,17.56,9.53,2010.0,113.0,4.97,20.84,0.0,50.13,10.89,1.43,8.91,1.76,2010.0,113.0,19.24666666666667,26.056666666666665,2.6093333333333333,66.09933333333333,18.391333333333332,6.844666666666667,12.472666666666663,4.535333333333333,2010.0,5033.16,2576.13,703.77,2117.04,353.78,1262.09,0.0
1,129.0,27.4,28.94,24.43,86.67,25.8,9.93,15.61,8.15,2010.0,129.0,5.36,24.16,0.0,54.35,11.19,1.52,6.27,1.73,2010.0,129.0,17.17866666666667,26.81333333333333,5.119285714285715,68.71866666666668,16.997999999999998,5.824000000000001,11.131333333333334,5.385999999999999,2010.0,6206.07,3204.55,520.49,2236.19,271.31,931.08,0.0
2,145.0,29.41,35.32,10.57,88.54,29.08,20.27,23.85,6.97,2010.0,145.0,9.25,25.13,0.0,42.94,20.71,10.96,15.64,2.29,2010.0,145.0,22.46333333333333,30.103333333333335,1.464,67.05333333333333,25.514,14.552,19.942666666666664,4.017333333333332,2010.0,7564.94,4673.79,408.7,2994.35,221.51,802.19,0.0
3,161.0,29.02,35.42,26.81,90.83,27.84,17.86,22.57,6.89,2010.0,161.0,4.28,27.79,0.0,64.43,21.42,11.59,17.92,1.41,2010.0,161.0,18.41933333333333,31.926666666666666,8.614666666666666,76.60133333333336,24.6,14.986666666666663,19.751333333333335,3.8206666666666664,2010.0,8457.08,5301.45,262.77,3184.01,146.23,512.23,0.99
4,177.0,29.41,35.96,27.8,90.68,28.95,21.18,24.3,6.9,2010.0,177.0,12.02,26.57,0.0,57.14,22.53,11.7,17.38,1.96,2010.0,177.0,24.790666666666667,31.529999999999994,4.8406666666666665,73.83400000000002,26.006666666666664,16.426,21.38533333333334,4.320666666666667,2010.0,8356.84,5426.08,289.16,3307.2,162.67,586.21,0.0
5,193.0,28.55,36.65,34.44,92.89,30.1,21.12,25.13,6.47,2010.0,193.0,10.26,30.28,0.0,69.05,24.54,15.75,20.67,1.58,2010.0,193.0,22.322,33.084,5.443333333333333,79.41199999999999,27.204000000000004,18.939333333333334,23.058666666666664,3.612666666666667,2010.0,8376.9,5601.11,298.91,3461.66,166.29,633.26,0.09
6,209.0,26.64,37.15,19.37,92.24,29.39,22.54,25.86,5.44,2010.0,209.0,9.22,30.2,0.0,71.06,23.4,16.99,21.47,1.66,2010.0,209.0,21.605333333333338,33.70066666666666,7.964666666666667,83.17533333333334,27.526666666666664,20.003333333333334,23.895333333333337,3.2073333333333327,2010.0,8382.95,5106.88,259.4,3043.5,142.16,564.67,0.04
7,225.0,25.63,37.04,20.4,94.08,30.79,24.74,26.56,5.84,2010.0,225.0,13.5,28.19,0.0,68.08,23.25,13.53,19.0,2.26,2010.0,225.0,21.09333333333333,33.504666666666665,6.116666666666666,84.24,27.586000000000002,19.800666666666665,23.68466666666667,3.880666666666666,2010.0,8234.91,4624.78,254.31,2705.23,141.89,532.87,0.0
8,241.0,24.05,36.36,24.02,92.47,29.88,22.14,24.46,8.78,2010.0,241.0,10.15,25.96,0.0,65.06,18.64,7.73,14.12,2.17,2010.0,241.0,19.438000000000002,29.863333333333333,2.794666666666666,78.012,25.039333333333335,15.107333333333338,20.178,5.214666666666667,2010.0,7687.72,4398.75,362.67,2734.5,202.75,629.28,0.52
9,257.0,21.17,32.29,24.94,91.33,25.54,15.43,19.38,9.04,2010.0,257.0,7.42,26.68,0.0,58.3,14.62,7.5,12.15,2.42,2010.0,257.0,13.831333333333331,29.990666666666666,6.072,75.07466666666667,20.87933333333334,10.833333333333336,15.756666666666668,4.576666666666666,2010.0,6691.17,3373.15,450.06,2279.31,194.91,629.3,0.0
10,273.0,18.32,35.03,34.67,95.18,24.03,19.44,21.2,8.73,2010.0,273.0,4.68,22.03,0.0,57.25,12.74,1.65,8.05,1.75,2010.0,273.0,14.928666666666668,25.400666666666666,2.736666666666667,72.16733333333333,18.951999999999998,7.38466666666667,12.697333333333336,4.378,2010.0,5405.54,2371.41,512.24,1744.96,255.77,818.56,0.0
11,289.0,15.01,31.25,4.55,92.01,27.05,13.11,19.35,6.57,2010.0,289.0,7.7,22.14,0.0,50.57,12.74,1.62,6.63,1.41,2010.0,289.0,13.351333333333333,25.30733333333334,0.30333333333333334,63.61466666666668,19.067333333333337,6.6240000000000006,12.141333333333334,3.822666666666667,2010.0,5264.69,2167.52,490.18,1599.07,243.37,899.07,0.0
12,305.0,11.81,31.1,8.06,93.58,16.44,10.17,13.49,12.41,2010.0,305.0,3.67,19.19,0.0,51.74,6.9,-4.76,0.31,2.36,2010.0,305.0,9.494666666666665,23.236666666666668,1.0566666666666669,65.66733333333333,11.828666666666669,1.3486666666666667,5.8966666666666665,6.165333333333333,2010.0,5244.45,1927.42,432.4,1391.71,215.63,797.13,0.0
