,DOY,INSgdmax,RADmax,RAINmax,RHmax,TMAXmax,TMINmax,Tmax,WINDmax,YEAR,DOY,INSgdmin,RADmin,RAINmin,RHmin,TMAXmin,TMINmin,Tmin,WINDmin,YEAR,DOY,INSgdmean,RADmean,RAINmean,RHmean,TMAXmean,TMINmean,Tmean,WINDmean,YEAR,NDVI,EVI,RED,NIR,BLUE,MIR,pixrel
0,113.0,25.9184,31.957900000000002,12.4374,85.7955,25.6447,12.4662,17.4819,9.3697,2010.0,113.0,6.6722,21.119,0.0,49.05,11.8962,1.8555000000000001,9.552999999999999,1.3906,2010.0,113.0,19.49283333333333,26.40373333333333,2.1915400000000003,64.80922000000001,19.129120000000004,7.503226666666667,13.194993333333333,4.383233333333334,2010.0,4293.57,2070.87,770.91,1898.04,382.75,1293.12,0.18
1,129.0,27.2574,29.1168,28.395200000000003,87.56089999999999,25.8037,10.5687,16.2686,8.3669,2010.0,129.0,5.897,24.0059,0.0,54.0068,12.3739,2.1014999999999997,6.9392,2.1676,2010.0,129.0,16.422973333333335,26.928226666666664,5.272085714285715,67.07831333333334,17.496846666666666,5.963373333333333,11.432326666666667,5.531486666666667,2010.0,5618.69,2913.15,600.23,2180.83,311.58,982.45,2.62
2,145.0,29.3648,34.6135,15.616599999999998,86.652,28.7729,20.6437,24.0155,7.273499999999999,2010.0,145.0,7.5289,25.671799999999998,0.0,44.0244,20.9799,10.7752,15.805900000000001,2.271,2010.0,145.0,22.41477333333333,30.08578,1.7456,65.85066666666667,25.89411333333333,14.634299999999998,20.114846666666665,4.214359999999999,2010.0,6393.89,3421.94,492.14,2331.45,261.02,802.6,2.55
3,161.0,29.161800000000003,34.8008,26.909200000000002,90.4016,27.6784,19.5015,22.962400000000002,7.1812000000000005,2010.0,161.0,6.4517,27.9061,0.0,58.8626,22.4099,11.967500000000001,18.3477,1.4164,2010.0,161.0,18.958039999999997,31.894733333333335,8.991353333333333,75.45325333333334,25.09690666666667,15.322826666666671,20.12230666666667,3.8896599999999997,2010.0,6231.03,3918.64,849.77,2976.37,773.8,973.36,2.06
4,177.0,29.3099,35.9851,28.331200000000003,90.35589999999999,29.279099999999996,21.8614,24.8489,7.1441,2010.0,177.0,8.4937,27.0234,0.0,57.1141,23.0611,12.380400000000002,18.0374,2.0999,2010.0,177.0,24.719699999999996,31.76892666666667,4.231506666666667,72.66522666666665,26.605073333333333,16.88094,21.9018,4.4091000000000005,2010.0,7784.85,4662.94,330.47,2877.56,182.23,623.38,2.55
5,193.0,28.48,36.8734,44.0242,93.27969999999999,30.7768,22.1312,25.8816,6.4622,2010.0,193.0,11.6201,30.461600000000004,0.0,66.9019,24.5533,15.399400000000002,20.853,1.7149,2010.0,193.0,23.139160000000004,33.02808666666666,5.424353333333334,78.01874000000001,27.360586666666666,18.93683333333333,23.232779999999998,3.575666666666666,2010.0,7836.33,4781.16,321.15,2943.5,178.63,634.3,2.57
6,209.0,27.1249,37.6659,19.0826,92.097,30.297400000000003,23.174100000000003,26.404600000000002,5.6177,2010.0,209.0,10.4908,30.2611,0.0,70.52409999999999,24.697300000000002,17.2893,22.1135,1.7879,2010.0,209.0,21.295213333333336,33.9304,8.66208,81.82363333333335,28.028193333333334,20.336746666666667,24.298906666666664,3.2508800000000004,2010.0,7640.52,4211.25,324.35,2560.91,186.64,568.26,2.87
7,225.0,25.249299999999998,37.1695,21.2786,94.44909999999999,31.522,24.9867,27.098899999999997,5.525799999999999,2010.0,225.0,14.149299999999998,28.256800000000005,0.0,67.1233,23.431,13.9747,19.489599999999996,2.1068,2010.0,225.0,21.916040000000006,33.509973333333335,5.979086666666667,83.12431333333333,28.08722666666666,20.041473333333336,24.058433333333333,3.8805133333333335,2010.0,7342.83,4144.83,368.9,2600.27,201.09,691.08,2.55
8,241.0,23.949399999999997,36.8467,32.8113,90.36460000000001,30.264000000000003,22.5087,24.991099999999996,8.3865,2010.0,241.0,8.2174,25.964999999999996,0.0,62.439099999999996,19.8979,8.2908,15.0383,2.6398,2010.0,241.0,19.607419999999998,30.240740000000002,3.6961266666666663,75.81438000000001,25.66086,15.367540000000002,20.678633333333334,5.393773333333334,2010.0,7142.11,3829.61,380.92,2421.34,205.55,684.48,2.55
9,257.0,21.2953,32.7946,27.4432,89.26639999999999,27.0305,15.8768,19.7433,8.5838,2010.0,257.0,6.3344000000000005,26.500700000000002,0.0,54.015499999999996,14.215599999999998,7.888,11.636199999999999,1.9894999999999998,2010.0,257.0,14.305266666666666,30.18852666666666,6.542633333333334,72.46836666666667,21.955413333333333,11.271273333333335,16.43942,4.65362,2010.0,6445.6,3066.73,417.26,2030.08,207.37,676.82,2.55
10,273.0,18.4036,34.9866,30.8311,95.36789999999999,24.2588,16.0486,21.0315,8.315100000000001,2010.0,273.0,4.6309000000000005,21.945100000000004,0.0,54.6488,13.5563,2.0122,8.2874,1.637,2010.0,273.0,15.505213333333334,25.43209333333333,2.3181333333333334,70.184,19.69678,7.524906666666666,13.215226666666666,4.38748,2010.0,5306.7,2209.87,485.72,1645.48,218.7,711.95,2.55
11,289.0,15.1636,30.8718,4.5043999999999995,91.8481,27.2028,14.1118,19.6575,6.3107,2010.0,289.0,8.612300000000001,22.378999999999998,0.0,47.2635,13.986199999999998,2.2158,7.473600000000001,1.5228000000000002,2010.0,289.0,13.525173333333335,25.469906666666663,0.33930666666666665,61.05294666666667,19.66658,7.013633333333335,12.589899999999997,3.8638333333333335,2010.0,4752.52,1823.96,493.97,1433.41,232.25,894.0,2.55
12,305.0,12.087,30.604100000000003,9.975699999999998,90.831,18.3154,9.411000000000001,13.6493,12.2531,2010.0,305.0,3.4692999999999996,19.3624,0.0,49.58259999999999,7.029900000000001,-4.3331,1.1168,2.602,2010.0,305.0,9.827893333333332,23.192926666666672,1.1703,62.61436666666667,12.801919999999999,1.7584533333333334,6.508593333333334,6.298186666666668,2010.0,4655.76,1631.1,447.28,1267.98,218.08,817.74,2.62
