,DOY,INSgdmax,RADmax,RAINmax,RHmax,TMAXmax,TMINmax,Tmax,WINDmax,YEAR,DOY,INSgdmin,RADmin,RAINmin,RHmin,TMAXmin,TMINmin,Tmin,WINDmin,YEAR,DOY,INSgdmean,RADmean,RAINmean,RHmean,TMAXmean,TMINmean,Tmean,WINDmean,YEAR,NDVI,EVI,RED,NIR,BLUE,MIR,pixrel
0,113.0,26.0803,32.56719999999999,30.261,92.9248,25.3162,15.6167,19.8141,9.442400000000001,2010.0,113.0,3.7134,20.9178,0.0,50.4814,15.289499999999999,3.0814000000000004,10.5232,1.4533,2010.0,113.0,18.3549,27.328706666666665,4.835473333333333,68.12782666666666,19.940046666666667,8.807113333333332,14.24496666666667,4.41604,2010.0,5005.03,1885.76,403.71,1349.08,220.38,687.36,0.07
1,129.0,27.212400000000002,31.2606,30.649800000000006,89.5283,25.587,11.401,17.483,8.2559,2010.0,129.0,4.8345,23.851699999999997,0.0,52.904700000000005,12.850999999999999,3.6164,8.2746,1.8331,2010.0,129.0,17.3461,28.159380000000002,7.513935714285715,69.49532000000002,19.008866666666663,8.381499999999999,13.64301333333333,5.241293333333335,2010.0,6021.49,2901.92,377.89,1902.55,228.38,614.0,2.55
2,145.0,28.9745,34.2036,5.6145,89.24680000000001,28.9504,21.3037,24.6431,6.191,2010.0,145.0,10.1032,27.397800000000004,0.0,52.2149,16.935299999999998,11.192599999999999,14.4922,2.0307,2010.0,145.0,22.97126666666667,31.297320000000003,0.9634733333333334,74.95870000000001,25.71564666666666,16.2348,20.987626666666664,3.491339999999999,2010.0,6785.89,3615.07,328.24,2221.06,216.93,536.28,0.0
3,161.0,29.4247,35.93,48.1929,93.0,28.6893,22.9476,25.034399999999998,5.4353,2010.0,161.0,5.806800000000001,28.994699999999998,0.0,66.9178,24.602099999999997,12.868699999999999,19.468600000000002,0.8537,2010.0,161.0,18.541153333333334,33.48006,10.719613333333335,80.46638666666668,26.838113333333332,18.316520000000004,22.62750666666667,3.22398,2010.0,7570.92,4165.76,270.79,2470.27,183.12,449.52,1.04
4,177.0,29.7792,36.5847,40.7195,89.7899,30.3779,23.0973,26.3794,5.493,2010.0,177.0,15.289,27.574099999999998,0.0,60.334,25.1308,14.724,19.9861,1.2101000000000002,2010.0,177.0,26.32962,32.3333,9.432440000000001,74.16961333333333,27.885446666666663,18.84930666666667,23.349439999999998,3.739593333333333,2010.0,7441.74,3937.46,249.13,2318.78,164.03,433.12,0.0
5,193.0,28.1717,37.3608,25.836100000000002,92.0698,30.102500000000003,23.2277,26.3371,5.7257,2010.0,193.0,8.335899999999999,30.7353,0.0,62.1378,25.885199999999998,18.0506,22.4223,1.206,2010.0,193.0,21.331093333333335,34.418519999999994,8.050326666666667,79.56144,28.373306666666664,20.97777333333333,24.725653333333334,3.0881333333333334,2010.0,7290.77,3739.05,240.66,2155.95,176.63,419.12,0.36
6,209.0,26.1847,37.9728,33.385,91.8157,31.303,25.2215,27.5902,5.6655,2010.0,209.0,6.3036,31.982799999999997,0.0,76.24199999999999,27.3908,18.126800000000003,22.971599999999995,1.6347,2010.0,209.0,20.021473333333336,35.29962666666667,10.9938,84.76324,29.210886666666667,22.066093333333335,25.65695333333333,3.4492866666666666,2010.0,7208.16,3593.44,225.58,2057.52,154.49,401.91,0.0
7,225.0,25.8478,37.8267,27.6541,92.59810000000002,32.2508,25.5417,28.003,5.087599999999999,2010.0,225.0,6.983899999999999,29.9358,0.0,70.3112,24.1763,16.0452,21.3871,1.7740000000000002,2010.0,225.0,21.293173333333336,34.470866666666666,4.896606666666667,84.27834666666665,29.205093333333334,21.3587,25.232073333333332,3.3356800000000004,2010.0,7334.11,3375.52,211.33,1912.04,142.38,327.86,0.01
8,241.0,24.340000000000003,36.7489,16.0928,92.8409,30.114000000000004,22.601399999999998,25.137,7.5961,2010.0,241.0,8.721200000000001,25.88,0.0,66.537,20.660800000000002,9.079799999999999,15.3261,1.9625,2010.0,241.0,19.903073333333328,30.646066666666666,2.7607999999999997,78.29108000000001,25.992686666666664,16.509686666666667,21.3269,4.313619999999999,2010.0,7107.69,3122.81,222.12,1774.39,147.98,338.76,0.01
9,257.0,22.25,33.7894,43.038,94.8348,28.123799999999996,19.5527,23.2352,7.1452,2010.0,257.0,7.000100000000001,26.24,0.0,60.3047,18.183,9.3468,15.1406,2.4858,2010.0,257.0,16.52278666666667,30.790766666666663,6.631606666666667,76.69173333333333,24.24592666666667,13.740153333333332,18.990093333333334,4.349300000000001,2010.0,5938.01,2427.75,340.57,1608.7,149.57,322.16,0.07
10,273.0,18.6408,35.6328,16.2775,82.98719999999999,28.2951,20.381800000000002,24.006099999999996,8.300999999999998,2010.0,273.0,3.7295999999999996,22.041400000000003,0.0,57.909299999999995,14.8669,2.7852,8.9069,1.3901999999999999,2010.0,273.0,16.015493333333335,26.091166666666666,2.2545333333333337,69.95176666666667,20.746146666666665,8.528953333333334,14.381920000000001,3.8315200000000003,2010.0,5325.99,1922.59,327.33,1289.25,179.08,446.16,2.55
11,289.0,15.793100000000003,31.487199999999998,12.0279,87.71109999999999,27.695500000000003,14.0865,19.8637,6.1631,2010.0,289.0,10.530000000000001,22.4567,0.0,50.5226,16.14,3.2044,9.5153,2.2969,2010.0,289.0,13.81878,26.239586666666668,0.9247600000000001,61.576833333333326,21.266533333333335,8.013346666666667,14.092333333333332,3.967286666666666,2010.0,5635.87,1897.93,286.63,1198.37,161.99,459.75,0.0
12,305.0,12.9817,30.8412,20.5612,87.36330000000001,20.1011,10.428899999999999,15.9122,10.976,2010.0,305.0,4.834700000000001,18.968600000000002,0.0,44.900400000000005,7.5489,-3.5911999999999997,1.4884,2.7813,2010.0,305.0,10.810179999999999,23.449679999999994,2.18928,60.03745999999998,14.554906666666668,2.62944,7.8850999999999996,5.863626666666666,2010.0,5672.09,1855.3,265.15,1193.58,134.16,468.78,5.22
