,DOY,INSgdmax,RADmax,RAINmax,RHmax,TMAXmax,TMINmax,Tmax,WINDmax,YEAR,DOY,INSgdmin,RADmin,RAINmin,RHmin,TMAXmin,TMINmin,Tmin,WINDmin,YEAR,DOY,INSgdmean,RADmean,RAINmean,RHmean,TMAXmean,TMINmean,Tmean,WINDmean,YEAR,NDVI,EVI,RED,NIR,BLUE,MIR,pixrel
0,113.0,26.17,32.65,30.33,92.98,25.33,15.32,19.66,9.47,2010.0,113.0,3.35,20.95,0.0,50.44,14.68,3.04,10.56,1.52,2010.0,113.0,18.164,27.386666666666667,4.739333333333334,68.24466666666666,19.908,8.848666666666666,14.242666666666668,4.4126666666666665,2010.0,4454.62,1787.53,499.85,1433.71,264.78,897.68,2.67
1,129.0,27.47,31.21,33.35,90.17,25.61,11.24,17.46,8.18,2010.0,129.0,4.57,23.9,0.0,52.7,12.92,3.69,8.27,1.84,2010.0,129.0,17.314666666666664,28.173333333333336,7.967857142857143,69.53733333333335,18.884666666666664,8.324,13.578,5.244666666666668,2010.0,5893.79,3214.24,432.91,2183.29,250.49,746.52,2.61
2,145.0,28.94,34.13,4.43,88.98,28.84,21.26,24.65,6.26,2010.0,145.0,9.68,27.43,0.0,51.84,16.91,11.28,14.46,2.01,2010.0,145.0,23.13533333333333,31.216666666666665,0.6986666666666665,74.70800000000001,25.701999999999995,16.182666666666666,20.967999999999996,3.4933333333333327,2010.0,6827.41,4085.5,352.75,2591.7,214.67,619.14,2.55
3,161.0,29.45,35.93,52.28,93.0,28.71,22.92,24.97,5.41,2010.0,161.0,6.23,29.02,0.0,66.72,24.54,12.94,19.51,0.81,2010.0,161.0,18.426,33.498,11.324666666666667,80.50533333333334,26.826,18.288000000000004,22.602666666666668,3.233333333333334,2010.0,7462.41,4772.41,304.77,2982.55,185.78,527.08,0.96
4,177.0,29.77,36.61,45.4,89.53,30.44,22.98,26.43,5.47,2010.0,177.0,14.76,27.65,0.0,60.61,25.14,14.77,19.97,1.24,2010.0,177.0,26.24666666666666,32.38466666666667,9.778666666666668,74.34533333333333,27.91933333333333,18.795333333333335,23.350666666666665,3.7560000000000002,2010.0,7577.0,4760.2,280.21,2920.69,177.07,493.57,0.03
5,193.0,28.22,37.37,26.74,93.16,30.16,23.23,26.39,5.59,2010.0,193.0,8.03,30.71,0.0,61.94,25.83,18.0,22.42,1.16,2010.0,193.0,21.014,34.42066666666666,8.255333333333333,79.68533333333333,28.31933333333333,20.956000000000003,24.68333333333334,3.0820000000000003,2010.0,7547.7,4565.44,250.75,2728.53,162.7,473.23,0.25
6,209.0,26.21,38.12,31.43,91.68,31.28,25.21,27.65,5.7,2010.0,209.0,6.23,31.9,0.0,76.38,27.4,18.09,22.99,1.66,2010.0,209.0,20.002000000000002,35.326,10.888000000000002,84.96533333333333,29.2,22.06333333333333,25.666,3.450666666666666,2010.0,7418.63,4188.81,238.95,2461.91,151.13,439.15,0.05
7,225.0,25.88,37.76,26.58,93.18,32.26,25.59,27.98,5.06,2010.0,225.0,6.77,30.06,0.0,70.67,24.22,15.99,21.44,1.82,2010.0,225.0,21.506000000000004,34.48466666666666,4.986000000000001,84.64266666666667,29.19466666666667,21.383999999999997,25.238666666666674,3.3626666666666667,2010.0,7366.61,3938.33,246.86,2326.44,156.19,420.81,2.63
8,241.0,24.34,36.65,14.86,93.11,30.16,22.56,25.16,7.58,2010.0,241.0,8.39,25.88,0.0,67.02,20.67,9.02,15.31,2.02,2010.0,241.0,19.87133333333333,30.62,2.877333333333333,78.55266666666668,25.952666666666666,16.477333333333334,21.289333333333335,4.337999999999999,2010.0,7085.27,3629.66,261.2,2130.7,167.84,396.07,0.04
9,257.0,22.25,33.84,44.28,94.66,28.11,19.67,23.18,7.09,2010.0,257.0,6.8,26.24,0.0,60.33,17.93,9.31,14.86,2.38,2010.0,257.0,16.344,30.820666666666668,6.897333333333333,77.21,24.116666666666664,13.709333333333332,18.926,4.354666666666668,2010.0,5640.77,2648.92,425.44,1875.75,168.19,433.94,0.04
10,273.0,18.65,35.78,17.14,83.99,28.21,20.46,23.99,8.37,2010.0,273.0,3.38,22.0,0.0,58.39,14.86,2.73,8.9,1.45,2010.0,273.0,15.986666666666668,26.056666666666665,2.306666666666667,70.41866666666667,20.697999999999997,8.476666666666667,14.327333333333334,3.826,2010.0,4812.09,1787.8,346.23,1317.66,160.72,580.84,12.76
11,289.0,15.8,31.57,12.55,88.5,27.5,14.19,19.82,6.17,2010.0,289.0,10.3,22.39,0.0,50.61,16.14,3.14,9.49,2.29,2010.0,289.0,13.822000000000001,26.238666666666667,0.9526666666666668,62.117333333333335,21.211333333333336,7.971333333333333,14.038666666666666,3.9686666666666657,2010.0,4964.71,1867.7,373.62,1299.39,203.13,658.06,0.19
12,305.0,13.03,30.74,19.31,87.2,20.2,10.33,15.88,10.93,2010.0,305.0,4.86,19.01,0.0,45.02,7.68,-3.72,1.47,2.71,2010.0,305.0,10.879333333333333,23.41533333333333,2.112,59.92199999999999,14.580666666666668,2.615333333333333,7.8919999999999995,5.89,2010.0,4957.94,1805.23,349.2,1301.86,159.19,647.81,7.76
