,DOY,INSgdmax,RADmax,RAINmax,RHmax,TMAXmax,TMINmax,Tmax,WINDmax,YEAR,DOY,INSgdmin,RADmin,RAINmin,RHmin,TMAXmin,TMINmin,Tmin,WINDmin,YEAR,DOY,INSgdmean,RADmean,RAINmean,RHmean,TMAXmean,TMINmean,Tmean,WINDmean,YEAR,NDVI,EVI,RED,NIR,BLUE,MIR,pixrel
0,113.0,26.131299999999996,31.259,14.5823,91.80600000000001,26.6604,13.5012,18.6465,9.9589,2009.9999999999998,113.0,5.3624,21.3406,0.0,47.0801,12.6878,2.3422,9.8065,1.3415,2009.9999999999998,113.0,18.557446666666667,27.221700000000006,2.926426666666667,66.33713333333333,19.64578,8.6742,14.082953333333332,4.497533333333333,2009.9999999999998,4379.09,2109.09,750.96,1886.67,389.54,1336.1,0.02
1,129.0,27.003300000000003,30.5175,48.7522,89.6386,26.4775,10.4032,17.2849,8.798,2009.9999999999998,129.0,6.3789,24.0118,0.0,50.5523,13.2128,2.7028999999999996,7.890599999999999,2.7086000000000006,2009.9999999999998,129.0,17.60784,27.737740000000002,7.273885714285715,65.34516,18.405759999999997,7.03722,12.607873333333334,5.5145800000000005,2009.9999999999998,6333.65,3295.65,506.37,2250.91,280.1,843.88,0.03
2,145.0,29.2307,34.809799999999996,4.6288,85.8411,29.4187,20.898200000000003,24.3504,7.2338000000000005,2009.9999999999998,145.0,9.182299999999998,25.768500000000003,0.0,46.1993,17.5462,10.3154,14.4382,2.2037,2009.9999999999998,145.0,23.27436,30.221619999999998,0.59528,68.73009333333334,25.873213333333332,15.187586666666665,20.415799999999997,4.202166666666667,2009.9999999999998,6588.96,3667.47,508.59,2486.82,277.39,841.33,0.0
3,161.0,29.171,35.398,45.6379,90.7028,28.808300000000003,22.0709,24.0064,6.559699999999999,2009.9999999999998,161.0,3.3659,29.097299999999997,0.0,60.4651,23.0263,12.4887,19.162200000000002,0.9408000000000001,2009.9999999999998,161.0,20.58701333333333,32.849986666666666,13.379306666666666,77.41649333333334,26.447366666666664,16.98768,21.698526666666666,3.7088400000000004,2009.9999999999998,7764.65,4725.29,366.13,2942.77,225.21,655.37,1.0
4,177.0,29.5093,36.413,42.436800000000005,86.924,30.217599999999997,22.650999999999996,26.1169,6.721800000000001,2009.9999999999998,177.0,12.642800000000001,27.912,0.0,56.581500000000005,25.0916,13.962800000000001,19.787999999999997,2.3632,2009.9999999999998,177.0,25.318620000000003,32.39637333333334,7.219333333333333,71.93448000000001,27.850340000000003,17.972060000000003,22.990166666666667,4.25122,2009.9999999999998,7901.58,5027.08,365.02,3156.85,207.56,706.12,0.37
5,193.0,28.4304,36.7166,36.0399,93.8425,31.2701,23.0244,26.780700000000003,5.975899999999999,2009.9999999999998,193.0,8.331,30.168400000000002,0.0,63.3781,23.995600000000003,17.396,21.5583,1.282,2009.9999999999998,193.0,22.366073333333333,33.63484666666666,7.384886666666667,79.47145333333333,27.641406666666665,19.974786666666663,23.918193333333335,3.1667533333333333,2009.9999999999998,7882.74,4975.9,363.93,3115.16,205.85,701.29,0.59
6,209.0,26.594,38.0918,27.1736,90.8457,31.1441,24.4947,27.0611,6.0196000000000005,2009.9999999999998,209.0,10.162199999999999,31.2619,0.0,73.46459999999999,27.037300000000002,17.852600000000002,22.980800000000002,2.0669999999999997,2009.9999999999998,209.0,21.020793333333337,34.76192,10.110666666666667,83.48447999999999,28.85418,21.34006,25.162693333333333,3.502413333333333,2009.9999999999998,7854.93,4235.57,303.17,2527.55,172.21,542.21,0.83
7,225.0,25.640900000000002,38.0834,24.4865,93.3586,31.9157,25.354,27.728,5.25,2009.9999999999998,225.0,6.3726,29.274500000000003,0.0,68.562,23.250799999999998,15.4337,20.837600000000002,1.7281,2009.9999999999998,225.0,20.916953333333336,34.072959999999995,6.319893333333333,83.76749333333335,29.039860000000004,20.720593333333333,24.920606666666664,3.629993333333333,2009.9999999999998,7365.49,3789.49,367.21,2354.87,197.15,661.07,0.0
8,241.0,24.2164,36.646100000000004,38.2083,90.28739999999999,30.805300000000003,23.154599999999995,25.7131,7.5517,2009.9999999999998,241.0,8.3271,25.259900000000002,0.0,61.072199999999995,21.369899999999998,8.8971,15.824100000000001,2.0892999999999997,2009.9999999999998,241.0,20.620653333333333,30.367220000000003,3.4726133333333333,75.10154666666668,26.577893333333332,16.1235,21.413566666666668,5.081853333333333,2009.9999999999998,7260.76,3533.45,350.92,2180.33,182.26,645.55,0.0
9,257.0,22.266199999999998,34.521,36.0377,92.5429,29.166900000000002,18.5415,21.515700000000002,7.1547,2009.9999999999998,257.0,3.4042,25.430699999999998,0.0,52.2164,17.1554,9.4918,12.883,2.2733,2009.9999999999998,257.0,14.466006666666669,31.088740000000005,6.278026666666667,74.44244,24.091186666666665,13.293626666666668,18.497313333333334,4.6454,2009.9999999999998,5461.39,2541.52,549.03,1892.7,283.31,749.21,0.0
10,273.0,18.9745,35.0773,16.5057,89.77510000000001,26.3446,18.4677,22.1947,8.642100000000001,2009.9999999999998,273.0,3.997,22.2315,0.0,54.942499999999995,14.935200000000002,2.4848999999999997,8.8902,1.9732999999999998,2009.9999999999998,273.0,15.79054,25.8757,1.7801466666666668,68.94512,20.781366666666663,8.35328,14.17588,4.13494,2009.9999999999998,5072.59,2093.93,527.81,1618.88,248.9,906.05,0.0
11,289.0,15.7548,31.8716,7.0665,89.0333,27.043100000000003,14.388200000000001,19.8557,6.200799999999999,2009.9999999999998,289.0,8.2815,22.584500000000002,0.0,45.341300000000004,16.4668,3.4152000000000005,9.4372,1.6183999999999998,2009.9999999999998,289.0,13.657033333333333,25.97188,0.6509333333333334,58.74894,20.977966666666667,7.806666666666667,13.68228666666667,3.9482666666666666,2009.9999999999998,4726.75,1960.4,578.39,1596.8,293.86,990.87,0.19
12,305.0,13.3139,30.661700000000003,9.5342,83.9259,20.664,10.385700000000002,15.179099999999998,11.382,2009.9999999999998,305.0,4.8675,19.3314,0.0,43.5896,9.195799999999998,-3.4227,2.1555999999999997,2.368,2009.9999999999998,305.0,10.677093333333334,23.46084666666666,1.3609733333333331,56.49862666666668,14.591693333333332,2.6947,7.833193333333332,6.30374,2009.9999999999998,4801.68,1738.48,495.29,1365.99,251.16,848.46,0.06
