,DOY,INSgdmax,RADmax,RAINmax,RHmax,TMAXmax,TMINmax,Tmax,WINDmax,YEAR,DOY,INSgdmin,RADmin,RAINmin,RHmin,TMAXmin,TMINmin,Tmin,WINDmin,YEAR,DOY,INSgdmean,RADmean,RAINmean,RHmean,TMAXmean,TMINmean,Tmean,WINDmean,YEAR,NDVI,EVI,RED,NIR,BLUE,MIR,pixrel
0,113.0,25.4302,31.2944,9.1886,91.0316,25.616600000000002,12.3384,18.2306,8.7448,2010.0,113.0,5.6128,22.010199999999998,0.0,46.7376,10.265799999999999,2.0224,8.1034,1.8403999999999998,2010.0,113.0,19.20968,27.113693333333334,1.9295333333333335,63.51697333333334,19.185319999999997,7.804053333333333,13.430706666666666,4.718333333333334,2010.0,3569.73,2365.11,1348.03,2826.84,690.29,2665.64,0.01
1,129.0,28.04,30.388,22.765400000000003,85.16799999999999,25.4668,10.031400000000001,15.9438,8.443999999999999,2010.0,129.0,4.3342,22.9196,0.0,49.1056,12.0128,1.1492,8.0692,2.8158000000000003,2010.0,129.0,17.425919999999994,26.92449333333333,3.850385714285714,62.08545333333333,17.798919999999995,6.001173333333333,11.659373333333335,5.415293333333333,2010.0,3933.84,2643.55,1266.02,2900.86,675.95,2189.12,1.19
2,145.0,28.98,34.3724,9.2364,85.63380000000001,29.9232,21.0408,23.8942,9.1148,2010.0,145.0,11.1992,25.3874,0.0,48.5218,18.0238,9.5428,14.242999999999999,1.944,2010.0,145.0,22.2802,30.486186666666665,1.6451600000000002,65.97937333333334,25.760240000000003,14.549426666666669,20.014386666666667,4.9377200000000006,2010.0,4289.33,2902.51,1198.52,2984.17,622.75,2322.59,0.21
3,161.0,28.9024,35.235200000000006,22.896800000000002,87.5216,29.4772,21.895400000000002,23.501199999999997,6.615599999999999,2010.0,161.0,7.3076,29.0754,0.0,50.6304,22.1804,13.423599999999999,18.4288,1.3994,2010.0,161.0,20.271453333333334,32.765679999999996,8.189893333333334,72.55790666666667,26.199719999999992,16.596853333333332,21.258093333333335,4.154586666666667,2010.0,6574.0,4548.72,665.24,3342.81,358.78,1034.8,0.02
4,177.0,29.6744,36.3902,17.481,86.416,30.566399999999998,22.4936,25.7518,8.202399999999999,2010.0,177.0,20.043000000000003,28.188000000000002,0.0,50.7316,26.0944,14.449200000000001,20.487599999999997,2.3154,2010.0,177.0,27.025733333333335,32.07717333333333,3.451293333333334,68.35761333333335,28.482546666666668,17.937733333333334,23.168733333333332,4.768213333333334,2010.0,6605.78,4828.99,710.4,3629.34,381.7,1436.69,0.03
5,193.0,28.510000000000005,36.6554,18.2894,88.81599999999999,33.069,23.450000000000003,27.3378,5.9054,2010.0,193.0,11.0176,29.9576,0.0,51.879400000000004,23.477800000000002,16.107200000000002,21.0282,1.8305999999999998,2010.0,193.0,22.471266666666665,33.17673333333333,5.604706666666666,72.04673333333334,28.59565333333334,19.30750666666667,23.947520000000004,3.5572666666666666,2010.0,7826.04,6073.94,458.39,4146.83,249.35,968.73,0.08
6,209.0,26.5246,38.0056,37.3732,88.0176,33.0278,23.364400000000003,27.976599999999998,6.1646,2010.0,209.0,10.597,31.384999999999998,0.0,54.9564,27.6726,18.1346,23.6418,1.8094,2010.0,209.0,21.396493333333332,34.57329333333333,9.253280000000002,73.12030666666668,30.319133333333333,21.180013333333328,25.736573333333336,3.8074133333333338,2010.0,8202.27,6647.07,404.01,4500.22,223.76,848.47,0.02
7,225.0,25.477,38.23,15.2128,91.83879999999999,34.80199999999999,25.0284,28.336799999999997,6.2078,2010.0,225.0,12.838,29.145400000000002,0.0,53.313599999999994,23.070999999999998,15.879999999999999,20.942999999999998,1.7774,2010.0,225.0,21.407199999999996,33.977066666666666,3.6078533333333325,73.87071999999999,30.527093333333333,20.473613333333336,25.414813333333335,3.790613333333333,2010.0,8013.4,5890.0,387.03,3854.5,214.46,783.72,0.0
8,241.0,24.255000000000003,35.7242,24.3782,81.9514,34.7132,22.4636,27.3982,9.1218,2010.0,241.0,11.680600000000002,25.0702,0.0,44.31559999999999,23.564000000000004,10.024799999999999,17.7184,2.4346,2010.0,241.0,21.261866666666663,30.656880000000005,2.220746666666667,60.039333333333325,28.916013333333336,16.504546666666666,22.695173333333337,6.031426666666667,2010.0,7055.21,4808.72,540.03,3354.57,277.89,1011.73,0.0
9,257.0,22.1926,35.743,26.7646,90.5476,32.540800000000004,17.3858,21.8212,7.5184,2010.0,257.0,5.548,25.643,0.0,40.8032,16.602400000000003,7.6494,13.158800000000001,3.0023999999999997,2010.0,257.0,14.446346666666669,31.318920000000002,5.907146666666666,62.66486666666667,25.657306666666674,13.23032,19.183173333333333,4.920053333333334,2010.0,6452.19,3944.03,576.39,2811.78,295.28,907.21,0.01
10,273.0,18.6424,34.1924,15.7448,93.36040000000001,26.6054,11.768800000000002,20.3312,7.8756,2010.0,273.0,5.9908,22.075400000000002,0.0,39.7198,17.396800000000002,3.1574,9.8498,2.5742000000000003,2010.0,273.0,16.410733333333333,26.243159999999992,1.1610266666666664,58.44644,22.75238666666667,8.655986666666667,15.289026666666667,4.6778,2010.0,3926.99,2238.32,1023.49,2329.56,515.6,1688.81,0.0
11,289.0,15.397400000000001,30.407,1.4409999999999998,84.047,25.978999999999996,14.2358,19.5114,6.316000000000001,2010.0,289.0,8.572,22.5652,0.0,36.569399999999995,17.729400000000002,3.359,9.7586,1.8032000000000001,2010.0,289.0,13.252773333333332,25.938933333333335,0.13729333333333332,50.96405333333334,21.585919999999998,8.054359999999999,13.963053333333338,3.798066666666667,2010.0,3428.29,2023.43,1179.24,2375.73,603.58,1775.38,0.2
12,305.0,12.6974,30.4718,10.147800000000002,79.5504,23.4908,9.5734,13.697799999999999,11.4848,2010.0,305.0,4.2572,20.1208,0.0,43.42359999999999,8.3606,-1.9032000000000002,3.2549999999999994,2.7488,2010.0,305.0,10.483426666666663,24.051973333333336,1.5317599999999998,53.24502666666667,15.497520000000002,3.11352,8.287573333333334,6.2162533333333325,2010.0,3007.15,1829.82,1331.68,2462.99,646.59,1969.91,0.25
