,DOY,INSgdmax,RADmax,RAINmax,RHmax,TMAXmax,TMINmax,Tmax,WINDmax,YEAR,DOY,INSgdmin,RADmin,RAINmin,RHmin,TMAXmin,TMINmin,Tmin,WINDmin,YEAR,DOY,INSgdmean,RADmean,RAINmean,RHmean,TMAXmean,TMINmean,Tmean,WINDmean,YEAR,NDVI,EVI,RED,NIR,BLUE,MIR,pixrel
0,113.0,26.1519,32.476699999999994,31.9077,93.68260000000001,25.450799999999994,16.5426,20.1616,9.1485,2010.0,113.0,3.3322999999999996,20.9736,0.0,52.397999999999996,13.617699999999997,3.7144,10.954,1.6625,2010.0,113.0,17.716973333333332,27.529159999999997,5.4509,70.54232666666667,19.80211333333333,9.648759999999998,14.59422666666667,4.32638,2010.0,5205.73,1942.48,423.71,1382.35,238.81,754.93,0.0
1,129.0,27.5159,32.1365,39.4326,91.4276,25.275100000000002,12.163200000000003,18.07,7.8921,2010.0,129.0,5.2688999999999995,24.3003,0.0,57.4724,13.8908,4.282500000000001,8.9415,1.9817999999999998,2010.0,129.0,17.506273333333333,28.57828,9.665114285714285,72.08684666666667,19.529799999999994,9.174046666666666,14.348639999999998,5.022986666666666,2010.0,6128.9,3099.34,483.03,2100.89,289.34,794.13,0.0
2,145.0,29.118299999999998,33.8899,6.1059,89.01190000000001,29.072,21.211599999999997,24.899,6.0421,2010.0,145.0,6.2745,27.3747,0.0,53.7699,17.530299999999997,10.4129,14.530899999999999,2.0068999999999995,2010.0,145.0,23.433139999999998,31.431793333333335,0.6472133333333332,76.97245333333335,25.557786666666665,16.741266666666668,21.215446666666665,3.3335933333333334,2010.0,6904.42,3625.68,374.29,2255.13,244.1,607.13,0.0
3,161.0,29.1387,36.444199999999995,74.733,92.8852,28.9172,23.444499999999998,25.428,5.5786,2010.0,161.0,3.0122999999999998,29.9289,0.0,69.1541,24.835299999999997,13.3812,20.0563,1.0503000000000002,2010.0,161.0,18.69634666666667,34.030433333333335,11.21466,80.92879333333333,27.265459999999997,19.11194,23.300686666666664,3.3362333333333343,2010.0,6531.94,4231.22,569.17,2726.23,534.63,725.85,1.98
4,177.0,29.689500000000002,37.1425,29.9925,89.87570000000002,30.533700000000003,23.6207,26.722400000000004,5.5198,2010.0,177.0,16.8646,27.6035,0.0,56.956199999999995,25.202399999999997,15.400399999999998,20.4011,1.5177000000000003,2010.0,177.0,26.16547333333334,32.55818,6.917226666666667,73.69584666666667,28.30178666666667,19.56822666666667,23.921186666666664,3.69552,2010.0,7781.06,4275.12,291.84,2542.32,196.87,501.79,0.28
5,193.0,27.823699999999995,37.2008,25.790599999999998,89.96110000000002,30.253200000000003,24.2945,26.6435,5.780499999999998,2010.0,193.0,11.8257,30.6586,0.0,60.7327,26.563200000000002,19.169900000000002,23.180099999999996,1.515,2010.0,193.0,21.93756,34.80410666666667,5.99784,80.21447333333333,28.66856,21.652753333333337,25.232873333333337,3.025353333333334,2010.0,7278.45,3898.47,343.55,2349.12,276.81,526.48,1.19
6,209.0,26.398400000000002,37.7691,28.632,92.4644,32.1699,25.418400000000002,28.410800000000002,6.037599999999999,2010.0,209.0,8.2327,32.6541,0.0,77.5878,28.0545,18.8524,23.819999999999997,1.7019000000000002,2010.0,209.0,20.630206666666666,35.64523333333333,9.985293333333335,85.84319333333333,29.64689333333333,22.858806666666666,26.21362666666667,3.55808,2010.0,7662.65,3910.88,270.77,2279.15,180.12,445.05,0.78
7,225.0,25.759999999999998,38.5197,19.4263,90.73150000000001,32.7616,26.4255,28.6371,5.1072999999999995,2010.0,225.0,8.1264,30.5516,0.0,70.1546,25.783100000000005,17.0435,22.4789,1.9020000000000001,2010.0,225.0,22.352233333333334,34.55994,4.27206,83.33586,29.830299999999998,22.015326666666667,25.88204,3.2028733333333332,2010.0,7605.63,3472.13,239.72,1980.0,158.47,405.53,0.0
8,241.0,24.3414,36.8568,21.9659,93.1879,30.2541,22.6693,25.7302,7.1831,2010.0,241.0,9.7956,25.688299999999998,0.0,64.07520000000001,21.3335,9.568300000000002,16.0043,1.8185999999999998,2010.0,241.0,20.27262,30.647239999999996,2.9674733333333325,77.98865333333333,26.42998,16.89782,21.768993333333334,4.173779999999999,2010.0,7409.39,3336.16,269.85,1937.85,166.28,436.39,0.28
9,257.0,22.333099999999998,34.5308,49.6738,93.6419,28.7662,19.6267,23.9618,6.201300000000001,2010.0,257.0,7.6629000000000005,27.122999999999998,0.0,61.7659,20.371900000000004,10.813300000000002,17.235300000000002,1.5048,2010.0,257.0,16.076446666666666,31.355286666666665,7.9782666666666655,78.25975333333334,25.014426666666665,15.12019333333333,20.010033333333332,4.008053333333334,2010.0,6146.29,2429.62,370.89,1604.19,177.73,419.53,0.13
10,273.0,19.2221,35.1214,11.8281,79.56460000000001,28.9454,20.608600000000003,24.492399999999996,7.842799999999999,2010.0,273.0,3.3588000000000005,22.1468,0.0,56.2718,15.4627,3.2202,9.325800000000001,1.3816000000000002,2010.0,273.0,16.389193333333335,26.204993333333334,1.4503,68.68697333333333,21.25278666666667,9.34096666666667,15.090806666666667,3.733193333333333,2010.0,5708.66,2001.9,339.88,1299.56,204.03,520.75,0.0
11,289.0,16.1363,31.9605,11.745600000000001,84.31530000000001,27.7526,14.8489,20.191,6.3972999999999995,2010.0,289.0,9.9918,22.654199999999996,0.0,49.53439999999999,17.4608,4.167,10.6063,2.3041,2010.0,289.0,14.016524761904762,26.49562,0.9875933333333333,60.08016666666667,21.887499999999996,8.689513333333332,14.827713333333332,3.8802733333333324,2010.0,5832.9,1994.22,322.75,1281.23,186.57,522.92,0.0
12,305.0,13.748099999999999,30.2646,19.1605,84.12899999999999,21.6728,10.5973,16.5212,10.7212,2010.0,305.0,7.0799,19.111,0.0,43.1195,8.1903,-2.9255000000000004,2.2006,3.0370999999999997,2010.0,305.0,11.471393333333335,23.396979999999992,1.7777866666666666,57.179446666666664,15.501419999999998,3.255419999999999,8.627006666666665,5.847906666666666,2010.0,5819.23,1934.51,314.34,1247.73,170.82,493.82,0.4
