,DOY,INSgdmax,RADmax,RAINmax,RHmax,TMAXmax,TMINmax,Tmax,WINDmax,YEAR,DOY,INSgdmin,RADmin,RAINmin,RHmin,TMAXmin,TMINmin,Tmin,WINDmin,YEAR,DOY,INSgdmean,RADmean,RAINmean,RHmean,TMAXmean,TMINmean,Tmean,WINDmean,YEAR,NDVI,EVI,RED,NIR,BLUE,MIR,pixrel
0,113.0,25.543999999999997,31.9042,14.6124,91.6928,27.1926,13.645600000000002,19.7796,9.239199999999999,2010.0,113.0,5.8412,22.0958,0.0,46.5484,13.2658,2.5642,9.2362,1.4653999999999998,2010.0,113.0,18.702573333333326,27.755466666666667,3.325773333333333,63.17488,20.1316,8.702586666666665,14.385786666666665,4.764693333333334,2010.0,3511.08,2388.84,1413.2,2931.65,718.2,2671.66,0.03
1,129.0,26.920199999999998,31.224800000000002,33.1962,86.82320000000001,27.9336,10.292800000000002,18.1574,9.0536,2010.0,129.0,5.6838,24.2286,0.0,46.3728,12.518,2.3806000000000003,8.9894,2.8038,2010.0,129.0,18.45756,27.901653333333332,4.84422857142857,61.0396,19.29042666666667,7.091826666666666,13.061146666666668,5.581346666666665,2010.0,3604.39,2487.26,1420.26,3012.23,718.73,2702.47,0.22
2,145.0,29.374399999999998,34.361000000000004,3.2328,84.5464,29.605,21.3176,24.4344,8.572000000000001,2010.0,145.0,7.9914000000000005,25.905199999999997,0.0,50.429399999999994,16.4714,9.8778,14.000599999999999,2.0987999999999998,2010.0,145.0,22.180053333333337,30.88648,0.5574,69.39170666666666,25.963093333333333,15.380106666666666,20.562266666666666,4.576639999999999,2010.0,3927.2,2804.25,1422.36,3230.96,726.28,2715.78,0.03
3,161.0,28.854600000000005,35.5994,45.798,90.52839999999999,29.959600000000002,22.5566,24.497799999999998,6.4708000000000006,2010.0,161.0,9.4418,29.750399999999996,0.0,54.3436,24.184800000000003,13.8734,20.3782,1.3248,2010.0,161.0,22.584253333333336,33.322186666666674,11.19796,74.39183999999997,27.485946666666667,17.97188,22.684359999999998,3.776333333333333,2010.0,6694.69,4794.62,684.88,3532.87,378.53,1006.3,0.0
4,177.0,29.750399999999996,36.669599999999996,67.5512,88.94160000000001,30.994000000000003,22.299799999999998,26.6058,7.158799999999999,2010.0,177.0,4.4516,28.376199999999997,0.0,53.621399999999994,26.679799999999997,15.2068,21.321800000000003,2.2643999999999997,2010.0,177.0,25.031813333333332,32.844919999999995,7.380986666666668,70.45062666666665,28.8966,18.868293333333334,23.81478666666667,4.5165999999999995,2010.0,6777.07,5066.69,715.67,3785.62,393.74,1424.32,0.0
5,193.0,28.714600000000004,36.9658,22.970000000000002,91.68440000000001,32.523199999999996,24.2136,27.881200000000003,5.668799999999999,2010.0,193.0,12.64,29.74,0.0,62.2652,24.924,16.9952,21.6408,1.2002,2010.0,193.0,23.321946666666662,33.82181333333334,5.140679999999999,79.55298666666664,28.235119999999995,20.011879999999998,24.20157333333334,3.0628,2010.0,8081.72,6530.3,458.49,4450.36,263.3,972.88,0.04
6,209.0,26.8446,38.6054,29.256200000000003,91.2046,31.942600000000002,24.456200000000003,27.7326,6.2856000000000005,2010.0,209.0,12.105799999999999,31.519000000000002,0.0,70.4826,26.807000000000002,18.24,23.6138,1.8396000000000001,2010.0,209.0,21.270693333333337,35.181173333333334,8.811213333333336,81.50496,29.640786666666667,21.754520000000003,25.791146666666673,3.75416,2010.0,8375.2,7160.95,425.0,4915.54,246.95,879.23,0.3
7,225.0,25.664999999999996,37.424,17.8196,90.40440000000001,33.492799999999995,24.6482,28.406200000000002,5.647,2010.0,225.0,8.6292,30.090799999999998,0.0,65.0746,23.2286,15.9478,21.0964,1.5158,2010.0,225.0,21.777906666666667,34.23489333333333,3.549746666666666,80.80236,29.75457333333334,20.613306666666666,25.392786666666666,3.4298933333333337,2010.0,8195.84,6236.76,391.0,4095.01,223.0,816.85,0.0
8,241.0,24.169800000000002,36.7046,27.038200000000003,86.419,31.9074,23.434600000000003,26.365000000000002,7.653,2010.0,241.0,8.230599999999999,25.060599999999997,0.0,52.05800000000001,22.495600000000003,9.96,17.372400000000003,2.5551999999999997,2010.0,241.0,20.721466666666668,30.797093333333336,3.060866666666667,68.86969333333333,27.862319999999997,16.69384,22.397040000000004,5.351613333333333,2010.0,7013.76,4779.37,577.27,3398.26,283.84,1048.18,0.0
9,257.0,22.5798,35.2708,45.998400000000004,88.63380000000001,31.9208,19.0672,22.6412,6.750200000000001,2010.0,257.0,3.9656,25.635599999999997,0.0,44.909,19.4092,9.709200000000001,13.9288,2.4541999999999997,2010.0,257.0,14.680599999999998,31.88253333333333,6.934093333333333,71.85078666666668,25.735213333333338,14.197173333333335,19.73186666666667,4.5376666666666665,2010.0,6103.5,3685.34,644.04,2730.28,329.68,1071.11,0.0
10,273.0,19.1144,35.4636,18.180000000000003,91.94399999999999,28.1982,13.859,21.7442,8.3674,2010.0,273.0,5.2858,22.260400000000004,0.0,48.525,17.07,3.1206,9.6924,2.1122,2010.0,273.0,16.064946666666664,26.552573333333328,1.52876,64.36322666666666,22.349800000000005,8.883253333333332,15.31193333333333,4.199973333333333,2010.0,4095.85,2098.25,850.14,2033.79,410.11,1546.39,0.0
11,289.0,15.714,31.7402,5.6788,82.6802,27.4286,14.772,20.052400000000002,5.875,2010.0,289.0,8.194600000000001,23.255,0.0,41.5836,18.2918,4.2592,10.8308,1.3738000000000001,2010.0,289.0,13.753453333333333,26.42518666666667,0.7824933333333334,55.201253333333334,22.131999999999998,8.48156,14.538306666666665,3.8112533333333327,2010.0,3231.95,1918.91,1229.23,2385.1,622.3,1885.42,0.03
12,305.0,13.0448,30.344400000000004,6.638400000000001,77.777,21.648200000000003,10.665,15.029,10.623999999999999,2010.0,305.0,6.309800000000001,19.750200000000003,0.0,42.7636,11.08,-1.8416000000000001,3.8089999999999997,2.02,2010.0,305.0,11.04864,23.936079999999997,0.7410933333333333,52.499200000000016,16.147720000000003,3.5428266666666666,8.867333333333333,6.06752,2010.0,2868.82,1811.02,1593.75,2736.23,855.64,2097.23,0.46
