,DOY,INSgdmax,RADmax,RAINmax,RHmax,TMAXmax,TMINmax,Tmax,WINDmax,YEAR,DOY,INSgdmin,RADmin,RAINmin,RHmin,TMAXmin,TMINmin,Tmin,WINDmin,YEAR,DOY,INSgdmean,RADmean,RAINmean,RHmean,TMAXmean,TMINmean,Tmean,WINDmean,YEAR,NDVI,EVI,RED,NIR,BLUE,MIR,pixrel
0,113.0,26.14,31.61,16.4,93.37,26.56,13.94,18.83,10.36,2010.0,113.0,5.22,21.38,0.0,46.35,13.12,2.63,9.95,1.44,2010.0,113.0,17.84666666666667,27.65066666666667,3.2706666666666666,67.544,19.688666666666666,9.088000000000001,14.347999999999997,4.517333333333334,2010.0,6514.79,4284.39,607.04,3079.31,325.95,1191.93,0.0
1,129.0,27.18,31.28,56.92,91.54,26.08,10.93,17.76,8.85,2010.0,129.0,5.98,24.52,0.0,49.36,13.88,3.07,8.29,3.12,2010.0,129.0,17.641333333333332,28.314000000000007,7.827142857142857,65.95466666666667,18.745999999999995,7.806666666666667,13.188666666666668,5.491333333333334,2010.0,7073.99,4955.2,556.92,3453.55,310.59,907.22,0.0
2,145.0,29.23,34.6,2.13,86.25,29.8,20.85,24.56,7.1,2010.0,145.0,8.03,25.7,0.0,47.63,16.68,10.06,14.35,2.05,2010.0,145.0,23.584,30.375999999999994,0.14666666666666664,70.59400000000001,25.74466666666667,15.582666666666666,20.617333333333328,4.014,2010.0,7094.45,4821.68,531.14,3315.4,290.16,1042.5,0.0
3,161.0,29.12,35.82,56.26,92.61,28.76,22.35,24.47,6.2,2010.0,161.0,2.09,29.38,0.0,62.2,22.82,12.56,19.37,0.74,2010.0,161.0,20.780666666666665,33.284000000000006,13.832666666666666,79.09066666666668,26.89933333333333,17.766666666666666,22.30733333333334,3.5133333333333336,2010.0,7446.78,5442.97,540.57,3790.13,294.29,1017.48,0.07
4,177.0,29.45,36.68,53.75,87.53,30.57,22.93,26.47,6.55,2010.0,177.0,11.84,28.12,0.0,57.51,25.69,14.55,20.31,2.48,2010.0,177.0,25.173333333333336,32.71933333333334,8.374,72.14266666666666,28.266000000000005,18.48466666666667,23.418666666666663,4.131333333333333,2010.0,7347.86,5148.0,540.53,3552.81,293.0,1122.2,0.07
5,193.0,28.4,36.58,29.83,95.3,31.28,23.26,26.98,5.94,2010.0,193.0,8.78,30.42,0.0,61.68,24.61,18.1,21.89,1.06,2010.0,193.0,21.551333333333332,34.138,7.343999999999999,79.95733333333334,27.96533333333333,20.579999999999995,24.36,3.032666666666667,2010.0,7594.76,5397.26,493.24,3659.01,271.97,1008.34,0.09
6,209.0,26.28,38.05,28.59,90.1,31.62,24.99,27.5,6.58,2010.0,209.0,8.42,31.9,0.0,75.31,27.4,18.06,23.29,2.21,2010.0,209.0,20.56,35.09466666666667,10.45,84.86399999999999,29.13866666666667,21.812,25.517333333333337,3.536,2010.0,7853.74,5677.02,457.04,3802.08,252.41,920.18,0.07
7,225.0,25.78,38.09,24.65,92.62,32.21,25.89,28.11,4.97,2010.0,225.0,4.25,29.84,0.0,69.24,24.16,15.95,21.61,1.55,2010.0,225.0,19.985333333333337,34.35466666666666,6.5920000000000005,83.90000000000002,29.509333333333338,21.09666666666667,25.337333333333337,3.540666666666667,2010.0,7743.34,5094.31,387.01,3264.21,214.59,819.86,0.0
8,241.0,24.3,36.14,38.15,92.43,30.94,23.31,25.82,7.24,2010.0,241.0,10.48,25.24,0.0,62.9,21.56,9.09,15.95,1.79,2010.0,241.0,21.10733333333333,30.407999999999998,3.6626666666666665,76.34533333333333,26.646666666666665,16.396,21.557333333333336,4.859999999999999,2010.0,7336.09,4660.79,466.19,3097.46,252.35,886.74,0.0
9,257.0,22.46,34.88,37.72,95.15,29.37,20.22,22.69,6.65,2010.0,257.0,3.24,25.63,0.0,54.55,17.44,10.47,13.55,2.27,2010.0,257.0,14.417333333333339,31.394000000000005,7.858666666666668,76.14733333333335,24.61733333333333,14.092666666666666,19.15266666666667,4.582666666666667,2010.0,6930.24,4371.92,526.08,3013.34,281.2,892.75,0.0
10,273.0,19.19,35.21,17.88,84.55,26.37,21.22,23.28,8.72,2010.0,273.0,3.02,22.36,0.0,56.54,15.32,2.66,9.16,2.13,2010.0,273.0,15.905333333333338,26.045999999999996,2.156,68.83333333333333,21.092,8.861333333333333,14.55533333333333,4.0040000000000004,2010.0,6492.25,3886.98,572.53,2798.78,272.85,1058.2,0.0
11,289.0,16.02,32.33,8.5,88.86,27.11,14.62,20.06,6.48,2010.0,289.0,9.11,22.61,0.0,44.99,17.37,3.89,10.2,1.75,2010.0,289.0,13.752000000000002,26.257999999999996,0.6746666666666666,58.82066666666667,21.440666666666672,8.143333333333334,14.119333333333337,4.005333333333334,2010.0,5620.67,3245.1,691.39,2537.69,343.35,1296.78,0.01
12,305.0,13.57,30.46,13.89,82.23,21.76,10.71,15.79,10.84,2010.0,305.0,5.65,19.22,0.0,41.6,9.55,-3.28,2.33,2.27,2010.0,305.0,10.960666666666667,23.474666666666664,1.7486666666666664,54.66600000000001,15.262666666666666,2.968666666666666,8.291333333333332,6.263999999999999,2010.0,5165.3,2922.97,730.96,2393.25,365.69,1354.23,0.0
