,DOY,INSgdmax,RADmax,RAINmax,RHmax,TMAXmax,TMINmax,Tmax,WINDmax,YEAR,DOY,INSgdmin,RADmin,RAINmin,RHmin,TMAXmin,TMINmin,Tmin,WINDmin,YEAR,DOY,INSgdmean,RADmean,RAINmean,RHmean,TMAXmean,TMINmean,Tmean,WINDmean,YEAR,NDVI,EVI,RED,NIR,BLUE,MIR,pixrel
0,113.0,26.28,32.87,32.57,91.88,25.93,14.16,19.05,10.01,2010.0,113.0,5.51,21.1,0.0,46.53,11.89,2.83,10.24,1.71,2010.0,113.0,17.81266666666667,27.66733333333334,4.716,67.94533333333332,19.694000000000003,9.086000000000002,14.278000000000002,4.460666666666667,2010.0,4076.33,1652.52,467.88,1378.15,234.25,831.76,10.27
1,129.0,27.4,31.32,47.42,91.74,25.81,11.08,17.61,8.56,2010.0,129.0,5.15,24.62,0.0,50.94,13.38,3.73,8.32,2.52,2010.0,129.0,17.667333333333332,28.243333333333336,8.984285714285717,67.98,18.71933333333334,8.085999999999999,13.359333333333336,5.398000000000001,2010.0,5108.21,2730.14,504.81,1940.08,316.28,728.24,0.05
2,145.0,29.12,34.38,4.71,87.43,29.48,21.09,24.85,6.73,2010.0,145.0,7.92,26.06,0.0,46.44,16.83,10.97,14.36,1.86,2010.0,145.0,23.567333333333337,30.667333333333332,0.37733333333333335,72.54466666666666,25.534666666666666,15.883999999999999,20.747333333333337,3.7013333333333325,2010.0,5711.32,3056.03,362.21,2005.59,217.22,513.22,7.78
3,161.0,29.23,36.32,42.84,92.91,28.34,22.68,24.84,5.64,2010.0,161.0,2.41,29.12,0.0,65.9,22.86,13.02,19.39,0.64,2010.0,161.0,18.908,33.50066666666667,12.967333333333334,80.24933333333334,26.770666666666667,18.005333333333336,22.43266666666667,3.3759999999999994,2010.0,5234.97,3617.76,729.96,2664.79,717.04,797.6,9.92
4,177.0,29.48,35.82,50.95,87.06,30.55,23.21,26.51,5.89,2010.0,177.0,16.02,28.04,0.0,60.06,25.28,14.47,20.06,1.87,2010.0,177.0,25.668000000000003,32.43533333333333,9.7,73.73466666666666,28.04200000000001,18.59466666666667,23.366,3.9286666666666665,2010.0,6699.62,3906.52,282.83,2386.77,180.67,452.56,5.13
5,193.0,28.48,37.44,25.05,94.15,31.16,22.69,26.63,5.46,2010.0,193.0,7.16,30.67,0.0,62.09,25.68,18.18,22.21,1.09,2010.0,193.0,20.987333333333332,34.38533333333334,6.946000000000001,79.97466666666668,28.059333333333328,20.81,24.487333333333332,3.0346666666666664,2010.0,6785.18,4050.04,288.46,2472.39,186.61,439.52,2.89
6,209.0,26.21,38.34,24.63,90.81,31.5,25.27,27.69,6.26,2010.0,209.0,7.6,32.29,0.0,76.71,27.45,18.0,23.1,1.82,2010.0,209.0,19.982000000000006,35.330666666666666,8.762666666666666,85.39266666666667,29.14133333333333,21.886,25.60066666666667,3.4679999999999995,2010.0,6905.86,3820.39,266.64,2305.91,168.62,464.57,5.23
7,225.0,26.1,37.91,29.9,93.81,32.31,25.94,27.98,5.01,2010.0,225.0,6.3,29.95,0.0,70.4,24.39,15.87,21.67,1.73,2010.0,225.0,20.59733333333333,34.395999999999994,6.966666666666666,84.59466666666667,29.363999999999997,21.303333333333338,25.327333333333335,3.4573333333333327,2010.0,6608.7,3447.26,284.7,2068.15,180.35,423.27,2.59
8,241.0,24.3,36.61,16.08,93.54,30.61,23.15,25.41,7.41,2010.0,241.0,10.3,25.78,0.0,65.86,20.68,8.86,15.4,1.89,2010.0,241.0,20.264666666666674,30.49333333333333,3.408666666666667,78.192,26.228,16.401333333333337,21.350666666666665,4.576,2010.0,6661.55,3196.92,293.4,1910.12,186.65,415.79,0.01
9,257.0,22.43,34.67,41.72,95.39,28.64,20.19,22.98,6.81,2010.0,257.0,5.26,25.88,0.0,57.81,17.29,9.85,13.94,1.98,2010.0,257.0,15.530666666666667,31.142000000000003,7.1626666666666665,77.27133333333335,24.116,13.898,18.973333333333336,4.473333333333333,2010.0,5298.4,2414.74,400.3,1711.8,181.2,419.62,5.12
10,273.0,18.97,35.64,16.76,86.22,27.35,20.93,23.8,8.67,2010.0,273.0,3.53,22.28,0.0,58.58,14.99,2.64,9.02,2.15,2010.0,273.0,16.124,25.93466666666667,2.022666666666667,70.54066666666668,20.85666666666667,8.599333333333332,14.393333333333334,3.8873333333333333,2010.0,4581.26,1785.09,388.71,1323.06,205.76,534.13,7.69
11,289.0,15.95,32.36,8.01,89.94,27.06,14.27,19.92,6.36,2010.0,289.0,9.22,22.57,0.0,48.87,16.67,3.43,9.84,2.06,2010.0,289.0,13.716,26.279333333333337,0.5866666666666667,61.32333333333333,21.305333333333333,7.994000000000001,14.027999999999999,3.9846666666666675,2010.0,4589.56,1639.04,321.28,1217.94,149.75,543.35,15.52
12,305.0,13.07,30.1,10.4,85.46,21.21,10.51,15.77,10.74,2010.0,305.0,5.0,19.12,0.0,44.26,8.7,-3.73,1.83,2.46,2010.0,305.0,10.78,23.436666666666664,1.574,57.22533333333333,14.954666666666663,2.775333333333333,8.094,6.1046666666666685,2010.0,4577.64,1521.75,295.37,1100.98,148.48,452.85,12.82
