,DOY,INSgdmax,RADmax,RAINmax,RHmax,TMAXmax,TMINmax,Tmax,WINDmax,YEAR,DOY,INSgdmin,RADmin,RAINmin,RHmin,TMAXmin,TMINmin,Tmin,WINDmin,YEAR,DOY,INSgdmean,RADmean,RAINmean,RHmean,TMAXmean,TMINmean,Tmean,WINDmean,YEAR,NDVI,EVI,RED,NIR,BLUE,MIR,pixrel
0,113.0,26.42,32.58,32.74,92.06,24.5,14.28,19.02,9.51,2010.0,113.0,4.0,20.84,0.0,51.33,14.7,2.21,9.82,1.56,2010.0,113.0,18.87066666666667,26.57266666666667,5.3306666666666676,67.50533333333333,19.170666666666662,7.5406666666666675,13.184666666666667,4.6113333333333335,2010.0,4997.97,2386.93,623.95,1889.57,324.05,1154.14,0.0
1,129.0,26.86,29.7,33.05,90.79,25.92,10.25,16.86,8.22,2010.0,129.0,5.8,24.8,0.0,52.74,11.39,2.79,6.99,1.89,2010.0,129.0,17.847333333333335,27.602666666666664,7.670714285714285,69.39933333333333,17.875333333333334,7.125333333333333,12.368666666666666,5.479333333333333,2010.0,5992.62,3058.78,531.13,2156.6,286.91,964.45,0.0
2,145.0,28.98,34.63,9.56,90.65,28.65,21.23,24.18,6.7,2010.0,145.0,6.91,26.71,0.0,46.98,19.55,11.1,15.0,1.89,2010.0,145.0,22.739333333333335,30.703333333333333,1.5479999999999998,71.116,25.552,15.446666666666667,20.483333333333334,3.608666666666667,2010.0,7302.82,4181.96,400.91,2647.28,226.05,746.34,0.0
3,161.0,29.56,35.68,26.59,90.76,28.13,20.1,23.52,5.48,2010.0,161.0,6.8,28.55,0.0,66.14,22.65,11.91,18.6,0.95,2010.0,161.0,17.804666666666666,32.90466666666667,7.490666666666667,78.57600000000002,25.873333333333335,16.665333333333333,21.375999999999998,3.3846666666666665,2010.0,8175.62,5227.56,311.98,3204.14,182.1,595.89,1.0
4,177.0,29.74,36.0,27.24,86.27,29.22,22.11,25.48,5.92,2010.0,177.0,14.83,27.68,0.0,58.83,23.95,12.9,18.85,2.07,2010.0,177.0,25.923333333333336,31.75666666666667,6.016,74.31266666666667,26.962666666666664,17.428,22.35733333333333,3.984666666666667,2010.0,8099.19,5504.03,341.8,3450.53,197.03,695.29,0.0
5,193.0,28.76,37.12,29.11,94.97,29.64,22.27,25.61,5.42,2010.0,193.0,10.08,30.64,0.0,68.76,24.24,17.64,21.26,1.43,2010.0,193.0,21.532666666666668,33.900666666666666,8.132666666666667,80.71733333333331,27.407333333333337,20.108000000000004,23.747333333333337,3.2573333333333334,2010.0,8128.54,4958.4,301.04,3002.01,179.5,596.66,0.76
6,209.0,27.29,38.09,32.95,92.05,30.42,24.86,26.71,5.36,2010.0,209.0,8.89,31.32,0.0,74.61,26.26,17.66,22.45,2.02,2010.0,209.0,20.855999999999995,34.68733333333333,10.542000000000003,84.44266666666667,28.231999999999992,21.006000000000004,24.796666666666667,3.3833333333333337,2010.0,8157.96,4703.54,267.36,2774.29,151.21,541.24,0.22
7,225.0,25.88,37.48,20.4,92.59,31.0,24.64,27.17,5.4,2010.0,225.0,6.16,29.12,0.0,71.23,22.98,14.71,20.18,1.68,2010.0,225.0,19.672666666666668,34.104000000000006,5.9879999999999995,84.97666666666666,28.21333333333333,20.464,24.368,3.5146666666666664,2010.0,8038.1,4287.95,258.76,2488.76,149.07,513.65,0.0
8,241.0,24.12,36.61,12.33,91.68,29.82,22.18,24.59,8.19,2010.0,241.0,5.36,26.28,0.0,67.68,19.74,8.15,14.74,2.15,2010.0,241.0,19.051333333333332,30.451999999999998,2.0533333333333332,78.40133333333333,25.430000000000003,15.72866666666667,20.667999999999996,4.607333333333333,2010.0,7631.32,3942.14,300.64,2342.23,173.45,532.07,0.01
9,257.0,21.6,34.02,34.23,96.43,26.87,18.87,21.79,8.2,2010.0,257.0,1.91,26.6,0.0,57.72,17.11,8.27,13.06,2.48,2010.0,257.0,15.818,30.200666666666663,6.285333333333333,76.33999999999999,22.88,12.157333333333332,17.452,4.56,2010.0,6137.53,3004.9,496.89,2104.32,236.66,568.48,0.0
10,273.0,18.14,35.96,26.93,87.51,25.93,19.81,22.47,8.54,2010.0,273.0,5.08,22.1,0.0,60.28,13.56,1.99,8.41,1.88,2010.0,273.0,15.36466666666667,25.728,2.5433333333333334,72.346,19.708666666666666,7.685999999999999,13.356666666666666,3.9846666666666666,2010.0,5391.71,2172.18,458.58,1553.42,237.88,722.13,0.0
11,289.0,15.48,32.33,3.95,91.39,27.47,13.35,19.51,6.06,2010.0,289.0,7.31,22.28,0.0,53.16,14.08,2.22,7.76,1.97,2010.0,289.0,13.714,25.720666666666666,0.26333333333333336,64.17866666666667,19.894000000000002,7.288666666666668,12.990666666666668,3.8966666666666674,2010.0,5453.99,2084.39,432.68,1470.88,223.55,797.77,0.01
12,305.0,12.06,31.68,14.59,91.44,18.01,11.41,14.87,11.51,2010.0,305.0,4.28,18.86,0.0,48.98,6.82,-4.52,0.55,2.39,2010.0,305.0,9.777333333333333,23.40266666666667,1.9926666666666668,64.08666666666667,12.94733333333333,1.8106666666666666,6.647333333333333,5.871333333333334,2010.0,5428.54,2043.97,434.02,1454.24,219.51,787.19,0.04
