,DOY,INSgdmax,RADmax,RAINmax,RHmax,TMAXmax,TMINmax,Tmax,WINDmax,YEAR,DOY,INSgdmin,RADmin,RAINmin,RHmin,TMAXmin,TMINmin,Tmin,WINDmin,YEAR,DOY,INSgdmean,RADmean,RAINmean,RHmean,TMAXmean,TMINmean,Tmean,WINDmean,YEAR,NDVI,EVI,RED,NIR,BLUE,MIR,pixrel
0,113.0,25.7,31.826,16.97,91.346,27.594,14.066,20.246000000000002,9.443999999999999,2010.0,113.0,6.208,22.450000000000003,0.0,47.69800000000001,14.198,2.9399999999999995,9.624,1.472,2010.0,113.0,18.296266666666664,27.858533333333334,3.839733333333333,64.0424,20.26786666666667,9.049866666666667,14.669733333333333,4.7565333333333335,2010.0,3565.01,2428.37,1455.88,3020.84,708.6,2679.16,0.02
1,129.0,26.972,31.694000000000003,36.494,89.656,27.63,10.804,18.562,9.132,2010.0,129.0,5.178,24.212000000000003,0.0,45.635999999999996,12.814,2.866,9.364,2.654,2010.0,129.0,18.45173333333333,28.194000000000003,5.358714285714285,61.93039999999999,19.644266666666667,7.652933333333333,13.537466666666667,5.556133333333333,2010.0,3624.85,2506.63,1470.99,3105.62,710.77,2763.37,0.0
2,145.0,29.318,34.4,2.896,84.702,29.808,21.296,24.536,8.396,2010.0,145.0,7.23,26.284,0.0,52.3,17.078,10.106000000000002,14.280000000000001,1.932,2010.0,145.0,22.163200000000003,31.073733333333333,0.5442666666666667,70.20053333333334,26.169066666666666,15.7728,20.8384,4.449599999999999,2010.0,3806.96,2768.02,1555.32,3405.2,753.68,2918.1,0.01
3,161.0,28.826,35.714,46.354000000000006,90.82,30.07,22.928,24.704,6.574,2010.0,161.0,10.328000000000001,30.246000000000002,0.0,55.568000000000005,25.196,14.376000000000001,21.094,1.252,2010.0,161.0,22.42813333333333,33.625733333333336,11.049866666666667,75.23119999999999,27.839866666666666,18.565333333333335,23.140266666666665,3.6992,2010.0,6491.85,4646.7,765.59,3568.93,402.72,1323.6,0.0
4,177.0,29.698,36.663999999999994,60.724,89.206,30.982,22.314,26.694,7.023999999999999,2010.0,177.0,4.54,28.402,0.0,54.432,26.928000000000004,15.613999999999999,21.662,2.2779999999999996,2010.0,177.0,24.641199999999998,33.03399999999999,6.397600000000001,71.15,29.0588,19.15213333333333,24.0752,4.498533333333333,2010.0,7477.07,5628.77,573.52,3975.08,306.22,1160.78,0.0
5,193.0,28.542,36.926,28.193999999999996,92.884,32.29,24.456,27.945999999999998,5.82,2010.0,193.0,11.24,30.171999999999997,0.0,63.816,25.352,17.965999999999998,22.119999999999997,1.176,2010.0,193.0,22.648399999999995,34.20346666666667,5.016933333333332,80.752,28.472133333333332,20.573733333333337,24.567866666666674,3.0440000000000005,2010.0,8514.43,7281.47,390.84,4983.34,214.32,896.33,0.16
6,209.0,26.9,38.372,31.869999999999997,92.138,33.042,24.798000000000002,28.031999999999996,6.6739999999999995,2010.0,209.0,10.1,31.912,0.0,73.51400000000001,27.223999999999997,18.588,23.846000000000004,2.0,2010.0,209.0,21.00826666666667,35.3516,9.063600000000001,82.2944,29.863866666666663,22.1708,26.0852,3.785733333333334,2010.0,8770.0,7296.29,308.2,4821.53,169.3,740.25,0.37
7,225.0,25.5,37.44799999999999,20.664,89.34800000000001,33.762,25.073999999999998,28.751999999999995,5.33,2010.0,225.0,6.89,30.607999999999997,0.0,66.34,23.198,16.45,21.272,1.532,2010.0,225.0,21.147733333333335,34.44906666666667,3.9256,80.44466666666666,30.08226666666667,20.945066666666666,25.693600000000004,3.4113333333333333,2010.0,8526.13,6603.57,329.24,4281.91,181.13,750.61,0.0
8,241.0,24.232,36.676,22.584,90.06,32.19200000000001,23.918,26.688000000000002,7.728,2010.0,241.0,7.534000000000001,25.136000000000003,0.0,51.488,22.984,10.578000000000001,17.472,2.464,2010.0,241.0,20.951733333333337,30.84466666666667,2.7872000000000003,68.9892,28.149199999999993,16.963866666666668,22.650933333333334,5.143733333333334,2010.0,7301.16,5077.37,541.79,3541.06,274.07,946.04,0.0
9,257.0,22.558,35.414,42.424,90.012,32.03,20.146,23.357999999999997,6.52,2010.0,257.0,5.199999999999999,26.122,0.0,44.43,20.934,10.542000000000002,15.084,2.5879999999999996,2010.0,257.0,14.791733333333331,32.09213333333334,7.002533333333333,72.91746666666668,26.204933333333337,14.792400000000002,20.223333333333336,4.484,2010.0,6391.55,3968.46,627.44,2888.33,326.19,959.68,0.0
10,273.0,19.248,35.512,17.516000000000002,89.648,28.473999999999997,16.137999999999998,22.418,8.552000000000001,2010.0,273.0,4.904,22.340000000000003,0.0,49.854,17.238,3.492,9.948,1.9880000000000002,2010.0,273.0,16.07293333333333,26.6132,1.4866666666666668,64.44893333333333,22.595466666666667,9.263333333333335,15.61693333333333,4.106400000000001,2010.0,3761.1,2206.78,1118.25,2438.46,550.71,1728.66,0.0
11,289.0,15.884,31.534000000000002,8.046,82.428,27.92,15.613999999999999,20.36,6.404,2010.0,289.0,8.6,23.406,0.0,42.712,18.644,4.98,11.348,1.4100000000000001,2010.0,289.0,13.8232,26.67706666666667,1.0344,55.85906666666666,22.518133333333335,8.9064,14.976933333333333,3.8426666666666667,2010.0,3424.28,2203.51,1352.12,2703.94,645.93,1956.94,0.63
12,305.0,13.126000000000001,30.291999999999998,9.456,74.652,22.044,11.242,15.712,10.253999999999998,2010.0,305.0,6.834,19.69,0.0,41.25,11.322,-1.684,3.926,2.04,2010.0,305.0,11.318266666666666,23.865466666666666,1.0025333333333333,51.47160000000001,16.550133333333335,3.8616,9.2216,6.0545333333333335,2010.0,3105.91,2025.71,1512.88,2828.9,693.19,2176.61,0.48
