,DOY,INSgdmax,RADmax,RAINmax,RHmax,TMAXmax,TMINmax,Tmax,WINDmax,YEAR,DOY,INSgdmin,RADmin,RAINmin,RHmin,TMAXmin,TMINmin,Tmin,WINDmin,YEAR,DOY,INSgdmean,RADmean,RAINmean,RHmean,TMAXmean,TMINmean,Tmean,WINDmean,YEAR,NDVI,EVI,RED,NIR,BLUE,MIR,pixrel
0,113.0,25.4375,31.354,8.5695,90.7935,26.407999999999998,12.750499999999999,18.744,8.7095,2010.0,113.0,5.596500000000001,21.845000000000002,0.0,46.204,10.7195,2.1504999999999996,8.7205,1.612,2010.0,113.0,18.946033333333332,27.145533333333333,1.9376666666666666,62.4335,19.699766666666665,8.216233333333333,13.948633333333335,4.533566666666666,2010.0,2800.14,1717.15,1204.66,2219.96,666.42,2138.79,0.44
1,129.0,27.878,30.054,25.659499999999998,86.28,26.521,10.196000000000002,16.305500000000002,8.3355,2010.0,129.0,5.882,23.460500000000003,0.0,50.013,12.752,1.5775,7.955499999999999,2.6405000000000003,2010.0,129.0,17.30043333333333,27.014666666666663,4.420285714285714,62.33989999999999,18.130733333333335,6.054600000000001,11.911766666666669,5.5063,2010.0,3955.08,2410.08,1014.87,2371.02,628.36,1611.71,0.69
2,145.0,28.980000000000004,34.542500000000004,8.4495,84.44399999999999,29.1695,21.0915,24.0365,8.485,2010.0,145.0,12.3695,25.750500000000002,0.0,46.266999999999996,18.303,9.9695,14.5105,2.2335000000000003,2010.0,145.0,22.72153333333334,30.22083333333333,0.8819666666666668,66.77946666666666,26.002533333333336,14.734733333333333,20.12876666666667,4.7072,2010.0,4594.49,2682.48,855.73,2377.32,467.15,1433.98,0.38
3,161.0,29.039499999999997,35.3335,32.5155,87.851,29.0745,21.9095,23.374499999999998,6.595,2010.0,161.0,6.902,28.669,0.0,55.894999999999996,21.91,12.982,18.5345,1.2389999999999999,2010.0,161.0,20.779600000000002,32.557,11.0721,74.79636666666667,25.95646666666666,16.473066666666668,21.13813333333334,3.9917333333333334,2010.0,6320.36,4060.79,644.82,2964.48,357.37,912.7,0.38
4,177.0,29.713,35.87350000000001,23.277,86.969,30.1175,21.754500000000004,25.751,7.479000000000001,2010.0,177.0,19.2295,27.839,0.0,52.295500000000004,25.256,13.9345,19.852,2.3714999999999997,2010.0,177.0,26.872533333333337,31.97233333333332,4.5154000000000005,70.3714,27.88113333333333,17.714933333333335,22.854066666666668,4.5471666666666675,2010.0,6500.5,4428.89,673.77,3274.35,371.64,1190.78,0.08
5,193.0,28.493499999999997,36.713,25.119500000000002,88.7435,31.402499999999996,23.752,27.067,5.9464999999999995,2010.0,193.0,10.346499999999999,29.8145,0.0,60.725,23.621499999999997,15.73,21.406,1.5434999999999999,2010.0,193.0,23.373133333333328,33.14346666666667,5.917166666666667,76.36766666666665,27.842066666666668,19.355199999999996,23.67033333333334,3.364466666666667,2010.0,6651.96,4629.52,662.58,3387.41,364.96,1001.28,0.28
6,209.0,26.5105,37.95649999999999,36.0115,89.30099999999999,31.831999999999997,23.462999999999997,27.350499999999997,5.691,2010.0,209.0,12.0415,31.1095,0.0,64.025,27.2705,18.053,23.191999999999997,1.679,2010.0,209.0,20.815599999999996,34.62239999999999,9.826600000000001,77.90730000000002,29.455700000000004,21.147299999999998,25.281233333333336,3.590133333333334,2010.0,6497.75,4376.51,652.89,3189.91,357.35,907.8,0.17
7,225.0,25.6045,38.236000000000004,14.589,94.4225,32.9315,25.3505,27.695500000000003,5.9475,2010.0,225.0,12.531500000000001,28.732999999999997,0.0,61.75449999999999,22.968500000000002,15.4385,20.739,1.744,2010.0,225.0,22.0986,33.8099,2.743566666666667,80.46086666666666,29.269899999999996,20.34623333333333,24.88606666666667,3.7133333333333334,2010.0,5477.72,3832.1,894.76,3197.68,464.44,1350.62,0.08
8,241.0,24.060499999999998,36.429500000000004,25.005000000000003,86.78800000000001,31.854000000000003,21.478,26.0835,8.238,2010.0,241.0,10.610500000000002,24.9755,0.0,51.2325,22.074,9.427999999999999,16.6665,2.4370000000000003,2010.0,241.0,20.767533333333333,30.51513333333334,3.127766666666667,68.73236666666666,27.329533333333337,16.123666666666665,21.8427,5.656866666666667,2010.0,5245.06,3344.78,827.03,2758.26,448.71,1224.39,0.15
9,257.0,22.25,35.183,38.257,90.33250000000001,31.0795,17.194,21.193,7.092499999999999,2010.0,257.0,4.902,25.482499999999998,0.0,46.350500000000004,16.397000000000002,8.3225,12.404,3.0900000000000003,2010.0,257.0,14.431033333333334,31.16586666666667,6.337133333333332,68.52189999999999,24.445500000000003,13.068333333333335,18.550666666666665,4.735700000000001,2010.0,4783.48,2691.22,766.34,2272.38,409.44,1151.01,0.04
10,273.0,18.79,34.394,16.3615,95.191,26.163,12.0185,20.6625,8.271,2010.0,273.0,5.214,22.095500000000005,0.0,47.4025,16.206,2.6405000000000003,9.059999999999999,2.224,2010.0,273.0,16.200333333333333,25.89183333333333,1.6284666666666663,64.60353333333333,21.469900000000003,8.1193,14.474566666666664,4.401466666666666,2010.0,3939.65,2157.12,921.87,2135.27,492.14,1524.0,0.05
11,289.0,15.367,30.600500000000004,5.7675,86.50949999999999,26.822,13.679,19.682000000000002,6.073,2010.0,289.0,9.618,22.674,0.0,40.54899999999999,17.043499999999998,3.3955,9.513000000000002,1.5705,2010.0,289.0,13.509233333333336,25.87426666666667,0.5079333333333333,54.60200000000001,21.229933333333335,7.710099999999999,13.686,3.812533333333333,2010.0,3393.58,1808.09,965.19,1999.01,509.38,1568.45,0.14
12,305.0,12.715000000000002,30.8195,8.772,82.80000000000001,21.311499999999995,10.0885,14.3265,11.458499999999999,2010.0,305.0,5.0395,19.728500000000004,0.0,44.6355,8.5195,-2.5999999999999996,2.9615,2.841,2010.0,305.0,10.431799999999999,23.756099999999996,1.2391333333333332,55.89456666666667,14.712100000000003,2.698666666666666,7.807733333333333,6.270066666666667,2010.0,3117.07,1462.59,852.04,1664.29,450.59,1187.91,0.49
