,DOY,INSgdmax,RADmax,RAINmax,RHmax,TMAXmax,TMINmax,Tmax,WINDmax,YEAR,DOY,INSgdmin,RADmin,RAINmin,RHmin,TMAXmin,TMINmin,Tmin,WINDmin,YEAR,DOY,INSgdmean,RADmean,RAINmean,RHmean,TMAXmean,TMINmean,Tmean,WINDmean,YEAR,NDVI,EVI,RED,NIR,BLUE,MIR,pixrel
0,113.0,26.070700000000002,32.077299999999994,14.782499999999999,94.99619999999999,27.1939,13.5863,19.579700000000003,10.118,2010.0,113.0,5.7071000000000005,21.893,0.0,49.3195,13.4597,2.5534,9.433700000000002,1.4723000000000002,2010.0,113.0,18.069353333333332,27.8149,3.64492,66.80382,19.79167333333333,8.993033333333333,14.432599999999999,4.592700000000001,2010.0,5568.18,3810.24,919.74,3209.51,479.0,1898.36,0.0
1,129.0,27.2432,31.6712,63.3553,92.23509999999999,26.3375,10.0983,17.9904,8.8737,2010.0,129.0,4.8897,24.572499999999998,0.0,48.7618,13.150699999999999,2.7150999999999996,8.7466,2.984,2010.0,129.0,17.616460000000004,28.250186666666664,7.708292857142857,65.01927999999998,19.02316666666667,7.619059999999999,13.239133333333333,5.509873333333332,2010.0,5975.53,3950.92,779.0,3081.11,416.1,1502.16,0.31
2,145.0,29.1557,34.58590000000001,5.0517,86.1976,29.419400000000003,21.024800000000003,24.253200000000003,7.481599999999999,2010.0,145.0,7.332800000000001,25.9216,0.0,52.0799,16.6756,9.5622,14.2357,2.1860999999999997,2010.0,145.0,22.574426666666668,30.62417333333333,0.6071199999999999,71.02727333333333,25.83684,15.507100000000001,20.578480000000003,4.249146666666666,2010.0,6199.86,4179.09,732.08,3174.86,385.99,1513.1,0.0
3,161.0,28.990399999999998,35.5939,65.84819999999999,91.9553,29.1749,22.764000000000003,24.497100000000003,6.4487,2010.0,161.0,4.7585,30.0155,0.0,58.905199999999994,25.2209,13.3415,20.3125,0.9437,2010.0,161.0,21.30585333333333,33.49686,14.073640000000001,77.76190666666668,27.294599999999996,18.18850666666667,22.71267333333333,3.5923066666666674,2010.0,7189.35,4687.51,515.27,3169.58,282.27,945.34,0.01
4,177.0,29.685200000000002,36.858599999999996,56.8416,90.3664,30.2573,22.4735,26.3384,6.8012,2010.0,177.0,5.7492,28.186600000000006,0.0,56.1009,26.068199999999997,15.040700000000001,20.8681,2.268,2010.0,177.0,24.38977333333333,32.935219999999994,7.30348,72.81222666666667,28.37554,18.75082,23.624786666666665,4.293593333333333,2010.0,7101.73,4844.16,567.34,3372.16,307.66,1145.82,0.0
5,193.0,28.0966,36.8266,25.8296,94.6105,31.283299999999997,24.0323,27.4054,5.975999999999999,2010.0,193.0,8.844100000000001,30.320999999999998,0.0,64.05850000000001,24.304,18.2647,21.823999999999998,1.2532,2010.0,193.0,21.728213333333336,34.15768666666666,5.514446666666668,81.73758666666667,27.98332,20.583466666666666,24.340033333333334,3.0185133333333334,2010.0,7589.5,5645.14,527.19,3889.23,291.28,1115.68,0.02
6,209.0,26.722100000000005,37.850199999999994,38.503600000000006,92.14840000000001,31.9642,24.7436,27.646,6.7725,2010.0,209.0,9.9785,31.737099999999998,0.0,75.08800000000001,26.992599999999996,18.3374,23.535600000000002,2.0602,2010.0,209.0,20.723526666666668,35.155053333333335,10.531386666666666,84.57430666666666,29.347320000000003,21.96125333333333,25.699673333333337,3.6548000000000007,2010.0,8048.17,6063.51,427.47,4032.9,238.39,895.24,0.28
7,225.0,25.2175,37.9723,25.642,89.79560000000001,33.0965,25.2972,28.4163,4.9323,2010.0,225.0,4.439,30.3842,0.0,69.2114,23.5785,16.4934,21.5024,1.5852,2010.0,225.0,20.44342,34.29747333333333,6.06036,83.16081333333335,29.587073333333336,20.910246666666662,25.383733333333335,3.428466666666667,2010.0,8145.73,5875.91,381.0,3800.74,212.12,816.67,0.0
8,241.0,24.3155,36.9293,34.7526,92.36360000000002,30.950400000000002,23.643,26.351100000000002,7.3158,2010.0,241.0,7.7377,24.8625,0.0,58.10589999999999,22.042199999999998,9.519,16.5768,2.1126,2010.0,241.0,20.655393333333333,30.58889333333334,3.0245666666666664,73.90326,27.171986666666665,16.54408,21.93248,4.954673333333333,2010.0,7354.29,4781.01,486.06,3210.83,253.67,907.74,0.0
9,257.0,22.525199999999998,34.946600000000004,38.119,92.9124,30.388399999999997,20.194399999999998,22.7014,6.2348,2010.0,257.0,4.5454,25.7789,0.0,51.1827,19.7447,10.960899999999999,15.1726,2.5540000000000003,2010.0,257.0,14.86874,31.745253333333334,6.502453333333333,76.50973333333333,25.23839333333333,14.599333333333334,19.645880000000002,4.4519666666666655,2010.0,6572.89,4166.86,620.95,2995.58,330.37,1041.92,0.0
10,273.0,19.3014,35.2228,15.3339,86.7185,27.105400000000003,19.0661,22.804,8.793700000000001,2010.0,273.0,3.3991,22.3173,0.0,53.465199999999996,16.2847,2.8927,9.371500000000001,2.0253000000000005,2010.0,273.0,15.998166666666666,26.296273333333332,1.3750200000000001,67.14758666666667,21.59593333333333,9.022280000000002,14.946966666666665,4.02578,2010.0,5108.74,3038.92,851.36,2601.57,434.36,1465.2,0.0
11,289.0,16.1132,31.6766,8.546399999999998,89.2427,27.1741,15.4741,19.9822,6.7226,2010.0,289.0,8.9996,23.0346,0.0,43.6774,17.5426,4.1163,10.4388,1.4855,2010.0,289.0,13.8061,26.46342,0.7193666666666667,58.18492,21.72574666666667,8.531426666666668,14.445293333333332,3.8853333333333335,2010.0,4592.23,2949.69,1078.49,2849.34,519.6,1770.5,0.48
12,305.0,13.468,30.3104,7.0722,77.7459,21.680100000000003,10.9411,15.659500000000001,10.502600000000001,2010.0,305.0,6.8568999999999996,19.4148,0.0,42.196799999999996,10.2534,-2.4347000000000003,2.9786,2.2721,2010.0,305.0,11.34015333333333,23.597120000000004,1.1612266666666669,53.23710000000001,15.705319999999997,3.382553333333333,8.633186666666667,6.1670733333333345,2010.0,4269.78,2535.75,1038.82,2543.44,517.53,1664.37,0.03
