,DOY,INSgdmax,RADmax,RAINmax,RHmax,TMAXmax,TMINmax,Tmax,WINDmax,YEAR,DOY,INSgdmin,RADmin,RAINmin,RHmin,TMAXmin,TMINmin,Tmin,WINDmin,YEAR,DOY,INSgdmean,RADmean,RAINmean,RHmean,TMAXmean,TMINmean,Tmean,WINDmean,YEAR,NDVI,EVI,RED,NIR,BLUE,MIR,pixrel
0,113.0,26.323,32.26349999999999,26.4815,91.2655,23.333,13.616,18.223,9.249499999999998,2010.0,113.0,4.5705,20.721,0.0,52.5525,11.4,1.5404999999999998,8.893,1.5815,2010.0,113.0,18.88626666666666,26.058933333333332,3.9551666666666665,67.30633333333333,17.9244,6.593633333333333,12.0777,4.5630999999999995,2010.0,4940.03,2586.45,735.36,2161.31,374.43,1316.46,0.0
1,129.0,26.414,29.6795,23.027500000000003,87.6305,25.358000000000004,9.258500000000002,15.8905,7.826999999999999,2010.0,129.0,5.088,23.726499999999998,0.0,54.1035,10.331499999999998,1.6985000000000001,6.0235,1.7045000000000001,2010.0,129.0,17.3158,27.005433333333336,4.802357142857143,70.28833333333334,16.638166666666663,5.8971,11.167033333333336,5.252833333333333,2010.0,6338.26,3607.34,568.54,2553.77,300.37,1009.01,0.0
2,145.0,29.163500000000003,34.9205,7.051,91.0815,28.791000000000004,20.8395,23.867,6.731999999999999,2010.0,145.0,8.5445,25.4955,0.0,43.31400000000001,20.693,10.4075,15.589,2.018,2010.0,145.0,22.35566666666666,30.21553333333333,1.6770666666666667,68.75390000000002,25.173999999999992,14.895399999999999,20.050333333333334,3.7067999999999994,2010.0,7460.25,4709.96,439.59,3070.94,237.46,819.84,0.0
3,161.0,28.161499999999997,34.876000000000005,24.634,92.4025,27.423499999999997,17.418,22.4935,6.023,2010.0,161.0,5.019500000000001,28.070500000000003,0.0,67.0905,21.071500000000004,11.181999999999999,17.3165,1.41,2010.0,161.0,17.373833333333334,32.14426666666666,8.896866666666666,78.65776666666666,24.259433333333334,15.155533333333333,19.788733333333333,3.6518,2010.0,8285.87,5362.09,302.8,3284.97,168.27,552.69,0.79
4,177.0,29.537499999999998,35.569,26.661,89.269,29.018000000000004,20.7125,23.9855,6.4835,2010.0,177.0,11.9605,26.536,0.0,56.239,22.0285,11.997499999999999,17.532999999999998,1.9175,2010.0,177.0,24.740233333333336,31.358866666666664,5.326300000000001,74.37006666666667,25.719933333333337,16.379533333333335,21.268600000000003,4.135366666666666,2010.0,8195.18,5891.04,367.07,3789.58,205.74,722.99,0.0
5,193.0,28.4225,36.6755,36.020999999999994,94.216,29.624000000000002,21.5875,25.062,6.189499999999999,2010.0,193.0,10.379,30.433,0.0,70.0955,24.336000000000002,17.399,20.916500000000003,1.6055000000000001,2010.0,193.0,21.759866666666667,33.30329999999999,8.4461,79.76276666666666,27.205700000000007,19.45896666666667,23.309133333333335,3.5435333333333334,2010.0,8345.24,5870.28,325.04,3684.24,182.02,695.73,0.01
6,209.0,26.521,37.1245,20.9085,92.54599999999999,29.3475,23.1435,25.936500000000002,5.082999999999999,2010.0,209.0,11.447,30.574,0.0,71.13650000000001,24.0205,17.406499999999998,21.8185,1.5324999999999998,2010.0,209.0,21.5736,33.805499999999995,8.740433333333332,83.42750000000001,27.532899999999998,20.32633333333333,24.047199999999997,3.1517999999999993,2010.0,8331.56,5132.49,276.53,3077.2,150.48,579.57,0.02
7,225.0,25.171,37.193,25.891,94.64099999999999,30.823999999999998,24.6635,26.874500000000005,5.8995,2010.0,225.0,9.675,28.555500000000002,0.0,69.5335,23.012,13.691500000000001,19.110500000000002,1.9794999999999998,2010.0,225.0,20.0773,33.70866666666667,7.1967333333333325,84.2366,27.553133333333328,19.979166666666668,23.778733333333328,3.7718666666666674,2010.0,8253.52,4803.4,268.93,2840.41,147.93,557.02,0.0
8,241.0,23.463499999999996,36.632,10.9215,91.83250000000001,29.990499999999997,21.919,24.409,8.788499999999999,2010.0,241.0,7.124,26.1725,0.0,64.9155,18.1215,7.6365,13.9415,2.0509999999999997,2010.0,241.0,19.296333333333337,29.920566666666673,2.0194666666666667,77.63233333333334,24.987766666666662,15.41446666666667,20.283966666666664,4.9846,2010.0,7890.79,4556.28,325.15,2771.58,178.35,599.01,0.08
9,257.0,21.136,32.2645,24.276999999999997,94.2795,25.522999999999996,15.701999999999998,19.8305,9.158999999999999,2010.0,257.0,6.0685,26.374,0.0,60.595,16.371,7.8825,13.0255,2.692,2010.0,257.0,13.9203,30.017300000000002,6.096933333333333,75.63340000000001,20.955833333333334,11.038466666666666,15.885866666666667,4.433866666666666,2010.0,6667.62,3476.52,478.04,2389.45,204.78,666.97,0.0
10,273.0,18.014000000000003,35.548500000000004,36.1065,93.76050000000001,24.361500000000003,19.3805,21.302,8.925500000000001,2010.0,273.0,6.057,21.877000000000002,0.0,57.8195,12.1365,1.8115,8.2965,1.699,2010.0,273.0,14.536533333333336,25.695899999999998,2.885133333333333,72.82693333333334,18.8466,7.493466666666667,12.767033333333332,4.2488,2010.0,5480.97,2528.7,546.77,1886.76,266.23,836.81,0.0
11,289.0,14.9165,31.955499999999997,4.3035,90.497,27.194499999999998,13.229,19.2905,6.5105,2010.0,289.0,6.875500000000001,22.0465,0.0,51.98950000000001,12.4085,1.8155000000000001,6.774500000000001,1.308,2010.0,289.0,13.261800000000001,25.397999999999996,0.33166666666666667,64.08896666666666,19.058833333333332,6.858033333333332,12.317,3.734266666666666,2010.0,5310.42,2237.31,501.01,1651.22,249.33,952.57,0.0
12,305.0,11.776,31.168,13.177,92.968,16.7715,11.453499999999998,13.9575,12.138,2010.0,305.0,4.256500000000001,18.909499999999998,0.0,52.3945,6.1265,-4.725999999999999,0.0635,2.1475,2010.0,305.0,9.334866666666667,23.180566666666664,1.6346666666666672,66.40796666666667,11.675100000000002,1.4155333333333335,5.878533333333332,5.8899333333333335,2010.0,5078.25,2026.89,501.6,1533.34,249.86,900.55,0.01
