,DOY,INSgdmax,RADmax,RAINmax,RHmax,TMAXmax,TMINmax,Tmax,WINDmax,YEAR,DOY,INSgdmin,RADmin,RAINmin,RHmin,TMAXmin,TMINmin,Tmin,WINDmin,YEAR,DOY,INSgdmean,RADmean,RAINmean,RHmean,TMAXmean,TMINmean,Tmean,WINDmean,YEAR,NDVI,EVI,RED,NIR,BLUE,MIR,pixrel
0,113.0,25.09,31.32,5.93,87.61,23.96,12.01,17.01,8.08,2010.0,113.0,6.34,21.56,0.0,44.13,11.98,1.95,9.31,1.47,2010.0,113.0,19.36933333333333,26.41,1.5093333333333334,60.744666666666674,19.381999999999998,7.73,13.397999999999998,4.544666666666667,2010.0,1962.82,970.19,1086.65,1619.19,601.03,2048.83,0.45
1,129.0,27.32,29.02,12.45,86.28,24.06,10.83,16.32,8.59,2010.0,129.0,6.91,23.87,0.0,51.65,11.58,1.06,7.13,2.17,2010.0,129.0,15.931333333333333,26.824,3.2921428571428573,63.81933333333333,16.887333333333338,5.3420000000000005,10.78333333333333,5.628666666666667,2010.0,3508.71,1651.82,789.48,1667.28,431.05,1435.31,0.03
2,145.0,28.76,34.56,17.77,86.75,29.51,20.61,23.68,8.73,2010.0,145.0,3.13,26.57,0.0,42.48,20.24,10.42,15.99,1.89,2010.0,145.0,21.186666666666664,30.227333333333334,2.084,62.28533333333334,25.774,14.421999999999999,19.975333333333335,4.820666666666667,2010.0,4162.62,1935.03,699.66,1718.64,375.83,1100.16,0.18
3,161.0,29.27,34.88,38.56,88.52,27.8,21.15,22.62,7.17,2010.0,161.0,8.32,27.5,0.0,55.24,21.01,13.02,17.91,1.37,2010.0,161.0,18.288666666666664,31.953333333333333,8.645333333333333,72.21,24.558000000000003,15.587333333333333,19.893333333333334,4.1946666666666665,2010.0,6310.84,3735.81,550.25,2641.59,288.46,972.89,0.86
4,177.0,29.63,36.61,19.87,95.1,29.57,21.53,25.33,8.3,2010.0,177.0,18.07,27.36,0.0,51.73,24.25,13.34,18.8,2.32,2010.0,177.0,26.2,31.53333333333334,3.2093333333333334,68.67133333333332,27.244000000000007,17.174,22.265333333333334,4.7573333333333325,2010.0,6480.94,4325.24,643.45,3212.18,331.84,1001.04,0.11
5,193.0,28.08,36.32,19.53,84.67,31.51,22.78,26.52,6.14,2010.0,193.0,12.56,30.02,0.0,51.04,25.26,15.08,20.66,1.66,2010.0,193.0,23.340666666666667,32.49,3.4546666666666668,70.10066666666665,28.17,18.594666666666672,23.381333333333338,3.740666666666667,2010.0,7018.63,4808.68,572.19,3408.58,292.77,797.64,0.03
6,209.0,26.68,36.65,20.45,91.02,31.94,22.99,27.29,6.07,2010.0,209.0,11.84,30.31,0.0,58.45,26.95,17.13,22.47,1.86,2010.0,209.0,21.694000000000006,33.78733333333333,7.192666666666667,73.45466666666668,29.16266666666667,20.36933333333333,24.763999999999996,3.4133333333333336,2010.0,6287.03,4157.78,684.4,3126.87,347.41,815.0,0.05
7,225.0,25.42,37.12,17.39,92.49,34.34,24.83,27.86,6.29,2010.0,225.0,15.26,28.55,0.0,50.39,25.4,14.85,20.69,1.92,2010.0,225.0,21.833333333333336,33.443333333333335,4.017333333333333,74.12733333333333,29.601999999999997,19.92933333333333,24.697333333333333,4.102,2010.0,4431.27,2950.04,1129.28,2946.96,559.46,1554.74,0.01
8,241.0,24.16,35.57,24.29,85.64,32.41,21.92,26.11,9.14,2010.0,241.0,12.53,25.34,0.0,48.55,21.81,9.33,16.68,2.31,2010.0,241.0,20.81733333333333,30.396,2.9219999999999997,63.272000000000006,27.462666666666667,15.838,21.719333333333335,6.0806666666666676,2010.0,4369.93,2668.9,985.68,2554.28,515.66,1388.47,0.05
9,257.0,21.74,34.42,21.57,91.38,30.36,16.44,20.01,8.28,2010.0,257.0,5.98,25.6,0.0,45.84,12.41,7.48,10.22,2.0,2010.0,257.0,14.530666666666667,30.377333333333333,5.504666666666666,64.39066666666666,23.218666666666667,11.859333333333332,17.248666666666665,4.852666666666667,2010.0,3815.95,1886.43,824.6,1857.46,432.94,1260.1,0.0
10,273.0,18.25,34.2,18.76,97.71,24.25,10.75,19.74,7.45,2010.0,273.0,4.82,21.85,0.0,42.61,15.4,2.39,8.78,2.15,2010.0,273.0,15.940666666666665,25.534000000000002,1.2506666666666668,62.43933333333334,20.84133333333334,7.686000000000002,13.934000000000001,4.673333333333333,2010.0,3414.0,1765.04,937.03,1916.65,499.29,1621.22,0.0
11,289.0,15.16,30.92,0.6,90.54,26.61,13.58,19.6,6.48,2010.0,289.0,7.67,22.5,0.0,39.65,15.89,2.25,8.35,1.92,2010.0,289.0,13.339333333333334,25.594,0.04,53.73933333333333,20.043333333333333,7.23,12.871999999999998,3.897333333333333,2010.0,2709.13,1104.47,747.68,1320.61,403.62,1186.36,0.23
12,305.0,12.82,31.0,13.77,87.19,20.32,8.7,13.02,12.37,2010.0,305.0,2.56,19.76,0.0,45.51,5.79,-3.17,1.82,2.98,2010.0,305.0,9.666666666666668,23.68933333333333,1.332,58.098,13.277333333333333,2.076,6.841333333333335,6.368666666666667,2010.0,2634.79,921.49,603.58,1052.15,326.31,999.06,1.72
