,DOY,INSgdmax,RADmax,RAINmax,RHmax,TMAXmax,TMINmax,Tmax,WINDmax,YEAR,DOY,INSgdmin,RADmin,RAINmin,RHmin,TMAXmin,TMINmin,Tmin,WINDmin,YEAR,DOY,INSgdmean,RADmean,RAINmean,RHmean,TMAXmean,TMINmean,Tmean,WINDmean,YEAR,NDVI,EVI,RED,NIR,BLUE,MIR,pixrel
0,113.0,26.088300000000004,31.7792,14.205100000000002,94.263,26.7762,13.6016,19.0415,10.1767,2010.0,113.0,5.3046,21.464599999999997,0.0,47.5109,12.791,2.4514,9.5317,1.4916999999999998,2010.0,113.0,18.134619999999998,27.59395333333334,3.2756800000000004,67.11160000000001,19.606886666666668,8.925693333333333,14.263713333333332,4.556813333333334,2010.0,5845.69,3823.63,746.84,2975.5,394.91,1598.87,0.0
1,129.0,27.147100000000002,31.3317,57.39000000000001,90.9572,26.244500000000002,10.262599999999999,17.7083,8.859399999999999,2010.0,129.0,5.6745,24.501199999999997,0.0,49.0545,13.3442,2.6892999999999994,8.299399999999999,3.1952,2010.0,129.0,17.70650666666667,28.17456666666667,7.665328571428572,65.15378666666666,18.68208,7.474220000000001,12.990953333333334,5.521726666666666,2010.0,6643.59,4522.15,625.05,3269.86,338.62,1087.44,0.36
2,145.0,29.262900000000002,34.5812,3.6057999999999995,86.14189999999999,29.5133,20.925200000000004,24.3532,7.334999999999999,2010.0,145.0,8.147499999999999,25.685899999999997,0.0,48.9789,16.351,9.8156,14.1902,2.1957,2010.0,145.0,23.08956,30.353753333333326,0.32087999999999994,70.44485333333333,25.70706666666667,15.379626666666667,20.46505333333333,4.1759933333333334,2010.0,6510.24,4343.71,667.06,3185.79,356.82,1459.96,0.0
3,161.0,29.073,35.632000000000005,56.0955,92.0084,28.821099999999998,22.335900000000002,24.3384,6.402100000000001,2010.0,161.0,2.9877,29.478699999999996,0.0,60.4845,23.5015,12.7621,19.595600000000005,0.834,2010.0,161.0,21.23688,33.25454666666667,14.171066666666668,78.41073333333334,26.891499999999994,17.669533333333334,22.257513333333335,3.5785066666666667,2010.0,7234.75,5201.09,576.33,3664.42,315.61,1137.39,0.14
4,177.0,29.567499999999995,36.8022,57.8672,88.9118,30.3726,22.619799999999998,26.3525,6.7097999999999995,2010.0,177.0,9.4712,28.12,0.0,56.22689999999999,25.718200000000003,14.587600000000002,20.375799999999998,2.3108,2010.0,177.0,24.930500000000002,32.767586666666666,8.35708,72.16961333333333,28.19424666666667,18.426700000000004,23.363206666666663,4.21374,2010.0,7207.52,5015.61,561.61,3487.86,303.94,1208.7,0.0
5,193.0,28.4,36.66459999999999,26.5447,94.8629,31.265900000000002,23.485599999999998,27.1069,5.9917,2010.0,193.0,8.648399999999999,30.147399999999998,0.0,62.2675,24.083599999999997,17.9496,21.6503,1.0882,2010.0,193.0,21.804193333333338,33.965353333333326,6.8097666666666665,80.42608000000001,27.828406666666663,20.3544,24.19236666666667,3.02358,2010.0,7804.76,5654.19,454.67,3786.51,252.91,943.42,0.18
6,209.0,26.430400000000002,38.05,34.418000000000006,90.6593,31.493100000000002,24.825499999999998,27.429499999999997,6.627,2010.0,209.0,10.535,31.6791,0.0,74.6144,27.0381,18.012999999999998,23.2524,2.0596,2010.0,209.0,20.658073333333334,35.02636,10.629226666666668,84.69793333333334,29.04498,21.693873333333336,25.42646666666667,3.5848800000000005,2010.0,7900.89,5623.67,422.89,3719.37,232.66,891.2,0.14
7,225.0,25.5591,38.071200000000005,22.9251,92.00900000000001,32.374500000000005,25.514000000000003,28.0818,4.9887999999999995,2010.0,225.0,4.7387999999999995,29.8071,0.0,69.3622,23.878,15.888899999999998,21.468999999999998,1.5735000000000001,2010.0,225.0,20.31088666666667,34.23121333333333,6.1169866666666675,83.93446666666668,29.354233333333333,20.858220000000003,25.199153333333335,3.5215533333333338,2010.0,7768.4,5133.81,402.44,3320.18,217.24,844.34,0.0
8,241.0,24.281200000000002,36.5301,42.1215,91.82839999999999,30.784900000000004,23.31,25.8905,7.2165,2010.0,241.0,8.6329,25.0191,0.0,61.678,21.6023,9.169899999999998,16.1333,1.9451,2010.0,241.0,20.85353333333333,30.43714,3.6752,75.66164,26.678626666666666,16.329259999999998,21.57644666666667,4.977186666666666,2010.0,7224.35,4479.33,471.45,2984.75,248.58,913.89,0.0
9,257.0,22.4976,34.88,40.74209999999999,94.70350000000002,29.6191,19.839299999999998,22.3093,6.447900000000001,2010.0,257.0,3.2588,25.531299999999998,0.0,53.71339999999999,17.599800000000002,10.253800000000002,13.4466,2.3687,2010.0,257.0,14.432060000000003,31.475153333333335,7.0051466666666675,76.51706666666668,24.57221333333333,14.029373333333332,19.084673333333335,4.551959999999999,2010.0,6799.33,4092.76,519.96,2818.31,267.61,866.14,0.0
10,273.0,19.204099999999997,35.1395,17.8189,87.2995,26.6426,19.4199,22.673700000000004,8.7529,2010.0,273.0,3.1234,22.2895,0.0,55.6235,15.5456,2.6459,9.0942,2.1347,2010.0,273.0,15.888100000000003,26.10647333333333,1.9084666666666665,68.75124,21.054086666666663,8.755426666666667,14.520866666666667,4.05006,2010.0,5856.28,3425.0,691.02,2669.3,321.79,1255.7,0.0
11,289.0,16.001199999999997,31.991600000000002,7.5271,89.09029999999998,26.8045,14.6858,19.8391,6.4236,2010.0,289.0,8.8703,22.7087,0.0,44.54350000000001,17.1068,3.8242000000000003,10.096599999999999,1.5996,2010.0,289.0,13.754820000000002,26.209746666666664,0.6301733333333333,58.90746,21.258620000000004,8.114506666666667,14.021886666666667,3.9489333333333336,2010.0,5050.75,2877.22,819.94,2473.19,403.36,1480.32,0.06
12,305.0,13.4525,30.577500000000004,10.3274,81.50150000000001,21.421599999999998,10.639500000000002,15.4939,10.858799999999999,2010.0,305.0,5.8051,19.3046,0.0,42.4648,9.738,-3.0027,2.4992,2.2136,2010.0,305.0,11.013933333333332,23.49002,1.4108933333333333,54.75436000000002,15.186213333333331,2.9940466666666667,8.244019999999999,6.258673333333334,2010.0,4776.52,2611.54,813.55,2291.21,412.8,1454.12,0.01
