,DOY,INSgdmax,RADmax,RAINmax,RHmax,TMAXmax,TMINmax,Tmax,WINDmax,YEAR,DOY,INSgdmin,RADmin,RAINmin,RHmin,TMAXmin,TMINmin,Tmin,WINDmin,YEAR,DOY,INSgdmean,RADmean,RAINmean,RHmean,TMAXmean,TMINmean,Tmean,WINDmean,YEAR,NDVI,EVI,RED,NIR,BLUE,MIR,pixrel
0,113.0,26.2786,32.0518,23.838,90.87,25.6584,13.6422,18.6038,9.929,2010.0,113.0,5.507,21.0236,0.0,49.047,12.0922,2.1220000000000003,9.826,1.5622000000000003,2010.0,113.0,19.02009333333333,26.786773333333336,3.6265066666666663,67.17264,19.31688,8.271453333333334,13.583413333333334,4.533533333333333,2010.0,5378.42,2469.15,577.12,1873.53,288.3,990.68,0.0
1,129.0,26.9572,29.768600000000003,37.5524,90.40039999999999,26.349200000000003,10.2814,17.049599999999998,8.4076,2010.0,129.0,5.117400000000001,24.2192,0.0,52.7382,12.1284,2.7116,7.2156,2.0628,2010.0,129.0,17.866266666666665,27.532986666666666,7.467142857142858,67.64894666666666,17.937266666666666,7.027653333333333,12.37344,5.451386666666667,2010.0,6620.81,3660.36,503.94,2477.78,269.76,849.29,0.01
2,145.0,29.476399999999998,34.787200000000006,5.719400000000001,87.4636,29.5492,20.6732,24.409399999999998,6.8919999999999995,2010.0,145.0,11.164,26.2028,0.0,46.5152,19.2786,11.2614,14.8662,2.0626,2010.0,145.0,22.89082666666667,30.44764,0.7495866666666667,68.80440000000002,25.692786666666667,15.392186666666671,20.462120000000002,3.907226666666667,2010.0,7291.26,3938.7,386.74,2464.13,214.87,624.5,0.0
3,161.0,29.4772,35.5206,31.695400000000003,89.48619999999998,28.348800000000004,21.2514,23.7792,6.3484,2010.0,161.0,2.9328,28.4878,0.0,63.6282,23.880000000000003,12.189599999999999,19.098400000000005,0.9815999999999999,2010.0,161.0,18.75696,32.695666666666675,9.506400000000001,77.20097333333332,26.10116,16.453813333333333,21.34545333333333,3.6481733333333337,2010.0,7587.65,5009.16,517.3,3299.32,384.21,706.88,1.32
4,177.0,29.5584,36.141600000000004,29.1998,86.00319999999999,29.843200000000003,22.563199999999995,25.7728,6.287400000000001,2010.0,177.0,11.8446,27.72,0.0,59.1352,24.087,13.035799999999998,18.974999999999998,2.0838,2010.0,177.0,25.727159999999994,31.90081333333333,6.421946666666668,73.55393333333333,27.208199999999998,17.481399999999997,22.46908,4.147093333333334,2010.0,8118.94,5094.13,316.84,3106.95,182.21,561.59,0.02
5,193.0,28.617200000000004,36.9658,35.5954,94.0188,30.869999999999997,21.873199999999997,25.909999999999997,5.813,2010.0,193.0,9.1998,30.1014,0.0,67.9654,24.123399999999997,17.279,21.390600000000003,1.4898000000000002,2010.0,193.0,21.803613333333338,33.63476,7.254106666666666,80.27345333333331,27.343586666666667,19.83374666666667,23.64249333333333,3.252533333333334,2010.0,8171.65,4914.02,296.75,2963.27,174.63,539.31,0.71
6,209.0,26.9586,38.05219999999999,30.459799999999998,92.1376,30.768,24.545,26.6996,5.480000000000001,2010.0,209.0,9.058,31.065,0.0,74.28920000000001,26.4974,17.5426,22.473399999999998,2.1200000000000006,2010.0,209.0,21.574466666666666,34.486773333333325,9.565893333333333,84.01939999999998,28.31049333333333,20.926613333333332,24.798639999999995,3.4175466666666674,2010.0,8127.24,4812.73,293.1,2881.77,164.18,550.37,0.0
7,225.0,25.424200000000003,37.62799999999999,31.914599999999997,94.4776,30.9974,24.9986,27.1834,5.1154,2010.0,225.0,6.211,29.085,0.0,70.76,22.5008,14.684199999999999,20.0622,2.1445999999999996,2010.0,225.0,20.794680000000003,33.935293333333334,8.151306666666668,85.08117333333333,28.422346666666673,20.497266666666665,24.482746666666667,3.676013333333334,2010.0,7968.09,4459.62,298.63,2656.82,169.25,536.13,0.0
8,241.0,24.189400000000003,36.055,17.852800000000006,91.75420000000001,30.4168,22.619799999999998,24.912999999999997,8.0364,2010.0,241.0,9.397,26.3734,0.0,66.44000000000001,20.2854,8.275599999999999,15.068800000000001,1.7976000000000003,2010.0,241.0,20.08908,30.191106666666666,2.557106666666667,77.78897333333333,25.807439999999996,15.689226666666668,20.847626666666663,4.8882933333333325,2010.0,7795.37,4188.6,311.18,2508.27,174.09,532.08,0.0
9,257.0,21.5002,34.1936,31.2952,92.931,27.1694,18.152,21.168599999999998,7.9174,2010.0,257.0,1.799,26.0156,0.0,55.17759999999999,16.7616,8.350399999999999,12.6162,2.1672,2010.0,257.0,15.342879999999997,30.475186666666666,5.819240000000001,75.57825333333332,23.07932,12.268866666666664,17.511733333333332,4.6158399999999995,2010.0,6678.48,3369.01,445.93,2242.24,216.85,558.02,0.0
10,273.0,18.6816,35.1,26.930000000000003,90.67639999999999,25.9374,20.3704,22.131600000000002,8.501,2010.0,273.0,4.896400000000001,22.18,0.0,58.7744,12.954999999999998,2.2220000000000004,8.5718,1.8212000000000002,2010.0,273.0,15.608293333333334,25.581426666666665,2.598373333333334,71.93106666666667,19.896066666666663,7.87352,13.48132,4.092040000000001,2010.0,5859.36,2529.9,458.42,1757.01,228.79,631.16,0.0
11,289.0,15.480799999999999,32.428399999999996,6.828200000000001,90.8408,27.1432,14.211600000000002,19.683600000000002,6.0084,2010.0,289.0,6.6008,22.46,0.0,51.13519999999999,14.796199999999999,2.4194,8.140200000000002,1.8846,2010.0,289.0,13.638173333333333,25.79546666666667,0.4939466666666667,62.83977333333334,20.21566666666666,7.3048133333333345,13.055653333333336,3.9326399999999992,2010.0,5956.17,2353.74,401.82,1582.16,199.89,700.28,0.0
12,305.0,12.0424,32.056799999999996,8.608800000000002,89.86540000000001,18.6898,10.786800000000001,14.820400000000001,11.781199999999998,2010.0,305.0,4.3106,19.124200000000002,0.0,48.6586,7.918400000000001,-4.361,1.0630000000000002,2.44,2010.0,305.0,9.943293333333335,23.606853333333333,1.4240933333333334,61.64493333333334,13.418466666666667,2.077733333333333,6.998639999999999,6.160933333333333,2010.0,5926.34,2198.61,380.07,1467.78,184.03,667.68,0.0
