,DOY,INSgdmax,RADmax,RAINmax,RHmax,TMAXmax,TMINmax,Tmax,WINDmax,YEAR,DOY,INSgdmin,RADmin,RAINmin,RHmin,TMAXmin,TMINmin,Tmin,WINDmin,YEAR,DOY,INSgdmean,RADmean,RAINmean,RHmean,TMAXmean,TMINmean,Tmean,WINDmean,YEAR,NDVI,EVI,RED,NIR,BLUE,MIR,pixrel
0,113.0,26.299300000000002,32.400499999999994,28.305799999999998,91.6056,25.372499999999995,14.099900000000002,18.9153,9.7822,2010.0,113.0,4.8668,20.9805,0.0,49.3888,13.0164,2.3748,9.983400000000001,1.5835000000000001,2010.0,113.0,18.678453333333334,26.953586666666666,4.36334,67.52646,19.415740000000003,8.299806666666667,13.681693333333337,4.52568,2010.0,4843.18,2260.89,640.13,1842.48,325.38,1129.69,0.05
1,129.0,27.0727,30.1884,37.475,90.6969,26.0595,10.5256,17.1473,8.3538,2010.0,129.0,5.197699999999999,24.3863,0.0,52.451499999999996,12.245700000000001,3.0198,7.4726,2.0642000000000005,2010.0,129.0,17.75994,27.748340000000002,7.827864285714287,68.38585333333333,18.168533333333333,7.392566666666666,12.687519999999997,5.42234,2010.0,6489.14,3725.88,537.37,2580.23,290.21,953.47,0.0
2,145.0,29.2322,34.5955,6.317,88.43719999999999,29.2305,20.948300000000003,24.4564,6.736899999999999,2010.0,145.0,9.448,26.4646,0.0,47.332699999999996,18.6494,11.1825,14.766300000000001,1.9807000000000001,2010.0,145.0,22.989406666666667,30.64712,0.8739666666666668,70.74151333333334,25.631706666666663,15.590073333333335,20.57918,3.7460533333333332,2010.0,7604.84,4710.48,395.72,2996.57,218.04,724.54,0.0
3,161.0,29.455299999999998,35.744400000000006,34.8844,90.7983,28.337699999999998,21.4152,24.041900000000002,5.9007000000000005,2010.0,161.0,4.1999,28.669400000000003,0.0,65.03020000000001,23.512099999999997,12.3531,19.079700000000003,0.8963000000000001,2010.0,161.0,18.49688,32.98096666666667,9.782793333333334,78.45597333333333,26.24791333333333,16.992293333333333,21.691373333333335,3.485806666666666,2010.0,8225.58,5584.36,318.15,3474.26,182.82,584.91,0.98
4,176.99999999999997,29.6177,36.116299999999995,34.2968,86.7027,29.882800000000003,22.610599999999998,25.904600000000002,6.025900000000001,2010.0,176.99999999999997,13.5919,27.752499999999998,0.0,59.418000000000006,24.3786,13.455399999999997,19.245599999999996,1.9348,2010.0,176.99999999999997,25.835526666666663,32.01238,7.28384,73.8829,27.372526666666666,17.816860000000002,22.698926666666665,4.02118,2010.0,8284.02,5731.63,313.79,3585.73,178.36,609.29,0.01
5,193.0,28.5792,37.133199999999995,31.141499999999997,94.16639999999998,30.5242,22.2693,26.010900000000003,5.631799999999999,2010.0,193.0,8.9421,30.4001,0.0,66.4584,24.6254,17.604,21.6239,1.3687,2010.0,193.0,21.496426666666668,33.923926666666674,7.540133333333333,80.26663333333332,27.599819999999998,20.203660000000003,23.93822,3.196406666666667,2010.0,8213.62,5774.28,340.63,3645.34,206.18,648.74,1.0
6,209.0,26.8217,38.1151,30.3402,91.85050000000001,30.869100000000003,24.8254,26.984299999999998,5.6046,2010.0,209.0,8.408299999999999,31.4331,0.0,75.0351,26.7067,17.7139,22.6336,1.9882,2010.0,209.0,20.94354,34.77898,9.841059999999999,84.47461333333334,28.537799999999997,21.246653333333335,25.038633333333333,3.421613333333333,2010.0,8284.46,5074.02,268.79,3033.61,149.05,546.06,0.0
7,225.0,25.698999999999998,37.650999999999996,28.1989,93.7502,31.3687,25.1407,27.4096,5.1571,2010.0,225.0,6.275799999999999,29.3609,0.0,70.8223,23.141199999999998,15.047899999999998,20.525799999999997,1.9270999999999998,2010.0,225.0,20.580333333333336,34.120933333333326,7.04582,84.93166,28.620580000000004,20.73293333333333,24.68732,3.5612466666666664,2010.0,8101.33,4681.19,281.76,2780.44,160.99,530.11,0.0
8,241.0,24.210300000000004,36.3473,15.693499999999998,92.22460000000001,30.2679,22.5867,24.941,7.9154,2010.0,241.0,8.4572,26.1997,0.0,66.7672,20.260399999999997,8.4331,15.0701,1.9223,2010.0,241.0,19.83755428571429,30.356999999999996,2.6072933333333337,78.12588,25.796706666666665,15.913253333333335,20.938840000000003,4.697026666666666,2010.0,7942.47,4493.82,302.23,2694.49,170.54,557.99,0.0
9,257.0,21.7656,34.1852,35.3437,94.412,27.4413,18.8562,21.8744,7.7017,2010.0,257.0,3.0112,26.1701,0.0,56.9175,17.0809,8.690900000000001,13.227999999999998,2.2413,2010.0,257.0,15.623893333333333,30.55878,6.290633333333333,76.26747333333333,23.3272,12.687733333333332,17.911786666666668,4.54482,2010.0,6501.98,3282.27,466.14,2258.48,201.01,594.82,0.0
10,273.0,18.5929,35.4812,24.119400000000002,88.3171,26.4536,20.355700000000002,22.725299999999997,8.5199,2010.0,273.0,4.5264,22.153399999999998,0.0,59.090199999999996,13.661700000000002,2.2983000000000002,8.6465,1.8390999999999997,2010.0,273.0,15.681073333333337,25.734233333333332,2.4631000000000003,71.63144000000001,20.103993333333328,8.022026666666667,13.704493333333334,3.9979733333333343,2010.0,5547.29,2379.12,473.4,1694.22,245.3,794.74,0.0
11,289.0,15.5968,32.2877,7.0712,90.5379,27.253199999999996,14.0106,19.695800000000002,6.0988,2010.0,289.0,7.6659,22.4253,0.0,51.23030000000001,15.0912,2.6225,8.4916,1.9884,2010.0,289.0,13.69326666666667,25.91311333333334,0.5115266666666667,62.85662666666667,20.438333333333333,7.49622,13.321079999999998,3.9370266666666662,2010.0,5550.0,2337.28,463.51,1658.92,236.38,843.94,0.01
12,305.0,12.328899999999999,31.493,11.732,89.22229999999999,19.1169,10.8389,15.1218,11.438299999999998,2010.0,305.0,4.4894,19.043300000000002,0.0,47.5925,7.7402,-4.2191,1.1094,2.4663,2010.0,305.0,10.155280000000001,23.5072,1.6761133333333333,61.32759333333333,13.697039999999998,2.1921333333333335,7.201973333333333,6.045826666666668,2010.0,5417.64,2150.84,457.06,1551.88,227.13,822.16,0.04
