,DOY,INSgdmax,RADmax,RAINmax,RHmax,TMAXmax,TMINmax,Tmax,WINDmax,YEAR,DOY,INSgdmin,RADmin,RAINmin,RHmin,TMAXmin,TMINmin,Tmin,WINDmin,YEAR,DOY,INSgdmean,RADmean,RAINmean,RHmean,TMAXmean,TMINmean,Tmean,WINDmean,YEAR,NDVI,EVI,RED,NIR,BLUE,MIR,pixrel
0,113.0,26.28,32.3486,26.9336,91.23320000000001,25.738599999999998,13.8234,18.7596,9.9572,2010.0,113.0,5.51,21.0472,0.0,48.212999999999994,12.0154,2.3614,9.962800000000001,1.6176,2010.0,113.0,18.607746666666667,27.085213333333336,4.00936,67.45077333333333,19.44056,8.546120000000002,13.815560000000003,4.509946666666666,2010.0,4897.57,2328.57,666.55,1913.55,338.38,1175.81,0.02
1,129.0,27.1096,30.297,40.8662,90.88199999999999,26.159799999999997,10.552,17.2404,8.4544,2010.0,129.0,5.103800000000001,24.3626,0.0,52.1346,12.541799999999999,3.0568,7.587400000000001,2.2164,2010.0,129.0,17.801093333333334,27.776933333333332,7.988628571428572,67.78728000000001,18.200133333333337,7.39256,12.709893333333335,5.43276,2010.0,6418.71,3756.59,578.63,2655.21,313.67,984.75,0.0
2,145.0,29.3576,34.644,5.3832,87.4762,29.526200000000003,20.8128,24.5596,6.8355999999999995,2010.0,145.0,10.0848,26.159,0.0,46.525800000000004,18.453599999999998,11.168,14.6966,1.9920000000000002,2010.0,145.0,23.113693333333337,30.52653333333333,0.6215333333333334,70.09914666666667,25.63454666666667,15.564120000000003,20.559893333333335,3.833333333333333,2010.0,7143.11,4038.86,417.96,2585.28,234.15,667.2,0.04
3,161.0,29.395000000000003,35.7986,35.4216,90.6528,28.34,21.729599999999998,24.1404,6.102,2010.0,161.0,2.7466,28.6976,0.0,64.44800000000001,23.5398,12.472199999999999,19.198600000000003,0.8644,2010.0,161.0,18.79052,32.97222666666667,10.641053333333335,78.24821333333334,26.328906666666665,16.982773333333334,21.716786666666664,3.55332,2010.0,7458.11,5186.02,500.45,3434.83,385.93,749.27,1.46
4,177.0,29.5328,36.031200000000005,36.5686,86.3736,30.081400000000002,22.781,26.0216,6.147399999999999,2010.0,177.0,13.241399999999999,27.8288,0.0,59.4726,24.488,13.519599999999999,19.3406,2.0086,2010.0,177.0,25.71156,32.079373333333336,7.534319999999999,73.63654666666666,27.48804,17.85898666666667,22.772,4.071226666666668,2010.0,8080.36,5304.97,335.43,3288.23,196.0,577.17,0.0
5,193.0,28.572400000000002,37.129799999999996,31.9272,94.07740000000001,30.962,22.142200000000003,26.148199999999996,5.691,2010.0,193.0,8.5196,30.293799999999997,0.0,66.0038,24.656999999999996,17.586,21.6688,1.354,2010.0,193.0,21.513573333333333,33.89429333333334,7.141360000000001,80.18718666666666,27.586333333333332,20.168480000000002,23.929853333333334,3.178106666666667,2010.0,7808.24,5298.22,435.2,3440.01,282.91,700.0,0.78
6,209.0,26.705000000000002,38.1486,28.6032,91.6944,31.0182,24.7948,27.0366,5.7452000000000005,2010.0,209.0,8.5504,31.4848,0.0,75.126,26.8164,17.6964,22.6842,2.0180000000000002,2010.0,209.0,21.034040000000005,34.773626666666665,9.289346666666667,84.50166666666667,28.58957333333333,21.252399999999998,25.070466666666665,3.4345600000000003,2010.0,8013.34,4987.97,323.46,3057.58,182.69,616.97,0.0
7,225.0,25.651200000000003,37.718599999999995,31.318999999999996,94.2522,31.4388,25.3196,27.452,5.0760000000000005,2010.0,225.0,6.227399999999999,29.3824,0.0,70.664,23.1426,15.0846,20.6074,2.0072,2010.0,225.0,20.719213333333336,34.09196,7.769226666666667,84.93038666666666,28.738760000000006,20.770493333333334,24.768093333333333,3.6012133333333334,2010.0,7837.96,4679.48,338.35,2867.62,195.07,623.5,0.0
8,241.0,24.227400000000003,36.2338,17.0238,92.3982,30.478,22.793599999999998,25.0734,7.8258,2010.0,241.0,9.7258,26.1826,0.0,66.3088,20.409399999999998,8.4706,15.175600000000001,1.8239999999999998,2010.0,241.0,20.145615238095242,30.292693333333332,2.8371066666666667,77.96276,25.941560000000003,15.928773333333334,21.013626666666667,4.778839999999999,2010.0,7692.7,4415.67,346.39,2714.51,198.77,620.44,0.0
9,257.0,21.8096,34.3598,34.823,93.7994,27.650000000000002,18.8568,21.792,7.5426,2010.0,257.0,2.95,25.979,0.0,56.126999999999995,16.9402,8.853399999999999,13.0688,2.1054,2010.0,257.0,15.416266666666665,30.69892,6.282226666666666,76.18673333333334,23.42476,12.81956,18.004013333333333,4.5661733333333325,2010.0,6528.84,3476.46,492.0,2408.4,228.11,638.67,0.0
10,273.0,18.778599999999997,35.2836,23.5976,89.13719999999999,26.412799999999997,20.5868,22.7044,8.5578,2010.0,273.0,4.434200000000001,22.214,0.0,58.7582,13.6304,2.3628,8.723,1.9322,2010.0,273.0,15.783000000000001,25.70058666666667,2.413826666666667,71.48622666666668,20.215586666666667,8.118853333333334,13.787453333333334,4.021093333333334,2010.0,5664.89,2672.98,521.74,1923.09,275.42,810.02,0.0
11,289.0,15.639800000000001,32.4128,7.2312,90.5538,27.1128,14.2304,19.7616,6.129,2010.0,289.0,7.4842,22.4974,0.0,50.421,15.4226,2.7568,8.711400000000001,1.9478,2010.0,289.0,13.6654,25.960773333333336,0.5233066666666667,62.369213333333335,20.58065333333333,7.536840000000001,13.38296,3.9503466666666665,2010.0,5874.38,2548.66,455.04,1769.93,230.94,832.53,0.01
12,305.0,12.376999999999999,31.4068,9.2318,88.4102,19.5336,10.701400000000001,15.143,11.4264,2010.0,305.0,4.5512,19.12,0.0,47.2102,8.171999999999999,-4.1524,1.3152,2.4467999999999996,2010.0,305.0,10.222520000000001,23.551066666666664,1.47808,60.181253333333345,13.933426666666666,2.3106933333333335,7.365799999999999,6.139866666666667,2010.0,5559.61,2271.43,471.74,1632.66,238.45,778.54,0.03
