,DOY,INSgdmax,RADmax,RAINmax,RHmax,TMAXmax,TMINmax,Tmax,WINDmax,YEAR,DOY,INSgdmin,RADmin,RAINmin,RHmin,TMAXmin,TMINmin,Tmin,WINDmin,YEAR,DOY,INSgdmean,RADmean,RAINmean,RHmean,TMAXmean,TMINmean,Tmean,WINDmean,YEAR,NDVI,EVI,RED,NIR,BLUE,MIR,pixrel
0,113.0,26.396700000000003,32.4886,31.3264,91.98780000000001,24.185100000000002,14.1866,18.8726,9.430100000000001,2010.0,113.0,4.169,20.805,0.0,51.7201,13.9893,2.0575,9.5997,1.5605,2010.0,113.0,18.867173333333334,26.44942666666667,5.053873333333334,67.52724666666667,18.856446666666663,7.3044866666666675,12.905926666666666,4.601126666666667,2010.0,2986.97,1121.12,266.56,1204.18,50.72,604.04,53.63
1,129.0,26.7138,29.7317,30.4849,90.06310000000002,25.7648,10.0015,16.6458,8.1159,2010.0,129.0,5.6415999999999995,24.5363,0.0,53.050200000000004,11.0997,2.5399999999999996,6.7597,1.8487,2010.0,129.0,17.723353333333336,27.47654,6.97167142857143,69.69028666666667,17.57602,6.847193333333333,12.093793333333336,5.420446666666667,2010.0,3839.72,1798.51,191.32,1518.27,31.19,463.4,56.24
2,145.0,29.0094,34.6742,8.834299999999999,90.8696,28.6707,21.171100000000003,24.1081,6.689300000000001,2010.0,145.0,7.283899999999999,26.4413,0.0,46.201199999999986,19.81,10.8989,15.1266,1.9156,2010.0,145.0,22.64924,30.59901333333334,1.5943599999999998,70.67758,25.44835333333333,15.333946666666666,20.387513333333334,3.6157533333333336,2010.0,4564.55,2368.3,97.44,1737.1,-24.72,299.51,56.14
3,161.0,29.2027,35.4672,25.894,91.214,27.9462,19.4684,23.2866,5.5665,2010.0,161.0,6.4113,28.448100000000004,0.0,66.5444,22.2556,11.7168,18.2669,1.0572,2010.0,161.0,17.661686666666665,32.736913333333334,7.821559999999999,78.70887333333334,25.480020000000003,16.32396,21.008633333333332,3.436,2010.0,5820.42,3639.14,506.77,2493.27,428.97,518.14,0.95
4,177.0,29.6986,35.8822,26.965199999999996,86.9747,29.1643,21.773199999999996,25.116500000000002,6.0311,2010.0,177.0,14.172600000000001,27.410500000000003,0.0,58.2197,23.490299999999998,12.709300000000002,18.557299999999998,2.0305999999999997,2010.0,177.0,25.656733333333335,31.654639999999997,5.884773333333333,74.35341333333335,26.660173333333333,17.18918,22.101106666666666,4.0095,2010.0,5279.48,3263.34,36.49,2220.21,-54.18,250.16,53.62
5,193.0,28.6658,37.023799999999994,30.7515,94.8126,29.6194,22.1366,25.480199999999996,5.588800000000001,2010.0,193.0,10.1744,30.607200000000002,0.0,69.1226,24.255999999999993,17.6659,21.1944,1.469,2010.0,193.0,21.56644,33.775333333333336,8.329686666666667,80.50351333333332,27.367333333333338,19.984640000000002,23.661246666666667,3.320806666666667,2010.0,5811.5,3496.9,167.51,2251.88,92.2,369.25,23.26
6,209.0,27.1047,37.859700000000004,30.078899999999997,92.16409999999999,30.164600000000004,24.4925,26.535199999999996,5.279,2010.0,209.0,9.5837,31.1772,0.0,73.807,25.767300000000006,17.6214,22.3205,1.8990999999999998,2010.0,209.0,21.006639999999997,34.49041999999999,10.166873333333335,84.2116,28.072499999999994,20.86464,24.629146666666664,3.3273066666666664,2010.0,5417.82,2987.8,103.49,1934.42,34.84,247.68,38.45
7,225.0,25.694100000000002,37.4186,21.8784,93.06609999999999,30.9647,24.6435,27.118000000000002,5.5159,2010.0,225.0,6.8368,28.9986,0.0,70.8998,22.984899999999996,14.4901,19.9411,1.7337,2010.0,225.0,19.725493333333333,34.01915333333334,6.280473333333333,84.78243333333332,28.060406666666665,20.359853333333334,24.235886666666666,3.56674,2010.0,5093.87,2617.21,148.57,1821.08,81.8,295.49,48.69
8,241.0,23.9424,36.6435,11.540000000000001,91.70060000000001,29.880499999999998,22.1064,24.5553,8.3276,2010.0,241.0,5.7040999999999995,26.2523,0.0,66.97670000000001,19.3405,8.032499999999999,14.5501,2.1204,2010.0,241.0,19.0786,30.338199999999997,2.0123466666666667,78.16429333333332,25.33554,15.675040000000005,20.589906666666664,4.681726666666666,2010.0,4947.62,2315.54,-5.54,1572.87,-91.38,150.25,58.68
9,257.0,21.4911,33.608000000000004,31.666099999999997,96.07310000000001,26.567300000000003,18.1576,21.3654,8.4328,2010.0,257.0,2.8734,26.5248,0.0,58.4698,17.0129,8.209399999999999,13.0974,2.5452,2010.0,257.0,15.384033333333331,30.159506666666665,6.215373333333333,76.15694666666666,22.44958666666667,11.911666666666667,17.103833333333334,4.524393333333332,2010.0,4059.22,1635.22,128.04,1342.71,-38.06,187.96,53.59
10,273.0,18.1016,35.8772,29.154700000000002,88.8256,25.601900000000004,19.6998,22.2135,8.634199999999998,2010.0,273.0,5.4044,22.0405,0.0,59.708200000000005,13.210099999999999,1.9559,8.392100000000001,1.8251,2010.0,273.0,15.161720000000003,25.73641333333334,2.6340399999999997,72.45961333333335,19.509099999999997,7.651066666666666,13.22841333333333,4.03912,2010.0,3027.08,851.14,115.56,959.95,-63.45,309.57,66.31
11,289.0,15.3438,32.2681,4.052099999999999,91.0998,27.4211,13.332799999999999,19.4585,6.162999999999999,2010.0,289.0,7.1744,22.226100000000002,0.0,52.8868,13.6813,2.1407000000000003,7.5438,1.8106,2010.0,289.0,13.6062,25.650799999999997,0.2836,64.14388666666667,19.70418,7.203093333333333,12.847186666666667,3.8549000000000007,2010.0,2942.49,744.49,138.83,890.67,-18.07,355.47,63.79
12,305.0,11.9941,31.5484,14.530500000000002,91.759,17.748800000000003,11.4727,14.683499999999999,11.638,2010.0,305.0,4.3107999999999995,18.854999999999997,0.0,49.768699999999995,6.6163,-4.5604,0.4271,2.3264,2010.0,305.0,9.66664,23.35088,1.9475466666666668,64.66174666666667,12.649166666666666,1.7230866666666669,6.469466666666667,5.859846666666668,2010.0,2803.01,632.28,85.27,792.43,-72.66,344.32,66.33
