,DOY,INSgdmax,RADmax,RAINmax,RHmax,TMAXmax,TMINmax,Tmax,WINDmax,YEAR,DOY,INSgdmin,RADmin,RAINmin,RHmin,TMAXmin,TMINmin,Tmin,WINDmin,YEAR,DOY,INSgdmean,RADmean,RAINmean,RHmean,TMAXmean,TMINmean,Tmean,WINDmean,YEAR,NDVI,EVI,RED,NIR,BLUE,MIR,pixrel
0,113.0,25.444000000000003,31.604,10.442,91.5,26.698,13.074000000000002,19.200000000000003,8.858,2010.0,113.0,5.596,21.964000000000002,0.0,46.52,11.62,2.3259999999999996,8.876,1.548,2010.0,113.0,18.856399999999997,27.430666666666667,2.4832,62.744,19.887999999999998,8.450933333333333,14.159333333333333,4.614000000000001,2010.0,4334.12,2953.4,1201.52,3036.53,616.1,2464.43,0.0
1,129.0,27.567999999999998,30.535999999999998,26.878,86.49,27.031999999999996,10.22,17.036,8.576,2010.0,129.0,5.78,23.882,0.0,48.548,12.676,1.87,8.396,2.736,2010.0,129.0,17.7696,27.3816,4.442428571428571,61.71933333333333,18.612266666666667,6.4796,12.390133333333335,5.5256,2010.0,4464.4,3022.85,1160.82,3020.46,599.27,2301.17,0.99
2,145.0,29.168,34.44800000000001,6.192,84.346,29.38,21.19,24.206,8.538,2010.0,145.0,10.568000000000001,25.796,0.0,48.16,17.604,9.916,14.358,2.13,2010.0,145.0,22.509866666666667,30.50453333333333,0.7241333333333333,67.76453333333333,26.016666666666666,15.0136,20.327600000000004,4.651200000000001,2010.0,4770.73,3287.36,1117.41,3147.64,574.08,2397.53,0.01
3,161.0,28.978,35.438,38.202,88.78,29.408,22.192,23.806,6.534,2010.0,161.0,8.024000000000001,29.122,0.0,55.142,22.968,13.378,19.363999999999997,1.2679999999999998,2010.0,161.0,21.55746666666667,32.8668,10.994266666666666,74.68773333333334,26.56453333333333,17.095866666666666,21.76826666666667,3.8998666666666666,2010.0,7168.81,5069.93,580.39,3551.58,318.69,1026.07,0.0
4,177.0,29.751999999999995,36.166,41.07,87.886,30.448,21.93,26.1,7.358,2010.0,177.0,13.378000000000002,28.047999999999995,0.0,52.74000000000001,25.844,14.47,20.466,2.3119999999999994,2010.0,177.0,26.18293333333333,32.33973333333333,5.5414666666666665,70.41026666666666,28.301733333333335,18.201866666666668,23.258266666666668,4.526133333333333,2010.0,7407.71,5415.02,560.57,3786.31,303.27,1213.12,0.0
5,193.0,28.598000000000003,36.79600000000001,22.08,89.71199999999999,31.813999999999997,24.043999999999997,27.408,5.829999999999999,2010.0,193.0,11.578,29.781999999999996,0.0,61.33,24.182000000000002,16.282,21.53,1.392,2010.0,193.0,23.324266666666663,33.42986666666667,5.5716,77.6412,28.017733333333332,19.64813333333333,23.906800000000004,3.230266666666667,2010.0,8327.47,6719.24,408.63,4541.39,220.92,921.59,0.12
6,209.0,26.644000000000002,38.227999999999994,34.506,89.976,31.897999999999996,23.878,27.564,5.978,2010.0,209.0,11.706,31.323999999999998,0.0,66.632,27.112000000000002,18.162,23.38,1.7299999999999998,2010.0,209.0,20.86266666666667,34.86626666666666,9.538533333333334,79.24973333333332,29.55666666666667,21.41453333333333,25.513866666666672,3.654266666666667,2010.0,8458.18,7004.92,386.76,4719.95,215.5,856.1,0.08
7,225.0,25.64,37.92999999999999,15.032,92.85,33.188,25.055999999999997,27.982,5.8100000000000005,2010.0,225.0,11.020000000000001,29.28,0.0,63.128,23.166000000000004,15.646,20.972,1.6400000000000001,2010.0,225.0,21.940800000000003,33.99466666666667,2.811333333333333,80.6832,29.48946666666667,20.4532,25.11146666666667,3.5930666666666666,2010.0,8176.16,6508.61,431.87,4410.94,236.54,899.91,0.0
8,241.0,24.094,36.518,24.312,86.902,31.88,22.186,26.200000000000003,7.994,2010.0,241.0,9.842,24.996,0.0,51.416,22.27,9.656,16.992,2.486,2010.0,241.0,20.768266666666666,30.63973333333334,3.125066666666667,68.83093333333333,27.557066666666667,16.359866666666665,22.078933333333335,5.5332,2010.0,7045.15,4686.64,556.1,3286.21,277.97,1034.45,0.0
9,257.0,22.378,35.194,43.024,89.824,31.516,17.965999999999998,21.764000000000003,6.853999999999999,2010.0,257.0,4.659999999999999,25.564,0.0,45.916,17.552,8.922,13.001999999999999,2.8979999999999997,2010.0,257.0,14.570933333333333,31.4788,6.809866666666666,69.93933333333334,24.990666666666666,13.541866666666667,19.041866666666667,4.644,2010.0,6335.55,3730.13,592.33,2697.39,289.02,1002.93,0.0
10,273.0,18.922,34.86,18.72,93.994,26.976,12.719999999999999,21.09,8.284,2010.0,273.0,5.164,22.172,0.0,47.912000000000006,16.6,2.846,9.312,2.224,2010.0,273.0,16.166266666666665,26.16413333333333,1.7187999999999999,64.60919999999999,21.825200000000002,8.435066666666668,14.813999999999997,4.3084,2010.0,3927.05,2267.66,1033.93,2358.59,524.73,1689.81,0.0
11,289.0,15.484000000000002,31.018,5.934,85.06,27.104,14.149999999999999,19.86,5.978,2010.0,289.0,9.088000000000001,22.924,0.0,40.832,17.604,3.7279999999999998,10.062000000000001,1.4940000000000002,2010.0,289.0,13.627466666666667,26.116933333333336,0.6238666666666667,54.867333333333335,21.6344,8.013333333333332,14.052399999999999,3.8019999999999996,2010.0,3554.83,2238.5,1254.76,2609.07,621.94,1923.67,0.4
12,305.0,12.812000000000001,30.702000000000005,8.022,80.95,21.462,10.361999999999998,14.616,11.065999999999999,2010.0,305.0,5.558,19.732000000000003,0.0,43.95,9.504,-2.274,3.306,2.5359999999999996,2010.0,305.0,10.667333333333332,23.86493333333333,1.0368,54.6084,15.316533333333334,3.0387999999999997,8.240933333333334,6.173866666666667,2010.0,3269.27,2102.65,1354.64,2650.99,668.9,1998.99,0.45
