,DOY,INSgdmax,RADmax,RAINmax,RHmax,TMAXmax,TMINmax,Tmax,WINDmax,YEAR,DOY,INSgdmin,RADmin,RAINmin,RHmin,TMAXmin,TMINmin,Tmin,WINDmin,YEAR,DOY,INSgdmean,RADmean,RAINmean,RHmean,TMAXmean,TMINmean,Tmean,WINDmean,YEAR,NDVI,EVI,RED,NIR,BLUE,MIR,pixrel
0,113.0,25.85,31.61,20.75,89.36,28.11,14.6,20.87,9.81,2010.0,113.0,7.09,23.08,0.0,48.7,15.59,3.51,10.17,1.61,2010.0,113.0,17.714666666666666,27.97533333333333,4.487333333333334,64.712,20.43866666666667,9.422666666666666,14.985333333333333,4.805333333333333,2010.0,3369.93,2237.09,1448.73,2902.88,690.8,2819.82,0.03
1,129.0,27.14,32.36,41.72,93.46,27.33,11.68,19.15,9.3,2010.0,129.0,4.14,23.87,0.0,44.22,13.3,3.55,9.97,2.36,2010.0,129.0,18.475333333333328,28.560000000000006,5.932142857142857,63.071999999999996,20.15066666666667,8.437333333333333,14.188666666666666,5.517333333333332,2010.0,3448.28,2339.19,1469.25,2999.14,701.44,2920.38,0.0
2,145.0,29.12,34.49,2.92,85.2,30.27,21.23,24.68,8.3,2010.0,145.0,6.3,26.89,0.0,54.73,17.99,10.4,14.55,1.77,2010.0,145.0,22.092,31.38933333333333,0.5546666666666666,71.51933333333334,26.376666666666665,16.326,21.184000000000005,4.337999999999999,2010.0,3538.32,2523.22,1579.49,3287.57,750.81,3095.99,0.01
3,161.0,28.76,35.93,44.92,91.27,30.37,23.42,25.07,6.67,2010.0,161.0,11.84,30.96,0.0,56.72,26.36,15.09,21.88,1.21,2010.0,161.0,22.133333333333336,34.123333333333335,10.466666666666667,75.9,28.41666666666667,19.457333333333334,23.832666666666668,3.622,2010.0,6012.81,4294.79,882.85,3510.75,457.93,1732.86,0.08
4,177.0,29.59,36.79,49.03,89.17,31.09,22.35,26.82,6.91,2010.0,177.0,5.08,28.51,0.0,55.44,27.42,16.25,22.25,2.29,2010.0,177.0,24.188,33.278,5.172000000000001,71.90800000000003,29.370000000000005,19.577333333333332,24.477999999999998,4.539333333333333,2010.0,7273.17,5481.08,618.3,3936.01,330.39,1276.39,0.0
5,193.0,28.26,36.86,34.98,94.15,32.23,24.66,28.06,6.03,2010.0,193.0,9.14,30.82,0.0,65.34,25.91,19.25,22.78,1.23,2010.0,193.0,21.628,34.72666666666667,4.403333333333333,81.988,28.899333333333338,21.327333333333335,25.092666666666663,3.076,2010.0,8569.8,7324.79,379.99,4979.52,212.08,887.08,0.04
6,209.0,26.96,37.94,34.81,93.41,34.92,25.17,28.5,7.16,2010.0,209.0,8.24,32.47,0.0,75.98,27.86,19.11,24.23,2.27,2010.0,209.0,21.004666666666665,35.583999999999996,9.178,82.722,30.33666666666666,22.764,26.553999999999995,3.877333333333333,2010.0,8844.39,7232.21,283.27,4700.58,158.41,698.28,0.09
7,225.0,25.2,37.4,23.91,87.65,34.38,25.74,29.34,4.97,2010.0,225.0,4.97,31.43,0.0,66.64,22.94,17.26,21.38,1.55,2010.0,225.0,20.307333333333336,34.74666666666667,4.34,78.72666666666666,30.720666666666666,21.444666666666663,26.178,3.391333333333333,2010.0,8583.94,6766.76,328.2,4403.08,182.31,747.33,0.0
8,241.0,24.34,36.4,15.51,94.23,33.02,24.41,27.33,8.04,2010.0,241.0,7.6,25.31,0.0,49.31,23.83,11.61,17.76,2.26,2010.0,241.0,21.42733333333333,30.912666666666663,2.194,67.58800000000001,28.822,17.394666666666662,23.151333333333334,4.909333333333334,2010.0,7445.44,5377.93,534.59,3737.98,277.53,964.28,0.0
9,257.0,22.54,35.78,32.56,91.59,32.45,21.76,24.66,6.37,2010.0,257.0,7.27,26.86,0.0,42.21,23.28,11.64,17.01,2.69,2010.0,257.0,14.921333333333331,32.39533333333333,6.741333333333333,73.05266666666668,27.09333333333334,15.704,21.061333333333334,4.441999999999999,2010.0,6376.82,4117.01,660.47,3034.1,347.52,1045.68,0.0
10,273.0,19.44,35.32,13.37,85.91,29.02,19.42,23.33,8.81,2010.0,273.0,4.64,22.43,0.0,50.22,17.7,4.11,10.47,1.85,2010.0,273.0,16.169333333333334,26.718000000000004,1.1786666666666668,63.241333333333344,23.230666666666664,9.909333333333334,16.23333333333333,4.038,2010.0,3897.13,2204.74,1062.08,2380.68,504.08,1714.1,0.0
11,289.0,16.16,31.21,11.16,81.09,28.55,16.73,20.75,7.25,2010.0,289.0,9.29,23.58,0.0,43.93,19.25,6.12,12.17,1.5,2010.0,289.0,13.842,27.030666666666672,1.3339999999999999,56.074666666666666,23.13933333333334,9.604000000000001,15.64733333333333,3.888666666666667,2010.0,3272.75,2189.71,1438.92,2804.98,680.0,2064.11,0.78
12,305.0,13.21,30.1,14.01,69.03,22.98,11.95,16.6,9.72,2010.0,305.0,7.74,19.69,0.0,38.82,11.79,-1.33,4.28,2.07,2010.0,305.0,11.724666666666668,23.76066666666667,1.4473333333333336,49.422000000000004,17.265333333333334,4.398000000000001,9.816,6.021333333333334,2010.0,2832.05,1814.43,1601.28,2753.43,861.71,1990.92,0.57
