,DOY,INSgdmax,RADmax,RAINmax,RHmax,TMAXmax,TMINmax,Tmax,WINDmax,YEAR,DOY,INSgdmin,RADmin,RAINmin,RHmin,TMAXmin,TMINmin,Tmin,WINDmin,YEAR,DOY,INSgdmean,RADmean,RAINmean,RHmean,TMAXmean,TMINmean,Tmean,WINDmean,YEAR,NDVI,EVI,RED,NIR,BLUE,MIR,pixrel
0,113.0,26.35,32.22,27.98,91.72,23.15,13.76,18.34,9.2,2010.0,113.0,4.5,20.7,0.0,52.98,11.49,1.56,8.89,1.55,2010.0,113.0,18.82266666666666,26.059333333333328,4.192666666666667,67.51933333333334,17.842,6.549333333333333,12.008000000000003,4.567999999999999,2010.0,4592.84,2319.64,676.19,1975.25,337.77,1263.54,5.1
1,129.0,26.24,29.81,22.78,87.8,25.28,9.14,15.94,7.77,2010.0,129.0,5.04,23.65,0.0,54.06,10.18,1.73,5.98,1.7,2010.0,129.0,17.34,27.039333333333335,4.746428571428572,70.56533333333333,16.574666666666666,5.909999999999999,11.173333333333336,5.229333333333333,2010.0,5812.89,3298.89,562.98,2412.34,293.03,1034.57,5.11
2,145.0,29.12,34.85,6.43,91.53,28.74,20.94,23.87,6.69,2010.0,145.0,8.42,25.56,0.0,43.38,20.69,10.31,15.58,1.97,2010.0,145.0,22.33666666666666,30.235333333333333,1.7146666666666668,69.05400000000002,25.113999999999997,14.955999999999996,20.069333333333336,3.6519999999999997,2010.0,6889.01,4188.24,419.16,2762.48,222.1,812.08,5.12
3,161.0,28.01,34.78,24.25,92.68,27.35,17.34,22.48,5.87,2010.0,161.0,5.15,28.12,0.0,67.56,21.01,11.11,17.21,1.41,2010.0,161.0,17.189333333333334,32.18266666666666,8.946666666666665,79.02066666666666,24.199333333333335,15.185333333333336,19.79533333333333,3.622,2010.0,7961.13,5033.09,316.52,3077.88,193.29,541.2,0.6
4,177.0,29.56,35.5,26.46,89.02,29.03,20.63,23.93,6.41,2010.0,177.0,11.95,26.53,0.0,56.08,21.94,12.05,17.56,1.91,2010.0,177.0,24.731333333333335,31.328666666666663,5.412000000000001,74.46466666666667,25.669333333333338,16.371333333333336,21.248000000000005,4.102666666666666,2010.0,7825.57,5480.52,362.76,3500.78,210.68,713.57,0.13
5,193.0,28.4,36.68,36.3,94.45,29.54,21.67,25.05,6.14,2010.0,193.0,10.4,30.46,0.0,70.28,24.3,17.69,20.96,1.61,2010.0,193.0,21.660666666666668,33.34199999999999,8.975999999999999,79.82466666666666,27.206000000000007,19.550666666666668,23.353333333333335,3.5313333333333334,2010.0,7992.12,5329.98,303.57,3293.65,174.81,646.92,0.02
6,209.0,26.5,37.12,21.18,92.6,29.34,23.25,25.95,5.02,2010.0,209.0,11.84,30.64,0.0,71.15,24.13,17.48,21.88,1.51,2010.0,209.0,21.567999999999998,33.82399999999999,8.877333333333333,83.47200000000002,27.534000000000002,20.383333333333333,24.073999999999998,3.1419999999999986,2010.0,7973.61,5128.11,294.68,3133.79,169.84,609.57,0.22
7,225.0,25.09,37.22,26.86,94.74,30.83,24.65,26.93,5.91,2010.0,225.0,9.0,28.62,0.0,69.79,22.97,13.72,19.13,1.93,2010.0,225.0,19.898,33.744666666666674,7.387333333333333,84.236,27.547333333333327,20.01066666666667,23.79533333333333,3.7526666666666673,2010.0,7911.45,4745.51,284.0,2845.58,163.42,594.32,0.02
8,241.0,23.36,36.68,8.61,91.72,30.01,21.88,24.4,8.79,2010.0,241.0,6.59,26.21,0.0,64.89,18.03,7.62,13.91,2.03,2010.0,241.0,19.271333333333335,29.93066666666667,1.8826666666666667,77.56533333333333,24.97866666666666,15.468666666666671,20.302666666666664,4.944,2010.0,7683.16,4183.48,252.7,2470.69,140.28,500.39,5.1
9,257.0,21.13,32.26,24.16,94.8,25.52,15.75,19.91,9.18,2010.0,257.0,5.83,26.32,0.0,61.0,16.68,7.95,13.18,2.74,2010.0,257.0,13.936,30.022000000000002,6.101333333333333,75.732,20.969333333333328,11.074666666666667,15.908666666666669,4.408666666666666,2010.0,6496.72,3299.33,420.6,2215.16,189.0,597.12,2.55
10,273.0,17.96,35.64,36.36,93.51,24.42,19.37,21.32,8.96,2010.0,273.0,6.3,21.85,0.0,57.92,12.03,1.84,8.34,1.69,2010.0,273.0,14.467333333333336,25.748,2.9113333333333333,72.94333333333334,18.827999999999996,7.512666666666666,12.779333333333332,4.226,2010.0,5561.07,2554.07,482.82,1883.86,206.96,785.33,5.1
11,289.0,14.9,32.08,4.26,90.23,27.22,13.25,19.28,6.5,2010.0,289.0,6.73,22.03,0.0,52.24,12.35,1.85,6.8,1.29,2010.0,289.0,13.246000000000002,25.413999999999998,0.33666666666666667,64.17266666666667,19.057333333333336,6.899333333333332,12.348000000000003,3.7186666666666666,2010.0,5071.62,2095.12,464.23,1570.3,225.31,905.06,5.16
12,305.0,11.77,31.18,14.08,92.86,16.83,11.68,14.04,12.09,2010.0,305.0,4.36,18.86,0.0,52.51,5.99,-4.72,0.02,2.11,2010.0,305.0,9.306666666666667,23.170666666666666,1.7366666666666672,66.53866666666666,11.648000000000001,1.4273333333333338,5.875333333333332,5.841333333333333,2010.0,4986.89,1857.66,428.37,1369.44,215.42,774.95,2.59
