,DOY,INSgdmax,RADmax,RAINmax,RHmax,TMAXmax,TMINmax,Tmax,WINDmax,YEAR,DOY,INSgdmin,RADmin,RAINmin,RHmin,TMAXmin,TMINmin,Tmin,WINDmin,YEAR,DOY,INSgdmean,RADmean,RAINmean,RHmean,TMAXmean,TMINmean,Tmean,WINDmean,YEAR,NDVI,EVI,RED,NIR,BLUE,MIR,pixrel
0,113.0,26.378700000000006,32.4725,30.162000000000003,91.6653,24.3775,14.0365,18.7721,9.4996,2010.0000000000002,113.0,4.2838,20.8338,0.0,51.307500000000005,13.683899999999998,2.0433,9.6075,1.5733,2010.0000000000002,113.0,18.902506666666667,26.473553333333335,4.806413333333334,67.38131333333332,18.916066666666662,7.398793333333334,12.9819,4.592239999999999,2010.0000000000002,4800.73,2373.21,675.94,1976.84,339.97,1222.66,2.55
1,129.0,26.8076,29.6707,31.202999999999996,89.99170000000001,25.847000000000005,10.0527,16.6424,8.159300000000002,2010.0000000000002,129.0,5.582800000000001,24.519899999999996,0.0,53.0648,11.2472,2.5242999999999998,6.7978000000000005,1.8637,2010.0000000000002,129.0,17.721393333333335,27.451340000000002,7.006678571428571,69.38422666666665,17.610973333333334,6.831686666666666,12.0914,5.43022,2010.0000000000002,5803.85,2955.48,556.18,2134.72,295.0,981.3,0.01
2,145.0,29.0775,34.727,8.785200000000001,90.35960000000001,28.775499999999997,21.066000000000003,24.128,6.7344,2010.0000000000002,145.0,7.7015,26.370400000000004,0.0,46.0843,19.790200000000002,10.979099999999999,15.125899999999998,1.9461,2010.0000000000002,145.0,22.66824666666667,30.56401333333333,1.4967266666666665,70.29679333333333,25.491319999999998,15.301273333333333,20.377446666666668,3.6705466666666666,2010.0000000000002,7084.61,4165.86,439.55,2713.88,243.15,819.62,0.0
3,161.0,29.266999999999996,35.5043,26.6819,90.9578,28.0038,19.6042,23.3105,5.718500000000001,2010.0000000000002,161.0,6.0104,28.421700000000005,0.0,66.0279,22.413099999999996,11.784799999999999,18.375,1.0585,2010.0000000000002,161.0,17.83252,32.702266666666674,7.977986666666666,78.38664000000001,25.53688,16.292186666666662,21.006846666666664,3.47656,2010.0000000000002,8014.11,5086.69,322.98,3138.6,183.76,587.33,0.93
4,177.0,29.6719,35.9298,27.3272,86.9962,29.2265,21.8486,25.1755,6.099399999999999,2010.0000000000002,177.0,13.9007,27.4219,0.0,58.3023,23.5407,12.6917,18.5515,2.0376,2010.0000000000002,177.0,25.63628666666667,31.68486,5.873326666666667,74.23808000000001,26.710413333333335,17.193473333333333,22.121579999999998,4.0414666666666665,2010.0000000000002,7942.38,5275.3,347.84,3319.24,198.16,668.27,0.0
5,193.0,28.6751,37.0032,31.2059,94.6575,29.766,22.056600000000003,25.5129,5.6438,2010.0000000000002,193.0,10.0664,30.537399999999998,0.0,68.9569,24.260700000000003,17.4833,21.1824,1.4747000000000001,2010.0000000000002,193.0,21.63108,33.73077333333333,7.999186666666667,80.44527333333332,27.355066666666666,19.912720000000004,23.62666666666667,3.325566666666667,2010.0000000000002,8068.81,5404.86,327.39,3367.45,187.97,670.21,0.24
6,209.0,27.088400000000004,37.86540000000001,29.909200000000006,92.16029999999999,30.206600000000005,24.4121,26.528,5.322,2010.0000000000002,209.0,9.3986,31.110300000000002,0.0,73.78089999999999,25.7397,17.5735,22.291999999999998,1.9222000000000004,2010.0000000000002,209.0,21.08717333333333,34.46207333333332,10.006920000000001,84.16264666666666,28.07754666666666,20.82898666666667,24.618006666666666,3.3354600000000003,2010.0000000000002,8122.04,4838.82,275.93,2892.67,154.12,557.46,0.2
7,225.0,25.694699999999997,37.420199999999994,22.4821,93.2084,30.957199999999997,24.680999999999997,27.089800000000004,5.486300000000001,2010.0000000000002,225.0,7.1309000000000005,28.9722,0.0,70.74040000000001,22.9541,14.466300000000002,19.918599999999998,1.8028999999999997,2010.0000000000002,225.0,19.908006666666665,33.98937333333334,6.41842,84.81799333333333,28.081159999999997,20.34791333333333,24.238619999999997,3.5928266666666664,2010.0000000000002,7929.27,4410.47,280.98,2608.44,161.1,557.63,0.0
8,241.0,23.9998,36.5524,13.019300000000001,91.7534,29.9077,22.1679,24.5784,8.313799999999999,2010.0000000000002,241.0,6.2584,26.2563,0.0,66.9476,19.4371,8.0466,14.592600000000001,2.0998,2010.0000000000002,241.0,19.206565714285713,30.30374,2.12196,78.19022,25.363200000000003,15.639673333333338,20.590726666666665,4.728553333333333,2010.0000000000002,7594.26,4296.8,340.74,2636.78,190.38,631.91,0.03
9,257.0,21.484800000000003,33.6335,31.702099999999998,95.5017,26.585199999999997,18.067,21.2656,8.390399999999998,2010.0000000000002,257.0,2.9093999999999998,26.5095,0.0,58.06399999999999,16.8354,8.1712,12.975900000000001,2.4895,2010.0000000000002,257.0,15.336353333333335,30.181679999999997,6.19986,76.09006666666666,22.451226666666667,11.901026666666665,17.091133333333335,4.541813333333334,2010.0000000000002,6322.92,3110.39,474.07,2155.44,212.55,624.79,0.0
10,273.0,18.1724,35.7663,28.9977,89.2886,25.5554,19.7677,22.1674,8.6169,2010.0000000000002,273.0,5.231,22.062300000000004,0.0,59.561600000000006,13.2011,1.9628999999999999,8.388,1.8351,2010.0000000000002,273.0,15.212413333333334,25.694966666666666,2.6222266666666667,72.39552666666668,19.530693333333332,7.653853333333332,13.228819999999999,4.060293333333333,2010.0000000000002,5289.93,2283.28,499.91,1700.27,246.2,804.07,2.55
11,289.0,15.354300000000002,32.2243,4.300800000000001,91.20100000000001,27.3709,13.3946,19.477300000000003,6.1616,2010.0000000000002,289.0,7.179699999999999,22.2464,0.0,52.65689999999999,13.772400000000001,2.1359,7.5606,1.8148,2010.0000000000002,289.0,13.607013333333335,25.649506666666667,0.2983266666666667,64.02386666666668,19.73046666666667,7.1809866666666675,12.833786666666668,3.866246666666667,2010.0000000000002,5171.93,2098.25,505.12,1573.9,259.16,934.02,0.11
12,305.0,11.992500000000001,31.595399999999998,13.5149,91.68110000000001,17.7707,11.3115,14.636099999999999,11.690100000000001,2010.0000000000002,305.0,4.2537,18.9065,0.0,49.7155,6.79,-4.555299999999999,0.49340000000000006,2.3476000000000004,2010.0000000000002,305.0,9.69646,23.372586666666667,1.8354266666666668,64.37519333333333,12.70253333333333,1.7404533333333334,6.502166666666667,5.912913333333334,2010.0000000000002,5032.71,1840.43,442.14,1375.44,219.0,804.37,2.56
