,DOY,INSgdmax,RADmax,RAINmax,RHmax,TMAXmax,TMINmax,Tmax,WINDmax,YEAR,DOY,INSgdmin,RADmin,RAINmin,RHmin,TMAXmin,TMINmin,Tmin,WINDmin,YEAR,DOY,INSgdmean,RADmean,RAINmean,RHmean,TMAXmean,TMINmean,Tmean,WINDmean,YEAR,NDVI,EVI,RED,NIR,BLUE,MIR,pixrel
0,113.0,26.179199999999998,31.9628,20.927599999999998,92.9528,26.3836,14.0016,18.891599999999997,10.261999999999999,2010.0,113.0,5.3012,21.3016,0.0,46.400400000000005,12.7756,2.686,10.0312,1.5155999999999998,2010.0,113.0,17.83714666666667,27.655333333333335,3.6753600000000004,67.65637333333333,19.690160000000002,9.08744,14.328399999999998,4.5014666666666665,2010.0,5850.79,3006.81,504.17,2126.28,281.99,894.19,0.02
1,129.0,27.241600000000002,31.2912,54.26,91.596,26.004399999999997,10.972000000000001,17.718,8.768799999999999,2010.0,129.0,5.747600000000001,24.548,0.0,49.8024,13.740000000000002,3.2548,8.298399999999999,2.952,2010.0,129.0,17.648613333333333,28.29421333333334,8.151142857142858,66.52176,18.73853333333333,7.884879999999999,13.236453333333335,5.465200000000001,2010.0,6733.33,3822.51,453.38,2524.97,281.66,689.68,0.0
2,145.0,29.1992,34.5384,2.8524,86.5804,29.7104,20.9172,24.6412,6.9964,2010.0,145.0,7.9992,25.800799999999995,0.0,47.2968,16.722,10.314800000000002,14.3528,1.9968,2010.0,145.0,23.579333333333334,30.45757333333333,0.21125333333333332,71.14018666666666,25.68586666666667,15.66704,20.65373333333333,3.9264533333333334,2010.0,6930.6,4058.7,448.41,2675.44,265.76,777.85,0.0
3,161.0,29.1508,35.96,52.502399999999994,92.69399999999999,28.642400000000002,22.4424,24.5736,6.043200000000001,2010.0,161.0,2.1795999999999998,29.3072,0.0,63.236000000000004,22.8312,12.6888,19.375600000000002,0.7120000000000001,2010.0,161.0,20.25632,33.34466666666667,13.590373333333332,79.41509333333335,26.863306666666666,17.833493333333333,22.34242666666667,3.47488,2010.0,7058.16,4529.39,468.74,2887.99,381.58,716.63,1.43
4,177.0,29.4584,36.4392,52.96600000000001,87.39840000000001,30.5644,23.008399999999998,26.4812,6.365199999999999,2010.0,177.0,13.0104,28.0976,0.0,58.224000000000004,25.575200000000002,14.527600000000001,20.24,2.3092,2010.0,177.0,25.311840000000004,32.639813333333336,8.74528,72.58842666666665,28.203280000000003,18.51546666666667,23.40392,4.074586666666666,2010.0,7772.74,4420.75,336.3,2722.78,199.74,640.86,0.0
5,193.0,28.4224,36.8208,28.4916,94.97800000000001,31.2464,23.1004,26.881999999999998,5.8056,2010.0,193.0,8.3264,30.490000000000002,0.0,61.794799999999995,24.9096,18.1224,21.979599999999998,1.0684,2010.0,193.0,21.39341333333333,34.207253333333334,7.232559999999999,79.96218666666667,27.99165333333333,20.644399999999997,24.395653333333335,3.0332266666666667,2010.0,7436.92,4507.75,412.92,2843.68,291.53,732.49,0.81
6,209.0,26.2604,38.1312,27.4812,90.2988,31.586399999999998,25.068399999999997,27.5532,6.490399999999999,2010.0,209.0,8.1904,32.00919999999999,0.0,75.702,27.413999999999998,18.0432,23.2368,2.1008,2010.0,209.0,20.398160000000004,35.16074666666667,9.977546666666667,85.01202666666666,29.13941333333333,21.832720000000002,25.54066666666667,3.51696,2010.0,7697.45,4405.95,333.81,2719.11,205.58,630.29,0.51
7,225.0,25.869600000000002,38.03960000000001,26.12,92.95320000000001,32.238,25.904,28.0736,4.981199999999999,2010.0,225.0,4.824,29.870800000000003,0.0,69.56479999999999,24.2244,15.927599999999998,21.6268,1.6004,2010.0,225.0,20.156693333333337,34.36623999999999,6.696906666666667,84.09450666666667,29.46864,21.154533333333337,25.334533333333333,3.5173333333333336,2010.0,7601.33,4050.93,302.33,2429.2,189.13,571.1,0.02
8,241.0,24.3,36.2716,31.970399999999998,92.74080000000001,30.8476,23.2652,25.705199999999998,7.287599999999999,2010.0,241.0,10.4296,25.391199999999998,0.0,63.72880000000001,21.3136,9.0256,15.796,1.8179999999999998,2010.0,241.0,20.87138666666667,30.431893333333328,3.5915466666666664,76.8624,26.52944,16.397493333333337,21.499466666666667,4.780479999999999,2010.0,7372.5,3825.74,348.06,2407.82,186.34,622.64,0.2
9,257.0,22.451600000000003,34.821200000000005,38.839999999999996,95.21719999999999,29.1656,20.2116,22.7712,6.6948,2010.0,257.0,3.8056,25.699999999999996,0.0,55.4628,17.398,10.2964,13.6592,2.1888,2010.0,257.0,14.729066666666668,31.323440000000005,7.663786666666668,76.46205333333334,24.47696,14.038160000000001,19.102453333333337,4.552053333333333,2010.0,6487.77,3205.58,419.96,2138.62,216.26,637.55,0.0
10,273.0,19.1284,35.3304,17.5664,85.01759999999999,26.6444,21.1388,23.425600000000003,8.706,2010.0,273.0,3.1628,22.337600000000002,0.0,57.111200000000004,15.2276,2.6544,9.1208,2.1355999999999997,2010.0,273.0,15.966560000000001,26.014826666666664,2.118666666666667,69.31138666666668,21.026106666666664,8.787973333333333,14.509973333333333,3.9713333333333334,2010.0,6331.31,2755.54,384.33,1822.37,201.9,688.74,0.0
11,289.0,16.0004,32.33839999999999,8.3628,89.16239999999999,27.096,14.521999999999998,20.0208,6.446400000000001,2010.0,289.0,9.1408,22.5988,0.0,46.0764,17.174,3.7611999999999997,10.0992,1.8368,2010.0,289.0,13.741920000000002,26.263973333333333,0.6500266666666668,59.52141333333333,21.40277333333334,8.10152,14.093760000000003,3.9995466666666672,2010.0,5863.98,2544.64,461.13,1792.74,239.89,780.47,0.32
12,305.0,13.43,30.3592,12.9128,83.1344,21.606,10.654000000000002,15.784399999999998,10.812000000000001,2010.0,305.0,5.468,19.192,0.0,42.3448,9.312,-3.406,2.19,2.3232,2010.0,305.0,10.91008,23.464026666666665,1.69976,55.38261333333334,15.176426666666664,2.914533333333333,8.23608,6.219386666666667,2010.0,5780.6,2267.92,439.27,1604.37,238.21,736.27,0.0
