,DOY,INSgdmax,RADmax,RAINmax,RHmax,TMAXmax,TMINmax,Tmax,WINDmax,YEAR,DOY,INSgdmin,RADmin,RAINmin,RHmin,TMAXmin,TMINmin,Tmin,WINDmin,YEAR,DOY,INSgdmean,RADmean,RAINmean,RHmean,TMAXmean,TMINmean,Tmean,WINDmean,YEAR,NDVI,EVI,RED,NIR,BLUE,MIR,pixrel
0,113.0,26.1572,32.5,17.7492,88.54039999999999,24.412399999999998,12.779200000000001,17.5492,9.518799999999999,2010.0,113.0,5.050400000000001,20.8504,0.0,50.10200000000001,10.9228,1.4436,8.930399999999999,1.7472,2010.0,113.0,19.259680000000003,26.066293333333327,2.587813333333333,66.03629333333333,18.415919999999996,6.862213333333333,12.495119999999996,4.528666666666666,2010.0,4564.63,2305.48,682.46,1922.59,387.46,1052.58,0.4
1,129.0,27.398399999999995,28.9416,24.473999999999997,86.6972,25.7908,9.9576,15.629199999999999,8.154800000000002,2010.0,129.0,5.371600000000001,24.1568,0.0,54.3536,11.2312,1.5368,6.2916,1.7471999999999999,2010.0,129.0,17.136613333333333,26.813946666666666,5.108742857142858,68.66565333333335,17.011706666666665,5.82312,11.135413333333336,5.392239999999999,2010.0,5706.22,2958.43,476.57,2050.59,268.03,785.82,0.0
2,145.0,29.408800000000003,35.28680000000001,10.8696,88.4736,29.0608,20.2832,23.853200000000005,6.9848,2010.0,145.0,9.1636,25.15,0.0,42.9852,20.742,10.952000000000002,15.6572,2.29,2010.0,145.0,22.45194666666666,30.10216,1.4835733333333332,66.99357333333332,25.527973333333332,14.551466666666668,19.94685333333333,4.025386666666665,2010.0,6948.05,4129.0,386.86,2656.77,225.95,673.35,0.0
3,161.0,29.024,35.3928,26.725199999999997,90.8232,27.8232,17.904,22.578400000000002,6.9056,2010.0,161.0,4.393999999999999,27.7856,0.0,64.19560000000001,21.450400000000002,11.6032,17.9308,1.4136,2010.0,161.0,18.430373333333332,31.919866666666667,8.5956,76.54653333333336,24.610533333333333,14.990506666666663,19.75586666666667,3.82408,2010.0,8173.89,4847.85,266.51,2901.53,156.93,487.65,0.95
4,177.0,29.404400000000003,35.9588,27.794800000000002,90.71560000000001,28.9564,21.199199999999998,24.312000000000005,6.9144000000000005,2010.0,177.0,11.831600000000002,26.5816,0.0,57.136,22.538400000000003,11.718399999999997,17.3952,1.964,2010.0,177.0,24.78152,31.53610666666666,4.794239999999999,73.79365333333337,26.0224,16.43792,21.399253333333334,4.325546666666666,2010.0,7968.08,4595.66,264.2,2721.81,163.46,462.46,0.0
5,193.0,28.5472,36.66,34.8448,92.9084,30.121600000000004,21.156799999999997,25.1552,6.4744,2010.0,193.0,10.346400000000001,30.29,0.0,68.97919999999999,24.547600000000003,15.7188,20.672000000000004,1.5876000000000001,2010.0,193.0,22.358506666666663,33.07909333333333,5.419839999999999,79.34578666666665,27.21,18.932773333333333,23.061866666666663,3.6139733333333335,2010.0,8060.01,4928.18,274.75,2970.3,167.25,531.86,0.13
6,209.0,26.6616,37.166,19.339199999999998,92.2396,29.422800000000002,22.5548,25.879199999999997,5.4484,2010.0,209.0,9.276,30.1972,0.0,71.0128,23.431599999999996,16.9984,21.4908,1.662,2010.0,209.0,21.59101333333334,33.704586666666664,7.981680000000001,83.11136,27.541706666666663,20.010853333333337,23.906186666666667,3.2074133333333332,2010.0,7810.66,4637.56,265.77,2779.27,159.52,500.0,0.0
7,225.0,25.6112,37.0372,20.3976,94.0956,30.820800000000002,24.7504,26.5792,5.8288,2010.0,225.0,13.590800000000002,28.187200000000004,0.0,68.02600000000001,23.2656,13.5392,19.013199999999998,2.256,2010.0,225.0,21.13093333333333,33.500906666666666,6.105199999999999,84.1872,27.600293333333337,19.80544,23.694373333333335,3.8822666666666663,2010.0,7552.14,4082.98,256.98,2400.7,154.26,464.11,0.0
8,241.0,24.044,36.38,24.354400000000002,92.3984,29.8908,22.1492,24.476,8.7692,2010.0,241.0,10.076800000000002,25.964,0.0,64.9636,18.6796,7.750000000000001,14.1524,2.1931999999999996,2010.0,241.0,19.438053333333336,29.87808,2.8347733333333327,77.93117333333333,25.056639999999998,15.11293333333334,20.192933333333336,5.224293333333334,2010.0,7468.9,3984.34,301.86,2424.61,174.15,486.89,2.95
9,257.0,21.1684,32.3,24.992400000000004,91.2356,25.5848,15.4348,19.386400000000002,9.0292,2010.0,257.0,7.401199999999999,26.683999999999997,0.0,58.15559999999999,14.5792,7.5064,12.122000000000002,2.4024,2010.0,257.0,13.847199999999999,29.993813333333332,6.1019466666666675,74.96410666666667,20.90693333333334,10.839253333333334,15.770666666666667,4.579253333333333,2010.0,6979.01,3381.03,319.08,2081.97,167.12,460.49,0.01
10,273.0,18.32,35.0272,34.6404,95.21480000000001,24.02,19.282,21.186799999999998,8.7112,2010.0,273.0,4.6772,22.0244,0.0,57.142,12.7668,1.6616,8.056000000000001,1.7431999999999999,2010.0,273.0,14.950320000000001,25.399866666666668,2.7250933333333336,72.09104,18.974986666666666,7.386000000000002,12.712800000000001,4.380213333333334,2010.0,4705.98,1944.09,472.91,1472.19,259.51,758.65,2.55
11,289.0,15.0128,31.2256,4.5272,92.02640000000001,27.055200000000003,13.148399999999999,19.360400000000002,6.5632,2010.0,289.0,7.750400000000001,22.1488,0.0,50.440400000000004,12.774799999999999,1.6376000000000002,6.6528,1.4136,2010.0,289.0,13.35776,25.31133333333334,0.3018133333333333,63.526800000000016,19.082320000000003,6.635253333333334,12.152613333333333,3.8236800000000004,2010.0,4875.62,1913.82,444.5,1430.95,226.85,792.48,2.6
12,305.0,11.8112,31.077200000000005,8.1592,93.5088,16.5024,10.1328,13.4852,12.4076,2010.0,305.0,3.6584000000000003,19.197200000000002,0.0,51.6952,6.888400000000001,-4.7467999999999995,0.3368,2.3712,2010.0,305.0,9.503253333333332,23.232480000000002,1.0609333333333335,65.58146666666667,11.856693333333336,1.35912,5.9128799999999995,6.170586666666666,2010.0,4826.93,1683.67,395.21,1223.9,209.57,694.19,0.04
