,DOY,INSgdmax,RADmax,RAINmax,RHmax,TMAXmax,TMINmax,Tmax,WINDmax,YEAR,DOY,INSgdmin,RADmin,RAINmin,RHmin,TMAXmin,TMINmin,Tmin,WINDmin,YEAR,DOY,INSgdmean,RADmean,RAINmean,RHmean,TMAXmean,TMINmean,Tmean,WINDmean,YEAR,NDVI,EVI,RED,NIR,BLUE,MIR,pixrel
0,113.0,26.28,32.08,24.03,90.9,25.64,13.65,18.61,9.93,2010.0,113.0,5.51,21.02,0.0,49.08,12.08,2.12,9.82,1.57,2010.0,113.0,19.017333333333333,26.785333333333334,3.645333333333333,67.196,19.310000000000002,8.268,13.577333333333335,4.535333333333333,2010.0,5387.62,2577.96,586.45,1948.37,300.73,995.23,0.04
1,129.0,26.96,29.77,37.49,90.44,26.34,10.28,17.05,8.4,2010.0,129.0,5.08,24.23,0.0,52.75,12.11,2.71,7.21,2.06,2010.0,129.0,17.87,27.536666666666665,7.475714285714287,67.688,17.932666666666666,7.035333333333333,12.375333333333334,5.450666666666667,2010.0,6464.06,3492.47,515.24,2391.99,275.7,899.08,0.0
2,145.0,29.48,34.78,5.73,87.5,29.55,20.67,24.41,6.89,2010.0,145.0,11.2,26.21,0.0,46.57,19.29,11.27,14.87,2.06,2010.0,145.0,22.880000000000006,30.453999999999997,0.7473333333333333,68.83933333333334,25.686,15.399333333333336,20.463333333333335,3.901333333333333,2010.0,7467.09,4326.07,391.04,2727.0,215.85,702.83,0.0
3,161.0,29.48,35.53,31.6,89.49,28.34,21.24,23.78,6.34,2010.0,161.0,2.92,28.48,0.0,63.7,23.89,12.19,19.1,0.98,2010.0,161.0,18.73,32.7,9.442666666666668,77.21733333333333,26.101333333333333,16.456,21.348,3.644666666666667,2010.0,8132.97,5361.41,336.48,3341.4,187.68,627.83,1.0
4,177.0,29.56,36.14,29.16,86.02,29.84,22.56,25.77,6.28,2010.0,177.0,11.81,27.72,0.0,59.17,24.08,13.03,18.97,2.08,2010.0,177.0,25.733999999999995,31.896,6.418666666666667,73.586,27.202666666666666,17.48,22.465999999999998,4.144666666666668,2010.0,8233.61,5161.35,299.09,3134.99,170.83,560.01,0.04
5,193.0,28.62,36.97,35.47,94.04,30.86,21.86,25.9,5.81,2010.0,193.0,9.22,30.1,0.0,68.02,24.13,17.28,21.39,1.49,2010.0,193.0,21.78466666666667,33.641333333333336,7.242000000000001,80.29666666666665,27.34266666666667,19.838000000000005,23.64266666666667,3.2520000000000007,2010.0,8056.63,5213.72,360.53,3256.59,230.66,631.09,1.2
6,209.0,26.96,38.05,30.65,92.15,30.77,24.55,26.7,5.48,2010.0,209.0,9.04,31.07,0.0,74.31,26.49,17.54,22.47,2.12,2010.0,209.0,21.576,34.486666666666665,9.560666666666666,84.04266666666666,28.30533333333333,20.925999999999995,24.79733333333333,3.417333333333334,2010.0,8305.28,4869.22,260.38,2867.01,146.08,527.68,0.0
7,225.0,25.42,37.62,32.05,94.48,30.99,25.0,27.18,5.11,2010.0,225.0,6.19,29.09,0.0,70.8,22.5,14.68,20.06,2.15,2010.0,225.0,20.782000000000004,33.93533333333333,8.182666666666668,85.10333333333332,28.416666666666675,20.496,24.48,3.675333333333334,2010.0,8157.68,4436.04,258.1,2576.09,147.2,486.9,0.0
8,241.0,24.19,36.04,17.51,91.81,30.41,22.61,24.9,8.04,2010.0,241.0,9.43,26.39,0.0,66.54,20.27,8.27,15.06,1.79,2010.0,241.0,20.084285714285716,30.18933333333333,2.542666666666667,77.84466666666667,25.794,15.685333333333336,20.84,4.883333333333332,2010.0,7857.07,4182.05,295.43,2479.38,166.1,535.78,0.0
9,257.0,21.49,34.2,31.27,92.98,27.14,18.17,21.18,7.92,2010.0,257.0,1.76,26.03,0.0,55.26,16.76,8.34,12.62,2.17,2010.0,257.0,15.357333333333331,30.470666666666666,5.828666666666667,75.62799999999999,23.06866666666666,12.264,17.504666666666665,4.613999999999999,2010.0,6677.24,3252.97,431.58,2156.17,199.92,554.16,0.0
10,273.0,18.68,35.1,27.12,90.64,25.93,20.41,22.14,8.5,2010.0,273.0,4.9,22.18,0.0,58.85,12.93,2.22,8.57,1.82,2010.0,273.0,15.607333333333337,25.58,2.6153333333333335,71.97333333333334,19.88533333333333,7.871333333333333,13.475333333333333,4.090000000000001,2010.0,5596.26,2263.99,448.75,1586.29,230.93,694.38,0.0
11,289.0,15.48,32.44,6.83,90.87,27.14,14.21,19.68,6.01,2010.0,289.0,6.59,22.46,0.0,51.22,14.78,2.41,8.13,1.89,2010.0,289.0,13.639333333333333,25.79666666666667,0.4906666666666667,62.908,20.20733333333333,7.301333333333335,13.050666666666668,3.932666666666665,2010.0,5620.02,2216.81,434.82,1545.39,218.6,736.93,0.07
12,305.0,12.02,32.08,8.63,89.93,18.67,10.8,14.82,11.78,2010.0,305.0,4.32,19.12,0.0,48.73,7.9,-4.37,1.05,2.44,2010.0,305.0,9.935333333333334,23.61,1.4286666666666668,61.704000000000015,13.407333333333334,2.0713333333333335,6.990666666666666,6.158,2010.0,5850.86,2023.48,351.02,1334.79,171.53,638.34,0.03
