,DOY,INSgdmax,RADmax,RAINmax,RHmax,TMAXmax,TMINmax,Tmax,WINDmax,YEAR,DOY,INSgdmin,RADmin,RAINmin,RHmin,TMAXmin,TMINmin,Tmin,WINDmin,YEAR,DOY,INSgdmean,RADmean,RAINmean,RHmean,TMAXmean,TMINmean,Tmean,WINDmean,YEAR,NDVI,EVI,RED,NIR,BLUE,MIR,pixrel
0,113.0,25.913800000000002,32.2132,30.291600000000003,94.0522,25.519399999999997,15.875600000000002,19.698800000000002,9.3372,2010.0,113.0,3.0950000000000006,21.0026,0.0,52.099,13.0276,3.6606,10.924600000000002,1.6444,2010.0,113.0,17.018,27.678146666666667,5.4077866666666665,71.10419999999999,19.658079999999998,9.621106666666666,14.546373333333335,4.336893333333333,2010.0,5392.03,1935.56,368.07,1289.35,241.25,602.15,0.05
1,129.0,27.563200000000002,32.4756,47.806,93.3072,25.137999999999998,12.014600000000002,18.0268,7.893400000000001,2010.0,129.0,4.725199999999999,24.608,0.0,57.336999999999996,14.334399999999999,4.2038,9.1064,2.3156,2010.0,129.0,17.500093333333332,28.617586666666668,10.924657142857143,72.42577333333334,19.418026666666663,9.136053333333333,14.310266666666665,5.034786666666666,2010.0,5918.97,2744.9,418.16,1778.54,290.01,645.76,0.04
2,145.0,29.1432,34.0604,7.222799999999999,88.6318,29.195600000000002,21.1438,24.958999999999996,6.1244,2010.0,145.0,5.2256,26.7258,0.0,54.1506,17.784599999999998,9.8056,14.5458,1.9302,2010.0,145.0,23.36576,31.331799999999998,0.6825733333333334,77.15389333333333,25.49449333333333,16.674386666666667,21.155586666666665,3.3539333333333334,2010.0,6326.07,2845.41,337.96,1733.43,239.37,485.39,0.0
3,161.0,28.9744,36.6856,79.223,93.04159999999999,28.854,23.4724,25.3778,5.7292000000000005,2010.0,161.0,3.0448,30.0824,0.0,69.16539999999999,24.9998,13.4754,20.1108,1.0470000000000002,2010.0,161.0,18.73116,34.12946666666667,12.240906666666667,81.21688,27.339466666666667,19.23156,23.38188,3.383893333333334,2010.0,5937.85,2922.79,487.13,1785.19,541.25,477.54,1.97
4,177.0,29.584400000000002,36.8932,26.227799999999995,89.3252,30.492800000000003,23.5364,26.7092,5.4754000000000005,2010.0,177.0,17.4538,27.778,0.0,57.3044,25.2074,15.484000000000002,20.471200000000003,1.851,2010.0,177.0,25.96889333333334,32.605693333333335,5.801666666666667,74.06149333333333,28.369746666666664,19.604853333333338,23.96264,3.748853333333334,2010.0,7165.36,3373.6,293.22,1951.61,228.08,452.77,0.03
5,193.0,27.5688,37.1794,25.244799999999998,91.18719999999999,30.3698,24.2992,26.7972,5.747,2010.0,193.0,12.2908,30.6988,0.0,60.644800000000004,26.6398,19.3,23.156399999999998,1.6578,2010.0,193.0,21.844106666666665,34.879160000000006,5.087306666666667,81.24994666666667,28.60064,21.669906666666666,25.185133333333333,3.0192000000000005,2010.0,7444.89,3364.56,246.53,1906.71,183.24,429.91,0.25
6,209.0,26.535600000000002,37.6438,32.2468,93.03020000000001,32.3964,25.207,28.565999999999995,6.192,2010.0,209.0,7.738399999999999,32.7314,0.0,78.483,28.148200000000003,18.969199999999997,24.0322,1.8544,2010.0,209.0,20.78452,35.646773333333336,10.073106666666668,86.47343999999998,29.699533333333335,22.897346666666664,26.260786666666668,3.6007866666666666,2010.0,7220.14,3227.13,258.16,1840.4,187.74,448.83,0.04
7,225.0,25.7232,38.54260000000001,21.561,90.3468,32.941,26.543,28.741799999999998,5.0134,2010.0,225.0,8.878,30.740000000000002,0.0,69.86099999999999,25.919800000000002,17.2266,22.5606,1.8308,2010.0,225.0,22.57490666666667,34.547466666666665,4.772266666666667,83.13114666666667,29.989946666666665,22.050933333333333,25.981893333333332,3.2000133333333336,2010.0,7024.43,2932.66,245.97,1649.08,191.21,384.39,0.01
8,241.0,24.3988,36.883199999999995,23.316,93.2206,30.3698,22.912599999999998,25.815999999999995,6.984399999999999,2010.0,241.0,9.5746,25.4662,0.0,63.8156,21.5148,9.5798,16.1218,1.8539999999999999,2010.0,241.0,20.34586666666667,30.58646666666666,3.2878799999999995,77.93142666666667,26.57438666666667,16.894333333333336,21.80081333333333,4.220933333333334,2010.0,7280.84,2833.75,238.86,1651.65,124.52,418.49,0.45
9,257.0,22.3726,34.8324,50.23140000000001,93.30900000000001,28.993,19.7802,23.9658,5.9704,2010.0,257.0,8.4428,27.3538,0.0,61.444599999999994,21.0852,11.113,17.8438,1.262,2010.0,257.0,16.09001333333333,31.51892,8.098813333333332,79.19948000000001,25.15036,15.411186666666666,20.183146666666666,3.9921733333333336,2010.0,6120.87,2276.56,318.14,1448.95,162.56,381.58,0.0
10,273.0,19.4336,35.2162,10.1292,78.8332,28.833400000000005,20.8354,24.560200000000002,7.9914000000000005,2010.0,273.0,3.3618,22.222,0.0,56.3732,15.619,3.1484,9.3156,1.5211999999999999,2010.0,273.0,16.489973333333335,26.227573333333336,1.2171866666666666,68.67295999999999,21.33208,9.393506666666667,15.144826666666667,3.71436,2010.0,6205.84,1809.62,233.06,1079.35,132.92,385.17,0.0
11,289.0,16.3282,32.394999999999996,10.652999999999999,85.72460000000001,27.3458,15.1204,20.122,6.684200000000001,2010.0,289.0,8.8878,22.7032,0.0,48.327,17.801199999999998,4.3088,10.770399999999999,2.142,2010.0,289.0,13.966028571428573,26.682213333333333,0.9781733333333333,59.91848,21.92709333333333,8.831319999999998,14.903906666666666,3.8684933333333325,2010.0,5747.87,2010.77,346.69,1308.36,219.03,429.13,0.06
12,305.0,13.940600000000002,29.9908,15.553799999999999,82.54400000000001,22.233999999999998,10.750800000000002,16.5362,10.473600000000001,2010.0,305.0,7.5532,19.103799999999996,0.0,42.778000000000006,8.695,-2.8770000000000002,2.3973999999999998,3.1216,2010.0,305.0,11.724400000000003,23.38245333333333,1.3686000000000003,55.73652,15.76888,3.3924133333333333,8.7906,5.896813333333333,2010.0,6289.15,1756.33,211.55,1006.07,154.33,275.65,0.06
