,DOY,INSgdmax,RADmax,RAINmax,RHmax,TMAXmax,TMINmax,Tmax,WINDmax,YEAR,DOY,INSgdmin,RADmin,RAINmin,RHmin,TMAXmin,TMINmin,Tmin,WINDmin,YEAR,DOY,INSgdmean,RADmean,RAINmean,RHmean,TMAXmean,TMINmean,Tmean,WINDmean,YEAR,NDVI,EVI,RED,NIR,BLUE,MIR,pixrel
0,113.00000000000001,25.2501,31.404799999999998,6.8734,88.12910000000001,24.562299999999997,12.136600000000001,17.3703,8.2671,2010.0000000000002,113.00000000000001,6.3706000000000005,21.5932,0.0,44.731500000000004,11.702799999999998,1.9831999999999999,9.2727,1.4588999999999999,2010.0000000000002,113.00000000000001,19.29714,26.528526666666668,1.6234133333333334,61.23399333333334,19.437473333333333,7.808846666666667,13.494426666666667,4.53024,2010.0000000000002,2560.28,1344.1,1054.72,1812.52,568.09,2002.83,0.24
1,129.00000000000003,27.4484,29.263599999999997,16.4316,86.3881,24.6692,10.7241,16.2942,8.5373,2010.0000000000002,129.00000000000003,6.6887,23.816599999999998,0.0,51.5799,11.807799999999999,1.2697,7.2989,2.2425,2010.0000000000002,129.00000000000003,16.237673333333333,26.853786666666668,3.632,63.74129333333333,17.159353333333335,5.5065066666666675,11.025179999999999,5.608699999999999,2010.0000000000002,4452.3,2421.34,751.78,2086.12,405.3,1434.33,0.0
2,145.0,28.845,34.5038,16.1079,86.32100000000001,29.3471,20.721799999999998,23.7725,8.626999999999999,2010.0000000000002,145.0,4.8045,26.3837,0.0,43.34,19.945999999999998,10.31,15.7304,1.9768000000000001,2010.0000000000002,145.0,21.560719999999996,30.19686,1.8394866666666665,63.39966666666667,25.814973333333338,14.483353333333332,19.995320000000003,4.765300000000001,2010.0000000000002,4944.23,2763.04,696.82,2234.73,372.12,1117.53,0.14
3,161.0,29.2352,34.941900000000004,37.047700000000006,88.55139999999999,28.024400000000004,21.2097,22.7835,7.0569999999999995,2010.0000000000002,161.0,8.0652,27.7497,0.0,55.4787,21.244900000000005,12.973500000000001,18.0769,1.3547,2010.0000000000002,161.0,18.781386666666666,32.05280666666667,9.06898,72.89684666666668,24.849233333333334,15.72922666666667,20.1258,4.139340000000001,2010.0000000000002,6644.32,3934.81,515.83,2696.64,274.16,957.56,0.38
4,177.0,29.6293,36.441,20.4622,93.3811,29.640499999999996,21.569000000000003,25.3433,8.0761,2010.0000000000002,177.0,17.537,27.4222,0.0,52.2693,24.3367,13.388900000000001,18.926300000000005,2.346,2010.0000000000002,177.0,26.258093333333335,31.619400000000002,3.3636999999999997,69.26585333333333,27.31908666666667,17.247419999999998,22.34826,4.7025999999999994,2010.0000000000002,6824.63,4460.04,571.94,3159.48,298.62,885.97,0.01
5,193.0,28.1895,36.4108,20.0057,86.1213,31.3674,22.962400000000002,26.561,6.144299999999999,2010.0000000000002,193.0,12.1871,30.015500000000003,0.0,53.7673,24.8867,15.2215,20.8007,1.6711999999999998,2010.0000000000002,193.0,23.449740000000002,32.627539999999996,3.8294200000000003,71.73725333333333,28.04996,18.749700000000004,23.418446666666675,3.6672666666666665,2010.0000000000002,7278.36,5075.74,545.9,3536.02,285.88,810.33,0.03
6,209.00000000000003,26.702400000000004,36.9753,23.6138,90.7204,31.8493,23.0768,27.2501,5.989400000000001,2010.0000000000002,209.00000000000003,11.735100000000001,30.435899999999997,0.0,60.35190000000001,26.932100000000002,17.300200000000004,22.5943,1.8203,2010.0000000000002,209.00000000000003,21.472020000000004,33.94869333333333,7.652093333333334,74.78208666666669,29.14852666666667,20.51834,24.830959999999997,3.4309400000000005,2010.0000000000002,6632.98,4597.97,664.95,3372.61,354.83,902.78,0.11
7,225.0,25.4236,37.34009999999999,17.398699999999998,93.0232,33.908,24.9571,27.7995,6.199799999999999,2010.0000000000002,225.0,15.0924,28.5647,0.0,53.584900000000005,24.8323,14.898799999999998,20.611500000000003,1.908,2010.0000000000002,225.0,21.959746666666668,33.50418,4.044219999999999,75.88896666666666,29.430706666666662,20.012526666666663,24.689133333333338,4.02346,2010.0000000000002,5507.46,3674.49,923.67,3130.22,459.37,1358.04,0.02
8,240.99999999999997,24.1141,35.712199999999996,25.419700000000002,86.1623,32.1109,21.758300000000002,26.0373,8.8983,2010.0000000000002,240.99999999999997,11.8734,25.2926,0.0,49.6737,21.755199999999995,9.3179,16.6082,2.3890000000000002,2010.0000000000002,240.99999999999997,20.747599999999995,30.401346666666665,3.1239666666666666,65.06818666666666,27.313240000000004,15.863133333333334,21.678033333333335,5.974426666666668,2010.0000000000002,5354.69,3184.05,748.38,2549.52,393.04,1128.97,0.05
9,257.0,21.7853,34.5137,24.811299999999996,90.88,30.3074,16.5145,20.251700000000003,8.090499999999999,2010.0000000000002,257.0,5.6672,25.613400000000002,0.0,46.293,13.223099999999999,7.6789000000000005,10.7047,2.2597,2010.0000000000002,257.0,14.494426666666666,30.514553333333335,5.697046666666665,65.5033,23.391399999999997,12.042953333333333,17.447073333333332,4.821273333333333,2010.0000000000002,4130.6,2080.3,767.62,1911.64,393.66,1193.33,0.0
10,272.99999999999994,18.361,34.24700000000001,19.0786,97.15679999999999,24.5915,11.1463,20.001099999999997,7.6463,2010.0000000000002,272.99999999999994,4.9,21.910100000000003,0.0,44.1573,15.4466,2.4128000000000003,8.797,2.1023,2010.0000000000002,272.99999999999994,15.976026666666668,25.592453333333328,1.3752200000000003,63.262653333333326,20.905393333333336,7.75128,14.001373333333333,4.610473333333333,2010.0000000000002,3732.71,1988.21,920.33,2036.74,478.12,1614.93,0.0
11,289.0,15.197799999999999,30.821700000000003,1.5935,89.9942,26.7053,13.639100000000001,19.6358,6.395300000000001,2010.0000000000002,289.0,8.1839,22.528599999999997,0.0,40.1829,16.0041,2.5027,8.5358,1.8378999999999999,2010.0000000000002,289.0,13.385553333333334,25.62154666666667,0.12775333333333333,54.32296000000001,20.23908666666667,7.312313333333334,13.006260000000001,3.884406666666666,2010.0000000000002,3333.73,1580.24,792.96,1649.37,417.47,1325.63,0.13
12,305.0,12.7958,30.8521,12.308000000000002,86.5274,20.423699999999997,8.9771,13.294400000000001,12.217,2010.0000000000002,305.0,3.1299,19.730600000000003,0.0,45.491,6.3459,-3.1201999999999996,2.0659,2.9582,2010.0000000000002,305.0,9.839113333333334,23.644966666666665,1.2933866666666667,57.88686666666666,13.527760000000002,2.1829666666666667,7.007180000000001,6.358713333333334,2010.0000000000002,3098.96,1274.69,678.78,1340.84,361.68,1107.9,0.66
