,DOY,INSgdmax,RADmax,RAINmax,RHmax,TMAXmax,TMINmax,Tmax,WINDmax,YEAR,DOY,INSgdmin,RADmin,RAINmin,RHmin,TMAXmin,TMINmin,Tmin,WINDmin,YEAR,DOY,INSgdmean,RADmean,RAINmean,RHmean,TMAXmean,TMINmean,Tmean,WINDmean,YEAR,NDVI,EVI,RED,NIR,BLUE,MIR,pixrel
0,113.0,25.8672,31.579900000000002,11.930499999999999,92.507,26.8515,13.213000000000001,18.911,9.3295,2010.0,113.0,5.5769,21.5922,0.0,47.138400000000004,11.927499999999998,2.1675,9.1091,1.4595000000000002,2010.0,113.0,18.713726666666666,27.191726666666675,2.64152,64.44098,19.652673333333333,8.423606666666668,14.032126666666667,4.55284,2010.0,6035.93,4152.0,789.13,3256.92,416.64,1672.27,0.0
1,129.0,27.1713,30.549500000000002,43.1064,88.09530000000001,26.6477,9.927900000000001,16.9324,8.688600000000001,2010.0,129.0,6.0971,23.7366,0.0,49.7001,12.6126,2.017,7.9916,2.8088999999999995,2010.0,129.0,17.480433333333334,27.429,6.212092857142857,63.445413333333335,18.328926666666668,6.485053333333333,12.265593333333333,5.5714999999999995,2010.0,5990.98,4204.59,825.63,3297.97,491.13,1447.03,1.37
2,145.0,29.116799999999998,34.5855,7.1366,85.19909999999999,28.8904,21.0897,24.0624,7.957699999999999,2010.0,145.0,10.7151,25.761,0.0,47.4232,17.3,9.9499,14.2759,2.3611999999999997,2010.0,145.0,22.65106666666667,30.199306666666665,0.8209466666666667,68.19314,25.888573333333333,14.87276,20.189680000000003,4.515666666666666,2010.0,6499.88,4436.72,684.2,3285.52,362.71,1530.29,0.0
3,161.0,28.994799999999998,35.339800000000004,41.8727,89.6951,29.02,22.066900000000004,23.724899999999998,6.7066,2010.0,161.0,5.5792,28.9924,0.0,57.885200000000005,22.627299999999998,12.943200000000001,19.0442,1.0994,2010.0,161.0,21.069746666666667,32.76215333333333,13.0745,76.09339333333332,26.329559999999994,16.83518,21.535519999999998,3.848966666666667,2010.0,7304.65,4960.29,505.26,3357.96,276.12,853.68,0.01
4,177.0,29.649,36.221199999999996,40.2704,88.185,30.1372,22.1113,25.943599999999996,7.1442,2010.0,177.0,13.502,27.9152,0.0,53.7457,25.3159,14.1179,19.9644,2.3607,2010.0,177.0,25.704326666666667,32.276579999999996,6.130013333333332,71.24071333333333,27.90119333333334,17.906280000000002,22.976466666666667,4.429500000000001,2010.0,7105.79,5260.07,644.24,3820.84,344.0,1398.86,0.03
5,193.0,28.444,36.827,34.0947,92.146,31.268100000000004,23.535600000000002,27.109099999999998,5.9967,2010.0,193.0,8.7064,29.827199999999998,0.0,62.4708,23.621299999999998,16.475900000000003,21.3625,1.3405,2010.0,193.0,23.095399999999998,33.387146666666666,6.56174,78.67435333333333,27.667973333333332,19.617566666666665,23.748066666666666,3.218233333333333,2010.0,7828.64,5840.71,474.2,3968.26,256.38,1016.99,0.27
6,209.0,26.5913,38.081199999999995,33.3419,90.55709999999999,31.3494,23.993700000000004,27.1182,5.957099999999999,2010.0,209.0,12.4764,31.074800000000003,0.0,69.8073,26.916,17.9029,23.1147,1.7772000000000001,2010.0,209.0,20.93998,34.71328666666667,9.881160000000001,81.47105333333333,29.04900666666667,21.261873333333334,25.19016666666667,3.5752466666666667,2010.0,8032.11,6016.0,429.79,4011.93,235.1,930.14,0.07
7,225.0,25.531599999999997,38.1322,21.35,93.1274,32.4949,25.2372,27.7761,5.572900000000001,2010.0,225.0,9.0092,29.0961,0.0,66.02289999999999,23.037,15.519200000000001,20.759300000000003,1.7388,2010.0,225.0,21.63318,33.89891333333333,4.868986666666667,82.55352000000002,29.014406666666666,20.440226666666664,24.847873333333336,3.6432266666666666,2010.0,7732.25,5768.13,496.8,3942.84,269.8,1018.65,0.0
8,241.0,24.1554,36.9649,38.300200000000004,88.5094,31.006700000000002,22.7598,25.8796,7.6836,2010.0,241.0,7.1913,24.9046,0.0,56.16969999999999,21.7408,9.2408,16.2953,2.4162999999999997,2010.0,241.0,20.480220000000003,30.480380000000004,3.4044733333333337,72.24170000000001,26.85361333333334,16.14856,21.62006666666667,5.382580000000001,2010.0,7325.66,4794.87,488.58,3221.82,257.0,939.08,0.0
9,257.0,22.365499999999997,35.0235,39.0719,91.2603,30.097099999999998,17.945,21.3018,6.981399999999999,2010.0,257.0,3.5526,25.3853,0.0,49.3342,17.1998,8.9467,12.645,2.7119,2010.0,257.0,14.338226666666667,31.255313333333334,5.767613333333333,72.68796666666667,24.25048666666666,13.325886666666669,18.599919999999997,4.658953333333335,2010.0,7204.72,4445.95,470.07,2951.62,246.75,861.51,0.0
10,273.0,18.9497,34.8292,13.9542,93.36850000000001,26.4265,14.1214,21.2913,8.5625,2010.0,273.0,4.577,22.134999999999998,0.0,51.295,15.7222,2.5541,8.947400000000002,1.9569999999999999,2010.0,273.0,15.912493333333334,25.985026666666666,1.37522,66.92649999999999,21.087313333333334,8.215373333333334,14.348726666666666,4.2619066666666665,2010.0,5286.0,3094.47,783.23,2542.25,398.16,1374.42,0.0
11,289.0,15.648200000000001,31.1739,5.6485,87.8268,26.720999999999997,14.1309,19.6439,6.1505,2010.0,289.0,8.9404,22.7542,0.0,42.7646,16.7406,3.5606,9.6245,1.4627000000000001,2010.0,289.0,13.619786666666666,25.943666666666665,0.6152066666666667,56.7731,21.026666666666667,7.841106666666668,13.708859999999998,3.8761666666666663,2010.0,4723.46,2936.88,997.69,2754.31,492.41,1638.87,0.11
12,305.0,13.1102,30.5851,7.0606,82.14930000000001,20.8094,10.2856,14.7595,11.422800000000002,2010.0,305.0,5.2578,19.548299999999998,0.0,44.0412,9.2088,-2.7885999999999997,2.7241,2.4679,2010.0,305.0,10.722666666666665,23.54538,1.088153333333333,55.580566666666684,14.702486666666665,2.7918333333333334,7.903646666666667,6.324246666666666,2010.0,4530.37,2799.9,1023.74,2687.87,510.31,1679.2,0.09
