,DOY,INSgdmax,RADmax,RAINmax,RHmax,TMAXmax,TMINmax,Tmax,WINDmax,YEAR,DOY,INSgdmin,RADmin,RAINmin,RHmin,TMAXmin,TMINmin,Tmin,WINDmin,YEAR,DOY,INSgdmean,RADmean,RAINmean,RHmean,TMAXmean,TMINmean,Tmean,WINDmean,YEAR,NDVI,EVI,RED,NIR,BLUE,MIR,pixrel
0,113.0,25.256,31.449999999999996,6.742,87.47400000000002,24.196000000000005,11.995999999999999,17.058000000000003,8.2,2010.0,113.0,6.628,21.518,0.0,44.478,11.936000000000002,1.94,9.444,1.402,2010.0,113.0,19.380666666666663,26.369733333333336,1.5705333333333333,61.049733333333336,19.372799999999998,7.7073333333333345,13.383333333333333,4.523466666666668,2010.0,3348.98,1947.08,1065.66,2215.08,549.95,1965.27,0.26
1,129.0,27.342,29.098,15.174,86.48,24.298000000000002,10.852,16.284,8.588000000000001,2010.0,129.0,6.882,23.906,0.0,52.066,11.584,1.252,7.144,2.14,2010.0,129.0,16.005999999999997,26.8144,3.532857142857143,64.18173333333333,16.945200000000003,5.391333333333334,10.8288,5.635866666666667,2010.0,5189.82,2941.63,710.77,2360.58,370.73,1332.19,0.0
2,145.0,28.832,34.474000000000004,17.956,86.77600000000001,29.334,20.644,23.720000000000002,8.626000000000001,2010.0,145.0,2.9939999999999998,26.52,0.0,42.693999999999996,20.357999999999997,10.384,16.024,1.9299999999999997,2010.0,145.0,21.3252,30.1744,2.0602666666666667,62.7244,25.769466666666666,14.423466666666666,19.958933333333334,4.7616000000000005,2010.0,5767.17,3338.08,631.09,2503.78,326.46,1033.07,0.01
3,161.0,29.284,34.838,37.99,88.80599999999998,27.767999999999997,21.008000000000003,22.654,7.168000000000001,2010.0,161.0,8.32,27.544,0.0,55.480000000000004,21.108000000000004,12.95,17.988,1.3840000000000001,2010.0,161.0,18.314799999999998,31.9256,8.618266666666667,72.55213333333333,24.5992,15.5396,19.8844,4.1659999999999995,2010.0,7357.54,4519.62,425.43,2947.3,221.49,820.13,0.04
4,177.0,29.6,36.56,19.826,94.80799999999999,29.512,21.53,25.218,8.181999999999999,2010.0,177.0,16.788,27.310000000000002,0.0,52.471999999999994,24.067999999999998,13.228000000000002,18.669999999999998,2.35,2010.0,177.0,26.070933333333336,31.536533333333338,3.0614666666666666,69.13493333333332,27.16226666666667,17.121066666666668,22.213466666666665,4.731199999999999,2010.0,7407.29,5071.64,512.11,3480.66,263.78,863.04,0.17
5,193.0,28.129999999999995,36.349999999999994,18.94,85.85400000000001,31.300000000000004,22.766000000000002,26.412,6.21,2010.0,193.0,12.59,30.077999999999996,0.0,52.554,25.154000000000003,15.11,20.656,1.714,2010.0,193.0,23.51706666666667,32.512,3.3229333333333333,70.86746666666666,28.067866666666664,18.611200000000004,23.34893333333334,3.7370666666666668,2010.0,7345.49,5132.86,542.93,3583.16,275.28,927.81,0.06
6,209.0,26.772000000000002,36.78,20.648,91.08399999999999,31.810000000000002,22.988,27.193999999999996,6.052,2010.0,209.0,11.610000000000001,30.259999999999998,0.0,59.937999999999995,26.814,17.116,22.444,1.8520000000000003,2010.0,209.0,21.60706666666667,33.78959999999999,7.1168,74.30400000000002,29.03626666666667,20.368799999999997,24.70613333333333,3.3850666666666664,2010.0,6858.15,4731.66,635.41,3433.63,323.83,1010.39,0.05
7,225.0,25.368000000000002,37.134,18.468,92.766,34.052,24.877999999999997,27.808,6.246,2010.0,225.0,15.808,28.514,0.0,52.176,25.218,14.742,20.536,1.958,2010.0,225.0,21.96026666666667,33.42733333333334,4.511866666666666,75.09386666666667,29.411466666666666,19.935866666666662,24.61893333333333,4.0949333333333335,2010.0,6334.04,4052.08,718.5,3077.55,351.35,1175.18,0.0
8,241.0,24.116,35.548,26.2,86.16,32.07,21.812,25.990000000000002,9.016,2010.0,241.0,11.968,25.376,0.0,49.652,21.626,9.271999999999998,16.552,2.404,2010.0,241.0,20.708399999999997,30.365466666666663,3.1973333333333334,64.596,27.243333333333332,15.787066666666666,21.604133333333337,6.034800000000001,2010.0,6135.52,3797.46,675.48,2844.48,343.31,1108.94,0.0
9,257.0,21.654,34.33200000000001,21.614,90.872,30.018,16.322000000000003,20.03,8.347999999999999,2010.0,257.0,5.7700000000000005,25.656,0.0,46.474000000000004,12.508,7.5440000000000005,10.33,2.0820000000000003,2010.0,257.0,14.497066666666665,30.352666666666664,5.5401333333333325,64.98479999999999,23.105733333333333,11.778266666666667,17.159866666666666,4.837733333333334,2010.0,5147.23,2791.26,686.06,2245.16,338.08,1118.09,0.0
10,273.0,18.264,34.222,19.926000000000002,97.582,24.208,11.02,19.887999999999998,7.522,2010.0,273.0,4.828,21.872,0.0,43.730000000000004,15.206,2.3440000000000003,8.714,2.038,2010.0,273.0,15.910666666666668,25.516266666666667,1.3284000000000002,63.16626666666667,20.73733333333334,7.652800000000001,13.867733333333334,4.653599999999999,2010.0,4549.38,2495.06,821.06,2236.06,408.01,1477.53,0.0
11,289.0,15.16,30.864000000000004,0.606,90.934,26.7,13.648,19.632,6.468000000000001,2010.0,289.0,7.9,22.492,0.0,40.294,15.702,2.308,8.286,1.8920000000000001,2010.0,289.0,13.362933333333334,25.54866666666667,0.040400000000000005,54.4672,19.9852,7.213466666666667,12.833466666666665,3.904266666666666,2010.0,4266.93,2269.82,790.1,2065.32,397.17,1445.23,0.07
12,305.0,12.819999999999999,30.804000000000002,12.886,87.49,20.162,8.722,13.067999999999998,12.411999999999999,2010.0,305.0,2.718,19.718000000000004,0.0,45.751999999999995,5.853999999999999,-3.276,1.8599999999999999,2.984,2010.0,305.0,9.713466666666669,23.5884,1.2953333333333334,58.45386666666667,13.230933333333333,2.054266666666667,6.807600000000002,6.386266666666667,2010.0,3587.6,1691.33,768.41,1693.01,390.27,1303.35,0.09
