,DOY,INSgdmax,RADmax,RAINmax,RHmax,TMAXmax,TMINmax,Tmax,WINDmax,YEAR,DOY,INSgdmin,RADmin,RAINmin,RHmin,TMAXmin,TMINmin,Tmin,WINDmin,YEAR,DOY,INSgdmean,RADmean,RAINmean,RHmean,TMAXmean,TMINmean,Tmean,WINDmean,YEAR,NDVI,EVI,RED,NIR,BLUE,MIR,pixrel
0,113.0,26.1785,31.093000000000004,15.316499999999998,91.18650000000001,26.56,13.565999999999999,18.5385,10.096,2010.0,113.0,5.297,21.281,0.0,46.944,12.883499999999998,2.4045,10.043499999999998,1.297,2010.0,113.0,18.566433333333336,27.214333333333336,2.959,66.7102,19.6696,8.731966666666668,14.091333333333331,4.477733333333334,2010.0,4757.56,2142.67,526.13,1644.62,287.24,816.67,2.68
1,129.0,26.982,30.411,47.9495,89.846,26.476,10.611,17.3585,8.811499999999999,2010.0,129.0,6.5135000000000005,24.0635,0.0,50.9,13.412500000000001,2.916,7.85,2.6140000000000003,2010.0,129.0,17.66443333333333,27.78526666666667,7.398142857142858,65.83403333333334,18.425166666666666,7.171233333333333,12.689266666666665,5.488766666666667,2010.0,5762.02,2691.59,427.65,1814.8,245.73,596.71,2.61
2,145.0,29.268499999999996,34.897000000000006,3.8185,85.9365,29.640500000000003,20.839,24.461,7.0395,2010.0,145.0,8.7835,25.7825,0.0,45.54,17.802,10.489,14.5315,2.127,2010.0,145.0,23.494533333333337,30.244,0.5389999999999999,68.66826666666667,25.899033333333335,15.2853,20.499266666666664,4.1141000000000005,2010.0,6022.5,3068.54,429.2,2018.15,248.72,610.55,0.08
3,161.0,29.241,35.402,45.320499999999996,90.7895,28.771,22.053,24.068499999999997,6.508,2010.0,161.0,2.8985000000000003,29.0995,0.0,61.0505,23.133499999999998,12.345500000000001,19.177500000000002,0.916,2010.0,161.0,20.394199999999998,32.84363333333334,13.170833333333334,77.61043333333333,26.455666666666666,16.985666666666667,21.70966666666667,3.6820000000000004,2010.0,5759.1,3259.32,860.04,2573.78,766.58,808.23,4.44
4,177.0,29.466500000000003,36.427,41.32,86.23750000000001,30.256500000000003,22.814499999999995,26.162,6.605,2010.0,177.0,12.774999999999999,27.9,0.0,57.465999999999994,24.997,13.8735,19.7105,2.3644999999999996,2010.0,177.0,25.2936,32.39886666666667,7.388766666666667,72.05466666666668,27.833333333333332,17.9706,22.979400000000005,4.2054,2010.0,6834.89,3577.76,354.79,2221.53,231.9,538.44,3.02
5,193.0,28.444000000000003,36.679,36.380500000000005,94.024,31.324,22.853,26.660999999999998,5.9510000000000005,2010.0,193.0,8.4665,30.282500000000002,0.0,63.6655,24.1645,17.6215,21.631500000000003,1.2910000000000001,2010.0,193.0,22.200700000000005,33.684066666666666,7.620833333333334,79.5056,27.64816666666667,20.05493333333333,23.960700000000003,3.1679666666666666,2010.0,6884.45,3736.96,304.89,2284.75,179.31,505.76,5.35
6,209.0,26.6155,38.110499999999995,24.4925,90.88649999999998,31.097500000000004,24.610500000000002,27.049,5.9750000000000005,2010.0,209.0,9.256,31.306,0.0,74.188,27.103,17.8455,22.932499999999997,2.1605000000000003,2010.0,209.0,21.076633333333334,34.7632,10.1046,83.77243333333334,28.822233333333337,21.34156666666667,25.15726666666667,3.4766000000000004,2010.0,6864.66,3285.93,289.37,1961.1,180.57,441.76,3.4
7,225.0,25.697499999999998,38.051500000000004,24.9965,93.577,31.7425,25.362000000000002,27.692,5.195499999999999,2010.0,225.0,5.8945,29.29,0.0,68.998,23.269,15.367,20.817999999999998,1.7314999999999998,2010.0,225.0,20.7722,34.12293333333333,6.604466666666667,83.95243333333335,29.06456666666667,20.801133333333336,24.941333333333333,3.6334333333333335,2010.0,6536.92,2956.54,210.44,1816.14,91.83,396.25,20.4
8,241.0,24.223,36.4975,36.225,90.55449999999999,30.835500000000003,23.194499999999998,25.6715,7.581,2010.0,241.0,8.995000000000001,25.415999999999997,0.0,62.152,21.274,8.793000000000001,15.7025,1.999,2010.0,241.0,20.676499999999997,30.3365,3.4437666666666664,75.63839999999999,26.5473,16.1122,21.372533333333337,5.0092333333333325,2010.0,6274.35,3183.75,381.66,2074.35,213.58,593.53,5.68
9,257.0,22.207,34.33,34.8655,92.60900000000001,28.952,18.5975,21.546,7.276999999999999,2010.0,257.0,3.4985000000000004,25.453999999999997,0.0,52.674499999999995,17.11,9.584499999999998,12.934000000000001,2.138,2010.0,257.0,14.53686666666667,31.01046666666667,6.482933333333333,74.49366666666667,24.058533333333337,13.220733333333335,18.440600000000003,4.650500000000001,2010.0,6082.15,2643.24,425.95,1763.15,231.48,504.49,0.0
10,273.0,18.953500000000002,35.1495,17.737000000000002,88.9005,26.3315,19.685499999999998,22.422,8.6265,2010.0,273.0,3.9549999999999996,22.261000000000003,0.0,55.7315,14.693,2.473,8.885,1.9924999999999997,2010.0,273.0,15.767833333333334,25.82893333333333,1.9422333333333333,69.398,20.7235,8.376966666666666,14.125966666666667,4.1074,2010.0,5486.17,2088.32,426.92,1463.96,216.44,564.15,0.08
11,289.0,15.745,32.0715,7.532,89.1625,27.2145,14.4385,19.95,6.1775,2010.0,289.0,8.021,22.5275,0.0,46.0845,16.391000000000002,3.3345000000000002,9.342,1.6785,2010.0,289.0,13.658133333333334,25.971266666666665,0.6636666666666666,59.19246666666666,20.991500000000002,7.775933333333334,13.668700000000001,3.9646333333333335,2010.0,4666.71,1681.09,344.97,1314.21,137.11,590.29,20.63
12,305.0,13.3335,30.713,10.414000000000001,84.6885,20.604999999999997,10.396500000000001,15.2675,11.39,2010.0,305.0,4.66,19.280499999999996,0.0,43.55799999999999,9.1485,-3.632,1.9835,2.3635,2010.0,305.0,10.615633333333335,23.462566666666664,1.4468999999999999,56.91256666666668,14.548399999999999,2.651133333333333,7.795233333333333,6.286366666666668,2010.0,5132.64,1530.21,224.72,1067.46,82.53,433.21,20.4
