,DOY,INSgdmax,RADmax,RAINmax,RHmax,TMAXmax,TMINmax,Tmax,WINDmax,YEAR,DOY,INSgdmin,RADmin,RAINmin,RHmin,TMAXmin,TMINmin,Tmin,WINDmin,YEAR,DOY,INSgdmean,RADmean,RAINmean,RHmean,TMAXmean,TMINmean,Tmean,WINDmean,YEAR,NDVI,EVI,RED,NIR,BLUE,MIR,pixrel
0,113.00000000000001,26.3265,32.5331,30.411500000000004,92.2476,24.613500000000002,14.6398,19.196199999999997,9.449200000000001,2010.0,113.00000000000001,4.2451,20.839100000000002,0.0,51.24589999999999,14.915200000000002,2.3367,9.9042,1.5642,2010.0,113.00000000000001,18.812413333333332,26.674966666666666,5.14818,67.73302000000001,19.24704,7.710373333333333,13.316086666666667,4.576413333333334,2010.0,4865.3,2191.33,594.69,1743.98,313.52,1134.35,0.0
1,129.0,26.9197,29.999499999999998,31.6482,90.39359999999999,25.817300000000003,10.473099999999999,16.9484,8.2162,2010.0,129.0,5.7123,24.6476,0.0,52.790600000000005,11.5721,2.8994000000000004,7.220000000000001,1.8953,2010.0,129.0,17.715753333333335,27.719106666666665,7.523014285714285,69.55578,18.05676,7.342426666666666,12.580226666666666,5.4308266666666665,2010.0,5771.71,2780.78,523.16,1994.33,281.01,955.07,0.0
2,145.0,28.959400000000002,34.513,8.7561,90.4925,28.6919,21.2857,24.255699999999997,6.5688,2010.0,145.0,7.5773,26.8044,0.0,48.134,19.0902,11.0066,14.8702,1.9554,2010.0,145.0,22.80750666666667,30.817533333333337,1.4747999999999997,71.96348,25.561246666666666,15.57712,20.563833333333335,3.571606666666667,2010.0,7251.73,3980.63,370.42,2494.55,213.39,721.36,0.0
3,161.0,29.534299999999998,35.6877,29.655100000000004,91.2152,28.200400000000002,20.601,23.8069,5.4511,2010.0,161.0,6.6110999999999995,28.609699999999997,0.0,66.7226,22.873499999999996,12.023699999999998,18.6707,0.9383999999999999,2010.0,161.0,17.91158666666667,32.993813333333335,8.065913333333334,79.08420000000001,25.986579999999996,16.937826666666666,21.563813333333332,3.3386066666666663,2010.0,8137.03,5107.25,307.33,3119.35,186.54,589.54,1.02
4,177.0,29.7459,36.0847,29.3478,87.28,29.349999999999998,22.2897,25.5951,5.8359,2010.0,177.0,14.894100000000002,27.638299999999997,0.0,59.2418,24.1671,13.2427,19.0658,1.9107,2010.0,177.0,26.030873333333332,31.837440000000004,6.671706666666668,74.33766,27.09219333333333,17.690420000000003,22.519613333333332,3.9305266666666667,2010.0,7974.63,5192.1,328.35,3249.42,189.99,682.83,0.0
5,193.0,28.5956,37.1917,28.555299999999995,94.3407,29.7378,22.460600000000003,25.732,5.4799,2010.0,193.0,9.8829,30.7057,0.0,67.6958,24.5283,17.791999999999998,21.4778,1.3737,2010.0,193.0,21.49806666666667,34.00784,8.154013333333335,80.48007999999997,27.604906666666665,20.28301333333334,23.937333333333335,3.23078,2010.0,8190.55,4576.13,256.06,2674.1,155.41,510.0,0.98
6,208.99999999999997,27.082599999999996,38.039100000000005,31.877600000000005,91.9245,30.526200000000003,24.9373,26.8646,5.398,2010.0,208.99999999999997,8.535400000000001,31.507399999999997,0.0,74.8557,26.4362,17.7531,22.5498,1.935,2010.0,208.99999999999997,20.63379333333333,34.80353333333333,10.656500000000001,84.46706666666665,28.403746666666663,21.197106666666667,24.93582666666667,3.3915400000000004,2010.0,7934.26,4622.9,279.27,2767.86,164.44,571.22,0.19
7,225.0,25.852000000000004,37.523799999999994,21.4996,92.5293,31.2362,24.804499999999997,27.328899999999997,5.3362,2010.0,225.0,6.4239,29.2306,0.0,71.10959999999999,23.230199999999996,14.9792,20.4052,1.677,2010.0,225.0,19.971826666666665,34.15431333333334,5.633646666666667,84.74492666666667,28.38258666666667,20.61892,24.51304,3.47048,2010.0,7765.83,4014.84,261.42,2338.27,154.28,508.9,0.0
8,241.00000000000003,24.1406,36.7298,13.2609,91.9681,29.9746,22.220599999999997,24.7389,8.085299999999998,2010.0,241.00000000000003,6.271100000000001,26.142400000000002,0.0,67.1562,19.860100000000003,8.3295,14.844299999999999,2.1109,2010.0,241.00000000000003,19.053493333333332,30.519466666666666,2.17288,78.13575333333333,25.578413333333334,15.895793333333334,20.812493333333332,4.541186666666666,2010.0,7456.69,3633.54,283.06,2141.95,164.85,509.12,0.0
9,257.0,21.7057,33.9418,34.3437,96.2523,27.128800000000002,19.027,22.077899999999996,8.0605,2010.0,257.0,3.1294999999999997,26.474,0.0,58.133900000000004,17.2822,8.528,13.449200000000001,2.5046,2010.0,257.0,15.916326666666667,30.303066666666666,6.200426666666667,76.18355333333332,23.155713333333335,12.443933333333334,17.748953333333333,4.519826666666667,2010.0,5838.43,2693.73,480.29,1915.76,221.64,579.74,0.0
10,273.0,18.2439,35.861399999999996,25.525500000000005,86.438,26.4402,19.8597,22.7778,8.490699999999999,2010.0,273.0,5.0842,22.0746,0.0,59.7429,13.7936,2.1229999999999998,8.4831,1.7345,2010.0,273.0,15.493553333333335,25.80975333333333,2.5349666666666666,71.83511333333334,19.89896,7.854559999999999,13.553626666666666,3.951853333333333,2010.0,4991.57,1915.77,449.4,1404.83,238.66,743.27,0.0
11,289.0,15.517,32.1672,5.5514,90.68970000000002,27.543699999999998,13.518600000000003,19.5749,6.088900000000001,2010.0,289.0,7.8251,22.326100000000004,0.0,52.349299999999985,14.4254,2.4168,8.083900000000002,2.007,2010.0,289.0,13.73112,25.812806666666667,0.39849333333333337,63.58084000000001,20.138426666666668,7.432213333333333,13.199493333333335,3.9038266666666672,2010.0,5108.53,1838.68,418.02,1324.9,214.76,796.36,0.0
12,305.0,12.225499999999998,31.429400000000005,15.847999999999999,90.6878,18.434900000000003,11.2386,15.0709,11.383000000000001,2010.0,305.0,4.450800000000001,18.8519,0.0,48.157199999999996,6.878,-4.3392,0.7020000000000001,2.4554,2010.0,305.0,9.94402,23.417246666666667,2.1022333333333334,63.45543333333333,13.226839999999996,1.9522066666666666,6.856486666666667,5.844693333333334,2010.0,5004.4,1770.36,435.9,1313.36,224.36,797.41,0.2
