,DOY,INSgdmax,RADmax,RAINmax,RHmax,TMAXmax,TMINmax,Tmax,WINDmax,YEAR,DOY,INSgdmin,RADmin,RAINmin,RHmin,TMAXmin,TMINmin,Tmin,WINDmin,YEAR,DOY,INSgdmean,RADmean,RAINmean,RHmean,TMAXmean,TMINmean,Tmean,WINDmean,YEAR,NDVI,EVI,RED,NIR,BLUE,MIR,pixrel
0,113.0,26.14,32.26,19.98,94.53,27.49,14.21,20.09,10.37,2010.0,113.0,6.23,22.46,0.0,50.17,15.23,3.07,10.07,1.34,2010.0,113.0,17.40533333333333,28.299999999999997,4.264,67.11,20.263333333333332,9.419333333333334,14.882,4.578,2010.0,3447.22,2364.4,1473.81,3019.89,718.85,2890.49,0.0
1,129.0,27.47,32.15,72.61,95.53,26.18,11.1,18.57,8.88,2010.0,129.0,4.14,24.73,0.0,48.85,13.85,3.49,9.49,2.48,2010.0,129.0,17.338,28.64666666666666,8.092142857142857,66.328,19.726666666666667,8.504,14.041333333333334,5.431333333333333,2010.0,3561.67,2445.53,1450.49,3038.99,709.95,2871.75,0.01
2,145.0,28.91,34.63,4.68,86.5,29.81,21.05,24.48,7.28,2010.0,145.0,5.72,26.35,0.0,54.77,17.86,9.6,14.62,1.89,2010.0,145.0,22.646666666666665,31.127333333333336,0.7599999999999999,72.30533333333334,26.129999999999995,16.114,21.064,4.062666666666668,2010.0,3688.21,2591.04,1488.7,3199.33,726.29,2974.81,0.0
3,161.0,28.94,35.89,82.77,93.02,29.66,23.52,25.02,6.14,2010.0,161.0,6.05,30.74,0.0,59.51,26.84,13.94,21.1,0.95,2010.0,161.0,20.54733333333333,33.965999999999994,13.258000000000003,77.96266666666669,27.996000000000002,19.258666666666667,23.583333333333336,3.4906666666666673,2010.0,6473.68,4506.81,713.43,3377.11,384.26,1096.73,0.0
4,177.0,29.66,36.72,47.19,90.19,30.44,22.82,26.54,6.65,2010.0,177.0,3.96,28.3,0.0,58.35,26.61,15.74,21.58,2.52,2010.0,177.0,23.935333333333332,33.128,5.542000000000001,73.85466666666666,28.822,19.414,24.176666666666666,4.271333333333333,2010.0,7105.48,5034.43,602.61,3574.17,322.57,1218.27,0.0
5,193.0,27.58,36.94,30.92,95.02,31.34,24.53,27.67,5.85,2010.0,193.0,9.43,31.14,0.0,65.98,25.69,19.09,22.58,1.48,2010.0,193.0,21.113333333333333,34.81666666666667,4.334666666666667,83.07066666666668,28.51,21.40666666666666,24.91333333333334,3.027333333333333,2010.0,8291.61,6687.86,413.85,4519.84,226.87,906.26,0.03
6,209.0,26.93,37.51,34.27,93.61,33.01,24.92,28.15,6.93,2010.0,209.0,4.97,32.26,0.0,77.23,27.61,18.98,24.09,2.35,2010.0,209.0,20.646666666666665,35.50533333333333,10.020666666666667,84.68266666666665,30.04200000000001,22.64333333333333,26.339333333333332,3.6800000000000006,2010.0,8630.72,7329.61,359.94,4952.35,197.33,805.23,0.3
7,225.0,25.06,37.84,33.58,87.2,34.01,25.65,29.04,4.8,2010.0,225.0,2.99,31.43,0.0,68.72,23.61,17.64,21.83,1.56,2010.0,225.0,20.044000000000004,34.64733333333333,6.876,81.77733333333336,30.281333333333333,21.456666666666663,25.963333333333335,3.3066666666666666,2010.0,8547.0,6784.58,341.88,4451.72,185.78,770.51,0.0
8,241.0,24.41,36.86,14.58,94.43,31.53,24.21,27.0,7.53,2010.0,241.0,9.76,25.02,0.0,54.37,22.71,9.96,16.98,2.1,2010.0,241.0,20.805333333333337,30.79133333333333,1.8926666666666667,72.222,27.950666666666663,17.038,22.502000000000002,4.691333333333333,2010.0,7329.29,5147.47,543.93,3596.94,273.91,955.14,0.0
9,257.0,22.5,35.06,27.85,90.72,31.22,21.53,24.1,6.26,2010.0,257.0,6.7,26.39,0.0,48.48,23.09,12.58,18.31,2.68,2010.0,257.0,15.584000000000001,32.04933333333334,7.28533333333333,75.78733333333334,26.459333333333337,15.691333333333334,20.732000000000003,4.3406666666666665,2010.0,6166.98,3834.22,664.7,2860.32,342.37,979.49,0.0
10,273.0,19.44,35.5,11.22,80.45,27.37,21.92,24.19,8.8,2010.0,273.0,3.67,22.5,0.0,51.55,17.11,3.34,9.97,1.83,2010.0,273.0,16.218666666666664,26.503333333333334,0.9420000000000001,64.57466666666667,22.59133333333334,9.680000000000001,15.738666666666665,3.8959999999999995,2010.0,3494.24,2088.34,1213.88,2493.8,587.38,1877.6,0.0
11,289.0,16.34,31.79,12.15,89.06,28.39,16.69,20.65,7.34,2010.0,289.0,9.68,23.4,0.0,43.06,18.79,4.74,11.22,1.58,2010.0,289.0,13.888,26.988000000000003,0.9566666666666667,56.78800000000001,22.870666666666672,9.296666666666665,15.35333333333333,3.8853333333333326,2010.0,3291.54,2195.03,1441.48,2818.1,684.68,2090.58,0.66
12,305.0,13.72,29.63,8.37,72.75,22.77,11.59,16.51,9.86,2010.0,305.0,8.35,19.44,0.0,40.08,10.77,-2.0,3.47,2.48,2010.0,305.0,11.793333333333333,23.75,1.3846666666666667,50.48400000000001,16.736,3.9953333333333334,9.386666666666665,6.021333333333334,2010.0,3007.14,2001.37,1547.68,2868.22,729.47,2299.74,0.23
