,DOY,INSgdmax,RADmax,RAINmax,RHmax,TMAXmax,TMINmax,Tmax,WINDmax,YEAR,DOY,INSgdmin,RADmin,RAINmin,RHmin,TMAXmin,TMINmin,Tmin,WINDmin,YEAR,DOY,INSgdmean,RADmean,RAINmean,RHmean,TMAXmean,TMINmean,Tmean,WINDmean,YEAR,NDVI,EVI,RED,NIR,BLUE,MIR,pixrel
0,113.0,26.2481,32.8062,31.920399999999997,92.199,25.756,14.4964,19.2269,9.8534,2010.0,113.0,4.8835999999999995,21.0565,0.0,47.663900000000005,12.699100000000001,2.8909000000000002,10.332799999999999,1.6549,2010.0,113.0,17.914553333333334,27.58594,4.722766666666667,68.03214,19.75606,9.017173333333334,14.267753333333335,4.446746666666666,2010.0,4449.18,1935.21,582.02,1596.62,303.6,1034.27,0.07
1,129.0,27.420299999999997,31.2881,43.3397,91.2847,25.752,11.1264,17.5665,8.4498,2010.0,129.0,4.9818,24.4112,0.0,51.4504,13.2466,3.7184,8.3055,2.3228,2010.0,129.0,17.565059999999995,28.22303333333334,8.68952142857143,68.43162666666667,18.767280000000003,8.155019999999999,13.422746666666669,5.353533333333335,2010.0,5815.6,3345.29,543.71,2359.79,325.74,886.75,0.03
2,145.0,29.0678,34.307500000000005,4.6288,87.87950000000001,29.294399999999996,21.139300000000002,24.792,6.5937,2010.0,145.0,8.4304,26.4573,0.0,48.006,16.8532,11.0599,14.389,1.9035,2010.0,145.0,23.442053333333334,30.826639999999998,0.47052000000000005,73.17203333333333,25.583193333333334,15.97061333333333,20.811326666666666,3.6410133333333325,2010.0,6520.05,3711.57,414.98,2393.89,258.53,636.86,0.0
3,161.0,29.293799999999997,36.2069,45.577600000000004,92.9361,28.447300000000002,22.7496,24.8777,5.573300000000001,2010.0,161.0,3.5178000000000003,29.091,0.0,66.1378,23.3472,12.996799999999999,19.4248,0.6893,2010.0,161.0,18.76822,33.49989333333333,12.490960000000001,80.32357333333334,26.786713333333335,18.08730666666667,22.48196666666667,3.334626666666667,2010.0,7119.65,4585.87,449.59,2854.76,401.11,610.17,1.5
4,177.0,29.564099999999996,36.049099999999996,49.3405,87.7763,30.5181,23.143300000000004,26.4868,5.7682,2010.0,177.0,15.6546,27.9269,0.0,60.219500000000004,25.239400000000003,14.557000000000002,20.0339,1.6873,2010.0,177.0,25.835813333333334,32.420640000000006,9.722813333333333,73.91175999999999,28.00642666666667,18.652860000000004,23.36155333333333,3.878593333333334,2010.0,7538.27,4590.39,315.24,2834.9,203.98,521.93,0.05
5,193.0,28.404600000000002,37.4197,25.5401,93.8629,30.869999999999997,22.8466,26.5604,5.4977,2010.0,193.0,7.4123,30.681600000000003,0.0,62.046499999999995,25.7235,18.1278,22.2709,1.1103,2010.0,193.0,20.995066666666666,34.39558000000001,7.325706666666667,79.89076000000001,28.134733333333333,20.85234,24.544173333333333,3.048393333333333,2010.0,7550.6,4712.39,309.38,2894.17,207.2,535.93,0.85
6,209.0,26.21,38.2762,26.602000000000004,91.0623,31.4362,25.2526,27.6784,6.0976,2010.0,209.0,7.2027,32.1769,0.0,76.6143,27.435499999999998,18.0261,23.0681,1.7736,2010.0,209.0,19.987800000000004,35.32931333333333,9.379013333333333,85.26874,29.158346666666663,21.937426666666667,25.619613333333334,3.4629733333333332,2010.0,7459.15,4333.47,286.18,2614.87,174.45,524.84,0.01
7,225.0,26.0362,37.866499999999995,28.937199999999997,93.6273,32.295500000000004,25.8385,27.98,5.0245,2010.0,225.0,6.436299999999999,29.981899999999996,0.0,70.4783,24.3407,15.9048,21.6033,1.7561,2010.0,225.0,20.860846666666667,34.42171333333333,6.392273333333334,84.60858666666667,29.31489333333333,21.32672666666667,25.301620000000003,3.42988,2010.0,7168.74,3903.32,290.1,2331.6,187.8,453.39,0.0
8,241.0,24.3116,36.6216,15.726199999999999,93.4153,30.4795,22.9789,25.3375,7.4593,2010.0,241.0,9.7461,25.809,0.0,66.19640000000001,20.677100000000003,8.9064,15.3739,1.9276999999999997,2010.0,241.0,20.1506,30.530066666666666,3.25458,78.29659333333333,26.148153333333333,16.423373333333338,21.33288,4.506979999999999,2010.0,7051.67,3764.32,304.78,2258.06,201.2,482.75,0.01
9,257.0,22.3778,34.4293,42.4624,95.17830000000001,28.4863,20.0392,23.038,6.8911999999999995,2010.0,257.0,5.7066,25.9844,0.0,58.540800000000004,17.4756,9.6934,14.2068,2.096,2010.0,257.0,15.766533333333333,31.048813333333335,7.08572,77.25354666666668,24.116193333333335,13.843286666666664,18.959606666666666,4.4389199999999995,2010.0,5717.62,2812.21,455.3,1990.37,201.66,532.74,0.03
10,273.0,18.8772,35.6806,16.8702,85.5733,27.599400000000003,20.7937,23.8551,8.583,2010.0,273.0,3.4865,22.198800000000002,0.0,58.5249,14.9523,2.6661,8.985199999999999,1.947,2010.0,273.0,16.084173333333332,25.97004666666667,2.105026666666667,70.50528666666668,20.810653333333335,8.563759999999998,14.374193333333334,3.869546666666667,2010.0,4981.32,2036.34,418.19,1473.75,231.63,641.32,5.11
11,289.0,15.906500000000001,32.1309,9.326600000000001,89.5224,27.187599999999996,14.2468,19.891000000000002,6.3049,2010.0,289.0,9.5332,22.5178,0.0,49.3746,16.5163,3.3459,9.7385,2.1266999999999996,2010.0,289.0,13.746739999999999,26.26754,0.6928066666666668,61.553593333333325,21.278073333333335,7.987426666666668,14.031093333333335,3.980026666666667,2010.0,5049.99,2053.96,429.07,1464.2,240.02,726.34,0.09
12,305.0,13.0584,30.2856,12.983899999999998,85.9646,20.9171,10.4578,15.8019,10.7951,2010.0,305.0,4.9594,19.0881,0.0,44.4804,8.4042,-3.7271,1.7256,2.5324999999999998,2010.0,305.0,10.808806666666667,23.430479999999996,1.7300200000000001,58.00736666666666,14.846206666666664,2.728933333333333,8.03542,6.042413333333334,2010.0,4952.78,1869.46,388.0,1350.83,202.37,647.72,5.15
