,DOY,INSgdmax,RADmax,RAINmax,RHmax,TMAXmax,TMINmax,Tmax,WINDmax,YEAR,DOY,INSgdmin,RADmin,RAINmin,RHmin,TMAXmin,TMINmin,Tmin,WINDmin,YEAR,DOY,INSgdmean,RADmean,RAINmean,RHmean,TMAXmean,TMINmean,Tmean,WINDmean,YEAR,NDVI,EVI,RED,NIR,BLUE,MIR,pixrel
0,113.0,25.9022,31.727,20.6114,90.2906,27.9984,14.529800000000002,20.7296,9.9108,2010.0,113.0,6.9352,22.9684,0.0,48.9646,15.5252,3.4308,10.152,1.5614000000000001,2010.0,113.0,17.658986666666667,28.03377333333333,4.447133333333333,65.14364,20.40710666666667,9.422066666666666,14.966733333333334,4.764413333333333,2010.0,3209.71,2156.54,1515.24,2934.22,723.56,2877.98,0.0
1,129.0,27.199399999999997,32.322199999999995,47.2802,93.83259999999999,27.122999999999998,11.5756,19.0456,9.224400000000001,2010.0,129.0,4.14,24.024800000000003,0.0,45.053399999999996,13.399000000000001,3.5391999999999997,9.883600000000001,2.3815999999999997,2010.0,129.0,18.27061333333333,28.5756,6.320942857142857,63.65807999999999,20.074346666666667,8.449333333333334,14.162146666666667,5.501853333333332,2010.0,3272.89,2234.61,1542.8,3022.64,735.93,2989.53,0.0
2,145.0,29.082200000000004,34.51520000000001,3.2368,85.434,30.187199999999997,21.1976,24.644,8.1164,2010.0,145.0,6.195600000000001,26.7928,0.0,54.7372,17.9666,10.256,14.5626,1.7916000000000003,2010.0,145.0,22.19184,31.34217333333333,0.5916266666666666,71.66081333333334,26.332266666666662,16.28784,21.1624,4.28844,2010.0,3571.5,2521.16,1538.01,3222.8,740.51,2906.76,0.0
3,161.0,28.7924,35.922799999999995,51.733000000000004,91.585,30.2422,23.438,25.061,6.574599999999999,2010.0,161.0,10.7978,30.9204,0.0,57.2222,26.4464,14.883,21.739599999999996,1.1632,2010.0,161.0,21.847853333333333,34.095013333333334,10.969106666666667,76.27128,28.34094666666667,19.421573333333335,23.78778666666667,3.59836,2010.0,5687.43,3897.43,885.27,3228.96,461.41,1420.76,0.03
4,177.0,29.6026,36.7774,48.6988,89.3536,30.973,22.434600000000003,26.769600000000004,6.8632,2010.0,177.0,4.8784,28.472200000000004,0.0,55.9638,27.2742,16.1582,22.1294,2.3314,2010.0,177.0,24.142519999999998,33.251,5.238600000000001,72.25840000000002,29.27136,19.547933333333333,24.42376,4.491093333333334,2010.0,7196.22,5302.31,611.91,3790.8,328.19,1188.65,0.0
5,193.0,28.1376,36.8744,34.2492,94.3066,32.069799999999994,24.6366,27.989800000000002,5.9976,2010.0,193.0,9.1922,30.8776,0.0,65.4552,25.870399999999997,19.2212,22.744,1.275,2010.0,193.0,21.53536,34.742866666666664,4.390973333333333,82.18288,28.829253333333337,21.341613333333335,25.06038666666667,3.06724,2010.0,8456.66,7195.05,403.64,4923.4,223.29,886.04,0.1
6,209.0,26.954600000000003,37.8626,34.7128,93.446,34.5762,25.125000000000004,28.437,7.1186,2010.0,209.0,7.651400000000001,32.432199999999995,0.0,76.205,27.814999999999998,19.0866,24.2048,2.2844,2010.0,209.0,20.940226666666668,35.56984,9.329680000000002,83.07491999999999,30.283626666666663,22.74228,26.515359999999994,3.8418133333333335,2010.0,8773.22,7320.23,309.21,4825.74,172.96,726.04,0.3
7,225.0,25.1748,37.4792,25.6506,87.569,34.3134,25.7238,29.286,4.939399999999999,2010.0,225.0,4.613599999999999,31.429999999999996,0.0,67.01440000000001,23.0606,17.328400000000002,21.461,1.5518,2010.0,225.0,20.259933333333336,34.72878666666667,4.79648,79.27578666666666,30.64158666666667,21.446826666666663,26.13936,3.3760933333333325,2010.0,8545.85,6874.6,344.21,4527.1,190.98,766.68,0.0
8,241.0,24.3526,36.4828,15.3426,94.266,32.7518,24.374000000000002,27.270599999999998,7.9482,2010.0,241.0,7.9887999999999995,25.257800000000003,0.0,50.220800000000004,23.6284,11.312999999999999,17.619600000000002,2.2312,2010.0,241.0,21.315373333333334,30.890826666666666,2.13976,68.42212,28.66516,17.330466666666663,23.034453333333335,4.870093333333334,2010.0,7553.9,5491.63,516.76,3790.53,269.27,906.86,0.0
9,257.0,22.5328,35.650400000000005,31.712200000000003,91.4334,32.2286,21.718600000000002,24.5592,6.350200000000001,2010.0,257.0,7.167400000000001,26.775399999999998,0.0,43.3386,23.245800000000003,11.8092,17.244,2.6882,2010.0,257.0,15.040613333333335,32.33305333333333,6.839253333333334,73.54490666666668,26.97921333333334,15.701720000000002,21.002053333333336,4.423759999999999,2010.0,6378.14,4102.76,653.69,3028.49,336.92,983.61,0.0
10,273.0,19.44,35.3524,12.983,84.9272,28.723,19.87,23.4848,8.808200000000001,2010.0,273.0,4.4654,22.442600000000002,0.0,50.4594,17.593799999999998,3.9714000000000005,10.379999999999999,1.8464,2010.0,273.0,16.178213333333332,26.679360000000003,1.1360666666666668,63.481333333333346,23.115586666666665,9.868053333333334,16.14429333333333,4.012440000000001,2010.0,3419.8,2039.72,1218.17,2466.44,593.99,1827.97,0.0
11,289.0,16.1924,31.314400000000003,11.3382,82.5246,28.521199999999997,16.722800000000003,20.732,7.2662,2010.0,289.0,9.3602,23.5476,0.0,43.773399999999995,19.1672,5.871600000000001,11.999,1.5144,2010.0,289.0,13.850280000000001,27.022986666666668,1.26608,56.203066666666665,23.090973333333338,9.548680000000001,15.594413333333332,3.888066666666667,2010.0,3169.24,2182.05,1502.23,2879.67,707.94,2144.22,0.9
12,305.0,13.3018,30.015400000000003,12.9948,69.6996,22.942200000000003,11.8852,16.5838,9.7452,2010.0,305.0,7.849800000000001,19.645000000000003,0.0,39.046800000000005,11.606399999999999,-1.4506000000000001,4.1342,2.1437999999999997,2010.0,305.0,11.737026666666667,23.758746666666667,1.4360533333333334,49.61316000000001,17.170053333333335,4.325520000000001,9.73872,6.021333333333333,2010.0,2870.54,1932.15,1665.06,2954.51,798.46,2288.11,0.49
