,DOY,INSgdmax,RADmax,RAINmax,RHmax,TMAXmax,TMINmax,Tmax,WINDmax,YEAR,DOY,INSgdmin,RADmin,RAINmin,RHmin,TMAXmin,TMINmin,Tmin,WINDmin,YEAR,DOY,INSgdmean,RADmean,RAINmean,RHmean,TMAXmean,TMINmean,Tmean,WINDmean,YEAR,NDVI,EVI,RED,NIR,BLUE,MIR,pixrel
0,113.0,26.106,32.5379,30.963500000000003,93.13550000000001,25.5561,15.3093,19.5536,9.5359,2010.0,113.0,3.791,21.0084,0.0,50.1882,13.309899999999999,3.2546000000000004,10.6377,1.6225,2010.0,113.0,17.632946666666665,27.571293333333337,5.020086666666667,69.3509,19.757420000000003,9.239159999999998,14.383893333333337,4.391719999999999,2010.0,5460.23,2089.01,378.12,1395.38,236.52,620.96,0.0
1,129.0,27.4916,31.7524,42.4881,91.77860000000001,25.4687,11.5369,17.740099999999998,8.1515,2010.0,129.0,4.8106,24.361400000000003,0.0,54.2422,13.6078,3.9242,8.6272,2.1898999999999997,2010.0,129.0,17.480826666666665,28.377580000000002,9.400857142857143,70.35560000000001,19.075893333333333,8.611886666666667,13.836586666666665,5.19282,2010.0,6218.29,2951.41,397.54,1876.08,281.4,590.02,0.01
2,145.0,29.069200000000002,34.1502,5.6042000000000005,88.4655,29.1418,21.1723,24.827799999999996,6.3148,2010.0,145.0,7.409700000000001,26.8323,0.0,51.438900000000004,17.2457,10.6162,14.470400000000001,1.944,2010.0,145.0,23.34828666666667,31.134159999999998,0.6060666666666666,75.19289333333334,25.57587333333333,16.32146,20.996566666666666,3.484553333333333,2010.0,6649.65,3166.95,336.83,1909.63,244.73,457.78,0.02
3,161.0,29.204000000000004,36.333299999999994,61.151999999999994,92.9839,28.6832,23.0927,25.113800000000005,5.5926,2010.0,161.0,3.9149000000000003,29.486800000000002,0.0,67.5538,24.3043,13.182399999999998,19.732100000000003,0.868,2010.0,161.0,18.67314,33.76112,12.063513333333335,80.72572666666667,27.0255,18.610453333333336,22.88599333333333,3.3299600000000003,2010.0,6206.47,3522.92,496.07,2129.65,542.53,521.55,2.29
4,177.0,29.625400000000003,36.5517,38.936,88.8605,30.4927,23.2785,26.5698,5.5801,2010.0,177.0,16.1819,27.7911,0.0,59.043499999999995,25.2033,14.994399999999999,20.2011,1.6358,2010.0,177.0,25.996593333333337,32.48888666666667,8.14582,74.04932666666667,28.13746666666667,19.08692666666667,23.612246666666667,3.7927733333333333,2010.0,7286.92,3681.14,280.88,2122.45,218.97,402.74,0.01
5,193.0,28.026,37.3078,25.727999999999998,92.49520000000001,30.491799999999998,23.5498,26.6134,5.6252,2010.0,193.0,9.5985,30.692300000000003,0.0,61.425599999999996,26.1314,18.589100000000002,22.682299999999998,1.3445999999999998,2010.0,193.0,21.36398666666667,34.60208,6.6426066666666665,80.35511333333334,28.377986666666665,21.222073333333334,24.850653333333334,3.043826666666667,2010.0,7532.4,3674.15,248.29,2103.35,193.21,394.72,0.25
6,209.0,26.3395,37.9822,29.8198,91.99810000000001,31.7945,25.2382,28.04,6.0395,2010.0,209.0,7.246,32.345699999999994,0.0,77.2992,27.7257,18.4333,23.446799999999996,1.7726000000000002,2010.0,209.0,20.319180000000003,35.46389333333333,10.004460000000002,85.67424000000001,29.39436,22.371586666666666,25.89976,3.5161199999999995,2010.0,7238.23,3598.5,294.12,2089.58,238.18,435.14,0.27
7,225.0,25.8716,38.1288,25.106899999999996,92.1639,32.5506,26.076,28.297,5.0335,2010.0,225.0,7.4967999999999995,30.3113,0.0,70.2808,24.9774,16.473,21.969600000000003,1.8077,2010.0,225.0,21.722146666666667,34.49032,5.35698,84.00552666666665,29.5649,21.645860000000003,25.570706666666673,3.3177066666666666,2010.0,7316.04,3278.46,241.47,1833.7,200.35,343.98,0.0
8,241.0,24.350999999999996,36.73649999999999,18.6697,93.26440000000001,30.3543,22.8403,25.4959,7.297300000000001,2010.0,241.0,9.383600000000001,25.694,0.0,65.39,21.020200000000003,9.2164,15.67,1.915,2010.0,241.0,20.165853333333335,30.577766666666662,3.16486,78.20532,26.27568,16.635593333333336,21.519686666666665,4.344766666666667,2010.0,7338.53,2946.41,218.75,1654.88,149.31,344.74,0.14
9,257.0,22.3446,34.4495,46.142900000000004,94.28970000000001,28.601200000000002,19.8383,23.4635,6.5583,2010.0,257.0,7.0588,26.609099999999998,0.0,60.198499999999996,19.0623,10.192,15.8558,1.8194,2010.0,257.0,16.02941333333333,31.187446666666666,7.470466666666667,78.01525333333335,24.545686666666665,14.460786666666664,19.460426666666667,4.231226666666667,2010.0,6267.84,2441.49,332.66,1576.15,164.0,362.57,0.01
10,273.0,19.0495,35.500299999999996,14.187000000000001,82.4119,28.266799999999996,20.7232,24.1805,8.2749,2010.0,273.0,3.4036,22.1588,0.0,57.578199999999995,15.2048,2.8897000000000004,9.107500000000002,1.6462000000000003,2010.0,273.0,16.228273333333334,26.096860000000003,1.788106666666667,69.71297333333334,21.001546666666666,8.893553333333333,14.687560000000001,3.7950133333333333,2010.0,6020.58,2004.15,283.3,1226.29,193.14,412.24,0.0
11,289.0,16.049400000000002,32.0891,10.689400000000001,87.5971,27.349200000000003,14.588799999999999,19.977700000000002,6.417,2010.0,289.0,9.504500000000002,22.564300000000003,0.0,49.286699999999996,16.956699999999998,3.6997,10.1109,2.1807,2010.0,289.0,13.860651428571428,26.424826666666668,0.8730600000000002,61.00152666666666,21.535813333333333,8.333013333333332,14.3984,3.9309,2010.0,6044.88,2062.9,290.68,1295.43,177.38,416.64,2.56
12,305.0,13.414900000000001,30.278599999999997,15.722499999999998,84.8849,21.281999999999996,10.5422,16.1302,10.7047,2010.0,305.0,6.0112000000000005,19.078400000000002,0.0,43.9019,8.3345,-3.3691000000000004,1.9409,2.8167,2010.0,305.0,11.198313333333335,23.407126666666663,1.68832,57.562733333333334,15.162133333333331,2.976733333333333,8.31396,5.943633333333333,2010.0,6277.88,1921.09,238.24,1122.23,173.67,325.49,0.19
