,DOY,INSgdmax,RADmax,RAINmax,RHmax,TMAXmax,TMINmax,Tmax,WINDmax,YEAR,DOY,INSgdmin,RADmin,RAINmin,RHmin,TMAXmin,TMINmin,Tmin,WINDmin,YEAR,DOY,INSgdmean,RADmean,RAINmean,RHmean,TMAXmean,TMINmean,Tmean,WINDmean,YEAR,NDVI,EVI,RED,NIR,BLUE,MIR,pixrel
0,113.0,25.759999999999994,31.9845,17.509999999999998,95.79350000000001,26.207500000000003,14.371500000000001,19.064,10.256,2010.0,113.0,5.4415,21.576500000000003,0.0,48.55499999999999,14.469999999999999,3.2125000000000004,10.431,1.5585,2010.0,113.0,16.571233333333335,28.0587,4.458433333333333,68.90043333333334,19.880166666666668,9.397166666666667,14.711633333333333,4.459566666666666,2010.0,5932.49,4079.66,821.77,3250.29,435.22,1821.73,0.0
1,129.0,26.8905,32.6915,68.3825,95.82450000000001,25.458000000000002,11.309000000000001,18.085499999999996,8.424000000000001,2010.0,129.0,3.4939999999999998,25.1765,0.0,52.09900000000001,15.047,3.68,9.3285,2.6700000000000004,2010.0,129.0,17.073266666666665,28.672,9.568714285714286,69.12226666666668,19.39543333333333,8.7225,14.01726666666667,5.326833333333334,2010.0,6384.89,4149.15,649.01,3027.31,348.45,1313.11,0.11
2,145.0,29.1095,34.772499999999994,7.4445,87.28850000000001,29.4965,20.993,24.689,6.786,2010.0,145.0,5.520499999999999,26.007999999999996,0.0,53.421,18.078500000000002,9.438500000000001,14.658,1.928,2010.0,145.0,22.589033333333333,31.140633333333323,0.9405,73.94819999999999,25.858933333333333,16.245733333333334,21.07856666666667,3.7282666666666664,2010.0,6517.99,4482.47,677.56,3298.45,363.14,1562.99,0.0
3,161.0,28.977999999999998,36.716499999999996,116.856,93.476,29.070999999999998,23.2255,25.001,5.912000000000001,2010.0,161.0,5.499,30.1605,0.0,64.34549999999999,25.738,13.389,20.302,0.9025,2010.0,161.0,19.692333333333334,33.9793,15.827433333333337,80.10903333333334,27.531766666666666,19.152266666666666,23.3509,3.433666666666667,2010.0,7283.15,4860.76,505.76,3284.3,278.22,933.4,0.0
4,177.0,29.489,36.311499999999995,36.910999999999994,86.9505,30.402,23.105000000000004,26.5685,6.1845,2010.0,177.0,12.168000000000001,28.1575,0.0,60.1455,25.717000000000002,15.483500000000001,20.8675,1.9215,2010.0,177.0,24.5142,32.81196666666666,4.562233333333333,74.60453333333334,28.450866666666666,19.384866666666667,23.9189,3.9933000000000005,2010.0,7142.87,4935.3,567.43,3441.93,308.37,1187.52,0.0
5,193.0,27.067,36.94,21.467499999999998,94.7445,30.656000000000002,23.969500000000004,27.299500000000002,5.470000000000001,2010.0,193.0,11.5485,30.759999999999994,0.0,64.61200000000001,25.728,18.9,22.675,1.6605,2010.0,193.0,21.0747,34.764100000000006,5.226399999999999,83.13083333333333,28.368766666666662,21.436433333333333,24.864566666666672,3.0653333333333332,2010.0,7536.68,5506.73,529.61,3791.35,289.76,1176.05,0.0
6,209.0,26.8635,37.6525,38.165,93.648,32.478,24.825,28.4065,6.5975,2010.0,209.0,5.957999999999999,32.459500000000006,0.0,79.244,27.895,18.913500000000003,24.0615,2.3785000000000003,2010.0,209.0,20.639066666666672,35.47176666666667,10.1733,86.1444,29.76016666666667,22.6028,26.196833333333327,3.593866666666667,2010.0,8033.03,5897.96,422.58,3896.06,234.43,892.32,0.11
7,225.0,25.259500000000003,38.448,33.7795,90.13550000000001,33.00300000000001,26.144,28.935499999999998,4.7335,2010.0,225.0,8.1865,31.05,0.0,70.0595,24.541,17.26,22.1245,1.655,2010.0,225.0,21.126999999999995,34.59793333333333,7.485266666666665,82.88313333333335,29.976066666666668,21.673900000000003,25.899366666666666,3.285766666666666,2010.0,8099.74,5679.46,380.46,3648.91,209.76,822.74,0.0
8,241.0,24.4765,36.660500000000006,21.99,94.012,30.893499999999996,23.744500000000002,25.9265,6.8935,2010.0,241.0,12.762,25.058,0.0,61.9415,21.95,9.560999999999998,16.5905,2.2425,2010.0,241.0,20.643199999999997,30.63806666666666,3.193533333333334,76.22529999999999,27.096300000000003,16.877133333333333,21.9643,4.536166666666667,2010.0,7374.95,4805.42,484.96,3225.27,252.92,935.31,0.0
9,257.0,22.4335,35.06,43.2495,90.78650000000002,29.9945,20.646500000000003,23.777,6.335999999999999,2010.0,257.0,7.5169999999999995,26.627500000000005,0.0,55.2915,22.0165,11.421,17.949,1.787,2010.0,257.0,16.440266666666666,31.722533333333335,8.452566666666666,78.1541,25.67653333333333,15.484866666666663,20.3273,4.264666666666667,2010.0,6371.17,4116.02,669.86,3059.45,344.14,1189.04,0.0
10,273.0,19.478,35.6995,13.9845,78.46449999999999,28.377,21.54,24.541499999999996,8.743,2010.0,273.0,3.195,22.462000000000003,0.0,54.343,16.407,3.0549999999999997,9.552,2.001,2010.0,273.0,16.4207,26.30763333333333,1.5392333333333337,66.47656666666666,22.008033333333334,9.462133333333336,15.3764,3.8257000000000003,2010.0,5685.88,3480.63,769.26,2796.89,377.1,1433.58,0.0
11,289.0,16.482499999999998,32.4075,13.166500000000001,89.61099999999999,27.686999999999998,15.768500000000001,20.384,7.263999999999999,2010.0,289.0,8.112499999999999,22.924999999999997,0.0,43.772499999999994,18.4575,4.4645,10.878,1.751,2010.0,289.0,13.700533333333334,26.882233333333332,1.0744666666666667,57.56953333333333,22.524233333333335,9.073733333333333,15.1019,3.936,2010.0,4799.93,3031.25,999.19,2812.8,490.53,1718.98,0.18
12,305.0,14.024,29.829500000000003,9.32,77.43350000000001,23.0835,11.191,16.548000000000002,10.040500000000002,2010.0,305.0,8.217,19.1645,0.0,40.583499999999994,10.105,-2.5795,2.9665000000000004,2.841,2010.0,305.0,11.913666666666668,23.562533333333334,1.4081,51.96093333333333,16.347766666666665,3.6590333333333334,9.098500000000001,6.033999999999998,2010.0,4531.63,2720.55,982.64,2581.88,489.17,1694.49,0.16
