,DOY,INSgdmax,RADmax,RAINmax,RHmax,TMAXmax,TMINmax,Tmax,WINDmax,YEAR,DOY,INSgdmin,RADmin,RAINmin,RHmin,TMAXmin,TMINmin,Tmin,WINDmin,YEAR,DOY,INSgdmean,RADmean,RAINmean,RHmean,TMAXmean,TMINmean,Tmean,WINDmean,YEAR,NDVI,EVI,RED,NIR,BLUE,MIR,pixrel
0,113.0,25.34,31.36,7.77,90.72,26.33,12.65,18.78,8.63,2010.0,113.0,5.58,21.92,0.0,46.18,10.52,2.17,8.62,1.66,2010.0,113.0,18.971333333333334,27.197333333333336,1.8666666666666665,62.176,19.710666666666665,8.217333333333334,13.959333333333337,4.540666666666667,2010.0,3466.19,2300.11,1369.51,2842.48,689.79,2703.99,0.03
1,129.0,28.04,30.06,22.79,86.07,26.5,10.22,16.28,8.28,2010.0,129.0,5.72,23.51,0.0,49.86,12.8,1.51,8.02,2.66,2010.0,129.0,17.325333333333333,27.002666666666663,4.086428571428571,62.08599999999999,18.149333333333335,6.046000000000001,11.914666666666669,5.488,2010.0,3557.11,2325.44,1362.57,2743.48,872.84,1981.22,1.71
2,145.0,28.98,34.52,8.4,84.33,29.3,21.09,24.05,8.59,2010.0,145.0,12.38,25.74,0.0,46.48,18.36,9.92,14.53,2.19,2010.0,145.0,22.709333333333337,30.265333333333327,0.8486666666666668,66.72666666666666,26.007333333333335,14.753333333333336,20.14066666666667,4.7360000000000015,2010.0,4263.14,2785.9,1178.17,2898.22,595.63,2316.21,0.08
3,161.0,29.05,35.35,32.13,87.62,29.1,21.92,23.37,6.55,2010.0,161.0,7.16,28.69,0.0,55.37,22.0,13.03,18.56,1.26,2010.0,161.0,20.846000000000004,32.582,10.698,74.62266666666667,25.970666666666663,16.512666666666668,21.161333333333335,3.999333333333333,2010.0,6897.68,4874.56,609.38,3499.11,327.36,998.45,0.04
4,177.0,29.74,35.89,22.77,86.99,30.14,21.69,25.76,7.53,2010.0,177.0,19.51,27.86,0.0,52.06,25.34,13.99,19.93,2.34,2010.0,177.0,27.009333333333334,31.985333333333323,4.426,70.25399999999999,27.935333333333332,17.75733333333333,22.89266666666667,4.562666666666667,2010.0,7291.51,5376.04,558.25,3795.51,295.48,1134.01,0.11
5,193.0,28.51,36.68,21.02,88.16,31.47,23.86,27.1,5.93,2010.0,193.0,10.87,29.81,0.0,60.35,23.65,15.73,21.43,1.56,2010.0,193.0,23.321333333333328,33.14666666666667,5.668666666666667,76.11666666666666,27.904666666666664,19.365999999999996,23.69933333333334,3.3686666666666674,2010.0,7967.37,6383.37,447.22,4401.85,234.73,921.77,0.19
6,209.0,26.5,37.94,37.57,89.1,31.97,23.43,27.46,5.73,2010.0,209.0,11.95,31.18,0.0,63.14,27.32,18.11,23.24,1.67,2010.0,209.0,20.763999999999996,34.645999999999994,9.906,77.41000000000001,29.562,21.173999999999996,25.34133333333334,3.607333333333334,2010.0,8103.93,6625.58,427.09,4541.94,226.75,841.13,0.06
7,225.0,25.6,38.23,12.72,94.43,33.08,25.34,27.73,5.97,2010.0,225.0,12.92,28.76,0.0,61.12,23.03,15.47,20.82,1.72,2010.0,225.0,22.096,33.824,2.252666666666667,80.07866666666665,29.377999999999997,20.34733333333333,24.938666666666666,3.705333333333334,2010.0,7503.89,5917.49,563.26,4209.85,298.66,1037.89,0.0
8,241.0,24.05,36.29,22.32,86.65,32.04,21.25,26.16,8.31,2010.0,241.0,11.41,24.98,0.0,50.4,22.17,9.5,16.8,2.41,2010.0,241.0,20.85733333333333,30.53333333333334,3.086666666666667,68.10266666666666,27.461333333333336,16.148666666666664,21.92,5.688666666666666,2010.0,6805.96,4727.92,621.28,3402.24,327.97,1080.38,0.05
9,257.0,22.25,35.21,39.04,90.4,31.36,17.23,21.28,7.01,2010.0,257.0,5.22,25.52,0.0,45.92,16.34,8.33,12.47,3.15,2010.0,257.0,14.481333333333334,31.20466666666667,6.5653333333333315,68.014,24.576,13.113333333333335,18.626666666666665,4.732,2010.0,6011.95,3610.72,648.09,2714.7,316.79,1028.39,0.0
10,273.0,18.79,34.34,17.68,95.23,26.22,11.9,20.61,8.22,2010.0,273.0,5.22,22.1,0.0,46.78,16.38,2.69,9.12,2.32,2010.0,273.0,16.271333333333335,25.91133333333333,1.7366666666666666,64.17933333333333,21.594,8.17,14.552666666666664,4.4126666666666665,2010.0,3798.15,2180.93,1078.15,2378.98,526.74,1711.15,0.0
11,289.0,15.34,30.53,5.91,86.22,26.84,13.67,19.7,6.07,2010.0,289.0,9.72,22.68,0.0,40.12,17.18,3.4,9.57,1.59,2010.0,289.0,13.505333333333335,25.900666666666677,0.48333333333333334,54.30200000000001,21.321333333333335,7.727999999999998,13.734000000000002,3.7953333333333332,2010.0,3321.47,1932.99,1195.76,2367.76,598.67,1796.86,0.18
12,305.0,12.64,30.89,9.09,82.65,21.49,10.09,14.28,11.37,2010.0,305.0,5.11,19.76,0.0,44.67,8.5,-2.51,3.05,2.88,2010.0,305.0,10.413999999999998,23.817999999999994,1.2573333333333332,55.78866666666667,14.812000000000001,2.7286666666666664,7.851333333333333,6.238666666666665,2010.0,3006.9,1832.39,1317.48,2454.24,640.8,1937.79,0.58
