,DOY,INSgdmax,RADmax,RAINmax,RHmax,TMAXmax,TMINmax,Tmax,WINDmax,YEAR,DOY,INSgdmin,RADmin,RAINmin,RHmin,TMAXmin,TMINmin,Tmin,WINDmin,YEAR,DOY,INSgdmean,RADmean,RAINmean,RHmean,TMAXmean,TMINmean,Tmean,WINDmean,YEAR,NDVI,EVI,RED,NIR,BLUE,MIR,pixrel
0,113.0,25.928400000000003,31.8632,10.770399999999999,87.6276,25.5052,12.2432,17.5112,8.8216,2010.0,113.0,7.297999999999999,21.344,0.0,46.248799999999996,11.774000000000001,1.9175999999999997,9.797200000000002,1.1967999999999999,2010.0,113.0,19.313013333333334,26.34442666666667,1.9407466666666664,62.7748,19.37,7.708666666666667,13.414080000000002,4.443999999999999,2010.0,3453.21,1849.94,1008.07,2059.41,520.86,1870.58,0.18
1,129.0,27.3304,29.4976,29.1968,87.3236,25.5536,10.7384,16.198,8.5692,2010.0,129.0,6.6864,23.878400000000003,0.0,53.216800000000006,11.8256,2.0016,7.2467999999999995,2.1332,2010.0,129.0,16.461413333333336,26.84154666666667,4.8878,65.40175999999998,17.35952,5.708666666666666,11.205413333333334,5.643919999999999,2010.0,5334.29,2898.88,688.89,2280.12,361.57,1163.54,0.04
2,145.0,29.1128,34.2668,16.654799999999998,86.52199999999999,28.587600000000002,20.8296,23.900000000000002,8.076400000000001,2010.0,145.0,4.793200000000001,26.162799999999997,0.0,43.8936,20.3144,10.2836,15.800799999999999,2.184,2010.0,145.0,22.085546666666666,29.972773333333336,1.78544,65.08656,25.805093333333332,14.47808,19.939253333333333,4.504533333333333,2010.0,6077.79,3430.95,598.67,2482.65,315.76,949.13,0.0
3,161.0,29.2504,34.7896,34.6264,89.8488,27.8804,20.603600000000004,22.9112,7.1076,2010.0,161.0,7.6488,27.8828,0.0,57.0964,21.5344,12.618,18.3092,1.3808,2010.0,161.0,18.83821333333333,31.930159999999997,9.416640000000001,74.39751999999999,24.994346666666665,15.507386666666667,20.081546666666668,4.019173333333333,2010.0,7514.32,4813.96,454.5,3158.45,287.76,770.36,1.07
4,177.0,29.4792,36.2096,21.5916,92.1164,29.4084,21.6584,24.942400000000003,7.57,2010.0,177.0,12.508,27.212000000000003,0.0,55.205999999999996,23.58,12.898399999999999,18.3708,2.4532,2010.0,177.0,25.58378666666667,31.629866666666672,3.0772,71.14568,26.94824,17.007573333333333,22.11005333333333,4.57848,2010.0,7560.55,5021.16,455.95,3309.91,248.99,833.41,0.0
5,193.0,28.355999999999998,36.5904,25.172399999999996,91.1028,30.5864,22.742400000000004,26.142400000000002,6.4072000000000005,2010.0,193.0,11.620800000000003,30.233599999999996,0.0,60.151599999999995,24.476,15.3092,20.772399999999998,1.8212000000000002,2010.0,193.0,24.032426666666666,32.73397333333334,3.8666666666666663,75.01149333333333,27.600506666666668,18.808506666666666,23.27021333333333,3.6400800000000006,2010.0,7520.48,5078.81,475.81,3388.43,254.79,950.06,0.02
6,209.0,27.0292,37.47,22.3608,91.2312,31.1556,23.1084,26.7564,5.851600000000001,2010.0,209.0,11.0584,30.195599999999995,0.0,66.8392,26.247600000000002,17.205199999999998,22.428,1.7932000000000001,2010.0,209.0,21.22810666666667,33.93666666666667,7.452133333333332,78.61610666666667,28.544960000000003,20.478506666666668,24.543226666666673,3.3111200000000003,2010.0,7439.62,4804.74,468.72,3182.24,254.26,830.53,0.11
7,225.0,25.254,37.3884,23.0648,94.01999999999998,32.6308,25.1324,27.5352,5.9792000000000005,2010.0,225.0,16.2876,28.392000000000003,0.0,61.1188,24.048000000000002,14.455999999999998,19.944800000000004,2.068,2010.0,225.0,22.362293333333334,33.44045333333334,6.244266666666667,80.01013333333334,28.594453333333334,20.034239999999997,24.331626666666665,3.993386666666666,2010.0,7049.28,4470.46,540.74,3073.85,282.55,975.3,0.0
8,241.0,23.972800000000003,35.924,34.9992,88.3012,30.6832,21.737199999999998,25.486,8.3812,2010.0,241.0,8.879999999999999,25.449200000000005,0.0,55.1252,20.9172,8.9712,15.925199999999998,2.7396000000000003,2010.0,241.0,20.203200000000002,30.276159999999997,4.0709599999999995,70.86168,26.337813333333333,15.636186666666667,21.148240000000005,5.744719999999999,2010.0,6694.81,3960.93,550.94,2749.29,291.24,969.98,0.0
9,257.0,21.4836,34.074799999999996,24.552799999999998,89.0724,28.658799999999996,16.054000000000002,20.1824,8.42,2010.0,257.0,4.7256,25.829999999999995,0.0,49.4204,13.72,7.8848,11.0764,2.4436,2010.0,257.0,14.308559999999998,30.377626666666664,5.645493333333333,68.56501333333333,22.777626666666666,11.688053333333333,17.011893333333333,4.7628,2010.0,6174.99,3390.73,568.8,2438.54,287.05,953.8,0.0
10,273.0,18.414,34.440000000000005,22.1972,96.56839999999998,24.379199999999997,12.4892,20.6072,7.996,2010.0,273.0,4.904,21.976399999999998,0.0,49.261199999999995,14.5064,2.1824000000000003,8.484,1.6072000000000002,2010.0,273.0,15.766480000000003,25.50736,1.5791733333333335,66.59554666666668,20.34682666666667,7.5742400000000005,13.64704,4.516026666666667,2010.0,4981.04,2397.36,647.51,1950.85,311.19,1130.07,0.0
11,289.0,15.2256,30.712,1.764,91.63080000000001,27.001599999999996,13.894,19.712,6.352399999999999,2010.0,289.0,8.8752,22.488,0.0,43.248799999999996,15.106799999999998,2.6676,8.195599999999999,1.6936000000000002,2010.0,289.0,13.476506666666667,25.442,0.18093333333333336,57.48648,19.91968,7.22024,12.805786666666664,3.9208800000000004,2010.0,4436.82,2051.41,681.95,1785.85,340.6,1364.75,0.0
12,305.0,12.8056,30.1408,8.969199999999999,87.9308,19.5616,9.098400000000002,13.5348,12.4376,2010.0,305.0,3.6104000000000003,19.535600000000002,0.0,46.576,6.654000000000001,-3.6404,2.0248,2.8952,2010.0,305.0,10.01176,23.224586666666667,1.1473066666666667,59.49226666666667,13.224186666666665,2.0510133333333336,6.820613333333332,6.442133333333333,2010.0,3969.86,1665.22,661.1,1537.06,336.34,1112.09,0.0
