,DOY,INSgdmax,RADmax,RAINmax,RHmax,TMAXmax,TMINmax,Tmax,WINDmax,YEAR,DOY,INSgdmin,RADmin,RAINmin,RHmin,TMAXmin,TMINmin,Tmin,WINDmin,YEAR,DOY,INSgdmean,RADmean,RAINmean,RHmean,TMAXmean,TMINmean,Tmean,WINDmean,YEAR,NDVI,EVI,RED,NIR,BLUE,MIR,pixrel
0,113.0,25.9664,32.2464,26.674999999999997,93.3423,25.9418,14.265199999999998,18.9634,10.0031,2010.0,113.0,4.6293999999999995,21.1693,0.0,48.1144,12.701699999999999,2.9989000000000003,10.3642,1.5943,2010.0,113.0,17.20004666666667,27.751806666666674,4.55978,68.93098666666667,19.65482,9.170786666666668,14.356666666666667,4.4456,2010.0,6565.78,4084.24,529.31,2843.93,291.01,966.3,0.0
1,129.0,27.348,31.870399999999997,54.001200000000004,93.245,25.5794,11.218499999999999,17.733,8.4285,2010.0,129.0,4.702,24.7372,0.0,52.18729999999999,14.0201,3.6518,8.6617,2.7004,2010.0,129.0,17.52606,28.383926666666667,9.76052142857143,69.00504000000001,18.90384,8.325046666666665,13.597966666666668,5.323726666666667,2010.0,7137.21,4733.67,502.06,3211.03,290.39,819.53,0.0
2,145.0,29.1387,34.4742,5.7338,87.4712,29.476799999999997,21.035,24.8098,6.6617999999999995,2010.0,145.0,6.8448,25.9239,0.0,49.85680000000001,17.2727,10.1211,14.4489,1.8872,2010.0,145.0,23.310113333333334,30.81885333333333,0.54618,73.66036666666666,25.585053333333335,16.02714,20.83535333333333,3.6746599999999994,2010.0,7168.7,4883.44,510.99,3341.1,289.42,967.74,0.0
3,161.0,29.0686,36.4338,63.5533,93.05509999999998,28.5972,22.8838,24.890700000000002,5.8406,2010.0,161.0,3.3482,29.5313,0.0,65.8704,23.8834,13.1008,19.6647,0.7879999999999999,2010.0,161.0,19.238346666666665,33.68808,13.608406666666665,80.42034000000001,27.032080000000004,18.43036,22.76168666666667,3.41432,2010.0,7466.97,5422.66,517.89,3698.5,330.55,918.3,0.5
4,177.0,29.474899999999998,36.1683,41.834999999999994,87.5667,30.4889,23.1493,26.529000000000003,5.8751,2010.0,177.0,15.371599999999999,28.0561,0.0,59.380700000000004,25.3638,14.862400000000001,20.2928,2.0719000000000003,2010.0,177.0,25.485726666666668,32.56993333333334,7.5108999999999995,73.89408,28.204400000000003,18.903573333333334,23.568039999999996,3.940033333333333,2010.0,7769.46,5208.81,412.27,3416.64,228.34,779.6,0.01
5,193.0,27.949600000000004,37.1684,25.2794,94.3261,30.903399999999998,23.302,26.844200000000004,5.6045,2010.0,193.0,9.2456,30.6704,0.0,62.0018,25.7532,18.5101,22.4025,1.3471,2010.0,193.0,21.230413333333335,34.523740000000004,6.12204,81.09556666666667,28.18025333333333,21.032619999999998,24.641726666666663,3.0379199999999997,2010.0,7509.33,5214.72,488.47,3500.85,296.76,927.08,0.37
6,209.0,26.431,37.9727,31.301000000000002,91.8625,31.896900000000002,25.0321,27.9812,6.346399999999999,2010.0,209.0,7.1485,32.323499999999996,0.0,77.5432,27.6617,18.3759,23.5195,2.0183,2010.0,209.0,20.39804,35.36347333333333,9.776233333333334,85.87565333333332,29.35068,22.1867,25.8104,3.5389866666666663,2010.0,7721.46,5253.67,418.49,3447.58,240.76,828.46,0.16
7,225.0,25.8263,38.1185,28.8178,92.2125,32.574600000000004,26.0848,28.311400000000003,4.9308,2010.0,225.0,7.181100000000001,30.3029,0.0,69.9171,24.7121,16.4183,21.890700000000002,1.6757,2010.0,225.0,21.148333333333333,34.44204666666666,6.56696,83.87166666666667,29.63922666666667,21.47768666666667,25.557986666666668,3.3863733333333332,2010.0,7709.18,4812.48,360.42,3027.4,209.13,707.36,0.0
8,241.0,24.3774,36.6145,22.524899999999995,93.28560000000002,30.652,23.2623,25.6231,7.151,2010.0,241.0,10.1324,25.4362,0.0,64.5344,21.2209,9.1467,15.8142,1.9381999999999997,2010.0,241.0,20.460993333333338,30.497059999999998,3.51102,77.62218666666666,26.50664666666667,16.55700666666667,21.549813333333333,4.544973333333334,2010.0,7377.42,4658.2,453.17,3098.02,247.71,822.75,0.08
9,257.0,22.4223,34.84140000000001,43.4958,94.168,29.0468,20.166600000000003,23.2373,6.4847,2010.0,257.0,6.4368,26.3723,0.0,57.8342,19.0548,10.460700000000001,15.541400000000001,1.7917,2010.0,257.0,15.684920000000002,31.36606,7.610539999999999,78.02348666666668,24.65443333333333,14.534106666666666,19.477666666666668,4.352046666666666,2010.0,6914.26,4153.63,485.6,2826.03,252.0,829.08,0.0
10,273.0,19.2267,35.5522,14.4019,82.88589999999999,27.641399999999997,21.0826,24.0032,8.5934,2010.0,273.0,3.4036999999999997,22.3134,0.0,57.3481,15.3899,2.761,9.1351,1.9968,2010.0,273.0,16.230073333333333,26.08202,1.74516,69.38771333333332,21.139413333333334,8.905413333333332,14.695873333333333,3.8492066666666673,2010.0,6579.04,3666.38,479.95,2524.18,243.86,880.31,0.0
11,289.0,16.1813,32.5141,9.076,89.4194,27.037399999999998,14.7834,19.9837,6.677800000000001,2010.0,289.0,8.5168,22.6483,0.0,47.081,17.3197,3.8347999999999995,10.2406,1.9263000000000001,2010.0,289.0,13.748346666666666,26.519333333333336,0.7692466666666667,60.17183333333333,21.596520000000005,8.376226666666668,14.37652,3.95176,2010.0,5825.57,3193.71,605.87,2389.84,310.39,1078.54,0.06
12,305.0,13.5273,30.0494,11.024,82.8807,21.876200000000004,10.738199999999999,16.032,10.517900000000001,2010.0,305.0,6.180400000000001,19.1147,0.0,43.006299999999996,9.132800000000001,-3.3223000000000003,2.2131,2.6797,2010.0,305.0,11.260593333333334,23.439033333333334,1.3893133333333334,55.484566666666666,15.411886666666664,3.07754,8.43392,6.081173333333334,2010.0,5522.49,2819.74,641.71,2219.99,316.68,1147.9,0.01
