,DOY,INSgdmax,RADmax,RAINmax,RHmax,TMAXmax,TMINmax,Tmax,WINDmax,YEAR,DOY,INSgdmin,RADmin,RAINmin,RHmin,TMAXmin,TMINmin,Tmin,WINDmin,YEAR,DOY,INSgdmean,RADmean,RAINmean,RHmean,TMAXmean,TMINmean,Tmean,WINDmean,YEAR,NDVI,EVI,RED,NIR,BLUE,MIR,pixrel
0,113.0,25.8192,32.2704,28.1778,92.6868,25.1314,16.467200000000002,20.2096,9.3122,2010.0,113.0,5.1777999999999995,20.7946,0.0,50.79359999999999,17.154999999999998,3.0576,10.274,1.2958,2010.0,113.0,19.029560000000004,27.019773333333333,5.076226666666665,67.83513333333333,19.864213333333332,8.452960000000001,14.046400000000002,4.451413333333333,2010.0,2242.54,504.79,9.64,843.84,-161.21,321.22,91.84
1,129.0,26.396199999999997,31.2326,21.7906,87.583,25.511400000000002,11.751,17.443799999999996,8.4652,2010.0,129.0,5.846,23.851,0.0,53.51720000000001,12.3638,3.2454,8.122,1.838,2010.0,129.0,17.45572,28.065346666666663,6.043785714285714,69.52033333333334,19.20664,8.380893333333335,13.652159999999999,5.2552,2010.0,2861.31,945.08,-33.85,1011.79,-167.45,198.81,89.31
2,145.0,29.055,34.430400000000006,9.5366,90.3318,29.2262,21.4738,24.5542,6.0047999999999995,2010.0,145.0,11.0608,27.1794,0.0,52.9058,17.358800000000002,10.792200000000001,14.6084,2.121,2010.0,145.0,22.484066666666667,31.46961333333334,1.8639066666666666,75.39340000000001,25.711679999999998,16.275493333333333,20.96933333333333,3.481866666666667,2010.0,3504.78,1493.24,-130.16,1246.57,-222.36,50.52,94.38
3,161.0,29.365199999999998,35.8544,32.2966,92.7732,28.5206,22.6508,25.0484,5.491999999999999,2010.0,161.0,4.662999999999999,28.8386,0.0,67.923,24.387199999999996,12.4648,19.134,1.0028,2010.0,161.0,18.759413333333335,33.336000000000006,8.497626666666665,80.3038,26.67986666666667,18.160653333333332,22.497120000000002,3.1967733333333337,2010.0,4121.8,2369.71,280.66,2090.34,184.93,278.31,77.26
4,177.0,29.800199999999997,36.4104,24.688800000000004,90.5508,29.953000000000003,23.322,26.058799999999998,5.6078,2010.0,177.0,16.782799999999998,27.3354,0.0,59.48419999999999,24.9572,14.369800000000001,19.901399999999995,1.2262000000000002,2010.0,177.0,26.564493333333335,32.079573333333336,8.01116,73.72422666666667,27.62350666666667,18.835213333333336,23.19945333333333,3.7105200000000007,2010.0,3932.07,2278.58,-159.9,1718.98,-232.05,9.58,94.38
5,193.0,28.0352,37.3356,23.6066,89.0724,29.889000000000003,23.119199999999996,26.076,6.096,2010.0,193.0,9.606399999999999,30.854999999999997,0.0,63.7254,25.8292,18.2396,22.29,1.353,2010.0,193.0,22.3026,34.361959999999996,7.492986666666667,79.30701333333334,28.43761333333333,20.952479999999998,24.742266666666666,3.1326533333333333,2010.0,4224.17,2021.26,-195.92,1432.75,-247.77,-40.05,89.63
6,209.0,26.2414,37.515,37.8048,92.1524,31.1966,25.2236,27.2948,5.5038,2010.0,209.0,6.983999999999999,32.2236,0.0,75.5658,27.186400000000003,18.187,22.8568,1.5906000000000002,2010.0,209.0,20.102533333333334,35.149546666666666,11.289386666666667,84.08181333333333,29.11246666666666,21.938599999999997,25.50132,3.4324400000000006,2010.0,4128.69,2124.98,-156.92,1538.88,-210.2,-0.69,87.0
7,225.0,25.730199999999996,37.959,29.6792,90.7928,32.0758,25.284799999999997,27.974999999999998,5.201,2010.0,225.0,7.6496,29.419199999999996,0.0,69.41380000000001,23.9334,16.0718,21.084,1.6018000000000003,2010.0,225.0,20.460546666666666,34.36437333333333,4.586413333333333,83.16002666666667,29.09804,21.161440000000002,25.089319999999997,3.2643733333333333,2010.0,4143.42,1936.17,-174.08,1394.54,-234.25,-12.76,86.73
8,241.0,24.289599999999997,37.135999999999996,19.5746,91.98339999999999,30.058,22.6294,25.057199999999998,7.722799999999999,2010.0,241.0,9.6326,25.854799999999997,0.0,64.87519999999999,20.461999999999996,9.1526,15.297400000000001,1.8092,2010.0,241.0,19.71188,30.736693333333335,2.3141066666666665,77.24005333333334,26.09456,16.536706666666667,21.384346666666666,4.263266666666666,2010.0,3924.29,1434.17,-199.92,1070.65,-253.98,-91.47,91.84
9,257.0,22.1534,33.6256,36.494400000000006,95.68740000000001,28.042600000000004,19.1558,23.2464,7.5036,2010.0,257.0,7.2962,26.214799999999997,0.0,59.8378,18.7738,9.393,15.7258,2.8274,2010.0,257.0,16.93112,30.6216,5.6245866666666675,74.84784000000002,24.490133333333336,13.630719999999998,19.00689333333333,4.357746666666666,2010.0,2988.37,871.59,-88.88,931.44,-217.54,-49.2,91.85
10,273.0,18.5652,35.1904,15.6762,80.2824,28.3434,20.0136,23.893399999999996,8.119,2010.0,273.0,5.231800000000001,22.1548,0.0,56.6542,14.717799999999999,2.8356000000000003,8.8446,1.2082,2010.0,273.0,16.03145333333333,26.166346666666666,2.187333333333333,68.77628,20.760426666666667,8.596013333333334,14.427279999999998,3.8614800000000002,2010.0,2477.35,384.61,-94.63,687.07,-238.61,45.54,96.93
11,289.0,15.709800000000001,31.336,9.609399999999999,85.79099999999998,28.287,13.726000000000003,19.9498,6.141399999999999,2010.0,289.0,10.725999999999999,22.6492,0.0,50.209,15.846,3.2926,9.374600000000001,2.25,2010.0,289.0,13.79372,26.174253333333336,0.7756133333333333,60.15111999999999,21.251599999999996,8.060666666666668,14.122946666666666,3.94764,2010.0,2590.1,316.61,-65.12,588.64,-177.92,114.83,86.8
12,305.0,12.7192,31.1338,23.7322,88.351,19.595000000000002,10.8552,15.889800000000001,11.145400000000002,2010.0,305.0,4.771,18.7992,0.0,44.964800000000004,6.9798,-3.3112,1.4030000000000002,2.9374000000000002,2010.0,305.0,10.449399999999999,23.552999999999994,2.4805733333333335,61.01461333333332,14.260440000000003,2.5595333333333343,7.689799999999999,5.756666666666667,2010.0,2472.17,319.4,-90.02,623.55,-215.74,107.12,94.52
