,DOY,INSgdmax,RADmax,RAINmax,RHmax,TMAXmax,TMINmax,Tmax,WINDmax,YEAR,DOY,INSgdmin,RADmin,RAINmin,RHmin,TMAXmin,TMINmin,Tmin,WINDmin,YEAR,DOY,INSgdmean,RADmean,RAINmean,RHmean,TMAXmean,TMINmean,Tmean,WINDmean,YEAR,NDVI,EVI,RED,NIR,BLUE,MIR,pixrel
0,113.0,26.2331,31.8026,21.9065,91.2593,26.127000000000002,13.7256,18.6755,10.025400000000001,2010.0000000000002,113.0,5.4116,21.1582,0.0,47.5332,12.4091,2.4083,10.0147,1.476,2010.0000000000002,113.0,18.54096666666667,27.179093333333334,3.566866666666667,67.14193333333333,19.56,8.663326666666666,13.96932,4.492626666666666,2010.0000000000002,1915.41,717.61,380.13,964.6,223.28,488.43,33.94
1,129.0,27.067999999999998,30.4106,44.53489999999999,90.462,26.2838,10.61,17.317300000000003,8.6247,2010.0000000000002,129.0,5.7519,24.241699999999998,0.0,51.492399999999996,12.9911,3.0299999999999994,7.7509999999999994,2.4188,2010.0000000000002,129.0,17.730726666666662,27.809373333333333,7.774257142857144,66.90007333333334,18.334033333333334,7.332459999999999,12.738946666666669,5.456620000000001,2010.0000000000002,2445.99,1041.16,172.07,1028.57,49.17,250.61,51.19
2,145.0,29.303299999999997,34.744200000000006,4.6171,86.7671,29.5771,20.8402,24.5308,6.9239,2010.0000000000002,145.0,9.3627,25.9799,0.0,46.07899999999999,18.0582,10.842400000000001,14.601099999999999,2.0464,2010.0000000000002,145.0,23.31438666666667,30.405053333333328,0.56796,69.58632,25.74986,15.455126666666668,20.542986666666664,3.95466,2010.0000000000002,2927.37,1405.84,68.62,1161.24,-30.35,132.9,56.45
3,161.0,29.314400000000003,35.6472,40.4439,90.8501,28.5382,21.9324,24.1481,6.2616,2010.0000000000002,161.0,2.7935,28.9073,0.0,62.971500000000006,23.3137,12.4453,19.2005,0.8748,2010.0000000000002,161.0,19.5368,32.94462,11.93666,78.07327333333333,26.413999999999998,17.04476,21.756253333333333,3.6018133333333333,2010.0000000000002,3245.26,1846.67,374.38,1693.07,301.8,321.68,49.69
4,177.0,29.4993,36.203,39.6152,86.3559,30.189500000000002,22.8207,26.1148,6.343399999999999,2010.0000000000002,177.0,13.174999999999999,27.8744,0.0,58.5822,24.769600000000004,13.7385,19.5537,2.1653,2010.0000000000002,177.0,25.51624,32.24772,7.592180000000001,72.91477333333333,27.679786666666665,17.95370666666667,22.90256,4.12468,2010.0000000000002,3194.25,1693.88,51.92,1308.98,-28.16,78.07,56.39
5,193.0,28.508,36.939,33.5607,94.06380000000001,31.1392,22.5016,26.412399999999998,5.7978000000000005,2010.0000000000002,193.0,8.4219,30.3101,0.0,64.70150000000001,24.489299999999997,17.6377,21.6829,1.3092000000000001,2010.0000000000002,193.0,21.797086666666665,33.82714666666667,7.349633333333333,79.86439999999999,27.64259333333333,20.154493333333335,23.976966666666666,3.1647933333333333,2010.0000000000002,4340.19,2129.22,76.13,1471.33,-8.61,35.94,40.9
6,209.0,26.634700000000002,38.1413,26.5155,91.2697,31.0841,24.7383,27.080800000000004,5.8826,2010.0000000000002,209.0,8.818,31.450199999999995,0.0,74.788,26.984799999999996,17.7829,22.8233,2.0728999999999997,2010.0000000000002,209.0,20.99279333333334,34.80136,9.6372,84.22131333333333,28.72875333333333,21.330926666666663,25.1416,3.4560666666666666,2010.0000000000002,3263.85,1600.3,-52.96,1233.03,-112.95,2.5,69.03
7,225.0,25.6977,37.8825,28.330499999999997,93.912,31.6291,25.376200000000004,27.5938,5.1261,2010.0000000000002,225.0,6.0693,29.3742,0.0,69.8844,23.2744,15.261000000000001,20.767200000000003,1.8641,2010.0000000000002,225.0,20.732573333333335,34.12423999999999,7.189106666666667,84.46172666666666,28.92554,20.81558666666667,24.88078666666667,3.6075933333333334,2010.0000000000002,2953.7,1223.19,-114.34,1039.15,-187.19,-86.78,84.23
8,241.0,24.229799999999997,36.3739,25.814799999999998,91.6233,30.6503,22.9983,25.3679,7.6884,2010.0000000000002,241.0,9.4294,25.806800000000003,0.0,64.376,20.8236,8.642,15.431700000000001,1.907,2010.0000000000002,241.0,20.398738095238098,30.324299999999997,3.148886666666667,76.91005333333334,26.236539999999998,16.040760000000002,21.19832,4.872819999999999,2010.0000000000002,3836.34,1563.5,54.05,1172.43,-46.51,1.6,51.17
9,257.0,22.028,34.3662,35.2385,93.3534,28.3058,18.8199,21.750600000000002,7.3766,2010.0000000000002,257.0,3.3283000000000005,25.733,0.0,54.64190000000001,17.0394,9.2495,13.0582,2.1142,2010.0000000000002,257.0,15.0174,30.86876,6.4306133333333335,75.47676,23.75746666666667,13.068333333333332,18.26218666666667,4.599473333333333,2010.0000000000002,5012.3,2268.95,324.79,1556.69,172.68,249.52,10.22
10,273.0,18.870900000000002,35.2419,20.5254,88.8437,26.4273,20.1995,22.6396,8.5961,2010.0000000000002,273.0,4.158799999999999,22.239800000000002,0.0,57.360499999999995,14.1976,2.4298,8.8154,1.9727,2010.0000000000002,273.0,15.79558,25.773719999999997,2.176486666666667,70.47041333333334,20.486593333333335,8.266726666666665,13.978926666666668,4.052853333333333,2010.0000000000002,4174.59,1438.91,353.94,1116.91,187.14,324.6,7.87
11,289.0,15.706800000000001,32.2543,7.4178,89.8783,27.1561,14.3293,19.8576,6.1657,2010.0000000000002,289.0,7.8328,22.515700000000002,0.0,48.3347,15.9422,3.0626999999999995,9.0684,1.8305,2010.0000000000002,289.0,13.66536,25.984733333333335,0.5914266666666668,60.8482,20.812060000000002,7.67404,13.552433333333335,3.959033333333333,2010.0000000000002,1667.43,143.33,95.74,603.63,-44.02,202.11,74.37
12,305.0,12.8565,31.0142,9.859,86.5221,20.1252,10.5523,15.2377,11.3688,2010.0000000000002,305.0,4.6314,19.1935,0.0,45.3568,8.6525,-3.8878,1.6529,2.4086999999999996,2010.0000000000002,305.0,10.43598,23.50411333333333,1.470673333333333,58.50238000000002,14.276533333333333,2.4946533333333334,7.606206666666665,6.205193333333334,2010.0000000000002,1400.73,-222.57,-136.78,328.59,-248.5,-26.69,99.59
