,DOY,INSgdmax,RADmax,RAINmax,RHmax,TMAXmax,TMINmax,Tmax,WINDmax,YEAR,DOY,INSgdmin,RADmin,RAINmin,RHmin,TMAXmin,TMINmin,Tmin,WINDmin,YEAR,DOY,INSgdmean,RADmean,RAINmean,RHmean,TMAXmean,TMINmean,Tmean,WINDmean,YEAR,NDVI,EVI,RED,NIR,BLUE,MIR,pixrel
0,113.0,25.3708,30.8988,6.9518,87.7036,23.3516,12.3064,16.737000000000002,8.8366,2010.0,113.0,5.7784,21.872,0.0,44.4576,11.824,2.145,8.4832,1.899,2010.0,113.0,19.54821333333333,26.621119999999998,1.6128133333333332,61.03690666666667,19.4652,7.5116,13.327799999999998,4.613826666666667,2010.0,3623.5,2223.47,1108.62,2436.75,576.04,2359.26,0.35
1,129.0,27.944000000000003,29.215,13.877399999999998,83.979,23.1084,10.611600000000001,16.538400000000003,8.293600000000001,2010.0,129.0,4.7806,22.856,0.0,48.779599999999995,11.4864,0.46719999999999995,7.239199999999999,2.7004,2010.0,129.0,15.538733333333337,26.75536,3.582414285714286,62.34981333333334,16.83429333333333,5.411160000000001,10.923213333333333,5.505946666666666,2010.0,5414.52,3275.82,748.84,2621.19,394.65,1609.69,0.3
2,145.0,28.6196,34.6458,19.6186,84.51920000000001,30.2666,20.516399999999997,23.617600000000003,9.081,2010.0,145.0,5.3218000000000005,25.9538,0.0,43.377,20.2556,10.1392,16.052400000000002,1.7184,2010.0,145.0,21.25634666666667,30.428573333333336,2.5811200000000003,61.33113333333333,26.138000000000005,14.37104,20.148493333333334,5.021906666666667,2010.0,5981.95,3587.53,673.9,2706.87,347.91,1553.03,0.02
3,161.0,29.2154,35.2466,37.0624,88.37180000000001,29.1026,21.438599999999997,22.776000000000003,7.3572,2010.0,161.0,7.111,27.5858,0.0,49.5772,20.8306,13.3476,17.949,1.3232,2010.0,161.0,18.475866666666665,32.13585333333333,9.680653333333334,70.65208,25.017680000000002,15.847333333333331,20.221453333333336,4.297626666666667,2010.0,7026.15,4334.7,497.92,2925.62,259.99,1086.14,0.58
4,177.0,29.63,36.5554,9.316600000000001,95.4432,30.4904,22.7546,25.961800000000004,8.752400000000002,2010.0,177.0,19.2244,27.8358,0.0,49.6864,25.693,13.964000000000002,19.7672,2.2887999999999997,2010.0,177.0,26.565040000000003,31.65917333333333,1.7840133333333332,66.42545333333334,28.10096,17.52188,22.76349333333333,4.864453333333333,2010.0,7163.02,4922.76,563.01,3468.25,289.24,1089.64,0.07
5,193.0,28.306200000000004,36.0392,19.116600000000002,83.32059999999998,34.2634,22.475800000000003,27.9396,6.334999999999999,2010.0,193.0,9.221599999999999,30.2774,0.0,44.55819999999999,26.211599999999997,15.0722,21.244999999999997,1.6834,2010.0,193.0,23.001106666666665,32.671479999999995,4.316306666666667,65.37854666666667,29.31452,18.80942666666667,24.038093333333332,3.7999466666666666,2010.0,7475.61,5388.13,533.44,3754.96,275.94,1010.53,0.34
6,209.0,26.7892,36.65,26.573,89.81880000000001,33.2036,23.3332,27.992000000000004,5.9686,2010.0,209.0,8.1662,30.622,0.0,53.8402,27.652,17.598,23.1174,2.0784000000000002,2010.0,209.0,22.193720000000003,33.97193333333333,7.680946666666666,69.05338666666667,30.18810666666667,20.633493333333334,25.426479999999998,3.528253333333333,2010.0,7517.04,5030.08,470.62,3371.39,241.67,810.94,0.0
7,225.0,25.3576,36.8938,18.5054,89.53380000000001,36.3446,24.9548,28.6166,6.3524,2010.0,225.0,13.380199999999999,28.971200000000003,0.0,45.132799999999996,26.4296,15.669,21.470000000000002,1.7717999999999998,2010.0,225.0,21.789653333333334,33.60141333333333,3.8212933333333337,68.23157333333333,31.031999999999996,20.18361333333333,25.458093333333334,4.03388,2010.0,6632.36,4375.28,643.4,3184.59,331.55,1148.26,0.0
8,241.0,24.238000000000003,35.8742,20.132600000000004,77.1302,35.28040000000001,23.090000000000003,27.4594,9.639199999999999,2010.0,241.0,15.922999999999998,25.402400000000004,0.0,43.667199999999994,22.995599999999996,9.9774,17.3352,2.3646,2010.0,241.0,21.199013333333333,30.530160000000002,2.1784,55.94676,29.159946666666666,16.3944,22.651693333333334,6.213266666666666,2010.0,6277.08,4027.41,683.08,3026.52,347.97,1170.33,0.05
9,257.0,21.739999999999995,35.1454,21.726,90.6468,32.0058,16.907999999999998,20.7978,7.819800000000001,2010.0,257.0,6.175000000000001,26.0992,0.0,41.9946,13.408399999999999,7.3006,10.344800000000001,1.8362,2010.0,257.0,14.657546666666665,30.559853333333336,4.367946666666667,61.82342666666668,24.392306666666666,12.220213333333332,17.915306666666666,4.911946666666667,2010.0,5721.75,3315.17,677.91,2548.72,342.49,1134.98,0.01
10,273.0,18.1954,33.2172,18.721000000000004,96.21240000000002,25.022199999999998,11.9824,19.4046,7.2394,2010.0,273.0,6.504800000000001,21.8812,0.0,40.0984,16.6246,2.936,9.4742,2.5088,2010.0,273.0,16.209506666666666,25.813760000000006,1.2480666666666667,59.59233333333333,21.869373333333332,8.206,14.599599999999999,4.719093333333333,2010.0,4810.72,2721.66,821.66,2363.79,420.84,1458.14,0.0
11,289.0,15.0196,30.8654,0.6701999999999999,87.11580000000001,25.611599999999996,13.9076,19.1398,6.324000000000001,2010.0,289.0,7.8338,22.305,0.0,37.785799999999995,16.529600000000002,2.2733999999999996,8.560599999999999,1.7795999999999998,2010.0,289.0,13.236893333333333,25.615840000000006,0.05403999999999999,52.53761333333333,20.54773333333333,7.4036800000000005,13.16268,3.792813333333333,2010.0,4257.95,2188.92,803.34,2019.49,409.5,1287.08,0.03
12,305.0,12.7576,30.2122,12.311399999999999,85.25559999999999,21.0064,9.1212,12.7392,12.229599999999998,2010.0,305.0,2.8954000000000004,19.962799999999998,0.0,47.1558,6.0006,-2.3587999999999996,1.9447999999999999,2.59,2010.0,305.0,9.689546666666667,24.02005333333333,1.59252,57.909760000000006,14.025093333333333,2.40412,7.272413333333334,6.141426666666668,2010.0,3806.56,2031.17,925.78,2085.94,467.87,1482.54,0.18
