,DOY,INSgdmax,RADmax,RAINmax,RHmax,TMAXmax,TMINmax,Tmax,WINDmax,YEAR,DOY,INSgdmin,RADmin,RAINmin,RHmin,TMAXmin,TMINmin,Tmin,WINDmin,YEAR,DOY,INSgdmean,RADmean,RAINmean,RHmean,TMAXmean,TMINmean,Tmean,WINDmean,YEAR,NDVI,EVI,RED,NIR,BLUE,MIR,pixrel
0,113.0,21.13,28.76,12.54,87.57,19.87,10.23,13.64,10.16,2011.0,113.0,5.29,23.47,0.0,58.64,3.62,-3.17,2.22,1.81,2011.0,113.0,12.752666666666668,26.574666666666666,3.22,71.10600000000001,13.77266666666667,2.2760000000000002,7.921333333333334,5.842,2011.0,4624.85,1974.32,604.22,1633.92,297.04,1014.64,0.0
1,129.0,29.09,33.84,19.32,88.3,29.82,19.02,24.18,8.01,2011.0,129.0,6.77,20.63,0.0,47.96,12.58,-0.74,6.98,3.59,2011.0,129.0,21.311999999999998,27.57133333333333,2.9519999999999995,66.492,20.605999999999995,8.855333333333334,14.514000000000001,5.531333333333334,2011.0,5480.34,2566.09,568.33,1925.04,285.91,997.3,0.0
2,145.0,29.38,33.66,29.24,90.08,30.2,19.77,24.4,8.82,2011.0,145.0,6.73,24.73,0.0,52.29,17.66,7.5,13.48,3.22,2011.0,145.0,19.88533333333333,30.236666666666665,4.086666666666667,70.47466666666668,23.972,12.908666666666669,18.328666666666667,5.6773333333333325,2011.0,6926.06,3863.06,452.1,2546.88,238.55,782.33,0.01
3,161.0,28.12,34.52,22.21,91.7,34.03,22.45,27.96,7.77,2011.0,161.0,4.86,29.56,0.0,56.97,21.57,11.56,17.59,2.57,2011.0,161.0,20.514666666666667,32.50600000000001,5.318666666666668,69.64133333333334,27.68666666666666,16.594000000000005,21.998,5.138,2011.0,7855.64,5322.36,398.55,3436.43,215.8,720.8,0.5
4,177.0,28.69,36.79,21.26,88.55,36.6,24.83,30.48,7.39,2011.0,177.0,11.45,28.4,0.0,60.18,20.99,12.48,17.07,2.37,2011.0,177.0,22.212,32.955999999999996,4.797333333333333,73.26866666666665,27.76666666666667,17.720666666666663,22.644666666666662,5.14,2011.0,7903.48,5059.37,357.92,3178.68,196.93,628.67,0.0
5,193.0,27.47,37.4,11.56,86.69,35.93,26.21,31.65,5.25,2011.0,193.0,11.38,32.8,0.0,57.31,28.16,17.84,22.89,1.5,2011.0,193.0,22.69333333333333,35.38733333333333,3.652666666666667,71.80266666666668,30.78466666666667,21.906,26.332000000000004,3.6293333333333337,2011.0,8129.08,5077.03,313.77,3116.39,169.29,582.78,0.02
6,209.0,26.64,38.56,16.61,90.83,34.53,25.1,29.11,5.68,2011.0,209.0,8.96,31.07,0.0,64.76,28.63,18.85,24.75,2.14,2011.0,209.0,19.156666666666663,35.72333333333333,4.307333333333333,76.10866666666666,31.203999999999994,22.521333333333338,26.834000000000007,3.118666666666667,2011.0,8056.72,5049.62,327.24,3119.1,173.54,617.59,0.0
7,225.0,25.49,37.15,8.58,79.11,31.11,21.88,26.06,5.68,2011.0,225.0,18.04,29.12,0.0,50.16,25.89,14.91,20.69,1.82,2011.0,225.0,22.441999999999997,32.216666666666676,1.8946666666666667,63.91533333333332,28.72466666666667,18.094,23.237333333333325,3.490666666666667,2011.0,7804.61,4731.15,361.89,2953.61,191.08,666.31,0.0
8,241.0,24.12,37.04,15.39,89.31,36.74,22.98,28.69,6.44,2011.0,241.0,5.29,24.88,0.0,45.83,21.89,8.76,15.85,2.36,2011.0,241.0,18.533333333333335,31.792666666666673,2.833333333333334,65.95266666666667,29.19866666666667,16.86466666666667,22.87066666666666,3.8579999999999997,2011.0,7519.82,4156.32,372.79,2594.09,196.65,661.59,0.0
9,257.0,21.89,32.4,9.28,88.05,33.03,16.91,24.93,7.58,2011.0,257.0,5.0,25.24,0.0,38.43,15.7,2.53,9.62,1.68,2011.0,257.0,16.475333333333335,28.965333333333334,1.2653333333333334,57.08666666666667,23.454,11.312666666666667,17.279333333333334,4.229333333333333,2011.0,6704.43,3463.1,455.51,2297.96,233.9,697.94,0.0
10,273.0,18.07,32.62,4.67,75.88,29.06,16.43,22.26,9.04,2011.0,273.0,7.34,22.21,0.0,33.32,18.83,3.57,11.22,1.95,2011.0,273.0,15.041333333333332,27.12666666666666,0.6993333333333333,52.41800000000001,23.567999999999998,9.644,16.078666666666667,4.623333333333333,2011.0,5734.83,2794.66,557.03,2036.39,288.89,788.8,0.0
11,289.0,15.01,31.0,3.87,80.71,27.54,14.92,20.64,7.77,2011.0,289.0,5.26,20.66,0.0,41.23,10.17,0.19,5.02,2.38,2011.0,289.0,11.538666666666666,26.048000000000002,0.638,55.324,18.444666666666667,7.231333333333331,12.091333333333331,5.109999999999999,2011.0,5096.1,2275.07,568.84,1756.71,285.95,969.03,0.0
12,305.0,12.28,29.02,18.35,81.25,23.92,10.34,16.23,8.33,2011.0,305.0,1.76,20.59,0.0,36.86,8.25,-1.33,4.43,2.76,2011.0,305.0,9.853333333333333,24.50733333333333,2.664,57.582,13.970666666666666,2.766,7.722666666666666,5.382000000000001,2011.0,4927.67,2075.09,563.75,1640.74,277.65,975.83,0.08
