,DOY,INSgdmax,RADmax,RAINmax,RHmax,TMAXmax,TMINmax,Tmax,WINDmax,YEAR,DOY,INSgdmin,RADmin,RAINmin,RHmin,TMAXmin,TMINmin,Tmin,WINDmin,YEAR,DOY,INSgdmean,RADmean,RAINmean,RHmean,TMAXmean,TMINmean,Tmean,WINDmean,YEAR,NDVI,EVI,RED,NIR,BLUE,MIR,pixrel
0,113.0,26.2126,29.925,19.6541,80.3992,25.1489,9.8615,16.4848,8.8397,2011.0,113.0,6.520200000000001,23.986400000000003,0.0,49.3024,9.2644,-1.3945,5.7245,2.4186,2011.0,113.0,15.181680000000002,27.08422,2.9862599999999997,64.85292666666668,16.70568,3.952726666666667,10.090713333333333,5.915293333333334,2011.0,3070.22,2120.58,1633.45,3071.38,777.81,3085.82,0.19
1,129.0,29.1478,34.714800000000004,6.9611,81.0993,33.9856,20.489,26.6686,9.094999999999999,2011.0,129.0,8.1877,20.9851,0.0,40.0173,15.5868,0.9324,9.4152,2.8430999999999997,2011.0,129.0,21.97144666666667,27.944360000000003,1.4673399999999999,57.31241333333334,23.054313333333333,10.044853333333336,16.413893333333334,5.655320000000001,2011.0,3400.63,2332.27,1515.07,3060.96,733.29,2811.97,0.01
2,145.0,29.674099999999996,34.853899999999996,35.742999999999995,90.9473,30.211,21.8367,25.085900000000002,10.452100000000002,2011.0,145.0,5.446,25.421099999999996,0.0,46.498200000000004,19.1561,8.5857,14.8665,2.5395000000000003,2011.0,145.0,19.046333333333337,31.22544,8.17502,68.00936000000002,25.22506666666667,13.875126666666667,19.49325333333333,5.530086666666666,2011.0,3678.8,2680.9,1586.16,3419.41,765.19,3084.21,0.96
3,161.0,29.4754,35.2906,10.153,86.09670000000001,37.0795,23.5395,29.917900000000003,8.8128,2011.0,161.0,7.482900000000001,29.4063,0.0,46.6188,25.157400000000003,13.717199999999998,19.9918,3.0097,2011.0,161.0,22.21071333333333,33.29248,1.8843266666666667,63.60048666666667,30.691526666666668,18.616239999999998,24.325366666666667,5.146659999999999,2011.0,5189.44,3610.91,1053.3,3207.33,647.42,1483.14,1.66
4,177.0,29.3964,36.3926,18.6101,86.7957,38.979,24.745,31.672800000000002,8.7242,2011.0,177.0,9.1049,29.021300000000004,0.0,47.576800000000006,23.4328,14.427299999999999,19.4884,2.7099,2011.0,177.0,22.79298,33.66786,3.86016,69.33034666666666,29.708599999999997,18.78062,24.10978666666667,5.401746666666667,2011.0,7448.78,5683.77,591.5,4045.69,316.86,1273.81,0.01
5,193.0,28.3134,38.2842,14.7392,83.54469999999999,38.1226,27.733400000000003,33.46939999999999,5.4035,2011.0,193.0,14.5381,32.8042,0.0,53.113600000000005,29.7076,19.9283,25.195500000000003,1.5940999999999999,2011.0,193.0,23.295900000000003,36.27972666666667,3.8686866666666666,68.83013999999999,32.78098,23.076919999999998,27.78452666666667,3.5192666666666668,2011.0,8654.99,7238.06,349.27,4839.6,192.09,794.85,0.1
6,209.0,26.4358,39.34510000000001,13.082099999999999,85.5353,41.515800000000006,26.301499999999997,33.20910000000001,5.6635,2011.0,209.0,10.3894,33.9845,0.0,46.786,28.9493,21.5578,25.8035,2.2039000000000004,2011.0,209.0,21.585566666666665,36.728593333333336,3.5496066666666675,66.66746666666668,34.48840666666666,24.18268666666667,28.922853333333332,3.449886666666667,2011.0,8743.17,6990.68,296.19,4515.51,165.24,721.87,0.01
7,225.0,25.9133,36.8562,15.2132,83.2277,33.514900000000004,23.026500000000002,27.0604,5.1708,2011.0,225.0,14.426700000000002,30.653799999999997,0.0,50.9997,27.809900000000003,16.644,22.235500000000002,1.7586999999999997,2011.0,225.0,22.73884,33.47652,4.64992,65.04215333333335,30.57356,19.515973333333335,24.78859333333334,3.290913333333333,2011.0,8475.3,6496.15,335.05,4203.39,183.81,745.71,0.0
8,241.0,24.4111,36.8818,10.8447,83.9609,40.18749999999999,24.073999999999998,31.123399999999997,6.3651,2011.0,241.0,7.119,25.366,0.0,40.0301,24.7087,10.1582,17.5632,2.0254000000000003,2011.0,241.0,19.23368,32.72414666666667,2.0016399999999996,57.56506666666667,32.16623333333334,18.310066666666664,25.138640000000002,3.8078266666666662,2011.0,7826.06,5637.94,445.65,3739.08,244.77,836.93,0.0
9,257.0,22.2192,32.8274,13.5383,90.02790000000002,35.2945,17.0303,25.9127,6.2882,2011.0,257.0,4.993499999999999,25.884500000000003,0.0,38.5115,14.7132,5.4012,10.419699999999999,1.9299,2011.0,257.0,16.65154666666667,29.32728,2.1318533333333334,53.799126666666666,25.331133333333334,12.400640000000001,18.639699999999998,3.950613333333333,2011.0,6651.16,4288.84,610.46,3072.87,322.58,1012.25,0.0
10,273.0,19.644099999999998,33.6666,0.9687999999999999,55.949600000000004,31.977899999999998,19.005499999999998,23.7021,9.728100000000001,2011.0,273.0,12.519300000000001,23.3137,0.0,28.4116,21.0312,5.8435999999999995,13.588299999999997,1.724,2011.0,273.0,17.26042,26.993893333333325,0.07925333333333334,42.86872666666667,26.170133333333332,10.80678,18.000173333333333,4.847646666666666,2011.0,4157.14,2689.42,1197.17,2879.49,582.36,1751.78,0.0
11,289.0,15.7069,31.4118,9.4305,69.0508,27.772000000000002,18.053600000000003,22.2983,6.9459,2011.0,289.0,5.907900000000001,20.4093,0.0,38.03359999999999,10.323000000000002,-0.7381,4.8076,2.0361999999999996,2011.0,289.0,12.234353333333335,26.542233333333332,1.2775733333333332,52.593833333333336,19.480339999999998,8.114713333333334,13.08092,4.592546666666666,2011.0,3219.94,2272.07,1598.4,3096.85,753.37,2145.79,0.57
12,305.0,13.1364,28.066399999999994,29.1541,83.625,24.4634,12.0192,18.1884,8.9603,2011.0,305.0,1.7458,19.9888,0.0,33.2985,7.357099999999999,-1.3198,3.9490999999999996,3.0362,2011.0,305.0,10.247966666666665,24.322760000000002,2.49326,52.24892666666666,15.322966666666666,3.897193333333333,8.922513333333335,5.6327,2011.0,2898.64,2178.17,1770.38,3204.46,852.77,2260.99,1.05
