,DOY,INSgdmax,RADmax,RAINmax,RHmax,TMAXmax,TMINmax,Tmax,WINDmax,YEAR,DOY,INSgdmin,RADmin,RAINmin,RHmin,TMAXmin,TMINmin,Tmin,WINDmin,YEAR,DOY,INSgdmean,RADmean,RAINmean,RHmean,TMAXmean,TMINmean,Tmean,WINDmean,YEAR,NDVI,EVI,RED,NIR,BLUE,MIR,pixrel
0,113.0,23.1973,28.993,18.0389,90.5697,19.6526,10.7324,14.063400000000001,9.8461,2011.0,113.0,5.085000000000001,23.746,0.0,60.810500000000005,6.294600000000001,-2.7826000000000004,3.2298,2.0917,2011.0,113.0,12.850786666666666,26.976986666666665,3.2889399999999998,72.36879333333333,14.279253333333333,2.82728,8.371646666666665,5.7318333333333324,2011.0,4872.53,2190.86,629.72,1779.31,331.28,1006.17,0.06
1,129.0,29.2666,33.5846,14.914800000000001,89.2926,29.0674,19.7085,23.7468,7.3424,2011.0,129.0,5.69,20.8904,0.0,49.9296,13.1471,-0.9121,6.2515,3.4561999999999995,2011.0,129.0,20.914786666666668,27.829193333333336,2.437433333333334,68.72973333333333,20.35643333333333,8.999513333333335,14.504940000000001,5.34218,2011.0,5673.1,2632.11,500.11,1890.57,257.53,905.49,2.56
2,145.0,28.840700000000002,33.6479,25.774699999999996,88.98219999999999,29.875,19.4486,24.346,8.3802,2011.0,145.0,7.1406,24.5459,0.0,55.70740000000001,18.1217,7.5513,13.3701,3.0239,2011.0,145.0,19.9866,30.401560000000003,5.526926666666667,71.94937333333333,24.039979999999996,13.105726666666666,18.53469333333333,5.407426666666667,2011.0,7138.99,3955.11,379.74,2515.4,206.65,662.05,2.55
3,161.0,28.4945,34.8964,23.1026,91.01499999999999,33.2586,22.463,27.3487,7.2682,2011.0,161.0,8.6065,29.7571,0.0,60.977500000000006,21.413899999999998,11.8536,17.0885,2.8228,2011.0,161.0,20.943053333333335,32.779426666666666,5.8221,73.65163333333334,27.55215333333333,17.052613333333333,22.143953333333332,4.974293333333333,2011.0,7859.89,5370.65,357.15,3430.21,202.36,669.3,2.79
4,177.0,29.0587,36.1327,24.862499999999997,89.11869999999999,34.8458,24.2618,29.2592,7.3245,2011.0,177.0,9.1643,28.193400000000004,0.0,62.495400000000004,20.4007,12.4464,17.3379,2.4697,2011.0,177.0,22.141039999999997,33.04032,5.06666,76.36700666666667,27.323713333333338,17.990913333333335,22.572893333333333,4.993953333333334,2011.0,8070.52,5316.75,301.77,3287.28,172.42,568.54,2.55
5,193.0,26.948900000000002,37.5039,10.2498,87.80109999999999,35.3328,26.5941,31.5606,5.0588999999999995,2011.0,193.0,10.8022,32.626400000000004,0.0,58.2847,27.6871,17.6918,22.8893,1.5333,2011.0,193.0,21.192520000000002,35.43571333333333,3.2390133333333333,72.53683999999998,30.75051333333333,21.757506666666664,26.297953333333332,3.48224,2011.0,8086.14,5098.24,299.5,3114.49,172.94,576.59,0.01
6,209.0,26.461100000000002,38.995000000000005,13.959200000000001,86.2723,35.842200000000005,25.5357,29.055500000000002,5.7317,2011.0,209.0,10.9998,32.5976,0.0,62.0018,29.8673,19.4013,25.6192,1.8089,2011.0,209.0,20.514913333333332,35.84516000000001,4.398013333333333,74.75062,32.05431333333334,22.963433333333327,27.422706666666663,3.04414,2011.0,8085.11,5005.84,285.45,3023.08,161.96,556.48,0.01
7,225.0,25.692500000000003,36.83,10.0404,80.4282,31.8014,22.7921,26.5687,5.5289,2011.0,225.0,16.9258,29.158900000000003,0.0,49.8637,24.9821,14.9968,20.4208,1.4553,2011.0,225.0,22.782759999999996,32.22065333333334,1.6266066666666665,64.48754666666667,29.276266666666665,18.31326,23.50286666666667,3.21272,2011.0,7826.45,4681.81,321.2,2894.27,177.9,587.79,2.61
8,241.0,24.1425,36.910399999999996,18.9936,87.13130000000001,37.8541,23.1494,29.2879,6.7455,2011.0,241.0,4.1891,25.1186,0.0,50.58749999999999,22.155099999999997,9.2644,15.8899,1.9742000000000002,2011.0,241.0,18.1449,32.08931333333333,3.009306666666667,65.04634666666666,29.80526666666666,17.314126666666667,23.395646666666664,3.908153333333333,2011.0,7537.28,4193.68,330.0,2579.83,182.11,606.21,2.55
9,257.0,22.178,32.2762,11.4727,89.5375,32.8383,16.786,24.801699999999997,7.0026,2011.0,257.0,4.9,23.6543,0.0,41.494200000000006,16.0457,2.7576,10.070799999999998,2.152,2011.0,257.0,16.61846,28.799433333333333,1.4208333333333334,59.10906666666666,23.724360000000004,11.39494,17.38166,4.204086666666667,2011.0,6719.32,3429.08,434.78,2247.32,232.34,647.19,0.01
10,273.0,18.1436,30.9634,7.1606000000000005,87.4614,29.3336,16.0856,22.1274,8.3194,2011.0,273.0,4.285299999999999,22.1998,0.0,33.303,17.4552,3.425,11.004999999999999,1.9193000000000002,2011.0,273.0,14.368700000000004,26.976593333333334,0.6662,56.78672666666667,22.913333333333334,9.392293333333333,15.547606666666667,4.26018,2011.0,5776.65,2817.78,546.9,2041.31,286.09,755.09,0.01
11,289.0,15.593,30.895699999999998,9.0384,84.9524,27.7858,14.168600000000001,20.3796,7.5956,2011.0,289.0,5.033200000000001,21.976399999999998,0.0,44.7854,10.099700000000002,0.8271999999999999,5.9338,2.5474,2011.0,289.0,11.368553333333335,26.418913333333336,1.4935599999999998,58.172733333333326,18.502366666666667,7.642013333333334,12.333820000000003,4.975646666666668,2011.0,5553.15,2390.15,482.55,1702.34,253.25,828.47,0.01
12,305.0,12.032999999999998,30.0109,21.985799999999998,85.3078,24.9916,11.866,17.1946,7.7523,2011.0,305.0,1.2964,20.6845,0.0,38.177400000000006,8.2956,-1.2678,3.9256,2.6817,2011.0,305.0,9.088380000000003,25.15383333333334,3.76396,60.911293333333326,14.39592,3.208433333333334,8.098693333333333,5.261733333333334,2011.0,5313.49,2182.1,490.36,1619.06,249.81,835.98,2.63
