,DOY,INSgdmax,RADmax,RAINmax,RHmax,TMAXmax,TMINmax,Tmax,WINDmax,YEAR,DOY,INSgdmin,RADmin,RAINmin,RHmin,TMAXmin,TMINmin,Tmin,WINDmin,YEAR,DOY,INSgdmean,RADmean,RAINmean,RHmean,TMAXmean,TMINmean,Tmean,WINDmean,YEAR,NDVI,EVI,RED,NIR,BLUE,MIR,pixrel
0,113.0,26.269,30.402499999999996,20.6235,94.958,23.1815,11.999500000000001,16.469,8.5275,2011.0,113.0,5.7010000000000005,24.8555,0.0,60.427499999999995,12.553999999999998,-0.6415,6.396999999999999,2.5414999999999996,2011.0,113.0,14.070933333333334,27.755966666666666,3.7651,72.6789,16.8553,5.1808,10.693033333333332,5.4756333333333345,2011.0,5348.28,2107.59,444.99,1501.53,251.93,781.57,0.0
1,129.0,29.3785,33.5585,7.98,90.06450000000001,28.533,20.405,23.896,7.107999999999999,2011.0,129.0,4.3945,21.5685,0.0,52.3815,12.43,0.31500000000000006,7.242000000000001,3.2305,2011.0,129.0,20.176133333333333,28.134633333333333,2.1275,71.18986666666667,20.671666666666667,9.893633333333334,15.276400000000002,4.998766666666667,2011.0,5692.41,2459.0,457.18,1704.81,261.01,818.31,0.0
2,145.0,29.097,33.494,22.5985,90.94399999999999,30.078000000000003,20.043,24.906,7.600499999999999,2011.0,145.0,10.7955,25.2135,0.0,58.841499999999996,18.631999999999998,8.3965,13.451,2.365,2011.0,145.0,20.732433333333333,30.88986666666667,5.720066666666667,76.14323333333334,24.855533333333334,14.249133333333333,19.5609,4.846666666666668,2011.0,6954.52,2830.22,283.83,1665.23,183.47,483.36,0.0
3,161.0,28.613,35.489,18.433,88.72749999999999,31.957,22.8205,27.0225,6.810499999999999,2011.0,161.0,8.708,30.689500000000002,0.0,65.1815,22.118499999999997,12.8945,17.778499999999998,2.7165,2011.0,161.0,20.984099999999998,33.360533333333336,5.321400000000001,79.19396666666667,28.0158,18.972099999999998,23.365000000000002,4.599866666666667,2011.0,7631.11,4332.71,336.15,2605.52,232.53,556.62,0.88
4,177.0,29.647999999999996,35.799499999999995,32.4605,90.274,31.894,24.409499999999998,28.002000000000002,7.583,2011.0,177.0,5.063000000000001,27.859,0.0,64.49,22.3305,13.843499999999999,19.034,2.8635,2011.0,177.0,21.512099999999997,33.37556666666667,6.9858666666666664,78.25123333333333,27.605833333333333,19.028833333333335,23.2583,4.7013,2011.0,8009.04,4454.66,258.56,2614.55,170.62,483.17,0.0
5,193.0,27.8905,37.966499999999996,6.875,83.314,34.7495,26.985999999999997,31.4615,4.689500000000001,2011.0,193.0,12.100999999999999,32.683,0.0,60.802,28.658,18.542,24.491,1.6025,2011.0,193.0,22.816000000000003,35.69520000000001,1.5233333333333334,71.55336666666668,31.633933333333335,22.496299999999998,27.086866666666662,3.1824666666666666,2011.0,8077.9,4457.15,253.63,2566.22,185.97,454.54,0.0
6,209.0,26.862500000000004,38.524,13.651,84.74100000000001,37.056,26.186999999999998,30.634999999999998,5.4585,2011.0,209.0,8.114,33.953,0.0,60.711,29.6865,22.236,27.119999999999997,1.434,2011.0,209.0,22.485,36.423100000000005,2.7122666666666664,72.73033333333335,33.46953333333333,24.367733333333334,28.765633333333334,3.1100000000000003,2011.0,8075.42,4036.81,208.53,2259.81,144.62,387.04,0.0
7,225.0,25.782500000000002,36.436499999999995,11.6145,83.994,33.2365,24.116,27.201999999999998,4.7625,2011.0,225.0,13.104000000000001,29.372,0.0,48.2825,26.810000000000002,16.4645,21.7385,1.2285,2011.0,225.0,21.936833333333333,32.79456666666667,1.9181000000000004,66.15466666666666,30.1732,19.49026666666667,24.493133333333336,2.8147666666666664,2011.0,8194.29,4087.39,224.21,2319.97,132.58,385.38,0.84
8,241.0,24.3275,36.510999999999996,7.5055,80.053,39.210499999999996,24.264000000000003,30.595999999999997,6.9205,2011.0,241.0,4.1135,25.206999999999997,0.0,51.283,23.6865,11.169500000000001,17.1175,1.5085000000000002,2011.0,241.0,19.7243,32.62563333333333,1.3939,62.19033333333334,31.472699999999996,18.88283333333333,24.85283333333333,3.961466666666668,2011.0,7660.96,3455.58,244.28,1954.22,170.4,410.05,0.0
9,257.0,22.775,33.25749999999999,6.926,76.24000000000001,32.7465,17.742,24.815,5.6194999999999995,2011.0,257.0,5.506,23.994,0.0,42.705,17.0645,4.5845,11.313,2.5175,2011.0,257.0,16.590500000000002,29.463633333333334,1.3879000000000001,56.772033333333326,25.243566666666666,12.39,18.5836,4.042766666666667,2011.0,6821.0,2805.95,293.55,1675.04,185.76,386.52,0.0
10,273.0,18.518,29.6505,5.4345,82.607,30.4025,16.462,22.6455,7.2669999999999995,2011.0,273.0,5.714499999999999,22.3875,0.0,33.8735,17.8495,4.6135,12.021999999999998,1.2545000000000002,2011.0,273.0,15.209499999999998,26.851366666666664,0.5740666666666667,54.82576666666667,23.802799999999998,9.7427,16.154633333333333,3.985833333333333,2011.0,5379.1,2338.27,476.0,1648.72,290.27,586.95,0.0
11,289.0,15.947499999999998,31.616999999999997,22.3765,88.216,28.72,16.561,21.055500000000002,7.8665,2011.0,289.0,6.0665,23.135,0.0,45.791000000000004,11.437,1.0645,7.0135,2.3739999999999997,2011.0,289.0,11.489533333333332,27.146633333333334,3.1501666666666663,58.15456666666667,19.619233333333334,8.771533333333334,13.4884,4.664433333333333,2011.0,6120.1,2163.95,312.92,1346.89,199.9,480.57,0.41
12,305.0,13.117999999999999,29.777,22.411,93.5385,27.589000000000002,12.585999999999999,19.176000000000002,8.296000000000001,2011.0,305.0,2.7625,19.889499999999998,0.0,35.522499999999994,7.687,-1.2445000000000002,2.9175,2.7920000000000003,2011.0,305.0,8.774000000000001,25.904733333333333,4.073233333333333,64.46316666666667,15.389466666666667,4.504366666666667,9.476333333333333,5.1518,2011.0,6299.4,2221.4,316.17,1370.7,209.39,449.73,0.6
