,DOY,INSgdmax,RADmax,RAINmax,RHmax,TMAXmax,TMINmax,Tmax,WINDmax,YEAR,DOY,INSgdmin,RADmin,RAINmin,RHmin,TMAXmin,TMINmin,Tmin,WINDmin,YEAR,DOY,INSgdmean,RADmean,RAINmean,RHmean,TMAXmean,TMINmean,Tmean,WINDmean,YEAR,NDVI,EVI,RED,NIR,BLUE,MIR,pixrel
0,113.0,24.256,28.6731,17.644,92.2083,18.1877,7.971500000000001,11.7,9.3573,2011.0,113.0,4.8171,22.4644,0.0,62.921299999999995,2.6788,-3.0085999999999995,1.0546,1.7911,2011.0,113.0,13.58503333333333,25.98842,3.5294,78.49096,11.378453333333333,1.1928333333333332,6.159046666666666,5.496080000000001,2011.0,4285.88,2055.53,759.04,1880.05,378.57,1384.47,0.05
1,129.0,28.948800000000002,32.897499999999994,8.544400000000001,94.1565,26.2724,18.4223,21.4758,7.966400000000001,2011.0,129.0,7.2883000000000004,21.7298,0.0,58.424499999999995,10.3262,-1.1917,4.671,2.7683999999999997,2011.0,129.0,18.1241,27.763346666666667,2.925413333333333,73.95735333333334,18.246066666666668,7.401760000000001,12.740413333333338,5.159593333333333,2011.0,4977.19,2622.3,731.78,2183.98,370.93,1400.03,0.0
2,145.0,28.6482,32.5984,15.2472,92.6743,27.839699999999997,17.8426,22.7897,8.2361,2011.0,145.0,6.112699999999999,23.630200000000002,0.0,57.8754,13.2594,5.1687,10.8705,3.5088000000000004,2011.0,145.0,18.561280000000004,29.897280000000002,3.1551333333333336,76.42530000000001,21.534613333333333,11.577826666666667,16.671286666666667,5.501233333333334,2011.0,7875.58,4782.32,340.19,2949.85,189.35,651.1,0.0
3,161.0,28.3667,33.7473,15.8221,90.2761,31.290100000000002,20.3445,25.968300000000003,7.2231000000000005,2011.0,161.0,7.28,29.402699999999996,0.0,66.8923,18.2097,9.499600000000001,13.7713,3.3122999999999996,2011.0,161.0,21.670740000000002,31.59120666666666,4.309486666666667,76.76267999999999,24.99418,14.608766666666671,19.916346666666666,4.785619999999998,2011.0,8141.08,5815.15,376.96,3758.91,207.42,674.64,0.57
4,177.0,28.7571,36.665,17.2904,89.7464,31.1522,24.201700000000002,27.6848,6.411700000000001,2011.0,177.0,10.908100000000001,27.6723,0.0,70.3944,17.7371,11.349,15.0312,2.2466,2011.0,177.0,20.835500000000003,32.672466666666665,4.4147066666666674,81.79234666666666,25.27346666666667,16.613506666666662,21.083146666666668,4.648859999999999,2011.0,8498.06,5936.15,287.12,3673.83,159.56,621.13,0.0
5,193.0,27.7948,37.9833,17.986600000000003,97.34429999999999,31.7152,26.268,29.312,5.2556,2011.0,193.0,5.7483,29.839999999999996,0.0,74.6602,23.444000000000003,14.092300000000002,19.177599999999998,1.3146,2011.0,193.0,20.38704666666667,34.394313333333336,6.4221933333333325,82.78935333333334,27.855893333333334,20.117646666666662,24.046173333333336,3.4300266666666666,2011.0,8534.48,6080.79,289.83,3791.32,160.61,642.94,0.05
6,209.0,27.4421,37.7765,16.0174,96.63040000000001,30.769000000000002,23.912999999999997,26.9098,5.6244000000000005,2011.0,209.0,10.3377,30.140599999999996,0.0,73.8432,27.094900000000003,17.4592,23.1661,1.7630999999999997,2011.0,209.0,19.437406666666664,34.19853333333334,4.702093333333333,84.0725666666667,28.69574,21.244413333333334,25.12361333333334,2.9753266666666676,2011.0,8508.94,5678.04,272.28,3452.66,153.69,576.43,0.08
7,225.0,25.3125,34.8965,5.2211,85.9916,28.437400000000004,22.2097,25.181900000000006,5.9,2011.0,225.0,9.0598,27.0752,0.0,67.45949999999999,22.7088,12.7556,18.5023,1.2118,2011.0,225.0,21.137199999999996,30.9398,1.0280066666666667,76.23963333333332,25.346993333333334,16.91687333333333,21.190160000000002,2.9435466666666676,2011.0,8429.38,5449.1,277.44,3303.88,153.3,574.91,0.0
8,241.0,23.795200000000005,36.3123,30.6134,95.0946,32.2693,21.523600000000002,25.7654,6.4266,2011.0,241.0,5.4029,25.360199999999995,0.0,63.712500000000006,18.4916,8.003599999999999,13.8308,1.2041,2011.0,241.0,17.49144,31.177999999999997,4.21472,77.65154666666666,25.755526666666665,15.985446666666666,20.969286666666665,3.5941,2011.0,8055.72,4645.4,297.38,2787.49,163.51,560.49,0.07
9,257.0,21.432100000000002,31.9883,11.537,89.2996,29.182100000000002,15.674999999999997,22.279899999999998,7.4205000000000005,2011.0,257.0,5.4341,23.0206,0.0,48.338,14.5344,1.3672,8.8918,1.4068,2011.0,257.0,16.713246666666667,27.888046666666668,1.8467599999999997,69.46046666666666,21.028793333333333,10.49344,15.702240000000002,3.980313333333333,2011.0,7953.78,4346.18,289.54,2578.87,160.28,544.21,0.0
10,273.0,17.5821,30.263799999999996,13.061399999999999,95.91989999999998,26.5552,14.758500000000002,20.0517,8.506200000000002,2011.0,273.0,3.2961,21.3654,0.0,54.6167,14.2939,1.1987,8.6476,1.4129,2011.0,273.0,13.662353333333336,26.575526666666665,1.3112733333333333,70.01503333333334,19.68678,8.373099999999999,13.552653333333334,4.140386666666667,2011.0,5996.85,3024.88,535.42,2142.89,285.33,702.09,0.06
11,289.0,15.1585,30.995900000000002,6.9724,94.6269,25.4765,13.2275,18.465100000000003,8.083499999999999,2011.0,289.0,4.2023,21.1689,0.0,48.9786,9.2399,-0.3437,5.0661,2.7513,2011.0,289.0,11.4525,25.516413333333333,1.367573333333333,67.59184666666667,16.206520000000005,6.4221866666666685,10.756366666666665,5.223286666666667,2011.0,5423.5,2256.31,484.93,1640.6,246.0,913.37,0.05
12,305.0,12.038700000000002,29.9845,11.6989,88.2217,20.5935,6.9243,12.4657,8.4953,2011.0,305.0,2.3869000000000002,20.094,0.0,49.0043,6.5405,-1.2787,3.8458,2.6118,2011.0,305.0,8.867339999999999,24.545653333333334,2.90594,70.26643333333334,11.968159999999997,1.9271333333333334,6.2393333333333345,4.694839999999999,2011.0,5067.7,2070.6,518.54,1577.39,263.76,988.51,0.01
