,DOY,INSgdmax,RADmax,RAINmax,RHmax,TMAXmax,TMINmax,Tmax,WINDmax,YEAR,DOY,INSgdmin,RADmin,RAINmin,RHmin,TMAXmin,TMINmin,Tmin,WINDmin,YEAR,DOY,INSgdmean,RADmean,RAINmean,RHmean,TMAXmean,TMINmean,Tmean,WINDmean,YEAR,NDVI,EVI,RED,NIR,BLUE,MIR,pixrel
0,113.0,22.4092,28.8731,14.747399999999999,88.34219999999999,20.5915,10.7136,14.1509,10.0196,2011.0,113.0,5.024800000000001,23.906799999999997,0.0,58.4099,5.2736,-2.9516,3.0039000000000002,2.0322999999999998,2011.0,113.0,13.067526666666666,26.800086666666665,3.0624399999999996,70.70612000000001,14.44580666666667,2.8084800000000003,8.454073333333334,5.791300000000001,2011.0,4973.95,1954.31,587.68,1556.9,387.41,667.41,0.14
1,129.0,29.160200000000003,33.88290000000001,19.1913,87.8944,30.4401,19.5192,24.4296,7.7721,2011.0,129.0,7.1053999999999995,20.63,0.0,46.4234,13.3483,-0.6269,7.1321,3.5237,2011.0,129.0,21.538719999999998,27.607733333333332,2.9504399999999995,65.91844,20.836099999999995,9.230513333333334,14.814560000000002,5.497533333333335,2011.0,5165.22,2047.03,372.5,1490.72,173.55,635.99,15.3
2,145.0,29.3215,33.61709999999999,27.644899999999996,90.2555,30.2195,19.9923,24.6301,9.1047,2011.0,145.0,7.728400000000001,24.7729,0.0,51.279900000000005,18.323,7.6599,13.799800000000001,3.103,2011.0,145.0,19.85751333333333,30.48132666666666,4.473546666666667,70.19880666666668,24.29102,13.210526666666667,18.674206666666667,5.543173333333333,2011.0,5842.87,2543.25,342.31,1698.73,172.86,558.81,12.76
3,161.0,28.260400000000004,34.871,19.597,91.8248,34.42,22.7464,28.1862,7.7739,2011.0,161.0,4.5948,29.528799999999997,0.0,56.9388,22.494300000000003,12.0982,17.9995,2.4842,2011.0,161.0,20.304326666666665,32.822680000000005,5.354026666666668,70.00117333333333,28.127626666666664,17.195380000000004,22.527880000000003,5.07014,2011.0,6981.39,3570.51,323.76,2213.42,201.11,493.02,8.5
4,177.0,29.056600000000003,36.325900000000004,23.919800000000002,88.3355,37.2396,24.7793,30.6828,7.690299999999999,2011.0,177.0,10.1435,28.372699999999995,0.0,57.5553,20.7209,12.6789,17.343,2.37,2011.0,177.0,22.10982,33.200919999999996,4.9525533333333325,72.16782666666666,28.30018666666667,18.068546666666663,23.041946666666668,5.1972000000000005,2011.0,7134.81,3922.34,244.01,2397.63,125.06,450.71,15.31
5,193.0,27.5246,37.4702,10.144300000000001,86.71340000000001,36.0899,26.6507,31.9854,5.211,2011.0,193.0,11.840200000000001,32.881899999999995,0.0,54.950500000000005,28.3784,18.3431,23.6154,1.4961,2011.0,193.0,22.686313333333334,35.61613333333334,3.3224666666666667,70.11214666666667,31.39436666666667,22.190179999999998,26.758919999999996,3.602293333333334,2011.0,7418.46,3953.85,291.5,2335.03,182.96,480.39,0.06
6,209.0,26.5542,38.992900000000006,15.900199999999998,86.072,36.5736,25.548500000000004,29.773,5.824299999999999,2011.0,209.0,9.552800000000001,32.2478,0.0,62.7281,29.3281,19.7938,25.3857,2.1088,2011.0,209.0,19.940826666666666,36.067833333333326,4.320853333333333,73.43144666666666,32.26687999999999,23.043153333333333,27.498560000000005,3.2174666666666667,2011.0,7259.39,4128.06,294.2,2482.31,172.63,535.61,2.6
7,225.0,25.700599999999998,37.15,10.2258,80.68950000000001,31.7847,22.3909,26.243299999999998,5.7151,2011.0,225.0,18.4729,29.4437,0.0,48.880799999999994,25.246499999999997,15.417000000000002,20.7914,1.7342000000000002,2011.0,225.0,22.76336,32.45950666666668,2.1765066666666666,63.81055333333332,29.268066666666666,18.448120000000003,23.62291333333333,3.4147466666666664,2011.0,7046.54,3790.25,300.04,2302.19,176.53,519.66,5.14
8,241.0,24.205800000000004,36.9308,13.802700000000002,87.46529999999998,37.42250000000001,23.2062,29.2789,6.482900000000001,2011.0,241.0,5.2081,24.9073,0.0,44.9759,22.5608,9.1188,16.2166,2.2001,2011.0,241.0,18.387473333333332,32.03706666666667,2.735833333333334,63.74344666666667,30.00206666666667,17.29912666666667,23.465546666666665,3.8949199999999995,2011.0,6927.46,3280.4,256.71,1977.49,140.23,469.17,10.22
9,257.0,22.0577,32.3142,10.7074,89.6607,33.2718,16.7423,25.0041,7.1393,2011.0,257.0,5.0858,24.8461,0.0,39.1359,15.6259,3.0955,9.8501,1.9335,2011.0,257.0,16.717393333333334,28.958053333333332,1.2622133333333332,56.88412666666666,23.9324,11.486086666666667,17.565593333333332,4.2054133333333334,2011.0,6560.34,2904.29,298.37,1799.32,155.38,454.28,7.65
10,273.0,18.1675,32.4094,4.1552,72.79899999999999,29.309599999999996,16.5392,22.412100000000002,8.884,2011.0,273.0,8.084900000000001,22.3933,0.0,33.674899999999994,19.102999999999998,4.0302,11.6646,2.0085,2011.0,273.0,15.248033333333332,27.073106666666664,0.7045333333333332,51.778400000000005,23.93616,9.733699999999999,16.26560666666667,4.529993333333333,2011.0,5705.98,2489.75,482.36,1763.65,311.65,599.02,5.34
11,289.0,15.2908,30.9571,7.442399999999999,82.53909999999999,27.7896,15.0292,20.792099999999998,7.6881,2011.0,289.0,5.1312999999999995,20.7731,0.0,42.501400000000004,10.2987,0.2992,5.176,2.3761,2011.0,289.0,11.487186666666666,26.15538,1.2503,55.90718,18.61418666666667,7.480933333333331,12.289713333333331,5.01354,2011.0,5268.43,2097.57,462.0,1525.23,247.94,655.86,2.58
12,305.0,12.361899999999999,29.495800000000003,24.001100000000005,80.9653,24.6883,11.166800000000002,17.0997,8.174,2011.0,305.0,1.8886999999999998,20.8591,0.0,36.6884,8.5308,-1.2247000000000001,4.6211,2.8848,2011.0,305.0,9.873093333333333,24.707273333333333,3.1039200000000005,57.37764,14.530446666666666,3.1853800000000003,8.162326666666665,5.440759999999999,2011.0,5164.57,1830.46,332.93,1323.19,149.5,576.01,15.79
