,DOY,INSgdmax,RADmax,RAINmax,RHmax,TMAXmax,TMINmax,Tmax,WINDmax,YEAR,DOY,INSgdmin,RADmin,RAINmin,RHmin,TMAXmin,TMINmin,Tmin,WINDmin,YEAR,DOY,INSgdmean,RADmean,RAINmean,RHmean,TMAXmean,TMINmean,Tmean,WINDmean,YEAR,NDVI,EVI,RED,NIR,BLUE,MIR,pixrel
0,113.0,20.09,28.37,11.82,88.38,18.07,8.9,12.16,9.7,2011.0,113.0,5.98,22.86,0.0,61.66,3.87,-3.52,1.46,1.73,2011.0,113.0,12.448666666666666,25.956000000000003,2.874666666666667,73.23533333333334,12.318666666666665,1.2526666666666666,6.604,5.8679999999999986,2011.0,2878.1,824.23,286.83,936.65,128.79,464.46,40.99
1,129.0,28.87,33.23,21.58,87.52,27.83,18.09,22.95,8.16,2011.0,129.0,6.88,20.81,0.0,52.19,11.4,-1.12,5.23,2.36,2011.0,129.0,19.577333333333335,27.599333333333334,3.884666666666667,68.41533333333334,19.336,7.678666666666666,13.413999999999998,5.573333333333334,2011.0,3571.13,1213.2,125.87,1037.58,-10.07,341.17,51.05
2,145.0,29.48,33.73,31.36,89.44,28.18,19.0,23.33,8.79,2011.0,145.0,6.48,23.47,0.0,55.53,14.35,5.66,12.04,3.54,2011.0,145.0,20.146,29.764666666666667,4.212000000000001,72.912,22.275333333333332,12.109333333333334,17.17,5.86,2011.0,4761.3,2463.43,213.04,1706.94,105.28,341.78,30.77
3,161.0,29.02,34.09,12.58,89.85,32.59,20.68,26.83,7.71,2011.0,161.0,11.02,28.3,0.0,56.24,19.66,10.16,15.6,3.21,2011.0,161.0,21.67,31.524,2.6593333333333335,72.684,25.944000000000003,15.000666666666667,20.459999999999997,5.108666666666666,2011.0,4700.82,3016.72,604.03,2230.45,556.23,598.34,4.48
4,177.0,28.76,35.93,16.33,93.67,33.58,23.78,28.62,6.94,2011.0,177.0,10.01,27.76,0.0,68.02,19.31,11.91,15.5,2.53,2011.0,177.0,21.827333333333332,32.464000000000006,4.067333333333333,79.49533333333332,25.92733333333333,16.592,21.326666666666664,4.879999999999999,2011.0,5277.13,3088.95,169.95,2038.14,74.74,310.55,30.71
5,193.0,28.69,37.15,17.3,92.77,32.6,25.89,29.81,5.23,2011.0,193.0,8.42,31.0,0.0,70.13,24.45,15.23,19.77,1.1,2011.0,193.0,22.43266666666667,34.71333333333333,4.552666666666666,81.12333333333332,28.41333333333334,20.605333333333327,24.535999999999998,3.5186666666666664,2011.0,5648.53,3341.27,290.1,2120.03,208.93,392.17,8.06
6,209.0,26.93,37.94,16.42,94.49,31.39,24.41,27.57,5.78,2011.0,209.0,11.77,29.48,0.0,70.32,27.0,16.61,22.57,1.91,2011.0,209.0,20.298,34.34,2.890666666666667,82.85066666666667,28.945999999999994,21.046000000000003,25.162,3.2013333333333334,2011.0,5527.14,3058.82,75.87,1925.51,-1.17,225.1,35.79
7,225.0,25.31,35.57,4.57,89.39,27.29,21.45,24.35,5.69,2011.0,225.0,16.49,27.61,0.0,65.03,23.22,13.13,18.79,1.74,2011.0,225.0,21.57066666666667,31.234666666666662,0.9273333333333333,75.92666666666668,25.523333333333333,16.625333333333334,21.167333333333332,3.363999999999999,2011.0,5102.21,2762.58,68.72,1784.18,-13.46,180.05,40.87
8,241.0,24.12,36.22,12.7,93.55,32.59,22.05,26.31,6.24,2011.0,241.0,4.79,25.2,0.0,61.51,19.99,7.95,14.68,1.84,2011.0,241.0,17.327999999999996,31.108666666666657,2.529333333333333,74.66533333333334,26.08666666666667,15.65933333333333,20.91733333333333,3.6613333333333338,2011.0,4981.15,2291.99,62.33,1502.44,-17.13,190.54,43.49
9,257.0,21.53,31.64,8.46,85.48,30.44,16.57,23.07,8.19,2011.0,257.0,4.93,23.33,0.0,43.87,14.82,1.37,8.58,1.23,2011.0,257.0,16.736000000000004,28.454,0.9873333333333334,63.119333333333344,21.644666666666673,10.596666666666668,16.06066666666667,4.1546666666666665,2011.0,4464.92,1798.48,64.65,1292.94,-49.61,172.09,51.06
10,273.0,17.71,31.82,3.75,79.36,27.97,16.08,21.42,9.58,2011.0,273.0,7.13,21.78,0.0,37.3,17.63,2.17,9.86,1.55,2011.0,273.0,14.878000000000002,26.949333333333335,0.5446666666666666,57.283333333333324,22.224666666666668,9.25,15.269333333333334,4.826666666666666,2011.0,3707.25,1305.13,155.64,1150.61,1.51,241.58,53.65
11,289.0,14.29,31.0,4.04,79.36,26.67,14.6,20.01,7.76,2011.0,289.0,4.9,20.2,0.0,43.47,9.38,-0.4,4.29,2.42,2011.0,289.0,11.081333333333331,25.558666666666667,0.5980000000000001,59.272666666666666,17.104666666666667,6.338666666666667,11.048,5.323333333333334,2011.0,2683.57,739.61,152.39,912.29,-29.52,317.47,63.84
12,305.0,12.06,28.55,10.78,80.55,20.17,7.41,12.31,9.36,2011.0,305.0,2.56,19.69,0.0,40.63,6.9,-1.35,3.75,3.11,2011.0,305.0,9.233333333333333,23.986666666666668,2.1753333333333336,59.16999999999999,12.441333333333334,1.6160000000000003,6.394000000000001,5.179333333333333,2011.0,2704.16,547.85,76.13,735.04,-74.93,327.99,66.51
