,DOY,INSgdmax,RADmax,RAINmax,RHmax,TMAXmax,TMINmax,Tmax,WINDmax,YEAR,DOY,INSgdmin,RADmin,RAINmin,RHmin,TMAXmin,TMINmin,Tmin,WINDmin,YEAR,DOY,INSgdmean,RADmean,RAINmean,RHmean,TMAXmean,TMINmean,Tmean,WINDmean,YEAR,NDVI,EVI,RED,NIR,BLUE,MIR,pixrel
0,113.00000000000001,25.085900000000006,28.353599999999997,9.4017,84.0501,20.252399999999998,6.3678,13.4157,9.0164,2010.9999999999998,113.00000000000001,5.547499999999999,23.2146,0.0,55.75860000000001,5.9018,-3.5636,2.382,1.66,2010.9999999999998,113.00000000000001,13.613473333333333,26.029806666666666,2.14034,68.91366000000002,13.477659999999998,1.60818,7.327086666666666,5.91202,2010.9999999999998,2664.07,1120.53,761.1,1349.68,405.44,1324.2,0.44
1,129.0,29.0093,31.9305,11.776900000000001,83.9694,30.950599999999998,17.7362,23.906,8.587,2010.9999999999998,129.0,8.8926,20.1388,0.0,44.159000000000006,13.043800000000001,-0.9393999999999999,6.1621,2.4078,2010.9999999999998,129.0,21.824733333333334,27.21891999999999,2.1629199999999997,59.401613333333344,20.797106666666664,7.523500000000001,14.027980000000001,5.785246666666667,2010.9999999999998,3270.24,1488.29,744.49,1534.19,400.89,1561.66,0.0
2,145.0,29.277199999999997,34.1665,32.2256,87.9511,28.039099999999998,18.892000000000003,23.2853,9.3156,2010.9999999999998,145.0,7.856600000000001,24.7709,0.0,45.2409,15.599600000000002,6.726699999999999,12.9283,3.5799000000000003,2010.9999999999998,145.0,19.749706666666665,29.995126666666668,6.246886666666666,70.10294,22.706446666666665,12.13868,17.38364666666667,5.916486666666667,2010.9999999999998,3803.66,1830.12,696.27,1680.42,371.21,1510.99,0.02
3,161.0,28.9403,34.124900000000004,12.3577,90.33930000000002,34.43749999999999,21.5143,27.449800000000003,7.552900000000001,2010.9999999999998,161.0,4.7388,28.723099999999995,0.0,48.547000000000004,20.9893,10.9603,15.8076,2.6978000000000004,2010.9999999999998,161.0,21.54884,31.638526666666667,3.1369866666666666,67.22550666666667,26.936626666666672,15.668280000000001,21.108246666666666,4.986093333333334,2010.9999999999998,5515.41,2748.57,502.93,1960.91,271.37,1096.4,0.01
4,177.00000000000003,28.825499999999998,35.7585,11.567599999999999,90.79220000000001,34.944199999999995,23.190199999999997,28.657300000000003,7.842399999999999,2010.9999999999998,177.00000000000003,9.750800000000002,28.279399999999995,0.0,59.982699999999994,17.2302,12.4435,15.6334,2.5166,2010.9999999999998,177.00000000000003,21.97269333333334,32.459286666666664,3.46088,75.53139333333334,26.575746666666667,16.831419999999998,21.68490666666667,5.094186666666666,2010.9999999999998,6949.7,4314.09,497.57,2933.32,262.61,986.84,0.18
5,193.0,28.598399999999998,37.1739,18.547800000000002,91.4808,34.6903,26.0269,31.3584,5.602,2010.9999999999998,193.0,9.531099999999999,31.6638,0.0,63.8548,25.3405,16.1741,21.699499999999993,1.8320999999999998,2010.9999999999998,193.0,22.792126666666665,35.11267333333333,4.458906666666668,76.90166666666667,29.67149333333333,21.491699999999998,25.542786666666665,3.7418799999999997,2010.9999999999998,7406.28,5196.61,529.76,3611.38,275.5,823.93,0.2
6,209.0,26.888499999999997,37.280800000000006,12.959,89.76060000000001,34.4813,24.1529,28.7479,5.8277,2010.9999999999998,209.0,8.2481,29.7153,0.0,61.4805,28.271700000000003,16.7435,23.2019,1.7316,2010.9999999999998,209.0,21.317573333333332,34.56012666666667,2.6484400000000003,76.69037999999998,30.252899999999993,21.327053333333335,25.871446666666674,3.3955466666666667,2010.9999999999998,7166.73,4692.92,518.33,3197.95,279.07,792.47,0.0
7,225.0,25.4607,34.8536,8.0104,84.9749,29.7714,20.505300000000002,24.2511,5.506900000000001,2010.9999999999998,225.0,12.3956,29.003899999999998,0.0,54.55250000000001,25.737,13.851700000000001,20.2094,1.8987,2010.9999999999998,225.0,21.58384,31.803526666666663,1.4944600000000001,66.30081333333332,27.71284666666667,17.06750666666667,22.392879999999998,3.6568133333333335,2010.9999999999998,5731.02,3580.25,756.8,2822.86,388.17,1042.89,0.0
8,241.0,24.1802,35.562,11.204199999999998,84.8877,36.6036,20.902300000000004,28.154799999999998,6.0261,2010.9999999999998,241.0,7.125900000000001,24.7397,0.0,44.131099999999996,22.1989,9.2626,16.2742,2.2343,2010.9999999999998,241.0,18.53474,31.497093333333325,2.0099400000000003,63.51804666666666,28.52842666666666,16.377233333333333,22.36774,3.8729800000000005,2010.9999999999998,3986.48,2345.97,1075.3,2458.81,524.41,1588.53,0.0
9,257.0,21.615199999999998,31.984,3.8211,78.6422,33.892799999999994,17.328400000000002,24.616199999999996,8.8637,2010.9999999999998,257.0,5.2574000000000005,24.397,0.0,36.13080000000001,14.0852,2.8748,8.8598,1.9348999999999996,2010.9999999999998,257.0,16.461853333333334,28.848099999999995,0.6766733333333333,53.347619999999985,23.589080000000003,11.288693333333333,17.224800000000002,4.404446666666666,2010.9999999999998,3522.05,1987.07,1042.11,2190.59,522.66,1547.03,0.12
10,272.99999999999994,18.718299999999996,33.2118,1.5725,61.5724,30.0662,18.5749,22.382500000000004,10.2653,2010.9999999999998,272.99999999999994,11.912600000000001,22.7306,0.0,32.0019,19.974500000000003,3.8877,12.1592,1.3483,2010.9999999999998,272.99999999999994,16.48772,26.48478666666666,0.12641333333333332,45.83792,24.62886,9.827206666666667,16.71048,5.281013333333334,2010.9999999999998,3042.71,1646.91,1022.27,1955.42,544.79,1516.99,0.23
11,288.99999999999994,14.225900000000001,31.166200000000003,2.5791000000000004,70.474,26.6328,17.325,21.2299,7.8367,2010.9999999999998,288.99999999999994,5.3727,20.2395,0.0,40.7246,9.8383,-1.8984,3.4083,2.4478000000000004,2010.9999999999998,288.99999999999994,11.679306666666665,25.514179999999996,0.4018333333333333,53.12504666666666,17.812293333333333,6.630846666666667,11.514373333333335,5.03226,2010.9999999999998,3158.93,1515.15,816.67,1644.27,431.36,1371.19,0.4
12,305.0,12.315999999999999,26.6649,9.389600000000002,71.0989,17.4762,7.690799999999999,11.8698,9.8801,2010.9999999999998,305.0,3.7199000000000004,18.9045,0.0,37.0417,7.291000000000001,-2.1594999999999995,3.5774000000000004,3.0421,2010.9999999999998,305.0,9.835486666666666,23.44568,1.2911400000000002,51.598013333333334,12.574253333333335,1.8409399999999998,6.635293333333335,5.40172,2010.9999999999998,2990.77,1350.99,787.81,1510.69,412.96,1378.29,0.18
