,DOY,INSgdmax,RADmax,RAINmax,RHmax,TMAXmax,TMINmax,Tmax,WINDmax,YEAR,DOY,INSgdmin,RADmin,RAINmin,RHmin,TMAXmin,TMINmin,Tmin,WINDmin,YEAR,DOY,INSgdmean,RADmean,RAINmean,RHmean,TMAXmean,TMINmean,Tmean,WINDmean,YEAR,NDVI,EVI,RED,NIR,BLUE,MIR,pixrel
0,113.0,22.72,28.66,17.31,89.53,18.92,10.17,13.39,10.02,2011.0,113.0,4.9,23.08,0.0,61.68,4.23,-3.16,2.29,1.94,2011.0,113.0,12.551333333333332,26.70466666666666,3.2659999999999996,73.16133333333332,13.434666666666667,2.231333333333333,7.722666666666665,5.787333333333333,2011.0,5488.21,2463.99,532.23,1813.58,269.02,920.65,0.13
1,129.0,29.2,33.37,16.01,89.3,28.69,19.32,23.51,7.52,2011.0,129.0,5.69,20.92,0.0,51.75,13.21,-1.16,5.9,3.36,2011.0,129.0,20.738666666666667,27.837333333333337,2.290666666666667,69.35133333333333,20.049333333333333,8.612,14.161333333333335,5.398666666666667,2011.0,5820.34,2890.25,557.46,2096.49,282.5,1024.81,0.0
2,145.0,28.8,33.77,26.77,88.96,29.69,19.16,24.05,8.21,2011.0,145.0,6.26,24.52,0.0,56.81,17.23,7.37,13.1,3.22,2011.0,145.0,19.92,30.159333333333333,5.0713333333333335,72.33466666666666,23.600666666666665,12.734000000000002,18.11733333333333,5.550000000000001,2011.0,7715.46,4320.39,336.15,2630.06,187.39,578.59,0.0
3,161.0,28.55,34.63,25.7,91.57,32.97,22.13,27.16,7.32,2011.0,161.0,10.66,29.45,0.0,61.07,20.5,11.38,16.7,3.03,2011.0,161.0,21.502000000000002,32.477999999999994,6.242666666666667,73.11266666666667,27.088666666666665,16.38266666666667,21.604,5.045333333333333,2011.0,8176.28,5357.27,320.99,3304.54,183.13,613.67,0.97
4,177.0,28.87,36.61,25.14,88.93,34.72,24.21,29.2,7.01,2011.0,177.0,10.87,28.26,0.0,64.56,19.99,12.18,16.72,2.54,2011.0,177.0,22.09466666666667,32.891333333333336,5.232666666666665,77.52066666666666,26.913999999999998,17.596,22.182666666666663,4.9719999999999995,2011.0,8363.3,5221.86,270.16,3121.7,155.84,511.24,0.0
5,193.0,26.96,37.33,9.31,90.38,34.8,26.25,31.05,5.07,2011.0,193.0,10.04,32.36,0.0,60.39,27.01,16.9,22.19,1.5,2011.0,193.0,21.119999999999994,35.14933333333333,3.3633333333333337,74.782,30.005333333333333,21.387999999999998,25.782666666666668,3.5000000000000004,2011.0,8495.14,5162.38,243.4,3037.38,140.38,491.0,0.03
6,209.0,26.82,38.81,14.64,89.68,33.6,25.31,28.26,5.58,2011.0,209.0,9.32,31.68,0.0,64.54,29.39,18.48,24.82,1.82,2011.0,209.0,19.774666666666665,35.54866666666667,4.879999999999999,77.78733333333335,30.88733333333334,22.446666666666662,26.697999999999997,2.9373333333333336,2011.0,8536.39,4988.85,222.14,2886.08,125.31,453.77,0.01
7,225.0,25.6,36.83,8.96,81.96,31.35,22.3,26.38,5.54,2011.0,225.0,16.06,28.8,0.0,52.82,25.23,14.39,20.11,1.57,2011.0,225.0,22.728,31.936000000000003,1.5666666666666667,65.41600000000001,28.630000000000006,17.944000000000003,23.03666666666667,3.2659999999999996,2011.0,8242.85,5038.33,292.9,3043.06,163.03,549.7,0.0
8,241.0,24.05,36.94,25.18,90.28,37.14,22.92,28.67,6.69,2011.0,241.0,4.03,25.2,0.0,52.16,21.33,8.85,15.42,2.1,2011.0,241.0,17.835333333333335,31.921333333333326,3.5006666666666666,67.11933333333333,28.998666666666665,16.87333333333333,22.820666666666668,3.888666666666666,2011.0,8058.64,4211.71,263.41,2447.15,148.32,483.19,0.01
9,257.0,22.03,32.18,11.95,88.89,32.62,16.86,24.65,7.38,2011.0,257.0,4.9,23.51,0.0,41.62,15.82,2.21,9.76,1.93,2011.0,257.0,16.387333333333334,28.701999999999998,1.5873333333333335,59.928000000000004,23.171333333333333,11.15,17.017333333333333,4.216666666666667,2011.0,7183.54,3387.86,340.91,2070.76,183.85,516.28,0.0
10,273.0,18.04,31.03,8.5,91.08,28.86,15.76,21.75,8.46,2011.0,273.0,4.03,22.0,0.0,34.82,16.73,2.87,10.45,1.96,2011.0,273.0,14.032000000000004,27.026666666666664,0.6933333333333335,58.69666666666667,22.321333333333335,9.192,15.179333333333334,4.316666666666666,2011.0,5844.11,2634.35,488.95,1842.27,259.6,654.12,0.0
11,289.0,15.26,30.67,5.96,85.13,27.29,13.88,19.98,7.64,2011.0,289.0,4.9,21.71,0.0,43.52,9.8,0.62,5.66,2.54,2011.0,289.0,11.452666666666666,26.19666666666667,1.103333333333333,58.856,18.128666666666668,7.285333333333333,11.981333333333334,5.066666666666667,2011.0,5915.62,2316.25,396.96,1545.67,205.77,664.32,0.05
12,305.0,11.7,30.17,17.79,84.59,24.0,10.83,16.24,7.83,2011.0,305.0,1.4,20.74,0.0,40.02,7.97,-1.29,3.97,2.53,2011.0,305.0,9.098000000000003,25.012000000000004,3.5513333333333335,61.88266666666666,13.822666666666667,2.8273333333333346,7.632000000000001,5.192666666666667,2011.0,5993.12,2189.42,361.17,1432.33,184.89,689.18,0.05
