,DOY,INSgdmax,RADmax,RAINmax,RHmax,TMAXmax,TMINmax,Tmax,WINDmax,YEAR,DOY,INSgdmin,RADmin,RAINmin,RHmin,TMAXmin,TMINmin,Tmin,WINDmin,YEAR,DOY,INSgdmean,RADmean,RAINmean,RHmean,TMAXmean,TMINmean,Tmean,WINDmean,YEAR,NDVI,EVI,RED,NIR,BLUE,MIR,pixrel
0,113.0,23.958999999999996,28.779400000000003,19.418000000000003,91.2748,18.731700000000004,9.1909,13.1019,9.4793,2011.0,113.0,4.3865,23.159,0.0,62.0736,5.2432,-2.635,2.3366,1.9585000000000001,2011.0,113.0,12.992939999999997,26.728546666666663,3.5121399999999996,75.89278,13.08304,2.1895533333333335,7.453146666666667,5.679866666666667,2011.0,4435.92,2102.75,725.47,1859.39,366.3,1286.17,0.11
1,129.0,29.166199999999996,33.084599999999995,13.2936,91.2726,27.4897,19.3335,22.785999999999998,7.696199999999999,2011.0,129.0,4.224,20.8251,0.0,55.183600000000006,10.9595,-1.2334,5.009200000000001,2.9719,2011.0,129.0,18.82281333333333,27.804073333333328,2.7972199999999994,72.11573333333332,19.47469333333333,8.131186666666666,13.699246666666664,5.196106666666667,2011.0,5170.29,2654.9,678.79,2126.85,347.03,1280.03,0.01
2,145.0,28.6042,32.9663,17.8788,89.5608,29.0276,18.500500000000002,23.6771,7.8261,2011.0,145.0,7.0003,24.9769,0.0,58.1312,16.3337,6.4886,12.300699999999999,3.3324000000000003,2011.0,145.0,19.45904666666667,30.18058,4.746253333333334,74.93153999999998,23.001286666666665,12.352006666666668,17.726706666666665,5.390553333333334,2011.0,7719.0,4518.81,348.33,2781.86,195.32,673.71,0.0
3,161.0,28.785899999999998,34.1519,23.1053,88.4582,31.8114,21.662999999999997,26.473099999999995,6.9548000000000005,2011.0,161.0,9.5326,29.3132,0.0,64.9546,20.176499999999997,10.507200000000001,15.950199999999999,3.0601,2011.0,161.0,21.60547333333334,32.3756,5.93372,76.07005333333332,26.410359999999994,15.99386666666667,21.167626666666667,4.86982,2011.0,8042.05,5343.6,350.03,3353.2,197.98,652.65,0.82
4,177.0,28.763,36.3811,24.4086,90.05290000000001,31.726899999999997,24.3989,27.9901,6.7507,2011.0,177.0,9.7154,27.827399999999997,0.0,68.05210000000001,18.67,12.293800000000001,16.418,2.5237999999999996,2011.0,177.0,21.533873333333332,32.812826666666666,6.020453333333333,80.20456666666668,26.160733333333333,17.496733333333335,21.835493333333336,4.767666666666667,2011.0,8248.0,5697.01,327.24,3565.64,184.42,679.22,0.01
5,193.0,27.089199999999998,37.4288,14.3399,94.8841,33.421600000000005,26.2932,30.3728,4.8667,2011.0,193.0,11.4836,31.8196,0.0,66.9579,25.8491,15.541299999999998,21.4085,1.4095,2011.0,193.0,21.328666666666667,34.82351999999999,3.941873333333333,78.39624,29.18865999999999,20.94047333333333,25.172360000000005,3.3616000000000006,2011.0,8325.1,5515.68,299.52,3388.48,167.72,633.01,0.01
6,209.0,27.393299999999996,38.5063,20.6273,91.3107,32.9294,24.835299999999997,27.831099999999996,5.5016,2011.0,209.0,10.3329,31.4344,0.0,69.2875,28.8315,18.1309,24.558799999999998,1.7488,2011.0,209.0,20.46941333333333,35.159526666666665,4.538126666666666,80.60621333333334,30.379006666666665,22.240526666666664,26.340999999999998,2.8612400000000004,2011.0,8296.82,5279.91,288.65,3206.95,162.9,598.53,0.02
7,225.0,25.4294,35.9153,6.4674000000000005,83.34249999999999,30.54,22.496299999999998,26.2876,5.6172,2011.0,225.0,10.5454,28.191200000000002,0.0,54.53340000000001,24.901100000000003,13.6993,19.544800000000002,1.3432,2011.0,225.0,22.06619333333333,31.56313333333333,1.3213599999999999,68.24596000000001,27.715233333333337,17.639493333333327,22.54826666666666,2.958206666666667,2011.0,8050.82,5309.98,345.52,3317.83,194.86,673.74,0.0
8,241.0,23.8983,36.775800000000004,35.773399999999995,90.90700000000001,36.7249,22.855900000000002,28.2904,6.7157,2011.0,241.0,2.7123999999999997,24.949799999999996,0.0,56.266400000000004,20.5274,8.819399999999998,14.8598,1.7283000000000002,2011.0,241.0,18.208180000000002,31.711653333333338,4.023053333333333,69.49965333333333,28.31095333333333,16.917086666666663,22.518226666666664,3.773753333333333,2011.0,7754.5,4281.49,323.36,2584.18,183.71,577.45,0.0
9,257.0,22.087500000000002,32.1618,11.7915,86.0568,31.776300000000003,16.6608,24.150599999999997,7.0506,2011.0,257.0,5.1921,23.127299999999998,0.0,43.658100000000005,15.3559,2.2593000000000005,9.8612,1.9396999999999998,2011.0,257.0,16.728980000000004,28.401513333333334,1.3875800000000003,62.01842666666667,22.826600000000003,11.105419999999999,16.862186666666666,4.137640000000001,2011.0,7543.61,3917.64,329.66,2366.82,185.18,595.74,0.0
10,273.0,17.9181,29.721299999999996,9.4646,95.034,28.4418,15.488,21.286900000000003,8.0572,2011.0,273.0,3.8901999999999997,21.7179,0.0,45.038199999999996,15.775500000000003,2.0726999999999998,9.7498,1.4577,2011.0,273.0,13.618066666666666,26.717086666666663,0.8386666666666667,63.310919999999996,21.193779999999997,8.515820000000001,14.34914666666667,4.13928,2011.0,5321.83,2568.05,599.99,1952.96,320.77,822.22,0.0
11,289.0,15.4537,30.9533,6.8073999999999995,93.3305,26.9077,14.467999999999998,19.518800000000002,7.8062,2011.0,289.0,4.9167,21.950500000000005,0.0,45.5693,9.983399999999998,-0.034400000000000014,5.833,2.7142999999999997,2011.0,289.0,11.579906666666668,26.173373333333334,1.5355266666666667,62.17593333333334,17.599306666666664,7.266726666666667,11.776886666666668,5.052033333333333,2011.0,5411.39,2191.15,469.69,1571.51,247.51,859.67,0.22
12,305.0,12.4095,30.5181,14.604300000000002,83.3637,23.7645,9.940400000000002,15.705600000000002,7.844800000000001,2011.0,305.0,1.7820999999999998,20.3159,0.0,42.3234,6.8035,-1.4989000000000001,3.5086,2.368,2011.0,305.0,8.967513333333333,25.251326666666664,3.29758,65.36629333333335,13.594459999999998,2.650000000000001,7.434620000000001,4.9902533333333325,2011.0,5173.39,1969.49,469.2,1457.67,235.07,888.54,0.0
