,DOY,INSgdmax,RADmax,RAINmax,RHmax,TMAXmax,TMINmax,Tmax,WINDmax,YEAR,DOY,INSgdmin,RADmin,RAINmin,RHmin,TMAXmin,TMINmin,Tmin,WINDmin,YEAR,DOY,INSgdmean,RADmean,RAINmean,RHmean,TMAXmean,TMINmean,Tmean,WINDmean,YEAR,NDVI,EVI,RED,NIR,BLUE,MIR,pixrel
0,113.0,26.32,30.2,25.62,84.25,25.31,12.53,16.71,8.48,2011.0,113.0,6.77,24.88,0.0,49.82,11.14,-0.77,6.89,3.2,2011.0,113.0,15.942000000000002,27.535333333333334,3.0153333333333334,64.74066666666666,17.653333333333332,4.848666666666667,11.070666666666671,5.746666666666666,2011.0,4160.27,2705.84,1184.55,2844.04,600.92,2361.97,0.16
1,129.0,29.2,34.6,8.78,83.4,34.31,20.65,26.62,7.69,2011.0,129.0,7.34,20.95,0.0,40.52,13.89,1.13,9.47,3.37,2011.0,129.0,22.089999999999996,28.005333333333336,1.6306666666666667,59.294666666666664,23.076666666666664,10.612666666666666,16.654666666666667,5.506,2011.0,5078.38,3414.81,977.27,3028.38,506.95,1963.77,0.0
2,145.0,29.56,34.67,32.9,92.66,31.05,22.14,25.66,10.27,2011.0,145.0,3.28,25.99,0.0,47.63,20.54,8.73,15.15,2.48,2011.0,145.0,19.986,31.54133333333333,6.2940000000000005,67.64266666666667,26.055999999999997,14.81466666666667,20.203333333333333,5.437333333333332,2011.0,5509.82,3778.8,941.2,3216.56,489.73,2028.85,0.67
3,161.0,29.56,35.6,14.69,84.89,37.93,23.81,30.24,8.47,2011.0,161.0,10.12,29.41,0.0,46.48,24.88,14.15,20.63,3.02,2011.0,161.0,22.35866666666667,33.74133333333333,3.0746666666666664,64.68733333333333,31.45466666666667,19.73866666666667,25.24466666666667,5.09,2011.0,6714.04,4709.35,671.9,3458.42,358.39,1502.02,0.36
4,177.0,29.52,36.83,24.38,86.48,38.64,24.47,31.37,8.65,2011.0,177.0,7.27,28.98,0.0,51.15,25.52,14.97,20.74,2.88,2011.0,177.0,22.735333333333337,33.92933333333333,5.124666666666667,68.64133333333332,30.291333333333327,19.366,24.660666666666668,5.322666666666667,2011.0,7002.64,5003.36,632.97,3600.11,339.33,1391.71,0.16
5,193.0,27.4,38.63,11.24,80.96,36.41,27.77,32.71,5.22,2011.0,193.0,19.94,33.01,0.0,51.92,30.11,19.9,25.73,1.22,2011.0,193.0,24.34,36.327999999999996,3.0013333333333336,65.95333333333333,33.611333333333334,23.428,28.377999999999993,3.3466666666666667,2011.0,8066.45,5938.82,415.14,3918.9,226.35,907.61,0.72
6,209.0,26.57,39.13,13.31,87.95,41.88,27.27,33.37,5.95,2011.0,209.0,8.78,33.91,0.0,47.16,28.56,22.6,25.44,2.18,2011.0,209.0,23.66666666666667,36.90133333333333,3.516,65.80000000000001,34.89466666666667,24.95333333333334,29.542666666666666,3.624666666666667,2011.0,8002.99,5821.39,413.11,3822.51,226.79,933.58,0.0
7,225.0,25.85,36.18,13.96,80.41,32.87,24.21,27.5,4.92,2011.0,225.0,11.2,30.49,0.0,47.13,28.59,16.94,22.97,1.71,2011.0,225.0,21.717333333333325,33.83533333333333,4.576666666666667,65.54333333333332,31.185333333333336,20.122666666666667,25.249999999999996,3.1006666666666667,2011.0,8133.44,5970.15,389.45,3890.68,215.02,826.99,0.0
8,241.0,24.62,36.5,13.65,77.96,40.61,25.31,31.89,6.99,2011.0,241.0,7.78,25.42,0.0,36.22,25.01,10.67,17.77,2.05,2011.0,241.0,19.790666666666667,33.01199999999999,2.099333333333333,54.98466666666666,33.142,19.09066666666667,25.891333333333332,3.9826666666666664,2011.0,7257.68,5061.89,551.51,3502.61,302.41,1010.15,0.0
9,257.0,22.46,32.76,19.01,94.09,35.02,17.67,25.72,5.67,2011.0,257.0,4.97,25.52,0.0,37.39,15.49,5.72,11.06,1.99,2011.0,257.0,16.732000000000003,29.48999999999999,2.3280000000000003,55.184666666666665,25.502666666666663,12.618666666666666,18.800666666666665,3.966666666666666,2011.0,6995.06,4426.1,527.56,3027.13,282.06,889.0,0.0
10,273.0,19.73,32.0,1.88,60.84,31.58,18.1,23.7,8.92,2011.0,273.0,12.67,23.18,0.0,31.07,21.03,6.18,13.65,1.78,2011.0,273.0,16.845999999999997,27.011333333333333,0.18666666666666665,45.11666666666667,26.02066666666666,10.558666666666666,17.793999999999997,4.431333333333333,2011.0,4799.71,2919.61,931.13,2648.75,464.81,1505.66,0.0
11,289.0,15.95,30.96,10.5,70.78,28.76,17.24,22.38,6.71,2011.0,289.0,6.88,20.63,0.0,35.74,11.4,-0.15,5.5,2.03,2011.0,289.0,11.904000000000002,27.049999999999997,1.7433333333333332,50.73866666666667,20.364666666666665,8.57933333333333,13.776666666666666,4.652,2011.0,4012.08,2536.24,1180.19,2705.69,593.25,1829.25,0.33
12,305.0,13.39,29.02,46.63,84.06,27.3,13.96,19.99,8.77,2011.0,305.0,2.74,20.74,0.0,31.63,8.54,-1.22,5.28,3.03,2011.0,305.0,10.530666666666669,24.814666666666664,3.724666666666667,53.16866666666667,16.65,4.714,9.855333333333332,5.611333333333334,2011.0,3522.18,2330.01,1352.05,2772.28,678.03,1943.78,0.76
