,DOY,INSgdmax,RADmax,RAINmax,RHmax,TMAXmax,TMINmax,Tmax,WINDmax,YEAR,DOY,INSgdmin,RADmin,RAINmin,RHmin,TMAXmin,TMINmin,Tmin,WINDmin,YEAR,DOY,INSgdmean,RADmean,RAINmean,RHmean,TMAXmean,TMINmean,Tmean,WINDmean,YEAR,NDVI,EVI,RED,NIR,BLUE,MIR,pixrel
0,113.0,22.6771,28.923900000000003,15.9995,89.239,20.1858,10.709,14.1038,9.9518,2011.0,113.0,5.0673,23.8333,0.0,59.386500000000005,5.6533,-2.8850999999999996,3.0772000000000004,2.0485999999999995,2011.0,113.0,12.969153333333335,26.867106666666665,3.1639399999999998,71.39064666666667,14.361773333333336,2.8021133333333337,8.40738,5.768286666666667,2011.0,1142.7,248.98,1644.45,1777.91,1580.52,297.74,9.0
1,129.0,29.201700000000002,33.7632,17.42,88.4884,29.8538,19.5798,24.1421,7.6042000000000005,2011.0,129.0,6.5078,20.7361,0.0,47.8993,13.2248,-0.7441,6.771100000000001,3.5016,2011.0,129.0,21.27517333333333,27.69647333333333,2.74348,67.08668666666668,20.634466666666665,9.125160000000001,14.679833333333335,5.434313333333335,2011.0,709.27,-419.43,-198.19,255.94,-269.54,-123.88,112.45
2,145.0,29.128300000000003,33.6292,26.938,89.7249,30.0814,19.7644,24.5084,8.796800000000001,2011.0,145.0,7.4557,24.678199999999997,0.0,53.1225,18.226300000000002,7.6112,13.613199999999999,3.0722000000000005,2011.0,145.0,19.91336666666667,30.441446666666668,4.895713333333334,70.92211333333333,24.181506666666667,13.160340000000001,18.60856,5.491233333333334,2011.0,1168.12,174.69,-115.0,561.46,-185.94,-88.75,94.7
3,161.0,28.347900000000003,34.8693,21.1107,91.47389999999999,33.930200000000006,22.6224,27.8354,7.565200000000001,2011.0,161.0,6.2072,29.630899999999997,0.0,58.5942,22.0242,11.9808,17.613599999999998,2.6228,2011.0,161.0,20.564506666666666,32.795386666666666,5.534680000000001,71.49140666666666,27.879353333333327,17.120880000000003,22.355273333333336,5.032746666666666,2011.0,1597.04,658.86,77.23,957.18,22.15,-25.62,82.22
4,177.0,29.042800000000003,36.2599,24.163,88.67190000000001,36.228,24.5709,30.089999999999996,7.5319,2011.0,177.0,9.7711,28.299099999999996,0.0,59.6697,20.6127,12.5793,17.3407,2.4093,2011.0,177.0,22.128926666666665,33.125793333333334,4.987613333333332,73.92034666666666,27.881526666666666,18.027646666666666,22.837913333333333,5.111413333333333,2011.0,1629.2,696.36,-97.48,854.72,-175.98,-105.63,89.49
5,193.0,27.2855,37.4843,10.281600000000001,87.1003,35.7832,26.612499999999997,31.8054,5.1504,2011.0,193.0,11.408000000000001,32.77889999999999,0.0,56.39190000000001,28.0989,18.0679,23.296,1.5122999999999998,2011.0,193.0,22.075846666666664,35.536793333333335,3.30248,71.14303333333334,31.115680000000005,22.006426666666663,26.55948,3.554066666666667,2011.0,2064.18,1274.98,186.32,1102.6,104.88,130.27,36.15
6,209.0,26.5124,38.9756,15.1257,86.3229,36.2187,25.5252,29.4625,5.782299999999999,2011.0,209.0,10.1532,32.3511,0.0,62.478100000000005,29.5239,19.6049,25.4666,1.9872,2011.0,209.0,20.15239333333333,35.96543333333333,4.340979999999999,74.04216666666667,32.15112666666667,22.995166666666666,27.44946666666667,3.1437066666666666,2011.0,1696.43,785.78,-122.12,800.7,-182.18,-185.0,79.36
7,225.0,25.6885,37.0188,10.089200000000002,80.4666,31.766900000000007,22.5401,26.371499999999997,5.636699999999999,2011.0,225.0,17.8357,29.3183,0.0,49.2834,25.1657,15.2322,20.6412,1.6217000000000001,2011.0,225.0,22.75598,32.35544666666667,1.9378666666666668,64.07269333333333,29.257920000000002,18.38286,23.564279999999997,3.334633333333333,2011.0,2407.05,1182.95,69.15,968.03,-15.97,-95.38,43.67
8,241.0,24.177500000000002,36.9274,15.874,87.3528,37.5803,23.1764,29.2661,6.589600000000001,2011.0,241.0,4.7981,24.9907,0.0,47.285399999999996,22.3784,9.1693,16.0743,2.1129,2011.0,241.0,18.302480000000003,32.049659999999996,2.8419600000000003,64.34499333333333,29.898066666666672,17.292773333333333,23.419126666666667,3.8988799999999992,2011.0,3803.16,1344.45,-18.17,1008.23,-100.59,-100.71,59.01
9,257.0,22.1017,32.3052,10.936900000000001,89.5417,33.0865,16.767200000000003,24.920699999999997,7.0975,2011.0,257.0,5.0052,24.381,0.0,40.0636,15.806899999999999,2.9401,9.935699999999999,2.015,2011.0,257.0,16.66954,28.89558,1.3236733333333333,57.788419999999995,23.834853333333335,11.445273333333333,17.4836,4.205819999999999,2011.0,4367.77,1671.85,159.5,1165.9,78.36,25.74,30.64
10,273.0,18.155,31.825899999999997,5.383900000000001,78.88819999999998,29.3172,16.3549,22.296,8.657399999999999,2011.0,273.0,6.494400000000001,22.308999999999997,0.0,33.4701,18.4296,3.7708000000000004,11.383700000000001,1.968,2011.0,273.0,14.884406666666667,27.03517333333333,0.68794,53.821933333333334,23.511106666666663,9.593593333333333,15.969853333333333,4.422913333333333,2011.0,1330.34,145.84,244.67,775.2,172.96,60.14,76.98
11,289.0,15.407699999999998,30.9392,7.9817,83.43029999999999,27.7863,14.6772,20.624100000000002,7.6533999999999995,2011.0,289.0,5.1007,21.2666,0.0,43.4007,10.2172,0.5147,5.4848,2.4467,2011.0,289.0,11.439313333333333,26.262880000000003,1.3272333333333333,56.79067333333334,18.567986666666666,7.542113333333333,12.30548,5.000933333333333,2011.0,1562.5,-21.4,-72.41,438.25,-176.29,-55.31,89.59
12,305.0,12.2303,29.6789,22.9777,82.7765,24.7953,11.434099999999999,17.1152,8.0074,2011.0,305.0,1.6368999999999998,20.772399999999998,0.0,37.266400000000004,8.4272,-1.2473,4.3251,2.7984999999999998,2011.0,305.0,9.550126666666667,24.88324,3.3566333333333334,58.81518,14.459299999999999,3.1817666666666673,8.124046666666667,5.365880000000001,2011.0,190.57,-1004.66,-422.72,-9.52,-498.49,-332.65,155.76
