,DOY,INSgdmax,RADmax,RAINmax,RHmax,TMAXmax,TMINmax,Tmax,WINDmax,YEAR,DOY,INSgdmin,RADmin,RAINmin,RHmin,TMAXmin,TMINmin,Tmin,WINDmin,YEAR,DOY,INSgdmean,RADmean,RAINmean,RHmean,TMAXmean,TMINmean,Tmean,WINDmean,YEAR,NDVI,EVI,RED,NIR,BLUE,MIR,pixrel
0,113.0,24.1748,28.672,14.801599999999997,87.05959999999999,20.9348,9.174,13.455199999999998,9.711200000000002,2011.0,113.0,6.082000000000001,23.601999999999997,0.0,57.408,4.456,-3.3284,2.1936,1.5108,2011.0,113.0,13.350480000000001,26.354666666666667,2.8351466666666663,69.91741333333334,13.973893333333336,2.257813333333334,7.933066666666669,5.887173333333332,2011.0,4069.31,1669.53,639.46,1501.43,328.64,1057.15,0.0
1,129.0,29.028399999999998,33.400000000000006,17.4192,85.5544,31.2016,18.844,24.6816,8.5556,2011.0,129.0,8.1956,20.058,0.0,44.6072,13.820800000000002,-0.6344,7.129600000000001,2.886,2011.0,129.0,21.89984,27.33490666666667,2.5073066666666666,63.24069333333333,21.14925333333333,8.586053333333332,14.671813333333334,5.634,2011.0,4731.23,1960.25,574.56,1579.84,298.22,987.19,0.0
2,145.0,29.344800000000003,33.915200000000006,30.7448,91.7608,29.408,20.2012,24.268,9.4536,2011.0,145.0,6.4484,24.606800000000003,0.0,48.4268,17.7304,7.3416000000000015,13.655999999999999,3.4048000000000003,2011.0,145.0,19.60432,30.4068,5.106879999999999,70.05754666666667,23.788373333333332,12.740293333333332,18.189626666666665,5.746560000000001,2011.0,5819.45,2721.96,511.15,1924.98,272.52,865.32,0.0
3,161.0,28.436800000000005,34.300000000000004,18.118,92.30720000000001,34.2764,22.318,27.942400000000003,8.0428,2011.0,161.0,4.8952,29.8416,0.0,51.8044,21.7812,11.568800000000001,17.5108,2.4379999999999997,2011.0,161.0,20.372106666666667,32.38983999999999,4.04208,67.77749333333334,27.860319999999998,16.50072,22.022640000000003,5.149146666666667,2011.0,7506.15,4535.62,395.86,2878.71,245.2,646.48,0.82
4,177.0,28.373199999999997,35.9716,14.2464,88.8756,36.1776,24.346000000000004,30.2072,8.005999999999998,2011.0,177.0,10.974799999999998,28.4,0.0,57.9712,19.2212,12.524,16.357200000000002,2.3348000000000004,2011.0,177.0,21.98554666666666,33.02874666666666,4.54624,72.98530666666665,27.601813333333332,17.50242666666667,22.516186666666663,5.2473600000000005,2011.0,7822.5,4735.45,349.57,2931.91,197.28,648.95,0.0
5,193.0,28.041999999999998,37.3384,13.1264,88.68759999999999,36.0004,26.262799999999995,32.1252,5.2676,2011.0,193.0,10.297600000000001,32.3512,0.0,60.293200000000006,27.4736,17.8488,23.3828,1.5,2011.0,193.0,23.319893333333333,35.376773333333325,4.018746666666668,72.64453333333334,30.699599999999993,22.03624,26.328479999999995,3.7343466666666667,2011.0,7859.97,4593.47,323.33,2793.05,184.72,592.27,0.01
6,209.0,26.798399999999997,37.768,10.0452,90.214,35.8324,24.7832,29.8844,5.6975999999999996,2011.0,209.0,10.068800000000001,30.938000000000002,0.0,64.0824,28.559600000000003,18.6212,24.591599999999996,2.1048,2011.0,209.0,19.975653333333334,35.54264,3.1944266666666663,74.56573333333333,31.18053333333333,22.339466666666667,26.755386666666666,3.2976,2011.0,7713.15,4668.3,369.32,2923.19,203.6,703.66,0.0
7,225.0,25.516399999999997,35.786,10.656799999999999,81.8908,31.259600000000002,21.237599999999997,25.232799999999997,5.750399999999999,2011.0,225.0,15.4352,29.630399999999998,0.0,50.1072,26.558799999999998,15.1828,20.830800000000004,1.9344,2011.0,225.0,22.502426666666665,32.198479999999996,2.4596266666666664,63.33336,28.69592,18.0148,23.266080000000002,3.60272,2011.0,7441.7,4314.43,397.47,2727.62,219.42,709.17,0.0
8,241.0,24.12,36.82,12.1868,88.8612,36.872,22.223200000000002,28.6372,5.991199999999999,2011.0,241.0,6.460400000000001,24.6864,0.0,42.442,22.2332,8.9096,16.157999999999998,1.92,2011.0,241.0,18.395466666666664,31.857200000000002,3.0515733333333332,64.86322666666666,29.21744,16.81304,22.88416,3.7524,2011.0,7210.64,3846.08,390.48,2420.31,213.35,712.61,0.0
9,257.0,21.89,32.4,6.103199999999999,85.6388,33.241200000000006,16.9188,24.868399999999998,7.6504,2011.0,257.0,4.815199999999999,25.108,0.0,37.4884,14.6792,2.9699999999999998,9.312000000000001,1.4951999999999999,2011.0,257.0,16.40024,28.812799999999996,0.8570133333333334,54.48069333333333,23.68456,11.502746666666667,17.479973333333334,4.197066666666666,2011.0,6416.31,3252.71,490.22,2221.02,248.07,752.6,0.0
10,273.0,18.9236,32.0744,3.3764000000000003,63.5424,29.763999999999996,17.1604,22.3304,9.6824,2011.0,273.0,12.2504,22.43,0.0,33.997600000000006,19.4988,4.018800000000001,12.0384,1.5628,2011.0,273.0,16.188853333333334,26.740640000000003,0.4018933333333333,47.871919999999996,24.406933333333335,9.773653333333332,16.548,4.94952,2011.0,5394.62,2647.91,618.92,2026.84,325.76,868.92,0.04
11,289.0,14.349999999999998,30.137599999999996,3.2804,79.58359999999999,27.3816,15.9496,21.018400000000003,7.8580000000000005,2011.0,289.0,5.2863999999999995,20.5016,0.0,41.0716,10.0732,-1.0068,4.0608,2.4504,2011.0,289.0,11.365599999999997,25.91130666666667,0.5816799999999999,53.8896,18.151919999999997,6.9204,11.88776,5.0396,2011.0,4731.03,2103.96,637.65,1735.62,333.36,1000.6,0.01
12,305.0,12.4648,27.8144,17.3556,76.542,23.233600000000003,9.6976,15.5348,9.0868,2011.0,305.0,1.6016000000000004,19.296400000000002,0.0,35.8656,7.0443999999999996,-1.462,3.6028000000000002,2.9976,2011.0,305.0,10.039893333333332,23.89954666666667,2.1559466666666665,54.48616,13.649759999999999,2.5536266666666663,7.471573333333334,5.492293333333334,2011.0,4791.04,1899.9,555.35,1523.06,281.41,976.46,0.0
