,DOY,INSgdmax,RADmax,RAINmax,RHmax,TMAXmax,TMINmax,Tmax,WINDmax,YEAR,DOY,INSgdmin,RADmin,RAINmin,RHmin,TMAXmin,TMINmin,Tmin,WINDmin,YEAR,DOY,INSgdmean,RADmean,RAINmean,RHmean,TMAXmean,TMINmean,Tmean,WINDmean,YEAR,NDVI,EVI,RED,NIR,BLUE,MIR,pixrel
0,113.0,25.92,30.02,16.86,79.05,24.96,8.7,16.2,8.88,2011.0,113.0,6.12,23.94,0.0,50.57,8.58,-1.86,5.1,2.0,2011.0,113.0,14.832,26.956666666666663,2.758,65.84000000000002,16.092666666666666,3.566,9.584666666666665,5.9300000000000015,2011.0,3269.63,2192.02,1477.69,2893.0,736.68,2839.14,0.39
1,129.0,29.2,34.78,6.04,81.1,33.34,20.26,26.39,9.39,2011.0,129.0,9.29,20.81,0.0,39.96,15.88,0.41,8.97,2.77,2011.0,129.0,22.35,27.826,1.492,57.629333333333335,22.757333333333335,9.667333333333335,16.110666666666663,5.6786666666666665,2011.0,3720.59,2552.03,1397.76,3033.37,703.42,2837.88,0.03
2,145.0,29.63,34.78,34.51,90.43,29.63,21.56,24.89,10.33,2011.0,145.0,4.68,25.31,0.0,47.09,18.82,8.37,14.71,2.66,2011.0,145.0,18.573333333333334,31.185999999999993,8.719333333333333,68.22533333333334,24.86866666666667,13.496000000000002,19.198666666666668,5.535333333333333,2011.0,4023.48,2631.41,1265.18,2905.35,638.02,2525.57,0.73
3,161.0,29.59,35.14,9.35,86.31,36.78,23.39,29.7,8.66,2011.0,161.0,7.52,29.48,0.0,48.12,25.3,13.58,19.88,3.22,2011.0,161.0,22.280666666666665,33.10666666666666,1.474,63.391333333333336,30.302666666666667,18.174666666666667,23.89333333333333,5.144666666666666,2011.0,6256.64,4455.19,810.04,3476.29,442.64,1487.79,1.13
4,177.0,29.38,36.25,19.75,86.89,38.9,24.71,31.61,8.74,2011.0,177.0,8.24,28.94,0.0,47.52,22.32,14.09,18.86,2.61,2011.0,177.0,22.378,33.598,3.8006666666666664,70.13066666666666,29.299999999999997,18.488000000000003,23.781333333333336,5.3933333333333335,2011.0,7499.59,5718.42,575.19,4029.44,314.78,1254.02,0.0
5,193.0,28.51,38.2,17.43,85.24,38.55,27.82,33.76,5.33,2011.0,193.0,11.77,32.8,0.0,53.68,29.61,19.95,25.16,1.72,2011.0,193.0,22.45466666666667,36.282000000000004,4.164666666666666,70.35266666666665,32.39733333333333,22.909333333333333,27.49666666666667,3.572,2011.0,8616.66,6876.64,326.3,4472.11,184.56,738.27,0.13
6,209.0,26.35,39.28,13.11,84.4,41.13,25.54,32.74,5.52,2011.0,209.0,11.16,33.84,0.0,48.92,28.93,20.97,25.87,2.14,2011.0,209.0,20.65,36.59066666666667,3.312666666666667,67.98800000000001,34.02333333333333,23.741333333333333,28.488666666666667,3.3606666666666674,2011.0,8515.59,6625.99,337.94,4293.6,189.69,753.21,0.0
7,225.0,25.96,36.65,14.95,83.12,33.63,22.47,26.45,5.25,2011.0,225.0,16.85,30.82,0.0,51.8,27.92,16.48,22.07,1.75,2011.0,225.0,23.35666666666667,33.27133333333334,4.296,64.55733333333335,30.261999999999997,19.14466666666667,24.524666666666672,3.3620000000000005,2011.0,8056.65,5956.2,410.81,3912.97,225.2,800.59,0.02
8,241.0,24.3,37.3,10.36,87.36,39.73,23.45,30.55,5.93,2011.0,241.0,6.95,25.42,0.0,43.08,24.54,9.88,17.38,2.02,2011.0,241.0,18.706,32.644,2.079333333333333,59.158666666666676,31.62333333333334,17.944,24.710666666666665,3.7013333333333325,2011.0,7227.99,4981.26,536.84,3419.22,293.24,931.33,0.0
9,257.0,22.14,32.87,10.36,87.23,35.12,16.84,25.72,6.6,2011.0,257.0,4.72,25.85,0.0,39.15,14.27,5.03,10.0,1.81,2011.0,257.0,16.669333333333334,29.159333333333333,2.0133333333333336,53.58866666666666,25.214666666666673,12.186000000000002,18.483333333333334,3.939333333333333,2011.0,6369.63,3949.9,621.29,2861.1,328.18,984.24,0.0
10,273.0,19.62,34.16,0.46,54.63,32.04,19.21,23.69,9.91,2011.0,273.0,12.17,23.33,0.0,27.96,21.09,5.7,13.53,1.67,2011.0,273.0,17.266666666666666,26.972666666666658,0.03066666666666667,41.948,26.190666666666672,10.753333333333336,17.995333333333335,4.9719999999999995,2011.0,4138.7,2566.56,1112.76,2665.14,557.3,1711.21,0.0
11,289.0,15.55,31.57,7.73,66.73,27.76,18.37,22.45,6.86,2011.0,289.0,5.8,20.41,0.0,38.72,9.72,-0.91,4.55,2.07,2011.0,289.0,12.305333333333333,26.37333333333333,1.06,52.90133333333333,19.112666666666666,7.905333333333333,12.808,4.565999999999999,2011.0,3414.61,2249.26,1385.79,2786.37,687.15,2062.64,0.39
12,305.0,13.1,27.86,22.0,83.85,23.64,11.37,17.49,9.11,2011.0,305.0,1.55,19.73,0.0,33.46,7.06,-1.45,3.37,3.04,2011.0,305.0,10.17333333333333,24.143999999999995,1.972,51.97,14.878000000000002,3.5213333333333323,8.538,5.593999999999999,2011.0,2970.21,2007.83,1573.31,2877.34,776.7,2183.43,0.24
