,DOY,INSgdmax,RADmax,RAINmax,RHmax,TMAXmax,TMINmax,Tmax,WINDmax,YEAR,DOY,INSgdmin,RADmin,RAINmin,RHmin,TMAXmin,TMINmin,Tmin,WINDmin,YEAR,DOY,INSgdmean,RADmean,RAINmean,RHmean,TMAXmean,TMINmean,Tmean,WINDmean,YEAR,NDVI,EVI,RED,NIR,BLUE,MIR,pixrel
0,113.0,20.3708,28.4753,12.0144,88.1613,18.556,9.2591,12.559600000000001,9.8242,2011.0,113.0,5.7937,23.0247,0.0,60.84459999999999,3.8025,-3.4255,1.6652,1.7515999999999998,2011.0,113.0,12.530746666666667,26.123040000000003,2.967906666666667,72.66041333333335,12.711246666666664,1.5289666666666668,6.9596800000000005,5.860979999999999,2011.0,4171.53,1561.07,508.4,1351.6,234.49,857.29,7.65
1,129.0,28.9294,33.3947,20.9698,87.7306,28.3673,18.3411,23.2821,8.1195,2011.0,129.0,6.8503,20.7614,0.0,51.0479,11.718600000000002,-1.0174,5.702500000000001,2.6921,2011.0,129.0,20.045693333333332,27.591773333333332,3.6328466666666666,67.89603333333335,19.6789,7.996366666666667,13.711,5.561993333333334,2011.0,5105.77,2154.43,478.3,1612.95,238.42,856.64,5.11
2,145.0,29.453,33.7111,30.787599999999998,89.61280000000001,28.725399999999997,19.2079,23.618899999999996,8.7981,2011.0,145.0,6.5475,23.8102,0.0,54.6552,15.2437,6.1568000000000005,12.428799999999999,3.4536000000000002,2011.0,145.0,20.07562,29.892106666666663,4.17816,72.25392000000001,22.73343333333333,12.325153333333333,17.48284,5.81068,2011.0,6628.56,3566.85,407.83,2328.51,217.53,722.12,2.57
3,161.0,28.777,34.2061,15.180100000000001,90.34949999999999,32.9788,21.157899999999998,27.1351,7.7262,2011.0,161.0,9.3568,28.640200000000004,0.0,56.43710000000001,20.1757,10.538,16.1373,3.0371999999999995,2011.0,161.0,21.35806,31.78914,3.3773533333333337,71.86248,26.414520000000003,15.43086666666667,20.875259999999997,5.116586666666667,2011.0,7440.62,4620.17,374.56,2927.05,218.16,632.73,1.1
4,177.0,28.741100000000003,36.1622,17.6611,92.2876,34.395399999999995,24.0635,29.1222,7.0615000000000006,2011.0,177.0,10.398800000000001,27.9328,0.0,65.9032,19.763599999999997,12.0639,15.9239,2.4868,2011.0,177.0,21.931193333333333,32.59684,4.264433333333333,77.81413333333332,26.42395333333333,16.896739999999998,21.682526666666664,4.9502,2011.0,7600.04,4495.2,317.62,2749.33,185.59,552.79,0.03
5,193.0,28.360599999999998,37.2175,15.750200000000001,91.1284,33.4991,25.976399999999998,30.306800000000003,5.2354,2011.0,193.0,9.2192,31.485999999999997,0.0,66.6686,25.4517,15.9347,20.6124,1.2080000000000002,2011.0,193.0,22.503046666666666,34.895313333333334,4.309666666666667,78.60675333333333,29.05359333333334,20.956513333333326,25.020919999999997,3.5485466666666663,2011.0,7796.86,4635.84,258.21,2799.29,140.68,506.34,5.11
6,209.0,26.8517,38.1074,16.4713,93.5018,32.23780000000001,24.596300000000003,27.9858,5.753,2011.0,209.0,11.011299999999999,29.909299999999998,0.0,68.8188,27.4401,17.2148,23.158600000000003,1.9721000000000002,2011.0,209.0,19.989839999999997,34.713499999999996,3.273166666666667,81.03032666666667,29.555659999999992,21.444340000000004,25.61344,3.1790133333333337,2011.0,7726.7,4587.4,253.46,2783.71,131.04,517.1,7.65
7,225.0,25.358599999999996,35.9966,5.652699999999999,86.61439999999999,28.321399999999997,21.5661,24.811700000000002,5.6873,2011.0,225.0,16.9085,28.0177,0.0,61.015100000000004,23.9409,13.610599999999998,19.302999999999997,1.7616,2011.0,225.0,21.805926666666668,31.499806666666668,1.1885133333333333,72.68360666666668,26.387693333333335,17.021873333333332,21.726233333333333,3.398199999999999,2011.0,7368.45,4116.0,296.76,2538.91,150.06,557.15,7.65
8,241.0,24.12,36.4414,13.4263,92.4052,33.7105,22.3011,26.952599999999997,6.2940000000000005,2011.0,241.0,4.925000000000001,25.1136,0.0,57.276399999999995,20.503,8.168700000000001,14.995899999999999,1.9804,2011.0,241.0,17.653439999999996,31.293346666666665,2.6114133333333336,72.31291333333334,26.926906666666667,15.984773333333333,21.444733333333325,3.714433333333334,2011.0,7092.24,3694.43,339.47,2287.24,182.98,588.1,2.57
9,257.0,21.627200000000002,31.8452,8.6814,86.1739,31.1393,16.6618,23.572200000000002,8.0253,2011.0,257.0,4.9489,23.845699999999997,0.0,42.401199999999996,15.0576,1.6831999999999998,8.860800000000001,1.3515,2011.0,257.0,16.665620000000004,28.59206,1.0623933333333333,61.49051333333334,22.13318666666667,10.789986666666668,16.38970666666667,4.174826666666666,2011.0,6363.01,3022.23,372.92,1991.43,176.55,621.62,7.65
10,273.0,17.8072,32.036,3.9984,78.4204,28.2643,16.1745,21.646800000000002,9.4342,2011.0,273.0,7.1867,21.8961,0.0,36.22539999999999,17.954,2.548,10.2272,1.658,2011.0,273.0,14.9221,26.99721333333333,0.5864266666666667,55.969693333333325,22.587366666666668,9.35638,15.487853333333334,4.771766666666666,2011.0,5216.28,2379.45,506.7,1797.37,247.24,745.64,7.67
11,289.0,14.484399999999999,31.0,3.9941000000000004,79.72449999999999,26.9049,14.686399999999999,20.1801,7.762700000000001,2011.0,289.0,4.9972,20.324199999999998,0.0,42.8652,9.5933,-0.24070000000000003,4.4871,2.4092,2011.0,289.0,11.204813333333332,25.690786666666668,0.6088,58.20652666666666,17.46646666666667,6.5796866666666665,11.329699999999999,5.265733333333333,2011.0,4512.25,1878.31,535.88,1556.84,250.7,905.31,7.65
12,305.0,12.1194,28.6769,12.8239,80.739,21.1825,8.2011,13.368400000000001,9.0819,2011.0,305.0,2.344,19.933,0.0,39.612100000000005,7.264500000000001,-1.3446000000000002,3.9335999999999998,3.0155000000000003,2011.0,305.0,9.400733333333333,24.12724666666667,2.3072733333333337,58.74124,12.854253333333332,1.9265,6.75274,5.234053333333334,2011.0,4434.02,1892.93,579.95,1627.92,263.18,1069.1,7.71
