,DOY,INSgdmax,RADmax,RAINmax,RHmax,TMAXmax,TMINmax,Tmax,WINDmax,YEAR,DOY,INSgdmin,RADmin,RAINmin,RHmin,TMAXmin,TMINmin,Tmin,WINDmin,YEAR,DOY,INSgdmean,RADmean,RAINmean,RHmean,TMAXmean,TMINmean,Tmean,WINDmean,YEAR,NDVI,EVI,RED,NIR,BLUE,MIR,pixrel
0,113.0,24.262,29.2387,18.5996,90.5823,21.4166,11.5514,15.046199999999999,9.707500000000001,2011.0,113.0,4.9023,24.6973,0.0,58.523599999999995,8.5815,-2.4360999999999997,4.452,2.3689,2011.0,113.0,13.486246666666666,27.25922666666667,3.00544,70.42797333333334,15.579573333333336,3.71558,9.357386666666667,5.684373333333334,2011.0,2844.79,1133.83,858.67,1429.24,731.2,518.56,3.3
1,129.0,29.3107,33.95,16.7922,88.0074,30.781,20.3259,24.5721,7.266800000000001,2011.0,129.0,6.9122,20.7077,0.0,45.05970000000001,13.9913,-0.4648,7.1776,3.494,2011.0,129.0,21.642226666666666,27.720413333333333,2.8515533333333334,66.00183333333334,21.078833333333336,9.758873333333334,15.21264,5.371160000000001,2011.0,3008.84,927.15,172.69,878.29,43.21,307.71,40.85
2,145.0,29.1116,33.509299999999996,24.754099999999998,89.9713,30.227800000000002,20.192,24.9382,9.224400000000001,2011.0,145.0,9.0495,24.747500000000002,0.0,51.228100000000005,19.463600000000003,7.8915,14.126100000000001,2.8349,2011.0,145.0,19.919819999999998,30.8455,5.531546666666666,70.33195333333335,24.78926,13.703386666666667,19.226013333333334,5.270926666666666,2011.0,4187.96,1793.97,304.3,1301.7,210.37,379.52,15.67
3,161.0,28.4504,35.3941,16.6829,91.29849999999999,34.5564,23.1434,28.2181,7.558,2011.0,161.0,4.524100000000001,29.776000000000003,0.0,58.3441,23.5811,12.8364,18.3107,2.3944,2011.0,161.0,19.981253333333335,33.30862666666666,5.2971,72.04597333333334,28.641213333333333,18.15721333333333,23.248133333333335,4.923053333333334,2011.0,5487.6,2460.77,175.14,1535.79,108.92,181.47,21.08
4,177.0,29.537499999999998,35.4964,26.7147,88.5328,37.0634,24.570500000000003,30.3932,8.049,2011.0,177.0,7.4192,28.237499999999997,0.0,55.4961,20.596000000000004,12.9567,17.9994,2.3626,2011.0,177.0,22.049899999999997,33.4767,5.043140000000001,71.90996666666666,28.722733333333338,18.631413333333334,23.505713333333336,5.192193333333333,2011.0,5181.49,2607.98,235.07,1673.29,162.58,309.16,15.41
5,193.0,27.358400000000003,37.6614,9.3804,85.5142,36.303000000000004,27.2808,32.480399999999996,5.1093,2011.0,193.0,12.389800000000001,33.0359,0.0,52.532799999999995,28.7644,19.0967,24.5021,1.5270000000000001,2011.0,193.0,22.17238,35.955253333333324,2.887893333333333,67.92902,32.226393333333334,22.54290666666666,27.333673333333333,3.5200400000000003,2011.0,4914.34,2476.72,257.59,1593.12,183.59,282.87,12.84
6,209.0,26.2091,39.5368,14.053700000000001,79.3108,39.7293,26.127900000000004,30.662,6.027799999999999,2011.0,209.0,11.730599999999999,34.115899999999996,0.0,58.85809999999999,30.5162,21.159,26.601999999999997,1.9601000000000002,2011.0,209.0,21.392293333333335,36.5117,4.059073333333333,69.36832,33.97077333333333,23.85341333333333,28.58190666666667,3.3179799999999995,2011.0,5284.34,2451.34,138.62,1531.22,67.42,210.47,20.5
7,225.0,25.9634,37.0316,12.4596,81.1842,32.7401,23.352800000000002,26.663200000000003,5.6738,2011.0,225.0,18.8725,29.883399999999998,0.0,46.1215,24.358399999999996,16.1434,20.95,1.4742,2011.0,225.0,23.121699999999997,32.78975333333334,2.288526666666667,63.37286666666667,30.213706666666667,18.979799999999997,24.25214666666667,3.2316200000000004,2011.0,5204.06,2345.17,197.05,1488.66,113.38,285.43,15.47
8,241.0,24.325200000000002,36.797,10.261800000000001,83.5403,38.7046,23.552599999999998,30.2518,6.657299999999999,2011.0,241.0,4.8506,24.9611,0.0,45.219899999999996,23.591499999999996,9.787300000000002,16.753,1.8797,2011.0,241.0,18.34902,32.403053333333325,2.4313866666666666,60.742606666666674,31.229066666666668,18.010486666666672,24.38810666666667,3.9484733333333333,2011.0,4672.28,1984.92,181.04,1261.03,104.59,187.56,15.46
9,257.0,22.3607,32.2762,12.0964,91.61019999999999,33.487199999999994,16.546599999999998,25.0978,6.4167000000000005,2011.0,257.0,5.1015999999999995,24.1079,0.0,40.62480000000001,15.8504,3.8727,10.3543,2.404,2011.0,257.0,17.06492,28.95357333333333,1.2129333333333332,56.99184666666666,24.675240000000002,11.777559999999998,18.00914,4.173426666666667,2011.0,4782.33,1704.98,166.48,1128.28,75.09,193.68,20.43
10,273.0,18.32,31.6249,3.9161,72.9084,29.8628,16.6841,22.6944,8.4328,2011.0,273.0,7.5739,22.6282,0.0,32.93129999999999,19.2192,4.6094,12.2083,2.0075000000000003,2011.0,273.0,15.33848,26.95307333333333,0.6783800000000001,51.79796666666667,24.293453333333332,9.821953333333333,16.41616666666667,4.3026,2011.0,3876.2,1474.34,360.53,1173.67,268.28,312.66,15.58
11,289.0,15.8891,31.0343,13.4925,85.1225,28.3465,15.0002,21.0411,7.5451999999999995,2011.0,289.0,5.052099999999999,21.4976,0.0,45.3965,10.540700000000001,0.7326999999999999,5.7826,2.4403,2011.0,289.0,11.339573333333334,26.498713333333335,2.1895,56.889633333333336,18.975286666666666,8.011193333333335,12.723580000000002,4.847126666666668,2011.0,3726.16,1186.05,199.68,941.86,87.86,293.16,28.29
12,305.0,12.5307,30.054999999999996,31.4673,82.74369999999999,26.182299999999998,12.892900000000001,18.5932,7.8153,2011.0,305.0,1.7311,21.024700000000003,0.0,35.909400000000005,8.9256,-1.1229,4.5241,3.0282,2011.0,305.0,9.59616,25.158873333333332,3.9155800000000003,57.87175333333333,15.393420000000003,3.8472533333333336,8.866033333333332,5.475933333333333,2011.0,3569.68,775.41,35.71,694.51,-46.96,129.76,51.68
