,DOY,INSgdmax,RADmax,RAINmax,RHmax,TMAXmax,TMINmax,Tmax,WINDmax,YEAR,DOY,INSgdmin,RADmin,RAINmin,RHmin,TMAXmin,TMINmin,Tmin,WINDmin,YEAR,DOY,INSgdmean,RADmean,RAINmean,RHmean,TMAXmean,TMINmean,Tmean,WINDmean,YEAR,NDVI,EVI,RED,NIR,BLUE,MIR,pixrel
0,113.0,25.3994,28.868199999999998,13.9576,83.5086,21.8848,6.52,14.3114,9.241600000000002,2011.0,113.0,5.958,22.912599999999998,0.0,55.090399999999995,5.9803999999999995,-5.4948,0.6123999999999999,2.0195999999999996,2011.0,113.0,13.842999999999998,26.23158666666667,2.6949999999999994,69.49530666666668,13.610786666666666,1.4087733333333332,7.202213333333333,5.802360000000001,2011.0,3416.31,1801.75,917.92,1942.32,477.63,1647.87,0.16
1,129.0,29.037399999999998,31.61,26.6894,81.59979999999999,30.208399999999997,16.394399999999997,22.636200000000002,8.7168,2011.0,129.0,11.1118,20.327799999999996,0.0,43.043600000000005,13.407800000000002,-1.2082,6.2292000000000005,2.7640000000000002,2011.0,129.0,22.872880000000002,27.071519999999996,2.6793733333333334,57.14946666666666,20.902426666666667,6.954773333333334,13.84508,5.754759999999999,2011.0,4207.84,2418.54,876.04,2278.38,458.1,1882.06,0.0
2,145.0,29.2628,33.6998,33.3998,85.7844,28.412399999999998,16.2822,22.796999999999997,8.966600000000001,2011.0,145.0,9.005,25.2706,0.0,44.735,15.301,6.828,12.9206,3.8223999999999996,2011.0,145.0,20.019013333333334,29.931986666666667,6.262853333333333,69.27156000000002,22.460239999999995,11.609253333333335,17.049480000000003,5.869013333333334,2011.0,4985.54,2861.33,756.58,2380.74,395.01,1703.91,0.08
3,161.0,29.037399999999998,34.495200000000004,18.025,86.7164,34.5284,21.1488,27.351,7.0044,2011.0,161.0,4.118,28.182399999999998,0.0,47.53,21.881,10.7074,15.434800000000001,2.9824,2011.0,161.0,21.984759999999998,31.385626666666667,3.5838933333333336,65.62808,26.833173333333338,15.482733333333332,20.933653333333336,4.780533333333334,2011.0,6268.52,3683.99,530.71,2586.93,278.43,1159.55,0.22
4,177.0,28.672599999999996,35.4028,12.988,93.6836,34.452999999999996,22.089199999999998,28.085600000000003,8.7102,2011.0,177.0,9.975999999999999,28.5152,0.0,62.164,17.8004,12.3792,15.6018,2.6302,2011.0,177.0,22.672133333333335,32.27424,3.8910666666666667,76.05352000000002,26.528440000000003,16.521573333333336,21.502773333333337,5.038026666666667,2011.0,7191.09,4968.3,539.33,3457.84,283.38,1150.68,0.06
5,193.0,28.607,37.33519999999999,12.459,93.70460000000001,35.964999999999996,26.318999999999996,31.946599999999997,5.5578,2011.0,193.0,11.471,31.6354,0.0,61.4328,24.663600000000002,16.02,21.3096,1.9884,2011.0,193.0,22.879666666666672,35.08590666666667,3.703613333333333,76.33941333333334,30.073439999999998,21.498399999999997,25.743306666666665,3.7150933333333334,2011.0,7448.11,5148.16,500.41,3507.93,259.04,950.01,0.02
6,209.0,26.954600000000003,37.4152,15.2088,91.30980000000001,34.8712,24.4846,28.8836,5.7806,2011.0,209.0,10.9652,29.730200000000004,0.0,55.18599999999999,29.095599999999997,16.3814,23.4088,1.3606,2011.0,209.0,22.15754666666666,34.39221333333333,2.5712,73.80618666666665,31.004213333333333,21.197920000000003,26.08721333333333,3.488053333333334,2011.0,7428.34,5169.15,507.65,3533.57,266.03,1020.73,0.0
7,225.0,25.059200000000004,34.7656,4.791,80.9942,30.9408,20.668200000000002,24.5258,5.8435999999999995,2011.0,225.0,11.5756,29.159800000000004,0.0,48.449200000000005,26.919800000000002,13.4914,20.9714,1.4991999999999999,2011.0,225.0,21.61344,31.91452,1.1022933333333333,62.923186666666666,28.689640000000004,17.209586666666667,22.83489333333333,3.7987200000000003,2011.0,7101.21,4809.26,558.84,3357.56,292.84,993.13,0.01
8,241.0,24.132600000000004,35.300200000000004,8.5656,80.3572,37.9796,20.5028,28.606799999999996,5.8675999999999995,2011.0,241.0,9.113,24.757399999999997,0.0,40.17719999999999,23.1296,9.6634,16.8294,2.8092,2011.0,241.0,18.7238,31.677239999999998,1.3535466666666667,58.66034666666667,29.626946666666665,16.666146666666666,22.999239999999997,4.0936,2011.0,5971.57,3627.96,676.74,2734.54,346.9,1216.3,0.0
9,257.0,21.53,32.1098,1.9602,75.1162,35.06679999999999,18.144,25.154,9.687999999999999,2011.0,257.0,7.158999999999999,24.395000000000003,0.0,35.1088,13.2482,3.4370000000000003,8.576,1.9593999999999998,2011.0,257.0,16.619146666666666,28.93568,0.44991999999999993,50.96773333333333,24.414626666666667,11.442266666666669,17.589599999999997,4.618693333333334,2011.0,5033.45,2911.83,810.69,2468.76,405.62,1448.12,0.06
10,273.0,18.3022,34.455200000000005,4.4096,57.507799999999996,30.7136,20.326,22.6372,10.083,2011.0,273.0,8.4476,23.0852,0.0,31.1584,20.960200000000004,4.862399999999999,12.780400000000002,1.8519999999999999,2011.0,273.0,16.34069333333333,26.793599999999998,0.35738666666666674,43.84429333333333,25.395639999999993,10.403733333333333,17.31948,5.422960000000001,2011.0,4097.18,2431.66,1008.09,2431.88,517.63,1665.24,0.0
11,289.0,14.6956,32.5336,2.1966,69.12320000000001,25.654000000000003,17.4228,20.733800000000002,7.6922,2011.0,289.0,7.479199999999999,20.1672,0.0,42.386399999999995,9.8696,-2.0888000000000004,3.2648,2.4118,2011.0,289.0,12.48508,25.46173333333333,0.4491866666666666,54.13968,17.977893333333334,6.589066666666667,11.522399999999998,4.781933333333333,2011.0,3579.55,1975.69,998.88,2134.87,517.87,1729.28,0.11
12,305.0,12.362,26.4024,6.2424,64.7194,15.980799999999999,7.083799999999999,10.6216,10.0746,2011.0,305.0,6.496,19.0732,0.0,39.950599999999994,8.2426,-2.3202,3.5834,2.7604,2011.0,305.0,10.145439999999999,23.146493333333332,0.8582933333333335,49.84044,12.52236,1.7135466666666666,6.448493333333333,5.325586666666667,2011.0,3319.0,1860.39,1064.67,2139.43,540.91,1844.03,0.34
