,DOY,INSgdmax,RADmax,RAINmax,RHmax,TMAXmax,TMINmax,Tmax,WINDmax,YEAR,DOY,INSgdmin,RADmin,RAINmin,RHmin,TMAXmin,TMINmin,Tmin,WINDmin,YEAR,DOY,INSgdmean,RADmean,RAINmean,RHmean,TMAXmean,TMINmean,Tmean,WINDmean,YEAR,NDVI,EVI,RED,NIR,BLUE,MIR,pixrel
0,113.0,25.9364,29.275800000000004,22.061600000000002,91.87039999999999,19.419600000000003,8.841000000000001,13.7134,8.907399999999999,2011.0,113.0,5.1158,23.485,0.0,62.1058,6.6724,-1.8058,2.6926,1.9275999999999998,2011.0,113.0,13.790573333333333,26.7552,4.784066666666667,77.50605333333334,13.205133333333333,2.5514666666666663,7.636373333333333,5.634626666666666,2011.0,1115.88,-247.64,-169.12,454.94,-313.92,85.57,122.41
1,129.0,28.942600000000002,33.196999999999996,15.961799999999997,91.7476,27.446400000000004,19.3106,22.998,7.7892,2011.0,129.0,5.924799999999999,20.886199999999995,0.0,56.7972,10.6486,-0.8388,5.0336,2.6826,2011.0,129.0,18.258786666666666,27.738920000000004,3.8599999999999994,73.72885333333335,19.329053333333334,8.154426666666668,13.668066666666668,5.034106666666668,2011.0,1253.01,-8.4,-107.78,615.41,-265.01,222.02,114.77
2,145.0,28.642400000000002,33.135,14.978,89.1814,29.0308,18.522199999999998,23.772199999999998,7.5618,2011.0,145.0,6.4822,25.7458,0.0,58.116,16.139400000000002,5.3420000000000005,12.167,3.0158,2011.0,145.0,19.195866666666667,30.3112,3.6978533333333337,76.33033333333331,23.009613333333334,12.352213333333331,17.765080000000005,5.23544,2011.0,2836.52,972.35,-197.52,962.65,-257.0,-52.33,104.67
3,161.0,28.793,34.3316,20.5236,87.90740000000001,31.508200000000002,21.9448,26.3842,6.6259999999999994,2011.0,161.0,9.4322,29.3246,0.0,67.3598,21.184199999999997,10.388399999999999,16.167599999999997,2.7548000000000004,2011.0,161.0,21.930813333333333,32.41897333333334,5.4337599999999995,77.30519999999999,26.483106666666664,16.130093333333335,21.275866666666666,4.76468,2011.0,3123.07,1276.33,-252.47,1086.18,-305.27,-126.44,104.57
4,177.0,28.9628,35.9234,24.212799999999998,91.7218,30.1664,24.481199999999994,27.287200000000002,6.5771999999999995,2011.0,177.0,11.566399999999998,27.680799999999998,0.0,68.9156,18.806,13.203199999999999,16.8908,2.5076000000000005,2011.0,177.0,21.626546666666663,32.82913333333333,5.743626666666667,81.02392,26.06024,17.85784,21.94661333333333,4.633186666666668,2011.0,3188.42,1672.06,-306.84,1383.92,-361.1,-164.46,114.77
5,193.0,27.506999999999998,37.6966,10.9536,96.6712,32.654199999999996,26.206400000000002,29.9608,4.6530000000000005,2011.0,193.0,12.997400000000003,32.0176,0.0,68.4064,25.686600000000002,15.087399999999999,21.5084,1.332,2011.0,193.0,21.956973333333334,34.7064,3.3195600000000005,79.28151999999999,29.110559999999996,20.977586666666664,25.1136,3.227706666666667,2011.0,3530.36,1949.21,476.22,1998.59,422.84,456.76,69.34
6,209.0,27.415399999999998,38.5354,18.6274,91.43339999999999,33.2156,24.93,28.359,5.3218,2011.0,209.0,9.5752,31.61,0.0,68.0758,29.0946,18.19,24.6798,1.5684,2011.0,209.0,20.660799999999995,35.21845333333333,3.973,81.55690666666666,30.487400000000004,22.492853333333336,26.465173333333333,2.8234533333333336,2011.0,3359.22,1654.18,-210.71,1333.26,-249.2,-88.87,99.86
7,225.0,25.4746,35.4608,8.7926,82.71,30.559399999999997,22.762800000000002,26.145799999999998,5.595599999999999,2011.0,225.0,8.169,28.097199999999997,0.0,54.0498,25.0506,13.876999999999999,19.679000000000002,1.2776,2011.0,225.0,21.79993333333333,31.353546666666663,1.6263866666666669,68.51422666666666,27.73490666666666,17.79432,22.62458666666666,2.866733333333334,2011.0,3036.47,1447.87,-311.67,1244.25,-366.93,-161.8,117.32
8,241.0,23.845399999999998,36.8534,37.656800000000004,90.5096,37.342,23.343000000000004,28.615400000000005,6.6998,2011.0,241.0,3.1732000000000005,25.292400000000004,0.0,54.97259999999999,20.660800000000002,8.8408,14.843,1.575,2011.0,241.0,18.632506666666664,31.822813333333336,3.8125866666666663,68.55162666666668,28.650760000000002,17.152893333333335,22.76646666666667,3.7481066666666663,2011.0,3065.52,1177.83,-302.34,1030.67,-350.87,-166.0,112.25
9,257.0,22.2646,32.523199999999996,9.0278,80.0568,31.788,16.576,24.2362,6.5756,2011.0,257.0,5.0396,23.1034,0.0,44.549600000000005,15.2116,2.6050000000000004,10.2094,1.8818,2011.0,257.0,17.086573333333334,28.45029333333333,1.5546,61.11815999999999,23.32409333333333,11.247173333333333,17.17937333333333,4.099173333333334,2011.0,2693.8,707.57,-298.09,784.93,-361.45,-189.17,117.32
10,273.0,17.96,29.3096,8.6248,96.4062,28.483800000000002,15.267999999999999,21.1748,7.711600000000001,2011.0,273.0,5.0608,21.739999999999995,0.0,47.7008,16.1652,1.8604,9.5826,1.5014,2011.0,273.0,13.726386666666668,26.699920000000002,0.7865733333333335,64.44308000000001,21.15268,8.256853333333332,14.193920000000002,4.068146666666666,2011.0,2667.79,744.39,52.13,839.36,-22.2,128.33,66.85
11,289.0,15.597999999999999,31.218400000000003,7.7614,93.57499999999999,26.9206,15.043,19.3592,7.8502,2011.0,289.0,3.8856,21.8816,0.0,45.8584,10.3462,0.11720000000000003,6.4402,2.7612,2011.0,289.0,11.41334666666667,26.237266666666667,1.9635600000000002,63.10022666666666,17.69290666666667,7.349693333333334,11.925866666666666,4.929586666666667,2011.0,1836.72,-118.77,-252.69,351.7,-336.72,-78.71,114.78
12,305.0,12.56,30.6946,13.665000000000001,85.16380000000001,24.340199999999996,9.238,15.867999999999999,7.6464,2011.0,305.0,2.2604,20.3312,0.0,43.519200000000005,5.988,-1.3048,3.2318,2.193,2011.0,305.0,8.620706666666667,25.353199999999994,3.2656933333333336,67.44210666666667,13.629546666666664,2.693493333333333,7.552880000000001,4.893573333333332,2011.0,1515.85,-228.66,-250.06,334.34,-342.81,-50.04,119.88
