,DOY,INSgdmax,RADmax,RAINmax,RHmax,TMAXmax,TMINmax,Tmax,WINDmax,YEAR,DOY,INSgdmin,RADmin,RAINmin,RHmin,TMAXmin,TMINmin,Tmin,WINDmin,YEAR,DOY,INSgdmean,RADmean,RAINmean,RHmean,TMAXmean,TMINmean,Tmean,WINDmean,YEAR,NDVI,EVI,RED,NIR,BLUE,MIR,pixrel
0,113.0,25.2045,29.326500000000003,19.775,90.929,22.4795,11.8935,15.573,9.3835,2011.0,113.0,5.1875,24.978499999999997,0.0,57.679,9.6625,-1.9695,5.1855,2.6285,2011.0,113.0,14.378999999999998,27.32673333333333,2.7929,69.47586666666668,16.183966666666667,4.124333333333333,9.9017,5.654833333333334,2011.0,5897.09,3872.58,783.05,3042.5,419.04,1502.18,0.01
1,129.0,29.280500000000004,34.051500000000004,17.2015,87.281,31.308500000000002,20.307000000000002,24.875999999999998,7.4944999999999995,2011.0,129.0,7.8085,20.616,0.0,44.3875,13.7905,-0.1455,7.727,3.5004999999999997,2011.0,129.0,21.794866666666667,27.737700000000004,3.0180000000000002,65.1254,21.356066666666667,10.046,15.514733333333336,5.391466666666667,2011.0,6850.18,4756.08,614.3,3393.35,335.26,1093.79,0.0
2,145.0,29.167,33.7005,24.9435,91.699,30.1625,20.557,25.0495,9.497499999999999,2011.0,145.0,8.4325,25.484,0.0,50.659,19.752,8.0605,14.415500000000002,2.878,2011.0,145.0,19.831266666666668,31.071199999999997,5.0082,70.53266666666669,24.979,14.029400000000003,19.4459,5.268933333333333,2011.0,7334.32,5470.5,590.82,3858.06,326.95,1217.95,0.03
3,161.0,28.5535,35.4585,14.2955,91.061,35.3485,23.168,28.589,7.6259999999999994,2011.0,161.0,5.653500000000001,29.5325,0.0,57.2645,24.4125,13.311,19.081000000000003,2.455,2011.0,161.0,20.368033333333333,33.422066666666666,4.490933333333333,70.9175,29.252966666666673,18.669633333333334,23.781099999999995,4.940433333333333,2011.0,7720.27,5662.24,486.35,3811.9,272.74,1033.5,0.02
4,177.0,29.6545,35.803,29.1475,87.825,37.589,24.497,30.569499999999998,8.2335,2011.0,177.0,7.6975,28.382499999999997,0.0,54.471999999999994,21.567,13.41,18.575,2.4925,2011.0,177.0,21.999466666666667,33.66636666666666,5.472766666666667,71.3777,29.1776,18.8418,23.81686666666667,5.221333333333333,2011.0,8005.31,6017.6,440.98,4003.34,250.47,884.92,0.66
5,193.0,27.445500000000003,37.695499999999996,8.748999999999999,84.629,36.154500000000006,27.4065,32.408500000000004,5.0205,2011.0,193.0,13.896999999999998,32.9995,0.0,52.9855,28.944,19.3855,25.089499999999997,1.35,2011.0,193.0,22.705433333333335,36.03933333333333,2.7686666666666664,67.52143333333333,32.6007,22.818299999999997,27.62663333333333,3.460600000000001,2011.0,7918.99,5772.86,438.62,3812.77,246.53,939.35,0.0
6,209.0,26.511000000000003,39.316500000000005,14.051499999999997,80.8315,40.001,26.3585,31.153,6.032500000000001,2011.0,209.0,10.277000000000001,33.953500000000005,0.0,58.9305,29.853,21.816,26.128,2.018,2011.0,209.0,21.858933333333333,36.68646666666666,3.855033333333333,69.27386666666666,33.99256666666667,24.139333333333333,28.7347,3.4135333333333335,2011.0,7647.46,5208.89,449.31,3424.99,249.07,960.54,0.0
7,225.0,25.967,36.810500000000005,13.5,84.1505,32.70700000000001,23.6625,26.712000000000003,5.504,2011.0,225.0,16.4025,30.090000000000003,0.0,46.978,25.073,16.4375,21.216,1.6840000000000002,2011.0,225.0,22.889633333333336,33.040000000000006,2.9726999999999997,64.71183333333332,30.281333333333333,19.306266666666666,24.44976666666667,3.2036,2011.0,7802.6,5440.84,427.69,3556.48,239.79,898.62,0.0
8,241.0,24.427500000000002,36.658500000000004,10.473,83.07149999999999,38.854,23.895999999999997,30.535999999999998,6.69,2011.0,241.0,6.413500000000001,25.062,0.0,43.297,23.921499999999998,10.078999999999999,17.021,1.9185000000000003,2011.0,241.0,18.60803333333333,32.58756666666667,2.4274666666666667,59.67713333333333,31.61636666666667,18.378133333333338,24.755333333333333,3.979733333333334,2011.0,7381.68,4904.74,485.68,3271.04,269.56,952.65,0.0
9,257.0,22.432,32.333999999999996,15.2395,91.8545,33.6185,17.012,25.039499999999997,6.191,2011.0,257.0,5.234,24.4435,0.0,39.7885,15.552,4.609999999999999,10.486500000000001,2.2565,2011.0,257.0,16.931033333333332,29.159466666666667,1.5534333333333334,56.59813333333333,24.88856666666667,11.983666666666664,18.212366666666664,4.113166666666667,2011.0,6784.62,4249.52,554.85,2939.27,302.76,1007.52,0.0
10,273.0,18.726,31.953999999999997,2.9895,66.1705,30.211,16.9795,22.951,8.521,2011.0,273.0,10.272,22.8305,0.0,32.599,20.0585,5.2505,12.7205,2.142,2011.0,273.0,15.8217,26.98373333333333,0.582,48.891733333333335,24.994533333333337,10.041766666666668,16.904733333333336,4.3249666666666675,2011.0,5550.31,3251.46,736.8,2574.24,382.3,1303.99,0.0
11,289.0,15.919,30.8515,14.472000000000001,83.9685,28.4635,15.4135,21.338,7.4655,2011.0,289.0,5.3605,20.887,0.0,41.7145,10.7135,0.603,5.728,2.3245000000000005,2011.0,289.0,11.568133333333334,26.515599999999996,2.2425333333333333,55.07166666666667,19.382866666666665,8.166966666666667,13.009966666666667,4.8108666666666675,2011.0,4633.61,2769.39,951.48,2570.12,487.79,1509.61,0.0
12,305.0,12.756,29.963499999999996,37.754000000000005,82.98400000000001,26.779000000000003,13.496,19.076,8.2205,2011.0,305.0,1.9395,21.154,0.0,34.803000000000004,8.991,-1.165,4.843,3.0940000000000003,2011.0,305.0,9.987766666666666,25.105866666666664,4.062900000000001,56.861533333333334,15.812933333333334,4.161933333333334,9.228699999999998,5.540133333333333,2011.0,4239.6,2522.59,1031.64,2521.3,521.56,1664.98,0.06
