,DOY,INSgdmax,RADmax,RAINmax,RHmax,TMAXmax,TMINmax,Tmax,WINDmax,YEAR,DOY,INSgdmin,RADmin,RAINmin,RHmin,TMAXmin,TMINmin,Tmin,WINDmin,YEAR,DOY,INSgdmean,RADmean,RAINmean,RHmean,TMAXmean,TMINmean,Tmean,WINDmean,YEAR,NDVI,EVI,RED,NIR,BLUE,MIR,pixrel
0,113.0,24.08,28.8,19.94,91.34,18.78,9.27,13.3,9.43,2011.0,113.0,4.25,23.29,0.0,62.02,5.83,-2.5,2.56,1.99,2011.0,113.0,12.93933333333333,26.853999999999996,3.538666666666666,75.79733333333334,13.327333333333334,2.348666666666667,7.635333333333333,5.700666666666667,2011.0,4597.69,2176.13,674.76,1835.14,348.64,1255.46,0.0
1,129.0,29.2,33.08,13.77,91.03,27.54,19.49,22.92,7.68,2011.0,129.0,3.46,20.66,0.0,55.05,10.75,-1.26,4.94,2.94,2011.0,129.0,18.684666666666665,27.805999999999997,2.8459999999999996,72.15533333333333,19.609333333333332,8.186666666666666,13.800666666666665,5.178666666666668,2011.0,5038.07,2444.31,636.87,1943.34,331.66,1253.73,0.0
2,145.0,28.58,32.94,17.24,89.08,29.14,18.53,23.78,7.71,2011.0,145.0,7.27,25.27,0.0,58.35,16.74,6.59,12.44,3.32,2011.0,145.0,19.580666666666666,30.227999999999998,4.997333333333334,75.01733333333333,23.171333333333333,12.433333333333332,17.854,5.354,2011.0,7697.72,4239.15,315.56,2550.62,183.22,615.77,0.0
3,161.0,28.91,34.16,23.94,87.65,31.75,21.82,26.47,6.86,2011.0,161.0,9.83,29.27,0.0,65.09,20.49,10.56,16.23,3.02,2011.0,161.0,21.619333333333337,32.49333333333333,6.168000000000001,76.33799999999998,26.562666666666658,16.175333333333334,21.32266666666667,4.864,2011.0,7867.19,4666.85,311.61,2820.29,184.82,562.55,0.21
4,177.0,28.76,36.29,25.57,90.31,31.43,24.45,27.88,6.78,2011.0,177.0,9.32,27.79,0.0,68.12,18.65,12.47,16.61,2.57,2011.0,177.0,21.590666666666667,32.821333333333335,6.394666666666667,80.29800000000002,26.21,17.628,21.913333333333334,4.762666666666667,2011.0,8283.39,5405.34,280.45,3293.06,162.0,597.33,0.01
5,193.0,27.0,37.33,14.37,95.08,33.52,26.3,30.46,4.77,2011.0,193.0,12.74,32.08,0.0,66.55,26.1,15.61,21.68,1.41,2011.0,193.0,21.537333333333333,34.85199999999999,3.5780000000000003,78.15,29.30399999999999,21.018666666666665,25.280000000000005,3.330666666666667,2011.0,8325.32,5171.23,258.25,3087.25,150.41,548.84,0.04
6,209.0,27.47,38.59,22.27,90.63,33.2,24.93,27.93,5.47,2011.0,209.0,10.48,31.61,0.0,69.16,29.04,18.19,24.75,1.74,2011.0,209.0,20.743999999999996,35.26733333333333,4.453999999999999,80.40666666666667,30.593999999999998,22.375333333333334,26.495333333333335,2.833333333333334,2011.0,8331.17,5178.69,247.16,3086.78,144.23,524.49,0.15
7,225.0,25.42,35.96,6.32,83.1,30.77,22.56,26.45,5.58,2011.0,225.0,10.08,28.3,0.0,52.56,25.23,13.76,19.64,1.34,2011.0,225.0,22.13533333333333,31.616666666666664,1.3346666666666667,67.29066666666668,27.988666666666674,17.707999999999995,22.70466666666666,2.921333333333334,2011.0,8040.54,5183.54,324.58,3203.74,187.53,631.13,0.04
8,241.0,23.9,36.83,38.0,90.26,37.42,23.07,28.67,6.77,2011.0,241.0,2.05,24.84,0.0,55.62,20.77,8.95,14.96,1.77,2011.0,241.0,18.37666666666667,31.771333333333338,4.048666666666667,68.44866666666667,28.643999999999995,17.07333333333333,22.73266666666667,3.788666666666666,2011.0,7725.08,4323.92,308.59,2598.36,179.74,563.11,0.0
9,257.0,22.21,32.18,11.75,85.08,32.1,16.81,24.4,6.95,2011.0,257.0,5.18,23.08,0.0,43.13,15.43,2.41,10.03,2.03,2011.0,257.0,16.781333333333336,28.45133333333333,1.2660000000000002,61.01000000000001,23.083333333333336,11.199333333333332,17.035333333333334,4.155333333333334,2011.0,7433.12,3724.81,315.86,2237.3,176.51,527.48,0.0
10,273.0,17.96,29.45,8.89,95.4,28.71,15.58,21.44,7.93,2011.0,273.0,4.0,21.74,0.0,44.69,15.9,2.11,9.84,1.4,2011.0,273.0,13.564666666666664,26.701999999999998,0.7673333333333333,62.73799999999999,21.303999999999995,8.451333333333334,14.378000000000002,4.120666666666667,2011.0,5277.76,2452.23,568.56,1843.47,309.12,739.15,0.0
11,289.0,15.52,31.0,6.88,94.16,27.1,14.77,19.64,7.78,2011.0,289.0,5.04,22.1,0.0,45.25,10.12,-0.07,5.98,2.73,2011.0,289.0,11.616666666666669,26.28666666666667,1.6240000000000003,61.66866666666667,17.764666666666667,7.405333333333333,11.92066666666667,5.022666666666667,2011.0,5486.74,2062.32,409.6,1425.92,216.01,768.89,0.01
12,305.0,12.56,30.64,14.64,82.27,24.27,10.33,16.18,7.74,2011.0,305.0,1.73,20.3,0.0,41.46,6.69,-1.57,3.38,2.31,2011.0,305.0,8.970666666666666,25.4,3.3213333333333335,64.93466666666667,13.840666666666666,2.741333333333334,7.608000000000001,5.017333333333332,2011.0,5276.21,1999.78,434.98,1421.77,234.37,818.52,0.01
