,DOY,INSgdmax,RADmax,RAINmax,RHmax,TMAXmax,TMINmax,Tmax,WINDmax,YEAR,DOY,INSgdmin,RADmin,RAINmin,RHmin,TMAXmin,TMINmin,Tmin,WINDmin,YEAR,DOY,INSgdmean,RADmean,RAINmean,RHmean,TMAXmean,TMINmean,Tmean,WINDmean,YEAR,NDVI,EVI,RED,NIR,BLUE,MIR,pixrel
0,113.0,25.92,29.509999999999998,15.153199999999998,82.3548,23.838,9.577200000000001,15.261600000000001,9.274400000000002,2011.0,113.0,5.9976,24.211999999999996,0.0,54.2148,7.315199999999999,-2.2204,4.3995999999999995,2.1904,2011.0,113.0,14.409493333333335,27.092213333333333,3.025013333333333,68.27576,15.559093333333335,3.4576533333333335,9.236506666666665,5.904159999999999,2011.0,3735.76,2460.24,1311.79,2852.2,663.73,2598.65,0.29
1,129.0,29.199999999999996,34.7528,14.546800000000001,83.72479999999999,33.0816,20.0084,25.8596,8.750799999999998,2011.0,129.0,7.4268,20.3952,0.0,41.5988,15.4108,-0.1476,8.120000000000001,3.0827999999999998,2011.0,129.0,22.16096,27.608853333333336,2.6325866666666666,60.89242666666667,21.93634666666667,9.583466666666668,15.626506666666666,5.648293333333333,2011.0,4396.15,2940.61,1166.24,2977.58,593.73,2384.59,0.0
2,145.0,29.677599999999998,34.412800000000004,32.6944,91.178,29.7456,21.2132,24.855999999999998,10.214400000000001,2011.0,145.0,6.026400000000001,25.2624,0.0,48.6404,18.7656,7.880400000000001,14.3428,2.7892,2011.0,145.0,19.041626666666666,31.03232,6.858853333333334,69.22130666666666,24.63384,13.428906666666666,18.997386666666667,5.530346666666667,2011.0,4789.32,3192.98,1083.31,3026.96,554.26,2195.52,0.99
3,161.0,29.3928,34.9428,13.586400000000001,89.22719999999998,35.6648,23.179199999999998,29.0064,8.4424,2011.0,161.0,7.941599999999999,29.357599999999998,0.0,52.431200000000004,24.157600000000002,13.274000000000001,19.458399999999997,2.7847999999999997,2011.0,161.0,21.215786666666666,33.065866666666665,3.2651200000000005,66.58552000000002,29.438160000000003,18.07674666666667,23.505733333333332,5.07032,2011.0,6118.8,4366.91,839.74,3443.57,456.5,1558.26,1.31
4,177.0,29.522799999999997,35.9576,20.4028,87.0192,37.948,24.6352,31.093200000000003,8.4068,2011.0,177.0,8.4168,28.552400000000002,0.0,51.2668,20.6744,13.3828,17.84,2.4876,2011.0,177.0,22.234746666666666,33.40034666666666,4.58856,71.23181333333332,28.908320000000003,18.322986666666665,23.484853333333334,5.372026666666667,2011.0,7417.98,5444.15,561.62,3803.02,305.73,1235.54,0.03
5,193.0,28.122400000000003,37.778400000000005,12.418400000000002,87.33439999999999,37.2784,27.622799999999998,32.91,5.2756,2011.0,193.0,12.552,32.69799999999999,0.0,54.0948,28.8416,19.5828,25.010399999999997,1.448,2011.0,193.0,22.91298666666667,36.05896,3.1102133333333333,70.08792,32.05869333333333,22.739333333333335,27.273173333333332,3.5661066666666663,2011.0,8451.2,6624.14,355.59,4345.0,198.11,815.92,0.47
6,209.0,26.424799999999998,39.497600000000006,11.6888,82.7884,39.8108,25.791600000000003,31.889999999999997,5.758,2011.0,209.0,9.5688,33.812799999999996,0.0,53.7412,29.1476,21.1196,25.761200000000002,2.1468,2011.0,209.0,20.76696,36.48821333333333,3.77144,68.71832,33.66338666666667,23.678773333333332,28.29962666666667,3.3819733333333337,2011.0,8314.12,6326.43,364.99,4120.57,204.47,819.29,0.02
7,225.0,25.837600000000002,36.378,15.045199999999998,85.7992,32.8888,22.4088,26.0828,5.4744,2011.0,225.0,19.6856,30.4528,0.0,50.1544,27.0224,16.0584,21.607599999999998,1.9608,2011.0,225.0,23.566106666666666,33.01293333333333,3.9424,65.09725333333334,29.738400000000006,18.971946666666668,24.165173333333335,3.3710666666666667,2011.0,8332.48,6241.88,353.65,4024.42,200.82,740.03,0.0
8,241.0,24.3748,36.858,11.985199999999999,87.3396,39.0908,23.511200000000002,30.3256,6.1815999999999995,2011.0,241.0,6.535200000000001,25.052799999999998,0.0,43.032399999999996,23.9892,9.6692,17.053599999999996,2.0267999999999997,2011.0,241.0,18.30616,32.47490666666667,1.93336,59.371280000000006,31.22938666666667,17.84789333333333,24.459973333333327,3.7960800000000003,2011.0,7594.31,5336.77,480.23,3582.64,267.06,823.28,0.03
9,257.0,22.2148,32.4008,11.441199999999998,90.88839999999999,34.46719999999999,16.629199999999997,25.3936,6.5116,2011.0,257.0,4.72,25.2108,0.0,39.251999999999995,14.3448,4.6968000000000005,9.870800000000001,1.9528000000000003,2011.0,257.0,16.858373333333333,28.929493333333333,1.5921866666666666,54.54157333333333,24.778106666666666,11.922160000000002,18.156933333333335,4.029093333333332,2011.0,7020.93,4535.71,534.15,3112.82,288.77,838.39,0.0
10,273.0,19.470399999999998,33.23519999999999,1.6228,58.3564,30.7684,17.802400000000002,22.9012,9.522400000000001,2011.0,273.0,12.462399999999999,22.9152,0.0,32.9512,20.3556,5.251200000000001,12.9588,1.704,2011.0,273.0,16.79928,26.885626666666667,0.18706666666666666,45.822186666666674,25.27402666666667,10.166720000000002,17.197466666666667,4.79928,2011.0,4721.44,2903.56,964.63,2681.71,487.52,1488.87,0.0
11,289.0,15.475200000000001,30.7608,8.0972,76.4608,27.698800000000006,16.819599999999998,21.599999999999998,7.179600000000001,2011.0,289.0,4.9636,20.3896,0.0,41.1,10.094000000000001,-0.808,4.4208,2.0904000000000003,2011.0,289.0,11.844746666666666,26.305786666666663,1.3882133333333333,55.1544,18.63802666666667,7.603866666666667,12.419039999999999,4.700186666666666,2011.0,3831.06,2448.19,1242.71,2732.3,627.95,1840.26,0.27
12,305.0,13.032,28.1592,31.431599999999996,81.75559999999999,24.129600000000003,11.2952,17.721199999999996,8.858400000000001,2011.0,305.0,1.55,20.2196,0.0,35.5476,7.610799999999999,-1.4908000000000001,3.8188000000000004,3.1555999999999997,2011.0,305.0,10.237253333333333,24.203386666666667,2.7830133333333333,53.799653333333325,14.757413333333334,3.52088,8.452773333333331,5.634346666666667,2011.0,3245.88,2295.87,1494.57,2894.94,753.08,2029.11,1.41
