,DOY,INSgdmax,RADmax,RAINmax,RHmax,TMAXmax,TMINmax,Tmax,WINDmax,YEAR,DOY,INSgdmin,RADmin,RAINmin,RHmin,TMAXmin,TMINmin,Tmin,WINDmin,YEAR,DOY,INSgdmean,RADmean,RAINmean,RHmean,TMAXmean,TMINmean,Tmean,WINDmean,YEAR,NDVI,EVI,RED,NIR,BLUE,MIR,pixrel
0,113.0,25.751799999999996,30.541999999999994,25.9526,95.98599999999999,23.1412,12.562999999999999,16.698800000000002,8.3838,2011.0,113.0,5.9246,24.998,0.0,59.782399999999996,13.8446,-0.4368000000000001,7.0691999999999995,2.9495999999999998,2011.0,113.0,15.611400000000003,27.72644,3.06408,70.43942666666666,17.346946666666668,5.221533333333333,11.033306666666668,5.431666666666666,2011.0,5890.96,3730.06,748.93,2901.59,395.93,1415.22,0.01
1,129.0,29.4404,33.8188,10.253,89.26999999999998,29.6692,20.3044,24.418400000000002,7.553,2011.0,129.0,6.876399999999999,21.4636,0.0,49.1962,12.2864,0.2328,7.945400000000001,3.8840000000000003,2011.0,129.0,20.95004,28.003333333333334,2.6633600000000004,68.48338666666666,20.96953333333333,10.236146666666667,15.573319999999999,5.156946666666668,2011.0,7253.19,5065.55,535.38,3485.98,292.07,963.95,0.0
2,145.0,28.8238,33.6992,22.532,93.5736,29.742600000000003,20.421799999999998,24.9338,8.7136,2011.0,145.0,8.4156,25.720599999999997,0.0,55.131,19.9886,8.176200000000001,14.037199999999999,2.4958,2011.0,145.0,19.674053333333333,31.311439999999997,4.931413333333333,75.0506,24.834960000000002,14.494973333333334,19.642893333333333,4.986053333333334,2011.0,7683.43,5871.27,517.16,4047.28,282.73,1063.48,0.0
3,161.0,28.6042,35.506600000000006,11.649999999999999,91.6356,33.038399999999996,22.817,27.432,6.7394,2011.0,161.0,5.410400000000001,30.6128,0.0,63.4122,23.2464,13.6724,18.995199999999997,2.4160000000000004,2011.0,161.0,20.75361333333333,33.607013333333335,3.1789733333333325,76.4906,28.88368,19.613346666666672,24.037373333333335,4.749506666666666,2011.0,7938.88,5805.4,431.85,3813.9,247.03,887.67,0.16
4,177.0,29.7546,36.8274,27.737000000000002,90.4094,33.377,24.1902,28.4986,8.1984,2011.0,177.0,7.5662,28.1368,0.0,60.371399999999994,23.5612,13.9014,19.6488,2.6498,2011.0,177.0,21.65193333333334,33.66021333333333,5.80288,76.32108,28.405053333333335,19.217413333333333,23.694319999999998,4.91592,2011.0,8127.61,5749.5,380.7,3689.68,212.56,765.58,0.88
5,193.0,27.2024,37.91,8.0158,80.7446,35.1236,27.1946,31.713,4.717600000000001,2011.0,193.0,12.5892,32.863,0.0,60.316199999999995,28.97,19.852200000000003,25.3144,1.1523999999999999,2011.0,193.0,21.985493333333334,36.02806666666666,2.3509333333333333,69.73914666666667,32.26712,22.886333333333333,27.568479999999997,3.2333600000000002,2011.0,8029.06,5860.86,418.42,3846.92,232.13,931.63,0.0
6,209.0,26.758000000000003,38.6366,12.173,83.7032,39.8138,26.3182,31.290799999999997,5.7972,2011.0,209.0,10.095,34.199200000000005,0.0,60.3618,28.9326,22.7598,26.0812,1.8698000000000001,2011.0,209.0,22.885413333333332,36.71870666666668,2.3578666666666663,71.25281333333334,33.69764,24.538693333333327,28.889919999999996,3.3695066666666666,2011.0,7939.4,5321.03,383.95,3391.67,213.1,850.34,0.0
7,225.0,25.85,35.8446,15.884200000000002,87.9868,31.797,24.391800000000003,26.9096,4.8306000000000004,2011.0,225.0,12.704,30.1784,0.0,47.8386,24.529600000000002,16.704,20.9534,1.5046,2011.0,225.0,21.780906666666667,33.14382666666667,2.7554266666666667,68.21672,30.012146666666666,19.656053333333332,24.511213333333334,2.91344,2011.0,7968.03,5383.6,386.38,3439.45,216.21,831.74,0.01
8,241.0,24.5588,36.1346,8.2214,82.17319999999998,39.2258,24.270399999999995,30.972800000000003,7.004599999999999,2011.0,241.0,6.082,25.1842,0.0,46.3728,24.1958,10.9682,17.3096,1.7196,2011.0,241.0,19.663893333333334,32.8506,1.7422799999999996,60.202506666666665,31.779386666666664,19.11012,25.18554666666666,4.041440000000001,2011.0,7474.93,4751.56,451.82,3112.52,246.36,907.32,0.0
9,257.0,22.7258,32.9554,15.2044,84.0116,32.9438,18.046799999999998,24.632599999999996,5.6086,2011.0,257.0,6.2661999999999995,24.5904,0.0,40.0576,16.0902,5.4914000000000005,11.046800000000001,2.2447999999999997,2011.0,257.0,16.768706666666667,29.569746666666664,1.7081333333333337,56.55289333333334,25.246066666666668,12.40816,18.56172,4.012893333333333,2011.0,7027.46,4370.17,522.57,2983.03,273.61,964.77,0.0
10,273.0,19.167999999999996,31.213,3.778600000000001,68.9564,30.7154,17.051,23.1434,7.863200000000001,2011.0,273.0,9.167,23.0242,0.0,27.152,19.8544,5.8835999999999995,12.859600000000002,1.791,2011.0,273.0,16.269506666666665,26.868293333333334,0.5561733333333334,46.950226666666666,25.378466666666665,10.233733333333333,17.175826666666673,4.1014533333333345,2011.0,5398.11,3080.79,752.5,2486.78,391.24,1297.9,0.0
11,289.0,16.527400000000004,31.029600000000002,18.554,84.64059999999999,28.873,15.068999999999999,21.496599999999997,7.523999999999999,2011.0,289.0,4.8106,21.526599999999995,0.0,40.3664,11.0944,1.2556000000000003,6.7758,2.279,2011.0,289.0,11.744240000000001,27.01306666666666,2.469426666666666,54.07032000000001,20.188,8.748240000000001,13.697493333333334,4.657466666666668,2011.0,4759.35,2698.54,876.8,2418.95,448.06,1408.85,0.03
12,305.0,13.273399999999999,30.2612,39.197,91.06219999999999,28.313000000000002,14.991,20.110799999999998,8.5182,2011.0,305.0,2.752,20.662599999999998,0.0,32.0574,8.601,-1.5783999999999998,3.6548,3.0653999999999995,2011.0,305.0,9.541693333333333,25.748413333333332,4.259720000000001,59.80230666666668,16.034626666666668,4.653853333333334,9.789,5.42764,2011.0,4232.38,2314.3,917.13,2247.45,454.79,1554.29,0.12
