,DOY,INSgdmax,RADmax,RAINmax,RHmax,TMAXmax,TMINmax,Tmax,WINDmax,YEAR,DOY,INSgdmin,RADmin,RAINmin,RHmin,TMAXmin,TMINmin,Tmin,WINDmin,YEAR,DOY,INSgdmean,RADmean,RAINmean,RHmean,TMAXmean,TMINmean,Tmean,WINDmean,YEAR,NDVI,EVI,RED,NIR,BLUE,MIR,pixrel
0,113.0,23.431599999999996,28.227299999999996,14.845799999999999,90.35390000000002,17.956200000000003,9.1506,12.3303,9.846400000000001,2011.0000000000002,113.0,5.1976,22.7224,0.0,63.4273,3.2854,-3.2106,1.4318000000000002,1.8492000000000002,2011.0000000000002,113.0,12.722519999999998,26.113646666666664,3.24786,75.09632666666667,12.253666666666666,1.4191066666666667,6.736699999999998,5.751466666666666,2011.0000000000002,4615.95,1934.69,583.7,1584.55,299.85,1066.32,0.22
1,129.0,29.084400000000002,33.2219,13.0774,91.3023,27.660500000000003,18.709200000000003,22.679199999999998,7.9456,2011.0000000000002,129.0,5.8943,21.5253,0.0,53.60830000000001,11.6161,-1.4350999999999998,5.2034,2.6778999999999997,2011.0000000000002,129.0,19.687953333333333,27.778673333333334,2.6260333333333334,70.84016666666666,19.15242666666667,7.863386666666667,13.401046666666666,5.418540000000001,2011.0000000000002,5139.46,2551.83,643.34,2014.29,335.27,1253.18,0.0
2,145.0,29.063599999999997,33.8371,25.4586,90.2739,28.6859,18.7123,23.4144,8.5246,2011.0000000000002,145.0,6.4962,23.862699999999997,0.0,56.90859999999999,15.039900000000001,6.081100000000001,12.0114,3.4467999999999996,2011.0000000000002,145.0,20.099486666666667,29.87318,4.618199999999999,73.84474666666665,22.482913333333332,12.133953333333336,17.308860000000003,5.684426666666666,2011.0000000000002,7858.75,4768.76,344.0,2931.3,201.12,661.96,0.0
3,161.0,28.9698,34.312799999999996,18.347399999999997,89.3613,32.4431,20.983500000000003,26.7224,7.3857,2011.0000000000002,161.0,10.6574,29.1813,0.0,61.8133,19.7906,10.400799999999998,15.3381,3.1593999999999998,2011.0000000000002,161.0,21.887973333333335,31.87166,5.041046666666667,74.10248,26.026686666666663,15.293633333333336,20.672760000000004,5.037946666666666,2011.0000000000002,8386.64,5861.82,307.1,3618.52,189.96,627.3,0.58
4,177.0,29.137299999999996,36.3679,21.597399999999997,90.6927,33.642500000000005,23.92,28.652300000000004,6.9042,2011.0000000000002,177.0,10.182299999999998,27.8533,0.0,67.0491,18.9327,11.606399999999999,15.618199999999998,2.3854,2011.0000000000002,177.0,21.855093333333336,32.631386666666664,4.277279999999999,79.42852666666667,26.09189333333333,16.817293333333332,21.481266666666667,4.898499999999999,2011.0000000000002,8549.97,5750.6,258.51,3472.87,156.34,557.64,0.0
5,193.0,27.877399999999998,37.199099999999994,12.6121,93.6452,33.058600000000006,26.148400000000002,30.079199999999997,5.168100000000001,2011.0000000000002,193.0,9.342300000000002,30.7812,0.0,68.09629999999999,25.0107,15.671399999999998,20.3959,1.3047000000000002,2011.0000000000002,193.0,21.208166666666664,34.74459333333333,4.600560000000001,79.23363333333333,28.83274,20.664199999999997,24.799093333333335,3.4824266666666666,2011.0000000000002,8610.56,5581.26,231.86,3308.67,138.1,525.97,0.0
6,209.0,27.270000000000003,38.238,15.1771,93.87989999999999,31.779,24.593899999999998,27.527300000000004,5.6324,2011.0000000000002,209.0,9.9932,30.395200000000003,0.0,69.3513,27.699,17.6873,23.501900000000003,1.9082999999999999,2011.0000000000002,209.0,19.475446666666667,34.694100000000006,4.559846666666667,81.27797999999999,29.532026666666667,21.51954,25.64232,3.04302,2011.0000000000002,8582.49,5456.4,236.48,3227.36,141.01,508.01,0.0
7,225.0,25.2765,35.702400000000004,6.6025,84.7569,29.1402,21.8254,25.2207,5.7696000000000005,2011.0000000000002,225.0,14.033199999999997,27.8992,0.0,61.6813,23.699700000000004,13.3483,19.069499999999998,1.5624,2011.0000000000002,225.0,21.8995,31.340173333333336,1.1931266666666667,72.27776666666668,26.58565333333333,16.97134,21.721880000000002,3.221353333333333,2011.0000000000002,8278.73,5316.22,309.49,3254.32,176.25,589.9,0.01
8,241.0,24.070299999999996,36.507299999999994,22.766599999999997,92.6546,33.856,21.9069,26.919,6.5527,2011.0000000000002,241.0,4.5781,25.193599999999996,0.0,60.292699999999996,19.866999999999997,8.1804,14.5844,1.7145999999999997,2011.0000000000002,241.0,17.391913333333335,31.41308,3.42432,73.69839999999998,26.824546666666663,16.03232,21.454566666666665,3.7267733333333335,2011.0000000000002,7905.31,4334.64,299.12,2568.54,178.68,545.9,0.01
9,257.0,21.7122,31.800099999999997,9.786100000000001,88.7724,30.523999999999997,16.3948,23.2129,7.7179,2011.0000000000002,257.0,4.8516,22.9335,0.0,45.1157,15.030100000000001,1.4163,8.862599999999999,1.5281,2011.0000000000002,257.0,16.600773333333333,28.357826666666668,1.3234333333333332,64.74401333333333,21.80064666666667,10.611033333333333,16.110333333333333,4.134180000000001,2011.0000000000002,6922.43,3411.11,382.65,2142.59,213.99,600.89,0.0
10,273.0,17.813799999999997,30.9043,8.347800000000001,92.1935,27.591400000000004,15.3387,20.953799999999998,8.7362,2011.0000000000002,273.0,4.4805,21.682899999999997,0.0,41.6381,15.512,1.9264,9.419599999999999,1.8337999999999999,2011.0000000000002,273.0,14.239086666666669,26.908546666666666,0.7392333333333335,62.90003333333334,21.152626666666666,8.952400000000003,14.55304,4.4277999999999995,2011.0000000000002,5335.11,2466.85,564.76,1861.24,291.69,805.78,0.0
11,289.0,14.8266,31.268800000000002,5.905600000000001,86.98199999999999,26.2366,13.6299,19.2687,7.837900000000001,2011.0000000000002,289.0,4.4284,20.7818,0.0,45.9375,8.9443,0.1893,4.9982999999999995,2.5746,2011.0000000000002,289.0,11.351486666666668,25.892973333333334,1.1767666666666667,62.459939999999996,17.035426666666666,6.646273333333332,11.176293333333332,5.227133333333333,2011.0000000000002,5182.08,2026.34,468.04,1480.31,248.4,877.51,0.04
12,305.0,11.4596,29.4414,13.9582,84.27120000000001,21.7682,8.4325,13.789100000000001,8.3881,2011.0000000000002,305.0,1.9112,20.554299999999998,0.0,44.00770000000001,7.383400000000001,-1.3789999999999998,3.7776,2.7992000000000004,2011.0000000000002,305.0,9.113946666666667,24.509246666666673,2.9329866666666664,64.16839333333333,12.688686666666669,2.060866666666667,6.681673333333334,5.057013333333333,2011.0000000000002,5062.02,1927.31,472.07,1438.04,244.69,915.05,0.07
