,DOY,INSgdmax,RADmax,RAINmax,RHmax,TMAXmax,TMINmax,Tmax,WINDmax,YEAR,DOY,INSgdmin,RADmin,RAINmin,RHmin,TMAXmin,TMINmin,Tmin,WINDmin,YEAR,DOY,INSgdmean,RADmean,RAINmean,RHmean,TMAXmean,TMINmean,Tmean,WINDmean,YEAR,NDVI,EVI,RED,NIR,BLUE,MIR,pixrel
0,113.00000000000001,24.733999999999998,29.0587,20.153000000000002,91.76679999999999,19.355600000000003,9.4375,13.694500000000001,9.2469,2011.0,113.00000000000001,4.5699000000000005,23.495299999999997,0.0,61.9323,6.711,-2.1986999999999997,2.9797000000000002,2.0134,2011.0,113.00000000000001,13.167406666666665,26.917959999999997,3.8630866666666663,75.78910666666668,13.63098,2.650786666666667,7.9212266666666675,5.6785,2011.0,4798.69,2103.99,583.46,1678.03,303.11,1145.44,0.09
1,129.0,29.167900000000003,33.1691,13.6309,90.9524,27.6524,19.5539,23.052200000000003,7.602,2011.0,129.0,4.0656,20.8253,0.0,55.03659999999999,10.9847,-1.032,5.157,2.9435000000000002,2011.0,129.0,18.742766666666668,27.81922,2.9684799999999996,72.27736,19.683513333333334,8.355666666666664,13.931873333333334,5.128053333333335,2011.0,5003.08,2269.75,579.61,1767.2,306.23,1201.46,0.0
2,145.0,28.638399999999997,33.0341,17.6164,89.1421,29.208399999999997,18.700900000000004,23.8975,7.6653,2011.0,145.0,7.4342999999999995,25.432100000000002,0.0,58.348200000000006,16.938299999999998,6.4946,12.488299999999999,3.1665,2011.0,145.0,19.694786666666666,30.30989333333333,4.790286666666667,75.21051333333332,23.341739999999998,12.584159999999999,18.01775333333333,5.27776,2011.0,7494.01,3909.84,308.8,2343.4,182.79,618.64,0.0
3,161.0,28.8575,34.358599999999996,23.1764,87.8169,31.725700000000003,21.9454,26.520699999999998,6.8258,2011.0,161.0,9.272099999999998,29.4503,0.0,65.4541,20.9577,10.742600000000001,16.402199999999997,2.9552,2011.0,161.0,21.52676666666667,32.56840666666667,6.020773333333333,76.84774666666667,26.69954,16.413966666666667,21.506946666666668,4.815566666666667,2011.0,7906.54,4564.92,296.03,2741.32,175.43,580.22,0.4
4,177.0,28.899799999999995,36.0985,25.595200000000006,90.5359,31.171400000000002,24.4536,27.7534,6.813999999999999,2011.0,177.0,9.3138,27.764799999999997,0.0,67.9934,19.0666,12.7604,16.919,2.58,2011.0,177.0,21.62739333333333,32.85634,6.304706666666667,80.25905333333336,26.29016,17.80404,22.0406,4.731273333333334,2011.0,8347.05,5354.0,260.44,3228.92,154.7,587.61,0.0
5,193.0,27.209300000000002,37.4629,12.947600000000001,94.194,33.5379,26.352999999999994,30.5218,4.758299999999998,2011.0,193.0,13.054699999999999,32.1196,0.0,66.30080000000001,26.297900000000002,15.782499999999999,21.894199999999998,1.4413999999999998,2011.0,193.0,21.771686666666668,34.90605333333333,3.282513333333333,77.71646666666668,29.497439999999994,21.14979333333333,25.417320000000004,3.291506666666667,2011.0,8444.73,5074.52,227.98,2985.38,137.28,505.92,0.03
6,209.0,27.3695,38.591300000000004,20.5587,90.03529999999999,33.6998,25.060399999999998,28.284299999999998,5.428100000000001,2011.0,209.0,10.096800000000002,31.866,0.0,68.1197,29.1107,18.6178,25.002100000000002,1.6212000000000002,2011.0,209.0,20.947146666666665,35.374,4.157126666666666,79.74442666666666,30.914566666666666,22.601440000000004,26.738359999999997,2.856313333333333,2011.0,8410.07,5251.1,252.33,3138.79,150.27,538.58,0.31
7,225.0,25.497700000000002,35.999599999999994,7.1559,82.4326,31.1181,22.777000000000005,26.5053,5.5184,2011.0,225.0,10.4363,28.3266,0.0,52.0817,25.572300000000002,14.049300000000002,19.912100000000002,1.3076,2011.0,225.0,22.121766666666666,31.677813333333333,1.4068733333333334,66.96800666666667,28.246493333333337,17.907666666666664,22.906866666666662,2.9071000000000002,2011.0,8147.3,5121.74,296.64,3115.04,172.77,598.8,0.17
8,241.0,23.9273,36.8103,34.032000000000004,88.743,37.66420000000001,23.258899999999997,28.8883,6.7787,2011.0,241.0,2.6794,24.9734,0.0,54.9021,21.0934,9.142199999999999,15.167900000000001,1.7092999999999998,2011.0,241.0,18.525986666666668,31.866460000000004,3.691733333333333,67.68528,28.973726666666664,17.25719333333333,22.967526666666664,3.787893333333333,2011.0,7639.31,3944.18,287.68,2332.69,169.89,517.1,0.0
9,256.99999999999994,22.293300000000002,32.3556,10.5727,83.013,32.147,16.782,24.443099999999994,6.754999999999999,2011.0,256.99999999999994,5.169,23.119899999999998,0.0,43.2156,15.513599999999999,2.6459,10.211099999999998,2.0789,2011.0,256.99999999999994,16.851700000000005,28.540146666666665,1.33562,60.47262666666667,23.392460000000003,11.328266666666666,17.235233333333333,4.1457999999999995,2011.0,7391.6,3541.99,299.53,2102.61,171.68,510.74,0.0
10,273.00000000000006,18.011200000000002,29.452799999999996,8.2596,94.98310000000001,28.8637,15.6116,21.5274,7.8268,2011.0,273.00000000000006,4.1988,21.8056,0.0,44.2886,15.976600000000001,2.2832,9.9881,1.4124999999999999,2011.0,273.00000000000006,13.704299999999998,26.720039999999997,0.7300733333333334,62.35964666666666,21.512193333333332,8.517520000000001,14.503253333333333,4.09978,2011.0,5242.87,2302.31,517.33,1691.61,285.92,732.55,0.0
11,289.0,15.5534,31.0756,8.844100000000001,93.4351,27.2765,15.0501,19.751600000000003,7.8047,2011.0,289.0,4.9472,22.1244,0.0,45.6926,10.300500000000001,0.060599999999999994,6.1803,2.6986000000000003,2011.0,289.0,11.508740000000003,26.365806666666664,1.8900200000000003,61.57991333333333,17.91968,7.527713333333332,12.07076,4.96782,2011.0,5532.75,1937.41,367.55,1305.03,199.04,702.06,0.03
12,305.00000000000006,12.6126,30.5605,15.1511,83.8897,24.6755,10.3484,16.450400000000002,7.739,2011.0,305.00000000000006,1.8888,20.2412,0.0,41.3318,6.725200000000001,-1.484,3.2706999999999997,2.3484999999999996,2011.0,305.00000000000006,8.888366666666666,25.43013333333333,3.36874,65.20392000000001,13.957986666666669,2.8694133333333336,7.771146666666668,5.015773333333333,2011.0,5386.22,1918.56,383.52,1317.81,205.83,751.79,0.0
