,DOY,INSgdmax,RADmax,RAINmax,RHmax,TMAXmax,TMINmax,Tmax,WINDmax,YEAR,DOY,INSgdmin,RADmin,RAINmin,RHmin,TMAXmin,TMINmin,Tmin,WINDmin,YEAR,DOY,INSgdmean,RADmean,RAINmean,RHmean,TMAXmean,TMINmean,Tmean,WINDmean,YEAR,NDVI,EVI,RED,NIR,BLUE,MIR,pixrel
0,113.0,26.6584,29.861600000000003,22.875199999999996,92.9356,23.975199999999997,12.671,16.7288,8.6022,2011.0,113.0,6.2905999999999995,25.650799999999997,0.0,56.55980000000001,12.8978,-0.7794000000000001,6.9558,3.0966,2011.0,113.0,15.90252,27.64311999999999,2.76592,68.13594666666667,17.468466666666664,5.010973333333332,11.044346666666668,5.560546666666665,2011.0,5029.01,3239.45,946.87,2863.74,497.73,1927.13,0.05
1,129.0,29.294,34.2616,13.574,87.0848,31.3114,20.3398,25.0784,7.671200000000001,2011.0,129.0,8.092,20.611600000000003,0.0,44.797,12.4706,0.4626,8.4548,3.6331999999999995,2011.0,129.0,21.64068,27.88125333333334,3.0569600000000006,64.95722666666666,21.738733333333332,10.479186666666669,15.984760000000003,5.305466666666667,2011.0,6048.67,3962.2,723.02,3020.59,388.82,1322.29,0.0
2,145.0,29.0806,34.0214,25.060399999999998,93.79740000000001,30.063,21.0308,25.19,9.4522,2011.0,145.0,6.6264,26.6386,0.0,52.151399999999995,20.4836,8.3634,14.661200000000001,2.7807999999999997,2011.0,145.0,19.870693333333335,31.461120000000005,4.962333333333335,71.69532000000001,25.373559999999998,14.681813333333332,19.89501333333333,5.166613333333333,2011.0,6529.04,4409.04,655.48,3221.62,355.86,1301.32,0.66
3,161.0,28.7422,35.534200000000006,12.199,89.0166,36.0594,23.1332,28.7736,7.407800000000001,2011.0,161.0,8.4938,29.616799999999998,0.0,57.2712,25.265399999999996,14.009,19.9438,2.6722,2011.0,161.0,21.17301333333333,33.62289333333333,2.802693333333334,71.16080000000001,30.14556,19.665346666666665,24.609853333333326,4.908266666666666,2011.0,7045.83,5049.77,600.59,3573.6,333.46,1233.62,0.59
4,177.0,29.689199999999996,36.219,30.724999999999998,87.4388,36.5156,24.141000000000002,29.866000000000003,8.3868,2011.0,177.0,6.969200000000001,28.51,0.0,56.0568,24.016,14.236799999999999,20.1102,2.7296,2011.0,177.0,22.12997333333333,33.82593333333334,5.9362,72.84,29.31937333333334,19.273253333333333,24.135519999999996,5.113359999999999,2011.0,7192.96,4990.82,563.92,3463.18,308.43,1228.92,0.51
5,193.0,27.155599999999996,37.953199999999995,10.3282,80.7062,35.846000000000004,27.544400000000003,32.2494,4.806400000000001,2011.0,193.0,16.5936,32.9818,0.0,55.9338,29.405,19.862399999999997,25.7206,1.0978,2011.0,193.0,22.856053333333335,36.17070666666667,2.7174533333333333,67.52062666666666,33.10248,23.175453333333337,28.0208,3.280240000000001,2011.0,7869.42,5482.45,425.35,3578.85,235.14,956.4,0.75
6,209.0,26.6734,38.688199999999995,12.7178,85.10180000000001,40.516999999999996,26.6026,31.884799999999995,5.997,2011.0,209.0,9.8328,33.7126,0.0,57.142799999999994,28.785600000000002,22.816200000000002,25.6468,1.9544,2011.0,209.0,23.174733333333336,36.83866666666667,2.9845866666666665,69.11757333333334,34.15708,24.676973333333333,29.126560000000005,3.498706666666667,2011.0,7722.13,5374.87,449.48,3552.04,245.63,1000.23,0.0
7,225.0,25.85,36.18,14.749600000000001,85.6552,32.4846,24.5202,27.077,5.0046,2011.0,225.0,11.294,30.3584,0.0,47.1582,26.738200000000003,16.8648,21.7856,1.8322,2011.0,225.0,22.162266666666667,33.43802666666667,3.689306666666666,66.62119999999999,30.62070666666667,19.88641333333333,24.88841333333334,3.0361199999999995,2011.0,8093.96,5811.66,389.86,3768.29,215.96,870.5,0.0
8,241.0,24.5918,36.471799999999995,9.185,80.13139999999999,39.5948,24.5674,31.203799999999998,6.952400000000001,2011.0,241.0,8.8234,25.279000000000003,0.0,42.273599999999995,24.5306,10.811,17.469199999999997,1.8714,2011.0,241.0,19.46229333333333,32.90672,2.13568,58.32918666666665,32.332346666666666,19.118239999999997,25.450786666666666,4.02716,2011.0,7355.5,5021.98,514.47,3410.99,281.07,985.62,0.0
9,257.0,22.629199999999997,32.6284,19.48,91.4204,33.647600000000004,17.980200000000004,24.939799999999998,5.7076,2011.0,257.0,5.2425999999999995,24.8808,0.0,38.8564,15.621599999999999,5.776400000000001,11.0036,2.1122,2011.0,257.0,16.63110666666666,29.550786666666667,2.1168133333333334,56.567093333333325,25.28834666666667,12.416879999999999,18.595119999999994,4.008653333333332,2011.0,6789.61,4170.4,551.09,2882.11,296.15,983.79,0.0
10,273.0,19.495,31.736799999999995,2.2935999999999996,62.6918,31.1852,17.5172,23.5214,8.337200000000001,2011.0,273.0,12.2,23.1142,0.0,29.66,21.0394,6.18,13.405600000000002,2.1936,2011.0,273.0,16.32022666666667,26.975613333333335,0.3301733333333333,45.37234666666669,25.89846666666667,10.36565333333333,17.56338666666667,4.228293333333334,2011.0,5233.79,3081.8,813.0,2577.5,413.14,1374.96,0.0
11,289.0,16.250799999999998,30.790800000000004,16.750999999999998,80.6782,28.9762,15.895800000000001,21.9382,7.255199999999999,2011.0,289.0,6.2032,20.761599999999998,0.0,36.5108,11.127399999999998,0.7899999999999999,6.252,2.2274000000000003,2011.0,289.0,11.870159999999998,26.883306666666662,2.2728666666666673,51.760760000000005,20.3208,8.707800000000002,13.771653333333337,4.710906666666666,2011.0,4249.82,2571.43,1052.12,2558.99,543.1,1726.61,0.18
12,305.0,13.2584,29.424199999999995,46.865,87.35,28.3622,15.3324,20.2062,8.760599999999998,2011.0,305.0,1.7248,20.909200000000002,0.0,31.789800000000003,9.000599999999999,-1.3516,4.7348,3.1146000000000003,2011.0,305.0,10.166573333333336,25.23829333333333,4.515520000000001,56.29698666666666,16.573546666666665,4.754733333333334,9.9274,5.557440000000001,2011.0,3879.89,2333.7,1105.43,2457.83,571.02,1698.62,0.61
