,DOY,INSgdmax,RADmax,RAINmax,RHmax,TMAXmax,TMINmax,Tmax,WINDmax,YEAR,DOY,INSgdmin,RADmin,RAINmin,RHmin,TMAXmin,TMINmin,Tmin,WINDmin,YEAR,DOY,INSgdmean,RADmean,RAINmean,RHmean,TMAXmean,TMINmean,Tmean,WINDmean,YEAR,NDVI,EVI,RED,NIR,BLUE,MIR,pixrel
0,113.0,26.86,29.92,25.85,81.13,26.12,11.6,17.57,8.61,2011.0,113.0,7.45,23.8,0.0,44.48,11.14,-0.26,7.3,3.14,2011.0,113.0,16.06066666666667,27.228,3.365333333333333,61.39066666666667,18.208000000000002,4.733333333333333,11.25,5.924000000000001,2011.0,2843.6,1818.16,1506.62,2697.29,713.61,2923.09,0.06
1,129.0,29.02,34.6,4.43,79.37,35.53,21.11,27.58,8.99,2011.0,129.0,6.77,21.6,0.0,39.23,15.45,2.37,10.85,2.76,2011.0,129.0,21.185333333333332,28.313333333333336,0.8046666666666666,54.59466666666666,24.14266666666667,10.848666666666668,17.308,5.6433333333333335,2011.0,3368.05,2144.98,1369.47,2744.98,650.04,2765.35,0.01
2,145.0,29.77,35.24,39.96,91.45,31.33,22.59,25.45,10.82,2011.0,145.0,6.88,25.6,0.0,44.17,19.71,9.3,15.36,2.21,2011.0,145.0,19.723333333333333,31.33866666666667,8.204,67.07600000000001,26.012000000000004,14.610000000000003,20.14333333333333,5.536666666666666,2011.0,3840.11,2765.8,1521.44,3392.51,737.67,3089.57,0.2
3,161.0,29.3,35.68,9.05,84.34,38.18,23.94,30.71,9.33,2011.0,161.0,6.73,29.3,0.0,41.04,25.46,14.11,20.35,2.75,2011.0,161.0,22.565999999999995,33.658666666666676,1.7046666666666668,62.26933333333332,31.883333333333336,19.47733333333333,25.34666666666667,5.198666666666665,2011.0,5480.05,3473.0,851.25,2882.96,445.77,1507.62,0.98
4,177.0,29.34,36.79,14.69,86.57,39.7,24.91,32.13,8.87,2011.0,177.0,11.3,29.41,0.0,45.19,26.44,15.46,21.22,2.97,2011.0,177.0,23.82,33.882000000000005,3.378,67.06933333333333,30.73666666666666,19.429333333333332,24.912666666666663,5.445333333333334,2011.0,7485.63,5748.65,591.93,4097.69,316.53,1310.47,0.01
5,193.0,28.22,38.63,11.76,79.07,38.09,27.63,33.37,5.63,2011.0,193.0,19.51,32.83,0.0,51.82,30.25,20.07,25.26,1.51,2011.0,193.0,24.798,36.37933333333333,3.8793333333333337,65.99533333333333,33.68266666666667,23.483999999999995,28.450666666666667,3.4320000000000004,2011.0,8578.05,7307.57,375.69,4963.44,207.59,885.77,0.0
6,209.0,26.57,39.42,13.7,88.52,43.0,27.74,34.68,5.82,2011.0,209.0,9.72,34.34,0.0,39.42,28.95,22.64,25.77,2.35,2011.0,209.0,23.296666666666667,37.06466666666667,3.8620000000000005,63.44133333333334,35.65933333333333,25.086,29.899999999999995,3.612,2011.0,8663.11,6935.13,315.43,4520.1,173.2,771.49,0.01
7,225.0,25.88,37.58,15.98,82.6,33.74,24.12,28.56,4.92,2011.0,225.0,8.03,30.49,0.0,50.68,27.88,17.18,22.72,1.68,2011.0,225.0,21.402666666666665,34.01266666666667,5.647333333333333,65.78533333333333,31.442666666666675,20.344,25.492000000000004,3.157333333333333,2011.0,8421.01,6412.99,346.81,4148.49,192.17,753.88,0.0
8,241.0,24.59,36.22,10.64,77.27,41.48,25.25,32.41,7.12,2011.0,241.0,7.6,25.42,0.0,33.77,25.32,10.81,18.11,2.03,2011.0,241.0,20.54133333333333,32.94266666666667,1.8820000000000001,54.275333333333336,33.43333333333333,19.057333333333336,26.110000000000003,3.972,2011.0,7570.67,5295.59,477.92,3562.83,255.2,883.33,0.0
9,257.0,22.32,32.98,19.28,93.84,36.07,17.46,26.55,5.73,2011.0,257.0,5.62,26.35,0.0,37.2,15.55,6.36,11.33,2.12,2011.0,257.0,16.50133333333333,29.798000000000002,2.5813333333333333,53.556,25.788,12.985333333333333,19.133333333333333,3.928,2011.0,5212.24,3279.56,894.16,2845.93,439.44,1388.27,0.0
10,273.0,19.76,33.3,1.38,56.22,32.55,19.41,24.13,9.65,2011.0,273.0,13.14,23.51,0.0,26.45,21.27,6.34,14.0,1.82,2011.0,273.0,17.554666666666666,27.08333333333333,0.092,42.61200000000001,26.613999999999997,11.268666666666666,18.451333333333334,4.724,2011.0,3947.03,2515.21,1276.48,2904.35,576.28,1756.0,0.0
11,289.0,16.06,31.54,12.93,69.1,27.66,18.26,22.37,7.02,2011.0,289.0,6.41,20.38,0.0,35.66,11.32,-0.5,5.34,1.95,2011.0,289.0,12.363333333333335,26.873333333333335,1.5259999999999996,51.071333333333335,20.40533333333333,8.664,13.779333333333334,4.574666666666666,2011.0,2885.4,2205.91,1783.28,3204.5,808.59,2301.82,1.66
12,305.0,13.21,28.22,37.64,84.1,25.6,13.2,19.35,8.78,2011.0,305.0,2.02,20.2,0.0,32.16,7.55,-1.02,4.81,2.97,2011.0,305.0,10.336666666666666,24.61466666666667,3.056,51.797333333333334,16.168000000000003,4.611999999999999,9.680000000000001,5.704,2011.0,2760.32,2028.7,1827.45,3205.35,826.66,2316.12,0.99
