,DOY,INSgdmax,RADmax,RAINmax,RHmax,TMAXmax,TMINmax,Tmax,WINDmax,YEAR,DOY,INSgdmin,RADmin,RAINmin,RHmin,TMAXmin,TMINmin,Tmin,WINDmin,YEAR,DOY,INSgdmean,RADmean,RAINmean,RHmean,TMAXmean,TMINmean,Tmean,WINDmean,YEAR,NDVI,EVI,RED,NIR,BLUE,MIR,pixrel
0,113.0,24.724,29.1298,11.9714,83.4862,24.1452,7.5088,15.5591,9.211,2011.0,113.0,6.4686,23.349,0.0,51.7961,6.720600000000001,-3.8567,2.9099,1.54,2011.0,113.0,14.304673333333334,26.392786666666666,2.0735333333333337,67.88579333333334,14.940206666666667,2.450806666666667,8.40648,5.832520000000001,2011.0,3665.41,2424.57,1312.39,2809.9,685.47,2332.54,0.2
1,129.0,29.0946,32.816900000000004,8.6417,83.45,32.0208,18.93,25.022,9.2163,2011.0,129.0,10.4527,20.4205,0.0,40.7897,14.736,-0.05740000000000001,7.987299999999999,2.6363000000000003,2011.0,129.0,22.88017333333333,27.41791333333333,1.4133066666666667,57.59688666666666,22.107066666666668,8.519306666666667,15.250613333333334,5.64414,2011.0,4508.81,3157.96,1165.92,3111.5,617.57,2159.3,0.04
2,145.0,29.6023,34.233000000000004,34.2528,90.7687,28.9577,20.7476,24.154999999999998,9.7921,2011.0,145.0,6.633,25.2901,0.0,47.1543,17.6808,7.354799999999999,14.0456,3.3450000000000006,2011.0,145.0,18.52301333333333,30.706580000000002,8.08968,69.36125333333334,23.86913333333333,12.638833333333332,18.25043333333333,5.614906666666667,2011.0,4722.99,3234.02,1100.15,3064.96,586.54,1984.39,0.87
3,161.0,29.3273,34.5709,10.7789,87.2243,35.6158,22.5439,28.301699999999997,7.568899999999999,2011.0,161.0,7.5267,29.0688,0.0,48.736000000000004,21.9513,12.1538,17.2455,3.1038000000000006,2011.0,161.0,22.215213333333335,32.23552,1.90312,64.15506666666667,28.64311333333334,16.81852,22.438679999999998,5.00658,2011.0,5778.42,3978.04,821.03,3116.46,488.38,1214.84,1.38
4,177.0,29.278100000000002,35.5371,14.125800000000002,89.90020000000001,37.5364,23.7035,30.1717,9.031099999999999,2011.0,177.0,9.0871,28.8069,0.0,52.7274,20.5766,13.2579,17.535899999999998,2.5976,2011.0,177.0,22.357713333333336,33.046373333333335,4.193326666666666,71.69953333333333,28.390113333333332,17.69476,22.89178,5.312926666666666,2011.0,6857.88,5029.83,580.27,3547.27,334.59,1013.51,0.06
5,193.0,28.1679,37.8682,16.4931,87.9423,37.9212,27.0336,33.4863,5.4863,2011.0,193.0,8.5724,32.938399999999994,0.0,54.988899999999994,28.456000000000003,18.501099999999997,23.907799999999998,1.9315000000000002,2011.0,193.0,22.37074666666667,35.79727333333334,3.483293333333333,71.92735333333331,31.760079999999995,22.346273333333333,26.881386666666664,3.7737,2011.0,7223.63,5572.58,483.33,3828.32,281.66,850.72,2.69
6,209.0,26.477599999999995,37.8173,12.274799999999999,84.9374,39.2931,24.6892,31.3976,5.533900000000001,2011.0,209.0,12.8728,31.960600000000003,0.0,51.6886,29.2838,19.1241,25.229200000000002,2.0899,2011.0,209.0,21.784846666666663,35.755379999999995,3.04702,69.60038666666667,32.80296,22.67622,27.571186666666662,3.4615066666666667,2011.0,7288.15,5309.42,429.72,3535.65,249.9,748.05,2.59
7,225.0,25.706199999999995,35.66160000000001,13.7516,81.9553,32.8231,21.3624,25.479,5.5479,2011.0,225.0,7.5207,30.2108,0.0,49.9478,27.7926,15.956200000000003,21.9482,1.8252,2011.0,225.0,22.46210666666667,32.67616666666667,3.5480399999999994,62.999779999999994,29.754300000000004,18.375153333333337,23.928240000000002,3.6077466666666664,2011.0,6782.25,4619.06,481.6,3156.04,271.56,808.92,5.13
8,241.0,24.1593,36.278,11.507699999999998,86.5168,38.906800000000004,22.0934,29.6906,5.6905,2011.0,241.0,6.362799999999999,24.870200000000004,0.0,42.126400000000004,23.448500000000003,9.5569,16.9531,2.2235,2011.0,241.0,18.371533333333332,32.31780666666667,2.80292,61.190626666666674,30.504839999999998,17.26382,23.825613333333337,3.8155399999999995,2011.0,6250.62,4048.79,590.57,2875.19,336.63,953.84,0.01
9,257.0,21.8906,32.5417,7.7732,81.3663,34.9681,17.1787,25.4463,7.882099999999999,2011.0,257.0,5.1772,25.5043,0.0,37.4791,13.3488,4.5055000000000005,9.1732,1.9652999999999998,2011.0,257.0,16.55014666666667,29.035153333333334,1.1550866666666666,52.419459999999994,24.811293333333335,11.954933333333333,18.100953333333333,4.1825133333333335,2011.0,5545.39,3342.5,685.8,2553.48,381.32,1065.36,0.02
10,273.0,19.2945,34.140600000000006,1.028,55.470099999999995,31.5435,19.8868,23.1213,10.085899999999999,2011.0,273.0,10.2157,23.286199999999997,0.0,29.763900000000003,20.9959,5.225300000000001,13.2038,1.5684999999999998,2011.0,273.0,16.884106666666668,26.88142,0.07002666666666667,42.83061333333333,25.831880000000005,10.604626666666666,17.705113333333333,5.14088,2011.0,4404.96,2689.1,977.77,2543.95,517.22,1504.58,0.05
11,289.0,14.9988,32.4067,3.8489,69.5075,26.4909,17.942,21.3566,7.2333,2011.0,289.0,6.8614,20.3084,0.0,40.5068,10.0304,-1.2127,4.0422,2.3674,2011.0,289.0,12.503173333333333,26.005993333333333,0.6955,52.935766666666666,18.70816,7.356746666666666,12.288053333333334,4.67944,2011.0,3648.42,2223.31,1169.28,2474.42,617.11,1780.48,0.27
12,305.0,12.814,27.1126,14.7378,76.32339999999999,20.0332,9.5763,14.382399999999997,9.6844,2011.0,305.0,2.4726,19.1323,0.0,36.4904,6.8808,-2.1841,3.0442,3.0072,2011.0,305.0,10.150033333333333,23.705879999999997,1.5288866666666667,51.39372,13.759166666666669,2.5668666666666664,7.532966666666668,5.481446666666667,2011.0,3375.19,2105.37,1242.04,2496.44,650.91,1836.15,0.34
