,DOY,INSgdmax,RADmax,RAINmax,RHmax,TMAXmax,TMINmax,Tmax,WINDmax,YEAR,DOY,INSgdmin,RADmin,RAINmin,RHmin,TMAXmin,TMINmin,Tmin,WINDmin,YEAR,DOY,INSgdmean,RADmean,RAINmean,RHmean,TMAXmean,TMINmean,Tmean,WINDmean,YEAR,NDVI,EVI,RED,NIR,BLUE,MIR,pixrel
0,113.0,26.064,29.6048,18.4072,84.0324,24.029999999999998,10.904399999999999,15.5004,9.1072,2011.0,113.0,6.2387999999999995,24.534399999999998,0.0,53.7304,8.3112,-1.8068,5.0852,2.6112,2011.0,113.0,14.83394666666667,27.29256,3.1019466666666666,67.73671999999999,16.152320000000003,3.925786666666667,9.791946666666668,5.8396799999999995,2011.0,4647.16,3049.8,1080.12,2929.24,556.03,2174.47,0.09
1,129.0,29.2,34.689600000000006,15.0328,84.3984,33.446,20.1636,25.973599999999998,8.1764,2011.0,129.0,6.8344000000000005,20.47,0.0,41.704,14.722000000000001,0.14439999999999997,8.35,3.2804,2011.0,129.0,22.07848,27.68618666666667,2.615413333333333,61.3,22.0996,9.92872,15.850826666666666,5.5879199999999996,2011.0,5651.02,3778.81,844.62,3073.97,447.52,1548.56,0.0
2,145.0,29.6496,34.394800000000004,32.2216,91.9368,30.25,21.4424,25.1352,10.1996,2011.0,145.0,5.443200000000001,25.509999999999998,0.0,48.7436,19.387999999999998,8.0388,14.5228,2.7168,2011.0,145.0,19.522639999999996,31.16928,6.095173333333333,68.95295999999999,25.07509333333333,13.907573333333335,19.370906666666663,5.49536,2011.0,6086.45,4031.69,737.12,3076.83,394.47,1375.07,0.97
3,161.0,29.3936,35.120000000000005,15.259599999999999,88.5444,36.1444,23.342799999999997,29.2416,8.386800000000001,2011.0,161.0,8.8528,29.339599999999997,0.0,51.587199999999996,24.0736,13.4972,19.7532,2.7384,2011.0,161.0,21.306506666666664,33.296746666666664,3.736,66.86418666666668,29.903733333333335,18.645546666666668,24.015013333333332,5.055013333333333,2011.0,6898.93,4881.13,637.82,3522.74,343.35,1444.88,0.31
4,177.0,29.564799999999998,36.1836,22.0312,86.864,37.910399999999996,24.5532,31.0372,8.394,2011.0,177.0,8.0572,28.5896,0.0,52.3532,21.9232,13.741200000000001,18.5768,2.592,2011.0,177.0,22.371813333333332,33.531253333333325,5.018853333333334,70.63087999999999,29.288240000000002,18.64877333333333,23.818853333333337,5.34784,2011.0,6916.22,4882.39,634.88,3515.41,342.88,1339.36,0.46
5,193.0,27.745600000000003,37.958,10.4848,85.6704,36.5828,27.6164,32.582,5.2392,2011.0,193.0,15.4472,32.7796,0.0,53.4368,29.0668,19.586399999999998,25.224400000000003,1.284,2011.0,193.0,23.564746666666665,36.08863999999999,2.7534400000000003,68.51973333333333,32.51565333333333,22.936053333333334,27.603599999999997,3.485333333333333,2011.0,7946.01,5705.04,422.79,3742.12,235.2,944.12,0.67
6,209.0,26.4996,39.430800000000005,11.8444,84.16120000000001,40.1584,26.3996,32.166799999999995,5.8988000000000005,2011.0,209.0,8.8056,33.8396,0.0,52.824,29.001599999999996,21.6976,25.6128,2.1608,2011.0,209.0,21.846080000000004,36.60607999999999,3.8176533333333333,67.88768,33.99824,24.118773333333337,28.690186666666666,3.47576,2011.0,7687.25,5367.29,450.37,3548.45,250.69,991.51,0.0
7,225.0,25.805200000000003,36.2248,14.683200000000001,84.666,32.6588,23.038800000000002,26.4824,5.3424000000000005,2011.0,225.0,17.4848,30.3556,0.0,48.57,27.3164,16.2488,21.9588,1.9340000000000002,2011.0,225.0,22.963626666666663,33.23117333333333,4.06424,65.42045333333333,30.101600000000005,19.334186666666668,24.44744,3.276453333333333,2011.0,8120.33,5906.39,386.22,3833.79,217.34,808.09,0.0
8,241.0,24.4856,36.596000000000004,13.074000000000002,83.9568,39.4452,24.1772,30.821199999999997,6.5484,2011.0,241.0,6.8584,25.0744,0.0,40.5656,24.190800000000003,9.966000000000001,17.2132,2.0372,2011.0,241.0,18.72016,32.61733333333333,1.9491466666666666,57.85613333333334,31.799280000000003,18.266346666666667,24.899759999999993,3.8917866666666674,2011.0,7503.05,5323.36,507.24,3607.91,285.46,946.59,0.0
9,257.0,22.3256,32.388799999999996,14.4916,93.1428,34.4696,16.9404,25.412799999999997,6.1819999999999995,2011.0,257.0,4.81,25.1296,0.0,38.612399999999994,14.7796,4.9648,10.260000000000002,2.0092,2011.0,257.0,16.869813333333333,29.06205333333333,1.7302399999999998,55.06008,24.907466666666664,12.093440000000001,18.290373333333335,4.033653333333333,2011.0,7371.17,4765.65,469.97,3154.54,259.63,822.4,0.0
10,273.0,19.5188,32.512,2.0656,60.3728,30.677599999999998,17.485599999999998,22.9512,9.1888,2011.0,273.0,12.6252,22.885599999999997,0.0,33.7772,20.377200000000002,5.4504,13.035599999999999,1.7416,2011.0,273.0,16.675333333333334,26.904666666666667,0.23402666666666663,46.735013333333335,25.26674666666667,10.131146666666668,17.171919999999997,4.614800000000001,2011.0,5161.2,3134.4,863.01,2683.96,441.27,1429.75,0.0
11,289.0,15.623599999999998,30.5888,9.072799999999999,77.3464,28.062400000000004,16.503999999999998,21.6248,7.1068,2011.0,289.0,5.4016,20.47,0.0,39.8872,10.6768,-0.5404,4.7704,2.0748,2011.0,289.0,11.727359999999997,26.553359999999994,1.6149066666666667,54.24330666666667,19.116666666666667,7.864239999999999,12.79064,4.723253333333333,2011.0,4410.11,2644.24,1017.92,2572.8,519.87,1660.66,0.06
12,305.0,13.1404,28.559200000000004,39.7436,81.95439999999999,25.4184,12.232,18.607599999999998,8.7508,2011.0,305.0,1.9784000000000002,20.5544,0.0,34.766000000000005,8.1112,-1.4056000000000002,4.48,3.1452,2011.0,305.0,10.362133333333334,24.441333333333333,3.3662666666666667,54.12354666666666,15.402426666666665,3.950266666666667,8.932026666666665,5.638213333333334,2011.0,3748.88,2356.34,1194.07,2593.14,608.9,1789.07,0.6
