,DOY,INSgdmax,RADmax,RAINmax,RHmax,TMAXmax,TMINmax,Tmax,WINDmax,YEAR,DOY,INSgdmin,RADmin,RAINmin,RHmin,TMAXmin,TMINmin,Tmin,WINDmin,YEAR,DOY,INSgdmean,RADmean,RAINmean,RHmean,TMAXmean,TMINmean,Tmean,WINDmean,YEAR,NDVI,EVI,RED,NIR,BLUE,MIR,pixrel
0,113.0,25.92,29.27,14.35,83.91,23.31,9.99,14.82,9.46,2011.0,113.0,5.94,24.34,0.0,55.93,6.72,-2.39,4.07,2.28,2011.0,113.0,14.210666666666668,27.156000000000002,3.1506666666666665,69.422,15.308000000000002,3.4066666666666667,9.072666666666667,5.8919999999999995,2011.0,4438.03,2954.41,1125.63,2923.4,588.5,2297.54,0.21
1,129.0,29.2,34.74,18.55,84.96,32.96,19.89,25.61,8.45,2011.0,129.0,6.55,20.2,0.0,42.37,15.19,-0.41,7.72,3.23,2011.0,129.0,22.072,27.50666666666667,3.1693333333333333,62.428000000000004,21.55,9.544,15.398666666666667,5.6339999999999995,2011.0,5223.01,3419.23,892.98,2907.4,474.77,1697.16,0.0
2,145.0,29.7,34.24,31.84,91.53,29.8,21.05,24.84,10.16,2011.0,145.0,6.66,25.24,0.0,49.37,18.74,7.65,14.17,2.85,2011.0,145.0,19.261999999999997,30.960000000000004,5.983333333333333,69.69,24.523333333333333,13.397333333333334,18.902666666666665,5.5280000000000005,2011.0,5705.28,3651.01,771.46,2875.98,413.6,1568.62,0.72
3,161.0,29.3,34.85,15.58,90.6,35.14,23.08,28.68,8.34,2011.0,161.0,8.14,29.3,0.0,54.46,23.62,13.13,19.26,2.58,2011.0,161.0,20.714666666666663,33.04666666666667,4.1080000000000005,68.08866666666668,29.031333333333333,18.03066666666667,23.32333333333333,5.035333333333333,2011.0,6705.78,4663.87,668.54,3408.34,365.17,1473.43,0.33
4,177.0,29.59,35.82,20.71,87.08,37.5,24.6,30.85,8.25,2011.0,177.0,8.5,28.37,0.0,53.03,19.9,13.05,17.36,2.43,2011.0,177.0,22.167333333333332,33.307333333333325,4.959333333333333,71.75,28.724000000000004,18.24533333333333,23.345333333333336,5.362,2011.0,7245.25,5134.37,568.28,3569.2,315.18,1284.73,0.3
5,193.0,27.94,37.58,10.06,88.32,36.68,27.53,32.51,5.25,2011.0,193.0,12.92,32.65,0.0,54.29,28.48,19.41,24.94,1.32,2011.0,193.0,23.128666666666664,35.95399999999999,2.614,69.96333333333334,31.899333333333335,22.659333333333333,27.167999999999996,3.563333333333333,2011.0,7979.68,5928.35,433.51,3925.53,243.3,973.25,0.21
6,209.0,26.46,39.6,11.02,82.03,39.19,25.91,31.49,5.87,2011.0,209.0,8.82,33.8,0.0,56.01,29.25,21.19,25.71,2.15,2011.0,209.0,20.822000000000003,36.43999999999999,3.987333333333333,69.062,33.494,23.64933333333333,28.210666666666665,3.392,2011.0,7834.79,5565.88,439.16,3662.57,244.73,957.09,0.0
7,225.0,25.78,36.25,15.09,87.06,32.54,22.38,25.91,5.58,2011.0,225.0,21.02,30.28,0.0,49.38,26.6,15.86,21.39,2.06,2011.0,225.0,23.664666666666665,32.89133333333333,3.7760000000000002,65.35133333333334,29.492000000000008,18.890666666666668,23.996000000000002,3.375333333333333,2011.0,8127.18,5955.94,392.06,3871.56,220.67,806.1,0.01
8,241.0,24.41,36.65,12.75,87.33,38.79,23.54,30.22,6.3,2011.0,241.0,6.34,24.88,0.0,43.01,23.73,9.57,16.9,2.03,2011.0,241.0,18.118,32.39533333333333,1.8646666666666667,59.47133333333334,31.044000000000004,17.802666666666667,24.341999999999995,3.8406666666666665,2011.0,7279.93,5197.86,559.65,3607.69,311.25,983.74,0.0
9,257.0,22.25,32.18,11.95,92.61,34.16,16.53,25.24,6.47,2011.0,257.0,4.72,24.91,0.0,39.3,14.38,4.54,9.81,2.02,2011.0,257.0,16.947333333333333,28.821333333333335,1.3939999999999997,54.99,24.57266666666667,11.798000000000002,18.003333333333334,4.071333333333333,2011.0,7119.1,4533.36,503.61,3046.39,278.44,847.57,0.0
10,273.0,19.4,32.8,2.17,60.11,30.17,17.14,22.53,9.34,2011.0,273.0,12.6,22.72,0.0,35.3,20.01,5.04,12.69,1.72,2011.0,273.0,16.579333333333334,26.84466666666667,0.26066666666666666,47.64533333333334,24.842666666666673,9.890666666666668,16.822,4.718000000000001,2011.0,5046.48,3110.23,880.24,2690.6,453.25,1441.34,0.0
11,289.0,15.44,30.38,8.27,81.04,27.67,16.09,21.2,7.33,2011.0,289.0,4.57,20.38,0.0,42.22,10.27,-0.76,4.36,2.1,2011.0,289.0,11.627999999999997,26.27399999999999,1.5426666666666664,56.21466666666667,18.41466666666667,7.462,12.236,4.763333333333333,2011.0,4235.44,2614.23,1070.48,2613.74,548.65,1732.32,0.15
12,305.0,13.0,28.3,35.87,80.77,24.36,11.26,17.83,8.74,2011.0,305.0,1.55,20.45,0.0,36.53,7.87,-1.51,4.03,3.21,2011.0,305.0,10.267333333333333,24.231333333333335,3.164666666666667,54.66066666666666,14.700666666666667,3.5206666666666666,8.412666666666665,5.653333333333333,2011.0,3465.94,2290.66,1600.89,2978.03,971.05,1818.75,0.82
