,DOY,INSgdmax,RADmax,RAINmax,RHmax,TMAXmax,TMINmax,Tmax,WINDmax,YEAR,DOY,INSgdmin,RADmin,RAINmin,RHmin,TMAXmin,TMINmin,Tmin,WINDmin,YEAR,DOY,INSgdmean,RADmean,RAINmean,RHmean,TMAXmean,TMINmean,Tmean,WINDmean,YEAR,NDVI,EVI,RED,NIR,BLUE,MIR,pixrel
0,113.0,25.2725,29.341,19.7045,90.7992,22.548899999999996,11.8612,15.586899999999998,9.3614,2011.0,113.0,5.2439,24.9821,0.0,57.6048,9.6798,-1.9445999999999999,5.208,2.6326,2011.0,113.0,14.42192,27.33180666666666,2.8022799999999997,69.43882666666667,16.197826666666664,4.131093333333332,9.912813333333332,5.6586,2011.0,5530.61,3547.11,833.81,2904.4,441.06,1663.46,0.02
1,129.0,29.2787,34.078100000000006,17.1372,87.21260000000001,31.3521,20.2949,24.9013,7.528700000000001,2011.0,129.0,7.7812,20.6027,0.0,44.3485,13.788,-0.13559999999999994,7.747700000000001,3.4971,2011.0,129.0,21.79741333333333,27.73504666666667,3.0266400000000004,65.05057333333333,21.37126,10.044333333333332,15.524726666666666,5.395626666666668,2011.0,6658.11,4479.59,634.74,3231.16,345.42,1100.23,0.0
2,145.0,29.179299999999998,33.7255,25.138299999999997,91.7624,30.1465,20.584500000000002,25.0467,9.514300000000002,2011.0,145.0,8.329099999999999,25.514400000000002,0.0,50.676500000000004,19.7446,8.057,14.414900000000003,2.8747,2011.0,145.0,19.815199999999997,31.08,5.0333266666666665,70.55221333333334,24.976399999999998,14.03074666666667,19.44314666666667,5.272933333333333,2011.0,7287.86,5234.32,573.19,3666.37,311.36,1119.79,0.4
3,161.0,28.5802,35.442499999999995,14.262899999999998,90.99099999999999,35.3609,23.1629,28.5946,7.638400000000001,2011.0,161.0,5.814400000000001,29.528600000000004,0.0,57.2023,24.416400000000003,13.327299999999997,19.1122,2.4649,2011.0,161.0,20.40143333333333,33.4169,4.425653333333333,70.85333999999999,29.271833333333333,18.68172,23.792226666666664,4.9419,2011.0,7430.13,5373.56,565.17,3729.08,332.06,1079.11,0.22
4,177.0,29.653999999999996,35.8154,28.9569,87.7924,37.5482,24.4882,30.5527,8.238299999999999,2011.0,177.0,7.698,28.385199999999998,0.0,54.4886,21.5912,13.4238,18.5857,2.4978,2011.0,177.0,22.007399999999997,33.66042,5.473613333333334,71.44344000000001,29.16650666666667,18.837326666666666,23.811713333333337,5.221726666666666,2011.0,7553.85,5343.55,496.9,3601.12,275.47,1017.13,0.32
5,193.0,27.450700000000005,37.6988,8.8363,84.6155,36.159400000000005,27.414099999999998,32.4056,5.0198,2011.0,193.0,13.946000000000002,32.9884,0.0,53.125699999999995,28.943199999999997,19.4012,25.1049,1.3409,2011.0,193.0,22.71989333333333,36.0406,2.76184,67.59782,32.594460000000005,22.824286666666662,27.624586666666666,3.45786,2011.0,8035.47,5617.93,391.59,3614.27,218.07,858.19,0.03
6,209.0,26.514800000000005,39.3043,13.9173,80.9964,39.9902,26.351399999999998,31.1832,6.0266,2011.0,209.0,10.2214,33.9409,0.0,58.8066,29.801700000000004,21.8292,26.1007,2.0195,2011.0,209.0,21.868333333333332,36.683746666666664,3.8304799999999997,69.26926,33.98131333333333,24.141033333333333,28.7305,3.41532,2011.0,7700.42,5296.09,449.83,3495.91,244.64,976.39,0.0
7,225.0,25.957700000000003,36.7738,13.5887,84.2958,32.6942,23.651699999999998,26.698600000000006,5.4907,2011.0,225.0,16.3801,30.103900000000003,0.0,47.055800000000005,25.1676,16.433500000000002,21.236800000000002,1.7002000000000002,2011.0,225.0,22.89084,33.047293333333336,3.0176133333333333,64.79340666666666,30.267220000000002,19.311619999999998,24.449260000000002,3.20334,2011.0,8045.22,5686.82,394.89,3672.23,221.45,847.21,0.0
8,241.0,24.4321,36.6523,10.4917,83.1109,38.873400000000004,23.905,30.5462,6.6865000000000006,2011.0,241.0,6.4894,25.0631,0.0,43.268299999999996,23.934,10.0871,17.0309,1.92,2011.0,241.0,18.61961333333333,32.591653333333326,2.4014533333333334,59.635180000000005,31.620146666666667,18.38426666666667,24.76398,3.9771466666666666,2011.0,7695.88,5217.06,444.65,3425.38,244.98,867.76,0.0
9,257.0,22.4331,32.3384,15.2755,91.85810000000001,33.63290000000001,17.0287,25.0408,6.1842,2011.0,257.0,5.219399999999999,24.47,0.0,39.7474,15.519300000000001,4.6448,10.4824,2.2451,2011.0,257.0,16.921859999999995,29.16178666666667,1.5659933333333331,56.55169333333333,24.891266666666674,11.99135333333333,18.21775333333333,4.108700000000001,2011.0,6912.21,4351.25,546.17,2991.94,296.54,974.64,0.0
10,273.0,18.77,31.971999999999998,2.9438,65.8827,30.2397,17.000100000000003,22.955999999999996,8.5386,2011.0,273.0,10.4017,22.836,0.0,32.5845,20.088,5.2735,12.7407,2.1318,2011.0,273.0,15.859093333333334,26.979233333333333,0.5647066666666667,48.74386,25.018240000000006,10.047059999999998,16.922560000000004,4.3333,2011.0,5705.71,3390.14,727.36,2644.55,383.96,1268.59,0.0
11,289.0,15.915700000000001,30.8351,14.3704,83.7968,28.456300000000002,15.446299999999997,21.3519,7.4559,2011.0,289.0,5.361999999999999,20.8681,0.0,41.5671,10.7127,0.5699,5.705,2.3151,2011.0,289.0,11.579386666666666,26.51961333333333,2.22356,55.00359333333334,19.383313333333334,8.163133333333334,13.01076,4.806406666666668,2011.0,4685.86,2760.5,922.99,2523.93,476.93,1537.09,0.0
12,305.0,12.7789,29.897399999999998,37.9853,83.0619,26.758499999999998,13.4896,19.0747,8.2531,2011.0,305.0,1.919,21.125500000000002,0.0,34.7601,8.9586,-1.1815,4.8141,3.0983,2011.0,305.0,10.001059999999999,25.08466,4.05182,56.78399999999999,15.803400000000002,4.161473333333333,9.226399999999998,5.543966666666666,2011.0,4352.19,2515.6,944.09,2394.85,489.58,1522.21,0.15
