,DOY,INSgdmax,RADmax,RAINmax,RHmax,TMAXmax,TMINmax,Tmax,WINDmax,YEAR,DOY,INSgdmin,RADmin,RAINmin,RHmin,TMAXmin,TMINmin,Tmin,WINDmin,YEAR,DOY,INSgdmean,RADmean,RAINmean,RHmean,TMAXmean,TMINmean,Tmean,WINDmean,YEAR,NDVI,EVI,RED,NIR,BLUE,MIR,pixrel
0,113.0,23.595199999999995,28.002,13.411600000000002,90.69840000000002,17.4168,8.578000000000001,11.736799999999999,9.7368,2011.0,113.0,5.4096,22.5288,0.0,64.3188,2.8396,-3.2624000000000004,0.9724,1.7944,2011.0,113.0,12.787226666666665,25.78549333333334,3.209546666666667,76.05298666666667,11.610879999999998,0.9656266666666666,6.187546666666666,5.739813333333333,2011.0,4195.78,1825.39,597.1,1550.73,313.95,1071.59,0.27
1,129.0,29.008000000000003,33.1288,12.0764,92.1108,27.0848,18.338399999999996,22.2324,8.1784,2011.0,129.0,6.0520000000000005,21.8036,0.0,54.6096,10.756,-1.5708000000000002,4.7976,2.2772,2011.0,129.0,19.094640000000002,27.7404,2.8886133333333337,71.53413333333332,18.666240000000002,7.437013333333334,12.980986666666666,5.437786666666668,2011.0,4944.32,2536.94,615.56,1986.77,326.82,1111.61,0.01
2,145.0,29.2224,33.868,25.15,90.8844,28.087999999999997,18.4756,23.054000000000002,8.697999999999999,2011.0,145.0,6.6088,23.47,0.0,56.983599999999996,13.788799999999998,5.347200000000001,11.414399999999999,3.5768,2011.0,145.0,20.2012,29.707626666666666,4.369626666666666,74.64037333333333,21.851519999999997,11.802666666666667,16.854746666666667,5.767386666666666,2011.0,7569.02,4642.86,322.94,2857.38,197.88,589.73,0.0
3,161.0,29.213199999999997,34.1268,14.0152,88.20320000000001,32.1392,20.3304,26.4712,7.434000000000001,2011.0,161.0,10.8544,28.962400000000002,0.0,61.8888,19.3656,9.847199999999999,14.5972,3.2468000000000004,2011.0,161.0,22.107920000000004,31.51541333333334,4.22824,74.62519999999999,25.4288,14.675600000000001,20.14106666666667,5.036906666666665,2011.0,7905.95,5391.95,341.94,3376.45,232.3,578.24,0.9
4,177.0,29.2568,36.196799999999996,19.3752,91.8944,33.0004,23.733999999999998,28.316399999999998,6.8388,2011.0,177.0,9.78,27.622,0.0,68.5996,18.3624,11.312000000000001,15.003200000000001,2.3184,2011.0,177.0,21.720000000000002,32.47565333333333,3.756986666666667,80.58890666666667,25.609626666666664,16.374879999999997,21.07642666666667,4.852399999999999,2011.0,8154.39,5421.08,263.6,3319.07,161.09,515.25,0.0
5,193.0,28.423199999999998,37.1224,14.7056,95.44720000000001,32.048,26.074,29.5156,5.2208,2011.0,193.0,8.852400000000001,29.932800000000004,0.0,72.5128,23.852,14.9448,19.356,1.1828,2011.0,193.0,21.307813333333332,34.51645333333333,5.256773333333333,81.87712,28.14285333333334,20.253279999999993,24.230559999999997,3.4720533333333328,2011.0,8147.46,5174.65,228.06,3082.94,138.05,466.08,0.0
6,209.0,27.491199999999996,37.91239999999999,15.5092,96.16440000000001,30.7368,24.1984,27.11,5.6696,2011.0,209.0,10.5096,29.645599999999998,0.0,72.022,26.7516,17.162000000000003,22.7172,1.9468,2011.0,209.0,19.39762666666667,34.19893333333334,4.270053333333333,83.33887999999999,28.743599999999994,20.97853333333333,25.029520000000005,3.107493333333333,2011.0,8133.08,5156.19,243.41,3090.98,149.51,464.44,0.13
7,225.0,25.1076,35.0732,5.1772,86.72200000000001,27.805200000000003,21.5512,24.534,5.8832,2011.0,225.0,13.0768,27.38,0.0,66.8148,22.815200000000004,12.7528,18.468,1.5652,2011.0,225.0,21.433893333333334,31.001600000000003,0.9604533333333333,76.32104,25.393306666666664,16.413733333333333,20.961253333333335,3.20208,2011.0,7966.48,4818.87,250.93,2863.36,151.09,477.12,0.0
8,241.0,24.083199999999998,36.2476,20.943199999999997,94.0376,31.991999999999997,21.3692,25.9236,6.460800000000001,2011.0,241.0,4.8544,25.200000000000003,0.0,64.9692,19.07,7.8027999999999995,14.128,1.5088,2011.0,241.0,17.126826666666666,31.11786666666667,3.33096,77.36461333333332,25.584960000000002,15.548319999999999,20.671999999999997,3.63496,2011.0,7746.07,4353.25,264.24,2570.93,163.01,456.18,0.0
9,257.0,21.53,31.5756,8.588799999999999,88.47,29.372800000000005,16.156000000000002,22.4168,7.9324,2011.0,257.0,4.8288,22.603199999999998,0.0,46.998,14.59,0.9743999999999999,8.3592,1.2944000000000002,2011.0,257.0,16.724346666666666,28.171866666666666,1.1633600000000002,67.2992,21.039306666666672,10.313920000000003,15.60864,4.09088,2011.0,6749.46,3409.98,349.23,2122.55,202.0,497.36,0.01
10,273.0,17.682399999999998,30.863200000000003,8.0096,92.2124,26.930400000000002,15.1508,20.545999999999996,8.936,2011.0,273.0,4.8392,21.513199999999998,0.0,45.0188,14.962,1.4156,8.8756,1.7431999999999999,2011.0,273.0,14.372613333333334,26.845066666666664,0.7482933333333335,64.90522666666666,20.570506666666667,8.833546666666667,14.24568,4.5108,2011.0,5306.75,2520.94,521.74,1864.95,265.16,640.62,0.01
11,289.0,14.556799999999999,31.5612,5.788,87.502,25.6948,13.541999999999998,18.9244,7.9348,2011.0,289.0,4.2008,20.2644,0.0,47.113200000000006,8.506,-0.07800000000000001,4.6028,2.5856000000000003,2011.0,289.0,11.272693333333333,25.706480000000003,1.1837333333333335,64.25538666666667,16.44104,6.277946666666666,10.727839999999997,5.320266666666666,2011.0,5059.98,1985.98,425.16,1428.76,232.56,747.88,2.65
12,305.0,11.360800000000001,29.009999999999998,11.617199999999999,83.8988,20.4368,7.069599999999999,12.3468,8.752799999999999,2011.0,305.0,2.2288,20.3892,0.0,45.98440000000001,7.0196000000000005,-1.4236000000000002,3.658,2.9628000000000005,2011.0,305.0,9.110053333333335,24.210533333333338,2.5641866666666666,65.12914666666667,12.051866666666665,1.6129333333333333,6.142533333333334,4.987973333333334,2011.0,4849.66,1817.63,390.31,1361.51,184.24,782.97,10.21
