,DOY,INSgdmax,RADmax,RAINmax,RHmax,TMAXmax,TMINmax,Tmax,WINDmax,YEAR,DOY,INSgdmin,RADmin,RAINmin,RHmin,TMAXmin,TMINmin,Tmin,WINDmin,YEAR,DOY,INSgdmean,RADmean,RAINmean,RHmean,TMAXmean,TMINmean,Tmean,WINDmean,YEAR,NDVI,EVI,RED,NIR,BLUE,MIR,pixrel
0,113.0,25.3676,28.282400000000003,8.930800000000001,83.7064,20.461599999999997,5.9232,13.6228,8.9276,2011.0,113.0,5.532,23.176399999999997,0.0,55.2984,6.0851999999999995,-3.5744,2.46,1.67,2011.0,113.0,13.668826666666666,25.992426666666667,1.9962933333333335,68.69930666666667,13.521306666666666,1.5889866666666668,7.335946666666666,5.910746666666666,2011.0,2604.88,1060.61,747.09,1303.7,401.59,1350.09,0.94
1,129.0,29.0232,31.766000000000002,11.0396,83.4836,31.1364,17.644800000000004,23.878000000000004,8.604,2011.0,129.0,9.3124,20.0972,0.0,43.400000000000006,13.1032,-0.9816,6.1684,2.2572,2011.0,129.0,22.089466666666667,27.179013333333327,1.9266133333333333,58.51685333333334,20.87616,7.447066666666668,14.032986666666668,5.800853333333334,2011.0,2938.04,1326.72,805.82,1518.95,437.79,1730.31,0.02
2,145.0,29.2828,34.2,32.248400000000004,87.5824,27.958399999999997,18.724,23.203200000000002,9.356399999999999,2011.0,145.0,8.104400000000002,24.839599999999997,0.0,44.2696,15.5484,6.6968000000000005,12.909199999999998,3.5936000000000003,2011.0,145.0,19.71429333333333,29.987573333333334,6.336613333333332,69.92269333333334,22.661119999999997,12.076586666666666,17.33778666666667,5.929013333333333,2011.0,3321.91,1569.2,780.44,1628.54,425.89,1709.07,0.25
3,161.0,28.9632,34.2096,12.5908,90.1072,34.538,21.503200000000003,27.485200000000003,7.4896,2011.0,161.0,4.3832,28.5724,0.0,47.962,21.0032,11.0292,15.7064,2.7152000000000003,2011.0,161.0,21.64229333333333,31.60837333333333,3.1150133333333336,66.72856,26.95637333333334,15.672720000000002,21.106453333333334,4.96344,2011.0,4868.65,2151.02,495.12,1618.89,264.7,913.87,0.01
4,177.0,28.85,35.756,11.4184,90.7168,35.0188,23.0448,28.5192,7.9536,2011.0,177.0,9.3632,28.325599999999998,0.0,59.6008,16.8028,12.438,15.461599999999999,2.5183999999999997,2011.0,177.0,22.10704,32.41874666666667,3.24712,75.41104000000001,26.56792,16.781813333333332,21.65442666666667,5.099413333333334,2011.0,5694.15,3401.31,551.09,2517.31,281.24,1024.98,5.43
5,193.0,28.5836,37.1456,16.7632,91.5692,34.7872,26.067600000000002,31.4496,5.646,2011.0,193.0,9.324399999999999,31.6892,0.0,63.3652,25.17,16.1524,21.752,1.9043999999999999,2011.0,193.0,22.738639999999997,35.135493333333336,4.293626666666667,76.8456,29.713306666666664,21.508399999999998,25.56701333333333,3.7584533333333328,2011.0,6088.1,3976.84,601.97,2916.61,316.87,835.16,0.3
6,209.0,26.869999999999997,37.1872,12.892000000000001,89.69839999999999,34.6692,24.107599999999998,28.761599999999998,5.8168,2011.0,209.0,7.9664,29.6452,0.0,60.684000000000005,28.346799999999998,16.664,23.1856,1.6824,2011.0,209.0,21.402693333333332,34.53317333333334,2.601493333333334,76.29818666666665,30.330666666666662,21.29488,25.884186666666672,3.409653333333333,2011.0,5747.88,3485.02,520.51,2576.82,252.93,803.62,10.2
7,225.0,25.4368,34.7624,8.0316,84.6096,29.923599999999997,20.3652,24.190400000000004,5.4716,2011.0,225.0,12.0524,29.0896,0.0,53.782,25.874000000000002,13.8268,20.2876,1.8768000000000002,2011.0,225.0,21.53309333333333,31.80517333333333,1.4427733333333332,65.74178666666667,27.83885333333334,17.049093333333335,22.431520000000003,3.6801866666666667,2011.0,4505.23,2653.55,745.3,2346.99,364.95,983.49,10.2
8,241.0,24.1828,35.486,10.762799999999999,83.92079999999999,36.882400000000004,20.7172,28.2472,6.0004,2011.0,241.0,7.255599999999999,24.716800000000003,0.0,43.1424,22.3296,9.350399999999999,16.3688,2.2852,2011.0,241.0,18.615893333333332,31.52130666666666,1.8684266666666667,62.80698666666666,28.67717333333333,16.399066666666666,22.44536,3.8991200000000004,2011.0,3547.5,1937.68,896.95,1997.97,465.51,1282.64,0.01
9,257.0,21.606800000000003,31.945999999999998,3.5664,78.0728,34.093199999999996,17.3756,24.668799999999997,9.0168,2011.0,257.0,5.243600000000001,24.406,0.0,35.7272,13.9568,2.9752,8.8312,2.0595999999999997,2011.0,257.0,16.40994666666667,28.862,0.6454933333333333,52.92634666666666,23.678720000000002,11.285839999999997,17.253066666666665,4.425786666666666,2011.0,3044.63,1592.35,979.38,1879.09,512.65,1393.88,0.0
10,273.0,18.7032,33.443200000000004,1.55,60.971599999999995,30.2148,18.8956,22.452000000000005,10.3172,2011.0,273.0,11.8604,22.8404,0.0,31.4576,20.146,4.0127999999999995,12.3268,1.3672,2011.0,273.0,16.563546666666667,26.41941333333333,0.10445333333333334,45.18528,24.745706666666663,9.87816,16.79872,5.318586666666668,2011.0,2786.08,1376.62,951.1,1707.98,514.33,1501.91,0.2
11,289.0,14.1936,31.3968,2.4543999999999997,69.174,26.5332,17.606,21.295599999999997,7.8267999999999995,2011.0,289.0,5.418799999999999,20.224,0.0,40.6584,9.851200000000002,-2.0016000000000003,3.3612,2.4392,2011.0,289.0,11.805493333333333,25.48285333333333,0.4010666666666666,52.73285333333334,17.830906666666667,6.642853333333333,11.52682666666667,4.993040000000001,2011.0,2855.92,1271.18,816.82,1494.89,439.93,1392.32,0.48
12,305.0,12.303999999999998,26.3896,8.5324,70.2356,16.9808,7.6052,11.6632,9.944400000000002,2011.0,305.0,4.0316,18.896,0.0,36.9848,7.372,-2.242,3.5675999999999997,3.0044,2011.0,305.0,9.88368,23.402053333333335,1.1830933333333333,51.09098666666667,12.514746666666667,1.806293333333333,6.591973333333335,5.399946666666667,2011.0,2766.8,1251.59,800.85,1466.03,428.76,1386.38,0.5
