,DOY,INSgdmax,RADmax,RAINmax,RHmax,TMAXmax,TMINmax,Tmax,WINDmax,YEAR,DOY,INSgdmin,RADmin,RAINmin,RHmin,TMAXmin,TMINmin,Tmin,WINDmin,YEAR,DOY,INSgdmean,RADmean,RAINmean,RHmean,TMAXmean,TMINmean,Tmean,WINDmean,YEAR,NDVI,EVI,RED,NIR,BLUE,MIR,pixrel
0,113.0,22.6405,28.664999999999996,17.071499999999997,89.432,18.9675,10.173,13.4025,10.027000000000001,2011.0,113.0,4.9195,23.0995,0.0,61.528000000000006,4.1995000000000005,-3.1605,2.2865,1.9334999999999998,2011.0,113.0,12.561399999999999,26.69816666666666,3.2637,73.05856666666665,13.451566666666666,2.2335666666666665,7.732599999999999,5.790066666666666,2011.0,5530.42,2415.14,503.57,1745.97,258.25,847.7,0.05
1,129.0,29.194499999999998,33.393499999999996,16.1755,89.25,28.7465,19.305,23.5435,7.5445,2011.0,129.0,5.744000000000001,20.905500000000004,0.0,51.560500000000005,13.1785,-1.1389999999999998,5.954000000000001,3.3714999999999997,2011.0,129.0,20.767333333333333,27.824033333333333,2.323733333333334,69.20836666666666,20.077166666666667,8.624166666666667,14.178966666666668,5.4052999999999995,2011.0,5949.63,2921.61,529.26,2071.45,273.92,923.84,0.0
2,145.0,28.829,33.7645,26.8935,89.01599999999999,29.715500000000002,19.1905,24.0675,8.2405,2011.0,145.0,6.283499999999999,24.5305,0.0,56.583999999999996,17.2515,7.3765,13.119,3.22,2011.0,145.0,19.918266666666668,30.1632,5.022100000000001,72.24166666666667,23.61923333333333,12.742733333333334,18.1279,5.556366666666667,2011.0,7649.11,4271.63,343.61,2600.84,198.97,585.08,0.0
3,161.0,28.528499999999998,34.624500000000005,25.5255,91.5765,33.023,22.145999999999997,27.2,7.342499999999999,2011.0,161.0,10.370000000000001,29.4555,0.0,60.864999999999995,20.5535,11.389000000000001,16.7445,3.0069999999999997,2011.0,161.0,21.45263333333334,32.4794,6.196466666666667,72.93910000000001,27.118566666666663,16.393233333333335,21.623700000000003,5.049966666666666,2011.0,8036.28,5177.16,337.08,3184.21,202.63,611.85,0.49
4,177.0,28.861,36.619,24.946,88.911,34.814,24.241,29.264,7.029,2011.0,177.0,10.899,28.267000000000003,0.0,64.341,20.04,12.195,16.737499999999997,2.5315000000000003,2011.0,177.0,22.100533333333335,32.89456666666666,5.2109,77.30806666666665,26.956633333333333,17.602233333333334,22.205766666666666,4.9803999999999995,2011.0,8286.63,5121.22,278.86,3044.5,169.9,520.99,0.0
5,193.0,26.985500000000002,37.333499999999994,9.4225,90.19550000000001,34.8565,26.248,31.08,5.079000000000001,2011.0,193.0,10.107000000000001,32.382,0.0,60.236,27.067500000000003,16.946999999999996,22.225,1.5,2011.0,193.0,21.198666666666668,35.161233333333335,3.3778000000000006,74.63303333333334,30.0443,21.413899999999998,25.810133333333336,3.5064666666666673,2011.0,8472.75,4935.2,228.84,2841.81,139.76,452.31,0.01
6,209.0,26.811,38.7975,14.7385,89.7375,33.6465,25.2995,28.302500000000002,5.585,2011.0,209.0,9.302,31.6495,0.0,64.551,29.352,18.4985,24.8165,1.836,2011.0,209.0,19.743766666666666,35.5574,4.8513666666666655,77.7034,30.903166666666674,22.450399999999995,26.704799999999995,2.9464,2011.0,8433.26,4896.25,235.21,2830.41,140.21,460.23,0.0
7,225.0,25.5945,36.846000000000004,8.941,81.8175,31.337999999999997,22.279,26.364,5.547,2011.0,225.0,16.159,28.816,0.0,52.687,25.262999999999998,14.415999999999999,20.139000000000003,1.5825,2011.0,225.0,22.713700000000003,31.950033333333337,1.5830666666666668,65.34096666666669,28.634733333333337,17.951500000000003,23.0467,3.277233333333333,2011.0,8114.34,4702.5,290.33,2789.79,173.99,516.61,0.01
8,241.0,24.0535,36.94499999999999,24.6905,90.23150000000001,37.120000000000005,22.923000000000002,28.671,6.677500000000001,2011.0,241.0,4.093,25.184,0.0,51.8435,21.358,8.845500000000001,15.441500000000001,2.113,2011.0,241.0,17.870233333333335,31.914899999999996,3.4673,67.06099999999999,29.008666666666663,16.872899999999998,22.82316666666667,3.887133333333333,2011.0,7930.17,4194.75,281.31,2443.63,170.16,482.66,0.0
9,257.0,22.023,32.190999999999995,11.8165,88.848,32.640499999999996,16.8625,24.664,7.390000000000001,2011.0,257.0,4.905,23.596500000000002,0.0,41.460499999999996,15.814000000000002,2.226,9.752999999999998,1.9175,2011.0,257.0,16.391733333333335,28.71516666666666,1.5712333333333335,59.78593333333335,23.185466666666667,11.158133333333332,17.030433333333335,4.2173,2011.0,7269.68,3424.36,329.25,2063.44,185.47,498.63,0.0
10,273.0,18.0415,31.1095,8.308499999999999,90.32000000000001,28.869999999999997,15.793500000000002,21.7755,8.489,2011.0,273.0,4.1955,22.0105,0.0,34.745,16.835,2.9050000000000002,10.488499999999998,1.9594999999999998,2011.0,273.0,14.08246666666667,27.03166666666666,0.6936333333333334,58.38273333333334,22.383666666666667,9.2146,15.2243,4.332,2011.0,6455.31,2810.13,396.37,1820.9,203.38,549.79,0.0
11,289.0,15.2475,30.686500000000002,5.855500000000001,84.90899999999999,27.302499999999995,13.932000000000002,20.013,7.646499999999999,2011.0,289.0,4.918,21.657500000000002,0.0,43.40550000000001,9.8185,0.5984999999999999,5.628000000000001,2.532,2011.0,289.0,11.456966666666666,26.189233333333334,1.0800666666666663,58.679399999999994,18.14446666666667,7.282633333333333,11.986833333333337,5.068833333333333,2011.0,5624.81,2270.33,445.01,1583.21,228.9,691.01,0.0
12,305.0,11.729000000000001,30.1125,17.818,84.423,23.996000000000002,10.805499999999999,16.2395,7.855,2011.0,305.0,1.4180000000000001,20.732499999999998,0.0,39.862,7.983999999999999,-1.292,3.9930000000000003,2.5414999999999996,2011.0,305.0,9.135766666666669,24.986766666666668,3.506966666666666,61.66763333333333,13.830066666666667,2.8242666666666683,7.636533333333334,5.202133333333333,2011.0,5841.79,2219.84,395.32,1496.12,199.29,698.47,0.15
