,DOY,INSgdmax,RADmax,RAINmax,RHmax,TMAXmax,TMINmax,Tmax,WINDmax,YEAR,DOY,INSgdmin,RADmin,RAINmin,RHmin,TMAXmin,TMINmin,Tmin,WINDmin,YEAR,DOY,INSgdmean,RADmean,RAINmean,RHmean,TMAXmean,TMINmean,Tmean,WINDmean,YEAR,NDVI,EVI,RED,NIR,BLUE,MIR,pixrel
0,113.0,24.2104,28.818,19.7624,91.53200000000001,18.7344,9.028799999999999,13.0652,9.383999999999999,2011.0,113.0,4.3744,23.1672,0.0,62.13640000000001,5.3675999999999995,-2.5412,2.3284000000000002,1.9547999999999999,2011.0,113.0,13.10149333333333,26.714746666666663,3.6068,76.35930666666667,13.005866666666666,2.1791199999999997,7.399333333333334,5.659946666666667,2011.0,2593.04,752.11,214.09,1021.25,-12.63,609.59,66.33
1,129.0,29.145200000000003,33.05239999999999,12.992799999999999,91.5996,27.3176,19.311199999999996,22.6792,7.7272,2011.0,129.0,4.2248,20.8396,0.0,55.7508,10.669599999999999,-1.2191999999999998,4.9,2.9092,2011.0,129.0,18.55477333333333,27.795946666666666,2.9131466666666666,72.56690666666667,19.36968,8.059146666666667,13.620213333333332,5.162933333333335,2011.0,3107.34,1201.03,308.74,1312.86,74.92,748.13,56.17
2,145.0,28.583199999999998,32.87,16.619999999999997,89.69319999999999,28.921599999999998,18.408,23.616400000000002,7.777599999999999,2011.0,145.0,7.034399999999999,25.035199999999996,0.0,58.2772,16.142799999999998,6.2956,12.165199999999999,3.3331999999999997,2011.0,145.0,19.36530666666667,30.1832,4.611653333333334,75.34226666666666,22.89562666666667,12.288373333333332,17.65712,5.366373333333334,2011.0,5450.8,2945.14,236.76,1915.37,134.03,440.06,18.16
3,161.0,28.8,34.0952,22.499200000000002,88.1272,31.648,21.5912,26.375999999999998,6.902400000000001,2011.0,161.0,9.3312,29.3016,0.0,65.584,20.1384,10.375200000000001,15.818800000000003,3.0544000000000002,2011.0,161.0,21.634133333333338,32.346693333333334,5.831893333333333,76.49447999999998,26.299919999999993,15.9216,21.09136,4.84152,2011.0,5482.42,3222.24,214.34,2123.78,125.89,337.43,25.92
4,177.0,28.759200000000003,36.339999999999996,24.129199999999997,90.25280000000001,31.285200000000003,24.4212,27.806400000000004,6.702399999999999,2011.0,177.0,9.712000000000002,27.7668,0.0,68.5592,18.5012,12.330000000000002,16.3732,2.5140000000000002,2011.0,177.0,21.454373333333333,32.80178666666667,6.058026666666667,80.59624000000001,26.04637333333334,17.48256,21.78277333333333,4.733840000000001,2011.0,5515.07,3545.65,-15.78,2358.01,-91.43,204.34,56.14
5,193.0,27.141200000000005,37.4704,14.842799999999999,95.5568,33.181200000000004,26.293599999999998,30.2472,4.8424,2011.0,193.0,11.5724,31.7184,0.0,67.9812,25.6468,15.324,21.268,1.3932,2011.0,193.0,21.358533333333334,34.769226666666654,4.0416533333333335,78.96706666666667,29.057173333333328,20.87032,25.070933333333336,3.340533333333334,2011.0,6078.2,3969.12,365.42,2711.23,293.87,504.95,18.3
6,209.0,27.4608,38.45440000000001,21.0944,91.63759999999999,32.8136,24.762,27.785600000000002,5.4864,2011.0,209.0,10.409600000000001,31.3844,0.0,69.8868,28.7388,18.078,24.5016,1.7311999999999999,2011.0,209.0,20.533013333333333,35.094053333333335,4.475199999999999,81.06586666666668,30.284213333333337,22.20578666666667,26.276400000000002,2.853093333333334,2011.0,6240.01,3894.58,253.15,2471.3,191.97,426.7,13.28
7,225.0,25.410000000000004,35.7616,6.2707999999999995,83.53280000000001,30.397599999999997,22.5272,26.244,5.632,2011.0,225.0,9.745199999999999,28.088,0.0,55.03,24.816000000000003,13.605999999999998,19.4612,1.3096,2011.0,225.0,21.9528,31.49405333333333,1.3018400000000003,68.78296,27.552293333333335,17.596159999999994,22.463119999999996,2.917253333333334,2011.0,5417.62,3245.58,-38.34,2139.64,-117.1,168.04,61.22
8,241.0,23.8748,36.749599999999994,36.9776,91.06639999999999,36.598400000000005,22.8408,28.200000000000006,6.710399999999999,2011.0,241.0,2.6548,24.9496,0.0,56.85079999999999,20.389999999999997,8.7972,14.768400000000002,1.664,2011.0,241.0,18.25570666666667,31.680213333333338,4.079226666666667,69.92743999999999,28.186426666666666,16.912186666666663,22.45856,3.754693333333333,2011.0,5597.43,2772.33,41.6,1793.76,-31.93,185.68,46.1
9,257.0,22.0864,32.175200000000004,11.6344,85.5088,31.6152,16.607599999999998,24.050800000000002,6.9963999999999995,2011.0,257.0,5.2256,23.081199999999995,0.0,44.0572,15.2748,2.2616,9.867999999999999,1.9247999999999996,2011.0,257.0,16.785893333333338,28.356026666666665,1.3869333333333334,62.40317333333333,22.76778666666667,11.092879999999997,16.832053333333334,4.122373333333334,2011.0,4949.66,2217.91,-19.16,1519.85,-109.09,141.7,63.78
10,273.0,17.897600000000004,29.5628,9.6364,95.58599999999998,28.348000000000006,15.426400000000001,21.196,8.003599999999999,2011.0,273.0,3.9152,21.677599999999998,0.0,46.609199999999994,15.648,1.9484,9.633200000000002,1.4004,2011.0,273.0,13.575413333333332,26.67650666666667,0.8661333333333333,64.07770666666666,21.02285333333333,8.420453333333334,14.224560000000002,4.114346666666666,2011.0,3796.42,1552.48,224.97,1322.19,84.33,303.55,48.66
11,289.0,15.477599999999999,30.998400000000004,6.9604,94.3316,26.8284,14.5328,19.4304,7.8348,2011.0,289.0,4.848000000000001,21.957600000000003,0.0,45.9084,10.006799999999998,-0.11000000000000001,5.866000000000001,2.738,2011.0,289.0,11.583200000000001,26.15688,1.6030133333333334,62.74720000000001,17.508186666666667,7.248133333333333,11.73576,5.04808,2011.0,3406.99,859.52,45.09,859.68,-95.82,325.54,66.3
12,305.0,12.4912,30.556399999999996,14.1196,83.45039999999999,23.688,9.7268,15.572000000000001,7.852,2011.0,305.0,1.866,20.2616,0.0,42.8232,6.620400000000001,-1.5068,3.4508,2.3456,2011.0,305.0,8.9316,25.26714666666667,3.258106666666667,66.00768000000001,13.529253333333331,2.6148266666666675,7.388533333333335,4.953919999999999,2011.0,3200.55,812.11,71.61,863.77,-78.77,347.14,66.32
