,DOY,INSgdmax,RADmax,RAINmax,RHmax,TMAXmax,TMINmax,Tmax,WINDmax,YEAR,DOY,INSgdmin,RADmin,RAINmin,RHmin,TMAXmin,TMINmin,Tmin,WINDmin,YEAR,DOY,INSgdmean,RADmean,RAINmean,RHmean,TMAXmean,TMINmean,Tmean,WINDmean,YEAR,NDVI,EVI,RED,NIR,BLUE,MIR,pixrel
0,113.0,23.916800000000002,28.7832,19.6244,91.1228,18.796800000000005,9.378,13.3108,9.500799999999998,2011.0,113.0,4.328,23.2648,0.0,61.979200000000006,5.638,-2.5792,2.5276,1.984,2011.0,113.0,12.892773333333329,26.836079999999995,3.505946666666666,75.48101333333334,13.340213333333335,2.3345866666666666,7.645813333333334,5.711066666666667,2011.0,4577.13,2197.27,697.81,1880.44,352.46,1224.86,0.32
1,129.0,29.199999999999996,33.114799999999995,14.0388,90.8224,27.677999999999997,19.4696,22.9908,7.660799999999999,2011.0,129.0,3.7276000000000002,20.6912,0.0,54.653999999999996,11.045200000000001,-1.248,5.0552,2.9903999999999997,2011.0,129.0,18.931146666666667,27.809759999999997,2.7793599999999996,71.81885333333334,19.66213333333333,8.237706666666666,13.843946666666664,5.205066666666667,2011.0,4994.35,2523.35,678.66,2048.37,345.51,1329.88,0.0
2,145.0,28.6064,33.0396,18.383599999999998,89.0656,29.206,18.6056,23.812400000000004,7.7700000000000005,2011.0,145.0,7.1488,25.179999999999996,0.0,58.1652,16.7988,6.6836,12.5192,3.308,2011.0,145.0,19.621386666666666,30.219759999999997,5.006213333333334,74.69541333333333,23.222853333333333,12.469413333333334,17.8856,5.3775200000000005,2011.0,7749.46,4548.64,336.99,2792.05,187.28,648.08,0.0
3,161.0,28.866799999999998,34.2164,24.151200000000003,88.1204,31.8964,21.8572,26.552799999999998,6.9152000000000005,2011.0,161.0,9.929599999999999,29.291599999999995,0.0,64.6076,20.4912,10.658400000000002,16.2864,3.0212,2011.0,161.0,21.605253333333337,32.49149333333334,6.176959999999999,75.95095999999998,26.62578666666666,16.200213333333334,21.356426666666664,4.885759999999999,2011.0,8134.58,5564.07,330.86,3486.49,187.61,662.98,0.98
4,177.0,28.773200000000003,36.3284,25.5184,90.1444,31.8248,24.4212,28.038400000000003,6.8076,2011.0,177.0,9.506,27.846400000000003,0.0,67.6928,18.8108,12.435200000000002,16.623199999999997,2.5664000000000002,2011.0,177.0,21.651146666666666,32.82973333333333,6.255226666666666,79.96472000000001,26.29448,17.62416,21.945653333333333,4.787786666666667,2011.0,8336.47,5806.71,303.67,3617.46,170.32,641.18,0.0
5,193.0,26.9952,37.33,13.7628,94.51599999999999,33.6736,26.294,30.5308,4.805999999999999,2011.0,193.0,12.416000000000002,32.1136,0.0,65.8108,26.209200000000003,15.7648,21.7412,1.4207999999999998,2011.0,193.0,21.487253333333335,34.88767999999999,3.55224,77.74584,29.38815999999999,21.062986666666664,25.340320000000006,3.350986666666667,2011.0,8366.2,5411.06,265.7,3278.65,146.86,572.01,0.0
6,209.0,27.391999999999996,38.616400000000006,21.3544,90.51599999999999,33.248000000000005,24.9756,27.969600000000003,5.483199999999999,2011.0,209.0,10.3408,31.618399999999998,0.0,68.6056,29.082,18.224800000000002,24.7584,1.7496,2011.0,209.0,20.627679999999998,35.301093333333334,4.505119999999999,80.09234666666667,30.629199999999997,22.383893333333333,26.519653333333334,2.8458133333333335,2011.0,8388.49,5214.84,249.71,3093.25,138.84,533.18,0.04
7,225.0,25.4416,36.0644,6.636800000000001,82.96319999999999,30.839599999999997,22.528799999999997,26.4416,5.575200000000001,2011.0,225.0,10.7976,28.36,0.0,52.59120000000001,25.23,13.8356,19.6964,1.3676,2011.0,225.0,22.206453333333332,31.654986666666662,1.3625066666666665,67.06570666666669,28.065626666666674,17.73632,22.744506666666663,2.962693333333333,2011.0,8091.29,5306.81,328.14,3303.15,182.22,638.97,0.02
8,241.0,23.917999999999996,36.8432,36.4616,90.2624,37.3864,23.052,28.67,6.760400000000001,2011.0,241.0,2.2876,24.883200000000002,0.0,55.20479999999999,20.8372,8.937999999999999,15.0152,1.8095999999999999,2011.0,241.0,18.311706666666666,31.78933333333333,3.9829066666666666,68.28914666666667,28.68656,17.04933333333333,22.743226666666665,3.800666666666666,2011.0,7790.82,4304.21,308.52,2586.39,170.78,569.62,0.0
9,257.0,22.188399999999998,32.18,11.774,85.5372,32.1624,16.816,24.429999999999996,7.001600000000001,2011.0,257.0,5.1464,23.131600000000002,0.0,42.9488,15.476799999999999,2.386,9.9976,2.018,2011.0,257.0,16.734053333333335,28.481413333333332,1.3045600000000002,60.880160000000004,23.093893333333337,11.193413333333332,17.033173333333334,4.162693333333334,2011.0,7230.24,3733.08,360.11,2311.09,194.27,612.97,0.0
10,273.0,17.9696,29.6396,8.843200000000001,94.88160000000002,28.728,15.6016,21.4772,7.993599999999999,2011.0,273.0,4.0036,21.7712,0.0,43.5056,15.999600000000001,2.2011999999999996,9.9132,1.4672,2011.0,273.0,13.620746666666665,26.740959999999998,0.7584533333333334,62.25304,21.42608,8.540213333333334,14.474160000000001,4.144186666666667,2011.0,4885.5,2374.55,657.32,1919.05,348.75,898.01,0.0
11,289.0,15.488800000000001,30.9604,6.7696,93.07639999999999,27.1228,14.6632,19.6808,7.7632,2011.0,289.0,5.0232,22.0532,0.0,45.0424,10.0816,0.012799999999999992,5.9416,2.7072000000000003,2011.0,289.0,11.59698666666667,26.27586666666667,1.5615200000000002,61.33114666666666,17.808346666666665,7.390933333333333,11.927946666666669,5.027946666666667,2011.0,5354.52,2102.52,452.18,1508.28,230.57,808.9,0.38
12,305.0,12.4568,30.5836,15.018000000000002,82.5484,24.237599999999997,10.389999999999999,16.187199999999997,7.750800000000001,2011.0,305.0,1.6904000000000001,20.352800000000002,0.0,41.2872,6.8436,-1.5364,3.4508,2.3364,2011.0,305.0,8.985946666666667,25.35344,3.348933333333333,64.56842666666667,13.838506666666667,2.7516533333333335,7.610880000000002,5.0383733333333325,2011.0,5209.8,1880.53,427.36,1352.06,219.81,819.93,0.0
