,DOY,INSgdmax,RADmax,RAINmax,RHmax,TMAXmax,TMINmax,Tmax,WINDmax,YEAR,DOY,INSgdmin,RADmin,RAINmin,RHmin,TMAXmin,TMINmin,Tmin,WINDmin,YEAR,DOY,INSgdmean,RADmean,RAINmean,RHmean,TMAXmean,TMINmean,Tmean,WINDmean,YEAR,NDVI,EVI,RED,NIR,BLUE,MIR,pixrel
0,113.0,26.17,29.99,18.11,93.55,21.9,11.18,15.49,8.94,2011.0,113.0,5.36,24.52,0.0,61.28,10.86,-1.45,5.33,2.25,2011.0,113.0,13.386,27.422666666666665,3.9106666666666667,73.164,15.671333333333331,4.1819999999999995,9.651333333333334,5.6226666666666665,2011.0,4825.65,1896.5,429.12,1384.22,259.43,708.33,0.12
1,129.0,29.34,33.52,9.08,89.63,28.39,20.24,23.72,6.91,2011.0,129.0,4.18,21.53,0.0,52.09,12.65,-0.29,6.34,3.39,2011.0,129.0,19.896,27.962666666666667,2.1366666666666663,70.64866666666667,20.558000000000003,9.439333333333334,14.927333333333335,5.023333333333334,2011.0,5419.8,2213.67,426.16,1559.34,244.93,733.35,0.0
2,145.0,29.02,33.34,24.21,89.36,29.77,19.79,24.62,7.65,2011.0,145.0,9.47,25.45,0.0,58.44,19.16,7.83,13.22,2.64,2011.0,145.0,20.95133333333333,30.70066666666667,5.624,74.388,24.61133333333333,13.627999999999997,19.144000000000002,4.978666666666667,2011.0,6747.48,2835.76,257.94,1689.0,163.18,421.11,0.04
3,161.0,28.69,35.39,24.12,88.92,31.88,22.54,26.94,6.97,2011.0,161.0,5.98,30.53,0.0,64.45,22.85,12.13,17.52,2.92,2011.0,161.0,20.355999999999998,33.164,6.237333333333334,78.61133333333333,27.643999999999995,17.969999999999995,22.70866666666667,4.667333333333334,2011.0,7237.43,4060.18,319.89,2475.91,242.37,494.73,0.87
4,177.0,29.45,35.42,27.89,90.01,31.41,24.47,27.87,7.33,2011.0,177.0,5.8,27.76,0.0,65.81,21.39,13.42,18.44,2.77,2011.0,177.0,21.88133333333333,33.06133333333334,6.848,78.90866666666668,26.995333333333335,18.554000000000006,22.781999999999996,4.734666666666667,2011.0,7537.25,4154.42,237.05,2451.42,163.2,398.42,0.03
5,193.0,27.83,37.73,8.8,86.02,35.03,26.81,31.72,4.86,2011.0,193.0,14.62,32.54,0.0,61.44,28.24,17.75,23.49,1.74,2011.0,193.0,22.574,35.476666666666674,1.78,73.17,31.011333333333326,22.034666666666666,26.534666666666663,3.206666666666666,2011.0,7555.84,4061.02,226.7,2383.69,162.8,353.9,0.0
6,209.0,26.78,38.7,14.3,84.84,36.88,25.89,29.92,5.42,2011.0,209.0,9.5,33.48,0.0,62.57,29.56,21.18,26.68,1.17,2011.0,209.0,22.334666666666667,36.12133333333334,2.936666666666666,73.59933333333333,33.152,23.813333333333336,28.31866666666667,3.0220000000000002,2011.0,7313.88,3727.3,207.71,2133.51,145.85,359.01,0.01
7,225.0,25.92,36.97,9.09,78.34,33.66,23.83,27.29,5.12,2011.0,225.0,15.26,28.8,0.0,46.66,28.02,15.7,21.59,1.19,2011.0,225.0,22.495999999999995,32.46933333333334,1.3413333333333333,62.920666666666655,30.277333333333328,19.025333333333332,24.304666666666666,2.9053333333333335,2011.0,7703.66,3636.61,205.04,2050.16,139.58,319.13,0.73
8,241.0,24.19,36.61,10.25,79.03,39.37,24.0,30.31,6.97,2011.0,241.0,4.57,25.13,0.0,50.92,23.34,10.46,16.65,1.58,2011.0,241.0,18.983999999999998,32.384,1.8313333333333333,62.62666666666666,31.06533333333333,18.276,24.392666666666663,3.8500000000000005,2011.0,7161.31,3123.88,221.1,1788.23,154.3,346.78,0.12
9,257.0,22.72,32.9,6.42,77.78,32.95,16.95,24.98,6.12,2011.0,257.0,5.33,23.4,0.0,41.66,16.3,3.82,11.06,2.6,2011.0,257.0,16.91866666666667,29.068,1.268,56.87799999999999,24.966000000000005,12.06,18.272666666666666,4.17,2011.0,6448.9,2625.43,264.07,1596.96,157.22,300.64,2.56
10,273.0,18.32,29.59,4.56,90.34,30.21,16.33,22.53,7.52,2011.0,273.0,3.85,22.25,0.0,36.75,16.15,3.75,11.34,1.37,2011.0,273.0,14.382666666666667,26.810666666666656,0.456,57.18600000000001,23.082666666666665,9.232666666666665,15.586666666666666,4.042666666666666,2011.0,4667.09,2020.11,451.83,1485.42,289.36,480.67,2.61
11,289.0,15.59,31.1,19.61,89.47,28.72,16.44,20.94,7.85,2011.0,289.0,6.05,22.64,0.0,46.99,11.14,0.63,6.7,2.44,2011.0,289.0,11.194,26.886666666666667,3.027333333333333,58.68733333333333,19.022666666666666,8.380666666666666,13.014666666666667,4.766,2011.0,6052.72,1977.97,284.51,1237.98,175.91,449.6,0.34
12,305.0,12.92,29.92,19.65,89.43,27.16,12.19,18.67,7.79,2011.0,305.0,1.91,19.73,0.0,36.76,7.83,-1.47,2.67,2.77,2011.0,305.0,8.891333333333334,25.65466666666667,3.7479999999999993,62.693999999999996,14.977333333333336,3.7046666666666668,8.849333333333332,5.1979999999999995,2011.0,5905.77,1816.12,265.59,1137.95,178.24,433.92,3.24
