,DOY,INSgdmax,RADmax,RAINmax,RHmax,TMAXmax,TMINmax,Tmax,WINDmax,YEAR,DOY,INSgdmin,RADmin,RAINmin,RHmin,TMAXmin,TMINmin,Tmin,WINDmin,YEAR,DOY,INSgdmean,RADmean,RAINmean,RHmean,TMAXmean,TMINmean,Tmean,WINDmean,YEAR,NDVI,EVI,RED,NIR,BLUE,MIR,pixrel
0,113.0,24.417,28.664999999999996,14.9815,87.01899999999999,21.0195,9.089999999999998,13.4405,9.6755,2011.0,113.0,6.1450000000000005,23.6125,0.0,57.31,4.5225,-3.341,2.1915,1.487,2011.0,113.0,13.398033333333332,26.337166666666665,2.804533333333333,69.82286666666667,13.989900000000004,2.2563666666666666,7.934000000000001,5.890766666666665,2011.0,4390.49,1907.02,675.65,1678.31,338.2,1194.73,0.0
1,129.0,29.023500000000002,33.365,17.268,85.33600000000001,31.311500000000002,18.830000000000002,24.7215,8.599,2011.0,129.0,8.309000000000001,20.012500000000003,0.0,44.340500000000006,13.9195,-0.626,7.141500000000001,2.83,2011.0,129.0,21.9466,27.316100000000002,2.4719333333333338,62.98206666666667,21.192466666666668,8.564633333333333,14.684366666666666,5.642166666666667,2011.0,4905.89,2144.65,622.45,1745.98,316.57,1157.87,0.01
2,145.0,29.342000000000002,33.935500000000005,30.8645,91.8945,29.345000000000002,20.2355,24.2575,9.504,2011.0,145.0,6.426,24.597,0.0,48.1195,17.735999999999997,7.329,13.669999999999998,3.4195,2011.0,145.0,19.581966666666666,30.420333333333332,5.188033333333332,70.02436666666667,23.773766666666663,12.726899999999999,18.17856666666666,5.752066666666667,2011.0,6045.35,2912.19,515.7,2043.94,272.76,966.26,0.01
3,161.0,28.461999999999996,34.2825,17.792499999999997,92.35549999999999,34.29600000000001,22.307499999999997,27.941000000000003,8.0645,2011.0,161.0,4.898000000000001,29.863999999999997,0.0,51.3935,21.797999999999995,11.5695,17.5045,2.4274999999999998,2011.0,161.0,20.360766666666667,32.3806,3.9405333333333337,67.62923333333335,27.874133333333333,16.493299999999998,22.024600000000003,5.150033333333333,2011.0,7401.07,4580.37,450.8,2959.11,292.35,728.58,1.32
4,177.0,28.348,35.9065,13.6885,88.90149999999998,36.14399999999999,24.307499999999997,30.1855,8.055,2011.0,177.0,10.937,28.4,0.0,57.795500000000004,19.0805,12.5275,16.3005,2.332,2011.0,177.0,21.96753333333333,33.03453333333333,4.526266666666667,72.96276666666665,27.588699999999996,17.485066666666672,22.505966666666662,5.2559,2011.0,8109.2,4855.01,308.62,2951.59,175.35,618.91,0.0
5,193.0,28.087500000000002,37.333499999999994,13.251,88.84649999999999,36.006,26.267000000000003,32.163,5.269,2011.0,193.0,10.211500000000001,32.31549999999999,0.0,60.530499999999996,27.419,17.849500000000003,23.422,1.5,2011.0,193.0,23.369733333333336,35.37593333333333,4.047866666666668,72.71150000000003,30.69283333333333,22.046599999999998,26.328199999999995,3.7427,2011.0,8044.09,4952.47,329.96,3054.59,187.65,624.82,0.07
6,209.0,26.811,37.705,9.523000000000001,90.165,35.936,24.757999999999996,29.945999999999998,5.699,2011.0,209.0,10.157000000000002,30.927500000000002,0.0,64.02850000000001,28.554,18.602999999999998,24.579,2.1020000000000003,2011.0,209.0,20.0408,35.52826666666667,3.1058999999999997,74.443,31.17866666666666,22.324999999999996,26.74913333333333,3.311833333333334,2011.0,8022.53,4908.77,331.08,3019.47,186.6,676.5,0.0
7,225.0,25.5185,35.6775,10.822,82.112,31.271499999999996,21.1865,25.167,5.755999999999999,2011.0,225.0,15.227999999999998,29.671,0.0,50.103,26.612,15.204500000000001,20.842000000000002,1.9435,2011.0,225.0,22.507233333333332,32.19703333333333,2.5045666666666664,63.28706666666667,28.693633333333338,18.008499999999998,23.268366666666665,3.6116333333333337,2011.0,7759.53,4509.11,352.02,2789.55,197.79,651.67,0.0
8,241.0,24.12,36.802499999999995,11.932,88.8255,36.88250000000001,22.163,28.633,5.955500000000001,2011.0,241.0,6.5535,24.671,0.0,42.1725,22.2605,8.9215,16.1825,1.8850000000000002,2011.0,241.0,18.3845,31.862333333333336,3.0689333333333333,64.77656666666665,29.218933333333332,16.808933333333336,22.885233333333336,3.7439999999999998,2011.0,7493.84,3926.64,356.23,2420.67,194.47,672.64,0.0
9,257.0,21.89,32.4,5.8505,85.447,33.258,16.919500000000003,24.8635,7.656000000000001,2011.0,257.0,4.8005,25.097500000000004,0.0,37.4135,14.597999999999999,3.005,9.2875,1.4805000000000001,2011.0,257.0,16.394266666666667,28.800666666666665,0.8245333333333333,54.2734,23.7029,11.517866666666666,17.495933333333337,4.1945,2011.0,6828.98,3335.75,417.07,2163.06,215.19,700.74,0.0
10,273.0,18.991500000000002,32.031,3.2735,62.56099999999999,29.819999999999997,17.218500000000002,22.336000000000002,9.7335,2011.0,273.0,12.641000000000002,22.447500000000005,0.0,34.0515,19.552,4.0545,12.1035,1.5319999999999998,2011.0,273.0,16.280133333333332,26.709933333333332,0.3782333333333333,47.510299999999994,24.473666666666666,9.783966666666666,16.58533333333333,4.975466666666666,2011.0,5588.69,2669.47,579.52,1987.83,307.88,842.03,0.07
11,289.0,14.297500000000001,30.069000000000003,3.2335000000000003,79.494,27.368999999999996,16.031499999999998,21.0485,7.864999999999999,2011.0,289.0,5.2885,20.489000000000004,0.0,41.059,10.0655,-1.1019999999999999,3.9845,2.4559999999999995,2011.0,289.0,11.35183333333333,25.900433333333336,0.5771999999999999,53.7755,18.128633333333333,6.895666666666666,11.871566666666668,5.034,2011.0,5249.81,2215.39,537.89,1673.86,279.59,865.12,0.0
12,305.0,12.4795,27.7185,17.2765,76.1675,23.179000000000002,9.6465,15.4795,9.146999999999998,2011.0,305.0,1.589,19.1935,0.0,35.786500000000004,6.9485,-1.4725,3.537,3.0164999999999997,2011.0,305.0,10.054733333333333,23.851200000000002,2.1155333333333335,54.23989999999999,13.624233333333333,2.536733333333333,7.451600000000001,5.501066666666667,2011.0,5266.24,2067.73,506.98,1556.31,255.49,923.4,0.02
