,DOY,INSgdmax,RADmax,RAINmax,RHmax,TMAXmax,TMINmax,Tmax,WINDmax,YEAR,DOY,INSgdmin,RADmin,RAINmin,RHmin,TMAXmin,TMINmin,Tmin,WINDmin,YEAR,DOY,INSgdmean,RADmean,RAINmean,RHmean,TMAXmean,TMINmean,Tmean,WINDmean,YEAR,NDVI,EVI,RED,NIR,BLUE,MIR,pixrel
0,113.0,24.41,29.05,18.2,89.55,21.72,11.47,14.95,9.8,2011.0,113.0,4.61,24.59,0.0,58.05,7.86,-2.61,4.23,2.38,2011.0,113.0,13.559999999999997,27.15266666666667,2.816,70.08066666666667,15.498666666666669,3.6413333333333333,9.287333333333333,5.7120000000000015,2011.0,4770.51,2182.82,661.43,1833.54,344.17,1170.84,0.11
1,129.0,29.27,33.95,18.99,87.26,31.41,20.3,24.82,7.4,2011.0,129.0,7.63,20.63,0.0,44.02,14.55,-0.45,7.37,3.42,2011.0,129.0,21.89333333333333,27.664666666666665,2.948,65.02133333333333,21.196000000000005,9.817333333333332,15.28466666666667,5.4446666666666665,2011.0,5343.96,2452.59,559.41,1853.88,294.61,1026.17,0.0
2,145.0,29.23,33.55,25.15,90.53,30.25,20.34,24.99,9.55,2011.0,145.0,9.29,24.84,0.0,49.7,19.36,7.91,14.3,2.92,2011.0,145.0,19.813999999999997,30.863999999999997,5.078666666666666,69.76733333333335,24.79,13.68266666666667,19.21466666666667,5.333333333333332,2011.0,6023.73,3065.6,548.63,2186.42,303.27,1013.91,0.12
3,161.0,28.48,35.42,15.51,92.02,35.03,23.21,28.54,7.78,2011.0,161.0,4.18,29.48,0.0,56.89,23.94,12.94,18.64,2.35,2011.0,161.0,19.97533333333333,33.318,5.4093333333333335,70.564,28.817333333333337,18.136,23.356666666666666,4.9639999999999995,2011.0,7268.87,3979.27,437.31,2569.56,263.07,816.89,0.65
4,177.0,29.63,35.6,28.08,88.0,38.24,24.7,31.0,8.16,2011.0,177.0,8.1,28.33,0.0,53.45,20.3,12.99,17.77,2.37,2011.0,177.0,21.95,33.583999999999996,5.195333333333334,70.446,29.134666666666668,18.612666666666666,23.66333333333334,5.286666666666666,2011.0,7624.97,4909.68,419.94,3158.83,244.95,805.33,0.13
5,193.0,27.61,37.58,7.93,86.75,36.34,27.34,32.51,5.15,2011.0,193.0,12.56,33.01,0.0,51.26,28.72,19.13,24.75,1.49,2011.0,193.0,22.675333333333334,35.974,2.8059999999999996,67.468,32.348000000000006,22.63466666666666,27.426666666666666,3.5600000000000005,2011.0,7805.77,4617.44,341.46,2847.37,200.19,675.09,0.04
6,209.0,26.42,39.67,14.79,78.63,39.77,26.25,30.81,6.05,2011.0,209.0,10.48,34.09,0.0,59.55,30.42,21.27,26.38,2.06,2011.0,209.0,21.167333333333332,36.60666666666666,4.342,69.244,33.92933333333333,23.859333333333336,28.537999999999997,3.372,2011.0,7668.39,4646.07,374.5,2917.95,214.0,735.68,0.0
7,225.0,26.03,37.15,12.8,83.16,32.84,23.19,26.53,5.77,2011.0,225.0,19.15,29.95,0.0,46.88,24.24,16.21,20.95,1.6,2011.0,225.0,23.266000000000005,32.839333333333336,2.6173333333333333,63.64666666666666,30.118,19.002,24.226,3.296,2011.0,7390.8,4345.09,415.99,2787.21,233.17,743.7,0.0
8,241.0,24.34,36.76,11.32,84.58,38.49,23.56,30.2,6.55,2011.0,241.0,5.08,24.95,0.0,43.64,23.61,9.68,16.79,1.95,2011.0,241.0,18.159333333333333,32.41933333333333,2.583333333333334,60.28800000000001,31.258666666666667,17.978666666666673,24.396000000000004,3.9526666666666666,2011.0,7048.82,3741.67,415.28,2406.66,230.21,765.79,0.0
9,257.0,22.32,32.18,12.94,92.18,33.65,16.48,25.12,6.45,2011.0,257.0,5.22,24.23,0.0,40.24,15.51,3.98,10.21,2.33,2011.0,257.0,17.096,28.946666666666665,1.2573333333333332,56.56733333333332,24.68066666666667,11.757333333333332,18.013333333333332,4.168000000000001,2011.0,6255.15,3023.77,506.46,2113.28,258.41,829.47,0.0
10,273.0,18.32,32.08,3.35,67.98,29.7,16.71,22.65,8.64,2011.0,273.0,9.25,22.68,0.0,34.23,19.53,4.75,12.36,2.1,2011.0,273.0,15.571333333333332,26.98933333333333,0.7126666666666667,50.778,24.511999999999997,9.874,16.558000000000003,4.384,2011.0,5609.43,2640.05,588.04,1979.98,315.39,890.61,0.08
11,289.0,15.73,30.89,13.03,85.4,28.18,15.2,21.03,7.56,2011.0,289.0,4.93,20.95,0.0,44.49,10.5,0.47,5.42,2.37,2011.0,289.0,11.406666666666668,26.32333333333333,2.2079999999999997,56.81933333333334,18.87933333333333,7.871333333333333,12.6,4.862666666666668,2011.0,4975.12,2201.77,663.97,1836.37,338.62,1041.69,0.11
12,305.0,12.49,30.24,32.84,80.52,25.89,12.46,18.46,7.93,2011.0,305.0,2.09,21.28,0.0,36.42,8.97,-1.06,4.92,3.08,2011.0,305.0,9.903999999999998,25.019999999999996,3.7920000000000003,57.05799999999999,15.406,3.841333333333333,8.849999999999998,5.532666666666666,2011.0,4998.88,2004.16,601.26,1626.45,311.49,1015.89,0.28
