,DOY,INSgdmax,RADmax,RAINmax,RHmax,TMAXmax,TMINmax,Tmax,WINDmax,YEAR,DOY,INSgdmin,RADmin,RAINmin,RHmin,TMAXmin,TMINmin,Tmin,WINDmin,YEAR,DOY,INSgdmean,RADmean,RAINmean,RHmean,TMAXmean,TMINmean,Tmean,WINDmean,YEAR,NDVI,EVI,RED,NIR,BLUE,MIR,pixrel
0,113.0,26.314799999999998,29.978,20.635800000000003,79.9236,25.447200000000002,9.918,16.775399999999998,8.7666,2011.0,113.0,6.6786,23.8812,0.0,48.0122,9.6552,-1.1880000000000002,6.023999999999999,2.4787999999999997,2011.0,113.0,15.348040000000001,27.070626666666662,3.01308,63.97128000000001,16.98110666666667,4.05628,10.284106666666666,5.927480000000001,2011.0,3000.71,1938.55,1528.94,2794.88,734.99,2887.81,0.13
1,129.0,29.1244,34.7044,5.3638,80.37339999999999,34.2598,20.617,26.8898,9.222,2011.0,129.0,8.2316,21.141800000000003,0.0,39.6534,15.6994,1.2332,9.759599999999999,2.7657999999999996,2011.0,129.0,21.860840000000003,28.03068,1.20332,56.35477333333334,23.339173333333335,10.163493333333335,16.613546666666664,5.663826666666667,2011.0,3565.26,2359.91,1428.94,2945.55,692.85,2755.72,0.05
2,145.0,29.6888,34.973200000000006,36.799,90.8584,30.344,21.9926,25.1252,10.535799999999998,2011.0,145.0,5.603999999999999,25.431800000000003,0.0,45.863600000000005,19.1938,8.7606,14.983,2.471,2011.0,145.0,19.056333333333335,31.250119999999995,8.502893333333333,67.74261333333334,25.348866666666666,13.96388,19.59542666666667,5.535893333333334,2011.0,3997.93,2868.17,1445.74,3333.68,714.69,2804.46,0.52
3,161.0,29.4682,35.3668,9.224,85.4826,37.368,23.621000000000002,30.1242,8.9414,2011.0,161.0,7.1882,29.4044,0.0,45.1464,25.3672,13.8026,20.0774,3.0226,2011.0,161.0,22.400506666666665,33.33850666666667,1.57088,62.92009333333333,30.966546666666666,18.721786666666667,24.503733333333333,5.167346666666665,2011.0,5205.7,3519.66,987.19,3060.52,538.06,1714.72,1.73
4,177.0,29.3632,36.4768,17.6248,86.75559999999999,39.236,24.794000000000004,31.828400000000002,8.794599999999999,2011.0,177.0,9.525200000000002,29.1374,0.0,46.5414,24.0504,14.665400000000002,19.8512,2.7612,2011.0,177.0,22.98364,33.71728,3.623146666666667,68.84490666666666,29.903399999999998,18.88336,24.25649333333333,5.415173333333334,2011.0,7729.08,5874.01,522.29,4066.42,280.55,1152.27,0.0
5,193.0,28.3882,38.3806,15.0486,82.64859999999999,38.35679999999999,27.7402,33.596199999999996,5.4559999999999995,2011.0,193.0,15.020800000000001,32.812599999999996,0.0,52.8988,29.8788,20.0004,25.202,1.6318000000000001,2011.0,193.0,23.43886666666667,36.32288,4.044826666666666,68.52258666666665,32.937173333333334,23.150693333333333,27.89734666666667,3.5132,2011.0,8622.18,7192.46,351.4,4817.74,194.84,814.99,0.06
6,209.0,26.4424,39.338800000000006,13.3578,86.13040000000001,41.9154,26.464,33.5548,5.645999999999999,2011.0,209.0,10.5552,34.050000000000004,0.0,44.93,28.938399999999998,21.6714,25.828,2.2282,2011.0,209.0,21.761599999999994,36.78974666666667,3.543386666666667,66.07840000000002,34.710453333333334,24.30609333333333,29.081426666666665,3.466226666666667,2011.0,8674.12,6764.48,299.92,4342.97,167.61,715.66,0.01
7,225.0,25.9264,37.0406,15.3826,82.9016,33.6762,23.163000000000004,27.336199999999998,5.1114,2011.0,225.0,13.145600000000002,30.681399999999996,0.0,51.3296,27.9032,16.774,22.343,1.7206,2011.0,225.0,22.535986666666666,33.58269333333334,4.86356,65.07309333333333,30.75788,19.648386666666667,24.93094666666667,3.27604,2011.0,8467.18,6357.31,329.84,4072.13,183.71,717.63,0.0
8,241.0,24.4218,36.846399999999996,10.477599999999999,83.12219999999999,40.464999999999996,24.206,31.3312,6.4298,2011.0,241.0,7.223000000000001,25.42,0.0,39.1698,24.867600000000003,10.270600000000002,17.6866,2.0242,2011.0,241.0,19.476839999999996,32.76944,1.9964533333333332,57.107666666666674,32.38353333333333,18.4116,25.298386666666666,3.815013333333333,2011.0,7756.52,5347.61,431.56,3512.18,233.95,815.55,0.0
9,257.0,22.215600000000002,32.916199999999996,14.1064,90.0062,35.519,17.1004,26.068600000000004,6.2345999999999995,2011.0,257.0,5.098,26.060000000000002,0.0,38.330999999999996,14.8076,5.5886000000000005,10.5586,1.9402000000000001,2011.0,257.0,16.598773333333334,29.427573333333335,2.2518933333333333,53.57494666666666,25.455466666666673,12.521720000000002,18.75633333333333,3.934573333333333,2011.0,6238.94,3897.86,667.72,2904.29,342.58,1179.37,0.0
10,273.0,19.678800000000003,33.79879999999999,0.8463999999999998,55.297799999999995,32.2542,19.294,23.8748,9.800799999999999,2011.0,273.0,12.5774,23.4056,0.0,27.325799999999997,21.1656,5.9688,13.7274,1.733,2011.0,273.0,17.387626666666662,27.019146666666664,0.05642666666666667,42.22688000000001,26.368466666666666,10.969773333333332,18.186853333333335,4.867839999999999,2011.0,4231.05,2646.0,1167.43,2816.01,549.18,1641.95,0.03
11,289.0,15.764199999999999,31.5574,9.914,67.72540000000001,27.718000000000004,18.323800000000002,22.4164,6.9272,2011.0,289.0,6.0562000000000005,20.397399999999998,0.0,37.434799999999996,10.392,-0.7378,4.8818,2.0195999999999996,2011.0,289.0,12.329693333333335,26.583333333333336,1.2557199999999997,52.132733333333334,19.655586666666665,8.223973333333333,13.215959999999999,4.56964,2011.0,3115.01,2119.92,1551.2,2905.58,720.93,2122.44,0.88
12,305.0,13.1462,28.0112,28.568800000000003,83.95499999999998,24.4632,12.138599999999999,18.2712,8.9714,2011.0,305.0,1.7474,19.9274,0.0,32.914,7.265799999999999,-1.2694,3.9748,3.0106,2011.0,305.0,10.241933333333332,24.341679999999997,2.42728,51.89748,15.419800000000002,3.9794133333333326,9.01764,5.6402,2011.0,2880.27,2016.97,1675.29,2983.34,781.26,2217.11,0.9
