,DOY,INSgdmax,RADmax,RAINmax,RHmax,TMAXmax,TMINmax,Tmax,WINDmax,YEAR,DOY,INSgdmin,RADmin,RAINmin,RHmin,TMAXmin,TMINmin,Tmin,WINDmin,YEAR,DOY,INSgdmean,RADmean,RAINmean,RHmean,TMAXmean,TMINmean,Tmean,WINDmean,YEAR,NDVI,EVI,RED,NIR,BLUE,MIR,pixrel
0,113.0,26.401200000000003,29.9224,21.4084,93.952,22.1956,10.055600000000002,15.5772,8.3232,2011.0,113.0,5.276,24.1784,0.0,61.390800000000006,10.849599999999999,-0.602,5.1828,2.1536,2011.0,113.0,13.56642666666667,27.451973333333335,5.485893333333333,75.27312,15.228666666666665,4.201306666666666,9.474026666666667,5.68264,2011.0,3451.97,1224.94,239.33,1204.37,31.99,522.9,53.68
1,129.0,29.1724,33.6836,14.312,89.17800000000001,28.7136,19.806,23.8264,7.425199999999999,2011.0,129.0,5.863999999999999,21.4372,0.0,55.652,11.829600000000001,0.1116,6.2612,2.8452,2011.0,129.0,18.372186666666668,28.099680000000006,3.5831999999999997,72.48762666666666,20.14992,9.225013333333333,14.676746666666668,4.973733333333333,2011.0,3710.61,1402.87,224.29,1292.52,16.75,616.37,53.62
2,145.0,28.324,33.3412,15.726,89.4788,29.6972,19.4188,24.5428,7.3016000000000005,2011.0,145.0,9.284,27.4256,0.0,59.66279999999999,17.599600000000002,6.1575999999999995,12.6864,2.6948,2011.0,145.0,20.494613333333334,30.630346666666668,3.3722133333333333,75.96706666666667,24.34384,13.385493333333336,18.929999999999996,4.97688,2011.0,5148.39,2283.89,58.39,1562.9,-57.01,249.6,53.59
3,161.0,28.734800000000003,34.9512,17.854799999999997,86.23280000000001,31.9776,22.4756,26.906000000000002,6.7112,2011.0,161.0,8.9336,30.062399999999997,0.0,65.7404,22.7744,11.667200000000001,17.451999999999998,2.8899999999999997,2011.0,161.0,21.64682666666667,32.851600000000005,5.4148266666666665,78.67616000000001,27.48770666666667,17.50893333333333,22.445386666666664,4.602826666666667,2011.0,5307.58,2730.82,88.08,1823.73,-3.6,250.06,48.56
4,177.0,29.5576,35.5176,25.6192,90.1964,30.6164,24.2548,27.279600000000002,7.032399999999999,2011.0,177.0,9.1172,27.7424,0.0,68.1824,21.1096,14.1072,18.1544,2.4732000000000003,2011.0,177.0,21.385786666666665,33.02061333333333,5.4564,79.95018666666668,26.79751999999999,18.545386666666666,22.618479999999998,4.6045066666666665,2011.0,5935.36,3535.91,31.84,2270.11,-46.28,230.81,48.55
5,193.0,27.6164,38.01,9.5952,91.00480000000002,33.4768,26.692400000000003,30.634800000000002,4.7459999999999996,2011.0,193.0,14.456000000000001,31.916,0.0,67.2248,26.8804,16.183200000000003,22.9048,1.6796,2011.0,193.0,22.85205333333333,35.12005333333333,2.263866666666667,76.13370666666665,30.346239999999998,21.728720000000003,26.033786666666668,3.121386666666667,2011.0,5907.18,3494.95,19.38,2241.43,-55.22,216.24,48.51
6,209.0,27.156399999999998,38.52,19.238,88.50999999999999,35.5216,25.5684,29.403999999999996,5.1288,2011.0,209.0,6.4472000000000005,32.9372,0.0,67.2156,28.958799999999997,21.087999999999997,26.163599999999995,0.974,2011.0,209.0,21.91413333333333,35.82794666666666,3.4190133333333335,77.8470933333333,32.00461333333333,23.699199999999998,27.750266666666665,2.9253866666666664,2011.0,5951.87,3142.42,-24.72,1972.29,-90.25,134.8,53.73
7,225.0,25.7336,36.4624,8.0032,82.1296,32.4824,23.6768,26.9336,5.1884,2011.0,225.0,13.980400000000001,28.493599999999997,0.0,50.47999999999999,26.957199999999997,15.212000000000002,20.933200000000003,1.2264,2011.0,225.0,22.38797333333333,31.958613333333325,2.0373866666666665,66.13213333333333,29.280053333333335,18.775146666666668,23.76344,2.8339733333333337,2011.0,5771.63,3344.85,28.07,2177.05,-55.03,220.83,54.16
8,241.0,24.0148,36.9272,13.9056,81.1804,38.4624,24.1676,30.0028,6.68,2011.0,241.0,6.942399999999999,25.42,0.0,54.252399999999994,22.2596,10.2716,16.0952,1.7132,2011.0,241.0,19.573226666666663,32.27357333333333,2.0912,64.91882666666666,30.235786666666666,18.107733333333332,23.964319999999997,3.7663466666666667,2011.0,5599.32,2737.15,9.68,1757.99,-67.15,160.24,53.6
9,257.0,22.708399999999997,33.2248,10.595199999999998,74.59960000000001,32.246,16.770400000000002,24.5764,5.8904,2011.0,257.0,5.0672,22.9588,0.0,42.959199999999996,16.275599999999997,3.6764,11.0328,2.3775999999999997,2011.0,257.0,16.641786666666672,29.081679999999995,1.9081599999999999,58.414186666666666,24.6828,11.900186666666666,18.06112,4.123093333333333,2011.0,4773.49,1974.5,99.02,1440.89,-29.13,165.25,53.63
10,273.0,18.296,29.967200000000002,6.324000000000001,95.472,29.386000000000003,15.583200000000001,21.704800000000002,7.381200000000001,2011.0,273.0,4.755199999999999,21.9248,0.0,44.1484,15.769599999999999,3.0836,10.526399999999999,1.278,2011.0,273.0,14.03352,26.928373333333333,0.6200800000000001,61.40720000000002,22.274800000000003,8.82416,14.996000000000002,4.049973333333333,2011.0,4173.23,1569.01,194.76,1247.44,53.04,266.19,43.55
11,289.0,15.956000000000001,31.951999999999998,18.2748,91.9568,27.760399999999997,15.968399999999999,19.9856,7.912,2011.0,289.0,5.139200000000001,22.1224,0.0,50.28040000000001,10.779599999999999,0.4136,7.1411999999999995,2.6272,2011.0,289.0,10.814480000000001,26.975413333333332,3.0510933333333337,61.69800000000001,18.49978666666667,8.0676,12.66989333333333,4.7454133333333335,2011.0,4167.1,1081.95,62.74,892.32,-59.93,263.75,53.62
12,305.0,12.9548,30.499999999999996,18.5308,91.43159999999999,26.1828,10.3244,17.4432,8.182799999999999,2011.0,305.0,3.3172000000000006,20.4576,0.0,43.554,7.9488,-0.5496,3.5344000000000007,2.5296000000000003,2011.0,305.0,8.66872,25.750480000000003,3.6,67.79821333333334,14.7012,3.6420799999999995,8.637733333333333,5.015466666666667,2011.0,4047.74,1109.76,119.73,949.99,-2.17,336.62,51.11
