,DOY,INSgdmax,RADmax,RAINmax,RHmax,TMAXmax,TMINmax,Tmax,WINDmax,YEAR,DOY,INSgdmin,RADmin,RAINmin,RHmin,TMAXmin,TMINmin,Tmin,WINDmin,YEAR,DOY,INSgdmean,RADmean,RAINmean,RHmean,TMAXmean,TMINmean,Tmean,WINDmean,YEAR,NDVI,EVI,RED,NIR,BLUE,MIR,pixrel
0,113.0,26.315599999999996,30.566699999999997,21.668400000000002,95.5008,23.6977,12.277,16.8575,8.3492,2010.9999999999998,113.0,5.8325,24.9752,0.0,60.095099999999995,13.2172,-0.2984,6.8142,2.6514999999999995,2010.9999999999998,113.0,14.3287,27.891946666666666,3.768213333333333,72.55075999999998,17.308906666666665,5.57424,11.098833333333333,5.422766666666668,2010.9999999999998,5290.04,2075.94,413.78,1446.38,241.36,653.27,0.0
1,129.0,29.3888,33.58070000000001,7.767200000000001,90.20049999999999,28.608800000000002,20.452699999999997,23.9719,7.193300000000001,2010.9999999999998,129.0,4.535900000000001,21.5868,0.0,52.60950000000001,12.3189,0.5715000000000001,7.593400000000001,3.1506000000000003,2010.9999999999998,129.0,20.231293333333333,28.21036666666667,2.1666266666666667,71.45351333333333,20.708973333333333,10.067226666666668,15.408333333333335,4.986953333333333,2010.9999999999998,5633.08,2381.68,439.92,1652.03,249.02,783.51,0.0
2,145.0,29.0989,33.5555,21.6503,91.55020000000002,30.1984,20.1383,25.019,7.5646,2010.9999999999998,145.0,11.274400000000002,25.202800000000003,0.0,59.0445,18.3795,8.5579,13.526900000000001,2.2621,2010.9999999999998,145.0,20.640846666666665,30.96232666666667,5.677793333333335,76.86015333333334,24.94963333333333,14.48726,19.723013333333334,4.793933333333334,2010.9999999999998,6878.02,2899.73,294.4,1732.31,189.85,493.14,0.0
3,161.0,28.5841,35.5144,16.0531,88.56409999999998,31.994500000000002,22.9308,27.0584,6.7414000000000005,2010.9999999999998,161.0,9.8123,30.746599999999997,0.0,65.4956,21.8513,13.1782,17.8808,2.6367,2010.9999999999998,161.0,21.268886666666667,33.42715333333334,4.94248,79.42682666666666,28.158486666666665,19.34649333333333,23.613773333333334,4.569573333333334,2010.9999999999998,7542.45,4159.62,308.38,2478.58,211.31,515.72,0.52
4,177.0,29.729900000000004,35.9416,34.0652,90.34490000000001,32.060900000000004,24.373499999999996,28.033799999999996,7.6693999999999996,2010.9999999999998,177.0,4.899900000000001,27.896399999999996,0.0,64.0692,22.6916,14.035699999999999,19.2589,2.8874000000000004,2010.9999999999998,177.0,21.35717333333333,33.49476666666666,6.9851866666666655,78.03123999999998,27.836459999999995,19.213373333333333,23.43824,4.683146666666667,2010.9999999999998,7894.13,4465.57,269.76,2647.19,177.44,486.63,0.0
5,193.0,27.913099999999996,38.06099999999999,6.1776,82.4157,34.5966,27.0519,31.331300000000002,4.6208,2010.9999999999998,193.0,11.154099999999998,32.7108,0.0,60.759299999999996,28.7818,18.7934,24.860400000000002,1.5519999999999998,2010.9999999999998,193.0,22.933320000000002,35.766560000000005,1.4382933333333332,71.02255333333335,31.85515333333334,22.6654,27.28452666666666,3.16942,2010.9999999999998,7978.28,4157.86,226.15,2365.33,162.4,406.2,0.0
6,209.0,26.906800000000004,38.4539,13.543199999999999,84.79889999999999,37.1005,26.295700000000004,30.9015,5.461499999999999,2010.9999999999998,209.0,7.4599,34.1221,0.0,60.134899999999995,29.7132,22.6497,27.2805,1.5233,2010.9999999999998,209.0,22.53906666666667,36.53135333333333,2.64308,72.50139333333335,33.56573333333333,24.58282666666667,28.927079999999997,3.1402866666666664,2010.9999999999998,7836.11,3983.91,226.56,2275.43,151.24,411.86,0.0
7,225.0,25.7287,36.230900000000005,12.525699999999999,86.25910000000002,33.064099999999996,24.2245,27.162100000000002,4.6245,2010.9999999999998,225.0,12.301400000000001,29.5795,0.0,48.9874,26.3465,16.7484,21.7858,1.2451999999999999,2010.9999999999998,225.0,21.725626666666667,32.90592,2.16276,67.46032000000001,30.115026666666665,19.66629333333334,24.556746666666665,2.7787066666666664,2010.9999999999998,8068.12,3784.24,206.79,2123.11,131.09,356.32,0.43
8,241.0,24.3748,36.481,6.4464999999999995,80.4394,39.1246,24.372299999999996,30.7029,6.8902,2010.9999999999998,241.0,4.1190999999999995,25.2458,0.0,51.5258,23.7934,11.4458,17.2866,1.4840999999999998,2010.9999999999998,241.0,20.03981333333334,32.71476,1.2237266666666666,62.07518,31.611726666666662,19.113533333333333,25.021293333333332,4.001380000000002,2010.9999999999998,7533.04,3382.21,237.8,1912.61,160.85,361.35,0.0
9,257.0,22.797800000000002,33.411500000000004,7.324199999999999,75.5261,32.6484,18.0411,24.7408,5.4161,2010.9999999999998,257.0,5.5584999999999996,24.2027,0.0,43.166,17.368299999999998,4.8737,11.4127,2.4804,2010.9999999999998,257.0,16.443986666666667,29.621533333333332,1.4593133333333335,56.785399999999996,25.34709333333333,12.515339999999998,18.69932,3.9925733333333326,2010.9999999999998,6929.14,2908.72,277.79,1718.06,174.24,362.74,0.0
10,273.0,18.5956,29.698299999999996,5.8011,79.84540000000001,30.451600000000003,16.4854,22.661799999999996,7.1679,2010.9999999999998,273.0,6.4349,22.4281,0.0,33.032199999999996,18.476,4.9247,12.2567,1.206,2010.9999999999998,273.0,15.508939999999997,26.87384,0.6226066666666668,54.05837333333333,24.054459999999995,9.924419999999998,16.354486666666666,3.9644933333333334,2010.9999999999998,5453.65,2378.36,449.13,1631.3,285.57,524.12,0.0
11,289.0,16.0983,31.846000000000004,23.462000000000003,87.82659999999998,28.691499999999998,16.5998,21.067600000000002,7.8757,2010.9999999999998,289.0,6.061,23.2984,0.0,45.4768,11.540999999999999,1.223,7.1524,2.3541,2010.9999999999998,289.0,11.582779999999998,27.254086666666662,3.2035599999999995,58.056773333333325,19.831833333333332,8.915486666666666,13.661693333333332,4.623733333333334,2010.9999999999998,6165.0,2257.95,340.29,1420.2,230.63,487.75,0.95
12,305.0,13.199100000000001,29.7523,23.4741,95.2007,27.7262,12.675,19.3323,8.505500000000001,2010.9999999999998,305.0,3.1307,19.9783,0.0,35.3067,7.6587000000000005,-1.1096,3.0580999999999996,2.7910999999999997,2010.9999999999998,305.0,8.72082,26.006466666666665,4.188433333333332,65.31519333333333,15.552520000000001,4.816680000000001,9.719186666666666,5.128066666666667,2010.9999999999998,5905.26,2168.12,309.67,1364.86,191.09,453.63,2.65
