,DOY,INSgdmax,RADmax,RAINmax,RHmax,TMAXmax,TMINmax,Tmax,WINDmax,YEAR,DOY,INSgdmin,RADmin,RAINmin,RHmin,TMAXmin,TMINmin,Tmin,WINDmin,YEAR,DOY,INSgdmean,RADmean,RAINmean,RHmean,TMAXmean,TMINmean,Tmean,WINDmean,YEAR,NDVI,EVI,RED,NIR,BLUE,MIR,pixrel
0,113.0,25.136000000000003,28.981,14.492799999999999,85.3092,22.2202,9.2007,14.1745,9.4901,2011.0,113.0,6.1171,23.917099999999998,0.0,56.2811,5.644399999999999,-2.8993,3.0633,1.7836,2011.0,113.0,13.8014,26.661386666666665,2.837933333333333,69.35890666666667,14.620633333333336,2.7508266666666668,8.453346666666667,5.889259999999999,2011.0,5313.06,3360.46,853.38,2819.29,447.56,1707.02,0.1
1,129.0,29.1054,33.854400000000005,16.7053,84.8099,32.0964,19.286500000000004,25.1663,8.618200000000002,2011.0,129.0,7.8725000000000005,20.1127,0.0,43.123,14.542499999999999,-0.46770000000000006,7.471500000000001,2.9294000000000002,2011.0,129.0,22.10599333333333,27.401793333333334,2.6124666666666667,62.16460666666667,21.451606666666663,8.96136,15.043746666666667,5.644306666666666,2011.0,5898.29,3905.68,776.29,3072.34,409.9,1432.57,0.0
2,145.0,29.4954,34.116299999999995,31.6365,91.72640000000001,29.456000000000003,20.6348,24.489800000000002,9.8152,2011.0,145.0,6.4713,24.939299999999996,0.0,48.364200000000004,18.165399999999998,7.4946,13.9163,3.1958,2011.0,145.0,19.369259999999997,30.674213333333334,5.809893333333332,69.79489999999998,24.091166666666666,12.99802,18.48894,5.654026666666668,2011.0,6534.93,4327.64,656.21,3160.21,348.42,1405.7,0.22
3,161.0,28.869,34.526,16.0914,91.2921,34.7805,22.6368,28.3088,8.166,2011.0,161.0,6.416,29.607599999999998,0.0,52.070299999999996,22.594,12.2939,18.2303,2.5388,2011.0,161.0,20.667286666666662,32.648273333333336,3.7364400000000004,67.41320666666668,28.448533333333334,17.146946666666665,22.60530666666667,5.097566666666667,2011.0,7012.44,4998.13,630.59,3602.53,338.13,1335.17,0.76
4,177.0,28.9117,35.85209999999999,16.3157,88.14750000000001,36.8452,24.3744,30.4887,8.206199999999999,2011.0,177.0,9.7861,28.434099999999997,0.0,55.2308,19.426499999999997,12.8179,16.7991,2.3894,2011.0,177.0,22.06231333333333,33.16655333333333,4.5900066666666675,72.36338,28.107186666666667,17.806286666666665,22.879426666666667,5.304399999999999,2011.0,7577.97,5302.85,488.95,3568.52,266.21,1067.11,0.42
5,193.0,28.0729,37.4765,13.152000000000001,88.52459999999999,36.447199999999995,26.8256,32.4303,5.273299999999999,2011.0,193.0,11.094899999999999,32.504,0.0,57.963300000000004,27.9433,18.5336,24.1169,1.4759000000000002,2011.0,193.0,23.21688666666666,35.649939999999994,3.5219400000000007,71.65324666666666,31.25997333333333,22.32475333333333,26.71128,3.6757400000000002,2011.0,8024.4,5810.4,407.25,3804.24,223.81,927.16,0.0
6,209.0,26.6535,38.4406,10.3045,86.4391,37.6057,25.1814,30.7476,5.7392,2011.0,209.0,9.809899999999999,32.1344,0.0,59.8716,28.844099999999997,19.6479,25.0631,2.1317000000000004,2011.0,209.0,20.460606666666667,35.90852666666666,3.3863733333333332,71.91906666666667,32.23191333333333,22.876466666666666,27.396406666666664,3.35604,2011.0,7874.23,5545.92,418.79,3629.67,228.91,926.2,0.0
7,225.0,25.6361,35.848200000000006,12.8363,84.19749999999999,31.895899999999997,21.6417,25.464800000000004,5.6525,2011.0,225.0,16.7293,29.983200000000004,0.0,50.0061,26.7524,15.545699999999998,21.1507,1.9793,2011.0,225.0,22.9589,32.51954666666667,3.1053533333333334,64.10997333333333,29.103320000000004,18.384713333333334,23.615260000000006,3.517,2011.0,7891.9,5520.01,414.17,3604.23,224.92,858.13,0.0
8,241.0,24.2391,36.733599999999996,11.8468,88.17080000000001,37.814800000000005,22.6685,29.342299999999994,6.0431,2011.0,241.0,6.3747,24.787100000000002,0.0,42.5113,22.9883,9.241600000000002,16.549499999999995,1.9463,2011.0,241.0,18.2642,32.11755333333333,2.5710333333333333,62.43252666666666,30.05504,17.237406666666665,23.540826666666664,3.7750400000000006,2011.0,6953.07,4751.4,594.62,3363.27,318.5,1065.87,0.0
9,257.0,22.0329,32.344899999999996,8.366,87.785,33.759,16.7605,25.049899999999997,7.1856,2011.0,257.0,4.8131,25.0614,0.0,38.161,14.4036,3.737,9.4958,1.694,2011.0,257.0,16.595013333333334,28.832326666666667,1.0996066666666666,54.402699999999996,24.15022666666667,11.67252666666667,17.758740000000003,4.129506666666666,2011.0,6936.54,4282.43,509.43,2902.9,272.64,871.89,0.0
10,273.0,19.2148,32.5279,2.6196,60.700500000000005,30.176099999999998,17.437700000000003,22.5282,9.644499999999999,2011.0,273.0,12.661200000000001,22.6375,0.0,33.9533,19.8806,4.5631,12.4615,1.5873,2011.0,273.0,16.508966666666666,26.757820000000002,0.29336666666666666,46.95070666666666,24.783520000000003,9.902693333333334,16.80446,4.901513333333334,2011.0,5182.02,3113.59,837.54,2627.17,432.95,1402.7,0.0
11,289.0,14.750599999999999,30.344099999999997,5.240100000000001,78.7313,27.4863,16.358,21.2529,7.5938,2011.0,289.0,5.1576,20.4269,0.0,41.414,10.152899999999999,-1.0151,4.1271,2.3101000000000003,2011.0,289.0,11.552406666666666,26.055600000000002,0.9495666666666667,54.44248666666667,18.30804,7.16878,12.070226666666667,4.891146666666666,2011.0,4511.26,2677.25,965.14,2518.57,495.89,1631.51,0.09
12,305.0,12.7015,27.8681,24.0445,78.1386,23.4869,10.3001,16.371499999999997,9.0489,2011.0,305.0,1.6108,19.634900000000002,0.0,35.9482,7.2658,-1.5455999999999999,3.6621,3.0985,2011.0,305.0,10.145986666666666,23.984640000000002,2.4391,54.044733333333326,14.074953333333331,2.93462,7.850953333333333,5.557566666666667,2011.0,3963.95,2406.14,1100.64,2530.49,559.71,1742.35,0.15
