,DOY,INSgdmax,RADmax,RAINmax,RHmax,TMAXmax,TMINmax,Tmax,WINDmax,YEAR,DOY,INSgdmin,RADmin,RAINmin,RHmin,TMAXmin,TMINmin,Tmin,WINDmin,YEAR,DOY,INSgdmean,RADmean,RAINmean,RHmean,TMAXmean,TMINmean,Tmean,WINDmean,YEAR,NDVI,EVI,RED,NIR,BLUE,MIR,pixrel
0,113.0,24.41,29.05,9.06,84.93,22.81,6.63,14.74,8.92,2011.0,113.0,6.52,23.83,0.0,55.23,5.69,-3.05,2.65,1.29,2011.0,113.0,13.593333333333332,26.289333333333335,1.6446666666666667,68.65066666666667,14.448,2.312,8.150666666666666,5.816,2011.0,3366.65,2224.15,1418.1,2850.77,705.28,2809.99,0.17
1,129.0,29.16,32.26,11.26,83.97,31.79,18.8,24.98,8.87,2011.0,129.0,10.08,20.12,0.0,41.88,14.19,-0.29,7.43,2.47,2011.0,129.0,23.029333333333334,27.266666666666666,1.6773333333333336,59.402,21.662,8.379333333333333,14.958666666666666,5.647333333333333,2011.0,3716.13,2523.42,1371.29,2993.2,685.32,2677.94,0.0
2,145.0,29.45,34.2,33.51,91.77,28.65,20.51,24.1,9.63,2011.0,145.0,7.2,25.63,0.0,47.34,17.76,7.32,13.73,3.7,2011.0,145.0,19.071333333333328,30.57733333333334,6.923333333333333,69.97133333333333,23.639999999999997,12.576666666666664,18.114,5.662000000000001,2011.0,4204.61,2843.34,1227.87,3018.53,620.9,2532.96,0.16
3,161.0,28.91,34.24,12.91,90.51,34.88,22.21,28.04,7.52,2011.0,161.0,7.56,29.34,0.0,49.33,20.95,12.23,16.93,2.7,2011.0,161.0,21.55666666666667,32.21333333333333,2.4299999999999997,65.91333333333334,28.15666666666667,16.542666666666666,22.110666666666667,5.005999999999999,2011.0,5636.13,3512.28,775.12,2816.76,398.92,1618.22,0.04
4,177.0,29.23,35.68,12.68,89.06,37.2,23.63,30.1,8.44,2011.0,177.0,9.5,28.66,0.0,54.6,18.11,12.78,16.29,2.45,2011.0,177.0,22.06600000000001,33.04600000000001,3.77,72.95066666666668,27.840666666666667,17.429333333333332,22.54666666666667,5.245333333333334,2011.0,7468.89,5756.64,525.45,4025.23,285.28,1138.97,0.17
5,193.0,28.12,37.48,25.07,88.78,36.9,26.44,32.81,5.38,2011.0,193.0,7.85,33.08,0.0,60.5,28.02,17.87,23.88,1.95,2011.0,193.0,22.854666666666663,35.592,3.8786666666666667,73.45599999999999,31.235333333333323,22.11133333333333,26.528666666666666,3.812666666666667,2011.0,8394.65,6822.47,332.3,4514.23,181.69,769.2,0.14
6,209.0,26.68,37.4,12.93,84.31,38.34,24.29,30.92,5.49,2011.0,209.0,11.09,30.96,0.0,58.1,28.78,18.26,24.66,2.26,2011.0,209.0,21.13466666666666,35.457333333333324,2.766666666666667,72.07866666666665,31.964666666666673,22.266666666666666,27.06066666666667,3.4106666666666667,2011.0,8440.66,6798.81,311.56,4456.64,170.83,712.64,0.0
7,225.0,25.49,34.96,13.23,83.88,31.74,20.73,24.92,5.54,2011.0,225.0,5.98,29.88,0.0,51.35,27.47,15.59,21.42,1.93,2011.0,225.0,22.210000000000004,32.37466666666666,2.8533333333333335,63.46533333333334,29.218000000000004,17.941333333333336,23.468666666666667,3.6406666666666663,2011.0,7984.92,5744.51,369.78,3714.69,201.66,731.39,0.06
8,241.0,24.16,36.36,8.84,88.61,38.03,21.5,29.03,5.59,2011.0,241.0,4.36,24.77,0.0,43.34,23.12,9.32,16.65,2.08,2011.0,241.0,17.901999999999997,32.106,2.9380000000000006,63.79600000000001,29.79133333333333,16.887999999999998,23.241333333333337,3.750666666666666,2011.0,6612.97,4456.89,612.09,3208.59,326.23,1006.43,0.01
9,257.0,21.85,32.44,7.64,80.71,34.23,16.76,24.95,7.93,2011.0,257.0,5.54,25.09,0.0,37.27,13.63,3.72,9.12,1.52,2011.0,257.0,16.173333333333336,28.950666666666663,1.064,53.90066666666666,24.32066666666667,11.690666666666665,17.779999999999998,4.112666666666667,2011.0,6038.33,3623.61,621.88,2678.24,316.33,1010.62,0.0
10,273.0,19.22,33.77,2.31,59.71,31.18,19.04,23.06,10.15,2011.0,273.0,11.45,23.0,0.0,30.12,20.45,4.75,12.76,1.39,2011.0,273.0,16.787999999999997,26.653999999999993,0.15866666666666665,44.657333333333334,25.375999999999998,10.17,17.263333333333332,5.147333333333333,2011.0,3909.69,2343.85,1135.78,2578.1,535.92,1693.63,0.01
11,289.0,14.11,31.64,2.31,70.01,27.24,18.29,22.01,7.5,2011.0,289.0,6.84,20.3,0.0,41.73,10.52,-1.31,4.03,2.5,2011.0,289.0,12.148000000000001,25.86133333333333,0.47200000000000003,51.629333333333335,18.598,7.211333333333332,12.198666666666668,4.787333333333334,2011.0,3247.12,2129.29,1438.8,2776.08,683.12,2041.88,0.68
12,305.0,12.38,27.18,12.72,76.46,21.29,9.49,14.65,9.61,2011.0,305.0,2.2,19.01,0.0,36.24,7.03,-2.28,3.18,3.05,2011.0,305.0,10.072666666666667,23.790666666666663,1.5053333333333334,52.130666666666684,13.610666666666667,2.4046666666666665,7.404666666666667,5.391333333333333,2011.0,2840.63,1944.2,1619.57,2867.47,774.51,2189.54,0.89
