,DOY,INSgdmax,RADmax,RAINmax,RHmax,TMAXmax,TMINmax,Tmax,WINDmax,YEAR,DOY,INSgdmin,RADmin,RAINmin,RHmin,TMAXmin,TMINmin,Tmin,WINDmin,YEAR,DOY,INSgdmean,RADmean,RAINmean,RHmean,TMAXmean,TMINmean,Tmean,WINDmean,YEAR,NDVI,EVI,RED,NIR,BLUE,MIR,pixrel
0,113.0,23.9,28.51,9.99,84.71,18.49,7.74,12.13,9.28,2011.0,113.0,5.26,23.18,0.0,57.73,5.43,-3.66,2.0,1.73,2011.0,113.0,13.390666666666666,26.084,2.75,69.78399999999998,12.924000000000001,1.3806666666666667,6.948666666666665,5.94,2011.0,2952.64,1400.34,910.39,1683.45,463.52,1583.83,0.0
1,129.0,28.91,32.26,13.88,86.08,29.71,17.68,23.6,8.44,2011.0,129.0,6.7,20.41,0.0,48.45,12.24,-0.93,5.6,3.05,2011.0,129.0,20.212666666666667,27.389999999999997,3.3680000000000003,62.84866666666667,20.109333333333336,7.441999999999999,13.633333333333335,5.772,2011.0,3715.09,1871.11,853.97,1895.25,435.41,1691.7,0.03
2,145.0,29.2,34.06,32.33,87.91,27.94,19.05,23.26,8.98,2011.0,145.0,7.16,24.34,0.0,49.05,14.81,6.59,12.65,3.54,2011.0,145.0,20.101333333333333,29.797333333333334,6.009333333333333,71.09066666666666,22.44133333333333,12.198000000000002,17.243333333333336,5.945333333333334,2011.0,4724.71,2502.96,742.76,2125.06,381.36,1573.56,0.03
3,161.0,28.98,33.62,9.33,90.83,33.89,21.2,27.01,7.71,2011.0,161.0,6.08,29.02,0.0,50.6,20.65,10.2,15.59,2.7,2011.0,161.0,21.462666666666667,31.45866666666667,3.118666666666667,69.90533333333335,26.326000000000008,15.234000000000002,20.65333333333333,5.045333333333334,2011.0,6937.77,4324.33,520.12,2962.48,276.21,987.44,0.68
4,177.0,28.8,35.75,11.59,92.08,33.81,23.51,28.64,7.09,2011.0,177.0,11.41,27.94,0.0,63.58,18.72,12.39,16.21,2.58,2011.0,177.0,21.268666666666665,32.383333333333326,4.168,77.42333333333332,26.082000000000004,16.78,21.435333333333336,4.987333333333334,2011.0,7248.93,4705.52,479.83,3173.4,249.64,899.37,0.04
5,193.0,28.91,37.22,28.49,92.29,33.4,25.67,30.38,5.52,2011.0,193.0,10.66,31.1,0.0,67.97,25.12,15.46,20.5,1.55,2011.0,193.0,22.854666666666667,34.83133333333333,5.535999999999999,79.11666666666666,28.869333333333326,21.12,25.0,3.642666666666665,2011.0,7726.06,5254.52,441.18,3479.16,227.74,787.07,0.03
6,209.0,27.04,37.62,14.58,90.82,32.39,24.17,27.92,5.98,2011.0,209.0,8.6,29.48,0.0,65.3,27.71,16.3,22.6,1.78,2011.0,209.0,21.31600000000001,34.23866666666667,2.7413333333333325,80.22666666666666,29.271999999999995,21.016000000000005,25.326666666666664,3.344666666666667,2011.0,7373.35,4897.37,493.15,3317.12,252.39,856.37,0.01
7,225.0,25.56,35.06,6.1,87.94,28.17,20.98,24.17,5.6,2011.0,225.0,14.29,28.19,0.0,60.53,24.45,13.25,19.4,1.99,2011.0,225.0,21.438666666666666,31.573999999999998,1.2,70.65733333333333,26.49666666666667,16.712666666666667,21.730666666666664,3.5513333333333335,2011.0,6930.18,4524.28,597.35,3222.4,291.22,1008.14,0.0
8,241.0,24.19,35.42,13.68,88.0,34.84,21.36,27.38,6.26,2011.0,241.0,7.06,24.88,0.0,50.09,21.35,8.91,15.75,2.12,2011.0,241.0,18.267333333333333,31.152666666666665,2.2386666666666666,66.75533333333333,27.328666666666667,16.040666666666667,21.65533333333333,3.802,2011.0,6448.68,3868.48,594.78,2764.39,304.33,1099.32,0.0
9,257.0,21.53,31.97,3.92,79.04,33.01,17.31,24.21,8.62,2011.0,257.0,5.44,24.01,0.0,37.63,14.67,2.17,8.83,1.51,2011.0,257.0,16.8,28.778666666666663,0.7353333333333335,55.181333333333335,22.967333333333332,11.16,16.89666666666667,4.410666666666667,2011.0,5328.93,2957.52,704.05,2368.79,342.27,1261.03,0.0
10,273.0,18.61,32.33,1.03,64.88,29.19,17.28,21.93,10.18,2011.0,273.0,11.92,22.21,0.0,34.42,19.14,3.04,11.2,1.19,2011.0,273.0,16.095333333333333,26.728666666666662,0.15666666666666668,48.93066666666666,23.942000000000004,9.521333333333333,16.199333333333332,5.203333333333332,2011.0,4471.32,2454.31,837.34,2226.1,426.21,1352.26,0.09
11,289.0,14.4,30.28,3.06,74.29,26.81,16.13,20.82,7.93,2011.0,289.0,4.93,20.23,0.0,40.8,9.59,-1.7,3.38,2.48,2011.0,289.0,11.06466666666667,25.49533333333334,0.3373333333333333,55.20133333333333,17.492,6.394666666666667,11.226666666666665,5.274666666666667,2011.0,3922.45,1954.32,812.94,1901.61,410.8,1606.04,0.05
12,305.0,12.31,27.68,10.69,73.12,17.55,7.21,11.31,9.82,2011.0,305.0,3.06,18.86,0.0,37.9,7.05,-1.94,3.72,3.24,2011.0,305.0,9.472000000000001,23.493333333333336,1.5513333333333332,53.316,12.374666666666666,1.703333333333333,6.47066666666667,5.377333333333336,2011.0,3379.83,1614.99,877.59,1774.03,448.39,1579.22,0.32
