,DOY,INSgdmax,RADmax,RAINmax,RHmax,TMAXmax,TMINmax,Tmax,WINDmax,YEAR,DOY,INSgdmin,RADmin,RAINmin,RHmin,TMAXmin,TMINmin,Tmin,WINDmin,YEAR,DOY,INSgdmean,RADmean,RAINmean,RHmean,TMAXmean,TMINmean,Tmean,WINDmean,YEAR,NDVI,EVI,RED,NIR,BLUE,MIR,pixrel
0,113.0,24.59,28.66,15.11,86.99,21.08,9.03,13.43,9.65,2011.0,113.0,6.19,23.62,0.0,57.24,4.57,-3.35,2.19,1.47,2011.0,113.0,13.432,26.324666666666666,2.7826666666666657,69.75533333333334,14.001333333333337,2.2553333333333336,7.9346666666666685,5.893333333333333,2011.0,3480.35,1747.88,795.26,1757.82,428.97,1256.99,0.17
1,129.0,29.02,33.34,17.16,85.18,31.39,18.82,24.75,8.63,2011.0,129.0,8.39,19.98,0.0,44.15,13.99,-0.62,7.15,2.79,2011.0,129.0,21.98,27.302666666666667,2.4466666666666668,62.797333333333334,21.223333333333336,8.549333333333333,14.693333333333333,5.648000000000001,2011.0,4150.92,2257.23,770.1,2033.56,418.2,1470.85,0.09
2,145.0,29.34,33.95,30.95,91.99,29.3,20.26,24.25,9.54,2011.0,145.0,6.41,24.59,0.0,47.9,17.74,7.32,13.68,3.43,2011.0,145.0,19.566,30.43,5.245999999999999,70.00066666666666,23.763333333333332,12.717333333333334,18.170666666666662,5.756,2011.0,4897.5,2741.16,674.84,2210.92,366.76,1326.52,0.14
3,161.0,28.48,34.27,17.56,92.39,34.31,22.3,27.94,8.08,2011.0,161.0,4.9,29.88,0.0,51.1,21.81,11.57,17.5,2.42,2011.0,161.0,20.352666666666664,32.373999999999995,3.8680000000000003,67.52333333333334,27.884,16.488,22.026000000000003,5.150666666666667,2011.0,6541.77,3830.66,487.26,2633.19,261.69,992.03,0.15
4,177.0,28.33,35.86,13.29,88.92,36.12,24.28,30.17,8.09,2011.0,177.0,10.91,28.4,0.0,57.67,18.98,12.53,16.26,2.33,2011.0,177.0,21.95466666666666,33.038666666666664,4.5120000000000005,72.94666666666666,27.57933333333333,17.47266666666667,22.498666666666665,5.262,2011.0,7312.7,4799.5,479.08,3214.07,261.15,917.62,0.14
5,193.0,28.12,37.33,13.34,88.96,36.01,26.27,32.19,5.27,2011.0,193.0,10.15,32.29,0.0,60.7,27.38,17.85,23.45,1.5,2011.0,193.0,23.40533333333333,35.37533333333332,4.068666666666668,72.75933333333334,30.688,22.053999999999995,26.327999999999996,3.748666666666667,2011.0,7516.96,5157.35,476.59,3459.23,256.98,867.95,0.02
6,209.0,26.82,37.66,9.15,90.13,36.01,24.74,29.99,5.7,2011.0,209.0,10.22,30.92,0.0,63.99,28.55,18.59,24.57,2.1,2011.0,209.0,20.087333333333333,35.518,3.0426666666666664,74.35533333333333,31.17733333333333,22.314666666666664,26.744666666666664,3.322,2011.0,7035.11,4917.32,599.35,3487.64,322.08,965.17,0.01
7,225.0,25.52,35.6,10.94,82.27,31.28,21.15,25.12,5.76,2011.0,225.0,15.08,29.7,0.0,50.1,26.65,15.22,20.85,1.95,2011.0,225.0,22.510666666666665,32.196,2.5366666666666666,63.254,28.691999999999997,18.004,23.270000000000003,3.6180000000000003,2011.0,6055.35,3944.58,749.34,3032.29,388.55,1091.77,0.02
8,241.0,24.12,36.79,11.75,88.8,36.89,22.12,28.63,5.93,2011.0,241.0,6.62,24.66,0.0,41.98,22.28,8.93,16.2,1.86,2011.0,241.0,18.376666666666665,31.866,3.0813333333333333,64.71466666666666,29.220000000000006,16.806,22.886000000000003,3.738000000000001,2011.0,5172.59,3174.57,838.5,2665.51,422.19,1299.63,0.01
9,257.0,21.89,32.4,5.67,85.31,33.27,16.92,24.86,7.66,2011.0,257.0,4.79,25.09,0.0,37.36,14.54,3.03,9.27,1.47,2011.0,257.0,16.39,28.791999999999998,0.8013333333333335,54.12533333333333,23.715999999999998,11.528666666666668,17.507333333333335,4.192666666666667,2011.0,4869.41,2822.66,784.48,2361.68,411.06,1236.25,0.08
10,273.0,19.04,32.0,3.2,61.86,29.86,17.26,22.34,9.77,2011.0,273.0,12.92,22.46,0.0,34.09,19.59,4.08,12.15,1.51,2011.0,273.0,16.345333333333333,26.688000000000002,0.36133333333333334,47.251999999999995,24.521333333333338,9.791333333333332,16.612,4.994,2011.0,4128.91,2311.11,873.8,2172.55,464.26,1307.38,0.03
11,289.0,14.26,30.02,3.2,79.43,27.36,16.09,21.07,7.87,2011.0,289.0,5.29,20.48,0.0,41.05,10.06,-1.17,3.93,2.46,2011.0,289.0,11.341999999999995,25.89266666666667,0.574,53.694,18.112,6.877999999999999,11.860000000000003,5.03,2011.0,3973.8,2109.07,841.59,2012.36,448.96,1396.65,0.16
12,305.0,12.49,27.65,17.22,75.9,23.14,9.61,15.44,9.19,2011.0,305.0,1.58,19.12,0.0,35.73,6.88,-1.48,3.49,3.03,2011.0,305.0,10.065333333333333,23.816666666666666,2.0866666666666664,54.06399999999999,13.606,2.524666666666666,7.437333333333333,5.507333333333334,2011.0,3629.49,1822.9,843.65,1853.68,444.16,1371.02,0.07
