,DOY,INSgdmax,RADmax,RAINmax,RHmax,TMAXmax,TMINmax,Tmax,WINDmax,YEAR,DOY,INSgdmin,RADmin,RAINmin,RHmin,TMAXmin,TMINmin,Tmin,WINDmin,YEAR,DOY,INSgdmean,RADmean,RAINmean,RHmean,TMAXmean,TMINmean,Tmean,WINDmean,YEAR,NDVI,EVI,RED,NIR,BLUE,MIR,pixrel
0,113.0,25.593,30.1879,20.987699999999997,94.3982,22.328699999999998,11.845299999999998,16.0066,8.8077,2011.0,113.0,5.5806000000000004,24.7711,0.0,60.4145,11.8582,-1.1005,5.9426,2.5046999999999997,2011.0,113.0,14.045840000000002,27.606833333333338,3.5805933333333333,72.09739333333333,16.419393333333332,4.6714400000000005,10.248633333333334,5.5303,2011.0,5392.34,1861.07,310.69,1202.65,199.72,499.76,0.0
1,129.0,29.390099999999997,33.663900000000005,9.6034,89.7411,28.903800000000004,20.337600000000002,23.9834,7.129,2011.0,129.0,5.0543,21.427500000000002,0.0,50.6875,12.581800000000001,-0.030999999999999972,7.059799999999999,3.4975000000000005,2011.0,129.0,20.45634666666667,28.00512666666667,2.3326466666666663,69.92608,20.711693333333333,9.790806666666668,15.192106666666668,5.0829,2011.0,5756.59,2271.4,362.81,1489.24,232.47,576.9,0.0
2,145.0,28.970399999999998,33.4712,23.1747,90.65840000000001,29.948800000000002,20.0064,24.8194,8.0313,2011.0,145.0,9.6233,25.179100000000002,0.0,57.0545,19.221200000000003,8.0923,13.564,2.5100000000000002,2011.0,145.0,20.42228666666667,30.904960000000003,5.671026666666667,74.62072666666667,24.751360000000002,14.030253333333333,19.39698,4.966253333333334,2011.0,6703.73,2552.56,251.64,1470.8,186.35,372.94,0.0
3,161.0,28.577599999999997,35.437400000000004,18.4426,89.7825,32.385999999999996,22.7847,27.157099999999996,6.881099999999999,2011.0,161.0,6.449,30.6021,0.0,64.0041,22.5877,12.8007,17.9039,2.6367000000000003,2011.0,161.0,20.552886666666662,33.348333333333336,5.08256,77.77656666666667,28.10732,18.691313333333333,23.24916,4.69308,2011.0,6977.62,3757.97,336.86,2219.82,285.6,436.17,0.62
4,177.0,29.567,35.8471,28.4769,90.2198,32.6042,24.3707,28.2974,7.698,2011.0,177.0,6.0346,27.9206,0.0,62.9894,22.065099999999997,13.5319,18.852200000000003,2.6819,2011.0,177.0,21.757619999999996,33.331873333333334,6.22208,77.35396666666668,27.66582,18.871953333333334,23.20618,4.814273333333333,2011.0,7537.13,3847.63,240.49,2214.68,185.25,367.5,0.0
5,193.00000000000003,27.5309,37.8631,8.522,83.459,35.179300000000005,27.0102,31.7569,4.8087,2011.0,193.00000000000003,12.575399999999998,32.7662,0.0,59.74479999999999,28.6404,18.7274,24.307599999999997,1.5455,2011.0,193.00000000000003,22.219373333333337,35.75322666666667,2.06028,71.06454000000001,31.65404,22.426513333333332,27.048906666666664,3.2552133333333333,2011.0,7520.14,3895.49,246.66,2233.0,202.64,315.98,0.0
6,208.99999999999997,26.6039,38.75940000000001,13.2918,83.5484,38.104400000000005,26.0712,30.5208,5.6227,2011.0,208.99999999999997,10.110399999999998,33.965,0.0,60.556,29.732100000000003,21.810599999999997,26.802,1.5335999999999999,2011.0,208.99999999999997,22.359146666666668,36.38882,2.8508933333333335,72.05408,33.543213333333334,24.149720000000002,28.649833333333333,3.1599466666666665,2011.0,7531.87,3544.67,200.21,1988.04,147.31,329.87,0.0
7,225.0,25.843100000000003,36.5109,11.9959,82.22080000000001,32.863899999999994,23.988799999999998,27.0876,5.0143,2011.0,225.0,14.773999999999997,29.476999999999997,0.0,47.091899999999995,26.0248,16.228699999999996,21.3305,1.2627,2011.0,225.0,22.220299999999995,32.75334000000001,1.8591266666666668,65.18012,30.177880000000002,19.281613333333333,24.38934666666667,2.916646666666667,2011.0,7212.99,3288.67,231.22,1859.39,184.09,297.4,0.2
8,241.00000000000003,24.3337,36.516799999999996,8.4641,80.7222,39.2029,24.029999999999998,30.5374,6.934299999999999,2011.0,241.00000000000003,4.532100000000001,25.1296,0.0,49.6832,23.662100000000002,10.7073,16.9443,1.6149,2011.0,241.00000000000003,19.319633333333332,32.5561,1.7151800000000001,61.840533333333326,31.34552666666666,18.605406666666667,24.69287333333333,3.9475333333333333,2011.0,7165.14,3014.07,226.05,1690.34,178.51,291.44,0.0
9,257.0,22.6812,32.9523,9.0416,80.9152,32.90090000000001,17.3818,24.8566,5.891900000000001,2011.0,257.0,5.5402000000000005,23.939199999999996,0.0,41.6794,16.5767,4.3735,11.046200000000002,2.4920999999999998,2011.0,257.0,16.803966666666668,29.283286666666665,1.3464066666666668,56.95466,25.05028666666667,12.189306666666667,18.3772,4.0975,2011.0,6633.28,2600.35,256.54,1521.61,179.68,296.18,0.0
10,273.0,18.540399999999998,30.1841,4.858499999999999,81.74980000000001,30.3371,16.5638,22.7247,7.5998,2011.0,273.0,5.5795,22.511300000000002,0.0,32.3737,17.9699,4.5947,11.9838,1.4957000000000003,2011.0,273.0,15.167753333333334,26.84807333333333,0.5651333333333334,53.608286666666665,23.946213333333333,9.712473333333334,16.209033333333334,4.05506,2011.0,5212.44,2149.79,412.43,1454.94,290.32,443.94,0.0
11,289.0,16.0409,31.318200000000004,19.261100000000003,87.1984,28.724199999999996,15.774199999999999,21.0943,7.7311,2011.0,289.0,5.5579,22.584799999999998,0.0,45.4548,11.116,1.0491000000000001,6.784300000000001,2.4136,2011.0,289.0,11.406053333333332,26.990019999999998,2.776113333333333,57.33732666666666,19.480006666666668,8.562133333333334,13.292973333333334,4.718006666666668,2011.0,6069.93,2121.59,263.08,1263.06,188.23,343.92,0.0
12,305.0,12.99,29.945,26.165399999999998,90.7353,27.4266,13.179599999999999,19.1598,8.0594,2011.0,305.0,2.2607,20.1463,0.0,35.028099999999995,8.135,-1.3733,3.1531,2.8709999999999996,2011.0,305.0,8.98668,25.73,4.02858,62.15723333333334,15.387866666666667,4.1985133333333335,9.255479999999999,5.2607333333333335,2011.0,6380.62,2108.06,259.57,1235.53,207.41,321.25,0.79
