,DOY,INSgdmax,RADmax,RAINmax,RHmax,TMAXmax,TMINmax,Tmax,WINDmax,YEAR,DOY,INSgdmin,RADmin,RAINmin,RHmin,TMAXmin,TMINmin,Tmin,WINDmin,YEAR,DOY,INSgdmean,RADmean,RAINmean,RHmean,TMAXmean,TMINmean,Tmean,WINDmean,YEAR,NDVI,EVI,RED,NIR,BLUE,MIR,pixrel
0,113.0,26.46,29.41,22.66,92.02,19.6,8.72,13.83,8.76,2011.0,113.0,5.36,23.54,0.0,62.13,6.91,-1.61,2.73,1.91,2011.0,113.0,14.030666666666667,26.727333333333334,5.135333333333333,77.98800000000001,13.170666666666666,2.6086666666666667,7.636666666666667,5.615999999999999,2011.0,444.64,-706.83,-284.8,185.97,-393.15,-67.6,137.73
1,129.0,28.87,33.23,16.58,91.95,27.42,19.26,23.02,7.82,2011.0,129.0,6.62,20.95,0.0,57.29,10.62,-0.72,5.06,2.61,2011.0,129.0,18.138666666666666,27.720000000000006,4.146,74.17266666666667,19.25,8.145333333333333,13.630666666666668,4.993333333333334,2011.0,480.0,-644.26,-289.07,262.68,-412.87,-16.94,142.81
2,145.0,28.66,33.19,14.34,89.21,29.0,18.52,23.77,7.52,2011.0,145.0,6.26,25.88,0.0,58.05,15.97,4.99,12.09,2.93,2011.0,145.0,19.087333333333333,30.334666666666667,3.3313333333333333,76.70066666666665,22.963999999999995,12.32933333333333,17.740000000000002,5.202000000000001,2011.0,1760.44,234.3,-384.47,565.3,-431.82,-266.84,135.17
3,161.0,28.76,34.38,19.56,87.98,31.44,21.98,26.36,6.56,2011.0,161.0,9.32,29.34,0.0,68.0,21.38,10.34,16.15,2.68,2011.0,161.0,22.018666666666668,32.398,5.226666666666665,77.57799999999999,26.460666666666665,16.117333333333335,21.262666666666664,4.736666666666667,2011.0,2248.99,1200.41,-79.82,1019.61,-87.64,-4.5,71.6
4,177.0,29.02,35.82,23.83,92.12,29.81,24.49,27.12,6.52,2011.0,177.0,12.2,27.65,0.0,69.14,18.85,13.41,16.97,2.49,2011.0,177.0,21.636666666666667,32.83133333333333,5.56,81.22866666666667,26.017999999999997,17.922666666666665,21.956,4.596666666666668,2011.0,2106.36,980.25,-386.12,1023.16,-428.09,-261.4,130.09
5,193.0,27.65,37.8,9.99,97.12,32.41,26.18,29.82,4.62,2011.0,193.0,13.07,32.0,0.0,68.93,25.57,14.94,21.46,1.31,2011.0,193.0,22.075333333333333,34.665333333333336,3.246666666666667,79.60066666666665,29.055999999999997,20.965999999999998,25.066666666666666,3.1986666666666665,2011.0,2307.47,1091.27,-288.09,1148.14,-324.89,-182.93,127.58
6,209.0,27.4,38.52,17.6,91.66,33.22,24.93,28.48,5.28,2011.0,209.0,9.32,31.61,0.0,67.77,29.11,18.19,24.66,1.52,2011.0,209.0,20.63733333333333,35.20466666666666,3.8373333333333335,81.88133333333333,30.45733333333334,22.526000000000003,26.456666666666663,2.8206666666666664,2011.0,2248.08,730.75,-423.68,816.62,-449.1,-320.61,133.06
7,225.0,25.49,35.32,9.49,82.6,30.5,22.82,26.06,5.6,2011.0,225.0,7.63,28.04,0.0,54.47,25.0,13.91,19.69,1.26,2011.0,225.0,21.705333333333332,31.27933333333333,1.7086666666666668,68.85933333333332,27.66333333333332,17.818666666666665,22.601999999999993,2.8513333333333337,2011.0,2308.67,859.95,-400.28,933.71,-436.22,-285.65,132.76
8,241.0,23.83,36.86,37.56,90.58,37.32,23.42,28.6,6.68,2011.0,241.0,3.49,25.42,0.0,54.79,20.63,8.81,14.81,1.52,2011.0,241.0,18.704666666666665,31.837333333333337,3.7460000000000004,68.58066666666669,28.652666666666665,17.175333333333334,22.776000000000003,3.7366666666666664,2011.0,2217.85,421.61,-389.95,614.07,-420.03,-311.83,127.55
9,257.0,22.28,32.62,8.26,78.64,31.7,16.51,24.19,6.47,2011.0,257.0,5.0,23.11,0.0,44.95,15.15,2.66,10.26,1.84,2011.0,257.0,17.172666666666665,28.45,1.636,61.14866666666667,23.392,11.260666666666669,17.219999999999995,4.083333333333333,2011.0,1382.81,-116.98,-372.43,421.17,-445.43,-303.93,140.25
10,273.0,17.96,29.27,8.55,96.69,28.42,15.18,21.1,7.65,2011.0,273.0,5.36,21.74,0.0,48.55,16.24,1.79,9.51,1.53,2011.0,273.0,13.772,26.699333333333335,0.792,64.92400000000002,21.110000000000003,8.202,14.142000000000001,4.053333333333333,2011.0,1222.05,-195.85,-202.56,380.09,-265.72,-138.03,115.01
11,289.0,15.62,31.28,8.01,93.41,26.87,15.12,19.28,7.87,2011.0,289.0,3.56,21.82,0.0,46.03,10.41,0.17,6.57,2.77,2011.0,289.0,11.356000000000002,26.223333333333336,2.0593333333333335,63.50399999999999,17.672666666666668,7.334,11.927333333333333,4.903333333333334,2011.0,909.14,-664.55,-362.44,85.5,-428.79,-219.33,135.17
12,305.0,12.56,30.71,13.39,85.98,24.36,8.93,15.78,7.62,2011.0,305.0,2.41,20.34,0.0,44.1,5.79,-1.23,3.19,2.16,2011.0,305.0,8.522,25.339999999999996,3.25,68.14933333333335,13.569999999999999,2.68,7.537333333333334,4.858666666666666,2011.0,1122.29,-270.32,-32.75,372.67,-76.97,42.78,94.89
