,DOY,INSgdmax,RADmax,RAINmax,RHmax,TMAXmax,TMINmax,Tmax,WINDmax,YEAR,DOY,INSgdmin,RADmin,RAINmin,RHmin,TMAXmin,TMINmin,Tmin,WINDmin,YEAR,DOY,INSgdmean,RADmean,RAINmean,RHmean,TMAXmean,TMINmean,Tmean,WINDmean,YEAR,NDVI,EVI,RED,NIR,BLUE,MIR,pixrel
0,113.0,25.589,31.1324,28.276899999999998,82.59539999999998,30.5482,13.956300000000002,21.917299999999997,10.828800000000001,2012.0,113.0,3.6818,22.473,0.0,49.6445,13.7776,1.7656999999999998,8.5317,2.6026999999999996,2012.0,113.0,18.412026666666662,27.520000000000003,5.117226666666667,60.660826666666665,20.295926666666666,7.245353333333334,13.5811,6.184713333333333,2012.0,5842.35,3844.71,788.3,3044.73,412.41,1706.27,0.01
1,129.0,28.314,34.3945,24.395500000000002,87.4727,29.119799999999998,18.7694,22.540599999999998,7.005300000000001,2012.0,129.0,15.102799999999998,24.611099999999997,0.0,42.060900000000004,19.3378,6.8739,13.734300000000001,2.2868,2012.0,129.0,23.686060000000005,29.141320000000004,4.57518,62.95588000000001,24.926019999999994,12.800780000000003,18.719793333333335,4.883720000000001,2012.0,6104.95,4172.64,778.11,3246.82,410.38,1773.19,0.03
2,145.0,28.8983,34.4577,18.1583,89.6294,31.0417,20.4226,25.2239,9.5236,2012.0,145.0,9.234599999999999,26.2048,0.0,42.5537,16.3795,9.2545,12.488,1.8371,2012.0,145.0,22.688506666666665,30.35228,2.8988066666666663,59.263639999999995,26.157360000000004,14.121213333333333,20.06952,6.227220000000001,2012.0,6027.29,3948.07,759.35,3060.46,400.48,1592.73,0.0
3,161.0,29.427799999999998,34.8467,18.8883,87.297,32.6253,21.384,25.822499999999998,7.662699999999999,2012.0,161.0,11.3672,27.5352,0.0,32.8351,24.322200000000002,12.063600000000001,19.2579,2.1162,2012.0,161.0,24.078533333333333,31.77297333333333,3.0916466666666667,55.63602,29.197400000000005,17.193226666666668,23.12052,4.965326666666666,2012.0,6486.56,4539.02,743.51,3440.97,397.39,1510.89,0.06
4,177.0,29.3575,36.6429,15.9324,78.0507,41.0603,25.479,32.1814,8.965499999999999,2012.0,177.0,8.1249,29.0651,0.0,44.5871,27.964,14.852699999999999,21.178800000000003,2.2,2012.0,177.0,24.019820000000003,34.08682666666667,2.5494733333333333,62.19627333333332,32.347593333333336,21.01948,26.591639999999998,5.288053333333332,2012.0,7170.08,5024.51,577.15,3519.81,311.65,1128.25,0.94
5,193.0,28.2367,37.6873,2.7794999999999996,65.5621,40.613699999999994,26.3076,32.8621,5.882899999999999,2012.0,193.0,18.5066,30.7648,0.0,37.974799999999995,31.070299999999996,19.2743,26.3121,1.8797,2012.0,193.0,25.75084,34.565866666666665,0.32135333333333327,46.890873333333346,35.894059999999996,23.27348666666667,29.337446666666665,3.8767733333333334,2012.0,6586.54,4448.69,674.14,3272.8,357.77,1279.97,0.0
6,209.0,27.000700000000002,37.9832,10.7077,53.99700000000001,43.0994,28.453900000000004,35.1563,6.934200000000001,2012.0,209.0,10.729700000000001,32.03,0.0,30.291300000000003,32.9005,19.7327,26.131500000000003,2.2935,2012.0,209.0,24.384653333333336,35.24048666666667,1.97584,39.45389333333333,38.44543333333333,23.584206666666667,30.699986666666664,4.185826666666666,2012.0,6712.55,4614.08,651.79,3353.84,349.42,1198.1,0.0
7,225.0,27.337699999999998,36.5181,9.6174,64.60570000000001,39.614599999999996,23.665399999999998,31.0177,6.9663,2012.0,225.0,8.1952,25.6498,0.0,29.098600000000005,24.7062,10.4687,18.0915,1.9299,2012.0,225.0,21.54802,31.127199999999995,2.336533333333333,43.60776,31.231213333333336,16.583820000000003,23.67716,4.087893333333334,2012.0,6442.67,4075.8,628.51,2944.12,334.28,1263.65,0.02
8,241.0,24.496900000000004,36.216499999999996,13.9321,86.10909999999998,38.842200000000005,22.833599999999997,29.6415,6.6724,2012.0,241.0,4.4458,28.786900000000003,0.0,29.246000000000002,24.5398,14.627300000000002,22.4766,2.1550000000000002,2012.0,241.0,19.665173333333335,33.12787333333333,2.047206666666667,51.1694,33.6527,19.71226,26.473233333333333,4.297866666666667,2012.0,6890.64,4209.45,515.94,2863.53,273.07,1083.16,0.1
9,257.0,21.9617,33.2731,9.017199999999999,75.88040000000001,35.0069,16.6508,25.002499999999998,8.1098,2012.0,257.0,7.585100000000001,24.5884,0.0,28.999699999999997,19.4437,6.3703,13.3202,3.0553,2012.0,257.0,17.75094,28.229153333333336,1.4863666666666668,46.371060000000014,26.569899999999997,12.007453333333334,18.906959999999998,5.128986666666666,2012.0,6271.41,3815.68,635.87,2797.74,329.71,1147.82,0.0
10,273.0,19.6267,27.976399999999998,9.1197,51.4672,29.2725,12.6741,19.5404,7.0365,2012.0,273.0,8.289399999999999,21.8276,0.0,33.198299999999996,9.6346,-0.8844000000000001,3.9873,1.4415,2012.0,273.0,16.35909619047619,25.06563333333333,1.3402599999999998,39.7275,22.20683333333333,7.5468,14.335786666666667,3.5138266666666667,2012.0,5109.04,2958.49,813.42,2505.2,406.0,1435.04,0.0
11,289.0,15.7733,32.5771,15.3824,93.6492,25.5207,15.1357,18.3022,9.937100000000001,2012.0,289.0,4.8767000000000005,22.201900000000002,0.0,34.360299999999995,9.2198,0.11739999999999999,6.855,2.8001,2012.0,289.0,11.281673333333334,27.331246666666665,3.183606666666667,60.625386666666664,17.935813333333332,6.47274,11.701300000000002,5.672479999999998,2012.0,4628.75,2431.78,765.95,2102.62,394.43,1461.15,0.0
12,305.0,12.8352,31.534,8.799199999999999,91.2077,18.9049,11.193100000000001,15.171,7.879099999999999,2012.0,305.0,4.1335999999999995,22.5773,0.0,49.33070000000001,6.8466000000000005,-2.6447000000000003,1.6162,1.4343,2012.0,305.0,8.933233333333332,25.53010666666666,1.2172333333333334,64.35001333333332,11.586586666666667,1.4434133333333334,5.770466666666667,3.826513333333333,2012.0,4264.09,2266.88,844.68,2108.45,431.4,1661.65,0.0
