,DOY,INSgdmax,RADmax,RAINmax,RHmax,TMAXmax,TMINmax,Tmax,WINDmax,YEAR,DOY,INSgdmin,RADmin,RAINmin,RHmin,TMAXmin,TMINmin,Tmin,WINDmin,YEAR,DOY,INSgdmean,RADmean,RAINmean,RHmean,TMAXmean,TMINmean,Tmean,WINDmean,YEAR,NDVI,EVI,RED,NIR,BLUE,MIR,pixrel
0,113.0,25.3345,31.880500000000005,23.3915,88.094,28.113500000000002,15.593,21.4215,10.277,2012.0,113.0,5.435499999999999,24.7205,0.0,49.004999999999995,15.4265,3.9790000000000005,10.043499999999998,2.0035,2012.0,113.0,16.9201,28.3298,3.871766666666667,66.03836666666666,20.776699999999998,8.7445,14.7314,5.6098,2012.0,5430.97,1897.47,338.76,1243.73,213.25,584.07,0.0
1,129.0,28.820500000000003,33.9125,29.772,88.62400000000001,28.039499999999997,19.959000000000003,23.4965,6.3225,2012.0,129.0,11.048000000000002,24.844,0.0,45.497,21.224,8.1155,14.925,1.661,2012.0,129.0,21.446366666666666,30.121566666666666,5.289533333333333,71.1275,25.079333333333338,14.626900000000003,19.756333333333334,4.066599999999999,2012.0,6047.15,2459.13,337.51,1520.25,237.4,483.27,0.0
2,145.0,29.421,34.8955,7.0,82.1945,32.1235,21.6085,26.3495,7.84,2012.0,145.0,6.4305,24.547,0.0,45.431000000000004,17.8365,9.764499999999998,14.127499999999998,2.551,2012.0,145.0,24.6248,30.329933333333333,0.9583333333333334,59.205833333333324,27.592966666666662,15.313666666666666,21.429133333333333,5.236,2012.0,6694.21,2809.34,294.02,1643.74,217.27,453.2,0.0
3,161.0,30.064,35.109500000000004,22.531,78.27099999999999,34.561499999999995,21.048000000000002,26.5915,6.5954999999999995,2012.0,161.0,17.5745,26.954500000000003,0.0,36.5865,25.198500000000003,11.247499999999999,17.999499999999998,1.7145,2012.0,161.0,25.62485476190476,31.346966666666667,2.759733333333333,52.48416666666666,30.509533333333337,17.090166666666665,23.59753333333333,4.234733333333333,2012.0,7140.37,3306.95,277.53,1929.0,191.24,487.56,0.0
4,177.0,29.364499999999996,37.660000000000004,11.873000000000001,62.307,41.51400000000001,25.987000000000002,32.4105,8.7035,2012.0,177.0,10.7635,29.479,0.0,35.35849999999999,31.4225,15.638,24.664,2.4545,2012.0,177.0,26.343666666666664,34.37029999999999,1.515766666666667,52.1613,35.221333333333334,22.168933333333335,28.348,4.947566666666667,2012.0,7257.54,3253.36,259.16,1856.57,186.51,424.4,0.0
5,193.0,27.985,38.09,4.944999999999999,56.6455,44.603,29.3035,36.007000000000005,4.6905,2012.0,193.0,5.9155,33.4595,0.0,33.1415,33.0855,22.326999999999998,28.404999999999998,1.399,2012.0,193.0,25.09153333333333,35.7921,0.4048,43.422700000000006,38.33546666666667,24.914900000000003,31.310900000000004,3.3726333333333334,2012.0,7077.88,3312.16,293.75,1905.09,235.78,462.21,0.02
6,209.0,26.732,38.164,6.9635,58.5835,43.83149999999999,29.061500000000002,35.086,6.2245,2012.0,209.0,12.253499999999999,32.605,0.0,28.552,34.078,20.862499999999997,28.237000000000002,2.3845,2012.0,209.0,22.654466666666668,35.765766666666664,2.0325666666666664,40.019333333333336,38.99066666666666,24.660333333333334,31.419633333333334,4.013433333333333,2012.0,7234.06,3015.32,245.08,1704.23,176.84,428.55,0.0
7,225.0,27.102999999999998,36.290000000000006,9.635000000000002,77.562,39.995000000000005,23.08,30.570999999999998,5.8149999999999995,2012.0,225.0,9.04,26.24,0.0,35.416000000000004,25.689,13.1885,21.086999999999996,1.9064999999999999,2012.0,225.0,20.942,31.60633333333334,2.4732000000000003,52.431700000000006,30.761833333333335,17.370733333333334,23.91053333333333,3.503366666666667,2012.0,7232.19,3000.74,257.06,1705.96,184.76,379.33,0.35
8,241.0,24.642,37.126999999999995,11.585999999999999,95.261,37.798,23.313000000000002,29.5,6.888999999999999,2012.0,241.0,6.342499999999999,29.414,0.0,27.6665,25.1085,16.69,23.591,1.708,2012.0,241.0,19.20403333333333,33.70206666666667,1.9845666666666664,60.062799999999996,32.71496666666667,20.673099999999998,26.389933333333335,3.9005333333333336,2012.0,6632.78,2436.2,264.49,1420.63,181.32,412.42,0.06
9,257.0,22.225,32.355,5.242000000000001,88.56450000000001,30.840999999999998,17.142,23.956000000000003,6.4435,2012.0,257.0,4.009,24.4595,0.0,39.799499999999995,20.322000000000003,7.061999999999999,13.96,1.9474999999999998,2012.0,257.0,18.162,28.4994,0.8462,59.71846666666667,25.94833333333333,12.226399999999998,18.91126666666667,3.988333333333333,2012.0,6628.38,2041.18,219.48,1194.91,123.22,285.35,2.55
10,273.0,20.4415,31.7765,19.14,77.9185,27.3885,15.499500000000001,20.262,5.2829999999999995,2012.0,273.0,4.352,22.412,0.0,43.9555,10.5455,0.9165000000000001,5.4245,1.7120000000000002,2012.0,273.0,15.1556,27.391533333333335,4.0103333333333335,53.64176666666667,22.248066666666666,9.582666666666666,15.453566666666669,3.2091000000000003,2012.0,5405.83,2117.23,400.23,1417.64,268.29,450.92,0.19
11,289.0,16.85,34.52,30.207,94.40050000000001,26.6385,18.636,20.656,8.5155,2012.0,289.0,4.3985,21.71,0.0,43.39750000000001,10.5,0.8315,7.972,2.6574999999999998,2012.0,289.0,11.544866666666666,27.82956666666667,4.5432,66.89593333333335,19.355566666666668,7.143000000000001,12.818933333333334,5.5671,2012.0,6397.79,1921.81,234.31,1120.55,161.49,306.5,0.0
12,305.0,13.387,32.7215,3.274,89.891,26.5785,18.378999999999998,21.8715,8.109,2012.0,305.0,3.362,20.5465,0.0,50.317499999999995,6.698499999999999,-1.9109999999999998,2.88,1.5199999999999998,2012.0,305.0,9.536766666666669,25.198366666666672,0.43213333333333326,67.3646,13.16323333333333,2.4575666666666667,7.278666666666666,4.224366666666667,2012.0,4078.28,2113.05,969.15,2068.92,872.86,281.86,2.19
