,DOY,INSgdmax,RADmax,RAINmax,RHmax,TMAXmax,TMINmax,Tmax,WINDmax,YEAR,DOY,INSgdmin,RADmin,RAINmin,RHmin,TMAXmin,TMINmin,Tmin,WINDmin,YEAR,DOY,INSgdmean,RADmean,RAINmean,RHmean,TMAXmean,TMINmean,Tmean,WINDmean,YEAR,NDVI,EVI,RED,NIR,BLUE,MIR,pixrel
0,113.0,25.619,31.547900000000002,23.0348,87.5218,28.8894,15.5926,21.485,10.9035,2012.0,113.0,4.398499999999999,24.468500000000002,0.0,46.615700000000004,14.551099999999998,2.7178999999999998,8.7601,2.4401,2012.0,113.0,17.49081333333333,28.06030666666667,4.88718,64.35439333333333,20.100853333333333,8.05098,14.008693333333335,5.688080000000001,2012.0,5395.73,1944.49,341.58,1282.08,213.23,587.68,0.0
1,129.0,28.493299999999998,34.0634,21.7076,91.2597,29.9837,19.2779,22.5594,6.3187,2012.0,129.0,17.0975,25.4725,0.0,45.0061,20.866300000000003,7.8281,14.361500000000001,2.5577,2012.0,129.0,22.785033333333338,29.69712666666667,4.872866666666666,68.46114666666665,25.03792,13.519853333333337,19.067106666666664,4.5276,2012.0,5999.95,2490.64,342.14,1551.49,249.1,506.67,0.0
2,145.0,29.182700000000004,34.5017,6.0231,84.3605,32.1392,20.6622,26.366,8.2937,2012.0,145.0,6.2001,25.042299999999997,0.0,41.734700000000004,15.589500000000001,9.3896,12.981900000000001,3.2107,2012.0,145.0,23.569579999999995,30.282353333333337,1.52902,58.33041333333333,27.031233333333333,14.517073333333334,20.783866666666665,5.69472,2012.0,6915.49,3323.21,262.72,1917.33,204.57,388.19,0.0
3,161.0,29.9975,35.078900000000004,19.0579,81.58720000000001,33.876400000000004,20.781799999999997,26.7416,6.9505,2012.0,161.0,17.430300000000003,26.4883,0.0,35.2654,24.0652,12.011000000000001,17.7631,2.1579,2012.0,161.0,25.015600000000003,31.489606666666667,2.6265266666666665,53.052946666666685,30.13808,16.818293333333337,23.291726666666666,4.404153333333333,2012.0,7472.35,3815.15,240.06,2196.8,181.78,383.87,0.0
4,177.0,29.1451,36.5648,17.5288,83.5202,40.5631,24.9738,29.931999999999995,8.8611,2012.0,177.0,11.369699999999998,29.750799999999995,0.0,37.3586,30.161899999999996,14.626999999999999,23.500300000000003,1.7445000000000002,2012.0,177.0,26.3538,33.836079999999995,2.0678733333333335,61.290046666666655,33.07384000000001,21.24183333333334,26.844093333333337,4.843153333333333,2012.0,7385.68,3602.79,218.73,2042.19,175.77,301.03,0.0
5,193.0,28.347500000000004,37.3075,3.386,66.3742,40.9969,27.313500000000005,34.0645,5.2414000000000005,2012.0,193.0,15.549800000000001,31.2817,0.0,38.983200000000004,31.2216,20.028599999999997,26.596500000000002,1.4042999999999999,2012.0,193.0,25.60526,34.95606,0.44074,48.326446666666655,36.77024,23.736953333333332,29.890079999999998,3.3151200000000003,2012.0,7553.62,3824.31,241.36,2203.77,179.23,392.69,0.16
6,209.0,26.8466,38.4385,7.333399999999999,67.91329999999999,44.5529,29.631100000000004,36.2913,6.2735,2012.0,209.0,8.808499999999999,32.0933,0.0,28.205,31.4159,19.8024,25.0503,2.3455000000000004,2012.0,209.0,23.52984,35.162326666666665,1.739866666666667,45.054973333333336,37.79703333333333,23.299353333333332,30.134793333333334,3.783253333333334,2012.0,7151.05,3318.15,223.91,1871.35,182.4,337.92,0.01
7,225.0,27.032399999999996,35.0809,10.7058,80.4228,39.7792,22.418300000000002,29.726999999999997,6.414899999999999,2012.0,225.0,6.5288,26.240000000000002,0.0,36.0311,24.3419,11.7561,19.885099999999998,1.481,2012.0,225.0,20.826046666666667,31.329353333333337,1.7836666666666667,51.87190666666666,30.07054666666667,16.68692,23.082046666666663,3.68204,2012.0,7190.51,3571.44,271.85,2087.05,201.97,385.9,0.15
8,241.0,24.719,36.0533,11.098500000000001,93.51809999999999,37.2689,24.096799999999998,29.339599999999997,6.9342999999999995,2012.0,241.0,8.651900000000001,27.962300000000006,0.0,27.4754,25.6513,14.709399999999999,23.169600000000003,1.5867,2012.0,241.0,19.19754,33.37814666666667,2.3871066666666665,57.21707333333334,32.74733333333334,20.058639999999997,26.227393333333332,3.8043000000000005,2012.0,6594.13,2684.3,267.64,1583.1,182.23,392.08,0.03
9,257.0,22.0567,31.8676,10.0941,78.91629999999999,32.5542,16.1455,23.8149,6.702000000000001,2012.0,257.0,5.516300000000001,24.4501,0.0,35.3162,17.507199999999997,6.3914,13.310000000000002,2.1801999999999997,2012.0,257.0,17.72680666666667,28.07306,1.705113333333333,53.83603333333334,25.996486666666662,11.68878,18.613339999999997,4.353846666666667,2012.0,6433.56,2278.76,259.4,1364.0,156.42,323.45,0.0
10,273.0,19.87,29.531699999999997,21.2391,57.5881,29.0014,12.5739,19.9684,5.7963,2012.0,273.0,3.8217999999999996,21.9825,0.0,39.0555,9.4744,0.1857,5.107499999999999,1.6644,2012.0,273.0,15.365006666666666,26.092953333333337,3.0575200000000002,47.944666666666656,22.077986666666668,8.253886666666668,14.784500000000001,3.3574,2012.0,5290.79,1988.6,355.69,1328.71,237.36,417.36,0.19
11,289.0,16.3307,34.146699999999996,28.805199999999996,96.1844,25.9457,17.9262,19.868399999999998,7.878400000000001,2012.0,289.0,4.748,21.17,0.0,33.60039999999999,9.1053,0.10859999999999999,7.395899999999999,2.6466,2012.0,289.0,10.848173333333332,27.63555333333333,4.174313333333334,64.90512,18.62989333333333,6.7828599999999994,12.0858,5.515566666666667,2012.0,5866.44,1899.34,269.33,1169.15,175.63,411.35,0.02
12,305.0,13.397600000000002,32.7958,4.6184,93.4428,25.383099999999995,18.5411,21.4137,7.601199999999999,2012.0,305.0,3.5015,19.716700000000003,0.0,50.3904,7.610599999999999,-2.4705,2.5022,1.8820999999999999,2012.0,305.0,9.466180000000001,25.030986666666667,0.7619866666666667,67.37225333333333,12.504073333333332,2.01148,6.586386666666666,4.028206666666667,2012.0,4815.74,2065.78,614.26,1646.39,508.91,343.98,1.88
