,DOY,INSgdmax,RADmax,RAINmax,RHmax,TMAXmax,TMINmax,Tmax,WINDmax,YEAR,DOY,INSgdmin,RADmin,RAINmin,RHmin,TMAXmin,TMINmin,Tmin,WINDmin,YEAR,DOY,INSgdmean,RADmean,RAINmean,RHmean,TMAXmean,TMINmean,Tmean,WINDmean,YEAR,NDVI,EVI,RED,NIR,BLUE,MIR,pixrel
0,113.0,25.8649,31.1419,34.4456,82.3783,31.71,14.958599999999997,22.972700000000003,11.1448,2012.0,113.0,5.3398,22.839000000000002,0.0,48.0037,14.2396,3.0047999999999995,9.4365,2.3555,2012.0,113.0,19.637933333333336,27.885033333333336,4.630166666666668,59.49659333333334,21.7242,8.11002,14.962753333333332,6.053506666666667,2012.0,3570.46,2262.0,1298.02,2719.52,626.77,2468.02,0.11
1,129.0,28.112899999999996,34.578900000000004,23.7782,87.8767,30.658699999999996,20.004700000000003,23.7778,6.838900000000001,2012.0,129.0,17.1251,25.3536,0.0,44.4153,22.0575,7.5023,15.0411,2.3787000000000003,2012.0,129.0,24.213659999999997,29.58908,4.361606666666666,64.22163333333333,25.797179999999997,13.720826666666667,19.557846666666663,4.697346666666666,2012.0,3235.01,2260.57,1622.07,3157.94,772.04,3288.51,0.2
2,145.0,29.3193,34.755,12.2374,88.38019999999999,32.107699999999994,21.0086,25.7587,9.6241,2012.0,145.0,11.394400000000001,26.7319,0.0,41.5716,19.2387,10.2442,14.6155,2.4787,2012.0,145.0,23.26732666666667,30.90936,2.76536,57.26626,27.44889333333333,15.356026666666665,21.31126666666667,6.333579999999999,2012.0,4740.68,3306.39,1167.71,3263.52,581.37,2341.26,0.35
3,161.0,29.389599999999994,34.9958,22.325899999999997,80.03059999999999,33.744,21.7624,26.2095,7.401999999999999,2012.0,161.0,7.7068,28.287000000000003,0.0,36.337199999999996,26.076600000000003,11.5457,20.2773,2.0915999999999997,2012.0,161.0,24.59128,31.974993333333334,3.734553333333333,54.01028666666666,30.499846666666667,17.658626666666667,24.02368,4.828473333333333,2012.0,7232.51,5384.87,636.15,3904.34,336.12,1311.41,0.23
4,177.0,29.697499999999998,37.0771,16.6545,75.0913,42.677099999999996,26.046999999999997,33.45570000000001,9.4901,2012.0,177.0,11.2197,29.452200000000005,0.0,44.0797,29.871,15.6481,22.235999999999997,2.6381,2012.0,177.0,24.982593333333334,34.750006666666664,2.54556,58.67938666666666,34.18488,22.087759999999996,27.867900000000006,5.47304,2012.0,8302.27,6589.31,404.7,4403.83,222.75,876.82,0.43
5,193.0,28.650100000000002,37.887499999999996,0.7535000000000001,60.0837,43.878,27.4668,34.814099999999996,6.1968,2012.0,193.0,16.2563,31.035800000000002,0.0,31.6873,32.586,20.3585,27.707,2.2811,2012.0,193.0,26.390606666666663,35.04602666666667,0.06138666666666668,41.837180000000004,37.95206666666667,24.277573333333336,30.815233333333335,4.079806666666666,2012.0,8069.7,6155.52,429.78,4112.68,234.83,893.15,0.0
6,209.0,27.301699999999997,38.253699999999995,14.0996,48.7518,44.2058,29.6556,36.226600000000005,6.7663,2012.0,209.0,19.6506,31.622000000000003,0.0,25.9086,34.744699999999995,20.522000000000002,28.0182,2.5220000000000002,2012.0,209.0,25.640353333333337,35.637100000000004,2.02486,34.60217333333333,40.34508666666667,24.947000000000003,32.44846666666667,4.27656,2012.0,7509.59,5702.32,559.05,4014.22,300.39,990.74,0.13
7,225.0,27.2451,36.499399999999994,8.5787,52.1739,42.4212,26.1488,33.2079,6.7581999999999995,2012.0,225.0,8.9047,26.1007,0.0,25.938899999999997,28.9184,11.759699999999999,20.993399999999998,2.4332000000000003,2012.0,225.0,22.780526666666667,31.476473333333335,1.7338466666666665,37.31348666666666,33.82091333333333,18.077440000000003,25.694499999999998,4.20174,2012.0,6831.34,4545.23,578.51,3204.38,308.37,1055.56,0.58
8,241.0,24.609900000000003,36.5282,12.0073,84.4257,39.6137,23.502200000000002,30.1542,6.2252,2012.0,241.0,5.799999999999999,30.1669,0.0,26.6214,25.221999999999994,16.5661,22.9728,2.2607999999999997,2012.0,241.0,19.501193333333333,33.46674,2.1471866666666672,50.331419999999994,34.76668,20.560533333333332,27.359253333333328,4.2088,2012.0,5822.29,3712.15,758.04,2916.05,392.16,1338.4,0.58
9,257.0,22.3077,34.502100000000006,8.561599999999999,80.46809999999999,35.9503,17.813499999999998,26.26,7.754,2012.0,257.0,6.949000000000001,25.0101,0.0,28.682300000000005,17.872099999999996,7.190500000000001,13.655399999999998,2.893,2012.0,257.0,17.16969333333333,28.840753333333335,1.6714666666666669,47.81735333333333,27.620066666666663,12.711780000000001,19.831140000000005,4.826926666666667,2012.0,4167.09,2549.38,1131.42,2704.11,532.81,1826.68,0.0
10,273.0,20.0633,29.579299999999996,15.265999999999998,52.740100000000005,29.873899999999995,14.0937,20.485,6.486799999999999,2012.0,273.0,9.3309,22.2559,0.0,31.845899999999997,9.4517,0.846,4.8299,1.196,2012.0,273.0,16.3215,26.117119999999996,2.123866666666667,41.08164,22.819386666666666,9.060106666666668,15.41434,3.2943933333333337,2012.0,3371.48,2244.02,1476.76,2953.47,687.25,2067.13,0.27
11,289.0,16.3746,33.3083,15.1039,94.0663,26.442,16.8051,19.6769,10.681500000000002,2012.0,289.0,4.386800000000001,22.1615,0.0,35.2112,10.3823,1.2237999999999998,8.2895,2.5244,2012.0,289.0,11.61822,27.64485333333333,3.1727133333333333,59.02725999999999,19.44614,7.862426666666666,13.071520000000003,5.585206666666666,2012.0,2754.59,1616.76,1316.76,2309.3,635.51,2114.95,0.47
12,305.0,13.1922,31.605,3.8707,90.6468,21.461599999999997,13.0505,16.895400000000002,8.146500000000001,2012.0,305.0,3.7802999999999995,22.0494,0.0,52.3519,7.171500000000001,-1.9762999999999997,2.1029,1.3479,2012.0,305.0,9.92314,25.196826666666666,0.5398666666666667,64.56754000000001,13.111019999999998,2.441606666666667,6.939513333333332,3.8490666666666664,2012.0,2710.89,1468.74,1193.49,2072.84,563.92,2234.07,0.02
