,DOY,INSgdmax,RADmax,RAINmax,RHmax,TMAXmax,TMINmax,Tmax,WINDmax,YEAR,DOY,INSgdmin,RADmin,RAINmin,RHmin,TMAXmin,TMINmin,Tmin,WINDmin,YEAR,DOY,INSgdmean,RADmean,RAINmean,RHmean,TMAXmean,TMINmean,Tmean,WINDmean,YEAR,NDVI,EVI,RED,NIR,BLUE,MIR,pixrel
0,113.0,25.6,31.28,23.62,88.05,29.22,15.3,21.77,10.97,2012.0,113.0,4.18,24.44,0.0,46.42,14.42,2.64,8.61,2.48,2012.0,113.0,17.448,28.030666666666665,5.016,64.068,20.150000000000002,8.074666666666667,14.057333333333336,5.7073333333333345,2012.0,3938.17,1410.73,420.61,1108.78,285.22,656.29,0.15
1,129.0,28.48,34.09,21.51,91.71,30.13,19.2,22.51,6.37,2012.0,129.0,18.0,25.52,0.0,45.35,20.91,7.83,14.39,2.59,2012.0,129.0,22.95666666666667,29.678,4.965333333333334,68.29799999999999,25.082000000000004,13.537333333333338,19.077999999999996,4.545333333333333,2012.0,4982.33,1977.92,341.75,1317.42,232.07,471.28,0.07
2,145.0,29.12,34.42,5.93,84.56,32.01,20.59,26.29,8.25,2012.0,145.0,6.05,25.2,0.0,41.33,15.58,9.42,12.98,3.3,2012.0,145.0,23.351333333333333,30.360000000000003,1.5053333333333334,58.318000000000005,27.016666666666666,14.514666666666669,20.781333333333333,5.728666666666666,2012.0,5954.16,2570.67,279.97,1556.74,207.06,372.56,0.05
3,161.0,29.95,35.21,18.79,83.13,33.77,20.74,26.81,6.96,2012.0,161.0,17.17,26.57,0.0,34.38,24.43,12.41,18.05,2.27,2012.0,161.0,24.86866666666667,31.598666666666663,2.5959999999999996,53.22800000000002,30.157333333333337,16.859333333333336,23.322,4.427333333333333,2012.0,6332.5,3112.91,245.02,1853.84,174.09,404.37,2.63
4,177.0,29.09,36.58,19.71,83.79,40.66,24.78,29.97,8.92,2012.0,177.0,10.87,29.88,0.0,37.18,29.97,14.76,23.43,1.83,2012.0,177.0,26.210666666666665,33.85533333333333,2.1693333333333333,61.75199999999999,32.984666666666676,21.238666666666674,26.792666666666666,4.8853333333333335,2012.0,6218.57,2811.75,216.23,1649.88,149.69,286.09,2.58
5,193.0,28.3,37.26,3.31,67.86,40.9,27.19,33.96,5.23,2012.0,193.0,14.9,31.39,0.0,39.31,31.1,20.04,26.53,1.41,2012.0,193.0,25.474666666666668,34.916666666666664,0.4446666666666667,48.45399999999999,36.72666666666667,23.674,29.820666666666668,3.3566666666666674,2012.0,6269.76,2908.64,256.56,1713.57,212.24,297.25,0.62
6,209.0,26.82,38.41,7.93,66.19,44.57,29.69,36.24,6.34,2012.0,209.0,8.78,32.08,0.0,28.11,32.25,19.81,25.36,2.45,2012.0,209.0,23.719333333333328,35.178666666666665,1.7626666666666668,44.34133333333334,38.07,23.332666666666665,30.261333333333333,3.827333333333334,2012.0,6398.43,2601.64,203.42,1516.9,138.41,323.78,2.66
7,225.0,27.04,35.06,10.55,79.83,40.03,22.5,29.86,6.47,2012.0,225.0,6.05,26.24,0.0,35.33,24.15,11.72,19.83,1.5,2012.0,225.0,20.781333333333333,31.388,1.764666666666667,51.099999999999994,30.250666666666667,16.699333333333335,23.163999999999998,3.7233333333333336,2012.0,6343.01,2498.38,217.98,1461.82,141.67,255.73,0.14
8,241.0,24.7,36.04,11.07,93.33,37.4,24.34,29.56,6.94,2012.0,241.0,9.22,28.12,0.0,26.4,25.79,14.85,23.39,1.6,2012.0,241.0,19.216666666666665,33.39866666666667,2.3473333333333333,56.27733333333334,32.86133333333334,20.162,26.33999999999999,3.822666666666667,2012.0,5075.98,1967.95,257.76,1266.62,145.52,379.32,5.18
9,257.0,22.07,31.86,9.45,78.58,32.71,16.25,23.87,6.74,2012.0,257.0,5.94,24.3,0.0,34.75,17.15,6.38,13.31,2.26,2012.0,257.0,17.719333333333335,28.090666666666667,1.731333333333333,53.355333333333334,26.038666666666664,11.696,18.628666666666664,4.406666666666667,2012.0,4826.08,1477.61,179.81,982.5,76.54,216.63,15.31
10,273.0,19.87,29.45,16.51,56.64,29.18,12.61,20.09,5.84,2012.0,273.0,3.78,22.03,0.0,38.59,9.14,0.18,5.06,1.71,2012.0,273.0,15.386666666666665,26.068,2.4226666666666667,47.23533333333332,22.148666666666667,8.335333333333335,14.857333333333337,3.3713333333333337,2012.0,4739.41,1420.92,331.58,1042.79,195.47,417.48,3.22
11,289.0,16.42,34.16,28.79,96.04,26.13,18.12,19.99,8.0,2012.0,289.0,4.9,21.17,0.0,33.19,9.13,0.12,7.47,2.62,2012.0,289.0,10.892000000000001,27.710666666666665,4.16,64.26266666666666,18.726666666666667,6.847333333333333,12.145333333333333,5.532666666666667,2012.0,3761.21,1284.19,534.31,1143.27,481.29,514.92,1.41
12,305.0,13.39,32.83,5.12,93.99,25.29,18.6,21.37,7.51,2012.0,305.0,3.53,19.73,0.0,50.55,7.47,-2.48,2.43,1.96,2012.0,305.0,9.360666666666667,25.120666666666672,0.8960000000000001,67.334,12.495333333333331,2.0446666666666666,6.575999999999999,3.996666666666667,2012.0,3251.39,1417.95,1385.16,2107.73,1354.2,666.8,2.37
