,DOY,INSgdmax,RADmax,RAINmax,RHmax,TMAXmax,TMINmax,Tmax,WINDmax,YEAR,DOY,INSgdmin,RADmin,RAINmin,RHmin,TMAXmin,TMINmin,Tmin,WINDmin,YEAR,DOY,INSgdmean,RADmean,RAINmean,RHmean,TMAXmean,TMINmean,Tmean,WINDmean,YEAR,NDVI,EVI,RED,NIR,BLUE,MIR,pixrel
0,113.0,25.618000000000002,31.0874,29.450400000000002,83.08739999999999,30.4692,13.9528,21.8758,10.898800000000001,2012.0,113.0,3.8278,22.494999999999997,0.0,50.324,13.5096,1.7942,8.4482,2.6772,2012.0,113.0,18.355826666666665,27.4732,5.247426666666668,61.19889333333334,20.185893333333333,7.2473866666666655,13.541666666666668,6.184213333333333,2012.0,5751.57,3717.79,742.53,2900.2,393.79,1528.98,0.1
1,129.0,28.272000000000002,34.385000000000005,24.692,87.86519999999999,29.083800000000004,18.8124,22.4426,6.9588,2012.0,129.0,14.942799999999998,24.626599999999996,0.0,42.8994,19.3468,6.9014,13.736800000000002,2.3098,2012.0,129.0,23.712893333333337,29.12618666666667,4.5930133333333325,63.59461333333334,24.836986666666665,12.834480000000003,18.68956,4.872720000000001,2012.0,6175.9,4073.74,700.45,3069.53,370.83,1539.85,0.02
2,145.0,28.8818,34.5542,17.5308,89.5594,30.9062,20.3666,25.242399999999996,9.558600000000002,2012.0,145.0,9.4236,26.2748,0.0,42.8802,16.203,9.335,12.445,1.7496,2012.0,145.0,22.750373333333336,30.31861333333333,2.572773333333333,59.28070666666666,26.145160000000004,14.112746666666666,20.072386666666667,6.213186666666667,2012.0,6530.37,4256.28,639.49,3084.05,343.01,1293.59,0.02
3,161.0,29.4618,34.8682,18.311799999999998,87.312,32.519800000000004,21.523000000000003,25.776,7.6572,2012.0,161.0,12.4492,27.471199999999996,0.0,32.419599999999996,24.309199999999997,12.0896,19.2194,2.1192,2012.0,161.0,24.157866666666667,31.763106666666662,3.11608,55.68465333333333,29.117533333333338,17.201893333333334,23.082786666666664,4.930626666666667,2012.0,6739.21,4629.32,655.32,3372.66,349.03,1316.55,0.07
4,177.0,29.323,36.534400000000005,15.9334,78.01219999999999,40.8858,25.631999999999998,32.06139999999999,8.936,2012.0,177.0,9.0814,29.2586,0.0,44.7316,27.881,15.0082,21.181800000000003,2.0969999999999995,2012.0,177.0,24.164853333333333,34.062293333333336,2.47604,62.401106666666664,32.23262666666667,21.037746666666663,26.558239999999998,5.26812,2012.0,6807.8,4637.58,629.04,3338.73,335.34,1226.76,0.76
5,193.0,28.2432,37.595800000000004,2.6639999999999997,66.1146,40.4082,26.287599999999998,32.7326,5.791399999999999,2012.0,193.0,18.2386,30.821799999999996,0.0,38.4978,30.915799999999997,19.2248,26.254599999999996,1.9042,2012.0,193.0,25.74544,34.52406666666667,0.3092533333333333,47.37644000000001,35.737226666666665,23.241253333333336,29.236213333333332,3.84504,2012.0,6423.13,4166.06,675.04,3082.06,353.69,1246.09,0.04
6,209.0,27.0182,37.9162,10.3062,55.290000000000006,42.9374,28.318400000000004,34.9998,6.927200000000001,2012.0,209.0,11.1652,31.877,0.0,30.8078,32.75,19.6812,26.052999999999997,2.301,2012.0,209.0,24.384253333333337,35.19385333333334,1.940773333333333,39.87822666666667,38.331533333333326,23.47464,30.585253333333334,4.138493333333333,2012.0,6313.44,4187.56,721.79,3173.22,377.28,1364.37,0.05
7,225.0,27.3432,36.5756,10.090399999999999,64.3432,39.598600000000005,23.519399999999997,30.9292,6.9197999999999995,2012.0,225.0,8.4832,25.6468,0.0,29.2156,25.0272,10.517199999999999,18.182000000000002,1.8483999999999998,2012.0,225.0,21.52912,31.127799999999993,2.434066666666667,43.80256,31.159213333333334,16.551253333333335,23.619093333333335,4.0651600000000006,2012.0,6116.92,3835.49,698.51,2895.35,365.98,1346.44,0.09
8,241.0,24.5094,36.272999999999996,14.0426,86.4426,38.4132,22.9756,29.393,6.6304,2012.0,241.0,4.3368,28.7654,0.0,29.576999999999998,24.6768,14.658800000000001,22.5246,2.079,2012.0,241.0,19.649306666666668,33.11577333333333,2.201706666666667,51.60026666666667,33.48793333333333,19.698893333333334,26.387999999999998,4.27,2012.0,6523.17,3848.93,566.3,2698.73,299.32,1155.35,0.03
9,257.0,21.9712,33.2356,9.267199999999999,77.3714,34.6904,16.2988,24.655,8.0528,2012.0,257.0,7.471599999999999,24.544400000000003,0.0,29.6732,19.0352,6.352799999999999,13.2042,3.1018,2012.0,257.0,17.65730666666667,28.192986666666666,1.4964,47.27696000000001,26.406066666666668,11.927653333333335,18.78896,5.095853333333333,2012.0,5876.73,3407.72,674.45,2581.16,347.61,1259.41,0.0
10,273.0,19.724200000000003,27.9824,9.3072,51.721199999999996,29.17,12.5606,19.4874,6.941999999999999,2012.0,273.0,7.751399999999999,21.9536,0.0,34.300799999999995,9.546599999999998,-0.8623999999999999,3.9628000000000005,1.4669999999999999,2012.0,273.0,16.300786666666667,25.1064,1.4260266666666666,40.5012,22.09893333333333,7.538,14.290653333333335,3.4871600000000003,2012.0,4864.03,2699.13,813.74,2332.31,411.43,1440.41,0.03
11,289.0,15.8168,32.6506,15.8834,94.12819999999999,25.5192,15.5962,18.5632,9.835600000000001,2012.0,289.0,4.9882,22.169400000000003,0.0,34.5708,9.1948,0.06740000000000002,6.82,2.7796000000000003,2012.0,289.0,11.311506666666666,27.34328,3.297973333333333,61.001920000000005,17.909346666666664,6.47664,11.695466666666668,5.664413333333332,2012.0,4088.19,2250.25,964.48,2213.75,601.95,1546.19,0.62
12,305.0,12.8842,31.75,9.3712,91.63220000000001,19.502399999999998,11.602599999999999,15.614,7.8156,2012.0,305.0,4.1926,22.580799999999996,0.0,48.8852,6.9356,-2.6192,1.6831999999999998,1.4188,2012.0,305.0,8.969266666666664,25.55250666666666,1.3066,64.14214666666666,11.620253333333334,1.4500133333333334,5.796733333333333,3.8116133333333337,2012.0,3683.84,2022.21,1607.46,2741.44,1268.96,1476.73,0.54
