,DOY,INSgdmax,RADmax,RAINmax,RHmax,TMAXmax,TMINmax,Tmax,WINDmax,YEAR,DOY,INSgdmin,RADmin,RAINmin,RHmin,TMAXmin,TMINmin,Tmin,WINDmin,YEAR,DOY,INSgdmean,RADmean,RAINmean,RHmean,TMAXmean,TMINmean,Tmean,WINDmean,YEAR,NDVI,EVI,RED,NIR,BLUE,MIR,pixrel
0,113.0,25.7334,31.2002,20.750600000000002,86.98440000000001,27.810999999999996,15.8726,19.921400000000002,10.8422,2012.0,113.0,4.6184,24.2296,0.0,50.336999999999996,11.746599999999999,1.5343999999999998,7.6094,2.548,2012.0,113.0,17.84132,27.52181333333333,5.246106666666667,65.86449333333333,18.566746666666667,6.742106666666666,12.524973333333335,5.8841866666666665,2012.0,5819.57,2492.04,465.52,1733.71,238.63,783.72,0.0
1,129.0,28.7558,33.369,18.7422,89.4812,28.5096,18.5586,22.0676,6.455,2012.0,129.0,16.623399999999997,23.331799999999998,0.0,44.0612,18.8654,7.0760000000000005,13.5488,2.3750000000000004,2012.0,129.0,23.051133333333333,29.07214666666666,3.174053333333333,66.71760000000002,24.45170666666667,12.521666666666667,18.1842,4.785053333333333,2012.0,6601.88,3176.07,429.59,2062.83,235.52,695.8,0.0
2,145.0,29.011,34.48100000000001,31.9442,85.07900000000001,31.067,21.4272,25.838,8.747200000000003,2012.0,145.0,8.2166,25.349,0.0,47.2396,13.7514,9.1434,11.814200000000001,2.8624,2012.0,145.0,21.896506666666667,29.998266666666666,3.64844,61.06772,26.01010666666666,13.509466666666667,19.702599999999997,6.072253333333334,2012.0,7602.23,4171.64,348.98,2551.78,199.89,589.38,0.29
3,161.0,29.9426,34.2192,16.800200000000004,81.449,32.808800000000005,19.97,26.390799999999995,7.268000000000001,2012.0,161.0,14.5804,25.8024,0.0,36.0996,23.3244,11.0438,17.450000000000003,2.1830000000000003,2012.0,161.0,24.428506666666664,31.239399999999996,2.9674666666666667,55.62099999999999,28.831653333333332,16.325346666666665,22.540626666666665,4.503306666666667,2012.0,7923.34,4560.13,310.89,2737.67,182.74,543.97,0.08
4,177.0,29.2442,36.5532,11.5614,73.23979999999999,39.062999999999995,25.538800000000002,29.3812,8.1272,2012.0,177.0,8.700199999999999,29.0698,0.0,39.3044,27.6442,14.4028,21.680799999999998,1.7394000000000003,2012.0,177.0,24.828093333333342,33.370866666666664,1.8024533333333337,60.43746666666667,31.837866666666663,20.545533333333328,26.126800000000003,4.854480000000001,2012.0,7997.04,4835.43,327.22,2947.33,187.36,600.06,0.0
5,193.0,28.613400000000002,37.136799999999994,8.6244,70.9286,40.23479999999999,26.7346,33.475,4.808800000000001,2012.0,193.0,13.7066,29.9476,0.0,38.1896,29.4668,19.0266,25.7576,1.4946000000000002,2012.0,193.0,24.728440000000003,34.583373333333334,0.9092533333333335,50.44024,35.11133333333332,23.195200000000003,28.921333333333333,3.3083466666666674,2012.0,8008.8,4892.79,323.14,2972.07,187.38,628.71,0.06
6,209.0,27.129199999999997,38.4716,8.2118,76.76939999999999,42.333,26.835800000000003,33.6734,6.5691999999999995,2012.0,209.0,8.5946,31.5724,0.0,36.5842,28.5274,18.200400000000002,23.512999999999995,1.9811999999999999,2012.0,209.0,22.831586666666666,35.024866666666675,1.979186666666667,48.653866666666666,36.029626666666665,22.303146666666663,28.936799999999998,3.6908666666666665,2012.0,7959.57,4460.99,300.47,2650.33,175.59,547.83,0.1
7,225.0,27.252399999999998,35.0666,13.091999999999999,71.1652,37.0726,20.3114,28.282600000000002,6.8184,2012.0,225.0,4.7792,25.671799999999998,0.0,35.478199999999994,23.659799999999997,11.3066,18.5352,1.8130000000000002,2012.0,225.0,22.06149333333333,30.701240000000006,1.7569066666666668,50.09917333333334,29.296853333333328,16.103226666666668,22.38773333333333,3.7048000000000005,2012.0,7828.52,4403.14,322.36,2651.75,183.0,575.8,0.0
8,241.0,24.7958,35.86000000000001,6.2778,87.4502,37.3294,24.068400000000004,29.056400000000004,6.957800000000001,2012.0,241.0,7.204400000000001,27.0258,0.0,30.5202,26.484799999999996,13.6414,22.162799999999997,2.205,2012.0,241.0,19.128519999999995,33.18570666666667,1.83884,52.44074666666666,33.32574666666666,19.78325333333333,26.2916,3.948173333333334,2012.0,7587.24,3642.49,296.21,2142.48,170.8,509.05,0.21
9,257.0,21.7118,32.68,11.641599999999999,82.1204,33.738,15.0718,23.114599999999996,7.5234,2012.0,257.0,6.3562,25.726,0.0,33.7018,17.679,5.9134,12.5692,2.9376,2012.0,257.0,17.21268,28.23646666666667,1.691906666666667,50.36088,25.755080000000003,11.361413333333333,18.199119999999997,4.852346666666666,2012.0,7051.32,3057.18,326.64,1861.75,170.36,513.45,0.0
10,273.0,19.66,28.973399999999998,8.865999999999998,51.078599999999994,28.909,12.0044,18.650399999999998,6.663200000000001,2012.0,273.0,6.8734,21.3998,0.0,32.3614,9.460799999999999,-0.2862,4.127599999999999,1.3144,2012.0,273.0,15.620599999999998,25.245613333333335,1.5213600000000003,43.62963999999999,21.70128,7.118266666666667,14.013613333333332,3.638346666666666,2012.0,5508.68,2364.43,496.46,1704.31,257.71,617.85,0.0
11,289.0,15.149199999999999,32.91,24.0164,95.7192,24.058,15.985199999999999,18.1436,7.937,2012.0,289.0,4.696,21.2108,0.0,33.2018,9.081600000000002,-0.5432000000000001,6.244599999999999,2.6818,2012.0,289.0,9.771773333333334,27.361093333333333,3.5553200000000005,65.23962666666667,17.070453333333333,6.00104,10.906706666666667,5.279653333333333,2012.0,5736.9,2164.09,422.56,1509.33,205.63,675.41,0.0
12,305.0,12.991,33.010999999999996,2.6852,92.99940000000001,23.5578,17.216199999999997,19.9934,7.1278,2012.0,305.0,3.9482,19.467200000000002,0.0,47.2662,7.5792,-3.0467999999999997,1.9908,1.8643999999999998,2012.0,305.0,9.12396,24.89772,0.66068,65.41065333333334,11.689253333333337,1.2748533333333332,5.721639999999999,3.8419333333333325,2012.0,5785.46,2166.8,411.27,1475.15,222.7,573.46,0.52
