,DOY,INSgdmax,RADmax,RAINmax,RHmax,TMAXmax,TMINmax,Tmax,WINDmax,YEAR,DOY,INSgdmin,RADmin,RAINmin,RHmin,TMAXmin,TMINmin,Tmin,WINDmin,YEAR,DOY,INSgdmean,RADmean,RAINmean,RHmean,TMAXmean,TMINmean,Tmean,WINDmean,YEAR,NDVI,EVI,RED,NIR,BLUE,MIR,pixrel
0,113.0,25.4643,31.497700000000002,19.1387,77.1321,29.7664,13.5793,21.097200000000004,9.907200000000001,2012.0,113.0,4.6078,23.274099999999997,0.0,44.9515,8.879600000000002,0.7271,6.7115,2.4222,2012.0,113.0,17.81154,27.789553333333334,3.820699999999999,57.041073333333344,19.583066666666667,6.2262466666666665,12.626779999999998,6.35316,2012.0,3472.91,1871.32,910.89,1978.91,475.23,1761.39,0.03
1,129.0,28.493000000000002,32.9748,21.665,82.27159999999999,29.6527,17.0903,22.305699999999998,8.1009,2012.0,129.0,6.652899999999999,23.5771,0.0,31.438899999999997,15.818,6.6258,11.987400000000001,2.7385,2012.0,129.0,21.642626666666665,28.552400000000002,3.8983133333333337,57.53888666666667,24.455826666666663,11.809633333333334,18.037093333333335,5.22052,2012.0,4310.14,2327.29,782.54,2085.4,406.55,1591.74,0.04
2,145.0,27.7384,34.263400000000004,25.2816,87.64750000000001,32.202799999999996,20.6516,24.4451,9.848899999999999,2012.0,145.0,9.1009,27.0166,0.0,40.385400000000004,16.863,6.798500000000001,12.0782,2.1795999999999998,2012.0,145.0,20.752426666666665,30.235133333333337,5.106980000000001,60.45710000000001,24.975113333333333,13.381426666666668,18.909873333333334,6.386726666666667,2012.0,6064.93,3630.13,600.76,2651.27,313.22,1204.93,0.01
3,161.0,29.093899999999998,33.881600000000006,21.1214,74.84309999999999,31.500099999999996,19.0954,25.4407,7.930299999999999,2012.0,161.0,7.799199999999999,26.587000000000003,0.0,40.5744,24.5299,10.5794,17.4003,3.5456000000000003,2012.0,161.0,23.35335333333333,31.102913333333337,1.8226200000000001,57.45156666666666,28.08121333333333,16.077046666666668,22.11676666666667,5.273426666666667,2012.0,7469.46,5226.88,480.94,3575.75,249.88,941.45,0.11
4,177.0,29.6366,36.0632,11.966899999999999,77.4927,38.6778,23.767099999999996,30.4638,7.9666,2012.0,177.0,9.8183,27.3834,0.0,48.566199999999995,25.982999999999997,12.9507,20.0891,2.4779999999999998,2012.0,177.0,23.582206666666668,33.43526,2.144473333333334,58.68828666666668,31.75287333333333,19.84979333333333,25.735400000000002,5.101493333333335,2012.0,7235.83,4892.91,527.17,3399.13,269.1,920.77,0.0
5,193.0,28.0748,37.924299999999995,4.7738000000000005,69.85839999999999,40.2521,26.6824,32.5475,6.640999999999999,2012.0,193.0,14.0183,30.1609,0.0,36.631099999999996,31.0435,18.6434,25.550800000000002,2.2814,2012.0,193.0,24.553279999999997,34.21012666666667,0.5862800000000001,46.70948,35.21112666666667,22.578526666666672,28.705446666666663,4.113326666666667,2012.0,6774.0,4503.12,617.25,3252.55,307.04,955.05,0.11
6,209.0,26.698199999999996,39.03660000000001,6.224499999999999,55.5031,41.301,27.261400000000002,33.880900000000004,6.348999999999999,2012.0,209.0,11.836099999999998,31.9636,0.0,32.961999999999996,29.875,17.602899999999998,24.1775,2.4875000000000003,2012.0,209.0,21.894106666666666,35.263853333333344,1.7788,43.45036666666666,36.76139999999999,22.924106666666667,29.39044666666667,4.371173333333332,2012.0,6009.78,3841.53,755.65,2994.75,376.53,1148.85,0.0
7,225.0,27.3548,35.057300000000005,6.5116,80.65070000000001,38.083600000000004,22.0352,29.5084,7.2386,2012.0,225.0,9.4647,25.2516,0.0,31.107400000000002,21.1969,10.4895,16.824399999999997,1.8513000000000002,2012.0,225.0,21.162733333333335,30.576253333333334,1.6570866666666666,47.758640000000014,29.339486666666666,15.469920000000002,22.181766666666668,4.13614,2012.0,5060.17,3125.19,941.76,2782.22,460.08,1417.66,0.0
8,241.0,24.7,34.333400000000005,10.6218,84.3167,40.9678,22.7347,30.5359,7.2309,2012.0,241.0,5.788200000000001,27.5332,0.0,29.987799999999996,22.4966,13.4321,21.1455,2.1673,2012.0,241.0,20.086579999999998,32.653479999999995,1.4798866666666668,45.60728,34.09684,18.723573333333334,26.15837333333333,4.594226666666668,2012.0,4292.4,2666.71,1074.8,2652.02,563.1,1609.87,0.41
9,257.0,21.625700000000002,31.7245,5.8874,47.794399999999996,36.6456,18.8185,26.9049,8.505500000000001,2012.0,257.0,3.542,25.3355,0.0,26.127,19.650100000000002,5.6287,12.9489,2.9322,2012.0,257.0,18.202866666666665,27.98463333333334,0.73696,37.095326666666665,26.846866666666667,11.859746666666668,18.956273333333332,5.307573333333333,2012.0,3543.77,2057.89,1154.21,2383.54,566.8,1699.93,0.06
10,273.0,18.8602,27.1168,4.754,54.855799999999995,28.904999999999998,13.020299999999999,19.557,8.481399999999999,2012.0,273.0,10.084900000000001,21.1393,0.0,24.541500000000003,9.557599999999999,-1.9007,3.2504,1.2282,2012.0,273.0,16.44982666666667,24.32974666666667,0.42289333333333334,35.29761333333334,21.79496,6.855366666666667,13.608693333333337,4.024173333333333,2012.0,3030.47,1790.76,1227.43,2283.77,638.83,1718.48,0.24
11,289.0,14.707000000000003,31.3086,5.7228,88.2492,24.1648,9.6958,15.675699999999999,9.631900000000002,2012.0,289.0,4.657,22.2425,0.0,32.9549,7.9367,-1.1138000000000001,5.7812,3.1749,2012.0,289.0,10.136186666666665,26.99810666666667,1.3937133333333331,57.210973333333335,16.68258,5.125553333333333,10.34622,5.965306666666666,2012.0,2686.64,1439.27,1098.14,1911.5,569.35,1691.63,1.1
12,305.0,11.690900000000001,29.7795,6.569800000000001,87.3951,14.3014,7.9327,11.1527,8.1774,2012.0,305.0,3.1261,21.576800000000002,0.0,49.7861,3.8046,-3.5821000000000005,-0.0179,1.5149,2012.0,305.0,7.72752,25.091519999999996,0.7401599999999999,66.32562000000001,9.652406666666664,0.47637333333333337,4.334793333333335,4.1571733333333345,2012.0,158.43,170.46,6541.08,6653.46,6494.0,562.72,2.2
