,DOY,INSgdmax,RADmax,RAINmax,RHmax,TMAXmax,TMINmax,Tmax,WINDmax,YEAR,DOY,INSgdmin,RADmin,RAINmin,RHmin,TMAXmin,TMINmin,Tmin,WINDmin,YEAR,DOY,INSgdmean,RADmean,RAINmean,RHmean,TMAXmean,TMINmean,Tmean,WINDmean,YEAR,NDVI,EVI,RED,NIR,BLUE,MIR,pixrel
0,113.0,25.831,31.880499999999998,16.166999999999998,84.9725,26.3415,15.770500000000002,19.4925,10.4665,2012.0,113.0,3.6285000000000003,23.404,0.0,52.532,10.381499999999999,0.6685000000000001,6.696,2.4974999999999996,2012.0,113.0,17.505066666666664,27.229733333333332,4.119533333333334,67.12863333333333,17.296166666666664,5.8019333333333325,11.432633333333332,5.9719,2012.0,4455.02,1905.39,615.59,1606.79,313.85,1165.33,0.04
1,129.0,28.760000000000005,33.534,15.889,88.12049999999999,27.570500000000003,17.647000000000002,21.719,6.862499999999999,2012.0,129.0,13.964999999999998,22.953,0.0,43.534000000000006,16.868499999999997,6.5695,12.523,1.9155,2012.0,129.0,22.646933333333333,28.7423,3.556866666666666,66.45150000000001,23.62876666666667,11.578833333333334,17.380366666666667,4.813133333333333,2012.0,6565.14,3464.2,476.35,2319.5,257.42,888.69,0.0
2,145.0,28.552,34.138999999999996,38.331999999999994,84.534,30.2315,21.3005,25.2065,9.2625,2012.0,145.0,7.4925,25.2385,0.0,48.42,14.035000000000002,8.411499999999998,11.498000000000001,2.487,2012.0,145.0,21.47246666666667,29.90696666666667,4.6634,62.4116,25.371633333333328,12.953866666666668,19.11583333333333,6.1489666666666665,2012.0,7984.87,5195.44,347.12,3240.7,196.99,657.64,0.1
3,161.0,29.872999999999998,34.317,18.772000000000002,82.33,31.9625,19.294999999999998,25.801499999999997,7.51,2012.0,161.0,11.7685,25.506,0.0,38.939,23.322999999999997,10.147,17.182,2.4595000000000002,2012.0,161.0,24.03063333333333,31.030433333333328,3.4455333333333336,57.37586666666665,27.949233333333332,15.7287,21.820233333333334,4.636699999999999,2012.0,8462.72,5176.2,239.6,3037.3,137.77,485.09,0.02
4,177.0,29.4585,36.2605,11.0295,75.071,37.4035,24.912,28.893499999999996,7.743,2012.0,177.0,9.930499999999999,27.997,0.0,42.241,26.548000000000002,13.803999999999998,20.796499999999998,1.8075,2012.0,177.0,24.359099999999998,33.04186666666667,1.4320333333333335,59.7014,31.269166666666667,19.9285,25.60316666666666,4.748833333333334,2012.0,8465.93,5397.76,253.94,3221.31,145.08,551.1,0.0
5,193.0,28.2235,36.76899999999999,7.879999999999999,71.17699999999999,39.1875,26.304499999999997,32.3785,5.124499999999999,2012.0,193.0,14.188,30.082500000000003,0.0,37.015,29.475,18.630000000000003,25.3765,1.7105000000000001,2012.0,193.0,24.557933333333335,34.2651,1.1104666666666665,51.34093333333334,34.321099999999994,22.630633333333336,28.348266666666667,3.4014333333333338,2012.0,8426.77,5432.05,264.12,3261.68,150.88,588.59,0.05
6,209.0,27.023000000000003,38.012,9.209499999999998,79.349,41.29,25.590500000000002,31.895,6.8165,2012.0,209.0,9.625,30.9745,0.0,40.016,27.256500000000003,18.024,22.721999999999998,2.1814999999999998,2012.0,209.0,21.923033333333336,34.737,2.2865333333333338,52.22396666666666,34.670966666666665,21.5374,27.861133333333335,3.6915,2012.0,8261.08,5204.35,287.98,3155.45,161.84,588.61,0.16
7,225.0,27.204500000000003,34.943000000000005,10.883999999999999,69.931,35.966499999999996,20.093,27.6835,6.9985,2012.0,225.0,5.5375000000000005,25.3905,0.0,35.6535,22.625999999999998,11.2455,18.270999999999997,1.9075000000000002,2012.0,225.0,21.758599999999998,30.580600000000004,1.2343666666666668,49.44356666666667,28.772033333333333,15.710566666666665,21.9872,3.679,2012.0,8077.56,4640.37,280.93,2758.83,156.9,552.65,0.0
8,241.0,24.618,35.223,7.733500000000001,84.376,37.5625,23.287999999999997,29.244500000000002,7.4505,2012.0,241.0,8.113499999999998,26.8115,0.0,32.117999999999995,26.922,13.370000000000001,21.639499999999998,1.8495,2012.0,241.0,18.794566666666665,32.87383333333333,1.5985,51.148466666666664,32.98146666666666,19.297233333333327,25.845299999999998,4.079133333333333,2012.0,7559.95,4000.53,325.21,2417.66,181.52,562.45,0.0
9,257.0,21.521500000000003,32.802,9.504,76.838,34.067,14.6695,23.469500000000004,8.1695,2012.0,257.0,6.4695,25.7085,0.0,34.2505,17.6815,5.506499999999999,11.8285,2.5305,2012.0,257.0,17.207866666666668,28.1798,1.3563999999999998,48.82846666666667,25.38263333333333,11.1218,17.872933333333332,4.992066666666666,2012.0,6914.32,3579.94,407.4,2302.87,214.59,666.35,0.01
10,273.0,19.2375,28.9085,6.141,53.1195,28.627000000000002,11.6715,18.571499999999997,7.404,2012.0,273.0,6.879999999999999,21.146,0.0,32.8935,8.917000000000002,-0.426,3.7074999999999996,1.0725,2012.0,273.0,15.584,24.990633333333335,1.0446,43.5338,21.098200000000002,6.617366666666666,13.4153,3.8618333333333332,2012.0,4991.85,2467.09,668.41,1994.92,346.42,837.04,0.0
11,289.0,14.756999999999998,32.192499999999995,21.933,95.2155,22.963500000000003,13.75,16.0625,8.037500000000001,2012.0,289.0,4.46,22.045,0.0,35.650499999999994,8.761,-1.4244999999999999,5.648,2.6085000000000003,2012.0,289.0,8.948766666666668,27.3211,3.7473333333333336,66.02816666666666,16.13896666666667,5.219433333333333,10.072766666666666,5.110133333333333,2012.0,4854.19,1964.01,530.69,1531.77,274.4,919.46,0.06
12,305.0,12.713999999999999,32.439,11.517,93.65,22.08,14.343499999999999,18.000999999999998,7.564500000000001,2012.0,305.0,3.8899999999999997,19.283,0.0,46.301500000000004,6.929499999999999,-3.5345,1.603,1.5744999999999998,2012.0,305.0,8.494166666666667,24.76803333333333,1.2197333333333336,64.85683333333333,10.798233333333334,0.5941333333333333,4.9894,3.8361333333333327,2012.0,5034.7,1690.13,405.1,1224.45,208.93,713.97,0.03
