,DOY,INSgdmax,RADmax,RAINmax,RHmax,TMAXmax,TMINmax,Tmax,WINDmax,YEAR,DOY,INSgdmin,RADmin,RAINmin,RHmin,TMAXmin,TMINmin,Tmin,WINDmin,YEAR,DOY,INSgdmean,RADmean,RAINmean,RHmean,TMAXmean,TMINmean,Tmean,WINDmean,YEAR,NDVI,EVI,RED,NIR,BLUE,MIR,pixrel
0,113.0,25.814999999999998,31.4338,18.4998,82.24399999999999,28.684199999999997,15.0634,19.9818,10.1798,2012.0,113.0,3.418,22.869999999999997,0.0,51.1038,10.029599999999999,0.9386000000000001,6.6714,2.9114000000000004,2012.0,113.0,16.96582666666667,27.35688,5.145199999999999,63.73182666666668,18.27436,6.247453333333332,12.10108,6.169253333333334,2012.0,4516.07,1946.48,484.96,1596.04,222.31,929.39,15.34
1,129.0,28.689999999999998,33.628600000000006,23.897199999999998,85.2706,28.267799999999998,17.5438,21.9116,7.356,2012.0,129.0,8.6908,23.071399999999997,0.0,39.251000000000005,16.2304,6.763,12.405199999999999,1.8514,2012.0,129.0,22.4376,28.686346666666665,5.261666666666667,63.070839999999976,24.198680000000003,11.853600000000002,17.910880000000002,5.010826666666667,2012.0,5600.88,2761.99,396.44,1944.75,187.99,732.6,15.31
2,145.0,28.315,33.9404,33.0152,84.1474,30.894199999999998,21.3364,25.206,9.877600000000001,2012.0,145.0,6.9694,25.9008,0.0,45.1436,14.747799999999998,8.281600000000001,11.776399999999999,2.1710000000000003,2012.0,145.0,21.731253333333335,30.05589333333333,4.60712,60.00486666666667,25.9032,13.351599999999998,19.52654666666667,6.249240000000001,2012.0,6948.44,4194.32,287.8,2670.17,142.79,568.61,12.91
3,161.0,29.1704,35.2452,21.3696,87.78059999999999,32.090599999999995,21.165399999999998,26.2714,7.994000000000001,2012.0,161.0,14.2492,26.3286,0.0,34.5436,23.8682,11.745000000000001,17.9164,2.5185999999999997,2012.0,161.0,23.510013333333333,31.460480000000004,3.3697866666666667,56.37025333333333,28.50786666666667,16.342546666666664,22.359253333333335,4.911000000000001,2012.0,7148.06,4308.96,245.45,2697.25,113.8,507.0,15.35
4,177.0,29.025,36.3012,15.57,75.33359999999999,38.988200000000006,24.761599999999998,29.8406,7.840400000000001,2012.0,177.0,8.2788,28.366200000000003,0.0,41.757400000000004,26.6592,14.601,20.5808,1.8744,2012.0,177.0,23.83932,33.349160000000005,1.8706666666666665,58.63566666666666,31.802986666666666,20.060786666666665,25.935893333333333,4.902986666666667,2012.0,7216.87,4570.96,259.01,2885.66,124.49,541.7,15.32
5,193.0,28.140000000000004,37.266799999999996,5.8302000000000005,69.943,39.181400000000004,26.909,32.418600000000005,5.6448,2012.0,193.0,14.5582,30.1432,0.0,36.8676,29.134,18.834,25.6386,2.0058,2012.0,193.0,24.493959999999998,34.28478666666667,0.9449333333333335,49.55028,34.72185333333333,22.821586666666665,28.644599999999997,3.6576,2012.0,7230.12,4614.13,242.48,2918.79,109.89,542.63,17.93
6,209.0,26.989600000000003,38.2364,7.7666,73.07000000000001,41.2256,26.0154,32.1974,6.907,2012.0,209.0,9.8414,31.303000000000004,0.0,37.5268,26.7394,18.2166,22.9534,2.1332000000000004,2012.0,209.0,21.882986666666667,34.964133333333336,2.092226666666667,49.529853333333335,35.438266666666664,21.941,28.337960000000002,3.8763200000000007,2012.0,7162.63,4341.61,215.66,2714.15,89.61,490.14,20.43
7,225.0,27.2382,35.0664,7.9510000000000005,67.0558,37.0186,21.2414,28.761400000000002,7.1572000000000005,2012.0,225.0,5.757000000000001,25.0636,0.0,32.9112,22.1348,10.8956,18.078799999999998,1.8082,2012.0,225.0,21.010601904761902,30.823093333333333,1.4481866666666665,47.516466666666666,29.058799999999998,15.72845333333333,22.22289333333333,3.8762266666666676,2012.0,7098.15,4141.94,216.41,2584.91,86.99,477.93,20.4
8,241.0,24.5746,35.2976,5.834199999999999,86.91059999999999,38.26,22.6828,29.514400000000002,7.1983999999999995,2012.0,241.0,5.6128,26.948999999999998,0.0,30.9872,25.0874,13.5018,21.9206,2.0218,2012.0,241.0,18.595013333333334,32.80088000000001,1.2547733333333333,50.869573333333335,32.87202666666667,19.12338666666667,25.79128,4.201853333333332,2012.0,6522.53,3233.54,253.33,2056.94,108.78,503.16,20.47
9,257.0,21.5032,32.95399999999999,5.785799999999999,67.7728,34.830400000000004,15.614400000000002,24.3622,8.519,2012.0,257.0,5.260000000000001,25.279600000000002,0.0,32.0274,18.5454,5.6732,12.1892,2.567,2012.0,257.0,17.766800000000003,28.14504,0.9470666666666665,45.484680000000004,25.859160000000003,11.532200000000001,18.285306666666663,5.198386666666666,2012.0,5887.62,2674.7,326.33,1834.96,125.15,544.13,17.85
10,273.0,19.445400000000003,27.8858,4.8006,52.564800000000005,28.939,11.7194,18.8368,7.647,2012.0,273.0,6.658999999999999,21.3104,0.0,30.997,9.0602,-0.725,3.609,1.3624,2012.0,273.0,15.586866666666669,24.881960000000003,0.9086800000000002,41.106986666666664,21.46512,6.686520000000001,13.558493333333333,3.85336,2012.0,4556.94,1984.87,475.05,1660.59,195.4,682.34,20.4
11,289.0,14.602599999999999,32.0626,17.269599999999997,91.8386,23.5298,12.902000000000001,15.998600000000001,7.586599999999999,2012.0,289.0,5.089600000000001,22.3716,0.0,34.3844,9.508799999999999,-1.2494,5.9788,2.9097999999999997,2012.0,289.0,9.524946666666667,27.305306666666667,3.071906666666666,63.26102666666667,16.565399999999997,5.479399999999999,10.48512,5.308373333333332,2012.0,4286.79,1697.58,455.28,1470.21,180.14,781.92,20.41
12,305.0,12.4504,31.5712,11.9982,89.5786,19.162,11.049599999999998,15.242400000000002,8.1418,2012.0,305.0,3.7426000000000004,20.3868,0.0,45.0442,6.3260000000000005,-3.469,1.2793999999999999,1.3684,2012.0,305.0,7.668346666666666,25.31256,1.3616400000000004,63.45140000000001,10.72476,0.6684266666666667,4.998453333333332,3.9485200000000003,2012.0,4728.16,1574.84,309.95,1203.06,121.58,582.29,20.86
