,DOY,INSgdmax,RADmax,RAINmax,RHmax,TMAXmax,TMINmax,Tmax,WINDmax,YEAR,DOY,INSgdmin,RADmin,RAINmin,RHmin,TMAXmin,TMINmin,Tmin,WINDmin,YEAR,DOY,INSgdmean,RADmean,RAINmean,RHmean,TMAXmean,TMINmean,Tmean,WINDmean,YEAR,NDVI,EVI,RED,NIR,BLUE,MIR,pixrel
0,113.0,25.5904,30.614400000000003,26.278,85.7184,29.953200000000002,15.0652,21.4828,10.864,2012.0,113.0,5.2828,22.9284,0.0,48.611999999999995,11.659199999999998,2.0804,8.25,2.9056,2012.0,113.0,17.768213333333332,27.507306666666672,5.794853333333334,63.779946666666675,19.57112,7.287599999999999,13.33816,5.998426666666667,2012.0,4871.44,2181.55,561.76,1732.01,281.69,982.98,5.11
1,129.0,28.430799999999998,34.3348,24.601599999999998,89.6488,29.2864,18.541999999999998,22.094800000000003,6.6288,2012.0,129.0,17.2472,23.972,0.0,43.508399999999995,19.3008,7.3212,13.872,2.3164000000000002,2012.0,129.0,23.76016,29.21554666666667,4.392933333333334,65.67210666666666,24.82184,12.969866666666665,18.689653333333332,4.788506666666668,2012.0,5453.32,2619.38,547.16,1919.28,293.12,922.97,0.06
2,145.0,28.9996,34.4444,19.008,86.7832,31.1424,20.8396,25.732799999999997,9.0816,2012.0,145.0,7.76,25.931199999999997,0.0,43.599999999999994,14.695200000000002,9.6072,12.2976,2.6568,2012.0,145.0,22.42714666666667,30.124373333333327,2.4547733333333333,59.28656,26.43461333333333,14.046373333333332,20.199759999999998,6.087066666666667,2012.0,6583.96,3245.88,377.63,2082.84,205.01,673.61,5.34
3,161.0,29.3656,34.678399999999996,14.0028,83.9832,32.4748,21.218,26.5312,7.4456,2012.0,161.0,16.337200000000003,26.884400000000003,0.0,32.617999999999995,24.489600000000003,12.7456,18.685200000000002,2.2264,2012.0,161.0,24.22573333333333,31.67610666666667,3.1896266666666664,55.02658666666667,29.21432,17.048106666666666,23.02216,4.6624533333333344,2012.0,6817.35,3780.03,365.6,2423.34,195.95,694.5,7.65
4,177.0,29.0056,36.6808,16.3184,77.0928,40.7576,25.572399999999995,30.8532,8.531600000000001,2012.0,177.0,8.292399999999999,29.5456,0.0,39.526399999999995,28.3292,15.3452,21.8264,2.056,2012.0,177.0,24.443839999999998,33.852826666666665,2.1935199999999995,60.7204,32.45541333333333,20.962,26.579733333333337,5.0492799999999995,2012.0,6950.44,3955.35,366.72,2527.05,199.77,717.53,7.9
5,193.0,28.394800000000004,37.4792,4.5,67.934,40.308,26.671599999999998,33.2868,5.242,2012.0,193.0,18.203599999999998,30.8876,0.0,39.330400000000004,29.270400000000002,19.3028,26.0548,1.8691999999999998,2012.0,193.0,25.48352,34.668346666666665,0.5025066666666667,48.51837333333334,35.705466666666666,23.42106666666667,29.30010666666667,3.568880000000001,2012.0,7208.57,4050.05,379.47,2540.68,220.97,718.83,0.74
6,209.0,27.014000000000003,38.196,8.794799999999999,67.50399999999999,43.046,28.268,34.7348,6.7764,2012.0,209.0,8.656400000000001,31.9108,0.0,33.156,31.117200000000004,18.980800000000002,25.2272,2.2556000000000003,2012.0,209.0,23.426986666666668,35.1988,2.1990133333333333,43.55778666666667,37.547253333333344,23.023760000000003,29.978559999999998,3.901066666666667,2012.0,7084.31,3727.7,339.43,2292.51,197.76,622.6,2.59
7,225.0,27.2504,35.4436,9.2784,66.52640000000001,39.178399999999996,22.3932,30.0428,6.8348,2012.0,225.0,5.582,25.9484,0.0,31.654400000000003,25.0824,11.1704,18.5948,1.8888000000000003,2012.0,225.0,21.233386666666664,31.165866666666666,2.04648,46.78306666666666,30.370133333333335,16.44528,23.16048,3.922133333333334,2012.0,7171.29,3402.31,278.79,2032.26,152.12,514.56,5.12
8,241.0,24.6652,35.9608,10.700800000000001,88.7384,37.8784,24.034000000000002,29.567199999999996,6.8964,2012.0,241.0,5.116,27.9376,0.0,29.7352,26.5672,14.3708,22.8692,1.9087999999999998,2012.0,241.0,19.31792,33.143119999999996,2.1378666666666666,52.27965333333333,33.304026666666665,19.951173333333337,26.458533333333335,4.033253333333334,2012.0,6572.76,3124.13,349.36,1998.29,179.49,674.56,7.7
9,257.0,21.8696,33.44,10.546399999999998,81.0388,34.0724,15.8004,23.808,7.6236,2012.0,257.0,7.394000000000001,24.6964,0.0,31.6948,17.9788,6.3916,13.0824,2.9288,2012.0,257.0,17.408853333333333,28.27944,1.4209866666666668,49.23834666666667,26.233573333333332,11.73277333333333,18.609679999999997,4.925306666666667,2012.0,6361.24,2614.58,338.9,1675.68,172.8,558.32,5.13
10,273.0,19.75,29.1184,7.925599999999999,50.892399999999995,29.338,12.467600000000001,19.391199999999998,6.5748,2012.0,273.0,6.2516,21.825200000000002,0.0,33.798,9.486,-0.378,4.3024,1.6228,2012.0,273.0,15.82746666666667,25.471253333333337,1.5749600000000004,42.41239999999999,22.17232,7.61112,14.446346666666667,3.543333333333334,2012.0,5130.31,2312.07,543.51,1755.0,291.03,728.41,2.9
11,289.0,15.404800000000002,32.854,22.342,94.3776,25.2528,16.9452,19.177599999999998,8.2968,2012.0,289.0,4.6584,21.5096,0.0,33.3416,9.4056,-0.11440000000000003,6.9719999999999995,2.6416,2012.0,289.0,10.498026666666668,27.555253333333333,3.7752533333333336,62.452479999999994,17.936453333333333,6.496826666666665,11.640933333333333,5.48272,2012.0,4400.84,2027.15,712.66,1757.98,431.42,733.91,1.0
12,305.0,13.0048,32.8392,8.018,92.288,23.1592,14.9284,18.9424,7.4967999999999995,2012.0,305.0,4.7052000000000005,20.404799999999998,0.0,46.7252,7.7936,-2.6959999999999997,2.2356000000000003,1.7172,2012.0,305.0,8.70856,25.51869333333333,1.4256800000000003,64.37506666666668,11.921146666666665,1.5303733333333336,5.995253333333333,3.847973333333334,2012.0,3133.5,1737.25,1445.05,2363.38,1314.72,566.52,4.64
