,DOY,INSgdmax,RADmax,RAINmax,RHmax,TMAXmax,TMINmax,Tmax,WINDmax,YEAR,DOY,INSgdmin,RADmin,RAINmin,RHmin,TMAXmin,TMINmin,Tmin,WINDmin,YEAR,DOY,INSgdmean,RADmean,RAINmean,RHmean,TMAXmean,TMINmean,Tmean,WINDmean,YEAR,NDVI,EVI,RED,NIR,BLUE,MIR,pixrel
0,113.0,25.7213,31.204,33.813199999999995,85.0239,30.6395,14.462,22.2029,11.211500000000001,2012.0,113.0,5.681000000000001,23.226399999999998,0.0,49.39229999999999,11.7287,2.4852999999999996,8.57,2.8753,2012.0,113.0,18.51155333333333,27.683633333333333,5.389680000000001,62.51739333333334,20.362786666666665,7.691506666666666,14.00302,6.00592,2012.0,5957.73,3816.38,715.36,2923.9,377.31,1531.24,0.24
1,129.0,28.012700000000002,34.0202,25.2269,91.078,30.088900000000002,19.250899999999998,22.5394,6.660299999999999,2012.0,129.0,17.527399999999997,25.4077,0.0,46.3406,20.7966,7.230099999999999,14.3946,2.6788,2012.0,129.0,24.353740000000002,29.343026666666667,5.074353333333333,66.76538666666667,25.003613333333334,13.375293333333335,18.978446666666667,4.6914533333333335,2012.0,6290.83,4239.44,716.78,3198.26,379.84,1638.32,0.04
2,145.0,29.2971,34.941100000000006,7.2498,88.28179999999999,31.1221,20.2958,25.5689,9.1402,2012.0,145.0,8.9176,26.4534,0.0,42.626000000000005,16.2265,9.950800000000001,13.119299999999999,2.3951000000000002,2012.0,145.0,23.024900000000002,30.401599999999995,1.3711266666666666,58.75331333333333,26.616093333333332,14.554506666666667,20.589113333333334,6.065846666666666,2012.0,6290.13,4261.53,750.14,3262.06,400.12,1576.48,0.19
3,161.0,29.641699999999997,34.978300000000004,17.9981,84.48700000000001,32.6768,21.1679,25.979799999999997,7.382,2012.0,161.0,14.1043,27.442099999999996,0.0,32.5712,25.2999,12.3554,19.4174,2.2505,2012.0,161.0,24.81341333333333,31.65720666666666,3.4668066666666664,54.69108,29.540453333333332,17.27238666666667,23.32269333333333,4.694593333333334,2012.0,6352.74,4406.74,755.02,3364.83,405.44,1572.72,0.13
4,177.0,29.544,36.472899999999996,18.2548,78.5419,41.173899999999996,25.708399999999997,31.680299999999995,9.0866,2012.0,177.0,12.248299999999999,29.778999999999996,0.0,42.692,28.679700000000004,15.6476,22.0222,1.9280999999999997,2012.0,177.0,25.4371,34.15192666666667,2.2383466666666667,62.45309333333333,32.58546666666667,21.481726666666667,26.84344,5.17732,2012.0,6778.54,4664.87,649.58,3384.26,349.79,1385.21,0.96
5,193.0,28.2083,37.247899999999994,1.5055,63.03699999999999,41.6524,26.5514,33.1687,5.447899999999999,2012.0,193.0,18.957899999999995,31.4789,0.0,38.0048,31.6371,19.5307,26.631700000000002,1.8865999999999998,2012.0,193.0,26.15784,34.708893333333336,0.20609333333333335,46.87012,36.56366666666666,23.420386666666666,29.648186666666668,3.728313333333334,2012.0,6272.04,3982.17,682.13,2970.47,358.29,1333.63,0.03
6,209.0,27.128299999999996,37.9644,8.604099999999999,53.5056,43.6078,28.869600000000002,35.6223,6.683200000000001,2012.0,209.0,18.1024,31.366,0.0,28.2436,33.096,19.8549,26.642,2.6551,2012.0,209.0,25.170260000000006,35.31012,1.7328066666666666,38.32696000000001,39.23176,23.81458666666667,31.191546666666667,4.0801333333333325,2012.0,6083.35,4004.76,755.21,3106.59,395.59,1517.71,0.0
7,225.0,27.2654,36.5644,10.1235,62.3888,41.107400000000005,23.8007,31.637999999999998,6.6971,2012.0,225.0,8.0115,26.127699999999997,0.0,28.1388,27.6456,11.1652,19.6822,1.8912,2012.0,225.0,21.74754,31.358399999999996,2.2830066666666666,42.74744,32.04648,16.98575333333333,24.21619333333333,4.02032,2012.0,5931.02,3819.98,765.18,2988.2,401.87,1528.14,0.12
8,241.0,24.55,36.4511,15.2849,88.103,37.572100000000006,24.5194,29.227599999999995,6.2955000000000005,2012.0,241.0,4.6798,29.279199999999996,0.0,27.8971,25.610099999999996,15.5086,23.124,1.9524999999999997,2012.0,241.0,19.532420000000002,33.30394,3.03844,52.62884666666666,33.44720666666667,20.188466666666667,26.600146666666667,4.115186666666666,2012.0,6789.75,3972.85,501.71,2684.76,266.95,1096.25,0.02
9,257.0,22.1488,33.2542,9.424599999999998,82.378,33.8485,15.959900000000001,23.947,7.4672,2012.0,257.0,5.464,24.4127,0.0,32.406800000000004,16.8645,6.5656,13.307500000000001,3.3337999999999997,2012.0,257.0,17.18406,28.2256,1.5886933333333335,50.85545333333333,26.412959999999998,11.867873333333332,18.81721333333333,4.780139999999999,2012.0,6118.04,3538.93,626.08,2600.24,322.55,1234.51,0.0
10,273.0,19.9771,28.852399999999996,11.655100000000001,52.7025,29.6121,12.8412,19.9082,6.2757,2012.0,273.0,6.513399999999999,22.0117,0.0,36.2722,9.1507,-0.2852,4.3628,1.5320999999999998,2012.0,273.0,16.198493333333335,25.73566,2.072306666666667,43.407733333333326,22.194193333333335,8.189406666666667,14.74470666666667,3.328026666666667,2012.0,5151.82,2837.74,758.6,2346.39,384.03,1425.6,0.0
11,289.0,16.1417,33.346000000000004,20.6905,94.99520000000001,25.814300000000003,17.4376,19.8482,9.758099999999999,2012.0,289.0,4.9916,22.026699999999998,0.0,34.6075,9.422699999999999,0.2776,7.2933,2.6359,2012.0,289.0,11.321159999999999,27.586686666666672,4.708760000000001,61.72046666666667,18.527906666666667,6.98048,12.23112,5.634773333333333,2012.0,4464.11,2453.78,844.03,2209.88,467.75,1543.48,0.21
12,305.0,13.219,32.6562,7.4227,92.6077,23.0381,15.319199999999999,18.6907,7.423299999999999,2012.0,305.0,4.2958,21.206500000000002,0.0,50.3806,7.273999999999999,-2.4644,2.1138000000000003,1.4752,2012.0,305.0,9.398779999999999,25.369980000000005,1.3932133333333332,65.58282666666668,12.213213333333332,1.8833199999999999,6.283093333333333,3.7765266666666673,2012.0,4328.13,2353.23,948.14,2263.22,572.26,1628.09,0.16
