,DOY,INSgdmax,RADmax,RAINmax,RHmax,TMAXmax,TMINmax,Tmax,WINDmax,YEAR,DOY,INSgdmin,RADmin,RAINmin,RHmin,TMAXmin,TMINmin,Tmin,WINDmin,YEAR,DOY,INSgdmean,RADmean,RAINmean,RHmean,TMAXmean,TMINmean,Tmean,WINDmean,YEAR,NDVI,EVI,RED,NIR,BLUE,MIR,pixrel
0,113.0,25.6098,31.471899999999998,25.797600000000003,89.1303,29.1974,14.7359,21.798899999999996,10.8464,2012.0,113.0,5.3007,24.4283,0.0,48.3198,14.3826,3.0284000000000004,8.847999999999999,2.4497999999999998,2012.0,113.0,17.48292,28.08810666666667,4.845526666666667,64.84864,20.415393333333334,8.23752,14.304206666666667,5.748600000000001,2012.0,6454.83,3913.19,511.45,2703.84,283.26,967.6,0.71
1,129.0,28.485400000000002,34.1982,25.967100000000002,91.66929999999999,29.337699999999998,19.5334,22.899100000000004,6.3814,2012.0,129.0,15.509700000000002,25.312800000000003,0.0,46.7624,20.9127,7.808999999999999,14.5121,2.2497,2012.0,129.0,22.66498666666667,29.811753333333332,5.636326666666667,69.59420666666665,24.972853333333333,13.861866666666671,19.238186666666664,4.399713333333333,2012.0,7010.17,4583.64,485.89,3106.86,275.96,961.73,0.05
2,145.0,29.186700000000002,34.4752,7.375500000000001,85.3162,31.5128,20.767400000000002,25.9602,8.1312,2012.0,145.0,6.642299999999999,25.1914,0.0,43.9366,16.963900000000002,9.4773,13.6103,3.2019,2012.0,145.0,23.629133333333336,30.33782,1.2598666666666665,59.59004,26.992126666666667,14.751746666666666,20.87278,5.596886666666666,2012.0,7088.1,4838.74,524.6,3356.01,298.63,1041.46,0.0
3,161.0,29.901600000000002,35.1819,19.7902,82.0743,33.6623,20.7639,26.5487,6.878399999999999,2012.0,161.0,17.0584,26.9223,0.0,34.1664,25.316000000000003,12.2349,18.4392,2.2302999999999997,2012.0,161.0,25.090120952380953,31.630779999999998,2.811593333333333,53.60492000000001,30.147826666666667,16.972786666666668,23.380679999999998,4.400173333333333,2012.0,7149.27,4619.24,489.31,3115.67,274.82,972.83,0.0
4,177.0,29.2652,36.791599999999995,17.9259,75.804,40.6884,25.042,30.8652,8.9604,2012.0,177.0,9.315999999999999,29.685699999999997,0.0,37.4701,30.150299999999998,15.425,23.6346,2.0652,2012.0,177.0,26.122386666666664,34.11469333333333,2.0039866666666666,58.84277333333333,33.60827333333334,21.57743333333334,27.293219999999998,4.978386666666667,2012.0,7011.83,4457.38,509.69,3023.85,287.38,1029.59,0.0
5,193.0,28.1994,37.53569999999999,3.6742,63.37349999999999,42.277,27.6949,34.3808,5.0586,2012.0,193.0,12.5409,32.1297,0.0,36.8177,31.8091,20.639499999999998,27.0136,1.5271,2012.0,193.0,25.311746666666664,35.14507333333333,0.4252666666666667,46.36158,37.30325333333333,23.97385333333333,30.273146666666662,3.444880000000001,2012.0,6368.04,3921.15,633.76,2852.69,346.43,1167.16,0.0
6,209.0,26.86,38.3367,7.670799999999999,61.4648,44.205,29.534999999999997,35.8761,6.5227,2012.0,209.0,10.3737,32.0433,0.0,27.9378,32.9412,20.089399999999998,26.638399999999997,2.5298999999999996,2012.0,209.0,23.73138,35.417139999999996,1.7965933333333333,41.1257,38.86810666666667,23.8537,30.954333333333338,3.9462600000000005,2012.0,6345.67,3819.88,601.62,2739.59,327.0,1192.88,0.0
7,225.0,27.0446,35.661500000000004,11.043199999999999,75.35239999999999,40.334500000000006,22.854699999999998,30.391,6.316599999999999,2012.0,225.0,8.121199999999998,26.264599999999998,0.0,33.264300000000006,26.0352,12.405999999999999,20.461299999999998,1.7359,2012.0,225.0,20.848893333333333,31.547200000000004,2.191506666666667,49.20790666666667,30.93933333333333,16.952980000000004,23.68163333333333,3.718646666666667,2012.0,6221.67,3620.79,620.47,2652.0,331.91,1247.12,0.02
8,241.0,24.6415,36.2601,12.3183,93.59980000000002,37.5331,24.1082,29.5822,7.0988,2012.0,241.0,7.5908999999999995,28.9285,0.0,26.0699,25.704099999999997,15.7744,23.4883,1.6955,2012.0,241.0,19.19894,33.501866666666665,2.4301066666666666,56.492533333333334,32.94647333333334,20.366346666666665,26.449866666666665,3.9168933333333333,2012.0,6784.01,3794.51,460.21,2510.17,253.23,966.61,0.29
9,257.0,22.1633,32.106,7.9826999999999995,81.8229,32.3639,16.3365,23.849800000000002,6.6783,2012.0,257.0,5.1928,24.2474,0.0,35.44969999999999,18.164499999999997,6.6347000000000005,13.517600000000002,2.2728999999999995,2012.0,257.0,17.741273333333332,28.262533333333334,1.3937399999999998,54.69963333333334,26.175273333333333,11.82618,18.75304,4.331273333333334,2012.0,6327.79,3541.71,504.09,2479.59,258.52,1018.18,2.55
10,273.0,20.1072,30.315599999999996,16.4648,63.018699999999995,28.6855,13.8354,20.340899999999998,5.6072,2012.0,273.0,3.9570999999999996,22.2688,0.0,39.5921,9.613700000000001,0.5912999999999999,5.1199,1.647,2012.0,273.0,15.292993333333333,26.58066,2.6792933333333333,48.433293333333324,22.32904,8.834953333333333,15.147373333333334,3.3008533333333334,2012.0,5604.71,3194.31,636.04,2407.01,346.77,1104.65,0.03
11,289.0,16.547700000000003,34.1756,28.052899999999998,95.2667,26.4573,18.474800000000002,20.3476,8.5022,2012.0,289.0,4.6504,21.4568,0.0,35.9732,9.6084,0.3558,7.7280999999999995,2.5526,2012.0,289.0,11.160286666666666,27.79971333333333,4.4230133333333335,64.29072,18.997306666666667,7.051193333333334,12.476659999999999,5.575693333333333,2012.0,5185.4,2679.12,620.59,2052.12,396.45,1027.93,0.83
12,305.0,13.4694,33.066599999999994,4.7696000000000005,92.85730000000001,25.6378,18.6049,21.4155,7.6287,2012.0,305.0,3.6911,19.968600000000002,0.0,50.7889,7.031499999999999,-2.3903999999999996,2.4675000000000002,1.8476,2012.0,305.0,9.390766666666668,25.281546666666667,0.8267533333333335,67.01674,12.76675333333333,2.200413333333333,6.80106,4.016513333333333,2012.0,4678.97,2738.99,955.26,2498.36,681.63,1072.93,0.77
