,DOY,INSgdmax,RADmax,RAINmax,RHmax,TMAXmax,TMINmax,Tmax,WINDmax,YEAR,DOY,INSgdmin,RADmin,RAINmin,RHmin,TMAXmin,TMINmin,Tmin,WINDmin,YEAR,DOY,INSgdmean,RADmean,RAINmean,RHmean,TMAXmean,TMINmean,Tmean,WINDmean,YEAR,NDVI,EVI,RED,NIR,BLUE,MIR,pixrel
0,113.0,25.525899999999996,31.4834,21.0768,80.2848,29.5182,14.017,20.9386,9.795100000000001,2012.0,113.0,2.8642,22.6768,0.0,49.8575,10.608,0.7283000000000001,6.9524,2.4444,2012.0,113.0,17.329206666666664,27.469599999999996,5.121966666666666,59.87805333333333,19.31247333333333,6.4822066666666665,12.651926666666668,6.322033333333334,2012.0,3594.76,1894.12,960.34,2055.69,468.88,1676.54,0.03
1,129.0,28.5366,33.4856,26.6225,83.6691,29.1693,17.6514,22.213099999999997,7.7517,2012.0,129.0,6.5847999999999995,23.4791,0.0,35.1849,16.3411,7.0853,12.3823,2.1856,2012.0,129.0,21.972273333333334,28.838026666666668,5.736493333333333,59.81887333333333,24.632046666666664,12.052140000000001,18.20048,5.147740000000001,2012.0,4598.71,2543.3,839.17,2288.48,416.3,1498.09,0.07
2,145.0,28.3982,34.3301,25.7883,86.8804,31.522399999999998,20.7905,24.825699999999998,9.4989,2012.0,145.0,9.0834,26.5562,0.0,40.7361,15.968399999999999,7.6922,12.113199999999999,1.9487999999999999,2012.0,145.0,21.667833333333334,30.26439333333333,4.007573333333333,59.795606666666664,25.69246,13.545086666666666,19.42978666666667,6.262326666666667,2012.0,5951.08,3603.4,660.95,2709.55,339.74,1196.3,0.01
3,161.0,29.188200000000002,34.352199999999996,19.8202,88.8081,32.253699999999995,20.842,25.804800000000004,8.075999999999999,2012.0,161.0,10.1812,26.754199999999997,0.0,34.258,23.9003,11.2913,18.0761,2.5412999999999997,2012.0,161.0,23.388426666666668,31.555666666666667,2.6793000000000005,57.177433333333326,28.474753333333332,16.595233333333333,22.472366666666666,5.156786666666667,2012.0,6751.33,4409.16,569.01,3104.42,298.28,1081.1,0.0
4,177.0,29.346700000000002,36.0166,14.845,76.6643,39.3345,24.0039,31.093000000000004,8.12,2012.0,177.0,6.6712,27.9647,0.0,45.4231,27.1601,13.665099999999999,20.366999999999997,2.1393,2012.0,177.0,23.26813333333334,33.622033333333334,2.8166400000000005,59.41204666666667,31.91940666666667,20.20252666666666,26.037080000000003,5.0941399999999994,2012.0,6921.67,4330.31,524.67,2972.76,273.61,1014.91,0.03
5,193.0,28.1082,38.02,3.9749999999999996,66.6591,39.449400000000004,26.811700000000002,32.3858,6.240499999999999,2012.0,193.0,13.963899999999999,30.2209,0.0,38.406,30.7148,18.8744,25.783,2.0310999999999995,2012.0,193.0,24.26182,34.314866666666674,0.7162733333333333,48.20504000000001,35.01422666666667,22.749913333333335,28.71577333333334,3.9264200000000002,2012.0,7007.15,4565.53,547.91,3154.75,292.9,1060.42,0.36
6,209.0,26.854100000000003,38.566900000000004,8.1912,60.928200000000004,41.567,27.3893,33.4956,6.7526,2012.0,209.0,9.453999999999999,31.9184,0.0,34.244,28.534999999999997,18.398400000000002,23.8588,2.208,2012.0,209.0,22.392413333333334,35.10201333333334,2.100753333333333,45.215446666666665,36.471533333333326,22.595579999999998,29.120713333333327,4.160033333333333,2012.0,7039.39,4182.13,489.44,2800.49,255.36,922.32,0.0
7,225.0,27.3324,35.5655,9.063199999999998,74.7355,37.416399999999996,22.38,29.5276,7.312199999999999,2012.0,225.0,7.4788,24.8956,0.0,32.2069,22.390800000000002,10.5022,17.435,1.8538000000000001,2012.0,225.0,20.92932,30.79992,1.9753066666666668,47.21122000000001,29.367953333333336,15.681473333333336,22.36337333333333,4.08118,2012.0,6608.96,3855.69,543.59,2683.01,278.43,1003.58,0.03
8,241.0,24.6318,34.9581,9.598099999999999,84.2556,39.747,22.104400000000002,29.9501,7.1173,2012.0,241.0,4.8168,27.520699999999998,0.0,31.377000000000002,23.5944,13.7009,21.7011,2.2725000000000004,2012.0,241.0,19.52012666666667,32.68197333333333,1.1917066666666665,49.10500666666667,33.40737333333334,18.929913333333335,25.906479999999995,4.43824,2012.0,5745.43,3360.2,707.82,2619.71,353.94,1238.78,0.19
9,257.0,21.6199,32.55969999999999,6.5624,59.8994,35.6258,17.218899999999998,25.5427,8.661200000000001,2012.0,257.0,5.3284,24.7235,0.0,28.4516,19.769299999999998,5.8029,12.744599999999998,2.8459000000000003,2012.0,257.0,18.151626666666665,27.97136666666666,1.04068,41.80816,26.380606666666665,11.830893333333334,18.671300000000002,5.366413333333335,2012.0,4797.51,2548.78,790.26,2247.39,366.24,1322.25,0.03
10,273.0,19.3858,27.5075,5.438699999999999,52.83749999999999,29.2222,12.4076,19.414199999999997,7.9893,2012.0,273.0,7.5066,21.747500000000002,0.0,30.5418,9.3663,-1.3142,3.4749999999999996,1.4058000000000002,2012.0,273.0,16.062786666666668,24.573400000000003,0.6368266666666667,37.9242,21.76693333333333,6.855079999999999,13.667833333333334,3.86214,2012.0,3981.34,2215.68,967.4,2250.89,487.37,1449.13,0.03
11,289.0,14.9207,31.735599999999998,12.514999999999999,90.3533,24.5268,10.981000000000002,16.2496,8.7841,2012.0,289.0,5.3377,22.3608,0.0,33.7326,8.023299999999999,-0.9649000000000001,6.1822,2.9059,2012.0,289.0,10.346206666666665,27.245359999999998,2.1638733333333335,60.04016000000001,16.831226666666666,5.40464,10.627166666666666,5.712133333333333,2012.0,3105.04,1789.44,1178.02,2192.44,650.92,1428.07,1.49
12,305.0,11.9524,31.015600000000003,11.0596,87.2261,15.832500000000001,9.084999999999999,12.593300000000001,8.094899999999999,2012.0,305.0,3.4348,22.2682,0.0,49.0253,5.0039,-3.4169,0.5516,1.3699000000000001,2012.0,305.0,7.7693266666666645,25.510926666666663,1.2329,64.56612666666666,10.353793333333334,0.8222533333333334,4.886053333333333,4.008093333333334,2012.0,719.38,674.46,4394.91,4879.62,4159.53,589.48,2.08
