,DOY,INSgdmax,RADmax,RAINmax,RHmax,TMAXmax,TMINmax,Tmax,WINDmax,YEAR,DOY,INSgdmin,RADmin,RAINmin,RHmin,TMAXmin,TMINmin,Tmin,WINDmin,YEAR,DOY,INSgdmean,RADmean,RAINmean,RHmean,TMAXmean,TMINmean,Tmean,WINDmean,YEAR,NDVI,EVI,RED,NIR,BLUE,MIR,pixrel
0,113.0,25.88,31.79,16.88,81.49,28.38,15.04,19.61,9.99,2012.0,113.0,2.95,23.0,0.0,51.72,9.39,0.65,6.18,2.94,2012.0,113.0,16.706000000000003,27.351333333333336,4.914666666666666,63.63666666666668,17.94,5.988666666666665,11.8,6.206000000000001,2012.0,2629.58,1039.35,420.38,1207.95,189.93,707.22,38.49
1,129.0,28.69,33.34,24.1,84.28,28.13,17.25,21.87,7.59,2012.0,129.0,5.94,22.97,0.0,38.38,15.44,6.62,12.01,1.75,2012.0,129.0,22.058000000000003,28.564666666666664,5.760000000000002,62.50733333333332,24.038,11.569333333333335,17.71466666666667,5.058666666666667,2012.0,3745.96,1639.62,269.83,1457.25,81.29,497.83,51.12
2,145.0,28.12,33.8,35.35,83.11,30.85,21.43,25.05,10.07,2012.0,145.0,6.66,25.88,0.0,45.18,14.87,7.85,11.74,2.08,2012.0,145.0,21.586000000000002,30.06733333333333,5.106666666666667,60.07333333333334,25.802666666666664,13.214666666666664,19.395333333333333,6.273333333333335,2012.0,4498.14,2476.98,58.72,1815.07,-67.33,268.34,61.27
3,161.0,29.16,35.5,24.24,89.13,32.01,21.09,26.17,8.15,2012.0,161.0,13.36,26.17,0.0,35.1,23.98,11.42,17.75,2.62,2012.0,161.0,23.375333333333337,31.387333333333334,3.4186666666666663,56.628,28.38133333333333,16.124666666666663,22.19666666666667,4.9846666666666675,2012.0,5130.39,2957.9,168.5,2009.91,54.47,330.83,35.84
4,177.0,29.09,36.14,16.09,75.63,38.45,24.33,29.5,7.7,2012.0,177.0,8.57,28.01,0.0,42.54,26.29,14.38,20.3,1.76,2012.0,177.0,23.818,33.21933333333334,1.7233333333333332,58.16333333333333,31.63,19.845333333333333,25.765333333333327,4.851333333333334,2012.0,5073.09,2928.85,59.04,1985.82,-40.44,225.82,51.05
5,193.0,28.01,37.22,5.76,70.32,38.95,27.0,32.13,5.78,2012.0,193.0,13.5,30.06,0.0,36.02,29.42,18.73,25.61,2.05,2012.0,193.0,24.221999999999994,34.190666666666665,1.068,49.720666666666666,34.574,22.628666666666664,28.50333333333333,3.694,2012.0,5055.72,2889.65,49.47,1978.57,-52.26,254.3,56.17
6,209.0,27.0,38.2,7.27,73.59,40.82,25.42,31.55,6.92,2012.0,209.0,11.3,31.03,0.0,38.0,25.52,18.11,22.41,2.18,2012.0,209.0,21.588666666666665,34.90866666666667,2.0300000000000002,51.02,34.971999999999994,21.667999999999996,27.936,3.8853333333333335,2012.0,5009.71,2802.32,28.76,1925.52,-77.16,239.69,58.67
7,225.0,27.22,35.03,7.73,67.62,36.6,21.01,28.53,7.23,2012.0,225.0,6.16,24.84,0.0,33.01,21.49,10.88,18.11,1.79,2012.0,225.0,20.915714285714284,30.76,1.2613333333333334,47.53466666666666,28.812666666666665,15.560666666666666,22.030666666666672,3.866000000000001,2012.0,4885.26,2476.61,20.96,1730.47,-87.08,189.43,61.27
8,241.0,24.52,35.1,5.14,86.83,38.26,22.48,29.53,7.24,2012.0,241.0,5.8,26.78,0.0,30.93,24.57,13.39,21.71,2.04,2012.0,241.0,18.360666666666667,32.726000000000006,1.122,50.60333333333333,32.70666666666667,18.914,25.584666666666667,4.253333333333333,2012.0,4269.42,1833.16,32.34,1391.42,-91.82,228.64,66.31
9,257.0,21.42,32.72,4.27,63.28,34.95,15.63,24.5,8.74,2012.0,257.0,3.96,25.42,0.0,32.42,18.47,5.46,11.95,2.45,2012.0,257.0,17.858666666666668,28.092,0.8326666666666666,44.69133333333333,25.74666666666667,11.470666666666668,18.199333333333332,5.2446666666666655,2012.0,3656.39,1303.59,74.69,1193.9,-103.7,251.78,68.85
10,273.0,19.37,27.54,4.33,53.48,28.9,11.54,18.79,7.92,2012.0,273.0,6.62,21.17,0.0,30.62,8.86,-0.79,3.44,1.3,2012.0,273.0,15.51666666666667,24.774666666666672,0.7740000000000002,41.08133333333333,21.254,6.504,13.342,3.9306666666666668,2012.0,2459.37,670.72,184.5,976.61,-34.6,420.06,71.4
11,289.0,14.47,31.93,16.24,91.03,23.08,11.68,15.06,7.48,2012.0,289.0,5.36,22.72,0.0,34.79,9.54,-1.59,5.75,2.98,2012.0,289.0,9.270666666666665,27.254,3.147999999999999,63.507333333333335,16.238666666666663,5.213333333333333,10.204666666666666,5.272666666666667,2012.0,2756.72,1140.21,631.0,1461.26,376.28,856.35,33.64
12,305.0,12.31,31.28,13.15,88.38,18.07,10.28,14.27,8.29,2012.0,305.0,3.35,20.34,0.0,45.0,5.78,-3.69,0.97,1.28,2012.0,305.0,7.399333333333334,25.228666666666673,1.3840000000000003,63.47133333333332,10.397333333333334,0.4579999999999999,4.735333333333332,3.9826666666666664,2012.0,2653.0,523.0,116.18,781.13,-60.95,288.22,69.26
