,DOY,INSgdmax,RADmax,RAINmax,RHmax,TMAXmax,TMINmax,Tmax,WINDmax,YEAR,DOY,INSgdmin,RADmin,RAINmin,RHmin,TMAXmin,TMINmin,Tmin,WINDmin,YEAR,DOY,INSgdmean,RADmean,RAINmean,RHmean,TMAXmean,TMINmean,Tmean,WINDmean,YEAR,NDVI,EVI,RED,NIR,BLUE,MIR,pixrel
0,113.0,25.45,31.46,19.14,76.85,29.86,13.5,21.17,9.98,2012.0,113.0,4.86,23.33,0.0,44.23,8.89,0.77,6.77,2.43,2012.0,113.0,17.925333333333334,27.829333333333334,3.6399999999999992,56.668666666666674,19.668000000000003,6.2219999999999995,12.660666666666666,6.3533333333333335,2012.0,2289.11,971.16,821.56,1325.96,455.89,1710.87,0.49
1,129.0,28.48,32.98,20.82,82.23,29.68,17.05,22.32,8.11,2012.0,129.0,7.13,23.62,0.0,31.24,15.87,6.54,11.99,2.81,2012.0,129.0,21.674,28.52466666666667,3.532666666666667,57.318666666666665,24.438666666666663,11.804,18.034666666666666,5.22,2012.0,3090.93,1310.56,697.49,1371.87,386.79,1596.29,0.13
2,145.0,27.65,34.24,25.11,87.94,32.26,20.61,24.41,9.91,2012.0,145.0,9.11,27.04,0.0,40.44,16.98,6.74,12.06,2.19,2012.0,145.0,20.672000000000004,30.227333333333334,5.2266666666666675,60.53466666666668,24.883333333333336,13.374666666666666,18.854666666666667,6.404666666666667,2012.0,5163.48,2780.49,589.63,2101.23,319.17,1284.52,0.26
3,161.0,29.09,33.84,21.15,72.78,31.4,18.89,25.39,7.89,2012.0,161.0,7.56,26.6,0.0,41.37,24.63,10.53,17.36,3.66,2012.0,161.0,23.368,31.055333333333337,1.6960000000000002,57.417333333333325,28.053999999999995,16.034666666666666,22.094666666666672,5.284000000000001,2012.0,7528.86,5616.63,472.91,3901.83,250.41,890.66,0.48
4,177.0,29.66,36.11,11.56,77.78,38.67,23.81,30.43,7.99,2012.0,177.0,10.22,27.36,0.0,48.99,25.84,12.9,20.08,2.53,2012.0,177.0,23.62666666666667,33.43066666666667,2.0260000000000002,58.76533333333334,31.736666666666665,19.83133333333333,25.712,5.114666666666668,2012.0,7423.04,5348.14,527.61,3784.05,261.19,814.24,0.04
5,193.0,28.08,37.91,4.87,70.55,40.36,26.62,32.58,6.68,2012.0,193.0,14.29,30.17,0.0,36.44,31.05,18.62,25.53,2.31,2012.0,193.0,24.66733333333333,34.20466666666667,0.5486666666666667,46.476000000000006,35.25333333333333,22.58,28.721999999999998,4.137333333333333,2012.0,6968.72,4930.51,610.53,3552.25,301.06,739.94,0.07
6,209.0,26.68,39.06,6.14,54.61,41.34,27.29,34.02,6.31,2012.0,209.0,11.84,32.0,0.0,32.65,30.33,17.56,24.34,2.52,2012.0,209.0,21.9,35.289333333333346,1.7406666666666668,42.970666666666666,36.87666666666666,23.008000000000003,29.489333333333335,4.401333333333332,2012.0,5783.64,4045.0,887.36,3331.0,438.08,1050.99,0.01
7,225.0,27.36,35.03,6.21,81.12,38.25,22.03,29.55,7.21,2012.0,225.0,9.83,25.34,0.0,30.85,21.05,10.47,16.71,1.85,2012.0,225.0,21.20866666666667,30.556666666666665,1.6439999999999997,47.75066666666668,29.393999999999995,15.472000000000001,22.198666666666668,4.1433333333333335,2012.0,4598.55,3093.86,1090.12,2977.97,542.83,1495.45,0.03
8,241.0,24.7,34.31,11.03,84.5,41.09,22.84,30.61,7.24,2012.0,241.0,5.9,27.58,0.0,29.72,22.39,13.41,21.1,2.14,2012.0,241.0,20.182,32.67133333333333,1.5500000000000003,45.227333333333334,34.20066666666666,18.726000000000003,26.218000000000004,4.61,2012.0,2841.8,1812.02,1383.59,2495.0,740.46,1801.0,0.14
9,257.0,21.64,31.64,6.02,46.9,36.76,19.02,27.07,8.46,2012.0,257.0,3.49,25.42,0.0,25.75,19.68,5.63,13.01,2.94,2012.0,257.0,18.201999999999998,28.00066666666667,0.7206666666666667,36.61666666666667,26.915333333333333,11.870666666666667,19.003333333333334,5.292666666666666,2012.0,2297.25,1371.25,1396.99,2246.73,711.97,1823.01,0.08
10,273.0,18.79,27.07,4.78,55.03,28.84,13.11,19.57,8.51,2012.0,273.0,10.51,21.06,0.0,23.82,9.62,-1.98,3.24,1.21,2012.0,273.0,16.519333333333336,24.305999999999997,0.4126666666666667,34.974000000000004,21.822000000000003,6.8740000000000006,13.625333333333336,4.032666666666666,2012.0,2117.01,1240.72,1371.72,2117.65,733.36,1741.19,0.11
11,289.0,14.72,31.28,4.87,88.14,24.17,9.74,15.69,9.81,2012.0,289.0,4.54,22.21,0.0,32.86,7.99,-1.08,5.75,3.21,2012.0,289.0,10.157333333333332,26.960666666666665,1.3079999999999998,56.834666666666664,16.70866666666667,5.1306666666666665,10.351333333333335,6.000666666666666,2012.0,1875.66,1098.53,1350.83,1975.87,752.26,1708.28,1.49
12,305.0,11.7,29.63,5.86,87.62,14.2,7.83,11.05,8.18,2012.0,305.0,3.13,21.53,0.0,49.79,3.75,-3.56,-0.04,1.55,2012.0,305.0,7.774666666666667,25.04333333333333,0.6753333333333333,66.50666666666667,9.609333333333332,0.44933333333333336,4.294666666666668,4.170000000000001,2012.0,-192.28,-297.2,8123.31,7810.97,8214.86,468.74,2.19
