,DOY,INSgdmax,RADmax,RAINmax,RHmax,TMAXmax,TMINmax,Tmax,WINDmax,YEAR,DOY,INSgdmin,RADmin,RAINmin,RHmin,TMAXmin,TMINmin,Tmin,WINDmin,YEAR,DOY,INSgdmean,RADmean,RAINmean,RHmean,TMAXmean,TMINmean,Tmean,WINDmean,YEAR,NDVI,EVI,RED,NIR,BLUE,MIR,pixrel
0,113.0,25.553099999999997,31.622200000000003,20.004499999999997,79.70609999999999,29.3002,14.0929,20.738999999999997,9.618599999999999,2011.9999999999998,113.0,2.8939,22.795,0.0,49.8757,9.6974,0.5858000000000001,6.6218,2.4231,2011.9999999999998,113.0,17.174780000000002,27.49217333333333,5.071039999999999,59.82323333333333,19.126526666666663,6.356786666666666,12.5039,6.33312,2011.9999999999998,3269.11,1674.66,990.58,1938.61,502.6,1933.06,0.12
1,129.0,28.5623,33.216,26.885900000000003,83.14339999999999,29.2843,17.4977,22.201299999999996,7.886999999999999,2011.9999999999998,129.0,5.0464,23.3719,0.0,34.10680000000001,15.890600000000001,7.1270999999999995,12.1707,2.2087,2011.9999999999998,129.0,21.71252666666667,28.781200000000005,6.033173333333332,59.50760666666666,24.584386666666664,11.938093333333336,18.114373333333333,5.18214,2011.9999999999998,4726.66,2652.85,836.84,2329.89,437.46,1696.4,0.19
2,145.0,28.356699999999996,34.3579,26.3871,86.18860000000001,31.646900000000002,20.8775,24.7616,9.4874,2011.9999999999998,145.0,8.9896,26.6836,0.0,40.521300000000004,15.9897,7.452800000000001,12.1442,2.0311,2011.9999999999998,145.0,21.48202666666667,30.26963333333333,4.18562,59.87316,25.645633333333336,13.477606666666667,19.355613333333334,6.264766666666666,2011.9999999999998,6551.2,4116.25,601.11,2932.45,319.97,1234.74,0.1
3,161.00000000000003,29.154200000000003,34.2932,20.4923,88.7409,32.2057,20.668599999999998,25.8037,8.1385,2011.9999999999998,161.00000000000003,9.8968,26.6131,0.0,34.7655,23.8831,11.109799999999998,17.8689,2.6597,2011.9999999999998,161.00000000000003,23.323333333333334,31.485313333333334,2.6969600000000007,57.405586666666665,28.369173333333336,16.467086666666667,22.363126666666666,5.173926666666667,2011.9999999999998,7230.66,4820.4,513.95,3280.44,275.08,1092.13,0.02
4,177.0,29.403799999999997,35.8907,14.806999999999999,76.1013,39.0141,23.759000000000004,30.849300000000003,7.9567,2011.9999999999998,177.0,6.9512,27.7596,0.0,45.4858,27.026999999999997,13.5042,20.259500000000003,2.1234,2011.9999999999998,177.0,23.29266666666667,33.5341,2.8425133333333337,58.772086666666674,31.882493333333333,20.080393333333326,25.958400000000005,5.047573333333334,2011.9999999999998,7596.34,5120.24,457.66,3393.33,245.41,943.74,0.03
5,192.99999999999997,28.0721,37.99600000000001,4.103899999999999,66.0742,39.473600000000005,26.9575,32.351,6.294499999999999,2011.9999999999998,192.99999999999997,13.0925,30.157300000000003,0.0,38.09329999999999,30.814600000000002,18.8339,25.732599999999998,2.0603,2011.9999999999998,192.99999999999997,24.031259999999996,34.27798666666667,0.7859999999999999,48.283060000000006,34.95942666666667,22.658166666666673,28.650526666666668,3.9322066666666666,2011.9999999999998,7657.49,5451.4,483.72,3692.51,255.52,919.76,0.11
6,209.0,26.841900000000003,38.7081,7.4824,61.576299999999996,41.2884,27.175,33.172000000000004,6.6883,2011.9999999999998,209.0,10.654700000000002,31.7953,0.0,34.7485,27.615699999999997,18.1426,23.441599999999998,2.2373000000000003,2011.9999999999998,209.0,22.106886666666664,35.091993333333335,2.0661799999999997,46.09214666666666,36.192460000000004,22.454526666666666,28.894586666666658,4.156313333333333,2011.9999999999998,7329.03,4943.63,509.56,3366.85,268.32,922.57,0.0
7,225.0,27.323000000000004,35.3912,8.764,75.87080000000002,37.1749,22.1882,29.353,7.367,2011.9999999999998,225.0,7.216200000000001,24.7794,0.0,32.5339,22.2613,10.570799999999998,17.5306,1.8549000000000002,2011.9999999999998,225.0,20.892944761904765,30.753713333333334,1.8417666666666668,47.512980000000006,29.160106666666668,15.568240000000001,22.210126666666664,4.07804,2011.9999999999998,6751.64,4078.27,549.01,2850.01,274.94,894.18,0.0
8,241.0,24.6616,34.73480000000001,8.634,83.76620000000001,39.89829999999999,22.079499999999996,29.981199999999994,7.146599999999999,2011.9999999999998,241.0,4.9548000000000005,27.3523,0.0,31.5595,23.4368,13.6328,21.579299999999996,2.3032000000000004,2011.9999999999998,241.0,19.450280000000003,32.611360000000005,1.1016066666666666,48.68569999999999,33.38374,18.821233333333332,25.825293333333327,4.457206666666668,2011.9999999999998,5822.62,3326.85,686.54,2540.88,356.09,1232.0,0.06
9,257.0,21.570200000000003,32.4334,5.7341,57.026,35.7291,17.2933,25.636499999999998,8.7359,2011.9999999999998,257.0,4.5881,24.767,0.0,28.667099999999998,19.575099999999996,5.7037,12.6213,2.8506,2011.9999999999998,257.0,18.170566666666666,27.92927333333332,0.9397999999999999,41.160846666666664,26.36550666666667,11.798586666666667,18.64257333333333,5.382653333333334,2011.9999999999998,4771.87,2495.45,802.59,2236.45,362.02,1394.21,0.0
10,273.0,19.3582,27.470799999999997,4.9879999999999995,53.27119999999999,29.269800000000004,12.387599999999999,19.4226,8.1334,2011.9999999999998,273.0,7.3504000000000005,21.692500000000003,0.0,29.974500000000003,9.2411,-1.3256000000000001,3.3986,1.3755,2011.9999999999998,273.0,16.008426666666665,24.538246666666666,0.5702133333333333,37.794873333333335,21.677199999999996,6.784066666666667,13.575173333333332,3.915333333333333,2011.9999999999998,3689.91,1962.78,967.89,2089.32,494.69,1612.71,0.06
11,289.0,14.761,31.626899999999996,12.0993,89.706,24.290499999999998,10.2334,15.888399999999999,8.5777,2011.9999999999998,289.0,5.3881000000000006,22.419800000000002,0.0,33.695,7.853300000000001,-1.1660000000000001,6.075800000000001,2.9247,2011.9999999999998,289.0,10.143046666666663,27.247226666666666,2.0978533333333336,59.993073333333335,16.65632,5.246593333333333,10.461279999999999,5.706986666666666,2011.9999999999998,3316.35,1673.11,1015.94,1946.18,567.17,1521.15,0.92
12,305.0,11.8064,30.909,11.248900000000003,86.6112,15.4852,8.8948,12.2774,8.1324,2011.9999999999998,305.0,3.2695,22.0265,0.0,49.2617,4.6218,-3.5773,0.35919999999999996,1.3235000000000001,2011.9999999999998,305.0,7.584519999999999,25.45534,1.2088,64.79961999999999,10.154266666666668,0.7311533333333333,4.744093333333334,4.038073333333334,2011.9999999999998,3201.79,1435.55,1045.6,1822.81,679.43,1244.44,1.09
