,DOY,INSgdmax,RADmax,RAINmax,RHmax,TMAXmax,TMINmax,Tmax,WINDmax,YEAR,DOY,INSgdmin,RADmin,RAINmin,RHmin,TMAXmin,TMINmin,Tmin,WINDmin,YEAR,DOY,INSgdmean,RADmean,RAINmean,RHmean,TMAXmean,TMINmean,Tmean,WINDmean,YEAR,NDVI,EVI,RED,NIR,BLUE,MIR,pixrel
0,113.0,25.879400000000004,31.2088,33.4676,85.5858,30.893,14.082800000000002,22.3868,11.198599999999999,2012.0,113.0,5.9642,23.098,0.0,52.4016,12.435199999999998,2.9133999999999998,8.9312,2.8036000000000003,2012.0,113.0,19.38153333333333,27.77269333333333,4.789960000000001,62.08597333333333,21.02966666666667,8.046786666666668,14.51288,6.0454,2012.0,5385.74,3541.68,888.13,2974.19,464.82,1840.84,0.01
1,129.0,27.964399999999998,34.3112,27.080600000000004,90.976,29.7724,19.8896,23.2036,6.6701999999999995,2012.0,129.0,13.843399999999999,25.583799999999997,0.0,47.196799999999996,21.261000000000003,7.3233999999999995,14.5794,2.5252,2012.0,129.0,23.897720000000003,29.51430666666667,5.4635333333333325,67.72478666666667,25.09569333333333,13.667813333333337,19.196586666666665,4.592373333333334,2012.0,5886.62,4026.09,823.53,3205.4,433.13,1834.3,0.04
2,145.0,29.1888,35.0308,7.138199999999999,89.2346,31.0036,20.5502,25.550600000000003,9.1072,2012.0,145.0,10.138,26.500799999999998,0.0,44.3414,17.869600000000002,9.9718,14.0856,2.3018,2012.0,145.0,23.385599999999997,30.52364,1.3325466666666665,59.604293333333345,26.75489333333333,14.960226666666667,20.850413333333336,6.047226666666666,2012.0,5984.56,3993.4,780.52,3108.96,417.46,1630.16,0.06
3,161.0,29.5838,35.1118,19.400600000000004,82.72720000000001,32.8652,21.336799999999997,25.765,7.300400000000001,2012.0,161.0,12.436599999999999,28.028600000000004,0.0,34.1606,25.506,11.528599999999999,19.583599999999997,2.2657999999999996,2012.0,161.0,25.13697333333333,31.696026666666665,3.257786666666666,55.02103999999999,29.713453333333337,17.458946666666666,23.54325333333333,4.618213333333334,2012.0,6130.45,4415.51,850.13,3516.11,457.14,1730.98,0.18
4,177.0,29.653799999999997,36.492999999999995,15.641200000000001,73.612,41.312799999999996,26.2238,32.286,9.135200000000001,2012.0,177.0,12.266000000000002,30.0844,0.0,44.6108,28.9056,16.1426,22.135600000000004,2.2788,2012.0,177.0,25.928880000000007,34.472906666666674,2.237506666666667,59.89385333333334,33.31854666666666,21.95818666666667,27.46788,5.28856,2012.0,7133.28,5015.17,584.2,3508.9,324.25,1177.47,1.0
5,193.0,28.3124,37.5392,1.2753999999999999,60.3316,42.66459999999999,27.1514,33.7876,5.5832,2012.0,193.0,17.0106,31.5068,0.0,34.962199999999996,32.498400000000004,20.445999999999998,27.2458,1.8974000000000002,2012.0,193.0,26.076600000000003,34.86065333333334,0.14765333333333336,44.76892,37.19002666666667,23.795826666666667,30.147706666666668,3.8169733333333338,2012.0,6895.83,4728.16,609.29,3352.67,332.42,1219.11,0.0
6,209.0,27.4298,38.1774,8.8276,55.2984,43.495599999999996,29.1114,35.7108,6.717400000000001,2012.0,209.0,17.2462,31.2562,0.0,27.8512,33.611399999999996,20.108400000000003,27.2198,2.4898,2012.0,209.0,25.23784,35.46872,1.5090666666666666,36.83772000000001,39.70196,24.299706666666665,31.761346666666668,4.094213333333332,2012.0,6420.72,4531.71,734.63,3429.69,395.87,1407.82,0.0
7,225.0,27.278,36.940599999999996,10.1388,57.83540000000001,41.638999999999996,24.4298,32.227199999999996,6.53,2012.0,225.0,9.804000000000002,26.275,0.0,26.6094,28.7172,12.139,20.702199999999998,1.9146,2012.0,225.0,22.165,31.515519999999995,2.3116266666666667,39.84215999999999,33.035799999999995,17.52273333333333,25.02581333333334,4.0060400000000005,2012.0,6654.88,4237.67,596.61,2987.06,328.37,1198.1,0.14
8,241.0,24.5668,36.6626,16.357999999999997,87.06020000000001,37.5916,24.613599999999998,29.004999999999995,6.4266,2012.0,241.0,5.872,29.875,0.0,27.8176,25.578000000000003,16.2526,23.142000000000003,2.218,2012.0,241.0,19.53152,33.38264,3.22452,52.81066666666666,33.71146666666667,20.382146666666664,26.778466666666667,4.094666666666667,2012.0,6316.67,3770.39,605.32,2698.61,327.42,1194.98,0.66
9,257.0,22.285,33.44500000000001,8.283999999999999,82.606,34.054,16.9508,24.6736,7.292,2012.0,257.0,5.707599999999999,24.6248,0.0,32.650400000000005,16.9938,6.8776,13.4284,2.9341999999999997,2012.0,257.0,17.1486,28.50428,1.3142533333333335,51.366173333333336,26.8076,12.172853333333332,19.15725333333333,4.66208,2012.0,5467.88,3222.03,763.43,2582.96,398.34,1373.84,0.0
10,273.0,20.154400000000003,29.672599999999996,15.584200000000003,56.462399999999995,29.4516,13.943999999999999,20.5328,6.084,2012.0,273.0,5.7748,22.453599999999998,0.0,36.032799999999995,9.3982,0.6022,4.6766,1.3337999999999999,2012.0,273.0,15.875813333333337,26.298520000000003,2.3189866666666665,44.08029333333333,22.395893333333333,8.907586666666667,15.186386666666667,3.247866666666667,2012.0,4290.45,2540.36,1052.08,2557.57,524.04,1769.28,0.01
11,289.0,16.403,33.463,16.7338,94.62020000000001,26.220200000000006,18.0214,20.3552,10.2552,2012.0,289.0,4.8956,22.105,0.0,35.7142,10.059,0.7558,7.7316,2.6932,2012.0,289.0,11.502680000000002,27.756346666666666,3.5572,60.75586666666666,19.046706666666665,7.56996,12.817720000000001,5.654653333333333,2012.0,4001.39,2282.74,1012.43,2329.68,521.59,1743.79,0.09
12,305.0,13.2976,32.796,5.32,91.951,23.5502,15.6576,19.024,7.5207999999999995,2012.0,305.0,4.0756,21.715600000000002,0.0,49.979800000000004,7.0988,-2.4295999999999998,2.2062,1.4032,2012.0,305.0,9.844679999999999,25.369680000000002,0.8294533333333334,64.65630666666667,12.938213333333332,2.2549199999999994,6.796853333333333,3.765746666666667,2012.0,4068.92,2147.55,877.67,2073.5,451.26,1716.61,0.02
