,DOY,INSgdmax,RADmax,RAINmax,RHmax,TMAXmax,TMINmax,Tmax,WINDmax,YEAR,DOY,INSgdmin,RADmin,RAINmin,RHmin,TMAXmin,TMINmin,Tmin,WINDmin,YEAR,DOY,INSgdmean,RADmean,RAINmean,RHmean,TMAXmean,TMINmean,Tmean,WINDmean,YEAR,NDVI,EVI,RED,NIR,BLUE,MIR,pixrel
0,113.0,25.2606,32.1653,21.633699999999997,85.7856,27.811400000000003,16.973599999999998,20.9749,10.2467,2012.0,113.0,5.1916,24.5841,0.0,47.7621,15.2695,3.8628000000000005,10.2458,2.0138,2012.0,113.0,17.138013333333333,28.282193333333332,3.80218,65.62364,20.4975,8.586606666666665,14.461853333333334,5.54826,2012.0,5548.24,2124.84,411.18,1453.49,232.02,753.89,0.0
1,129.0,28.769,33.7174,26.1661,87.5156,28.480499999999996,19.72,23.2147,6.2312,2012.0,129.0,11.108,24.8799,0.0,43.784000000000006,21.1162,8.1495,14.854900000000002,1.9078,2012.0,129.0,21.478953333333333,30.038886666666667,4.37234,70.04379333333334,25.162646666666674,14.372353333333335,19.663646666666672,4.162,2012.0,6345.06,2896.28,417.81,1885.89,245.81,742.82,0.0
2,145.0,29.493299999999998,35.071600000000004,5.4568,80.8893,32.9163,21.6812,26.857999999999997,8.0479,2012.0,145.0,6.463799999999999,24.3489,0.0,43.3967,16.244,9.7868,13.535,2.3798000000000004,2012.0,145.0,24.795706666666668,30.19464,1.1145666666666665,57.826246666666655,27.729186666666667,15.198966666666665,21.439353333333333,5.307413333333333,2012.0,7378.5,3970.35,354.81,2419.37,226.94,622.86,0.05
3,161.0,30.131700000000002,34.905,21.5844,76.23859999999999,34.7334,21.210500000000003,26.720899999999997,6.7066,2012.0,161.0,16.990699999999997,26.6256,0.0,38.463899999999995,23.7552,10.581400000000002,17.222,1.5125,2012.0,161.0,25.658419999999996,31.09316666666666,2.5378199999999995,51.87521333333333,30.440046666666667,17.006786666666663,23.536646666666662,4.2278199999999995,2012.0,7897.85,4263.21,262.18,2463.39,174.09,478.09,0.0
4,177.0,29.3152,37.53,9.1742,68.14880000000001,41.5811,26.278999999999996,31.7897,8.532,2012.0,177.0,13.240200000000002,29.426700000000004,0.0,35.9934,31.6264,14.926300000000001,24.5231,2.102,2012.0,177.0,26.550573333333332,34.163286666666664,1.411266666666667,53.563359999999996,34.91338666666667,21.99026,28.10452666666667,4.797066666666666,2012.0,7935.31,4665.28,299.83,2774.94,200.53,553.06,0.0
5,193.00000000000003,28.140099999999997,38.0368,4.385999999999999,57.5529,43.6206,29.1302,35.86,4.8572,2012.0,193.00000000000003,9.9976,32.6988,0.0,34.7826,32.726,21.8374,28.2848,1.3333000000000002,2012.0,193.00000000000003,25.592446666666667,35.702106666666666,0.39518,44.792633333333335,37.95193333333333,24.83700666666667,31.11238,3.24676,2012.0,7979.13,4422.19,267.69,2586.77,177.03,502.67,0.0
6,209.0,26.8129,38.210300000000004,6.277099999999999,65.4773,44.126599999999996,29.0107,35.4473,5.899900000000001,2012.0,209.0,12.3487,32.6042,0.0,29.1706,32.1336,20.6786,26.7516,2.0982999999999996,2012.0,209.0,22.400660000000002,35.56183999999999,2.06168,43.97560666666667,37.79794666666667,24.214640000000003,30.63195333333333,3.8454200000000007,2012.0,8157.04,4258.16,242.44,2442.78,152.19,443.71,0.79
7,225.0,27.153100000000002,35.939499999999995,9.2821,81.30309999999999,39.4102,22.749499999999998,30.116699999999994,5.8323,2012.0,225.0,7.8919,26.2485,0.0,37.836800000000004,24.409499999999998,12.7057,20.625400000000003,1.6955999999999998,2012.0,225.0,21.03484,31.346233333333338,2.1044266666666664,55.00171333333334,29.997820000000004,17.228293333333337,23.444666666666663,3.44618,2012.0,7563.26,4086.71,318.39,2441.39,208.21,530.31,0.02
8,241.0,24.707700000000003,37.1021,11.3042,94.94290000000001,37.4424,23.3104,29.0903,6.575099999999999,2012.0,241.0,6.3221,28.501000000000005,0.0,30.459000000000003,25.225600000000004,15.674300000000002,23.2223,1.5756000000000001,2012.0,241.0,19.215633333333336,33.58756666666667,2.07242,61.38326666666667,32.489720000000005,20.400206666666662,26.144613333333332,3.782533333333333,2012.0,7350.12,3484.39,282.35,2023.76,193.22,455.01,0.22
9,257.0,22.119999999999997,32.3652,8.006,86.72229999999999,30.9312,17.1545,23.937000000000005,6.461499999999999,2012.0,257.0,3.6904,24.8759,0.0,40.518699999999995,19.9866,6.9533000000000005,13.8758,1.8692999999999997,2012.0,257.0,18.10208,28.384400000000003,1.0696933333333334,59.53670666666666,25.81048666666667,12.189426666666666,18.845000000000002,3.980266666666666,2012.0,6672.77,2986.98,365.19,1863.97,222.97,528.75,0.0
10,273.0,20.235500000000002,31.303999999999995,26.2453,74.2523,27.557899999999997,14.422899999999998,19.8151,5.469600000000001,2012.0,273.0,4.6825,22.095000000000002,0.0,43.8078,10.7894,0.5145,5.445599999999999,1.7093000000000003,2012.0,273.0,15.316473333333334,26.9955,4.945946666666666,53.75070000000001,21.97818,9.064779999999999,15.114353333333332,3.2541200000000003,2012.0,5474.74,2437.45,473.02,1692.78,293.41,570.05,0.0
11,289.0,16.5663,34.3738,30.035999999999994,94.8828,25.953,17.9015,20.137,8.023800000000001,2012.0,289.0,4.4652,21.539900000000003,0.0,42.3438,10.218499999999999,0.6901,7.623500000000002,2.7706,2012.0,289.0,11.243226666666665,27.63059333333334,4.513746666666666,67.80836000000002,18.974333333333334,6.898579999999999,12.476186666666665,5.50766,2012.0,6200.75,2026.12,293.08,1249.72,170.52,433.23,0.0
12,305.0,13.261,32.540800000000004,2.6883000000000004,89.0018,26.4118,18.075300000000002,21.813899999999997,8.1363,2012.0,305.0,3.2506000000000004,20.522100000000002,0.0,49.46369999999999,7.4624999999999995,-1.8996,3.0536,1.4551,2012.0,305.0,9.756746666666666,24.911220000000004,0.31897999999999993,67.50786,12.982946666666665,2.281926666666667,7.131466666666666,4.257446666666667,2012.0,6254.46,2464.51,367.82,1600.3,189.96,540.69,0.99
