,DOY,INSgdmax,RADmax,RAINmax,RHmax,TMAXmax,TMINmax,Tmax,WINDmax,YEAR,DOY,INSgdmin,RADmin,RAINmin,RHmin,TMAXmin,TMINmin,Tmin,WINDmin,YEAR,DOY,INSgdmean,RADmean,RAINmean,RHmean,TMAXmean,TMINmean,Tmean,WINDmean,YEAR,NDVI,EVI,RED,NIR,BLUE,MIR,pixrel
0,113.0,25.529400000000003,30.990099999999998,21.8087,78.1157,31.797,14.641100000000002,22.4974,10.4503,2012.0,113.0,3.8003,22.9813,0.0,43.2649,14.332600000000001,2.0555,9.0402,2.3674999999999997,2012.0,113.0,19.286466666666666,27.78718,4.370233333333333,56.50276666666667,21.324393333333333,7.316786666666667,14.136866666666666,6.11262,2012.0,4447.36,2855.28,1004.16,2668.56,547.5,1733.71,0.08
1,129.0,28.5465,34.157700000000006,22.527299999999997,85.4746,30.4321,18.746000000000002,23.566499999999998,7.4576,2012.0,129.0,16.1139,24.7571,0.0,35.6881,20.090400000000002,6.8369,13.9714,2.2345999999999995,2012.0,129.0,23.751093333333337,29.19618,4.390246666666666,58.403166666666664,25.698653333333333,12.667546666666668,19.056766666666668,4.870233333333333,2012.0,4283.33,3016.62,1230.7,3087.94,658.82,2350.32,0.26
2,145.0,29.226100000000002,34.330999999999996,17.621399999999998,89.14099999999999,32.5363,21.233199999999997,25.3181,9.4861,2012.0,145.0,8.768799999999999,25.933999999999997,0.0,39.9315,17.7817,8.8611,12.9972,2.7578,2012.0,145.0,21.96248,30.654379999999996,4.418493333333333,58.04433333333334,26.486373333333333,14.310413333333333,20.205573333333334,6.393733333333333,2012.0,4982.77,3237.6,937.74,2833.7,519.41,1675.6,0.15
3,161.0,29.2367,34.8275,22.7938,79.0752,33.6263,20.892699999999998,26.3024,7.999899999999999,2012.0,161.0,7.082,27.7244,0.0,36.084599999999995,25.855300000000003,11.940900000000001,19.8335,2.3415,2012.0,161.0,23.750586666666663,31.78331333333333,2.96122,53.38034666666667,30.066666666666666,17.246213333333333,23.62706,5.188526666666667,2012.0,6471.91,4640.89,707.71,3427.55,413.94,1253.08,0.12
4,177.0,29.7726,37.1301,15.405900000000003,77.4813,42.449,24.9981,33.061,9.349599999999999,2012.0,177.0,6.072699999999999,28.0535,0.0,40.168400000000005,27.9441,14.2194,21.6175,2.8821,2012.0,177.0,23.815646666666666,34.272459999999995,2.8816666666666664,59.556473333333344,33.580200000000005,21.130226666666665,27.096619999999998,5.491466666666668,2012.0,7008.0,5234.7,623.06,3727.83,366.89,1080.1,0.2
5,193.0,28.475200000000005,37.997,2.7936999999999994,59.543099999999995,42.7532,27.0295,34.128299999999996,6.5305,2012.0,193.0,20.4381,30.465200000000003,0.0,33.4668,32.5227,19.681900000000002,26.8317,1.7410999999999999,2012.0,193.0,26.24136,34.831466666666664,0.30045333333333335,41.99680666666667,37.43644666666667,23.69090666666667,30.33007333333333,4.12414,2012.0,6556.99,4623.84,671.29,3362.95,390.76,1061.81,0.02
6,209.0,27.0229,38.1557,12.5198,43.7194,44.1321,29.107300000000002,36.1751,6.7517,2012.0,209.0,12.0148,32.1913,0.0,25.7953,34.018100000000004,19.9056,26.8232,2.3424,2012.0,209.0,24.946493333333336,35.568326666666664,2.0433600000000003,35.445879999999995,39.59840666666667,24.50429333333333,31.79707333333333,4.564973333333333,2012.0,6277.35,4509.74,748.45,3417.13,436.44,1139.43,0.05
7,225.0,27.190800000000003,36.0444,7.2330000000000005,63.3596,40.63720000000001,24.7553,32.168499999999995,7.2005,2012.0,225.0,8.574100000000001,25.727199999999996,0.0,27.375099999999996,23.682900000000004,10.3191,18.2486,2.3884000000000003,2012.0,225.0,22.015306666666667,31.156933333333335,1.5019,40.728273333333334,32.36215333333334,16.992980000000003,24.473106666666666,4.357473333333333,2012.0,5736.53,3415.9,667.92,2559.27,378.52,1150.77,0.76
8,241.0,24.4837,35.8094,13.358699999999999,83.4604,41.771,22.7816,31.4357,6.8538,2012.0,241.0,5.5992999999999995,29.5127,0.0,25.4601,24.1487,14.8645,22.4773,2.6571,2012.0,241.0,19.782546666666665,33.33579999999999,1.48104,47.32423333333334,35.19912666666667,20.171273333333332,27.39745333333333,4.527053333333334,2012.0,5160.25,3191.95,831.31,2646.85,463.68,1463.21,0.38
9,257.0,22.0325,33.284,6.9362,63.888200000000005,36.854,19.006700000000002,27.278599999999997,8.316899999999999,2012.0,257.0,6.5014,25.1244,0.0,25.06,21.3113,6.700200000000001,14.4798,2.9822999999999995,2012.0,257.0,18.162279999999996,28.465120000000002,1.3048866666666668,39.81296666666667,27.946260000000002,12.589839999999999,19.897000000000002,5.26272,2012.0,4250.37,2525.5,996.78,2471.4,508.17,1673.16,0.05
10,273.0,19.330199999999998,28.249299999999998,8.5136,51.3862,30.1075,13.793,20.055500000000002,7.628299999999999,2012.0,273.0,11.5175,21.531200000000002,0.0,25.539299999999997,9.822700000000001,-0.8438000000000001,4.129099999999999,1.438,2012.0,273.0,16.65394761904762,25.215160000000004,1.0063733333333331,35.13059333333333,22.915606666666665,7.970140000000001,14.844733333333334,3.7088666666666663,2012.0,3622.62,2147.19,1131.03,2384.28,583.2,1602.7,0.24
11,289.0,15.657499999999999,32.095299999999995,11.434800000000001,88.75550000000001,25.716299999999997,12.5535,17.494600000000002,11.2476,2012.0,289.0,4.0717,22.3403,0.0,33.1537,9.563699999999999,0.6132,7.4818,3.0700000000000003,2012.0,289.0,11.001626666666667,27.35432,2.464253333333333,55.83054666666666,18.603879999999997,6.7164866666666665,12.067233333333334,5.871499999999999,2012.0,3189.68,1784.04,1093.95,2111.95,580.81,1738.04,0.11
12,305.0,12.6489,30.231199999999998,4.8971,87.7927,17.261000000000003,9.4063,12.7591,8.191600000000001,2012.0,305.0,3.9921999999999995,22.5673,0.0,52.5749,5.977200000000001,-2.8845,1.1233,1.4541,2012.0,305.0,8.849046666666666,25.272446666666667,0.7612466666666666,65.76844000000001,11.679053333333334,1.5035533333333335,5.757299999999999,4.013999999999999,2012.0,3147.67,1622.26,1003.58,1908.84,523.69,1837.91,0.09
