,DOY,INSgdmax,RADmax,RAINmax,RHmax,TMAXmax,TMINmax,Tmax,WINDmax,YEAR,DOY,INSgdmin,RADmin,RAINmin,RHmin,TMAXmin,TMINmin,Tmin,WINDmin,YEAR,DOY,INSgdmean,RADmean,RAINmean,RHmean,TMAXmean,TMINmean,Tmean,WINDmean,YEAR,NDVI,EVI,RED,NIR,BLUE,MIR,pixrel
0,113.0,25.7378,31.2334,20.6502,87.0948,27.737000000000002,15.904200000000001,19.873800000000003,10.847399999999999,2012.0,113.0,4.6128,24.3032,0.0,50.379,11.7422,1.5248,7.5898,2.5359999999999996,2012.0,113.0,17.84710666666667,27.528159999999993,5.22248,65.94371999999997,18.538693333333335,6.731813333333333,12.506546666666665,5.876506666666667,2012.0,5344.83,2373.2,564.19,1800.29,280.53,982.42,0.0
1,129.0,28.758599999999998,33.32299999999999,18.5474,89.54039999999998,28.5032,18.566200000000002,22.069200000000002,6.445,2012.0,129.0,16.6278,23.330599999999997,0.0,44.1604,18.8818,7.072,13.549600000000002,2.3850000000000002,2012.0,129.0,23.031266666666667,29.07382666666667,3.145573333333333,66.80453333333334,24.443013333333337,12.515666666666668,18.172066666666666,4.7812399999999995,2012.0,6262.13,3094.18,504.77,2131.31,264.2,844.58,0.02
2,145.0,29.017,34.486999999999995,32.1814,84.99300000000001,31.069000000000003,21.4424,25.846000000000004,8.7224,2012.0,145.0,8.2322,25.322999999999997,0.0,47.333200000000005,13.723800000000002,9.127799999999999,11.8114,2.8808000000000002,2012.0,145.0,21.885946666666666,29.997199999999996,3.668146666666666,61.12123999999999,26.00247999999999,13.4996,19.6942,6.067639999999999,2012.0,7585.14,4225.69,353.0,2601.38,195.91,627.35,0.15
3,161.0,29.9742,34.2064,16.9534,81.343,32.8296,19.909999999999997,26.383599999999998,7.256,2012.0,161.0,14.486799999999999,25.7608,0.0,36.2332,23.314799999999998,10.974599999999999,17.41,2.181,2012.0,161.0,24.451279999999997,31.221133333333334,2.9562666666666666,55.62033333333333,28.830106666666666,16.298226666666665,22.528653333333335,4.49488,2012.0,7910.44,4462.9,309.34,2688.86,171.82,554.96,0.09
4,177.0,29.2614,36.5444,11.453800000000001,73.1866,39.001,25.5196,29.3204,8.122399999999999,2012.0,177.0,8.7534,29.0566,0.0,39.294799999999995,27.641400000000004,14.3676,21.693599999999996,1.7197999999999998,2012.0,177.0,24.86758666666667,33.35606666666667,1.781706666666667,60.45693333333334,31.818399999999997,20.54006666666666,26.114266666666666,4.846160000000001,2012.0,8001.8,4975.53,335.25,3066.88,186.55,638.69,0.0
5,193.0,28.617800000000003,37.1256,8.7348,71.0162,40.251599999999996,26.738200000000003,33.485,4.7896,2012.0,193.0,13.542200000000001,29.929200000000005,0.0,38.1432,29.515600000000003,19.0222,25.7592,1.4782000000000002,2012.0,193.0,24.70548,34.58468,0.92264,50.498746666666676,35.109999999999985,23.187733333333334,28.916,3.2978933333333336,2012.0,8045.88,5048.18,334.87,3111.48,186.47,665.6,0.13
6,209.0,27.136400000000002,38.477199999999996,8.1706,76.98979999999999,42.331,26.7986,33.657799999999995,6.5564,2012.0,209.0,8.7182,31.550800000000002,0.0,36.6014,28.455800000000004,18.186799999999998,23.470999999999997,1.9804,2012.0,209.0,22.836306666666673,35.02073333333335,1.9668400000000001,48.797066666666666,35.99832,22.285493333333335,28.913599999999995,3.684066666666667,2012.0,7789.39,4526.2,343.51,2776.34,190.74,613.26,0.04
7,225.0,27.250799999999998,35.062200000000004,13.284,71.4084,37.0242,20.2438,28.234199999999998,6.8128,2012.0,225.0,4.7864,25.670600000000004,0.0,35.599399999999996,23.6466,11.322199999999999,18.558400000000002,1.811,2012.0,225.0,22.094719999999995,30.68841333333334,1.747413333333334,50.21128,29.27717333333333,16.098853333333334,22.371466666666663,3.6962666666666677,2012.0,7684.2,4601.0,378.42,2887.33,204.48,679.1,0.03
8,241.0,24.7986,35.85999999999999,6.2126,87.4634,37.28980000000001,24.102800000000002,29.038800000000002,6.9526,2012.0,241.0,7.2947999999999995,27.0086,0.0,30.4934,26.481599999999997,13.6338,22.1476,2.2150000000000003,2012.0,241.0,19.122839999999997,33.19301333333334,1.8476133333333333,52.47536,33.32502666666667,19.785973333333327,26.28786666666667,3.943613333333334,2012.0,7405.25,3801.46,351.27,2333.53,191.52,617.49,0.54
9,257.0,21.7106,32.64,11.7072,82.18679999999999,33.705999999999996,15.0506,23.078199999999995,7.5078,2012.0,257.0,6.2454,25.762,0.0,33.820600000000006,17.633,5.897799999999999,12.556400000000002,2.9392,2012.0,257.0,17.200226666666666,28.233933333333336,1.7097466666666667,50.47229333333334,25.73702666666667,11.346693333333333,18.18504,4.843226666666666,2012.0,6724.89,2994.65,385.31,1918.6,192.2,612.46,0.0
10,273.0,19.66,28.977800000000002,8.982,51.1262,28.903,11.9948,18.6368,6.654400000000001,2012.0,273.0,6.8778,21.386599999999998,0.0,32.3738,9.4536,-0.2754,4.1292,1.3048,2012.0,273.0,15.613533333333331,25.248093333333333,1.53112,43.73387999999999,21.685760000000002,7.114533333333333,14.00676,3.63856,2012.0,5412.7,2418.97,542.93,1801.36,278.5,735.02,0.03
11,289.0,15.1564,32.93,24.1788,95.78639999999999,24.026000000000003,15.968400000000003,18.121199999999998,7.939,2012.0,289.0,4.712000000000001,21.2036,0.0,33.2006,9.0672,-0.5544000000000001,6.228199999999999,2.6806,2012.0,289.0,9.751479999999999,27.357253333333333,3.585106666666667,65.35365333333334,17.052373333333332,5.991013333333333,10.890680000000001,5.2741066666666665,2012.0,5542.17,2251.08,485.84,1635.79,235.99,825.92,0.0
12,305.0,12.997,33.037,2.4283999999999994,92.9998,23.6126,17.3854,20.0778,7.102599999999999,2012.0,305.0,3.9094,19.422399999999996,0.0,47.355399999999996,7.566400000000001,-3.0556,1.9835999999999998,1.8747999999999998,2012.0,305.0,9.153319999999999,24.86990666666667,0.63356,65.49644,11.69064,1.2751733333333333,5.720546666666666,3.841533333333333,2012.0,5344.31,2137.6,617.22,1698.62,387.93,554.5,0.91
