,DOY,INSgdmax,RADmax,RAINmax,RHmax,TMAXmax,TMINmax,Tmax,WINDmax,YEAR,DOY,INSgdmin,RADmin,RAINmin,RHmin,TMAXmin,TMINmin,Tmin,WINDmin,YEAR,DOY,INSgdmean,RADmean,RAINmean,RHmean,TMAXmean,TMINmean,Tmean,WINDmean,YEAR,NDVI,EVI,RED,NIR,BLUE,MIR,pixrel
0,113.0,25.06,31.93,22.37,86.15,28.01,16.97,21.3,10.07,2012.0,113.0,5.08,24.59,0.0,47.88,15.35,4.24,10.66,1.9,2012.0,113.0,16.912,28.334,3.5846666666666662,65.63666666666667,20.798,8.895999999999999,14.786,5.518000000000001,2012.0,5623.86,1983.46,364.47,1322.52,211.13,647.53,0.0
1,129.0,28.87,33.62,27.72,86.68,28.08,19.77,23.42,6.3,2012.0,129.0,10.22,24.7,0.0,43.85,21.35,8.3,15.15,1.67,2012.0,129.0,21.242666666666665,30.162666666666663,4.283333333333333,70.44800000000001,25.31933333333334,14.812000000000003,19.96933333333334,4.03,2012.0,6170.98,2626.28,385.74,1692.69,235.61,657.69,0.0
2,145.0,29.52,35.17,4.84,79.67,33.01,22.0,26.93,7.84,2012.0,145.0,6.3,24.34,0.0,43.28,16.5,10.03,13.79,2.2,2012.0,145.0,24.926000000000002,30.323333333333327,0.8593333333333333,57.51533333333332,28.030666666666665,15.514666666666665,21.745333333333335,5.199999999999999,2012.0,7306.66,3321.37,277.23,1932.27,184.61,470.67,0.0
3,161.0,30.1,35.06,22.45,76.84,34.89,21.3,26.83,6.6,2012.0,161.0,16.31,26.86,0.0,38.04,24.42,10.73,17.59,1.44,2012.0,161.0,25.67733333333333,31.136666666666667,2.469333333333333,51.56466666666666,30.661333333333335,17.190666666666665,23.737333333333325,4.193333333333333,2012.0,7532.98,3892.43,276.15,2275.27,184.68,514.4,0.0
4,177.0,29.27,38.02,9.56,61.38,42.27,26.5,32.73,8.51,2012.0,177.0,13.0,29.56,0.0,34.94,31.94,15.35,24.88,2.45,2012.0,177.0,26.394666666666662,34.358,1.3066666666666669,50.88,35.599333333333334,22.339333333333332,28.594000000000005,4.868666666666666,2012.0,7655.54,3908.92,268.24,2267.9,184.4,475.7,0.01
5,193.0,27.94,38.27,4.72,56.2,44.72,29.74,36.52,4.65,2012.0,193.0,6.01,33.59,0.0,33.38,33.27,22.75,28.99,1.3,2012.0,193.0,25.30333333333333,35.976,0.38199999999999995,43.276,38.45066666666666,25.232000000000003,31.562,3.3033333333333332,2012.0,7618.86,3799.83,259.14,2188.06,181.54,471.63,0.0
6,209.0,26.75,38.02,6.86,60.82,43.98,28.85,34.96,5.86,2012.0,209.0,13.68,32.83,0.0,29.38,34.24,21.11,28.21,2.2,2012.0,209.0,22.262666666666668,35.784666666666666,2.2386666666666666,41.91533333333334,38.39066666666666,24.723333333333336,31.14333333333333,3.969333333333333,2012.0,7584.96,3452.09,236.94,1951.83,165.29,402.71,0.01
7,225.0,27.22,36.29,8.33,80.55,39.77,23.08,30.58,5.68,2012.0,225.0,7.6,26.24,0.0,37.27,24.15,13.04,20.88,1.83,2012.0,225.0,21.068,31.471333333333334,2.196,54.91,30.325333333333337,17.503333333333334,23.777333333333335,3.4226666666666663,2012.0,7384.29,3664.83,305.43,2163.13,205.55,502.03,0.22
8,241.0,24.66,37.55,11.37,95.27,37.78,23.43,29.41,6.43,2012.0,241.0,6.41,29.09,0.0,29.57,25.32,16.42,23.69,1.6,2012.0,241.0,19.255333333333333,33.72666666666667,1.8486666666666667,61.444,32.59466666666667,20.764,26.329333333333334,3.8093333333333335,2012.0,6923.79,2728.16,264.13,1591.03,165.53,439.72,0.13
9,257.0,22.18,32.58,5.71,89.73,30.49,17.79,24.1,6.43,2012.0,257.0,3.64,24.77,0.0,41.73,20.43,7.17,14.14,1.88,2012.0,257.0,18.252,28.566,0.83,61.19866666666667,25.807333333333336,12.433999999999996,18.98266666666667,3.913333333333333,2012.0,6606.64,2360.99,270.12,1399.13,162.78,385.98,0.0
10,273.0,20.41,31.97,19.32,80.02,27.24,15.36,20.01,5.4,2012.0,273.0,5.0,22.25,0.0,45.13,10.73,0.66,5.51,1.82,2012.0,273.0,15.338,27.36333333333333,4.559333333333333,54.98666666666667,22.080666666666666,9.612666666666666,15.422666666666666,3.228,2012.0,5560.93,2204.64,409.2,1489.5,255.58,519.18,0.01
11,289.0,16.85,34.52,30.54,94.0,26.4,18.33,20.53,8.34,2012.0,289.0,4.61,21.71,0.0,45.49,10.77,0.98,7.9,2.77,2012.0,289.0,11.510666666666664,27.786666666666676,4.614,67.80133333333335,19.348666666666666,7.098,12.791333333333332,5.537999999999999,2012.0,6251.81,1913.34,265.09,1160.91,162.5,366.86,0.0
12,305.0,13.18,32.51,2.77,88.1,26.7,18.01,21.93,8.19,2012.0,305.0,3.2,20.92,0.0,49.26,7.09,-1.65,3.15,1.43,2012.0,305.0,9.678666666666667,25.042666666666673,0.3793333333333333,67.472,13.195333333333332,2.486666666666667,7.374666666666666,4.296666666666667,2012.0,5113.13,2294.01,670.66,1815.93,536.58,364.54,1.5
