,DOY,INSgdmax,RADmax,RAINmax,RHmax,TMAXmax,TMINmax,Tmax,WINDmax,YEAR,DOY,INSgdmin,RADmin,RAINmin,RHmin,TMAXmin,TMINmin,Tmin,WINDmin,YEAR,DOY,INSgdmean,RADmean,RAINmean,RHmean,TMAXmean,TMINmean,Tmean,WINDmean,YEAR,NDVI,EVI,RED,NIR,BLUE,MIR,pixrel
0,113.0,24.3,32.98,31.24,84.23,24.13,16.87,19.81,10.12,2012.0,113.0,5.26,24.08,0.0,53.57,13.17,1.48,7.64,1.93,2012.0,113.0,15.496666666666668,27.749333333333333,4.3839999999999995,68.83333333333333,17.430000000000003,6.057333333333333,11.560000000000002,5.5360000000000005,2012.0,611.72,-567.93,-238.11,274.01,-357.84,-8.57,132.68
1,129.0,28.48,33.19,26.82,95.67,28.14,18.81,21.95,5.8,2012.0,129.0,11.09,23.9,0.0,49.22,18.13,6.58,12.51,2.42,2012.0,129.0,21.978666666666662,28.984666666666666,5.520666666666666,71.74533333333332,23.13866666666667,11.661333333333335,17.230666666666664,4.426,2012.0,1412.47,-24.86,-206.86,487.86,-307.66,10.62,114.84
2,145.0,29.23,34.99,22.99,85.88,31.58,20.75,25.74,8.79,2012.0,145.0,8.78,23.87,0.0,49.89,13.97,8.33,11.84,2.58,2012.0,145.0,23.519333333333336,29.544,3.155333333333333,63.334666666666664,25.501333333333335,13.402666666666667,19.360666666666663,5.565333333333333,2012.0,2180.15,786.55,-301.78,889.11,-359.49,-183.91,119.94
3,161.0,29.81,35.32,13.28,71.29,34.16,20.5,26.07,6.99,2012.0,161.0,20.74,25.49,0.0,44.22,22.25,9.06,16.4,1.24,2012.0,161.0,26.14666666666667,30.624000000000002,2.3913333333333333,54.894000000000005,28.500000000000004,15.661333333333335,21.948,4.348,2012.0,2392.6,1135.57,-306.1,1110.73,-347.81,-179.88,120.08
4,177.0,30.02,36.5,11.34,84.41,38.53,25.32,29.55,8.2,2012.0,177.0,11.2,27.97,0.0,39.46,28.88,13.39,22.78,1.72,2012.0,177.0,25.8,33.194,1.8746666666666667,57.57,32.28333333333333,20.358666666666668,26.288666666666664,4.586666666666667,2012.0,2522.96,1294.74,-276.46,1181.18,-314.81,-153.33,112.31
5,193.0,27.97,37.22,7.18,69.05,38.92,26.78,32.43,4.66,2012.0,193.0,18.11,30.38,0.0,39.52,30.27,18.67,25.3,1.37,2012.0,193.0,25.106666666666666,34.715333333333334,0.7093333333333334,53.06733333333332,34.892,23.184000000000005,28.828666666666674,2.945333333333333,2012.0,2522.76,1300.09,-255.97,1155.02,-284.61,-136.38,107.16
6,209.0,26.96,39.28,11.8,78.76,41.22,26.77,33.64,6.35,2012.0,209.0,8.46,31.43,0.0,37.86,24.5,18.31,22.52,1.5,2012.0,209.0,21.264,34.95266666666667,2.6146666666666665,51.495333333333335,34.93533333333333,22.04133333333333,28.347333333333335,3.428,2012.0,2296.04,929.83,-397.17,964.35,-437.58,-259.57,132.67
7,225.0,27.11,35.35,10.35,84.03,36.36,20.01,27.33,6.46,2012.0,225.0,5.65,26.21,0.0,37.54,24.19,13.15,20.24,1.64,2012.0,225.0,20.149999999999995,31.069999999999997,2.216,51.71933333333333,29.219333333333335,16.49266666666667,22.493333333333336,3.5399999999999996,2012.0,2390.38,879.78,-350.76,895.68,-390.81,-230.23,122.46
8,241.0,24.7,35.39,12.47,90.28,36.97,21.99,28.73,6.55,2012.0,241.0,8.1,27.07,0.0,31.8,25.13,14.48,22.23,1.56,2012.0,241.0,19.962,33.08133333333333,2.540666666666667,56.43,32.525333333333336,19.38866666666667,25.792666666666673,3.811333333333333,2012.0,2398.17,584.86,-374.25,712.45,-412.57,-270.46,127.57
9,257.0,21.67,31.86,13.61,75.91,31.95,15.16,23.16,6.73,2012.0,257.0,5.18,24.88,0.0,38.35,17.63,6.09,12.16,2.76,2012.0,257.0,17.591333333333335,27.835333333333335,1.5726666666666664,55.17266666666664,25.085333333333335,11.200666666666669,17.95733333333333,4.454666666666666,2012.0,1606.7,126.73,-313.16,582.48,-396.11,-220.41,132.72
10,273.0,19.58,29.41,14.84,58.18,28.41,9.88,18.12,6.01,2012.0,273.0,6.84,21.35,0.0,36.54,9.75,0.2,4.76,1.5,2012.0,273.0,15.289333333333332,25.540000000000006,2.716666666666667,50.28466666666666,20.87666666666667,6.722,13.440666666666665,3.574,2012.0,1048.09,-355.17,-279.23,373.72,-395.91,-221.17,135.17
11,289.0,15.37,32.26,32.64,98.84,22.17,12.96,16.49,7.45,2012.0,289.0,3.82,21.46,0.0,36.39,8.43,-0.7,5.42,2.8,2012.0,289.0,10.112666666666666,26.70666666666666,5.153333333333333,70.94333333333334,16.596,4.914666666666666,10.194666666666668,5.118,2012.0,942.83,-635.52,-327.72,122.91,-410.74,-154.83,132.65
12,305.0,13.07,32.72,1.72,96.11,24.45,18.17,20.39,8.0,2012.0,305.0,2.52,19.4,0.0,51.47,6.95,-3.17,2.44,1.32,2012.0,305.0,9.587999999999997,23.990666666666666,0.2946666666666667,69.298,11.256666666666666,0.8926666666666668,5.438,4.076666666666667,2012.0,1664.54,47.11,420.64,883.63,334.31,567.43,77.43
