,DOY,INSgdmax,RADmax,RAINmax,RHmax,TMAXmax,TMINmax,Tmax,WINDmax,YEAR,DOY,INSgdmin,RADmin,RAINmin,RHmin,TMAXmin,TMINmin,Tmin,WINDmin,YEAR,DOY,INSgdmean,RADmean,RAINmean,RHmean,TMAXmean,TMINmean,Tmean,WINDmean,YEAR,NDVI,EVI,RED,NIR,BLUE,MIR,pixrel
0,113.0,25.524600000000003,32.055,22.2741,86.86760000000001,28.1259,16.0901,21.0489,10.564900000000002,2012.0,113.0,5.0721,24.5946,0.0,47.7119,15.056999999999999,3.3106999999999998,9.4848,2.2157,2012.0,113.0,17.34008,28.202433333333335,4.311306666666667,65.36124000000001,20.282253333333333,8.282806666666666,14.210113333333336,5.626320000000001,2012.0,5555.04,1959.96,314.12,1259.71,198.78,518.28,0.0
1,129.0,28.636200000000002,33.95250000000001,24.8517,89.52940000000001,29.0586,19.6296,22.971899999999998,6.245799999999999,2012.0,129.0,13.5265,25.163899999999998,0.0,44.6015,20.9439,7.9426000000000005,14.5427,2.1805,2012.0,129.0,22.03356,29.8838,4.8362333333333325,69.63978,25.004666666666672,13.915493333333334,19.319166666666668,4.329646666666667,2012.0,6244.45,2656.58,319.97,1609.31,238.87,455.37,0.0
2,145.0,29.3659,34.7798,6.389799999999999,83.12660000000001,32.3694,21.1381,26.5022,8.188,2012.0,145.0,6.491199999999999,24.6225,0.0,43.5514,16.3557,9.500699999999998,13.3886,2.8189,2012.0,145.0,24.288233333333338,30.189106666666664,1.3457333333333332,58.57242666666666,27.285573333333332,14.827073333333333,21.04484,5.47458,2012.0,6838.38,3130.64,262.31,1790.31,208.77,347.92,0.0
3,161.0,30.0918,34.900800000000004,20.719299999999997,78.0811,34.3006,20.9546,26.6028,6.8059,2012.0,161.0,17.7795,26.538999999999998,0.0,37.0994,23.9197,11.130400000000002,17.418300000000002,1.8182,2012.0,161.0,25.453146666666665,31.26929333333333,2.70214,52.53931333333334,30.257066666666667,16.86642,23.370039999999996,4.306053333333333,2012.0,7459.04,3662.63,230.43,2085.58,174.58,380.61,0.0
4,177.0,29.299100000000003,36.9696,12.1969,75.2329,40.821600000000004,25.654600000000002,30.8138,8.7076,2012.0,177.0,11.988000000000001,29.471199999999996,0.0,36.848,30.931800000000003,14.794900000000002,24.0436,1.8853,2012.0,177.0,26.55668,34.005626666666664,1.7069400000000001,57.17976666666666,34.01753333333333,21.5994,27.488186666666667,4.8171333333333335,2012.0,7341.39,3593.3,225.75,2034.66,177.43,353.09,0.0
5,193.0,28.2783,37.6752,4.0577000000000005,60.6346,42.475899999999996,28.2512,34.9621,5.0514,2012.0,193.0,12.9151,31.9411,0.0,36.370900000000006,32.0951,20.8877,27.3947,1.3883999999999999,2012.0,193.0,25.613439999999997,35.33226666666667,0.4205133333333333,46.32196,37.418146666666665,24.281026666666666,30.529320000000002,3.2732133333333335,2012.0,7480.38,3697.91,243.9,2112.27,190.24,362.53,0.0
6,209.0,26.843100000000003,38.369,6.3417,67.0446,44.2704,29.3241,35.9109,6.1393,2012.0,209.0,10.207699999999999,32.3148,0.0,28.5173,31.223800000000004,20.1984,25.787200000000002,2.2004,2012.0,209.0,22.9133,35.36346666666667,1.8278666666666668,44.318686666666665,37.81501333333333,23.759233333333334,30.41389333333333,3.803113333333334,2012.0,7358.23,3249.75,210.95,1808.92,170.55,291.46,0.01
7,225.0,27.054599999999997,35.558,10.4544,80.3836,39.489,22.5469,29.850599999999996,6.1065999999999985,2012.0,225.0,8.0543,26.24,0.0,36.9101,25.0227,12.328699999999998,20.396,1.6069,2012.0,225.0,20.93998,31.34045333333334,2.0495,53.32311333333334,30.044373333333333,16.93008,23.26415333333333,3.5524333333333336,2012.0,7024.52,3218.14,260.46,1854.97,201.72,317.86,0.09
8,241.0,24.7186,36.4944,11.306700000000001,94.43110000000001,37.277100000000004,23.4677,29.080099999999998,6.882399999999999,2012.0,241.0,6.9932,28.255999999999997,0.0,29.1881,25.2656,15.226299999999998,23.0178,1.6063000000000003,2012.0,241.0,19.175753333333333,33.47025333333334,2.2867466666666667,59.688233333333336,32.56609333333334,20.1443,26.12376666666666,3.8084066666666665,2012.0,6557.06,2637.55,234.39,1517.66,165.5,337.47,0.03
9,257.0,22.097400000000004,32.072,9.2427,83.0332,31.678,16.403699999999997,23.7972,6.551499999999999,2012.0,257.0,4.3341,24.6854,0.0,37.8942,19.063200000000002,6.662100000000001,13.561100000000001,1.9766,2012.0,257.0,17.90376,28.20968,1.34906,56.78356000000001,25.910359999999997,11.889653333333332,18.705973333333333,4.139046666666666,2012.0,6417.1,2232.38,233.99,1305.7,149.76,222.18,0.0
10,273.0,20.0796,30.4899,27.200799999999997,66.5829,28.141799999999996,13.596799999999998,19.889200000000002,5.5511,2012.0,273.0,4.115600000000001,22.064300000000003,0.0,41.599900000000005,10.3573,0.44910000000000005,5.2974,1.6235,2012.0,273.0,15.267453333333334,26.607266666666668,4.345553333333333,51.14091333333333,22.030506666666668,8.631433333333334,14.92662,3.2838200000000004,2012.0,5280.94,2080.6,378.77,1408.81,240.4,382.43,0.04
11,289.0,16.3958,34.2659,29.3651,95.7062,25.9258,17.8951,19.979400000000002,7.9308,2012.0,289.0,4.414899999999999,21.3698,0.0,37.9324,9.6021,0.3686,7.4994,2.6951,2012.0,289.0,11.041586666666666,27.59795333333333,4.335333333333334,66.60901333333332,18.760313333333333,6.821740000000001,12.27074,5.508593333333334,2012.0,5960.17,1994.28,258.37,1200.54,175.23,323.42,0.0
12,305.0,13.392299999999999,32.70719999999999,3.3777,91.24469999999998,25.965000000000003,18.3756,21.648699999999998,7.9236,2012.0,305.0,3.3998,20.026799999999998,0.0,50.074099999999994,7.4962,-2.2346000000000004,2.7606000000000006,1.632,2012.0,305.0,9.65076,24.956166666666668,0.44618,67.43016666666666,12.762286666666665,2.1310333333333333,6.86296,4.149913333333333,2012.0,5250.59,2219.26,552.93,1657.09,437.68,306.34,1.77
