,DOY,INSgdmax,RADmax,RAINmax,RHmax,TMAXmax,TMINmax,Tmax,WINDmax,YEAR,DOY,INSgdmin,RADmin,RAINmin,RHmin,TMAXmin,TMINmin,Tmin,WINDmin,YEAR,DOY,INSgdmean,RADmean,RAINmean,RHmean,TMAXmean,TMINmean,Tmean,WINDmean,YEAR,NDVI,EVI,RED,NIR,BLUE,MIR,pixrel
0,113.0,25.843600000000002,31.371199999999998,35.0156,82.72919999999999,30.805600000000002,14.273200000000001,22.2656,11.228399999999999,2012.0,113.0,5.2547999999999995,22.912399999999998,0.0,50.062799999999996,12.4284,2.4055999999999997,8.6852,2.6884,2012.0,113.0,19.03085333333333,27.687279999999998,5.1743733333333335,61.4764,20.64488,7.639333333333333,14.104159999999998,6.082053333333333,2012.0,5250.16,3412.52,905.45,2927.58,472.41,1959.8,0.0
1,129.0,28.097600000000003,34.065200000000004,24.062800000000003,89.7448,29.968400000000003,19.5872,22.9148,6.7612,2012.0,129.0,17.225599999999996,25.636400000000002,0.0,45.8132,20.9864,7.032,14.428,2.638,2012.0,129.0,24.478480000000005,29.264239999999997,4.772586666666666,65.80160000000001,25.061146666666666,13.306560000000005,18.986906666666666,4.730106666666668,2012.0,5304.4,3603.21,942.58,3103.37,494.96,2156.44,0.04
2,145.0,29.3464,35.040800000000004,8.671199999999999,89.5376,31.126800000000003,20.326800000000002,25.41,9.490400000000001,2012.0,145.0,9.984,26.8264,0.0,43.2464,17.1964,10.0184,13.306,2.0324,2012.0,145.0,23.044400000000003,30.539306666666665,1.7826933333333332,58.72541333333333,26.57888,14.610106666666669,20.584053333333337,6.18832,2012.0,5642.2,3775.56,862.97,3102.49,455.72,1805.7,0.1
3,161.0,29.590000000000003,34.99,19.9664,84.2544,32.7932,21.3856,25.748,7.4616,2012.0,161.0,11.9704,27.7216,0.0,33.354,24.8492,11.9944,19.662,2.27,2012.0,161.0,24.709146666666662,31.682426666666665,3.752,55.004239999999996,29.50754666666667,17.35429333333333,23.38173333333333,4.788346666666667,2012.0,6419.93,4449.02,750.56,3384.66,402.1,1547.04,0.08
4,177.0,29.706399999999995,36.5404,17.297600000000003,76.3404,41.4068,26.193199999999997,32.3664,9.1756,2012.0,177.0,12.7672,29.612000000000002,0.0,44.5584,28.4512,15.639600000000002,21.695999999999998,2.1011999999999995,2012.0,177.0,25.26765333333334,34.261706666666676,2.4643466666666667,62.40872,32.67397333333333,21.529226666666666,26.92352,5.28848,2012.0,7294.46,5267.9,575.87,3699.92,310.59,1182.87,0.97
5,193.0,28.2728,37.096399999999996,1.2708,60.89,42.312799999999996,26.520399999999995,33.2992,5.699199999999999,2012.0,193.0,18.7312,31.211199999999998,0.0,36.2984,32.0572,19.584,26.7352,1.9356,2012.0,193.0,26.41098666666667,34.66061333333333,0.11397333333333333,45.81869333333334,36.66498666666667,23.469866666666668,29.739786666666667,3.851093333333333,2012.0,7084.54,4986.61,598.68,3526.62,324.52,1173.93,0.0
6,209.0,27.117600000000003,37.9912,9.736,47.92,43.394,28.797600000000003,35.540800000000004,6.752400000000001,2012.0,209.0,20.9892,31.2852,0.0,28.1144,33.5844,20.0228,26.918400000000002,2.6072,2012.0,209.0,25.53885333333334,35.32813333333334,1.6096,36.435546666666674,39.57296,24.126373333333337,31.56928,4.177546666666666,2012.0,7255.3,5146.48,563.12,3587.09,306.59,1048.19,0.07
7,225.0,27.3088,36.894800000000004,9.4604,57.6704,41.4208,24.4712,32.130799999999994,6.772,2012.0,225.0,8.2232,25.9888,0.0,26.8528,28.1128,10.908000000000001,19.8228,1.9544000000000001,2012.0,225.0,22.232719999999997,31.312106666666665,2.2608533333333334,40.37261333333333,32.62144,17.17336,24.610533333333333,4.090346666666667,2012.0,6760.9,4417.61,593.68,3116.84,319.57,1181.47,0.03
8,241.0,24.556400000000004,36.586,14.526799999999998,85.544,38.2164,23.8284,29.1784,6.1584,2012.0,241.0,4.4976,29.64,0.0,27.985999999999997,24.932399999999998,15.7012,22.8756,2.106,2012.0,241.0,19.619013333333335,33.273226666666666,2.844906666666667,51.70234666666666,33.77509333333334,20.134053333333334,26.720879999999998,4.20888,2012.0,6858.45,4320.15,541.44,2965.22,294.13,1078.62,0.64
9,257.0,22.1848,33.488800000000005,8.1392,82.0804,34.5304,16.1488,24.5976,7.7116,2012.0,257.0,6.2804,24.504,0.0,31.325200000000002,17.3168,6.612399999999999,13.3108,3.4960000000000004,2012.0,257.0,17.19192,28.291599999999995,1.5577333333333334,49.56842666666667,26.654586666666667,12.032426666666668,19.000986666666666,4.863466666666666,2012.0,5869.94,3619.74,722.58,2800.84,367.74,1268.34,0.0
10,273.0,20.0072,28.470399999999998,12.0564,52.4832,29.5448,12.905999999999999,19.809600000000003,6.466399999999999,2012.0,273.0,7.9148,21.9296,0.0,34.925200000000004,9.1336,-0.33959999999999996,4.2096,1.3511999999999997,2012.0,273.0,16.432426666666668,25.58189333333333,2.04296,42.09602666666666,22.195386666666668,8.14752,14.69504,3.2936266666666674,2012.0,4541.09,2787.35,1023.0,2684.48,507.87,1701.18,0.0
11,289.0,16.1348,33.1964,16.8976,94.968,25.758000000000003,16.9724,19.591199999999997,10.321200000000001,2012.0,289.0,4.74,22.187600000000003,0.0,35.342800000000004,9.5396,0.4408,7.2188,2.6571999999999996,2012.0,289.0,11.565280000000001,27.482800000000005,4.151306666666667,61.03013333333334,18.49970666666667,7.071546666666666,12.275493333333335,5.637066666666666,2012.0,3985.49,2343.88,1024.59,2386.69,532.62,1726.71,0.02
12,305.0,13.1624,31.844800000000003,7.203199999999999,93.434,21.4108,13.272400000000001,17.086,7.7467999999999995,2012.0,305.0,4.1411999999999995,21.9476,0.0,51.226800000000004,7.0752,-2.4559999999999995,1.9404,1.2276,2012.0,305.0,9.539519999999998,25.29322666666667,1.1134133333333334,65.21688,12.166213333333333,1.8668533333333333,6.239413333333332,3.749813333333334,2012.0,3842.1,2131.99,969.12,2181.94,500.24,1808.06,0.03
