,DOY,INSgdmax,RADmax,RAINmax,RHmax,TMAXmax,TMINmax,Tmax,WINDmax,YEAR,DOY,INSgdmin,RADmin,RAINmin,RHmin,TMAXmin,TMINmin,Tmin,WINDmin,YEAR,DOY,INSgdmean,RADmean,RAINmean,RHmean,TMAXmean,TMINmean,Tmean,WINDmean,YEAR,NDVI,EVI,RED,NIR,BLUE,MIR,pixrel
0,113.0,25.6032,32.0989,31.517899999999997,91.91120000000001,29.9929,14.207800000000002,21.9872,10.8327,2012.0,113.0,7.800299999999999,24.003200000000003,0.0,52.9775,15.1389,3.5411,9.0538,2.4441,2012.0,113.0,18.902013333333333,28.128873333333335,4.570033333333333,65.56787333333332,21.050173333333333,8.653373333333333,14.847166666666663,5.848753333333334,2012.0,6216.88,4090.96,698.81,3066.04,377.02,1434.84,0.0
1,129.0,28.3946,34.631800000000005,26.823200000000003,92.51499999999999,28.055699999999998,20.1822,23.701299999999996,6.332299999999999,2012.0,129.0,9.2936,25.5992,0.0,51.7588,20.6523,7.77,14.7417,1.8838999999999997,2012.0,129.0,22.0119,30.06525333333333,6.60784,71.80489999999999,24.80720666666667,14.29764,19.460626666666673,4.2357200000000015,2012.0,6486.54,4391.97,682.66,3244.26,365.05,1585.22,0.01
2,145.0,29.0889,34.2464,9.6017,87.9875,30.7332,21.0101,25.4337,7.6993,2012.0,145.0,8.442400000000001,25.386799999999997,0.0,48.28,18.557,9.434199999999999,14.696599999999998,3.6411,2012.0,145.0,24.073893333333327,30.27732,0.7448133333333334,62.52482666666667,26.83671333333333,15.19294666666666,21.005360000000003,5.465653333333333,2012.0,6581.87,4380.36,649.92,3178.7,348.95,1435.38,0.0
3,161.0,29.6289,35.418600000000005,22.297399999999996,80.31599999999999,32.863299999999995,20.7165,26.117900000000002,6.8226,2012.0,161.0,11.9446,28.0447,0.0,34.276,25.857,11.4935,19.0756,2.6362,2012.0,161.0,25.108166666666666,31.79648,2.45474,55.03643333333333,30.007360000000006,17.23422666666667,23.541586666666664,4.341493333333333,2012.0,6770.14,4827.87,680.96,3545.36,370.28,1432.62,0.05
4,177.0,29.4118,36.8572,15.681199999999999,66.14500000000001,40.411100000000005,25.684800000000003,31.598699999999997,9.1007,2012.0,177.0,4.8037,29.461099999999995,0.0,41.16330000000001,30.077999999999996,16.819200000000002,23.7209,2.3926000000000003,2012.0,177.0,26.24212666666667,34.60592666666667,1.8895733333333335,55.73592,34.37955333333332,22.233793333333335,28.06814,5.139239999999999,2012.0,7349.15,5248.79,554.67,3639.38,303.38,1173.69,0.98
5,193.0,28.222199999999997,37.7354,3.3483,56.084,43.956500000000005,28.2784,34.82,4.9957,2012.0,193.0,12.1552,32.611999999999995,0.0,32.970299999999995,33.3276,21.4731,27.8526,1.6622,2012.0,193.0,25.199793333333332,35.35063999999999,0.4315,42.787400000000005,38.27108666666667,24.415119999999998,31.011820000000004,3.63192,2012.0,6887.21,4579.84,591.57,3219.76,320.79,1168.29,0.0
6,209.0,27.186500000000002,38.5589,7.581300000000001,57.473099999999995,44.1078,29.8692,35.9519,6.8485,2012.0,209.0,12.706700000000001,31.567499999999995,0.0,28.592899999999997,33.752500000000005,20.4298,28.0585,2.3991,2012.0,209.0,24.313926666666667,35.704719999999995,1.594393333333333,36.74800666666667,40.075493333333334,24.58963333333334,32.04348666666666,4.0940666666666665,2012.0,6533.44,4475.98,691.51,3314.56,373.47,1344.73,0.05
7,225.0,27.140800000000002,36.2961,13.777000000000001,67.42360000000001,41.2693,23.325200000000002,31.431900000000002,6.1509,2012.0,225.0,11.2739,26.2843,0.0,28.0401,29.175100000000004,14.057900000000002,22.0604,1.7722,2012.0,225.0,20.95009333333334,31.77378666666666,2.392526666666667,44.27455333333332,32.558686666666674,17.559426666666667,24.82014666666667,3.72206,2012.0,6755.26,4393.22,600.01,3108.25,325.49,1197.66,0.19
8,241.0,24.550400000000003,36.4325,14.954099999999999,92.6104,37.785000000000004,24.0153,29.357899999999997,7.5727,2012.0,241.0,7.2768999999999995,30.349600000000002,0.0,25.0112,26.736499999999996,17.1103,24.0543,1.5590000000000002,2012.0,241.0,18.963366666666666,33.67344,2.857613333333333,56.06885333333333,33.22999333333333,20.786179999999998,26.746800000000004,3.9718733333333334,2012.0,6740.77,4053.0,533.84,2780.24,287.43,1091.53,0.13
9,257.0,22.360699999999998,31.9169,6.162599999999999,80.9456,32.711800000000004,16.956000000000003,24.498099999999997,6.3542000000000005,2012.0,257.0,4.6465,24.345399999999998,0.0,36.11450000000001,19.1377,7.052799999999999,13.947799999999999,2.0502000000000002,2012.0,257.0,17.599426666666663,28.66382666666667,0.9381599999999999,55.35611333333333,26.834493333333338,12.096886666666668,19.172666666666665,4.243633333333333,2012.0,5934.78,3465.65,671.43,2605.95,352.78,1222.89,0.01
10,273.0,20.409299999999998,31.925,16.431300000000004,71.41010000000001,28.0243,15.5892,21.203999999999997,5.263599999999999,2012.0,273.0,4.0664,22.7533,0.0,39.269299999999994,10.3248,1.6732999999999998,5.449400000000001,1.3492,2012.0,273.0,15.061726666666669,27.379740000000005,2.7537666666666665,48.737666666666684,22.8088,9.859006666666668,15.855713333333334,3.1873199999999997,2012.0,4569.3,2608.31,922.7,2423.22,469.03,1620.22,0.0
11,289.0,16.8097,34.01820000000001,21.2875,93.21719999999999,27.237399999999997,19.359199999999998,21.091699999999996,9.567300000000001,2012.0,289.0,4.109,21.672900000000002,0.0,38.052299999999995,10.593100000000002,0.8845000000000001,8.2039,2.3630999999999998,2012.0,289.0,11.480039999999995,28.083759999999998,4.132386666666666,62.57169333333332,19.62181333333334,7.775293333333332,13.268699999999997,5.6540799999999996,2012.0,4411.31,2368.64,843.4,2162.77,441.4,1523.95,0.06
12,305.0,13.6085,33.7311,2.7508,92.333,26.2055,18.925,21.6353,7.795699999999999,2012.0,305.0,3.8207,20.4608,0.0,51.293200000000006,6.506799999999999,-2.3798,2.5402,1.9174999999999998,2012.0,305.0,9.944740000000001,25.485633333333336,0.28066,66.01413333333332,13.582526666666666,2.5927933333333333,7.346313333333333,3.9914866666666664,2012.0,4421.28,2322.23,811.66,2093.99,420.76,1589.08,0.03
