,DOY,INSgdmax,RADmax,RAINmax,RHmax,TMAXmax,TMINmax,Tmax,WINDmax,YEAR,DOY,INSgdmin,RADmin,RAINmin,RHmin,TMAXmin,TMINmin,Tmin,WINDmin,YEAR,DOY,INSgdmean,RADmean,RAINmean,RHmean,TMAXmean,TMINmean,Tmean,WINDmean,YEAR,NDVI,EVI,RED,NIR,BLUE,MIR,pixrel
0,113.0,25.67,31.82,24.64,90.47,28.24,13.91,21.57,10.53,2012.0,113.0,5.87,24.88,0.0,50.38,15.52,3.66,9.29,2.13,2012.0,113.0,16.93,28.324666666666666,4.222666666666667,66.52933333333334,20.75066666666667,8.559333333333335,14.664666666666667,5.721999999999998,2012.0,6117.93,3441.22,542.49,2451.3,300.05,1017.18,0.62
1,129.0,28.76,34.27,32.28,91.0,27.99,20.19,23.59,6.35,2012.0,129.0,12.06,25.02,0.0,47.51,21.07,7.89,14.65,1.65,2012.0,129.0,21.695333333333334,30.07133333333333,6.519333333333333,71.958,24.786000000000005,14.400666666666668,19.496,4.111333333333333,2012.0,6381.36,3884.67,582.1,2786.39,326.43,1119.93,0.04
2,145.0,29.3,34.56,9.64,85.28,31.04,21.13,25.64,7.84,2012.0,145.0,6.59,24.8,0.0,48.06,19.47,9.44,14.54,2.98,2012.0,145.0,24.256666666666664,30.338,1.0793333333333335,61.272000000000006,27.058000000000003,15.068,21.04266666666667,5.28,2012.0,6470.58,4110.94,670.02,3054.5,381.35,1308.26,0.03
3,161.0,30.02,35.17,22.63,80.02,34.16,20.74,26.3,6.59,2012.0,161.0,19.12,27.07,0.0,34.81,26.15,11.88,18.5,2.05,2012.0,161.0,25.56071428571429,31.604,3.1146666666666665,53.60799999999999,30.324,16.967333333333332,23.42666666666667,4.285333333333332,2012.0,6814.29,4279.99,608.13,3062.75,336.87,1199.94,0.01
4,177.0,29.48,37.22,14.7,63.44,40.59,25.36,32.02,8.94,2012.0,177.0,8.03,29.38,0.0,35.87,30.79,15.99,24.4,2.46,2012.0,177.0,26.281333333333333,34.38533333333333,1.7713333333333336,53.72733333333333,34.75933333333333,21.960666666666665,28.04733333333333,5.0440000000000005,2012.0,6921.98,4210.31,538.67,2894.51,304.57,1060.84,0.0
5,193.0,28.04,37.87,5.22,57.19,44.46,28.77,35.38,4.74,2012.0,193.0,5.8,33.3,0.0,32.85,32.86,21.81,27.69,1.52,2012.0,193.0,24.832666666666668,35.56733333333333,0.43266666666666675,43.602,38.19466666666667,24.52733333333333,31.004,3.4573333333333336,2012.0,6664.94,4168.91,621.04,2992.76,352.4,1162.29,0.01
6,209.0,26.71,38.34,7.09,55.85,43.65,29.32,35.24,6.67,2012.0,209.0,10.51,32.33,0.0,27.54,33.88,20.56,28.27,2.61,2012.0,209.0,23.133333333333336,35.74266666666666,1.7806666666666664,37.702,39.724000000000004,24.58333333333333,31.75733333333334,4.067333333333333,2012.0,6424.63,3609.65,580.23,2573.52,317.94,1162.46,0.0
7,225.0,26.96,36.29,11.23,73.91,40.27,23.08,30.56,5.98,2012.0,225.0,10.8,26.24,0.0,33.15,27.57,13.37,21.34,2.0,2012.0,225.0,20.788,31.771333333333338,2.8120000000000003,49.40266666666668,31.29533333333334,17.208666666666666,24.073333333333327,3.602000000000001,2012.0,6261.65,3427.82,592.29,2479.41,323.26,1158.58,0.02
8,241.0,24.62,36.61,11.85,95.25,37.82,23.17,29.61,7.45,2012.0,241.0,6.26,29.81,0.0,25.34,24.85,17.02,23.47,1.84,2012.0,241.0,19.141333333333332,33.672,2.1506666666666665,58.37466666666666,32.862,20.562,26.464000000000002,4.012,2012.0,6577.76,3514.55,492.18,2393.65,271.28,984.26,0.37
9,257.0,22.28,32.08,4.67,87.14,31.27,16.35,23.78,6.46,2012.0,257.0,4.46,24.08,0.0,37.44,20.19,6.93,13.74,2.03,2012.0,257.0,18.052000000000003,28.417999999999996,0.866,57.90933333333334,26.12066666666666,11.972666666666667,18.823999999999998,4.08,2012.0,6464.74,3425.3,509.29,2398.76,266.93,946.66,0.0
10,273.0,20.48,31.54,18.92,75.35,27.57,15.67,20.57,5.14,2012.0,273.0,3.56,22.61,0.0,42.52,10.32,1.23,5.32,1.58,2012.0,273.0,14.93266666666667,27.426000000000002,3.339333333333334,51.998000000000005,22.45266666666667,9.546,15.491333333333335,3.1860000000000004,2012.0,5645.53,3179.38,641.92,2399.46,359.44,1072.18,0.0
11,289.0,16.85,34.52,29.8,94.89,26.93,19.01,20.81,8.73,2012.0,289.0,4.14,21.71,0.0,40.84,10.17,0.65,8.06,2.52,2012.0,289.0,11.586666666666668,27.881999999999998,4.456666666666667,65.78933333333333,19.363999999999997,7.198000000000002,12.852666666666666,5.602666666666667,2012.0,5880.22,2738.81,509.91,1967.22,278.06,963.2,0.24
12,305.0,13.64,32.98,3.89,92.08,26.43,18.83,21.8,8.01,2012.0,305.0,3.56,20.09,0.0,51.61,6.22,-2.23,2.55,1.63,2012.0,305.0,9.363333333333335,25.38866666666667,0.49666666666666665,67.23333333333333,13.123999999999997,2.4219999999999997,7.161333333333332,4.136,2012.0,4627.79,2538.9,888.46,2286.4,653.42,1023.65,1.01
