,DOY,INSgdmax,RADmax,RAINmax,RHmax,TMAXmax,TMINmax,Tmax,WINDmax,YEAR,DOY,INSgdmin,RADmin,RAINmin,RHmin,TMAXmin,TMINmin,Tmin,WINDmin,YEAR,DOY,INSgdmean,RADmean,RAINmean,RHmean,TMAXmean,TMINmean,Tmean,WINDmean,YEAR,NDVI,EVI,RED,NIR,BLUE,MIR,pixrel
0,113.0,25.85,31.36,35.03,83.07,30.62,14.15,22.16,11.27,2012.0,113.0,5.33,22.93,0.0,50.73,11.99,2.38,8.57,2.77,2012.0,113.0,18.91533333333333,27.64333333333333,5.138000000000001,61.96333333333334,20.476666666666667,7.6046666666666685,13.995999999999999,6.085999999999999,2012.0,5904.77,3890.12,776.88,3051.11,410.26,1708.38,0.0
1,129.0,28.04,33.95,24.17,90.22,29.89,19.52,22.75,6.75,2012.0,129.0,16.88,25.63,0.0,46.13,20.82,7.0,14.34,2.71,2012.0,129.0,24.458000000000006,29.216666666666665,4.8853333333333335,66.33066666666667,24.93133333333333,13.285333333333337,18.912666666666667,4.727333333333334,2012.0,6417.35,4378.83,702.14,3265.16,374.51,1588.95,0.0
2,145.0,29.34,35.14,8.1,89.6,30.97,20.21,25.37,9.46,2012.0,145.0,9.76,26.82,0.0,43.64,16.87,10.06,13.17,1.97,2012.0,145.0,23.086,30.463999999999995,1.5086666666666668,59.007333333333335,26.453333333333333,14.532666666666666,20.497333333333337,6.158666666666665,2012.0,6331.02,4182.5,695.3,3119.91,370.29,1493.15,0.0
3,161.0,29.63,34.99,19.64,84.76,32.63,21.32,25.66,7.46,2012.0,161.0,13.18,27.68,0.0,32.93,24.75,12.02,19.55,2.27,2012.0,161.0,24.811333333333334,31.636666666666667,3.6906666666666665,55.16999999999999,29.355333333333338,17.318666666666665,23.287333333333333,4.759333333333334,2012.0,6590.98,4639.6,720.77,3476.32,387.92,1472.6,0.02
4,177.0,29.7,36.43,16.96,76.51,41.17,26.27,32.16,9.11,2012.0,177.0,13.82,29.74,0.0,44.72,28.2,15.71,21.64,2.01,2012.0,177.0,25.454000000000004,34.19066666666667,2.376666666666667,62.71933333333333,32.486666666666665,21.486666666666668,26.832000000000004,5.26,2012.0,7050.48,4856.35,586.68,3419.36,314.31,1168.6,0.96
5,193.0,28.22,37.01,1.33,60.97,41.98,26.45,33.04,5.6,2012.0,193.0,18.72,31.28,0.0,37.1,32.07,19.48,26.62,1.91,2012.0,193.0,26.344000000000005,34.60333333333333,0.12133333333333333,46.438,36.47266666666667,23.362666666666666,29.582666666666668,3.813333333333334,2012.0,6440.05,4248.68,677.8,3145.9,355.97,1303.86,0.0
6,209.0,27.14,37.98,8.92,49.2,43.21,28.62,35.4,6.73,2012.0,209.0,20.77,31.21,0.0,28.54,33.33,19.89,26.72,2.62,2012.0,209.0,25.482000000000006,35.294000000000004,1.5146666666666666,36.95000000000001,39.42,23.97266666666667,31.40266666666667,4.137333333333332,2012.0,6604.38,4417.12,652.23,3222.06,347.18,1244.33,0.0
7,225.0,27.32,36.97,9.87,58.52,41.24,24.14,31.95,6.74,2012.0,225.0,8.46,25.96,0.0,27.0,28.02,10.9,19.69,1.86,2012.0,225.0,22.13,31.295999999999996,2.3586666666666667,40.94199999999999,32.424,17.05933333333333,24.447333333333333,4.064,2012.0,6534.33,4024.44,594.78,2857.58,317.53,1220.93,0.35
8,241.0,24.55,36.65,14.93,85.88,37.81,23.95,28.9,6.12,2012.0,241.0,4.36,29.56,0.0,28.33,24.99,15.61,22.89,2.05,2012.0,241.0,19.606,33.26,3.04,52.11066666666666,33.58266666666667,20.076666666666668,26.600666666666665,4.192666666666667,2012.0,6843.52,4105.53,516.17,2781.6,280.27,1094.74,0.01
9,257.0,22.18,33.34,8.2,82.69,34.18,15.8,24.22,7.67,2012.0,257.0,6.01,24.44,0.0,31.97,17.04,6.55,13.21,3.56,2012.0,257.0,17.15,28.21,1.5273333333333334,50.18933333333334,26.465999999999998,11.925333333333334,18.859333333333332,4.848,2012.0,6394.57,3823.99,593.86,2721.58,315.89,1128.54,0.0
10,273.0,20.02,28.4,12.01,52.8,29.46,12.81,19.76,6.42,2012.0,273.0,7.27,22.0,0.0,35.89,9.1,-0.41,4.16,1.38,2012.0,273.0,16.389333333333337,25.582000000000004,2.0686666666666667,42.643333333333324,22.087333333333337,8.098666666666666,14.626666666666667,3.2926666666666673,2012.0,5276.7,3051.37,789.83,2520.02,399.28,1425.72,0.0
11,289.0,16.13,33.19,17.2,95.12,25.67,17.11,19.7,10.23,2012.0,289.0,4.82,22.21,0.0,35.29,9.45,0.34,7.11,2.71,2012.0,289.0,11.564,27.488666666666674,4.26,61.37466666666667,18.404666666666667,6.994,12.202000000000004,5.649333333333333,2012.0,4784.3,2606.04,793.81,2240.1,414.62,1464.84,0.0
12,305.0,13.18,32.04,7.84,93.61,21.95,13.65,17.47,7.63,2012.0,305.0,4.21,21.85,0.0,50.95,7.04,-2.48,1.95,1.21,2012.0,305.0,9.527999999999999,25.312,1.2273333333333334,65.24066666666667,12.099333333333332,1.8099999999999996,6.185333333333333,3.734666666666667,2012.0,4423.34,2383.55,827.84,2156.92,425.95,1582.48,0.0
