,DOY,INSgdmax,RADmax,RAINmax,RHmax,TMAXmax,TMINmax,Tmax,WINDmax,YEAR,DOY,INSgdmin,RADmin,RAINmin,RHmin,TMAXmin,TMINmin,Tmin,WINDmin,YEAR,DOY,INSgdmean,RADmean,RAINmean,RHmean,TMAXmean,TMINmean,Tmean,WINDmean,YEAR,NDVI,EVI,RED,NIR,BLUE,MIR,pixrel
0,113.0,25.92,31.0,31.31,89.06,31.27,13.99,22.7,11.1,2012.0,113.0,6.84,23.33,0.0,54.71,13.05,3.65,9.43,2.85,2012.0,113.0,20.025333333333332,27.95133333333333,4.309333333333333,62.255333333333326,21.793333333333337,8.657333333333334,15.226666666666667,5.989333333333334,2012.0,3702.68,2294.66,1189.23,2589.24,588.47,2225.79,0.12
1,129.0,27.86,34.81,31.1,92.02,29.61,20.4,23.83,6.56,2012.0,129.0,9.65,25.52,0.0,48.67,21.87,7.77,14.91,2.27,2012.0,129.0,23.124000000000002,29.925333333333338,6.262,69.65,25.32266666666667,14.196000000000002,19.588666666666665,4.406000000000001,2012.0,3700.76,2555.62,1430.24,3088.7,693.59,3052.63,0.18
2,145.0,28.98,34.88,5.81,88.73,31.05,21.02,25.8,8.62,2012.0,145.0,10.66,26.06,0.0,45.31,19.25,9.85,15.35,2.76,2012.0,145.0,23.799333333333333,30.605999999999998,1.0893333333333333,60.428666666666665,27.171333333333333,15.550666666666668,21.338,5.893333333333333,2012.0,4806.92,3261.24,1098.96,3112.64,554.14,2274.44,0.22
3,161.0,29.52,35.28,19.07,79.92,33.19,21.36,25.91,7.08,2012.0,161.0,11.41,28.51,0.0,35.86,26.55,10.85,19.63,2.26,2012.0,161.0,25.586666666666666,31.778,2.6599999999999993,54.81533333333333,30.208000000000002,17.65266666666667,23.89666666666666,4.423333333333334,2012.0,6195.95,4758.57,923.11,3922.31,483.63,1907.84,0.14
4,177.0,29.59,36.58,13.82,69.61,41.51,26.16,32.46,9.17,2012.0,177.0,10.12,30.56,0.0,44.46,29.88,16.74,22.82,2.65,2012.0,177.0,26.58466666666667,34.86266666666667,2.0453333333333337,55.992,34.46733333333332,22.60933333333334,28.345999999999993,5.328,2012.0,7771.62,5979.73,510.66,4127.87,276.9,1099.83,1.0
5,193.0,28.44,38.27,1.2,59.45,43.61,28.12,34.82,5.56,2012.0,193.0,14.65,31.82,0.0,32.01,33.09,21.78,28.11,1.88,2012.0,193.0,25.707333333333334,35.21600000000001,0.184,42.464000000000006,38.18066666666667,24.393999999999995,30.928,3.8220000000000005,2012.0,7841.23,5899.72,474.94,3999.5,256.62,975.41,0.0
6,209.0,27.83,38.45,8.7,63.72,43.89,29.79,36.14,6.7,2012.0,209.0,12.38,31.32,0.0,26.9,34.0,20.41,27.91,2.31,2012.0,209.0,24.900666666666663,35.71,1.5013333333333336,36.68266666666668,40.091333333333324,24.75133333333333,32.25666666666667,4.034666666666667,2012.0,7227.67,5533.83,641.67,4028.4,342.34,1125.52,0.31
7,225.0,27.22,36.9,10.51,56.89,42.19,24.83,32.61,6.24,2012.0,225.0,11.66,26.71,0.0,26.07,29.68,13.85,22.1,1.99,2012.0,225.0,22.21333333333333,31.81866666666666,2.2466666666666666,38.32333333333333,33.88066666666666,18.162666666666667,25.824666666666676,3.9259999999999997,2012.0,6616.85,4290.11,620.31,3097.06,321.91,1127.51,0.42
8,241.0,24.59,36.68,18.33,88.69,37.29,25.53,29.15,6.85,2012.0,241.0,7.96,30.31,0.0,27.11,26.39,17.14,23.49,2.45,2012.0,241.0,19.42866666666667,33.552,3.4793333333333334,53.77733333333334,33.88933333333333,20.803999999999995,27.024,3.959333333333334,2012.0,5704.78,3550.04,759.04,2809.6,394.05,1342.37,0.47
9,257.0,22.43,33.59,8.4,82.49,33.88,18.54,25.3,6.77,2012.0,257.0,5.29,24.88,0.0,33.59,16.93,7.33,13.73,2.07,2012.0,257.0,17.146666666666665,28.910666666666668,1.02,52.991333333333344,27.279333333333337,12.514666666666667,19.568666666666665,4.405333333333333,2012.0,4181.24,2559.2,1105.52,2651.74,538.41,1866.91,0.0
10,273.0,20.34,31.43,20.52,61.52,29.44,15.51,21.6,5.62,2012.0,273.0,3.71,23.08,0.0,36.23,9.81,2.0,5.39,1.27,2012.0,273.0,15.166666666666664,27.288,2.664666666666667,46.064666666666675,22.822000000000003,10.024666666666665,15.959333333333337,3.1859999999999995,2012.0,3394.6,2294.53,1561.98,3107.12,729.0,2355.61,0.03
11,289.0,16.78,33.84,16.09,93.93,26.98,19.28,21.26,10.29,2012.0,289.0,5.0,21.96,0.0,36.3,10.9,1.33,8.59,2.67,2012.0,289.0,11.418000000000001,28.125999999999998,2.586666666666667,59.901333333333326,19.933333333333334,8.365333333333334,13.668,5.662000000000001,2012.0,3064.03,1824.6,1280.29,2403.76,624.75,2156.76,0.46
12,305.0,13.46,33.84,1.84,89.66,25.76,18.43,21.17,7.37,2012.0,305.0,3.89,21.53,0.0,48.64,7.18,-2.36,2.56,1.67,2012.0,305.0,10.282,25.449333333333335,0.2800000000000001,63.849333333333334,14.096666666666666,2.8693333333333326,7.641333333333333,3.808666666666666,2012.0,2984.65,1601.86,1103.46,2042.86,530.81,2192.68,0.05
