,DOY,INSgdmax,RADmax,RAINmax,RHmax,TMAXmax,TMINmax,Tmax,WINDmax,YEAR,DOY,INSgdmin,RADmin,RAINmin,RHmin,TMAXmin,TMINmin,Tmin,WINDmin,YEAR,DOY,INSgdmean,RADmean,RAINmean,RHmean,TMAXmean,TMINmean,Tmean,WINDmean,YEAR,NDVI,EVI,RED,NIR,BLUE,MIR,pixrel
0,113.0,25.796699999999994,31.177299999999995,33.497899999999994,80.62459999999999,32.1999,15.1784,22.9435,10.8979,2012.0,113.0,4.7441,22.8751,0.0,45.1027,15.0226,2.5685,9.405899999999999,2.2733,2012.0,113.0,19.686226666666666,27.86898,5.3026333333333335,58.308326666666666,21.640733333333337,7.800306666666666,14.721526666666664,6.050820000000001,2012.0,3917.11,2467.23,1160.28,2651.81,594.7,2196.86,0.02
1,129.0,28.4418,34.5465,23.5437,86.9593,30.389499999999998,19.8545,23.8104,6.884600000000001,2012.0,129.0,18.1584,25.5332,0.0,42.7288,21.7992,7.2437000000000005,14.821600000000002,2.1308,2012.0,129.0,24.49961333333333,29.471439999999998,4.1590066666666665,62.14138666666666,25.837793333333334,13.352766666666668,19.385786666666665,4.736813333333333,2012.0,3652.52,2560.68,1447.31,3105.18,730.45,2912.11,0.27
2,145.0,29.38,34.48010000000001,12.6618,88.3493,32.1457,21.1813,25.561100000000003,9.6082,2012.0,145.0,11.0992,26.8448,0.0,40.8399,18.967,9.699300000000001,14.0352,2.6336,2012.0,145.0,22.685779999999998,30.952399999999997,3.5169733333333326,56.74563333333334,27.326033333333328,15.003113333333333,21.05643333333333,6.386813333333332,2012.0,5041.91,3286.37,955.36,2918.64,505.81,1821.78,0.02
3,161.0,29.3648,35.0318,22.3279,79.77029999999999,33.900800000000004,21.610300000000002,26.312600000000003,7.637199999999999,2012.0,161.0,5.7017,27.959000000000003,0.0,35.6883,25.8013,11.955,20.3906,2.2206,2012.0,161.0,24.073106666666668,31.945973333333335,3.85588,53.51586666666667,30.475006666666665,17.542853333333333,23.97208,4.989686666666666,2012.0,7041.84,5134.39,624.0,3661.76,352.55,1239.81,0.06
4,177.0,29.7666,37.1124,19.6191,75.0225,42.7982,25.723499999999998,33.5602,9.6055,2012.0,177.0,7.1374,28.7633,0.0,41.9924,29.4945,15.127499999999998,22.0261,2.6256000000000004,2012.0,177.0,24.267166666666665,34.58704,2.9588666666666668,60.123513333333335,33.893060000000006,21.728346666666663,27.48152,5.479926666666666,2012.0,8028.11,6245.04,447.11,4198.01,253.33,925.4,0.12
5,193.0,28.576600000000003,37.5557,1.1899,60.2268,44.1227,26.969800000000003,34.789199999999994,6.3625,2012.0,193.0,19.2213,30.7892,0.0,31.516200000000005,31.9482,20.1775,27.4179,2.1250999999999998,2012.0,193.0,26.773560000000003,34.97982666666666,0.09927333333333334,41.52182666666667,37.92280666666666,24.116646666666664,30.736553333333333,4.099620000000001,2012.0,7654.21,5640.48,495.92,3816.17,280.21,924.56,0.0
6,209.0,27.0475,37.92079999999999,14.2556,40.9378,44.3163,29.6578,36.2933,6.8567,2012.0,209.0,21.326800000000002,31.624899999999997,0.0,25.404999999999998,35.009299999999996,20.7105,27.9695,2.4848999999999997,2012.0,209.0,25.82935333333334,35.53076666666667,2.13878,33.5244,40.408046666666664,24.96069333333333,32.47997333333333,4.439713333333333,2012.0,7251.47,5443.04,592.42,3840.67,338.95,1024.64,0.01
7,225.0,27.2025,36.405,7.0782,52.537400000000005,42.3871,26.1473,33.175,7.021699999999999,2012.0,225.0,7.7818000000000005,26.043100000000003,0.0,26.0059,28.4214,10.892999999999999,20.557999999999996,2.4253,2012.0,225.0,22.816586666666666,31.37513333333333,1.6003999999999998,37.162933333333335,33.691313333333326,17.771620000000002,25.492666666666665,4.288453333333333,2012.0,6289.15,3940.08,631.88,2851.17,352.61,1156.21,0.64
8,241.0,24.5824,36.2633,12.0471,83.7952,40.5476,23.017100000000003,30.7616,6.479700000000001,2012.0,241.0,5.3701,30.149299999999997,0.0,26.2731,24.6623,16.1515,22.8076,2.4912,2012.0,241.0,19.678846666666665,33.3699,1.75632,49.15447333333333,34.93720666666667,20.459273333333336,27.425593333333328,4.330353333333333,2012.0,5504.17,3557.43,829.12,2882.42,453.76,1507.13,0.1
9,257.0,22.2233,34.1465,7.358300000000001,77.2517,36.4688,18.192800000000002,26.754800000000003,7.996499999999999,2012.0,257.0,7.5499,24.9768,0.0,27.341500000000003,19.2773,7.006499999999999,14.0091,3.1068000000000002,2012.0,257.0,17.4804,28.70138,1.6305666666666667,45.34726666666666,27.82048,12.61468,19.83574,4.9802599999999995,2012.0,3855.99,2291.82,1145.0,2542.26,536.83,1945.16,0.0
10,273.0,19.879200000000004,28.976799999999997,11.7908,50.7079,30.0451,13.5848,20.1023,6.8639,2012.0,273.0,11.2259,21.5543,0.0,28.8891,9.2017,0.06609999999999999,4.4338999999999995,1.2646,2012.0,273.0,16.60825333333333,25.616419999999998,1.8132533333333334,38.60187333333333,22.796866666666666,8.436300000000003,15.072873333333334,3.3507266666666666,2012.0,3125.41,1964.71,1369.86,2589.51,675.0,1900.19,0.34
11,289.0,16.1885,33.0457,14.2992,93.6722,26.288399999999996,15.4653,18.8452,10.971,2012.0,289.0,4.2934,22.1099,0.0,35.1868,10.086,1.008,8.021799999999999,2.4939999999999998,2012.0,289.0,11.479786666666666,27.46036,3.3125133333333334,58.22864666666666,19.08442,7.471066666666666,12.686033333333334,5.617759999999999,2012.0,2699.87,1540.59,1267.22,2189.97,640.07,2028.87,0.0
12,305.0,13.049100000000001,30.662300000000002,3.9854,91.76140000000001,18.5477,10.9594,14.642500000000002,8.4208,2012.0,305.0,3.9301,22.475199999999997,0.0,52.946,7.185899999999999,-2.4402000000000004,1.7835999999999999,1.3143,2012.0,305.0,9.534006666666665,25.191246666666665,0.5570066666666666,65.06692000000001,12.553433333333333,2.1197333333333335,6.49686,3.8876,2012.0,2727.01,1419.82,1092.47,1913.27,539.2,2089.18,0.0
