,DOY,INSgdmax,RADmax,RAINmax,RHmax,TMAXmax,TMINmax,Tmax,WINDmax,YEAR,DOY,INSgdmin,RADmin,RAINmin,RHmin,TMAXmin,TMINmin,Tmin,WINDmin,YEAR,DOY,INSgdmean,RADmean,RAINmean,RHmean,TMAXmean,TMINmean,Tmean,WINDmean,YEAR,NDVI,EVI,RED,NIR,BLUE,MIR,pixrel
0,113.0,25.38,31.54,18.53,79.23,30.7,13.63,22.0,10.38,2012.0,113.0,2.81,22.39,0.0,45.67,14.61,1.51,8.94,2.2,2012.0,113.0,18.634,27.827333333333335,3.816666666666667,57.445333333333316,20.800666666666665,7.168000000000001,13.660666666666668,6.188,2012.0,4323.58,2525.02,909.31,2368.66,465.53,1735.45,0.0
1,129.0,28.48,34.06,21.99,85.75,29.31,18.27,22.95,7.36,2012.0,129.0,15.73,24.59,0.0,35.95,18.94,6.54,13.52,2.36,2012.0,129.0,23.483333333333338,29.14133333333333,4.807333333333333,59.238000000000014,25.334666666666667,12.493333333333332,18.790666666666667,4.954,2012.0,4000.1,2662.09,1221.23,2890.41,614.43,2648.75,0.12
2,145.0,29.09,33.98,20.72,90.46,31.78,20.54,24.95,9.1,2012.0,145.0,6.88,25.63,0.0,40.95,17.04,8.76,12.55,2.46,2012.0,145.0,22.307999999999996,30.44,4.829999999999999,59.95333333333333,25.917333333333335,14.013333333333332,19.831333333333337,6.253333333333334,2012.0,5306.01,3607.54,990.08,3184.84,514.29,1946.13,0.14
3,161.0,29.27,34.67,23.24,88.39,33.08,19.9,25.95,7.68,2012.0,161.0,5.51,28.01,0.0,35.32,24.19,11.9,19.3,2.11,2012.0,161.0,23.773999999999997,31.70133333333333,2.759333333333333,55.64533333333334,29.47333333333334,17.02,23.19333333333333,5.163333333333335,2012.0,7402.66,5412.17,567.5,3788.22,302.55,1133.74,0.18
4,177.0,29.7,37.26,15.01,78.72,41.93,24.43,32.63,9.05,2012.0,177.0,3.46,27.79,0.0,43.79,27.97,13.77,21.04,2.83,2012.0,177.0,23.474666666666668,34.10333333333333,2.9226666666666663,61.36733333333334,32.832,20.784000000000002,26.644000000000002,5.377333333333334,2012.0,7816.84,6040.23,505.57,4162.01,274.6,994.12,0.76
5,193.0,28.01,38.16,3.82,60.13,41.64,26.29,33.26,6.37,2012.0,193.0,20.95,30.53,0.0,35.58,32.66,19.43,26.52,1.58,2012.0,193.0,25.672666666666668,34.774,0.42733333333333334,44.32666666666667,36.806,23.245333333333335,29.805333333333337,4.04,2012.0,7566.85,5598.73,531.87,3873.54,285.22,990.5,0.0
6,209.0,26.93,38.56,11.58,45.52,44.02,29.16,36.18,6.9,2012.0,209.0,7.45,33.08,0.0,26.66,33.54,19.81,26.31,2.31,2012.0,209.0,24.362,35.56733333333333,1.9360000000000002,36.83866666666666,39.14266666666666,24.15866666666666,31.324666666666662,4.486,2012.0,7157.06,5129.19,585.92,3628.76,308.6,1008.7,0.1
7,225.0,27.32,36.29,6.61,68.82,39.42,24.03,31.39,7.26,2012.0,225.0,6.34,25.63,0.0,28.2,21.94,10.06,17.07,2.37,2012.0,225.0,21.48,31.09466666666667,1.754,43.239333333333335,31.43666666666667,16.590666666666667,23.803999999999995,4.209999999999999,2012.0,6110.56,4096.36,762.61,3176.22,390.28,1285.13,0.0
8,241.0,24.37,35.96,14.32,84.08,41.35,22.07,30.94,6.86,2012.0,241.0,5.0,28.84,0.0,27.17,23.53,14.19,22.14,2.66,2012.0,241.0,19.76133333333333,33.21533333333333,1.3820000000000001,48.638000000000005,34.547333333333334,19.705333333333332,26.894000000000002,4.487333333333334,2012.0,6039.93,3739.39,664.56,2779.17,354.48,1267.54,0.0
9,257.0,21.89,33.16,6.81,65.1,36.69,18.66,26.89,8.44,2012.0,257.0,7.56,24.77,0.0,25.27,21.98,6.36,14.05,2.9,2012.0,257.0,18.392666666666667,28.302000000000007,1.3053333333333337,40.559999999999995,27.463333333333335,12.390666666666668,19.536000000000005,5.344666666666666,2012.0,4895.08,2997.57,944.92,2739.83,448.6,1549.31,0.0
10,273.0,18.83,27.76,7.66,50.32,29.97,13.43,19.9,7.67,2012.0,273.0,11.05,20.92,0.0,26.51,10.26,-1.24,4.08,1.29,2012.0,273.0,16.761428571428574,24.764666666666667,0.7373333333333334,34.769999999999996,22.838666666666665,7.550666666666666,14.574666666666667,3.7239999999999998,2012.0,3909.73,2404.11,1197.38,2688.34,569.89,1903.34,0.01
11,289.0,15.41,31.97,12.0,89.95,25.28,11.63,16.45,10.62,2012.0,289.0,4.1,22.57,0.0,32.4,9.2,0.29,6.87,3.14,2012.0,289.0,11.043999999999999,27.261333333333337,2.6266666666666665,58.36466666666667,17.945333333333334,6.266666666666665,11.594,5.781333333333333,2012.0,3227.49,1759.48,1097.38,2117.16,551.86,1922.49,0.07
12,305.0,12.49,30.24,5.43,88.21,15.55,8.97,12.64,8.06,2012.0,305.0,3.82,22.14,0.0,52.76,5.95,-2.93,1.08,1.49,2012.0,305.0,8.649999999999999,25.354,0.7579999999999998,66.44666666666667,11.140666666666668,1.256,5.418666666666667,3.9026666666666667,2012.0,3067.79,1680.49,1180.07,2156.91,656.08,2172.61,0.16
