,DOY,INSgdmax,RADmax,RAINmax,RHmax,TMAXmax,TMINmax,Tmax,WINDmax,YEAR,DOY,INSgdmin,RADmin,RAINmin,RHmin,TMAXmin,TMINmin,Tmin,WINDmin,YEAR,DOY,INSgdmean,RADmean,RAINmean,RHmean,TMAXmean,TMINmean,Tmean,WINDmean,YEAR,NDVI,EVI,RED,NIR,BLUE,MIR,pixrel
0,113.0,25.5869,32.513099999999994,19.2147,84.3072,27.1291,17.275,20.386000000000003,10.6229,2012.0,113.0,5.8201,24.494300000000003,0.0,47.7545,15.0665,3.1340999999999997,9.3159,2.1627,2012.0,113.0,17.342153333333332,28.149739999999998,4.029826666666667,65.69848666666667,19.78384,7.863579999999999,13.700413333333334,5.635386666666666,2012.0,5300.06,1964.74,380.7,1339.86,220.36,657.64,0.03
1,129.0,28.570299999999996,33.877500000000005,23.7506,89.2762,29.186,19.6158,22.775800000000004,6.0478,2012.0,129.0,11.9769,25.229400000000002,0.0,43.7691,20.4944,7.8229,14.173300000000001,2.3562,2012.0,129.0,21.756373333333336,29.781760000000006,4.731933333333333,69.38692666666667,24.765513333333338,13.42832,18.992633333333334,4.415653333333333,2012.0,6179.34,2831.11,382.56,1812.61,238.54,633.51,0.0
2,145.0,29.397799999999997,34.9341,7.5104,83.4027,32.768299999999996,21.112099999999998,26.7335,8.5061,2012.0,145.0,6.819699999999999,24.3294,0.0,44.156,15.856200000000001,9.3035,13.0074,2.6125,2012.0,145.0,24.54311333333333,29.862593333333333,1.7260866666666663,58.683773333333335,27.0827,14.525013333333334,20.77456,5.510753333333334,2012.0,7334.02,3885.43,288.73,2306.31,192.56,475.39,0.01
3,161.0,30.1913,34.7404,19.2894,75.1579,34.5736,21.0992,26.5776,6.973800000000001,2012.0,161.0,18.163,26.1081,0.0,40.1159,22.0257,10.1534,16.264499999999998,1.6075000000000002,2012.0,161.0,25.60333333333333,30.940566666666665,2.544773333333333,53.03089333333334,29.774506666666667,16.553626666666666,22.990213333333337,4.297406666666667,2012.0,7677.09,3693.4,213.23,2064.39,149.09,354.28,0.0
4,177.0,29.4525,36.5,8.781,82.6542,39.894800000000004,25.8145,29.822200000000002,8.540399999999998,2012.0,177.0,14.283000000000001,29.011499999999998,0.0,38.5376,30.8727,13.9643,23.713,1.351,2012.0,177.0,26.740506666666665,33.737179999999995,1.5844866666666666,59.039559999999994,33.43718,21.224786666666667,27.07783333333333,4.6188666666666665,2012.0,7942.06,4287.98,237.53,2475.55,160.4,442.31,0.0
5,193.0,28.5906,37.6869,3.7622,60.538799999999995,41.1751,27.8139,34.4056,5.289999999999999,2012.0,193.0,18.2591,30.704,0.0,38.10040000000001,31.4906,19.7364,26.6799,1.4234999999999998,2012.0,193.0,26.286119999999997,35.11723333333333,0.42728666666666665,48.393406666666664,36.797853333333336,23.994313333333327,30.122586666666663,3.101653333333333,2012.0,7795.96,4243.87,237.41,2462.58,160.19,430.13,0.01
6,209.0,26.9078,38.7775,5.4251,74.8946,44.337900000000005,29.235,36.4056,6.0132,2012.0,209.0,10.997699999999998,32.1297,0.0,28.9377,27.5352,19.7497,23.729999999999997,1.8304,2012.0,209.0,22.503146666666666,35.12398666666666,1.79482,48.58414666666667,36.393213333333335,23.118473333333334,29.489386666666668,3.556666666666667,2012.0,7713.57,3899.28,251.87,2232.93,191.24,366.96,1.05
7,225.0,27.0406,35.346900000000005,11.082899999999999,82.3381,38.5331,21.939500000000002,29.1107,6.130699999999999,2012.0,225.0,8.3496,26.315399999999997,0.0,39.136,24.519099999999998,12.211599999999999,20.056199999999997,1.4667,2012.0,225.0,20.83396666666667,31.110653333333335,2.111746666666667,55.07760000000001,29.35544666666667,16.678466666666672,22.78564,3.4806733333333337,2012.0,7658.52,4072.15,264.54,2373.83,180.87,438.32,0.01
8,241.0,24.8319,36.2666,11.3505,94.12859999999999,36.7883,23.039699999999996,28.498599999999996,6.852,2012.0,241.0,5.800800000000001,27.237799999999996,0.0,32.7212,24.970100000000002,14.124499999999998,22.2445,1.53,2012.0,241.0,19.177866666666667,33.308066666666676,2.5431333333333335,61.15702,32.31237333333334,19.663240000000002,25.79238,3.7449466666666664,2012.0,7441.2,3440.35,252.92,1975.92,166.01,344.72,0.04
9,257.0,21.9768,31.9406,12.8864,80.3674,31.8204,16.0654,23.574199999999998,6.54,2012.0,257.0,3.7506000000000004,25.0581,0.0,38.1476,19.1489,6.5995,13.309999999999999,1.8661000000000003,2012.0,257.0,17.828653333333335,27.999933333333335,1.5421000000000002,56.261173333333346,25.819760000000002,11.687579999999997,18.555733333333333,4.110299999999999,2012.0,6632.76,3252.17,356.98,2016.02,229.64,459.87,0.14
10,273.0,19.8613,29.816200000000002,39.2337,62.795800000000014,28.2806,12.3649,19.2934,5.6158,2012.0,273.0,4.0927999999999995,21.739400000000003,0.0,41.0371,10.9377,0.22160000000000002,5.315799999999999,1.5019,2012.0,273.0,15.282333333333334,26.245540000000002,5.627506666666667,51.29578666666667,21.7583,7.904153333333333,14.442680000000001,3.33048,2012.0,5124.32,2308.26,488.19,1677.82,280.15,460.22,0.06
11,289.0,16.002200000000002,33.953700000000005,29.133899999999997,96.887,24.577099999999998,16.673700000000004,19.1673,7.357100000000001,2012.0,289.0,4.372599999999999,21.230900000000002,0.0,36.614399999999996,9.081199999999999,0.0803,6.9262999999999995,2.7889999999999997,2012.0,289.0,10.717593333333333,27.25327333333333,4.4278933333333335,68.31718666666666,18.076006666666668,6.3637733333333335,11.733013333333334,5.452333333333334,2012.0,5827.3,1899.45,279.92,1214.64,157.26,415.27,5.13
12,305.0,13.3662,32.504999999999995,2.741,90.34440000000001,25.8409,18.0783,21.484,8.1147,2012.0,305.0,3.2988,19.805,0.0,50.5133,8.3086,-2.4561,2.9202,1.4195,2012.0,305.0,9.900920000000001,24.592213333333326,0.20071999999999998,67.67569333333333,12.500153333333333,1.8015599999999998,6.576726666666666,4.198239999999999,2012.0,6291.96,1900.09,247.79,1133.46,152.36,346.1,0.16
