,DOY,INSgdmax,RADmax,RAINmax,RHmax,TMAXmax,TMINmax,Tmax,WINDmax,YEAR,DOY,INSgdmin,RADmin,RAINmin,RHmin,TMAXmin,TMINmin,Tmin,WINDmin,YEAR,DOY,INSgdmean,RADmean,RAINmean,RHmean,TMAXmean,TMINmean,Tmean,WINDmean,YEAR,NDVI,EVI,RED,NIR,BLUE,MIR,pixrel
0,113.0,25.6367,30.9127,24.0579,86.5134,29.155699999999996,15.357300000000002,21.047700000000003,10.8747,2012.0000000000002,113.0,4.873200000000001,23.597,0.0,48.758100000000006,12.185300000000002,2.009,8.1151,2.7178,2012.0000000000002,113.0,17.73240666666667,27.60444,5.48544,64.47746,19.361493333333335,7.257493333333334,13.212366666666668,5.911546666666667,2012.0000000000002,1794.32,520.97,334.08,893.09,229.65,410.57,49.19
1,129.0,28.5429,33.9941,22.222700000000003,89.95020000000001,29.1914,18.6637,22.1604,6.5293,2012.0000000000002,129.0,17.1819,24.046100000000003,0.0,43.989999999999995,19.4467,7.3354,13.8616,2.3817000000000004,2012.0000000000002,129.0,23.394006666666666,29.252446666666668,4.113613333333333,66.45585333333334,24.752573333333338,12.930206666666667,18.601086666666667,4.74466,2012.0000000000002,2358.9,1141.09,309.66,1040.53,203.26,365.82,23.51
2,145.0,29.0233,34.4501,20.729499999999998,85.8609,31.273899999999998,20.9786,25.8646,8.831600000000002,2012.0000000000002,145.0,7.594100000000001,25.6203,0.0,44.3308,14.5599,9.4293,12.2665,2.8334,2012.0000000000002,145.0,22.426546666666667,30.126719999999995,2.6605266666666667,59.66774,26.405599999999996,13.96152,20.147619999999996,6.01906,2012.0000000000002,2912.16,1455.01,126.86,1157.83,42.23,169.55,43.61
3,161.0,29.646899999999995,34.6306,15.7183,83.0473,32.809200000000004,20.7488,26.5384,7.3046,2012.0000000000002,161.0,15.9502,26.4928,0.0,34.0132,24.1086,12.1593,18.1864,2.2209,2012.0000000000002,161.0,24.400199999999998,31.527353333333334,3.014706666666666,54.893233333333335,29.262026666666664,16.790166666666668,22.925273333333337,4.571480000000001,2012.0000000000002,2639.37,1042.94,-235.36,1012.33,-308.05,-140.63,109.67
4,177.0,29.092499999999998,36.6242,15.4357,77.0797,40.214499999999994,25.4242,30.2396,8.473400000000002,2012.0000000000002,177.0,8.872499999999999,29.457099999999997,0.0,39.035599999999995,28.406100000000002,14.9478,22.065,1.9193,2012.0000000000002,177.0,24.874166666666667,33.70304666666666,2.0696266666666667,60.810293333333334,32.35832,20.880006666666667,26.476506666666673,4.9596800000000005,2012.0000000000002,3074.29,1532.06,-17.89,1255.22,-96.14,50.6,71.59
5,193.0,28.4465,37.3332,5.575799999999999,68.8553,40.3866,26.784100000000002,33.4655,5.1064,2012.0000000000002,193.0,16.214299999999998,30.6822,0.0,38.9742,29.6494,19.3483,26.0448,1.6711,2012.0000000000002,193.0,25.246500000000005,34.685500000000005,0.6186400000000001,49.105986666666674,35.69951999999999,23.396333333333335,29.27404,3.450133333333334,2012.0000000000002,3572.32,1903.97,253.05,1492.89,202.02,263.0,34.13
6,209.0,27.014,38.3212,8.463700000000001,70.1729,43.092699999999994,28.075700000000005,34.6703,6.635,2012.0000000000002,209.0,8.625499999999999,31.8388,0.0,33.3401,30.511700000000005,18.884,24.713899999999995,2.203,2012.0000000000002,209.0,23.28780666666667,35.140633333333334,2.0534600000000003,45.290906666666665,37.16416,22.853533333333335,29.70236,3.822366666666667,2012.0000000000002,2850.56,1204.4,-149.23,1041.08,-217.62,-86.22,89.34
7,225.0,27.2136,35.2551,10.675800000000002,70.3398,38.670899999999996,21.7645,29.4597,6.7654,2012.0000000000002,225.0,5.407400000000001,25.9127,0.0,33.5069,24.462900000000005,11.3087,18.7918,1.7951000000000001,2012.0000000000002,225.0,21.408039999999996,31.06063333333333,1.9056533333333334,48.591,30.010493333333333,16.382733333333334,22.918226666666662,3.8191066666666673,2012.0000000000002,2755.99,1076.11,-113.92,974.89,-191.53,-89.55,84.35
8,241.0,24.7125,35.9428,9.369499999999999,89.14910000000002,37.6273,24.0908,29.407199999999996,6.9253,2012.0000000000002,241.0,6.498600000000001,27.683300000000003,0.0,29.3933,26.401799999999998,14.2257,22.741,1.9453000000000003,2012.0000000000002,241.0,19.24062,33.20077333333333,2.077513333333333,53.041439999999994,33.23148666666667,19.93465333333333,26.38478666666667,3.969353333333334,2012.0000000000002,2391.33,520.04,-182.39,701.02,-279.54,-121.54,102.13
9,257.0,21.8555,32.923199999999994,10.6818,80.9244,33.7288,15.6539,23.6071,7.4367,2012.0000000000002,257.0,6.8301,24.9448,0.0,32.8549,17.7461,6.2407,12.9626,2.8108,2012.0000000000002,257.0,17.405326666666667,28.232393333333334,1.5587266666666666,50.30853333333334,26.050246666666666,11.611293333333332,18.485519999999998,4.811066666666667,2012.0000000000002,5188.91,2061.18,286.49,1340.43,161.74,78.16,5.14
10,273.0,19.7428,29.130499999999998,9.7404,51.973699999999994,29.173900000000003,12.3476,19.283599999999996,6.4732,2012.0000000000002,273.0,6.004499999999999,21.729499999999998,0.0,34.197500000000005,9.4176,-0.25110000000000005,4.3824,1.5424,2012.0000000000002,273.0,15.683833333333332,25.505793333333337,1.7077600000000002,43.64189999999999,22.02152,7.5847733333333345,14.383700000000001,3.54272,2012.0000000000002,1650.2,186.66,41.42,636.17,-83.36,47.18,84.41
11,289.0,15.5038,33.1016,23.9946,95.088,25.037,16.854,18.999,8.127699999999999,2012.0000000000002,289.0,4.7096,21.3548,0.0,33.2699,9.2562,-0.2064,6.8332999999999995,2.6508999999999996,2012.0000000000002,289.0,10.34202,27.522133333333333,3.7660866666666664,63.63941333333333,17.806453333333334,6.403973333333333,11.5011,5.428226666666665,2012.0000000000002,3309.88,1191.53,354.29,1050.12,189.22,300.64,18.11
12,305.0,13.0681,32.8855,5.8591999999999995,92.82189999999999,23.6555,16.2757,19.6929,7.387899999999999,2012.0000000000002,305.0,4.2619,19.9954,0.0,47.56270000000001,7.6701999999999995,-2.767,2.1942000000000004,1.8052,2012.0000000000002,305.0,8.95094,25.25584666666667,1.0928600000000002,65.2159,11.949919999999999,1.5410933333333334,6.012526666666667,3.872913333333333,2012.0000000000002,1392.58,392.29,964.32,1382.1,902.7,525.45,42.75
