,DOY,INSgdmax,RADmax,RAINmax,RHmax,TMAXmax,TMINmax,Tmax,WINDmax,YEAR,DOY,INSgdmin,RADmin,RAINmin,RHmin,TMAXmin,TMINmin,Tmin,WINDmin,YEAR,DOY,INSgdmean,RADmean,RAINmean,RHmean,TMAXmean,TMINmean,Tmean,WINDmean,YEAR,NDVI,EVI,RED,NIR,BLUE,MIR,pixrel
0,113.0,25.3975,31.3775,20.25,80.19749999999999,30.615,13.675000000000002,21.9175,10.4425,2012.0,113.0,2.7925,22.3375,0.0,46.76,14.61,1.475,8.795,2.3024999999999998,2012.0,113.0,18.463166666666666,27.708000000000006,4.194166666666667,58.245333333333335,20.59433333333333,7.123166666666666,13.54866666666667,6.204833333333333,2012.0,5338.79,3476.79,868.91,2914.54,458.91,1781.63,0.06
1,129.0,28.47,34.22,22.759999999999998,85.85249999999999,29.1075,18.2775,22.7675,7.297499999999999,2012.0,129.0,15.1825,24.417499999999997,0.0,37.1025,18.775,6.612500000000001,13.465,2.275,2012.0,129.0,23.405833333333334,29.121166666666664,4.700833333333334,59.83183333333334,25.193166666666666,12.497,18.725,4.96,2012.0,5290.98,3560.56,924.41,3047.79,485.0,2109.53,0.05
2,145.0,28.955,34.0175,21.63,90.22749999999999,31.55,20.525,25.0,9.2325,2012.0,145.0,7.455,25.6925,0.0,41.295,16.71,8.7725,12.3925,2.2425,2012.0,145.0,22.357833333333332,30.383333333333333,4.458333333333333,59.83466666666667,25.9185,13.962166666666667,19.81466666666667,6.253166666666667,2012.0,5353.18,3470.34,887.33,2925.93,469.65,1807.51,0.0
3,161.0,29.2875,34.697500000000005,21.7675,88.58250000000001,32.92,20.3425,25.9275,7.71,2012.0,161.0,7.112500000000001,27.8375,0.0,34.5025,24.139999999999997,11.96,19.22,2.085,2012.0,161.0,23.751666666666665,31.739666666666665,2.7445,55.74833333333333,29.34133333333334,17.044333333333334,23.128666666666664,5.136166666666668,2012.0,5901.49,4123.46,873.32,3352.93,467.43,1723.57,0.05
4,177.0,29.537499999999998,37.0975,15.055,78.815,41.6175,24.615000000000002,32.47,8.99,2012.0,177.0,4.0075,28.07,0.0,44.0275,27.89,13.9525,20.9925,2.6625,2012.0,177.0,23.413833333333336,34.069833333333335,2.8289999999999997,61.56816666666667,32.63616666666667,20.766166666666667,26.573,5.3515,2012.0,6805.94,4791.49,659.1,3488.57,358.15,1295.33,0.95
5,193.0,28.0725,38.12499999999999,3.7725,62.5575,41.0475,26.26,33.0725,6.26,2012.0,193.0,20.185000000000002,30.52,0.0,36.5625,32.01499999999999,19.3325,26.3875,1.6600000000000001,2012.0,193.0,25.5825,34.69716666666667,0.4318333333333333,45.259,36.40566666666666,23.222333333333335,29.60033333333333,3.997,2012.0,6646.54,4599.57,680.27,3386.5,365.42,1303.27,0.0
6,209.0,26.93,38.3875,11.512500000000001,49.06500000000001,43.70000000000001,28.895000000000003,35.8125,6.9425,2012.0,209.0,6.640000000000001,32.9,0.0,28.1075,33.2375,19.740000000000002,26.125,2.25,2012.0,209.0,24.168833333333332,35.45583333333333,2.0143333333333335,38.12866666666666,38.74283333333333,23.897499999999997,30.991833333333325,4.399333333333333,2012.0,6609.21,4702.34,703.92,3501.99,381.57,1333.36,0.0
7,225.0,27.33,36.29,7.52,68.755,39.167500000000004,23.79,31.09,7.2075000000000005,2012.0,225.0,6.88,25.5775,0.0,28.854999999999997,22.169999999999998,10.105,17.075,2.2375000000000003,2012.0,225.0,21.383499999999998,31.072500000000005,1.9376666666666669,43.898,31.13833333333334,16.488833333333332,23.607833333333332,4.1739999999999995,2012.0,6086.88,3894.86,714.28,2951.35,381.72,1347.94,0.05
8,241.0,24.3975,35.97,14.09,84.77250000000001,40.725,22.119999999999997,30.6425,6.895,2012.0,241.0,4.83,28.6775,0.0,27.997500000000002,23.76,14.135,22.17,2.52,2012.0,241.0,19.741166666666665,33.16433333333333,1.4351666666666667,49.286166666666674,34.26533333333334,19.63533333333333,26.729,4.447,2012.0,6482.04,3926.71,573.68,2764.09,309.67,1197.75,0.01
9,257.0,21.872500000000002,33.16,7.617499999999999,67.205,36.2825,18.16,26.41,8.4125,2012.0,257.0,7.8025,24.7325,0.0,25.955000000000002,21.605,6.3225,13.837499999999999,2.8674999999999997,2012.0,257.0,18.300666666666668,28.271666666666672,1.3475000000000001,41.711999999999996,27.188166666666667,12.275333333333334,19.336500000000004,5.327333333333333,2012.0,5688.6,3473.95,757.73,2755.0,389.27,1354.41,0.02
10,273.0,18.999999999999996,27.740000000000002,7.5825,50.475,29.7175,13.1675,19.747500000000002,7.5825000000000005,2012.0,273.0,10.3125,21.17,0.0,28.17,10.1625,-1.2275,4.015,1.35,2012.0,273.0,16.6302380952381,24.764,0.7931666666666666,35.815,22.65583333333333,7.446,14.442833333333335,3.6999999999999997,2012.0,4511.77,2703.96,982.25,2572.84,490.12,1686.03,0.01
11,289.0,15.454999999999998,32.0425,12.7325,90.815,25.3125,12.347500000000002,16.7725,10.3525,2012.0,289.0,4.3525,22.4625,0.0,32.8125,9.1525,0.185,6.805,3.0625,2012.0,289.0,11.065166666666666,27.2555,2.6203333333333334,58.956500000000005,17.846666666666668,6.225499999999999,11.527666666666667,5.754833333333334,2012.0,4170.17,2233.94,875.95,2114.76,468.91,1641.71,0.06
12,305.0,12.535,30.564999999999998,6.6925,88.70749999999998,16.095,9.2575,13.0475,8.0325,2012.0,305.0,3.91,22.3825,0.0,51.417500000000004,6.1775,-2.8775,1.1825,1.51,2012.0,305.0,8.628666666666664,25.447166666666664,0.9095,65.67166666666667,11.173833333333334,1.2393333333333334,5.442833333333334,3.8938333333333333,2012.0,3895.25,2112.1,963.81,2152.55,526.4,1858.83,0.03
