,DOY,INSgdmax,RADmax,RAINmax,RHmax,TMAXmax,TMINmax,Tmax,WINDmax,YEAR,DOY,INSgdmin,RADmin,RAINmin,RHmin,TMAXmin,TMINmin,Tmin,WINDmin,YEAR,DOY,INSgdmean,RADmean,RAINmean,RHmean,TMAXmean,TMINmean,Tmean,WINDmean,YEAR,NDVI,EVI,RED,NIR,BLUE,MIR,pixrel
0,113.0,25.805999999999997,32.0206,25.2433,87.55539999999999,25.169199999999996,16.3816,19.4891,10.3963,2011.9999999999998,113.0,4.7082,24.002900000000004,0.0,52.893100000000004,12.652899999999999,1.1325999999999998,7.1739999999999995,2.2186,2011.9999999999998,113.0,17.11103333333333,27.528053333333332,4.960579999999999,68.36084,17.46738,6.1268866666666675,11.583913333333332,5.709633333333333,2011.9999999999998,3240.63,1224.23,371.94,1248.49,132.08,739.26,38.46
1,129.0,28.7383,32.827999999999996,25.856199999999998,90.3761,28.1252,18.426299999999998,21.8659,6.1782,2011.9999999999998,129.0,12.6446,23.408299999999997,0.0,47.122899999999994,18.677500000000002,6.849400000000001,12.787700000000001,2.5164000000000004,2011.9999999999998,129.0,22.49419333333333,28.81034,4.879106666666667,69.69181999999999,23.528053333333332,11.686086666666666,17.31208,4.598719999999999,2011.9999999999998,5129.51,2509.53,342.57,1820.74,184.5,607.4,25.66
2,145.0,29.227,34.628600000000006,29.121499999999997,86.12960000000001,31.403000000000002,21.277099999999997,25.755100000000002,8.7986,2011.9999999999998,145.0,8.790199999999999,24.221700000000006,0.0,48.953799999999994,13.8856,8.1276,11.7229,3.0467,2011.9999999999998,145.0,22.836933333333334,29.641393333333337,3.332846666666667,62.48163333333333,25.604240000000004,13.267299999999999,19.33671333333333,5.8533333333333335,2011.9999999999998,5921.9,3476.34,287.54,2316.01,169.8,483.64,23.13
3,161.0,30.0148,34.7716,13.7449,76.7133,32.3056,19.8781,25.676000000000002,7.0697,2011.9999999999998,161.0,17.2946,25.3619,0.0,40.60039999999999,22.8669,9.3629,16.656200000000002,1.8169,2011.9999999999998,161.0,25.07372,30.854246666666665,2.838346666666667,55.06687999999999,28.550013333333336,15.682333333333334,22.035579999999996,4.44458,2011.9999999999998,6145.89,3999.06,215.98,2606.79,105.69,439.4,25.91
4,177.0,29.731,36.4188,8.160100000000002,80.25300000000001,37.3911,25.2581,29.110400000000006,8.0587,2011.9999999999998,177.0,12.3088,28.0773,0.0,39.8301,27.9862,13.662500000000001,22.314799999999998,1.6352000000000002,2011.9999999999998,177.0,25.372117142857142,33.18564000000001,1.8488133333333336,58.647846666666666,31.697786666666673,20.339033333333333,26.027193333333337,4.6631,2011.9999999999998,6139.31,3852.72,138.03,2461.06,43.49,326.26,33.2
5,193.0,27.855099999999993,36.9137,7.473,72.5849,40.009299999999996,26.6132,33.0252,4.738700000000001,2011.9999999999998,193.0,5.8299,30.273799999999998,0.0,38.1323,29.4343,18.987499999999997,25.5911,1.4570999999999998,2011.9999999999998,193.0,24.141986666666664,34.60524,1.103333333333333,51.68752,34.91549333333334,23.033340000000003,28.763260000000006,3.0913133333333325,2011.9999999999998,6313.94,4216.63,237.77,2694.29,144.83,461.07,17.97
6,209.00000000000003,26.863000000000003,38.299299999999995,9.479,81.444,41.7674,26.437200000000004,33.13250000000001,6.392899999999999,2011.9999999999998,209.00000000000003,9.2228,31.173700000000004,0.0,38.6165,25.3184,18.394299999999998,22.304299999999998,1.8054,2011.9999999999998,209.00000000000003,21.76426,34.86082,2.1470000000000002,52.10515999999999,34.822966666666666,21.919873333333335,28.18184,3.5070066666666673,2011.9999999999998,6223.86,3522.28,136.76,2233.3,50.8,320.05,33.31
7,225.0,27.1437,34.926700000000004,13.208799999999998,81.90939999999999,35.0743,19.6693,27.0552,6.707400000000001,2011.9999999999998,225.0,6.8278,25.946600000000004,0.0,38.537000000000006,24.3038,12.0828,19.099800000000002,1.4866999999999997,2011.9999999999998,225.0,21.12552666666667,30.774926666666662,1.69104,51.982240000000004,28.761120000000005,16.07896,22.109340000000003,3.5609866666666656,2011.9999999999998,6223.66,3636.22,246.87,2357.58,141.86,454.87,23.15
8,240.99999999999997,24.6316,35.6632,9.960299999999998,90.18480000000001,36.4347,22.976900000000004,28.575599999999998,6.800800000000001,2011.9999999999998,240.99999999999997,10.465400000000002,26.9741,0.0,30.8347,25.4449,13.7427,21.906199999999995,1.6985,2011.9999999999998,240.99999999999997,19.51887333333333,32.979546666666664,2.4094733333333336,55.264926666666675,32.47596,19.36929333333333,25.69627333333333,3.8598599999999994,2011.9999999999998,6049.75,3175.54,343.7,2136.27,240.16,452.0,20.7
9,257.0,21.669499999999996,31.8467,13.0335,74.74279999999999,32.273,15.0591,22.6811,7.2105999999999995,2011.9999999999998,257.0,5.8418,25.2491,0.0,36.8249,17.5119,5.845299999999999,12.1882,2.5879000000000003,2011.9999999999998,257.0,17.332706666666667,27.92062,1.7910666666666666,53.54465333333334,24.993859999999998,10.987033333333333,17.779546666666665,4.60848,2011.9999999999998,5237.0,2462.37,192.74,1736.25,38.37,390.34,38.31
10,273.0,19.358500000000003,29.068400000000004,11.7943,57.4872,28.3677,10.4497,18.2381,6.4695,2011.9999999999998,273.0,7.3945,21.345399999999994,0.0,35.6926,9.104699999999998,-0.014199999999999994,4.330799999999999,1.2081,2011.9999999999998,273.0,15.514380000000001,25.282206666666667,1.7411066666666664,47.918053333333326,20.823439999999998,6.699786666666667,13.467726666666668,3.6315333333333335,2011.9999999999998,3799.27,1703.16,346.12,1512.51,117.88,450.67,40.82
11,289.0,15.1663,32.5363,34.606,97.50519999999999,22.4557,13.987099999999998,16.6308,7.821899999999999,2011.9999999999998,289.0,3.5145999999999997,21.365499999999997,0.0,36.50339999999999,8.5169,-1.0285,5.560700000000001,2.545,2011.9999999999998,289.0,9.515153333333332,27.01282666666667,4.92228,69.19925333333333,16.52138,5.082653333333333,10.153406666666667,5.044253333333334,2011.9999999999998,3820.44,1224.37,224.28,1074.05,56.98,479.23,40.87
12,305.0,12.9775,33.0559,4.2528999999999995,97.327,23.916299999999996,18.207700000000003,20.448099999999997,7.3152,2011.9999999999998,305.0,3.2363,19.2121,0.0,49.7381,7.518000000000001,-3.2743,2.0065999999999997,1.7065000000000001,2011.9999999999998,305.0,9.392306666666666,24.18210666666667,0.4470466666666666,67.80176666666667,11.368860000000002,0.9639466666666667,5.453666666666668,3.933126666666667,2011.9999999999998,3834.39,1026.37,158.12,904.21,12.37,446.32,43.49
