,DOY,INSgdmax,RADmax,RAINmax,RHmax,TMAXmax,TMINmax,Tmax,WINDmax,YEAR,DOY,INSgdmin,RADmin,RAINmin,RHmin,TMAXmin,TMINmin,Tmin,WINDmin,YEAR,DOY,INSgdmean,RADmean,RAINmean,RHmean,TMAXmean,TMINmean,Tmean,WINDmean,YEAR,NDVI,EVI,RED,NIR,BLUE,MIR,pixrel
0,113.0,25.81,31.43,34.94,80.94,31.78,14.92,22.82,11.01,2012.0,113.0,4.86,22.82,0.0,46.56,14.73,2.54,9.29,2.26,2012.0,113.0,19.637333333333338,27.917999999999996,5.365333333333334,58.92000000000001,21.528000000000002,7.821333333333332,14.671999999999999,6.061333333333335,2012.0,4076.75,2449.48,1060.61,2506.58,536.13,1985.04,0.0
1,129.0,28.4,34.67,23.5,87.25,30.38,19.94,23.78,6.82,2012.0,129.0,19.04,25.67,0.0,44.15,21.86,7.2,14.89,2.26,2012.0,129.0,24.586,29.514,4.180666666666666,63.023999999999994,25.742666666666665,13.418000000000001,19.376666666666665,4.744666666666666,2012.0,3798.01,2598.75,1380.33,3045.81,684.73,2942.87,0.28
2,145.0,29.38,34.52,11.67,89.21,31.95,20.94,25.62,9.65,2012.0,145.0,11.16,26.86,0.0,41.18,18.91,9.8,14.02,2.36,2012.0,145.0,22.826,30.93466666666667,3.2213333333333325,57.245333333333335,27.238000000000003,15.016666666666667,21.039333333333335,6.3439999999999985,2012.0,4440.44,2971.51,1160.0,2998.22,590.89,2303.44,0.45
3,161.0,29.38,34.99,21.68,81.6,33.65,21.73,26.21,7.47,2012.0,161.0,5.62,27.94,0.0,35.58,25.37,11.86,20.25,2.27,2012.0,161.0,24.172666666666668,31.922666666666668,4.074,54.13399999999999,30.30666666666667,17.541333333333334,23.877333333333333,4.940666666666666,2012.0,6866.94,4831.48,654.18,3510.26,351.04,1358.71,0.16
4,177.0,29.74,37.12,19.07,75.45,42.65,25.79,33.45,9.52,2012.0,177.0,7.24,28.94,0.0,43.71,29.77,15.27,21.99,2.58,2012.0,177.0,24.289333333333335,34.63466666666667,2.9246666666666665,60.778,33.657333333333334,21.75266666666666,27.404,5.438,2012.0,7755.95,5964.15,517.07,4126.0,282.42,1090.97,0.82
5,193.0,28.55,37.55,0.96,60.47,44.06,26.89,34.66,6.22,2012.0,193.0,18.79,30.85,0.0,32.09,31.99,20.13,27.34,2.07,2012.0,193.0,26.762666666666668,34.96133333333333,0.07533333333333334,42.56733333333334,37.67466666666666,24.032666666666668,30.564666666666668,4.049333333333333,2012.0,7739.56,5805.59,495.26,3957.82,273.04,1015.35,0.0
6,209.0,27.0,38.05,14.02,41.2,44.36,29.73,36.28,6.87,2012.0,209.0,22.14,31.68,0.0,25.88,34.92,20.72,27.96,2.54,2012.0,209.0,25.837333333333337,35.507333333333335,2.108,33.73466666666666,40.376,24.933333333333334,32.443999999999996,4.3886666666666665,2012.0,7664.61,5634.38,496.81,3823.59,275.64,960.53,0.12
7,225.0,27.25,36.5,7.31,53.21,42.37,26.21,33.08,6.94,2012.0,225.0,6.98,26.14,0.0,26.08,28.6,10.95,20.52,2.45,2012.0,225.0,22.772,31.396666666666665,1.7473333333333332,37.38333333333333,33.657999999999994,17.772000000000002,25.467333333333332,4.228666666666666,2012.0,6749.02,4499.56,605.5,3197.64,325.72,1093.89,0.25
8,241.0,24.59,36.25,12.41,83.78,40.35,23.19,30.64,6.36,2012.0,241.0,5.22,30.06,0.0,26.18,24.63,16.18,22.8,2.4,2012.0,241.0,19.68733333333333,33.342666666666666,1.8206666666666669,49.55866666666666,34.78533333333334,20.435333333333336,27.351999999999997,4.294,2012.0,6152.83,3991.41,704.61,3007.78,375.71,1265.41,0.25
9,257.0,22.21,34.27,7.82,78.88,36.37,17.98,26.58,7.93,2012.0,257.0,7.7,24.84,0.0,27.94,18.77,6.94,13.84,3.16,2012.0,257.0,17.412,28.720000000000006,1.7173333333333334,46.30866666666666,27.644666666666662,12.594666666666665,19.744666666666667,4.944666666666666,2012.0,4580.31,2741.07,985.51,2630.47,462.31,1673.08,0.0
10,273.0,19.94,28.84,12.3,50.82,29.99,13.41,20.07,6.71,2012.0,273.0,11.3,21.56,0.0,29.86,9.31,0.03,4.47,1.2,2012.0,273.0,16.658666666666665,25.581333333333326,1.908,39.22266666666667,22.762666666666668,8.404000000000002,15.054,3.2986666666666675,2012.0,3547.55,2313.58,1378.72,2847.37,667.38,2068.65,0.23
11,289.0,16.16,33.23,15.31,94.17,26.22,16.25,19.02,10.8,2012.0,289.0,4.32,22.07,0.0,35.62,10.01,0.97,7.79,2.38,2012.0,289.0,11.571999999999997,27.452,3.5806666666666667,59.22133333333332,18.99866666666667,7.4786666666666655,12.661333333333337,5.572666666666666,2012.0,3005.41,1844.18,1344.04,2488.37,666.81,2110.0,0.14
12,305.0,13.07,30.82,3.86,92.51,18.58,11.29,15.07,8.36,2012.0,305.0,3.78,22.46,0.0,52.68,7.26,-2.33,1.89,1.32,2012.0,305.0,9.599999999999998,25.194666666666667,0.5153333333333333,65.092,12.517333333333333,2.1653333333333338,6.5233333333333325,3.8293333333333326,2012.0,2925.67,1585.83,1125.3,2053.29,554.81,2126.02,0.02
