,DOY,INSgdmax,RADmax,RAINmax,RHmax,TMAXmax,TMINmax,Tmax,WINDmax,YEAR,DOY,INSgdmin,RADmin,RAINmin,RHmin,TMAXmin,TMINmin,Tmin,WINDmin,YEAR,DOY,INSgdmean,RADmean,RAINmean,RHmean,TMAXmean,TMINmean,Tmean,WINDmean,YEAR,NDVI,EVI,RED,NIR,BLUE,MIR,pixrel
0,113.0,25.6266,31.485200000000006,24.007600000000004,88.96959999999999,28.8476,14.7718,21.694000000000003,10.802800000000001,2012.0,113.0,4.8222,24.6072,0.0,47.924800000000005,14.838000000000001,3.0276,8.8684,2.347,2012.0,113.0,17.25116,28.142386666666667,4.714533333333334,65.00330666666667,20.378253333333337,8.258840000000001,14.288120000000003,5.712906666666667,2012.0,4631.34,1909.75,425.53,1377.35,264.9,695.9,0.08
1,129.0,28.586399999999998,34.15840000000001,25.602600000000002,91.44019999999999,29.316799999999997,19.5762,22.9204,6.362399999999999,2012.0,129.0,15.7428,25.33,0.0,46.1708,20.970799999999997,7.852799999999999,14.488800000000001,2.2328,2012.0,129.0,22.477360000000004,29.827466666666666,5.555853333333333,69.68879999999999,24.969520000000003,13.865400000000005,19.236839999999997,4.380413333333333,2012.0,5434.56,2360.4,386.44,1555.28,260.58,577.16,0.02
2,145.0,29.1884,34.4732,7.3398,84.83359999999999,31.641399999999997,20.795199999999998,26.043,8.0942,2012.0,145.0,6.255199999999999,25.048,0.0,43.8874,17.0582,9.4276,13.572799999999999,3.1784,2012.0,145.0,23.69536,30.35164,1.3434533333333334,59.44052,27.032373333333332,14.724933333333334,20.88064,5.558173333333333,2012.0,6412.58,3077.06,305.23,1849.14,220.08,462.51,0.01
3,161.0,29.976599999999998,35.1948,20.249200000000002,81.9482,33.9182,20.74,26.6162,6.8194,2012.0,161.0,17.911,26.759999999999998,0.0,34.543400000000005,25.0836,12.2086,18.221,2.1864,2012.0,161.0,25.131644761904766,31.600693333333332,2.793093333333333,53.3724,30.220666666666666,16.900373333333334,23.361773333333336,4.3733733333333324,2012.0,7023.4,3742.37,299.88,2247.77,207.18,511.55,0.01
4,177.0,29.2382,36.8232,17.8062,76.057,40.633399999999995,25.0004,30.749000000000002,8.927599999999998,2012.0,177.0,9.790799999999999,29.69,0.0,36.682199999999995,30.281599999999997,15.2274,23.7986,2.0694,2012.0,177.0,26.23752,34.05673333333333,2.0180933333333337,58.70262666666666,33.659040000000005,21.51302666666667,27.269439999999996,4.9456266666666675,2012.0,6865.24,3529.72,290.63,2096.0,210.22,423.42,0.01
5,193.0,28.201200000000004,37.4918,4.0358,63.8054,42.25279999999999,27.7904,34.4996,5.043800000000001,2012.0,193.0,11.442000000000002,32.1158,0.0,36.8552,31.7688,20.7126,26.970800000000004,1.4518,2012.0,193.0,25.23070666666667,35.16392,0.4401066666666667,46.61024,37.28450666666667,23.998266666666666,30.270333333333337,3.3949200000000004,2012.0,7124.51,3637.81,294.6,2151.91,217.87,481.64,0.27
6,209.0,26.7782,38.383399999999995,7.6108,62.2608,44.2204,29.5494,35.86,6.4654,2012.0,209.0,9.4374,32.175,0.0,27.8934,32.8694,20.095,26.465799999999998,2.5108,2012.0,209.0,23.496653333333335,35.39298666666666,1.7695066666666666,41.81838666666667,38.69852,23.80792,30.829813333333334,3.918533333333334,2012.0,7016.4,3407.92,269.74,1991.69,192.34,441.91,0.03
7,225.0,27.0096,35.5274,10.8084,77.5804,40.1212,22.720399999999998,30.125999999999998,6.2838,2012.0,225.0,7.8549999999999995,26.24,0.0,34.5016,25.4496,12.347,20.403799999999997,1.69,2012.0,225.0,20.783866666666665,31.53366666666667,2.1626533333333335,50.45501333333334,30.647640000000003,16.892879999999998,23.509546666666665,3.6772266666666673,2012.0,6843.39,3131.69,265.54,1858.19,171.89,363.94,0.22
8,241.0,24.6696,36.2566,11.3664,94.0596,37.5596,23.895400000000002,29.579,7.133800000000001,2012.0,241.0,8.0952,28.7622,0.0,25.9972,25.4328,15.674599999999998,23.4204,1.6912,2012.0,241.0,19.188039999999997,33.50253333333333,2.2725999999999997,57.07432,32.86158666666667,20.314,26.387119999999996,3.894613333333334,2012.0,6088.85,2692.77,322.1,1663.03,209.86,472.98,0.13
9,257.0,22.1498,31.9436,7.6336,81.83279999999999,32.162800000000004,16.288,23.8358,6.6335999999999995,2012.0,257.0,5.3776,24.2164,0.0,35.7722,18.3052,6.589,13.4734,2.1725999999999996,2012.0,257.0,17.84574666666667,28.21505333333333,1.4025066666666666,55.08585333333333,26.069826666666664,11.801133333333333,18.702893333333332,4.282533333333333,2012.0,6057.78,2196.62,278.7,1347.47,164.66,361.36,0.02
10,273.0,20.1018,30.2442,17.425800000000002,63.74979999999999,28.5682,13.7728,20.272399999999998,5.574,2012.0,273.0,3.6963999999999997,22.2504,0.0,40.083400000000005,9.5884,0.5790000000000001,5.158799999999999,1.6606,2012.0,273.0,15.214146666666668,26.58404,2.771,49.04514666666667,22.264186666666667,8.795386666666667,15.098253333333336,3.300906666666667,2012.0,5134.72,2013.28,407.6,1417.65,254.85,476.62,2.74
11,289.0,16.5834,34.2968,29.173800000000004,95.60300000000001,26.433999999999997,18.4582,20.3016,8.2774,2012.0,289.0,4.6112,21.375200000000003,0.0,36.096999999999994,9.5252,0.3214,7.6942,2.582,2012.0,289.0,11.155973333333332,27.775773333333333,4.272733333333334,64.8428,18.968853333333332,6.980586666666667,12.41412,5.559266666666666,2012.0,5039.69,1847.1,390.66,1267.57,291.19,470.93,0.78
12,305.0,13.485,32.88699999999999,4.6526,93.2642,25.7232,18.6874,21.5334,7.7,2012.0,305.0,3.5413999999999994,19.866799999999998,0.0,50.952799999999996,6.995,-2.385,2.4756,1.8346,2012.0,305.0,9.361680000000002,25.222506666666668,0.7442533333333333,67.29574666666667,12.734226666666665,2.1880533333333334,6.798426666666666,4.049613333333333,2012.0,3384.02,1748.64,1227.83,2133.3,1177.9,526.12,2.15
