,DOY,INSgdmax,RADmax,RAINmax,RHmax,TMAXmax,TMINmax,Tmax,WINDmax,YEAR,DOY,INSgdmin,RADmin,RAINmin,RHmin,TMAXmin,TMINmin,Tmin,WINDmin,YEAR,DOY,INSgdmean,RADmean,RAINmean,RHmean,TMAXmean,TMINmean,Tmean,WINDmean,YEAR,NDVI,EVI,RED,NIR,BLUE,MIR,pixrel
0,113.0,25.478799999999996,30.8148,25.042,83.3064,30.230399999999996,14.0212,21.569200000000002,10.644400000000001,2012.0,113.0,3.0616000000000003,22.2312,0.0,49.921200000000006,14.168399999999998,1.4324000000000001,8.313600000000001,2.6451999999999996,2012.0,113.0,17.911413333333332,27.353626666666667,5.402613333333333,61.18250666666667,19.85544,6.987919999999999,13.17192,6.224826666666667,2012.0,4260.67,2053.12,789.54,1900.92,399.72,1351.85,0.01
1,129.0,28.48,34.660000000000004,24.790000000000003,86.46879999999999,28.5256,18.3128,22.1896,7.042800000000001,2012.0,129.0,14.0168,23.8136,0.0,40.7472,18.312,6.8844,13.3368,2.0392,2012.0,129.0,23.22848,29.05618666666667,4.295253333333332,62.10314666666667,24.75064,12.532746666666666,18.518613333333338,4.961466666666667,2012.0,4985.75,2486.13,698.78,2034.06,364.34,1170.7,0.18
2,145.0,28.601200000000002,34.1636,24.6816,89.1412,30.885599999999997,20.574399999999997,25.229999999999997,9.582,2012.0,145.0,8.9672,25.8928,0.0,42.7636,15.5088,8.922,11.9136,1.7244000000000002,2012.0,145.0,22.449306666666672,30.18293333333333,3.3180533333333333,59.531679999999994,25.964773333333337,13.797893333333331,19.78632,6.241146666666668,2012.0,6507.56,3687.93,541.08,2545.21,290.19,961.45,0.02
3,161.0,29.3176,34.7384,16.686,88.32479999999998,32.4208,21.623600000000003,25.971999999999998,7.76,2012.0,161.0,12.697600000000001,27.233600000000003,0.0,32.1956,23.9196,12.2248,18.8856,2.0451999999999995,2012.0,161.0,23.718053333333334,31.824906666666667,2.784906666666667,55.990026666666665,28.932960000000005,17.09258666666667,22.91664,4.998133333333333,2012.0,7042.28,4316.34,487.87,2879.97,265.72,915.56,0.0
4,177.0,29.0164,36.634,15.014000000000001,78.36240000000001,40.654399999999995,25.3012,31.801199999999998,8.718800000000002,2012.0,177.0,5.938000000000001,28.985200000000003,0.0,43.906400000000005,27.659599999999998,14.6168,20.9348,2.1664,2012.0,177.0,23.338319999999996,33.929226666666665,2.50672,61.820159999999994,32.08813333333333,20.706479999999996,26.369813333333333,5.238159999999999,2012.0,7231.31,4262.27,437.93,2763.52,240.88,831.99,0.06
5,193.0,28.300000000000004,37.9208,4.014,69.68480000000001,39.361200000000004,26.2468,32.626799999999996,5.8228,2012.0,193.0,17.8388,30.4724,0.0,39.47319999999999,29.7984,19.054399999999998,25.946799999999996,1.8967999999999998,2012.0,193.0,25.304959999999998,34.480426666666666,0.4692266666666666,48.217493333333344,35.19474666666667,23.188106666666673,28.995146666666667,3.81776,2012.0,7465.93,4305.03,387.14,2705.17,213.83,776.56,0.21
6,209.0,26.9348,37.9452,10.9692,61.6024,42.6824,28.037599999999998,34.602799999999995,7.037999999999999,2012.0,209.0,4.4468,32.3152,0.0,33.046800000000005,31.9908,19.3684,25.3988,2.0587999999999997,2012.0,209.0,23.45034666666667,35.12144000000001,2.2525333333333335,42.52506666666667,37.418853333333324,23.050639999999998,29.911519999999996,4.093146666666667,2012.0,7424.56,4108.6,379.31,2570.19,209.84,737.18,0.14
7,225.0,27.348799999999997,36.110800000000005,9.9828,68.0624,38.37799999999999,22.882800000000003,30.0668,7.034,2012.0,225.0,7.877599999999999,25.464800000000004,0.0,31.1096,23.0376,10.352,17.233999999999998,1.8432000000000002,2012.0,225.0,21.12386666666666,31.005466666666667,2.40728,46.128506666666674,30.165893333333333,16.186960000000003,22.979440000000004,4.0402933333333335,2012.0,7278.46,3835.4,375.16,2393.91,204.23,699.98,0.0
8,241.0,24.520000000000003,35.977599999999995,12.505600000000001,86.8964,38.7556,22.428400000000003,29.705199999999998,7.0128,2012.0,241.0,4.4416,28.0684,0.0,30.587200000000003,24.787599999999998,13.946,22.301600000000004,2.0792,2012.0,241.0,19.613680000000006,33.011759999999995,1.6007466666666668,51.29413333333334,33.407066666666665,19.472373333333334,26.25725333333333,4.2826933333333335,2012.0,6471.96,3436.88,506.5,2349.72,267.57,888.04,0.02
9,257.0,21.8072,33.233599999999996,10.049599999999998,74.64639999999999,34.9688,16.4856,24.810000000000002,8.2596,2012.0,257.0,8.5988,24.661599999999996,0.0,28.474,20.2048,6.2212000000000005,13.147199999999998,2.7908,2012.0,257.0,17.941573333333334,28.199120000000004,1.4417866666666665,45.57994666666667,26.333333333333336,11.893813333333334,18.704720000000002,5.241946666666667,2012.0,5921.67,2787.18,528.28,2006.42,255.02,835.13,0.0
10,273.0,19.534,27.870399999999997,7.1564,50.7832,28.9744,12.356,19.238799999999998,7.247999999999999,2012.0,273.0,7.887199999999999,21.886400000000002,0.0,32.977199999999996,9.8316,-1.0859999999999999,3.8632,1.5316,2012.0,273.0,16.164666666666665,24.830053333333332,1.0136800000000001,39.3068,22.100719999999995,7.143840000000001,14.067706666666668,3.628853333333333,2012.0,4918.78,2284.89,664.42,1874.92,340.21,932.55,0.03
11,289.0,15.4924,32.288799999999995,15.773199999999997,93.5268,25.314,14.800799999999999,17.8888,9.2844,2012.0,289.0,4.9836,22.0184,0.0,33.9188,9.075600000000001,-0.15400000000000003,6.613200000000001,2.8108000000000004,2012.0,289.0,10.987866666666669,27.272133333333333,2.6419733333333335,61.024480000000004,17.541813333333334,6.123546666666666,11.321413333333334,5.632879999999999,2012.0,3473.65,1756.96,1074.61,2003.04,744.09,797.64,1.84
12,305.0,12.698799999999999,31.6776,10.1984,90.6464,18.456400000000002,10.6192,14.868400000000001,7.913200000000001,2012.0,305.0,4.2888,22.695600000000002,0.0,47.034800000000004,7.0232,-2.7392000000000003,1.5972,1.578,2012.0,305.0,8.543759999999997,25.698613333333324,1.3534400000000002,63.354346666666665,11.334666666666667,1.2018133333333334,5.552453333333333,3.864773333333334,2012.0,2381.32,1416.46,2137.23,2925.05,1988.84,627.57,2.11
