,DOY,INSgdmax,RADmax,RAINmax,RHmax,TMAXmax,TMINmax,Tmax,WINDmax,YEAR,DOY,INSgdmin,RADmin,RAINmin,RHmin,TMAXmin,TMINmin,Tmin,WINDmin,YEAR,DOY,INSgdmean,RADmean,RAINmean,RHmean,TMAXmean,TMINmean,Tmean,WINDmean,YEAR,NDVI,EVI,RED,NIR,BLUE,MIR,pixrel
0,113.0,25.31,32.08,15.97,81.95,26.27,18.34,20.67,10.63,2012.0,113.0,7.02,24.26,0.0,48.5,14.96,3.34,9.11,1.9,2012.0,113.0,16.531333333333333,28.05933333333334,3.2753333333333337,66.00000000000001,19.520666666666667,7.652,13.453333333333335,5.707333333333333,2012.0,5681.84,2312.71,429.53,1581.34,238.15,742.9,0.06
1,129.0,28.62,33.7,26.69,89.12,28.76,19.63,22.79,5.92,2012.0,129.0,8.86,25.13,0.0,44.33,20.04,7.83,14.01,2.2,2012.0,129.0,21.029333333333334,29.789333333333328,5.352,69.95066666666666,24.558666666666667,13.386666666666667,18.924,4.326666666666667,2012.0,6225.93,2785.37,407.79,1818.71,229.21,732.67,0.0
2,145.0,29.27,35.14,10.18,83.14,32.96,21.46,26.84,8.57,2012.0,145.0,6.77,24.23,0.0,45.86,16.41,9.41,13.05,2.08,2012.0,145.0,24.64866666666667,29.645333333333337,1.9613333333333332,59.41933333333334,27.056666666666665,14.519333333333332,20.72533333333333,5.414666666666665,2012.0,7533.29,4081.16,332.06,2472.94,202.42,578.03,0.09
3,161.0,30.17,35.28,17.06,75.52,35.17,21.44,26.89,7.13,2012.0,161.0,17.24,26.03,0.0,42.75,20.84,9.77,15.59,1.43,2012.0,161.0,25.508666666666667,30.734666666666666,2.0260000000000002,54.803999999999995,29.085333333333335,16.334,22.567999999999998,4.2780000000000005,2012.0,7990.34,4088.99,249.72,2351.67,158.34,449.97,0.24
4,177.0,29.63,36.5,10.13,83.35,39.27,25.85,29.95,8.37,2012.0,177.0,16.2,28.55,0.0,39.56,30.61,13.73,23.5,1.28,2012.0,177.0,26.19333333333333,33.696,1.46,58.35133333333333,33.396,21.15,27.113333333333333,4.510000000000001,2012.0,8170.02,4604.55,252.37,2666.75,166.37,487.4,0.0
5,193.0,28.69,38.12,3.89,61.76,40.6,27.75,34.15,5.29,2012.0,193.0,18.11,30.42,0.0,39.35,30.88,19.14,26.19,1.53,2012.0,193.0,26.589999999999996,35.10066666666666,0.4353333333333333,49.88866666666666,36.410666666666664,23.967333333333325,29.967333333333325,3.0126666666666666,2012.0,8151.58,4542.23,241.96,2622.37,152.46,486.5,0.0
6,209.0,26.78,39.31,6.98,74.0,43.99,28.88,36.15,6.07,2012.0,209.0,16.06,32.08,0.0,29.74,26.74,19.7,23.73,1.66,2012.0,209.0,21.967333333333332,35.20066666666666,2.167333333333333,49.775999999999996,35.80533333333334,23.023333333333333,29.23,3.4619999999999993,2012.0,8233.12,4073.16,210.8,2275.92,137.53,399.21,0.44
7,225.0,27.14,35.78,10.38,80.84,38.1,21.62,28.99,6.01,2012.0,225.0,7.81,26.5,0.0,39.42,22.95,12.95,19.9,1.63,2012.0,225.0,20.38666666666667,31.18733333333333,2.716666666666667,54.86933333333334,29.484666666666666,16.787333333333333,22.915333333333333,3.4186666666666663,2012.0,7964.55,4257.65,267.79,2471.77,168.0,509.57,0.0
8,241.0,24.91,36.65,11.67,93.66,36.98,22.99,28.74,6.71,2012.0,241.0,4.75,27.11,0.0,34.34,24.75,14.16,22.28,1.53,2012.0,241.0,19.329333333333334,33.35066666666667,2.51,60.994666666666674,32.43733333333333,19.774,25.90266666666667,3.7913333333333337,2012.0,7644.9,3600.79,258.65,2066.2,160.5,417.61,0.0
9,257.0,21.92,32.04,13.0,80.41,31.65,16.96,23.56,6.54,2012.0,257.0,3.85,24.98,0.0,39.17,19.44,6.99,13.31,1.93,2012.0,257.0,18.0,28.00466666666666,1.416666666666667,57.181333333333335,25.827333333333335,11.760000000000002,18.574666666666662,4.065333333333333,2012.0,6508.84,3338.2,465.61,2196.89,277.0,596.84,0.55
10,273.0,19.84,29.66,33.93,65.65,28.38,12.23,18.91,5.63,2012.0,273.0,4.32,21.64,0.0,41.03,11.03,0.25,5.33,1.58,2012.0,273.0,15.306000000000001,26.358666666666668,5.293333333333334,52.096666666666664,21.71333333333333,7.898,14.366000000000001,3.4099999999999993,2012.0,5934.76,2597.61,439.82,1746.34,249.91,529.65,0.0
11,289.0,16.13,33.62,29.78,97.1,23.15,15.63,18.72,7.35,2012.0,289.0,5.04,21.38,0.0,39.71,9.28,0.13,6.55,2.86,2012.0,289.0,10.855333333333332,27.101333333333333,4.899333333333334,69.96533333333333,17.730000000000004,6.010666666666667,11.490666666666668,5.476,2012.0,6133.13,2245.07,330.38,1409.72,193.51,524.1,0.0
12,305.0,13.21,32.15,3.38,88.47,25.99,17.56,21.2,8.42,2012.0,305.0,3.1,20.16,0.0,52.48,8.55,-2.52,3.19,1.1,2012.0,305.0,9.864,24.453999999999997,0.2253333333333333,68.01933333333334,12.399333333333335,1.6339999999999997,6.4446666666666665,4.285333333333333,2012.0,6445.07,2196.56,284.08,1345.16,159.84,459.41,0.22
