,DOY,INSgdmax,RADmax,RAINmax,RHmax,TMAXmax,TMINmax,Tmax,WINDmax,YEAR,DOY,INSgdmin,RADmin,RAINmin,RHmin,TMAXmin,TMINmin,Tmin,WINDmin,YEAR,DOY,INSgdmean,RADmean,RAINmean,RHmean,TMAXmean,TMINmean,Tmean,WINDmean,YEAR,NDVI,EVI,RED,NIR,BLUE,MIR,pixrel
0,113.0,25.88,32.2028,13.904,83.7076,25.7208,15.664,19.312400000000004,10.2492,2012.0,113.0,3.0940000000000003,22.903999999999996,0.0,53.6016,9.639600000000002,0.2276,6.2184,2.4983999999999997,2012.0,113.0,17.294799999999995,27.078693333333334,3.587306666666667,67.58098666666666,16.686880000000002,5.331386666666666,10.896959999999998,6.032559999999999,2012.0,4179.96,1867.95,599.8,1574.78,325.38,1071.26,0.03
1,129.0,28.7572,33.64719999999999,14.893600000000001,87.21759999999999,27.1124,17.154,21.5436,7.11,2012.0,129.0,12.266399999999999,22.7588,0.0,42.9784,15.766399999999999,6.312799999999999,11.9716,1.6636,2012.0,129.0,22.42984,28.56338666666667,3.8649599999999995,66.08877333333334,23.226480000000006,11.095733333333333,16.987626666666664,4.840426666666667,2012.0,6277.92,3390.77,437.58,2251.91,253.01,732.18,0.01
2,145.0,28.292800000000003,33.944,41.330799999999996,84.262,29.8228,21.228399999999997,24.8676,9.5804,2012.0,145.0,7.0728,25.227199999999996,0.0,48.828,14.2364,8.022799999999998,11.346400000000001,2.2624000000000004,2012.0,145.0,21.266,29.867013333333336,5.190506666666667,62.97125333333332,25.064746666666665,12.684746666666669,18.83021333333333,6.197173333333334,2012.0,7729.26,4844.71,294.92,2970.15,178.73,548.41,0.23
3,161.0,29.783999999999995,34.424800000000005,19.8912,83.13960000000002,31.5108,19.0644,25.5172,7.670000000000001,2012.0,161.0,10.4512,25.4116,0.0,40.1496,23.355999999999998,9.788,17.0972,2.6104,2012.0,161.0,23.78109333333333,30.95085333333333,3.7002666666666677,58.253600000000006,27.51157333333333,15.457146666666667,21.472186666666666,4.726106666666666,2012.0,7626.88,4626.63,275.98,2779.11,176.68,468.31,0.11
4,177.0,29.541199999999996,36.1112,11.0404,76.0812,36.6356,24.579599999999996,28.712799999999998,7.5464,2012.0,177.0,10.4708,27.4532,0.0,43.778400000000005,25.9732,13.5448,20.3096,1.856,2012.0,177.0,24.064399999999996,32.89037333333334,1.2682933333333333,59.24429333333334,31.00472,19.61045333333333,25.348693333333323,4.704773333333334,2012.0,7842.1,4900.43,254.47,2938.86,160.64,467.63,0.0
5,193.0,28.01,36.605599999999995,7.3248,71.20319999999998,38.623599999999996,26.107200000000006,31.794,5.3288,2012.0,193.0,14.5368,30.1656,0.0,36.404,29.439200000000003,18.4324,25.187600000000003,1.8484000000000003,2012.0,193.0,24.474159999999998,34.09658666666667,1.2024,51.69634666666667,33.923759999999994,22.344506666666675,28.062373333333337,3.4693599999999996,2012.0,7855.08,4983.32,264.29,3023.48,160.24,494.5,0.03
6,209.0,26.961599999999997,37.7776,9.679599999999999,80.28120000000001,40.7336,24.968799999999998,30.974,6.958399999999999,2012.0,209.0,10.1288,30.6844,0.0,41.696000000000005,26.585600000000003,17.946800000000003,22.333199999999998,2.2856,2012.0,209.0,21.436346666666665,34.59826666666667,2.4447200000000002,53.910239999999995,34.00496,21.160480000000003,27.326079999999994,3.7048533333333333,2012.0,7777.73,4740.89,278.47,2866.28,168.17,502.75,0.2
7,225.0,27.181599999999996,34.88600000000001,9.4676,69.012,35.45759999999999,20.0692,27.445199999999996,7.105199999999999,2012.0,225.0,5.9488,25.224,0.0,35.544399999999996,22.0564,11.187199999999999,18.11,1.9531999999999998,2012.0,225.0,21.542548571428576,30.53536,0.9726933333333334,48.941386666666666,28.517626666666665,15.504986666666664,21.79450666666667,3.6797599999999995,2012.0,7289.28,4193.6,278.31,2521.45,164.01,471.08,0.03
8,241.0,24.52,34.88880000000001,8.4328,82.87480000000001,37.7416,22.825599999999998,29.3668,7.7008,2012.0,241.0,8.420799999999998,26.712799999999998,0.0,32.9172,27.056400000000004,13.2364,21.3836,1.6656,2012.0,241.0,18.60898666666667,32.70104,1.4484000000000001,50.431813333333324,32.79306666666667,19.028559999999995,25.607066666666668,4.157333333333334,2012.0,6841.21,3751.62,313.96,2311.65,187.84,486.9,2.58
9,257.0,21.42,32.892799999999994,8.138800000000002,73.5136,34.297200000000004,14.5164,23.722400000000004,8.5384,2012.0,257.0,6.5136,25.66,0.0,34.3688,17.75,5.306399999999999,11.4604,2.3156,2012.0,257.0,17.24106666666667,28.148960000000002,1.1481866666666662,47.784453333333325,25.218666666666667,11.023306666666668,17.728293333333333,5.0814666666666675,2012.0,6470.14,3541.14,387.0,2295.64,205.53,598.79,0.04
10,273.0,19.0244,28.8168,4.569999999999999,54.152,28.496799999999997,11.5016,18.55,7.8144,2012.0,273.0,6.8696,21.026000000000003,0.0,33.068000000000005,8.6392,-0.5212,3.4783999999999997,0.964,2012.0,273.0,15.567866666666665,24.848266666666667,0.7797599999999999,43.30533333333334,20.80472,6.3568,13.1084,3.979946666666667,2012.0,4477.16,2231.78,601.83,1883.41,291.71,686.08,7.66
11,289.0,14.537199999999999,31.7956,20.502399999999998,94.7356,22.4272,12.5248,14.964,8.0656,2012.0,289.0,4.361600000000001,22.5088,0.0,36.882799999999996,8.637599999999999,-1.8780000000000001,5.356400000000001,2.5864,2012.0,289.0,8.551946666666666,27.300720000000002,3.79952,66.24653333333333,15.675466666666665,4.822933333333333,9.659386666666668,5.0333066666666655,2012.0,4387.69,1769.03,456.43,1386.07,237.79,731.08,5.14
12,305.0,12.55,32.0768,16.346799999999998,93.7752,21.1132,12.5648,16.7564,7.8388,2012.0,305.0,3.8684,19.2648,0.0,45.681599999999996,6.5576,-3.7860000000000005,1.3827999999999998,1.4047999999999998,2012.0,305.0,8.102053333333332,24.740986666666664,1.5363200000000001,64.44861333333334,10.320533333333334,0.23655999999999994,4.6015733333333335,3.839306666666666,2012.0,4503.03,1511.95,352.56,1139.54,169.02,628.29,7.71
