,DOY,INSgdmax,RADmax,RAINmax,RHmax,TMAXmax,TMINmax,Tmax,WINDmax,YEAR,DOY,INSgdmin,RADmin,RAINmin,RHmin,TMAXmin,TMINmin,Tmin,WINDmin,YEAR,DOY,INSgdmean,RADmean,RAINmean,RHmean,TMAXmean,TMINmean,Tmean,WINDmean,YEAR,NDVI,EVI,RED,NIR,BLUE,MIR,pixrel
0,113.0,25.45,30.89,25.41,83.1,30.36,13.81,21.67,10.63,2012.0,113.0,2.74,22.18,0.0,50.03,14.61,1.37,8.36,2.61,2012.0,113.0,17.950666666666663,27.35,5.326666666666667,60.64533333333334,19.97533333333333,6.988666666666665,13.212666666666667,6.2553333333333345,2012.0,3774.59,2162.62,924.09,2158.14,499.74,1719.69,0.12
1,129.0,28.44,34.7,25.07,86.16,28.5,18.3,22.22,7.11,2012.0,129.0,13.54,23.9,0.0,40.56,18.28,6.83,13.3,2.02,2012.0,129.0,23.173333333333336,29.060666666666677,4.381333333333332,61.61333333333334,24.768666666666665,12.508000000000003,18.528000000000006,4.978000000000001,2012.0,4648.19,2701.2,786.18,2316.96,425.01,1515.93,0.09
2,145.0,28.55,34.13,24.36,89.53,30.86,20.48,25.15,9.63,2012.0,145.0,9.18,25.88,0.0,42.33,15.72,8.81,11.92,1.59,2012.0,145.0,22.507333333333335,30.21333333333333,3.3433333333333333,59.47866666666666,25.922000000000004,13.808666666666666,19.764666666666667,6.252666666666667,2012.0,5576.52,3394.47,745.39,2678.44,406.7,1353.15,0.03
3,161.0,29.34,34.78,17.35,89.16,32.44,21.67,25.86,7.8,2012.0,161.0,11.92,27.32,0.0,32.05,23.99,12.14,18.98,2.01,2012.0,161.0,23.68466666666667,31.854666666666663,2.7000000000000006,56.05733333333333,28.945333333333338,17.117333333333338,22.93466666666667,5.054666666666666,2012.0,6817.11,4931.29,667.75,3618.6,365.68,1210.08,0.09
4,177.0,29.05,36.61,15.19,79.1,40.68,25.17,31.99,8.81,2012.0,177.0,5.65,28.91,0.0,44.74,27.65,14.5,20.85,2.16,2012.0,177.0,23.231333333333332,33.96933333333333,2.548,62.17066666666667,32.04866666666667,20.712666666666664,26.36,5.273999999999998,2012.0,6738.72,4574.97,653.43,3325.03,355.3,1100.21,0.29
5,193.0,28.26,38.02,3.63,69.84,39.27,26.17,32.51,5.93,2012.0,193.0,17.89,30.49,0.0,39.51,30.08,19.04,25.99,1.9,2012.0,193.0,25.311999999999998,34.46666666666667,0.4453333333333333,48.05600000000001,35.20466666666667,23.15333333333334,28.985333333333333,3.8680000000000003,2012.0,6313.71,4220.25,714.41,3169.41,387.37,1158.79,0.43
6,209.0,26.93,37.87,11.31,59.7,42.74,28.1,34.71,7.07,2012.0,209.0,4.21,32.36,0.0,32.45,32.33,19.53,25.57,2.07,2012.0,209.0,23.589333333333332,35.12133333333334,2.2493333333333334,41.998666666666665,37.54333333333332,23.114,29.99333333333333,4.139333333333333,2012.0,5780.47,3850.23,826.67,3088.07,443.36,1280.43,0.2
7,225.0,27.36,36.29,10.25,68.56,38.41,23.07,30.19,7.05,2012.0,225.0,8.5,25.42,0.0,30.82,22.86,10.24,17.09,1.84,2012.0,225.0,21.093999999999998,31.005999999999993,2.4886666666666666,45.874,30.243333333333336,16.183333333333337,23.019333333333336,4.066,2012.0,5380.86,3425.38,882.96,2885.98,454.44,1392.92,0.04
8,241.0,24.48,36.0,13.4,86.85,38.85,22.27,29.75,7.0,2012.0,241.0,4.32,28.19,0.0,30.48,24.45,13.97,22.26,2.1,2012.0,241.0,19.68066666666667,33.01133333333333,1.5946666666666667,51.23066666666668,33.419333333333334,19.425333333333334,26.233999999999995,4.326,2012.0,5029.0,3175.66,942.8,2796.36,502.62,1440.72,0.1
9,257.0,21.82,33.16,10.04,73.52,35.06,16.66,24.97,8.33,2012.0,257.0,8.53,24.62,0.0,28.01,20.48,6.21,13.2,2.77,2012.0,257.0,18.02466666666667,28.18066666666667,1.474,45.16800000000001,26.36266666666667,11.929333333333334,18.738000000000003,5.275333333333333,2012.0,4454.71,2584.82,916.62,2392.82,472.12,1413.82,0.22
10,273.0,19.51,27.68,7.35,50.94,28.96,12.38,19.29,7.32,2012.0,273.0,8.1,21.92,0.0,33.15,9.87,-1.19,3.82,1.53,2012.0,273.0,16.236666666666665,24.761999999999997,0.9606666666666667,38.95,22.10733333333333,7.132000000000001,14.047333333333334,3.6279999999999997,2012.0,3724.83,2111.48,1010.79,2213.96,538.63,1522.41,0.21
11,289.0,15.59,32.26,14.93,93.41,25.41,14.5,17.74,9.55,2012.0,289.0,5.11,22.14,0.0,34.05,9.01,-0.13,6.61,2.83,2012.0,289.0,11.128666666666668,27.237999999999996,2.6013333333333337,60.732,17.550666666666665,6.101999999999999,11.328666666666669,5.675333333333333,2012.0,3008.67,1865.86,1422.98,2480.64,960.26,1487.08,1.76
12,305.0,12.67,31.54,10.48,90.2,17.73,10.12,14.27,7.95,2012.0,305.0,4.18,23.11,0.0,47.39,6.86,-2.72,1.49,1.57,2012.0,305.0,8.564666666666664,25.726666666666656,1.364,63.346666666666664,11.273333333333333,1.1893333333333334,5.515333333333333,3.8673333333333333,2012.0,1183.2,660.03,4976.23,5319.79,4903.33,864.08,1.59
