,DOY,INSgdmax,RADmax,RAINmax,RHmax,TMAXmax,TMINmax,Tmax,WINDmax,YEAR,DOY,INSgdmin,RADmin,RAINmin,RHmin,TMAXmin,TMINmin,Tmin,WINDmin,YEAR,DOY,INSgdmean,RADmean,RAINmean,RHmean,TMAXmean,TMINmean,Tmean,WINDmean,YEAR,NDVI,EVI,RED,NIR,BLUE,MIR,pixrel
0,113.0,25.63,30.42,23.11,84.39,29.55,15.13,21.04,10.72,2012.0,113.0,4.75,22.5,0.0,49.35,11.85,1.76,8.07,2.83,2012.0,113.0,17.705333333333332,27.372666666666667,5.801333333333333,64.00266666666667,19.226000000000003,6.983999999999998,12.958,6.064666666666667,2012.0,3564.21,1740.0,829.65,1828.68,410.99,1583.36,5.2
1,129.0,28.69,34.45,23.32,88.09,28.66,18.38,22.03,6.69,2012.0,129.0,16.52,23.36,0.0,41.73,18.48,7.17,13.53,2.14,2012.0,129.0,23.517999999999997,29.032666666666668,3.8433333333333333,64.67466666666665,24.656000000000002,12.662666666666665,18.469333333333335,4.874666666666667,2012.0,4637.07,2506.17,744.16,2133.84,388.85,1402.8,0.15
2,145.0,28.87,34.34,26.37,87.1,31.02,21.07,25.65,9.33,2012.0,145.0,7.85,25.96,0.0,45.04,14.4,9.51,11.88,2.43,2012.0,145.0,22.144666666666673,30.02333333333333,3.185333333333334,59.81000000000001,26.18933333333333,13.741333333333332,19.9,6.180666666666666,2012.0,6095.42,3587.22,487.79,2542.45,239.23,985.99,10.34
3,161.0,29.2,34.52,13.2,83.94,32.32,21.38,26.56,7.55,2012.0,161.0,16.78,26.78,0.0,32.96,23.55,12.67,18.39,2.23,2012.0,161.0,23.89333333333333,31.668666666666674,3.2306666666666666,55.63666666666666,28.868000000000002,16.962666666666664,22.822,4.701333333333334,2012.0,6781.8,4375.42,472.98,2994.79,246.25,986.6,5.15
4,177.0,28.84,36.76,14.09,74.49,40.52,25.99,30.81,8.24,2012.0,177.0,7.45,29.38,0.0,39.53,27.71,15.23,21.38,2.2,2012.0,177.0,23.9,33.718666666666664,2.2899999999999996,59.98,32.29533333333333,20.674,26.421333333333337,5.05,2012.0,7124.76,4685.68,422.31,3088.9,227.09,862.11,2.59
5,193.0,28.51,37.4,6.03,68.87,39.84,26.65,33.24,5.26,2012.0,193.0,17.57,30.38,0.0,39.28,28.32,19.13,25.72,1.88,2012.0,193.0,25.268000000000008,34.55266666666667,0.5946666666666667,49.065333333333335,35.14266666666666,23.370666666666672,29.04666666666667,3.5540000000000007,2012.0,7417.54,4987.08,382.6,3251.77,208.56,780.29,2.81
6,209.0,26.96,38.34,9.18,71.59,42.38,27.71,34.04,6.87,2012.0,209.0,5.69,32.08,0.0,36.18,30.21,18.52,24.5,2.0,2012.0,209.0,22.72066666666667,35.122,2.2693333333333334,45.28866666666667,36.765333333333345,22.717999999999996,29.481999999999992,3.8506666666666667,2012.0,7276.02,4819.49,434.3,3180.01,244.29,783.87,0.1
7,225.0,27.29,35.17,8.58,65.45,38.21,21.9,29.42,6.95,2012.0,225.0,4.61,25.7,0.0,32.63,23.97,10.94,17.99,1.86,2012.0,225.0,21.28066666666666,31.002666666666663,1.98,47.46466666666666,29.759333333333338,16.206,22.77,3.905333333333334,2012.0,6890.69,3961.76,385.64,2583.4,197.84,647.28,5.12
8,241.0,24.73,35.86,7.81,87.14,38.26,23.26,29.47,7.08,2012.0,241.0,5.08,27.43,0.0,31.15,26.56,13.82,22.52,1.97,2012.0,241.0,19.262,33.013999999999996,1.6326666666666665,51.627333333333326,33.342666666666666,19.719333333333335,26.37933333333334,4.0553333333333335,2012.0,6341.87,3606.09,461.09,2505.75,227.93,850.37,10.67
9,257.0,21.74,33.62,10.1,80.56,34.49,15.57,23.97,7.89,2012.0,257.0,8.96,24.88,0.0,30.91,18.76,6.28,12.87,2.9,2012.0,257.0,17.505333333333336,28.296000000000003,1.2726666666666666,47.742666666666665,26.179333333333332,11.707333333333333,18.529999999999998,5.066666666666666,2012.0,5227.28,2522.17,536.47,1980.13,224.73,967.57,10.23
10,273.0,19.66,28.87,6.14,49.96,29.05,12.23,18.97,6.87,2012.0,273.0,6.77,21.71,0.0,32.07,9.63,-0.54,4.09,1.54,2012.0,273.0,15.786666666666667,25.187333333333342,1.2920000000000003,41.17999999999998,22.065999999999995,7.206,14.174666666666665,3.6333333333333333,2012.0,3983.26,1853.71,692.34,1745.3,335.27,1191.48,7.66
11,289.0,14.98,32.44,20.2,94.14,24.81,16.38,18.67,7.89,2012.0,289.0,4.32,21.38,0.0,33.23,9.42,-0.28,6.63,2.71,2012.0,289.0,10.248666666666669,27.45133333333333,2.855333333333333,62.55999999999999,17.495333333333335,6.2366666666666655,11.283333333333333,5.409999999999999,2012.0,3838.73,1844.68,770.9,1788.97,392.07,1282.41,2.98
12,305.0,12.85,32.4,8.72,92.99,22.27,13.24,18.01,7.72,2012.0,305.0,4.86,20.52,0.0,45.17,7.88,-2.84,2.16,1.62,2012.0,305.0,8.434000000000001,25.551333333333332,1.2980000000000005,63.39466666666667,11.656666666666665,1.2673333333333334,5.747333333333333,3.8513333333333337,2012.0,3209.8,1531.61,1453.08,2290.92,1146.71,873.87,1.55
