,DOY,INSgdmax,RADmax,RAINmax,RHmax,TMAXmax,TMINmax,Tmax,WINDmax,YEAR,DOY,INSgdmin,RADmin,RAINmin,RHmin,TMAXmin,TMINmin,Tmin,WINDmin,YEAR,DOY,INSgdmean,RADmean,RAINmean,RHmean,TMAXmean,TMINmean,Tmean,WINDmean,YEAR,NDVI,EVI,RED,NIR,BLUE,MIR,pixrel
0,113.0,25.52,30.96,31.91,88.08,30.67,14.95,22.27,11.12,2012.0,113.0,6.23,23.69,0.0,47.3,11.32,2.65,8.57,3.04,2012.0,113.0,17.880000000000003,27.746666666666666,5.783333333333334,63.38399999999999,20.184666666666665,7.827333333333332,14.014000000000001,5.880666666666667,2012.0,6524.29,4315.64,662.45,3164.14,355.55,1330.13,0.83
1,129.0,27.97,34.13,26.88,92.42,30.4,18.83,22.21,6.52,2012.0,129.0,18.54,25.06,0.0,46.67,20.76,7.59,14.48,2.63,2012.0,129.0,24.190666666666665,29.54066666666667,5.37,67.44533333333335,25.116666666666664,13.515999999999998,19.08133333333333,4.6353333333333335,2012.0,6827.82,4566.25,607.27,3248.49,322.32,1305.7,0.06
2,145.0,29.23,34.63,5.92,86.22,31.36,20.43,25.88,8.64,2012.0,145.0,7.6,25.88,0.0,41.04,15.22,9.78,13.04,3.06,2012.0,145.0,22.929333333333332,30.303999999999995,1.156,58.355999999999995,26.870666666666672,14.588666666666665,20.732666666666663,5.920666666666666,2012.0,6709.23,4704.47,682.11,3467.88,366.91,1409.47,0.03
3,161.0,29.66,34.96,15.43,84.06,32.75,20.93,26.48,7.26,2012.0,161.0,15.55,27.07,0.0,32.01,26.16,12.88,19.21,2.22,2012.0,161.0,24.816666666666666,31.68933333333333,3.1166666666666667,53.941999999999986,29.829999999999995,17.200000000000003,23.377999999999997,4.593333333333334,2012.0,6675.68,4628.86,673.65,3397.88,362.4,1392.26,0.06
4,177.0,29.3,36.54,20.28,81.72,41.18,24.83,30.93,9.05,2012.0,177.0,9.79,29.84,0.0,39.52,29.43,15.55,22.62,1.8,2012.0,177.0,25.410666666666668,34.09133333333333,2.022,62.03666666666666,32.74,21.474,26.861333333333338,5.048,2012.0,7059.0,4812.76,575.86,3366.88,310.98,1214.11,0.73
5,193.0,28.19,37.62,1.78,66.27,41.14,26.71,33.37,5.21,2012.0,193.0,19.33,31.79,0.0,39.42,30.96,19.61,26.65,1.85,2012.0,193.0,25.866666666666664,34.874,0.33866666666666667,47.54600000000001,36.705999999999996,23.510666666666665,29.75066666666667,3.5953333333333344,2012.0,6203.5,4052.21,720.01,3077.41,375.81,1368.21,0.02
6,209.0,27.11,37.94,8.11,60.24,44.23,29.26,35.97,6.61,2012.0,209.0,13.93,31.61,0.0,27.78,32.73,19.8,26.52,2.71,2012.0,209.0,24.682666666666663,35.33533333333333,2.074,40.48066666666667,38.937333333333335,23.56733333333334,30.86133333333333,3.990666666666667,2012.0,5815.36,3809.92,799.52,3040.7,411.58,1607.51,0.01
7,225.0,27.18,35.93,10.52,68.44,40.9,23.27,31.15,6.63,2012.0,225.0,7.31,26.39,0.0,29.92,27.06,11.58,19.67,1.94,2012.0,225.0,21.149333333333335,31.456,2.1646666666666663,45.571333333333335,31.456,16.87066666666667,23.854666666666667,3.9520000000000004,2012.0,5509.37,3528.55,831.29,2894.73,428.96,1643.45,0.0
8,241.0,24.55,36.14,15.84,91.58,37.2,25.41,29.74,6.57,2012.0,241.0,5.18,28.84,0.0,27.22,26.58,15.35,23.49,1.8,2012.0,241.0,19.417333333333332,33.37266666666666,3.036,53.43933333333334,33.23533333333334,20.363333333333333,26.599333333333334,3.994,2012.0,6357.53,3553.33,535.11,2467.32,281.47,1232.41,0.0
9,257.0,22.1,33.12,11.34,81.89,33.33,16.21,23.52,7.15,2012.0,257.0,4.61,24.37,0.0,33.09,16.59,6.59,13.46,2.98,2012.0,257.0,17.237333333333332,28.25,1.684666666666667,51.897333333333336,26.33,11.777999999999997,18.75133333333333,4.674,2012.0,5748.94,3277.13,676.06,2512.32,341.24,1404.59,0.0
10,273.0,19.91,29.56,11.1,52.55,29.85,12.89,20.14,6.05,2012.0,273.0,5.33,22.03,0.0,36.87,9.23,-0.09,4.68,1.77,2012.0,273.0,15.900000000000002,25.976,2.0780000000000003,44.60333333333333,22.361333333333338,8.331333333333333,14.929333333333336,3.3833333333333337,2012.0,5168.63,2792.95,718.31,2261.08,367.41,1442.86,0.0
11,289.0,16.16,33.59,26.15,94.8,26.04,17.95,20.08,9.02,2012.0,289.0,5.26,21.74,0.0,33.54,9.38,0.18,7.58,2.52,2012.0,289.0,10.941333333333334,27.74,5.410666666666668,62.26133333333334,18.720666666666666,6.959333333333334,12.276666666666666,5.611999999999999,2012.0,4842.67,2537.32,730.74,2124.24,377.61,1417.42,0.05
12,305.0,13.28,33.62,6.77,91.04,24.74,17.93,20.6,7.1,2012.0,305.0,4.43,20.2,0.0,49.49,7.64,-2.44,2.37,1.89,2012.0,305.0,9.196666666666665,25.460666666666665,1.6526666666666665,66.11800000000001,12.391333333333334,1.9980000000000004,6.436000000000002,3.8420000000000005,2012.0,4780.63,2520.46,788.22,2174.0,445.46,1463.32,0.05
