,DOY,INSgdmax,RADmax,RAINmax,RHmax,TMAXmax,TMINmax,Tmax,WINDmax,YEAR,DOY,INSgdmin,RADmin,RAINmin,RHmin,TMAXmin,TMINmin,Tmin,WINDmin,YEAR,DOY,INSgdmean,RADmean,RAINmean,RHmean,TMAXmean,TMINmean,Tmean,WINDmean,YEAR,NDVI,EVI,RED,NIR,BLUE,MIR,pixrel
0,113.0,25.7,32.69,20.54,85.27,27.48,16.84,20.27,10.62,2012.0,113.0,5.33,24.59,0.0,47.45,15.11,3.05,9.4,2.27,2012.0,113.0,17.673333333333332,28.186666666666664,4.337999999999999,65.57533333333332,19.891333333333332,7.949999999999999,13.801333333333337,5.606,2012.0,4109.43,1705.08,438.08,1339.16,242.95,757.84,5.39
1,129.0,28.55,33.95,22.55,89.34,29.36,19.61,22.77,6.1,2012.0,129.0,13.25,25.27,0.0,43.54,20.68,7.82,14.24,2.42,2012.0,129.0,22.053333333333335,29.778666666666666,4.478666666666666,69.15666666666667,24.85,13.445333333333332,19.02066666666667,4.452,2012.0,5574.07,2656.9,403.95,1787.98,239.37,666.15,0.09
2,145.0,29.45,34.85,6.42,83.51,32.69,20.97,26.69,8.48,2012.0,145.0,6.84,24.37,0.0,43.46,15.63,9.26,12.99,2.83,2012.0,145.0,24.499999999999996,29.95133333333333,1.6299999999999997,58.38333333333333,27.09333333333333,14.527333333333333,20.79466666666666,5.55,2012.0,7068.52,4090.97,271.03,2479.46,176.06,471.25,0.18
3,161.0,30.2,34.52,20.2,75.01,34.33,20.96,26.45,6.91,2012.0,161.0,18.54,26.14,0.0,39.04,22.51,10.31,16.54,1.68,2012.0,161.0,25.642,31.02466666666667,2.7566666666666664,52.30666666666668,30.055999999999994,16.643333333333334,23.162666666666663,4.3053333333333335,2012.0,7070.05,4033.92,251.98,2379.47,174.38,397.57,0.01
4,177.0,29.38,36.5,8.23,82.37,40.15,25.8,29.77,8.61,2012.0,177.0,13.5,29.2,0.0,38.12,30.98,14.06,23.8,1.38,2012.0,177.0,26.963999999999995,33.754,1.6353333333333333,59.320666666666654,33.454,21.255333333333333,27.06333333333333,4.663333333333333,2012.0,7226.34,4493.97,228.05,2698.19,146.89,433.72,0.01
5,193.0,28.55,37.51,3.71,60.04,41.41,27.84,34.51,5.29,2012.0,193.0,18.32,30.82,0.0,37.59,31.74,19.98,26.88,1.38,2012.0,193.0,26.162,35.124,0.424,47.782666666666664,36.956,24.00533333333333,30.185999999999993,3.138,2012.0,7404.23,4372.09,218.4,2611.92,141.15,393.89,2.77
6,209.0,26.96,38.56,4.79,75.26,44.48,29.38,36.51,5.99,2012.0,209.0,8.93,32.15,0.0,28.61,27.86,19.77,23.73,1.9,2012.0,209.0,22.721999999999998,35.092666666666666,1.6426666666666667,48.09733333333334,36.63333333333333,23.157333333333337,29.595333333333333,3.5953333333333344,2012.0,7433.64,4096.21,212.27,2394.36,131.38,295.66,0.96
7,225.0,27.0,35.17,11.37,82.95,38.71,22.07,29.16,6.18,2012.0,225.0,8.57,26.24,0.0,39.02,25.16,11.91,20.12,1.4,2012.0,225.0,21.016666666666666,31.079333333333338,1.864666666666667,55.16266666666668,29.302666666666667,16.634000000000004,22.732666666666663,3.5060000000000002,2012.0,7025.02,4123.56,268.39,2502.23,167.89,420.79,0.18
8,241.0,24.8,36.11,11.22,94.32,36.71,23.06,28.4,6.91,2012.0,241.0,6.23,27.29,0.0,32.06,25.06,14.11,22.23,1.53,2012.0,241.0,19.116,33.290666666666674,2.5566666666666666,61.223333333333336,32.26133333333334,19.618000000000002,25.747333333333337,3.7259999999999995,2012.0,6658.82,3475.36,271.46,2088.33,165.81,363.23,0.15
9,257.0,22.0,31.9,12.84,80.35,31.89,15.7,23.58,6.54,2012.0,257.0,3.71,25.09,0.0,37.73,19.03,6.44,13.31,1.84,2012.0,257.0,17.758666666666667,27.998,1.5933333333333335,55.88533333333335,25.816666666666666,11.657999999999998,18.548,4.128666666666666,2012.0,5770.18,2990.64,385.21,1994.94,202.01,465.2,0.04
10,273.0,19.87,29.88,41.4,61.63,28.24,12.42,19.45,5.61,2012.0,273.0,4.0,21.78,0.0,41.04,10.9,0.21,5.31,1.47,2012.0,273.0,15.27266666666667,26.199333333333335,5.763999999999999,50.96866666666668,21.776666666666664,7.906666666666666,14.474,3.2980000000000005,2012.0,4446.56,2108.61,544.36,1678.32,314.41,599.88,2.79
11,289.0,15.95,34.09,28.87,96.8,25.16,17.1,19.35,7.36,2012.0,289.0,4.1,21.17,0.0,35.35,9.0,0.06,7.08,2.76,2012.0,289.0,10.661333333333335,27.315333333333328,4.235333333333333,67.64399999999999,18.217333333333332,6.507999999999999,11.831999999999999,5.442666666666668,2012.0,4692.98,1434.12,281.23,1108.07,146.38,482.49,23.07
12,305.0,13.43,32.65,2.48,91.11,25.78,18.29,21.6,7.99,2012.0,305.0,3.38,19.66,0.0,49.71,8.21,-2.43,2.81,1.55,2012.0,305.0,9.916,24.648666666666664,0.19066666666666665,67.53533333333333,12.541333333333334,1.87,6.6306666666666665,4.162666666666666,2012.0,5219.45,1698.04,463.81,1296.77,340.54,493.57,3.05
