,DOY,INSgdmax,RADmax,RAINmax,RHmax,TMAXmax,TMINmax,Tmax,WINDmax,YEAR,DOY,INSgdmin,RADmin,RAINmin,RHmin,TMAXmin,TMINmin,Tmin,WINDmin,YEAR,DOY,INSgdmean,RADmean,RAINmean,RHmean,TMAXmean,TMINmean,Tmean,WINDmean,YEAR,NDVI,EVI,RED,NIR,BLUE,MIR,pixrel
0,113.0,25.7486,31.5397,22.786199999999997,87.27860000000001,27.418,16.079,20.1952,10.763,2012.0,113.0,4.7711,24.3224,0.0,49.883599999999994,12.9558,1.8521999999999998,7.940899999999999,2.4301,2012.0,113.0,17.57227333333333,27.729819999999997,5.0765199999999995,66.0535,18.795053333333335,7.017199999999999,12.76416,5.7696000000000005,2012.0,5074.59,2250.85,579.81,1749.99,296.06,1107.84,0.0
1,129.0,28.685800000000004,33.3639,20.5278,90.13839999999999,28.9069,18.835700000000003,22.209600000000002,6.294700000000001,2012.0,129.0,15.645099999999998,23.998900000000003,0.0,45.1044,19.5368,7.253,13.6246,2.5122,2012.0,129.0,22.809953333333333,29.21098,4.072606666666667,68.0749,24.44038,12.641020000000001,18.263466666666666,4.659206666666666,2012.0,6571.63,3577.51,501.01,2420.13,270.86,910.87,0.0
2,145.0,29.152,34.593900000000005,22.9489,85.0287,31.628999999999998,21.2666,26.0652,8.636,2012.0,145.0,7.7650999999999994,24.9011,0.0,45.936499999999995,14.265700000000002,8.9558,12.1419,3.0515,2012.0,145.0,22.761386666666663,29.951966666666664,2.9183399999999997,60.40439333333333,26.280086666666662,13.777173333333334,19.972166666666663,5.894393333333333,2012.0,8118.08,5386.92,345.43,3371.23,194.29,658.87,0.34
3,161.0,30.0538,34.6143,16.889,79.578,33.109700000000004,20.210199999999997,26.3455,7.1133,2012.0,161.0,16.245099999999997,25.8565,0.0,37.068799999999996,23.3504,10.747499999999999,17.2288,2.0071000000000003,2012.0,161.0,24.847953333333333,31.192066666666662,2.8226266666666664,54.377039999999994,29.244826666666672,16.30092,22.67414,4.4511400000000005,2012.0,8550.62,5313.54,241.56,3131.16,137.0,487.74,0.01
4,177.0,29.3476,36.5128,11.6707,78.1895,39.1151,25.358300000000003,29.4504,8.360199999999999,2012.0,177.0,10.528299999999998,29.012700000000002,0.0,38.6545,28.646299999999997,14.2477,22.5187,1.6326,2012.0,177.0,25.529740000000004,33.46698666666667,1.9046600000000002,60.058866666666674,32.20765333333333,20.734919999999995,26.35714,4.79354,2012.0,8576.87,5707.53,261.47,3438.41,149.94,544.58,0.0
5,193.0,28.331000000000003,37.154799999999994,6.901999999999999,69.4648,40.5554,27.005499999999998,33.6841,4.8941,2012.0,193.0,11.206800000000001,30.367700000000003,0.0,38.1699,30.078799999999998,19.321,26.0015,1.444,2012.0,193.0,24.767926666666668,34.74359333333333,0.81826,49.97943333333334,35.62817333333333,23.369126666666666,29.225873333333336,3.22664,2012.0,8526.08,5753.79,277.16,3500.64,157.19,601.83,0.04
6,209.00000000000003,26.9828,38.4551,7.847799999999999,75.9099,42.8754,27.612499999999997,34.4225,6.3869,2012.0,209.00000000000003,8.9574,31.6224,0.0,34.2566,28.332900000000006,18.7747,23.5665,1.9997,2012.0,209.00000000000003,22.75987333333333,35.037800000000004,1.907486666666667,48.55406000000001,36.19699333333333,22.513853333333333,29.098193333333334,3.6518400000000004,2012.0,8391.06,5293.65,278.17,3176.44,160.33,558.56,0.51
7,225.0,27.165499999999998,35.0514,12.820500000000001,77.0546,37.3099,20.713500000000003,28.3553,6.6432,2012.0,225.0,5.9113999999999995,25.9165,0.0,36.7985,24.199699999999996,11.660900000000002,19.11,1.6177,2012.0,225.0,21.49175333333333,30.885553333333334,1.780886666666667,51.377633333333335,29.35298,16.27274666666667,22.499193333333334,3.643326666666667,2012.0,8115.77,5186.38,332.82,3194.47,189.15,613.36,0.0
8,241.0,24.753000000000004,35.888400000000004,8.6855,90.21199999999999,36.9755,23.736600000000003,28.950099999999996,6.8321,2012.0,241.0,8.6754,27.222199999999997,0.0,29.6192,25.8485,13.907,22.2941,1.8988000000000003,2012.0,241.0,19.27199333333333,33.19871333333334,2.190366666666667,55.05436666666667,32.88203333333334,19.746013333333334,26.086526666666668,3.857493333333333,2012.0,7792.84,4291.75,323.52,2589.28,182.4,578.84,0.34
9,257.0,21.8158,32.190799999999996,11.9273,78.8746,32.8898,15.4199,23.159499999999998,7.1224,2012.0,257.0,5.886100000000001,25.317800000000002,0.0,35.0519,17.6926,6.0465,12.736799999999999,2.6084000000000005,2012.0,257.0,17.419346666666666,28.110540000000004,1.7425133333333334,52.378766666666664,25.63162666666667,11.358326666666667,18.221853333333332,4.610546666666666,2012.0,6790.51,3500.56,444.0,2321.36,217.17,722.48,0.0
10,273.0,19.709699999999998,29.1789,14.893699999999999,55.1395,28.7696,11.688799999999999,18.8774,6.288499999999999,2012.0,273.0,6.1738,21.523899999999998,0.0,35.4311,9.4437,-0.07770000000000002,4.497499999999999,1.3808999999999998,2012.0,273.0,15.489593333333332,25.53478666666667,2.24188,46.337693333333334,21.57028,7.3232,14.0917,3.5325266666666666,2012.0,5350.32,2649.16,623.74,2038.59,324.12,854.97,0.0
11,289.0,15.4784,33.267199999999995,28.745700000000003,96.36580000000001,24.208600000000004,16.058799999999998,18.3532,7.829000000000001,2012.0,289.0,4.3674,21.191300000000002,0.0,34.0319,8.963700000000001,-0.45840000000000003,6.4007,2.6513999999999998,2012.0,289.0,10.042066666666667,27.345486666666663,4.133746666666667,66.33539999999999,17.440246666666667,5.994466666666667,11.083853333333334,5.291266666666667,2012.0,5530.45,2059.68,419.73,1437.36,214.68,787.78,0.0
12,305.0,13.1451,32.976600000000005,2.4814,94.2031,24.343899999999998,18.0383,20.6763,7.343800000000001,2012.0,305.0,3.5998,19.438299999999998,0.0,48.82310000000001,7.6219,-2.9148,2.1681,1.823,2012.0,305.0,9.388233333333332,24.71307333333333,0.5029466666666667,66.61210666666666,11.911546666666666,1.4283333333333332,5.950933333333333,3.9436733333333334,2012.0,5291.58,2091.73,510.69,1563.61,277.05,652.71,0.66
