,DOY,INSgdmax,RADmax,RAINmax,RHmax,TMAXmax,TMINmax,Tmax,WINDmax,YEAR,DOY,INSgdmin,RADmin,RAINmin,RHmin,TMAXmin,TMINmin,Tmin,WINDmin,YEAR,DOY,INSgdmean,RADmean,RAINmean,RHmean,TMAXmean,TMINmean,Tmean,WINDmean,YEAR,NDVI,EVI,RED,NIR,BLUE,MIR,pixrel
0,113.0,25.8278,32.0226,24.6864,86.974,26.244600000000002,16.6554,19.8156,10.563199999999998,2012.0,113.0,5.2519,24.2563,0.0,50.900600000000004,13.6545,1.8784999999999998,8.0652,2.2912999999999997,2012.0,113.0,17.333006666666666,27.817940000000004,4.932506666666666,67.06917333333332,18.477013333333332,6.858493333333333,12.469846666666665,5.681259999999999,2012.0,4881.91,2159.08,579.63,1709.85,296.13,961.91,0.27
1,129.0,28.6991,33.1051,22.3938,89.9719,28.7778,18.978099999999998,22.2375,6.0929,2012.0,129.0,13.3494,24.0417,0.0,45.904300000000006,19.6221,7.1952,13.3596,2.6046,2012.0,129.0,22.481226666666668,29.15528666666667,4.68362,69.34457999999998,24.14804666666667,12.37844,18.004893333333335,4.57554,2012.0,6283.94,3215.18,476.78,2178.82,258.69,848.18,0.0
2,145.0,29.322200000000002,34.8003,20.350199999999997,85.285,32.093599999999995,21.3818,26.2143,8.7356,2012.0,145.0,8.0399,24.2919,0.0,46.4917,14.2881,8.5642,12.130899999999999,3.0998,2012.0,145.0,23.500793333333334,29.70662,2.7238733333333336,60.525166666666664,26.261686666666666,13.75722,19.91994666666666,5.775306666666666,2012.0,7798.53,4801.36,336.85,2981.96,191.03,642.01,0.1
3,161.0,30.1787,34.7756,15.939999999999998,75.8336,33.1301,20.3423,26.0879,7.0306999999999995,2012.0,161.0,17.851300000000002,25.650100000000002,0.0,39.2743,22.8437,9.7207,16.6323,1.6800000000000002,2012.0,161.0,25.287,30.968339999999998,2.7898,53.499939999999995,29.287779999999998,16.06208,22.544966666666664,4.4142,2012.0,8208.83,4727.36,232.44,2750.91,138.71,456.96,0.0
4,177.0,29.5575,36.4503,7.967300000000001,81.1275,38.5667,25.4876,29.3866,8.3615,2012.0,177.0,12.3782,28.561,0.0,38.6525,29.190800000000003,13.8825,23.019000000000002,1.4439,2012.0,177.0,25.954379999999993,33.41935333333333,1.9127066666666668,58.7716,32.31374000000001,20.72662,26.44468666666667,4.6917333333333335,2012.0,8407.15,5290.86,251.39,3157.67,149.59,536.85,0.0
5,193.0,28.038800000000002,37.155,6.457699999999999,68.1553,40.742599999999996,27.2365,33.7929,4.8711,2012.0,193.0,7.229799999999999,30.379799999999996,0.0,37.6539,30.2348,19.3268,26.0422,1.4297,2012.0,193.0,24.55882,34.846626666666666,0.86278,50.03620666666667,35.71302666666667,23.447273333333335,29.315066666666667,3.0887733333333327,2012.0,8316.7,5210.95,252.94,3116.29,145.98,548.53,0.0
6,209.0,26.889,38.4535,7.3673,79.27149999999999,42.7121,27.5837,34.4652,6.2172,2012.0,209.0,9.235299999999999,31.511,0.0,34.4462,26.3335,18.9606,22.8354,1.8006,2012.0,209.0,22.210326666666667,34.992793333333324,1.9096266666666666,50.224019999999996,35.544193333333325,22.401420000000005,28.769840000000002,3.5338000000000003,2012.0,8344.91,4702.85,229.32,2737.4,128.73,445.71,0.99
7,225.0,27.1278,35.0422,13.2515,81.956,36.3883,20.4512,27.8181,6.5279,2012.0,225.0,7.164199999999999,26.0412,0.0,38.8283,24.868900000000004,12.002299999999998,19.3887,1.4567999999999999,2012.0,225.0,21.141153333333335,30.87248666666666,1.8334266666666668,52.85990000000001,29.012040000000006,16.272373333333334,22.335539999999998,3.5467066666666662,2012.0,7974.81,4822.18,309.41,2926.94,179.44,576.98,0.0
8,241.0,24.729,35.8544,10.3609,91.84920000000001,36.4402,23.0032,28.549099999999996,6.654400000000001,2012.0,241.0,9.780000000000001,27.034399999999998,0.0,30.3205,25.159399999999998,13.7621,21.9318,1.6791,2012.0,241.0,19.458693333333333,33.10796,2.497026666666667,57.48305333333334,32.38676666666667,19.49588,25.734553333333334,3.7780666666666667,2012.0,7500.28,3922.57,311.62,2357.89,178.7,494.12,0.0
9,257.0,21.8154,31.8716,13.3583,75.42259999999999,32.0675,15.444400000000002,22.941,6.8737,2012.0,257.0,5.4495,25.2959,0.0,36.5727,18.0928,6.0708,12.6852,2.3867,2012.0,257.0,17.532886666666666,27.98285333333333,1.7684666666666664,54.054006666666666,25.33718,11.227266666666665,18.08555333333333,4.4424866666666665,2012.0,6645.71,3437.32,446.54,2290.62,224.15,667.29,0.05
10,273.0,19.6925,29.2907,21.4632,59.003,28.4104,10.943200000000001,18.583799999999997,6.0857,2012.0,273.0,6.4779,21.4463,0.0,37.4403,9.6362,0.018299999999999997,4.6568,1.3138,2012.0,273.0,15.399993333333335,25.61334666666667,3.0527466666666663,48.85618,21.181686666666664,7.08638,13.833106666666668,3.485913333333334,2012.0,5109.3,2520.32,612.83,1956.59,328.28,738.14,0.0
11,289.0,15.3891,33.2238,33.6199,97.1337,23.534100000000002,15.211400000000001,17.866100000000003,7.608499999999999,2012.0,289.0,3.7165999999999997,21.1913,0.0,35.3926,8.7799,-0.6074,6.1073,2.6392999999999995,2012.0,289.0,9.983046666666667,27.157713333333334,4.7067733333333335,68.38997333333333,17.281553333333335,5.611506666666667,10.819066666666668,5.202213333333334,2012.0,5328.3,2158.35,465.95,1556.58,243.41,797.51,0.01
12,305.0,13.1957,32.955299999999994,1.4079000000000002,95.50489999999999,24.707900000000002,18.3965,20.982300000000002,7.563999999999999,2012.0,305.0,3.3089999999999997,19.3476,0.0,49.5751,7.784000000000001,-2.9483,2.2703999999999995,1.6849,2012.0,305.0,9.660873333333333,24.358513333333335,0.17457333333333333,67.46764666666667,11.89334,1.3143066666666665,5.926346666666667,4.037706666666667,2012.0,5595.77,1919.18,371.74,1304.92,190.17,586.78,0.19
