,DOY,INSgdmax,RADmax,RAINmax,RHmax,TMAXmax,TMINmax,Tmax,WINDmax,YEAR,DOY,INSgdmin,RADmin,RAINmin,RHmin,TMAXmin,TMINmin,Tmin,WINDmin,YEAR,DOY,INSgdmean,RADmean,RAINmean,RHmean,TMAXmean,TMINmean,Tmean,WINDmean,YEAR,NDVI,EVI,RED,NIR,BLUE,MIR,pixrel
0,113.0,24.742400000000004,32.6356,29.879199999999997,85.1932,24.5808,16.788800000000002,19.7596,10.2376,2012.0,113.0,5.2488,24.0912,0.0,53.2172,13.1392,1.4576,7.606399999999999,2.0336,2012.0,113.0,15.97192,27.726373333333335,4.605573333333333,68.51021333333334,17.561413333333334,6.1568266666666664,11.662480000000002,5.585280000000001,2012.0,2223.91,435.97,53.18,782.03,-118.08,356.62,81.87
1,129.0,28.558400000000002,33.0696,25.562800000000003,94.14680000000001,28.252,18.784799999999997,21.9696,5.881199999999999,2012.0,129.0,11.734,23.7992,0.0,48.562,18.4268,6.6808,12.647200000000002,2.4928000000000003,2012.0,129.0,22.168319999999994,28.961146666666664,5.309733333333333,71.09461333333331,23.341013333333333,11.740106666666668,17.33128,4.482,2012.0,3088.62,1092.53,63.57,1078.14,-65.62,325.57,71.65
2,145.0,29.2412,34.931200000000004,23.844,85.9164,31.6556,20.974,25.818399999999997,8.803999999999998,2012.0,145.0,8.71,23.979200000000002,0.0,49.285199999999996,13.905600000000002,8.315999999999999,11.8232,2.7563999999999997,2012.0,145.0,23.399866666666664,29.561546666666665,3.1596266666666666,62.792959999999994,25.61912,13.413866666666667,19.417226666666664,5.649893333333333,2012.0,4194.63,2139.59,-45.78,1556.16,-122.12,101.85,69.02
3,161.0,29.910799999999995,35.196799999999996,13.5376,72.6564,33.734399999999994,20.385199999999998,26.0336,7.0152,2012.0,161.0,19.8524,25.4788,0.0,42.861999999999995,22.4544,9.1776,16.4756,1.3632,2012.0,161.0,25.865360000000003,30.713973333333332,2.506693333333333,54.64013333333334,28.632720000000006,15.70706666666667,22.044506666666667,4.378986666666667,2012.0,4658.85,2624.9,-21.64,1838.34,-84.84,135.47,63.96
4,177.0,29.910800000000002,36.4804,10.3656,83.3488,38.3592,25.3312,29.4604,8.2168,2012.0,177.0,11.4016,28.0624,0.0,39.294799999999995,28.7624,13.5076,22.757600000000004,1.65,2012.0,177.0,25.72776,33.21882666666667,1.91704,57.843653333333336,32.16144,20.401226666666666,26.2616,4.6193333333333335,2012.0,4357.14,2513.78,-86.49,1762.16,-154.35,81.25,71.53
5,193.0,27.9308,37.1612,7.292,69.7276,39.354,26.8388,32.7296,4.6712,2012.0,193.0,13.795200000000001,30.3296,0.0,39.0048,30.088,18.779200000000003,25.412000000000003,1.3924000000000003,2012.0,193.0,24.76992,34.720373333333335,0.8024800000000001,52.47634666666666,34.979733333333336,23.193893333333335,28.865253333333335,2.979866666666666,2012.0,4464.78,2566.1,-84.61,1785.04,-142.75,91.39,71.55
6,209.0,26.932000000000002,39.0364,10.8536,79.362,41.4356,26.7924,33.6372,6.3388,2012.0,209.0,8.712000000000002,31.3796,0.0,37.571600000000004,24.8388,18.3996,22.506,1.5728,2012.0,209.0,21.470453333333335,34.95248000000001,2.4477866666666666,51.38258666666667,34.981253333333335,22.05570666666667,28.371226666666665,3.450586666666667,2012.0,4247.03,2278.29,-165.64,1622.73,-226.78,14.49,84.22
7,225.0,27.1296,35.2492,11.3776,83.3356,36.1024,19.9484,27.3132,6.518800000000001,2012.0,225.0,5.9132,26.14,0.0,37.8788,24.3468,12.8392,19.918,1.5952000000000002,2012.0,225.0,20.441759999999995,30.991039999999998,2.105306666666667,51.775333333333336,29.128053333333334,16.38962666666667,22.403733333333335,3.5465333333333326,2012.0,4374.58,2102.68,-113.33,1507.03,-176.71,36.89,76.62
8,241.0,24.7,35.4908,11.7812,90.43679999999999,36.790800000000004,22.2672,28.6964,6.549999999999999,2012.0,241.0,8.976399999999998,27.0308,0.0,31.186799999999998,25.1496,14.239199999999999,22.1124,1.6103999999999998,2012.0,241.0,19.860266666666664,33.06789333333333,2.521626666666667,56.297093333333336,32.50088,19.40472,25.774933333333337,3.8079733333333325,2012.0,4215.21,1764.52,-126.45,1264.4,-187.63,-23.65,76.58
9,257.0,21.689600000000002,31.86,13.598799999999999,75.21,32.0032,15.2104,23.0256,6.808400000000001,2012.0,257.0,5.4544,25.02,0.0,37.72,17.6524,6.042400000000001,12.2356,2.7179999999999995,2012.0,257.0,17.549146666666665,27.874906666666664,1.64752,54.64999999999999,25.10101333333333,11.158853333333335,17.940346666666663,4.487146666666667,2012.0,3554.52,1304.33,-51.79,1121.08,-152.79,63.68,79.27
10,273.0,19.591199999999997,29.3092,14.4144,58.11,28.4296,10.0088,18.1508,6.0855999999999995,2012.0,273.0,7.022,21.3388,0.0,36.3804,9.573599999999999,0.1272,4.6564,1.4300000000000002,2012.0,273.0,15.334879999999998,25.49352,2.5006933333333334,49.64309333333333,20.89402666666667,6.730213333333333,13.477253333333332,3.570826666666666,2012.0,2530.57,633.09,-9.72,872.74,-160.6,85.43,89.29
11,289.0,15.3112,32.4308,33.4576,98.40039999999999,22.366000000000003,13.374400000000001,16.7056,7.5228,2012.0,289.0,3.7471999999999994,21.3872,0.0,36.1156,8.5028,-0.7504,5.5012,2.7412,2012.0,289.0,9.9988,26.81493333333333,5.082213333333334,70.31370666666668,16.680933333333336,5.007253333333333,10.253653333333334,5.11408,2012.0,2883.43,407.81,-66.61,569.28,-162.48,128.66,76.65
12,305.0,13.078399999999998,32.820800000000006,1.51,96.4432,24.3996,18.245600000000003,20.4852,7.8292,2012.0,305.0,2.7328,19.3496,0.0,50.924,7.1348,-3.1672000000000002,2.3308,1.4376,2012.0,305.0,9.579226666666663,24.06048,0.25920000000000004,68.77776,11.360826666666664,0.9471733333333334,5.494186666666668,4.051466666666667,2012.0,2674.5,466.19,-18.72,667.79,-134.93,204.99,76.99
