,DOY,INSgdmax,RADmax,RAINmax,RHmax,TMAXmax,TMINmax,Tmax,WINDmax,YEAR,DOY,INSgdmin,RADmin,RAINmin,RHmin,TMAXmin,TMINmin,Tmin,WINDmin,YEAR,DOY,INSgdmean,RADmean,RAINmean,RHmean,TMAXmean,TMINmean,Tmean,WINDmean,YEAR,NDVI,EVI,RED,NIR,BLUE,MIR,pixrel
0,113.0,25.74,32.98,19.63,87.61,22.99,15.49,18.86,9.85,2012.0,113.0,2.52,23.51,0.0,55.18,10.9,-0.02,5.68,1.93,2012.0,113.0,17.025333333333332,26.921333333333337,4.17,71.08399999999999,15.7,4.964666666666667,10.183333333333334,5.727333333333333,2012.0,4467.87,2175.03,722.02,1897.16,372.69,1296.11,0.03
1,129.0,28.69,33.05,40.18,90.14,26.42,17.16,21.22,6.6,2012.0,129.0,9.83,22.79,0.0,47.83,16.66,6.52,11.96,1.86,2012.0,129.0,21.911333333333335,28.412,5.236666666666666,70.47800000000001,22.221333333333334,10.636666666666667,16.184,4.513999999999999,2012.0,6609.19,3685.0,491.0,2476.9,272.01,888.13,0.0
2,145.0,29.05,33.95,42.74,86.66,29.54,20.24,24.67,8.63,2012.0,145.0,9.86,24.12,0.0,53.83,14.47,7.47,11.47,2.45,2012.0,145.0,21.67933333333333,29.799333333333326,4.026666666666667,66.78733333333332,24.31600000000001,12.526000000000002,18.40533333333333,5.841333333333333,2012.0,7803.79,5014.98,368.92,3150.94,209.86,695.29,0.0
3,161.0,29.41,34.24,11.95,79.8,30.64,18.91,24.53,7.04,2012.0,161.0,15.62,24.98,0.0,45.08,22.5,8.93,16.64,2.47,2012.0,161.0,24.624000000000002,30.516666666666666,3.0526666666666666,59.525999999999996,26.81733333333333,15.101333333333333,20.993999999999996,4.401999999999999,2012.0,8145.08,5417.46,314.59,3339.23,184.19,610.42,0.03
4,177.0,30.1,36.36,8.89,78.09,35.04,24.83,28.55,7.21,2012.0,177.0,14.08,27.18,0.0,43.83,25.9,13.1,20.66,2.3,2012.0,177.0,24.607142857142858,32.78600000000001,1.1173333333333335,59.230666666666664,30.988666666666674,19.63133333333333,25.309333333333335,4.510000000000001,2012.0,8226.84,5564.2,314.72,3438.0,184.78,639.85,0.0
5,193.0,27.94,36.47,7.08,77.72,38.29,25.04,31.17,4.91,2012.0,193.0,16.74,30.56,0.0,39.77,28.54,18.74,25.19,1.5,2012.0,193.0,24.96666666666666,34.062,1.4173333333333331,54.470000000000006,33.72933333333334,22.245999999999995,27.948,3.2073333333333336,2012.0,8194.41,5534.55,320.37,3432.0,184.82,680.95,0.01
6,209.0,26.86,37.69,13.46,84.06,40.94,24.69,31.01,6.74,2012.0,209.0,8.78,30.82,0.0,46.07,23.84,17.44,21.59,2.04,2012.0,209.0,20.87,34.471999999999994,2.6,56.35799999999999,33.67066666666666,21.191333333333333,27.125999999999998,3.5126666666666666,2012.0,8072.43,5166.85,307.32,3165.5,175.14,654.38,0.01
7,225.0,27.0,34.6,10.33,83.05,33.37,19.12,26.13,6.9,2012.0,225.0,7.99,25.85,0.0,37.82,22.49,12.09,18.96,1.49,2012.0,225.0,21.00666666666667,30.674666666666678,1.076,52.28200000000001,28.146,15.825999999999999,21.785999999999998,3.5546666666666664,2012.0,8008.43,4757.93,305.71,2863.05,176.33,601.47,0.0
8,241.0,24.34,35.35,9.36,87.48,36.78,23.12,28.41,7.87,2012.0,241.0,7.7,27.14,0.0,35.71,26.5,14.13,22.25,1.55,2012.0,241.0,19.12133333333333,32.74266666666667,2.1293333333333333,52.24666666666667,32.624,19.051333333333332,25.54533333333334,4.116,2012.0,7720.39,4338.59,320.76,2620.69,185.03,611.52,0.01
9,257.0,21.38,31.79,10.74,80.03,32.87,13.89,22.61,8.11,2012.0,257.0,4.64,24.77,0.0,39.56,16.68,5.5,11.2,2.47,2012.0,257.0,16.848666666666666,27.704,1.624666666666667,54.26733333333333,24.374000000000002,10.689333333333336,17.270666666666664,4.788,2012.0,7315.49,3964.56,370.48,2471.5,204.33,684.91,0.0
10,273.0,18.25,29.09,5.05,55.56,27.9,10.99,18.29,7.32,2012.0,273.0,7.09,21.49,0.0,34.42,8.94,0.14,4.02,0.99,2012.0,273.0,15.806000000000001,24.86466666666666,0.7486666666666667,47.23533333333334,20.342,6.484666666666667,13.04666666666667,3.9233333333333333,2012.0,5433.15,2844.44,632.15,2190.82,319.13,783.74,0.01
11,289.0,15.16,31.21,31.0,98.26,20.8,12.29,14.07,8.34,2012.0,289.0,3.28,22.03,0.0,41.01,7.82,-1.69,4.97,2.32,2012.0,289.0,8.637333333333334,26.730666666666664,4.98,70.99533333333333,14.958,4.441333333333334,9.112666666666666,4.787333333333333,2012.0,4939.18,1842.39,459.86,1377.36,233.73,925.56,0.0
12,305.0,12.46,33.01,18.13,97.63,22.38,17.26,19.3,6.9,2012.0,305.0,3.17,19.15,0.0,50.36,7.23,-3.76,1.76,1.63,2012.0,305.0,8.68666666666667,23.974666666666668,1.6166666666666665,69.05066666666667,10.32,0.4686666666666668,4.696666666666667,3.6906666666666665,2012.0,5021.32,1810.86,439.23,1333.47,223.09,847.98,0.04
