,DOY,INSgdmax,RADmax,RAINmax,RHmax,TMAXmax,TMINmax,Tmax,WINDmax,YEAR,DOY,INSgdmin,RADmin,RAINmin,RHmin,TMAXmin,TMINmin,Tmin,WINDmin,YEAR,DOY,INSgdmean,RADmean,RAINmean,RHmean,TMAXmean,TMINmean,Tmean,WINDmean,YEAR,NDVI,EVI,RED,NIR,BLUE,MIR,pixrel
0,113.0,25.8548,32.0368,15.0696,84.3568,26.041600000000003,15.718399999999999,19.4052,10.360800000000001,2012.0,113.0,3.3688000000000002,23.1612,0.0,53.050399999999996,10.021,0.4546,6.464,2.4981999999999998,2012.0,113.0,17.402586666666664,27.156533333333336,3.861813333333334,67.346,17.000973333333334,5.573773333333332,11.172986666666667,6.001466666666666,2012.0,4639.75,1966.91,583.92,1596.19,302.63,1132.38,0.0
1,129.0,28.758600000000005,33.5888,15.410999999999998,87.68020000000001,27.348599999999998,17.407600000000002,21.634,6.9830000000000005,2012.0,129.0,13.136199999999999,22.8588,0.0,43.2614,16.333,6.445,12.2552,1.7932,2012.0,129.0,22.54126666666667,28.6554,3.7076399999999996,66.27318666666667,23.43385333333334,11.344466666666667,17.19004,4.8265199999999995,2012.0,6543.85,3386.01,456.93,2233.37,257.2,835.17,0.0
2,145.0,28.426000000000002,34.044200000000004,39.785,84.40120000000002,30.0336,21.2656,25.041999999999998,9.417200000000001,2012.0,145.0,7.2884,25.2334,0.0,48.616,14.133200000000002,8.2226,11.4246,2.3777999999999997,2012.0,145.0,21.372373333333332,29.88768,4.919373333333333,62.68170666666666,25.223013333333327,12.823466666666668,18.97744,6.172426666666668,2012.0,8187.7,5313.28,315.42,3266.2,183.25,609.71,0.28
3,161.0,29.8294,34.370000000000005,19.318200000000004,82.7268,31.743399999999998,19.1842,25.663800000000002,7.588,2012.0,161.0,11.1304,25.4606,0.0,39.524,23.339399999999998,9.9736,17.141199999999998,2.5327999999999995,2012.0,161.0,23.909186666666667,30.992039999999996,3.5690933333333335,57.80122666666666,27.73717333333333,15.5972,21.651613333333334,4.68028,2012.0,8458.08,5568.78,272.09,3359.48,165.47,536.95,0.28
4,177.0,29.498399999999997,36.188,11.0378,75.5614,37.031600000000005,24.7504,28.806200000000004,7.6476,2012.0,177.0,10.191799999999999,27.733200000000004,0.0,42.986999999999995,26.269000000000002,13.6786,20.560000000000002,1.8310000000000002,2012.0,177.0,24.21581333333333,32.96848,1.3527733333333334,59.47873333333334,31.14109333333333,19.77416,25.47981333333333,4.72752,2012.0,8629.7,5681.13,233.98,3376.57,140.45,498.2,0.0
5,193.0,28.1198,36.69,7.609399999999999,71.1892,38.9138,26.2092,32.0948,5.223999999999999,2012.0,193.0,14.356800000000002,30.122800000000005,0.0,36.718,29.457600000000003,18.534200000000002,25.285000000000004,1.7776,2012.0,193.0,24.517093333333335,34.18330666666667,1.1550399999999998,51.51238666666667,34.12849333333333,22.49182666666667,28.209666666666664,3.4345600000000003,2012.0,8556.61,5769.3,256.12,3477.99,154.07,568.03,0.01
6,209.0,26.9932,37.898399999999995,9.436399999999999,79.79780000000001,41.0198,25.288800000000002,31.448,6.8854,2012.0,209.0,9.8704,30.833800000000004,0.0,40.8298,26.930000000000003,17.9866,22.533199999999997,2.2319999999999998,2012.0,209.0,21.686733333333336,34.669799999999995,2.3631200000000003,53.04129333333333,34.34805333333333,21.354626666666668,27.601613333333333,3.6980933333333335,2012.0,8493.41,5150.26,237.17,3006.2,143.37,483.49,0.04
7,225.0,27.1934,34.9154,10.195,69.48379999999999,35.72,20.082,27.5684,7.0504,2012.0,225.0,5.737400000000001,25.309399999999997,0.0,35.599,22.348999999999997,11.217,18.1928,1.9296,2012.0,225.0,21.653287619047624,30.558760000000003,1.1074400000000002,49.198813333333334,28.64864,15.610746666666666,21.89374666666667,3.6794799999999994,2012.0,8284.44,4863.06,262.09,2856.2,155.78,508.67,0.0
8,241.0,24.5704,35.0608,8.0712,83.6492,37.6498,23.063200000000002,29.304000000000002,7.5718000000000005,2012.0,241.0,8.2612,26.763600000000004,0.0,32.504999999999995,26.9858,13.305200000000003,21.5154,1.7604000000000002,2012.0,241.0,18.704279999999997,32.789919999999995,1.5253999999999999,50.80047999999999,32.88990666666667,19.166666666666664,25.729573333333335,4.117173333333334,2012.0,7630.13,4116.45,319.87,2471.33,188.85,560.26,0.11
9,257.0,21.472200000000004,32.846000000000004,8.8386,75.2172,34.1792,14.5958,23.592800000000004,8.3488,2012.0,257.0,6.4894,25.684800000000006,0.0,34.306799999999996,17.7152,5.4094,11.649999999999999,2.4262,2012.0,257.0,17.22436,28.16478666666667,1.25508,48.319533333333325,25.303306666666664,11.074226666666668,17.80296,5.035586666666666,2012.0,6529.87,3186.47,426.58,2102.1,217.43,647.14,0.0
10,273.0,19.134200000000003,28.8632,5.3778,53.620599999999996,28.564,11.588999999999999,18.5612,7.603399999999999,2012.0,273.0,6.8748,21.087799999999998,0.0,32.976800000000004,8.782200000000001,-0.4724,3.5961999999999996,1.02,2012.0,273.0,15.576133333333333,24.921439999999997,0.9159599999999999,43.421506666666666,20.955920000000003,6.490893333333332,13.266373333333334,3.919173333333333,2012.0,4922.35,2231.75,612.33,1799.03,308.78,793.16,0.0
11,289.0,14.650199999999998,31.9998,21.2356,94.9802,22.703400000000002,13.1544,15.529000000000002,8.0508,2012.0,289.0,4.412800000000001,22.2704,0.0,36.2478,8.7016,-1.6445999999999998,5.506600000000001,2.598,2012.0,289.0,8.756453333333333,27.311173333333333,3.7722933333333333,66.1326,15.914173333333332,5.02708,9.872306666666667,5.07296,2012.0,4931.57,2090.43,555.92,1628.34,290.27,1003.32,0.03
12,305.0,12.6342,32.262600000000006,13.861,93.7076,21.608599999999996,13.4782,17.395,7.698,2012.0,305.0,3.8792,19.2748,0.0,46.00000000000001,6.7484,-3.6566,1.4958,1.492,2012.0,305.0,8.303293333333333,24.755186666666663,1.3734133333333336,64.65797333333333,10.566253333333334,0.42058666666666655,4.801106666666667,3.83776,2012.0,4950.62,1724.11,443.53,1286.35,236.16,688.82,0.23
