,DOY,INSgdmax,RADmax,RAINmax,RHmax,TMAXmax,TMINmax,Tmax,WINDmax,YEAR,DOY,INSgdmin,RADmin,RAINmin,RHmin,TMAXmin,TMINmin,Tmin,WINDmin,YEAR,DOY,INSgdmean,RADmean,RAINmean,RHmean,TMAXmean,TMINmean,Tmean,WINDmean,YEAR,NDVI,EVI,RED,NIR,BLUE,MIR,pixrel
0,113.0,25.88,32.22,13.78,83.8,25.61,15.69,19.3,10.26,2012.0,113.0,3.1,22.9,0.0,53.68,9.65,0.21,6.22,2.48,2012.0,113.0,17.31933333333333,27.067333333333337,3.5320000000000005,67.74533333333333,16.634666666666668,5.303999999999999,10.859333333333332,6.025333333333332,2012.0,4558.69,2111.88,674.8,1803.22,337.11,1193.72,0.24
1,129.0,28.76,33.66,14.51,87.34,27.07,17.15,21.53,7.09,2012.0,129.0,12.53,22.75,0.0,43.17,15.78,6.3,11.97,1.66,2012.0,129.0,22.445333333333334,28.563333333333336,3.7859999999999996,66.238,23.192666666666675,11.076,16.95733333333333,4.831333333333333,2012.0,6587.25,3601.31,501.73,2449.92,263.9,909.43,0.0
2,145.0,28.3,33.95,41.58,84.31,29.78,21.22,24.86,9.56,2012.0,145.0,7.09,25.2,0.0,48.98,14.21,8.03,11.33,2.27,2012.0,145.0,21.252666666666663,29.858666666666668,5.194,63.09199999999999,25.033999999999995,12.662666666666668,18.806666666666665,6.194000000000001,2012.0,7989.53,5124.89,345.99,3201.3,191.77,652.49,0.01
3,161.0,29.81,34.38,19.71,82.89,31.49,18.98,25.49,7.65,2012.0,161.0,10.33,25.38,0.0,40.36,23.33,9.72,17.07,2.61,2012.0,161.0,23.798,30.932666666666663,3.7120000000000006,58.321333333333335,27.47533333333333,15.429333333333334,21.441999999999997,4.715333333333333,2012.0,8384.03,5229.37,267.49,3133.36,148.48,521.23,0.15
4,177.0,29.56,36.11,10.83,76.1,36.56,24.59,28.68,7.54,2012.0,177.0,10.55,27.43,0.0,43.83,25.96,13.51,20.31,1.86,2012.0,177.0,24.074666666666662,32.87666666666667,1.2493333333333334,59.289333333333346,30.978666666666662,19.600666666666665,25.331333333333326,4.698666666666667,2012.0,8481.59,5509.56,264.43,3323.93,146.34,572.18,0.0
5,193.0,28.01,36.58,7.39,71.24,38.61,26.07,31.78,5.31,2012.0,193.0,14.58,30.17,0.0,36.42,29.44,18.42,25.17,1.84,2012.0,193.0,24.484666666666666,34.092666666666666,1.2079999999999997,51.77866666666668,33.89666666666667,22.33266666666667,28.044,3.46,2012.0,8369.31,5463.09,290.0,3332.94,162.45,630.58,0.19
6,209.0,26.96,37.76,9.78,80.56,40.73,24.95,30.95,6.96,2012.0,209.0,10.08,30.67,0.0,41.85,26.63,17.94,22.33,2.29,2012.0,209.0,21.43,34.58533333333333,2.462,54.030666666666654,33.964666666666666,21.13933333333334,27.300666666666665,3.6973333333333334,2012.0,8417.74,5098.45,255.48,3023.89,141.68,543.11,0.07
7,225.0,27.18,34.88,9.54,69.07,35.41,20.03,27.4,7.1,2012.0,225.0,5.94,25.24,0.0,35.65,22.08,11.2,18.11,1.96,2012.0,225.0,21.56866666666667,30.526000000000003,0.9606666666666667,49.0,28.505333333333333,15.502666666666665,21.78466666666667,3.6719999999999993,2012.0,8150.71,4780.29,290.06,2866.69,157.59,580.12,0.0
8,241.0,24.52,34.88,8.57,82.71,37.72,22.84,29.36,7.72,2012.0,241.0,8.53,26.71,0.0,33.0,27.16,13.23,21.37,1.65,2012.0,241.0,18.619333333333334,32.699999999999996,1.462,50.42466666666666,32.79666666666667,19.033333333333328,25.608,4.153333333333333,2012.0,7818.57,4303.86,316.76,2599.29,172.17,596.1,0.0
9,257.0,21.42,32.9,8.3,73.94,34.27,14.47,23.69,8.53,2012.0,257.0,6.62,25.67,0.0,34.45,17.72,5.3,11.44,2.31,2012.0,257.0,17.215333333333334,28.151333333333337,1.161333333333333,47.91333333333333,25.196666666666665,11.004666666666667,17.708666666666666,5.074666666666666,2012.0,7433.68,4017.77,366.95,2516.36,187.54,682.34,0.0
10,273.0,19.01,28.87,4.58,54.18,28.48,11.5,18.54,7.81,2012.0,273.0,6.88,21.02,0.0,33.17,8.63,-0.51,3.48,0.95,2012.0,273.0,15.569999999999999,24.851333333333333,0.7799999999999998,43.398,20.786000000000005,6.350666666666666,13.098666666666666,3.9820000000000007,2012.0,5338.85,2684.63,634.15,2089.9,319.3,840.96,0.0
11,289.0,14.54,31.79,20.68,94.89,22.4,12.56,14.96,8.09,2012.0,289.0,4.32,22.5,0.0,36.97,8.6,-1.89,5.34,2.57,2012.0,289.0,8.522,27.302666666666667,3.8266666666666667,66.36066666666666,15.651999999999997,4.806666666666667,9.636666666666667,5.0233333333333325,2012.0,5113.53,2048.17,500.68,1543.55,252.89,875.93,0.01
12,305.0,12.56,32.11,16.48,94.0,21.24,12.66,16.86,7.82,2012.0,305.0,3.89,19.22,0.0,45.71,6.59,-3.79,1.4,1.41,2012.0,305.0,8.131333333333332,24.720666666666663,1.5426666666666669,64.48933333333333,10.317333333333334,0.22733333333333328,4.596,3.8333333333333326,2012.0,5081.56,1785.51,428.97,1310.97,209.71,841.07,0.02
