,DOY,INSgdmax,RADmax,RAINmax,RHmax,TMAXmax,TMINmax,Tmax,WINDmax,YEAR,DOY,INSgdmin,RADmin,RAINmin,RHmin,TMAXmin,TMINmin,Tmin,WINDmin,YEAR,DOY,INSgdmean,RADmean,RAINmean,RHmean,TMAXmean,TMINmean,Tmean,WINDmean,YEAR,NDVI,EVI,RED,NIR,BLUE,MIR,pixrel
0,113.0,25.768,32.827999999999996,18.459999999999997,86.84800000000001,23.514,15.530000000000001,18.948,9.932,2012.0,113.0,2.636,23.388000000000005,0.0,54.879999999999995,10.65,0.026000000000000002,5.787999999999999,2.04,2012.0,113.0,17.084133333333334,26.950533333333336,4.042400000000001,70.41626666666667,15.886933333333335,5.032533333333333,10.318533333333335,5.786933333333333,2012.0,4581.28,2189.33,705.71,1888.01,358.89,1182.49,0.23
1,129.0,28.704,33.172,35.046,89.58,26.550000000000004,17.158,21.282,6.698,2012.0,129.0,10.37,22.782,0.0,46.897999999999996,16.483999999999998,6.475999999999999,11.962000000000002,1.8200000000000003,2012.0,129.0,22.01813333333334,28.44226666666667,4.946533333333333,69.63000000000001,22.4156,10.724533333333333,16.33866666666667,4.577466666666666,2012.0,6796.59,3796.46,481.5,2538.62,259.02,873.22,0.0
2,145.0,28.9,33.95,42.507999999999996,86.19,29.587999999999997,20.435999999999996,24.708,8.816,2012.0,145.0,9.306000000000001,24.336000000000002,0.0,52.85999999999999,14.418000000000001,7.582,11.442,2.4139999999999997,2012.0,145.0,21.593999999999998,29.811199999999996,4.260133333333334,66.04826666666665,24.459600000000005,12.553333333333335,18.485599999999998,5.911866666666667,2012.0,7930.97,5248.57,370.82,3331.68,205.77,681.79,0.02
3,161.0,29.490000000000002,34.268,13.502,80.418,30.809999999999995,18.924,24.722,7.162000000000001,2012.0,161.0,14.561999999999998,25.060000000000002,0.0,44.135999999999996,22.666,9.088000000000001,16.726,2.498,2012.0,161.0,24.4588,30.599866666666664,3.1845333333333334,59.285066666666665,26.94893333333333,15.166933333333333,21.083599999999997,4.464666666666666,2012.0,8331.46,5517.04,297.64,3390.9,166.62,587.43,0.09
4,177.0,29.991999999999997,36.31,9.278,77.69200000000001,35.343999999999994,24.781999999999996,28.576,7.276,2012.0,177.0,13.374,27.23,0.0,43.82999999999999,25.912,13.182,20.59,2.212,2012.0,177.0,24.50064761904762,32.80413333333334,1.1437333333333335,59.242399999999996,30.986666666666675,19.625199999999996,25.31373333333333,4.547733333333334,2012.0,8340.18,5508.36,286.44,3366.92,162.56,577.48,0.01
5,193.0,27.954000000000004,36.492,7.1419999999999995,76.424,38.354,25.245999999999995,31.292,4.99,2012.0,193.0,16.308,30.482,0.0,39.1,28.72,18.676,25.186,1.568,2012.0,193.0,24.870266666666662,34.068133333333336,1.3754666666666666,53.931733333333334,33.7628,22.263333333333332,27.967200000000002,3.257866666666667,2012.0,8247.24,5595.0,328.33,3495.97,183.38,689.06,0.0
6,209.0,26.880000000000003,37.70399999999999,12.724000000000002,83.36000000000001,40.897999999999996,24.741999999999997,30.998000000000005,6.784000000000001,2012.0,209.0,9.04,30.79,0.0,45.226,24.398,17.54,21.738,2.09,2012.0,209.0,20.982000000000003,34.49466666666666,2.5724,55.89253333333333,33.72946666666666,21.180933333333332,27.160933333333332,3.5496,2012.0,8324.44,4944.99,264.51,2930.81,146.96,563.58,0.13
7,225.0,27.036,34.656,10.171999999999999,80.25399999999999,33.778,19.302,26.384,6.9399999999999995,2012.0,225.0,7.58,25.727999999999998,0.0,37.386,22.407999999999998,11.912,18.79,1.584,2012.0,225.0,21.11906666666667,30.644933333333338,1.0529333333333335,51.625600000000006,28.21786666666667,15.761333333333333,21.785733333333333,3.578133333333333,2012.0,8064.11,4823.98,308.28,2925.97,170.51,615.0,0.0
8,241.0,24.376,35.256,9.202,86.52600000000001,36.967999999999996,23.064000000000004,28.6,7.84,2012.0,241.0,7.866,27.054000000000002,0.0,35.168,26.631999999999998,13.950000000000001,22.074,1.57,2012.0,241.0,19.02093333333333,32.73413333333334,1.9958666666666667,51.882266666666666,32.65853333333333,19.04773333333333,25.55786666666667,4.123466666666666,2012.0,7797.26,4432.68,326.9,2706.09,179.51,636.94,0.0
9,257.0,21.387999999999998,32.012,10.252,78.812,33.15,14.006,22.826,8.193999999999999,2012.0,257.0,5.036,24.95,0.0,38.538000000000004,16.888,5.460000000000001,11.248000000000001,2.438,2012.0,257.0,16.922,27.79346666666667,1.5320000000000003,52.99653333333333,24.53853333333333,10.752400000000002,17.358266666666665,4.8453333333333335,2012.0,7286.15,3974.29,393.63,2523.65,209.06,723.37,0.0
10,273.0,18.402,29.046,4.9559999999999995,55.284,28.016000000000002,11.091999999999999,18.339999999999996,7.417999999999999,2012.0,273.0,7.048,21.395999999999997,0.0,34.17000000000001,8.878,0.010000000000000023,3.912,0.982,2012.0,273.0,15.7588,24.862,0.7549333333333335,46.467866666666666,20.430799999999998,6.457866666666667,13.057066666666667,3.935066666666666,2012.0,5358.13,2785.28,646.93,2173.64,330.63,850.02,0.0
11,289.0,15.036,31.326000000000004,28.936,97.586,21.12,12.344,14.248,8.290000000000001,2012.0,289.0,3.4879999999999995,22.124000000000002,0.0,40.202,7.976,-1.7299999999999998,5.044,2.37,2012.0,289.0,8.614266666666667,26.845066666666664,4.749333333333333,70.0684,15.0968,4.5144,9.217466666666667,4.834533333333333,2012.0,4977.44,1892.44,478.39,1432.87,239.79,902.27,0.0
12,305.0,12.48,32.83,17.799999999999997,96.904,22.152,16.340000000000003,18.811999999999998,7.084,2012.0,305.0,3.314,19.164,0.0,49.43000000000001,7.102,-3.7659999999999996,1.6880000000000002,1.5859999999999999,2012.0,305.0,8.575600000000001,24.123866666666668,1.6018666666666665,68.13839999999999,10.319466666666667,0.42040000000000005,4.676533333333333,3.7192,2012.0,4880.55,1794.71,472.03,1371.07,236.1,900.02,0.04
