,DOY,INSgdmax,RADmax,RAINmax,RHmax,TMAXmax,TMINmax,Tmax,WINDmax,YEAR,DOY,INSgdmin,RADmin,RAINmin,RHmin,TMAXmin,TMINmin,Tmin,WINDmin,YEAR,DOY,INSgdmean,RADmean,RAINmean,RHmean,TMAXmean,TMINmean,Tmean,WINDmean,YEAR,NDVI,EVI,RED,NIR,BLUE,MIR,pixrel
0,113.0,27.07,30.82,37.85,94.26,27.5,16.92,21.42,9.39,2013.0,113.0,4.68,20.34,0.0,64.25,5.89,-5.3,1.94,2.72,2013.0,113.0,18.929333333333332,26.33333333333333,6.182666666666668,77.73933333333333,14.966666666666667,3.0926666666666667,9.076666666666664,5.516,2013.0,2170.5,791.75,2253.39,2586.32,2117.28,534.37,1.58
1,129.0,29.2,31.79,26.42,94.44,30.67,15.22,21.48,9.97,2013.0,129.0,3.17,20.63,0.0,59.34,2.78,0.04,1.33,1.87,2013.0,129.0,18.05,27.973333333333336,4.839333333333333,75.59066666666668,18.744666666666667,7.65,13.517333333333333,4.602000000000001,2013.0,3999.11,1260.52,293.33,949.57,185.25,468.41,10.26
2,145.0,29.66,34.99,59.13,95.19,26.97,19.65,22.76,8.25,2013.0,145.0,6.95,25.16,0.0,69.98,17.53,6.04,13.27,2.83,2013.0,145.0,18.612666666666666,31.598666666666666,12.825333333333333,84.068,23.077333333333332,14.707333333333333,18.826666666666664,5.493333333333334,2013.0,4978.13,2026.23,290.79,1328.97,187.55,432.18,5.13
3,161.0,29.81,35.57,20.94,89.3,30.22,18.47,25.21,6.65,2013.0,161.0,4.36,25.74,0.0,67.53,20.76,8.81,15.18,2.1,2013.0,161.0,18.930000000000003,31.581333333333326,3.683333333333333,79.44066666666664,24.985333333333344,14.270000000000003,19.87,3.683333333333333,2013.0,5977.32,2703.8,252.53,1631.08,186.53,365.31,2.58
4,177.0,29.09,35.82,28.7,91.16,30.83,22.54,25.87,6.84,2013.0,177.0,5.62,28.15,0.0,72.34,23.16,12.55,19.17,2.82,2013.0,177.0,21.31333333333333,32.60533333333333,3.318,80.93866666666665,27.16000000000001,18.20466666666667,22.801333333333336,4.529999999999999,2013.0,6414.77,3007.01,277.01,1768.06,230.07,352.07,0.15
5,193.0,29.59,37.04,14.35,86.25,32.49,22.44,27.42,5.21,2013.0,193.0,7.6,28.12,0.0,71.6,24.72,14.52,20.36,2.0,2013.0,193.0,24.778,32.946000000000005,1.6246666666666665,78.76733333333333,29.262000000000004,18.810000000000002,24.382,3.8873333333333333,2013.0,7002.98,3084.87,248.46,1799.09,210.91,321.83,3.25
6,209.0,26.96,35.21,11.43,89.64,29.73,19.87,25.11,4.9,2013.0,209.0,6.52,26.64,0.0,68.39,19.15,10.1,15.37,2.32,2013.0,209.0,20.312,31.463999999999995,1.6380000000000001,76.05066666666667,25.901333333333334,15.702666666666666,20.976666666666667,3.188666666666667,2013.0,6551.14,2977.04,211.28,1747.99,138.94,239.21,2.64
7,225.0,25.78,33.98,7.68,81.14,31.12,20.17,25.15,4.57,2013.0,225.0,15.01,28.66,0.0,58.92,22.39,11.95,17.42,1.64,2013.0,225.0,21.690666666666665,30.826,0.8433333333333334,68.46066666666667,27.342666666666663,15.427333333333332,21.584666666666667,2.9433333333333334,2013.0,6182.11,2579.52,202.39,1501.65,137.17,265.02,2.59
8,241.0,23.54,35.71,8.92,78.42,39.29,23.44,30.9,5.7,2013.0,241.0,9.11,26.93,0.0,50.02,27.06,10.72,19.33,1.75,2013.0,241.0,21.154,32.961999999999996,0.9313333333333333,62.992666666666665,33.39933333333333,19.604666666666667,26.223333333333336,3.5213333333333328,2013.0,6131.88,2286.12,185.72,1306.37,127.52,155.13,2.64
9,257.0,21.56,36.29,12.47,71.32,38.78,22.4,29.62,6.31,2013.0,257.0,4.97,24.34,0.0,40.8,21.69,7.88,14.73,3.09,2013.0,257.0,15.955333333333334,31.393999999999995,2.1846666666666668,58.23666666666666,29.547333333333334,15.893333333333334,22.290666666666667,4.6946666666666665,2013.0,5915.5,2252.39,220.37,1315.77,149.33,241.92,0.01
10,273.0,19.51,34.16,22.34,84.07,30.75,18.67,23.03,6.33,2013.0,273.0,3.13,24.95,0.0,55.96,10.59,4.4,8.09,2.44,2013.0,273.0,13.830666666666666,28.88133333333333,3.092,67.21333333333334,25.208000000000002,11.397333333333334,17.988,4.5713333333333335,2013.0,5556.51,1866.95,224.23,1181.85,118.6,208.31,7.87
11,289.0,16.31,29.92,6.09,83.77,26.03,13.05,19.34,7.77,2013.0,289.0,3.67,21.56,0.0,52.38,5.14,-3.61,1.72,2.97,2013.0,289.0,11.216666666666667,25.768666666666668,1.2146666666666666,65.78333333333333,16.364,4.402666666666666,10.102666666666666,4.8373333333333335,2013.0,4870.83,1688.02,434.08,1282.04,279.69,524.01,1.34
12,305.0,13.32,31.0,35.13,97.4,18.04,8.84,13.94,6.68,2013.0,305.0,2.09,19.01,0.0,52.6,9.45,-3.67,1.41,3.9,2013.0,305.0,8.354285714285714,24.894666666666673,6.446000000000001,72.69733333333333,13.772666666666664,1.424666666666667,7.037333333333333,5.1419999999999995,2013.0,4463.26,1596.91,551.7,1315.12,479.11,423.97,2.2
