,DOY,INSgdmax,RADmax,RAINmax,RHmax,TMAXmax,TMINmax,Tmax,WINDmax,YEAR,DOY,INSgdmin,RADmin,RAINmin,RHmin,TMAXmin,TMINmin,Tmin,WINDmin,YEAR,DOY,INSgdmean,RADmean,RAINmean,RHmean,TMAXmean,TMINmean,Tmean,WINDmean,YEAR,NDVI,EVI,RED,NIR,BLUE,MIR,pixrel
0,113.0,27.3295,31.0088,36.2658,90.7021,26.534499999999998,12.7407,19.2721,9.5466,2013.0,113.0,4.2843,19.478099999999998,0.0,62.00840000000001,2.6539,-5.954400000000001,0.24659999999999999,2.5204000000000004,2013.0,113.0,18.772233333333332,25.807139999999997,4.986693333333334,74.77403999999999,14.905973333333336,1.845553333333333,8.406019999999998,5.666760000000001,2013.0,2653.12,1505.61,1286.31,2211.13,608.11,2448.48,0.73
1,129.0,29.2291,31.9589,12.6192,91.43050000000001,32.159800000000004,15.128,22.1925,7.7970999999999995,2013.0,129.0,7.3475,21.679499999999997,0.0,52.5366,3.7352,-2.2918000000000003,1.5203,1.9295,2013.0,129.0,19.840513333333334,27.869480000000003,2.3939000000000004,75.05282666666668,18.357286666666667,6.919720000000001,12.852093333333334,4.681926666666667,2013.0,3374.8,2219.86,1409.34,2855.03,669.0,2942.03,0.52
2,145.0,29.238699999999998,34.6659,46.4266,90.6995,28.1229,19.8175,22.6566,7.884499999999999,2013.0,145.0,2.9531,26.5412,0.0,67.75330000000001,16.3386,8.201900000000002,12.8749,3.3605,2013.0,145.0,18.74938,31.608939999999993,10.07718,80.09684666666666,23.422006666666668,14.302666666666667,18.847853333333333,5.737793333333333,2013.0,4050.69,2379.29,1029.32,2437.53,501.7,2002.02,0.03
3,161.0,29.7652,34.9416,13.9994,88.5598,31.861,20.2102,24.639599999999998,7.025,2013.0,161.0,3.83,27.287300000000002,0.0,66.4823,21.161700000000003,7.910799999999999,15.9967,2.5107999999999997,2013.0,161.0,18.67272380952381,31.61878,4.0037,76.72514000000001,25.56612,14.165486666666666,20.123393333333333,4.485766666666667,2013.0,4125.87,2860.65,1353.24,3223.69,653.46,2949.19,0.56
4,177.0,29.844499999999996,35.6956,13.837100000000001,87.73400000000001,31.579800000000002,22.760800000000003,26.4637,7.1274999999999995,2013.0,177.0,8.0952,27.6242,0.0,61.5962,25.223999999999997,12.5705,19.612099999999998,1.682,2013.0,177.0,23.19657333333333,32.337206666666674,3.1623200000000002,73.67154666666666,28.116239999999998,18.502786666666665,23.42541333333333,4.772893333333333,2013.0,6359.4,4468.09,768.01,3462.44,398.3,1587.75,0.99
5,193.0,29.0377,37.0691,8.5115,75.6944,33.6306,23.271299999999997,28.0054,6.385599999999999,2013.0,193.0,16.303,30.497999999999994,0.0,64.6257,28.901500000000006,17.1715,23.127599999999997,2.2119,2013.0,193.0,25.40014761904762,33.817400000000006,1.5110133333333333,69.92384,31.07436666666667,19.77202666666667,25.38393333333333,4.553520000000001,2013.0,8063.92,6634.53,491.7,4636.2,264.7,1000.42,0.19
6,209.0,28.129600000000003,35.0264,14.4177,87.1974,33.6204,19.8268,26.9054,5.171200000000001,2013.0,209.0,6.5280000000000005,26.144099999999995,0.0,57.1176,20.558600000000002,10.9246,17.2967,1.9042999999999999,2013.0,209.0,20.60315333333333,31.934193333333337,1.71422,71.92621333333334,27.16864666666667,16.416766666666668,21.87580666666667,3.314493333333334,2013.0,8453.01,6593.65,359.01,4330.67,195.28,756.95,0.3
7,225.0,25.9146,34.3745,7.3893,87.92410000000001,31.614200000000004,20.894699999999997,25.6659,5.8782000000000005,2013.0,225.0,9.235499999999998,28.154300000000006,0.0,62.529500000000006,20.220599999999997,12.982500000000002,17.0046,1.9392,2013.0,225.0,20.370580000000004,31.71678,1.8424200000000002,71.99670666666665,27.10821333333334,16.42534,21.733553333333333,3.4471866666666666,2013.0,8290.41,6810.22,432.19,4654.31,235.77,852.85,0.21
8,241.0,23.7502,35.363,24.714999999999996,79.2179,37.6109,22.666600000000003,29.3104,6.0318000000000005,2013.0,241.0,12.8934,27.0306,0.0,51.2226,27.924699999999998,12.721599999999999,20.6815,1.9451,2013.0,241.0,20.92948666666667,33.17857333333334,3.0632600000000005,61.56008,32.840720000000005,19.885613333333332,26.084246666666665,3.8144333333333327,2013.0,7846.56,5686.18,452.55,3783.54,247.08,847.33,0.0
9,257.0,21.6007,35.528999999999996,17.1825,85.171,37.828900000000004,23.3376,29.450200000000002,7.610600000000001,2013.0,257.0,5.726700000000001,24.690600000000003,0.0,41.3191,21.009500000000003,8.3158,15.5652,2.2431,2013.0,257.0,16.28686666666667,31.75340666666667,3.753553333333333,58.69088666666667,28.953893333333333,16.266733333333335,22.35858666666667,4.605473333333334,2013.0,6604.02,4208.08,620.92,3062.73,304.57,955.72,0.0
10,273.0,19.445400000000003,34.2987,22.0021,84.33670000000001,30.628699999999995,18.679399999999998,23.733200000000004,8.185699999999999,2013.0,273.0,3.6336999999999997,24.454800000000002,0.0,49.0402,11.649799999999999,4.3046999999999995,7.771899999999999,2.932,2013.0,273.0,14.881153333333334,29.08028666666667,3.2157266666666664,65.35494666666666,24.55007333333333,11.457266666666664,17.71692666666667,5.589313333333333,2013.0,4863.79,2842.82,883.87,2555.98,417.71,1406.6,0.0
11,289.0,16.6114,30.1618,7.5882000000000005,82.7968,25.585199999999997,11.7479,17.5517,8.825,2013.0,289.0,3.0419,22.5264,0.0,46.597199999999994,7.890499999999999,-1.9845999999999997,2.9672,2.9914,2013.0,289.0,10.739113333333332,25.961386666666666,0.9361000000000002,63.90811333333333,16.784813333333336,4.4386133333333335,10.036093333333335,5.099139999999999,2013.0,3708.86,2182.61,1128.27,2440.48,548.17,1667.6,0.06
12,305.0,13.628300000000001,30.3114,22.3523,95.9019,19.3454,5.9878,11.657,9.0285,2013.0,305.0,1.1588,19.3105,0.0,54.4632,7.5532,-2.5368,1.8551,3.0911999999999997,2013.0,305.0,8.992385714285714,24.57228,2.8427733333333336,71.42461333333331,13.652046666666669,1.5818133333333333,6.960066666666666,5.189426666666667,2013.0,3158.1,1751.22,1145.96,2187.1,554.22,1789.41,0.03
