,DOY,INSgdmax,RADmax,RAINmax,RHmax,TMAXmax,TMINmax,Tmax,WINDmax,YEAR,DOY,INSgdmin,RADmin,RAINmin,RHmin,TMAXmin,TMINmin,Tmin,WINDmin,YEAR,DOY,INSgdmean,RADmean,RAINmean,RHmean,TMAXmean,TMINmean,Tmean,WINDmean,YEAR,NDVI,EVI,RED,NIR,BLUE,MIR,pixrel
0,113.0,26.958699999999997,30.8395,39.7933,94.98490000000001,27.152500000000003,15.2165,20.8874,9.433200000000001,2013.0,113.0,4.1270999999999995,19.8778,0.0,64.2219,4.6644,-5.7752,1.0846,2.8422,2013.0,113.0,18.31664,25.819080000000003,5.978093333333334,78.45493333333334,14.321240000000001,2.3713733333333336,8.450466666666665,5.704206666666666,2013.0,4255.55,1849.34,780.35,1738.87,506.25,817.57,0.49
1,129.0,29.168300000000002,31.531299999999998,27.615300000000005,94.566,30.2929,14.0466,21.0265,9.9927,2013.0,129.0,3.1909,20.386400000000002,0.0,59.9281,3.2095999999999996,-0.6395999999999998,1.2346,1.8174000000000001,2013.0,129.0,19.20814,27.64974666666667,4.840926666666666,75.47726,18.433166666666665,7.097886666666667,13.052266666666668,4.68258,2013.0,5052.3,2262.67,592.38,1774.65,301.26,1146.94,0.08
2,145.0,29.6705,34.435700000000004,49.74210000000001,93.5961,26.5984,19.382,22.4161,8.4775,2013.0,145.0,6.0006,24.8432,0.0,67.92569999999999,14.4631,5.2041,11.834899999999998,3.2554000000000007,2013.0,145.0,17.881606666666666,31.220059999999997,12.148793333333334,83.97118,22.37632,13.790866666666666,18.15054,5.55902,2013.0,7353.35,4538.01,448.19,2965.95,245.48,807.66,0.46
3,161.0,29.7195,35.5411,20.2254,90.73909999999998,29.903800000000004,18.456,24.485100000000003,5.8096000000000005,2013.0,161.0,4.233300000000001,25.830799999999996,0.0,66.6371,19.6303,8.538,14.7497,1.9427,2013.0,161.0,18.706293333333335,31.465333333333326,4.340133333333334,80.12876,24.290933333333328,13.935586666666667,19.33452666666667,3.634246666666667,2013.0,7881.66,4747.33,344.34,2930.9,190.23,646.22,0.01
4,177.00000000000003,29.3982,36.1396,27.7516,93.0344,29.7937,22.388899999999996,25.476300000000002,7.016500000000001,2013.0,177.00000000000003,7.0457,28.3102,0.0,72.4318,22.769599999999997,12.787700000000001,18.6355,2.2498,2013.0,177.00000000000003,21.53288,32.51891333333334,4.037746666666666,81.81765333333333,26.66908666666667,17.878106666666667,22.38441333333333,4.51432,2013.0,8613.34,5735.86,254.54,3458.03,144.68,520.7,0.29
5,193.0,29.5321,36.00940000000001,18.781100000000002,87.84909999999999,32.0821,22.722299999999997,27.36,5.4117999999999995,2013.0,193.0,6.7574,28.0576,0.0,71.9657,24.5773,14.191899999999999,20.297,2.1231,2013.0,193.0,25.141926666666667,32.84588,2.192826666666667,79.72727333333333,28.983766666666668,18.703786666666666,24.193313333333336,3.877933333333334,2013.0,8646.98,5843.76,256.35,3549.84,147.62,519.21,0.97
6,209.00000000000003,26.750500000000002,34.6771,9.469000000000001,90.46509999999999,29.252000000000006,19.549,24.6717,5.416,2013.0,209.00000000000003,7.647799999999998,27.295,0.0,69.9137,18.017699999999998,9.5701,14.4219,1.9365999999999999,2013.0,209.00000000000003,20.93396,30.997280000000007,1.45642,78.07586,24.879393333333336,14.840166666666667,20.136879999999998,3.359306666666667,2013.0,8558.27,5576.38,258.46,3355.57,148.74,523.56,0.48
7,225.0,25.0131,33.9068,5.987500000000001,81.9555,29.659400000000005,18.8514,24.093199999999996,4.704600000000001,2013.0,225.0,15.322099999999999,27.5944,0.0,63.7277,22.0845,11.7868,17.3252,1.2702,2013.0,225.0,21.532826666666665,30.486073333333337,0.66804,73.32645333333333,25.94210666666667,14.81156,20.742693333333335,2.933213333333333,2013.0,8316.0,5143.05,281.84,3083.76,161.36,539.01,0.0
8,240.99999999999997,23.2497,35.7141,10.7796,87.1023,34.9198,22.6593,28.428399999999996,5.421900000000001,2013.0,240.99999999999997,11.3874,26.492099999999997,0.0,66.2855,23.5983,9.693200000000001,17.6036,1.7631000000000001,2013.0,240.99999999999997,20.806593333333332,32.73976666666667,1.26926,75.21776,30.341206666666665,18.787100000000002,24.43875333333333,3.5424266666666666,2013.0,8305.97,4790.53,258.97,2801.99,149.44,494.85,0.44
9,257.0,21.4848,35.2415,13.1369,79.78389999999999,35.2385,21.3245,27.3885,6.1389000000000005,2013.0,257.0,5.1112,24.114600000000003,0.0,51.16609999999999,20.1911,7.2382,13.666200000000002,2.9025,2013.0,257.0,15.566086666666667,30.83559333333333,2.2491866666666667,67.54275333333332,26.927540000000004,14.698880000000003,20.482459999999996,4.544633333333333,2013.0,7674.33,4104.84,325.43,2483.23,181.77,560.65,0.01
10,273.0,19.230000000000004,33.832899999999995,27.744100000000003,89.0351,29.1253,17.869300000000003,21.9546,6.533,2013.0,273.0,3.0991,24.683999999999997,0.0,59.713899999999995,10.331999999999999,3.9815,7.4016,2.5636,2013.0,273.0,13.73544,28.356139999999996,3.1362333333333323,71.07722,23.797539999999998,10.551786666666667,16.883773333333334,4.519939999999999,2013.0,6770.76,3272.84,413.18,2134.66,201.14,666.96,0.07
11,289.0,16.0002,30.169,7.1453999999999995,84.4862,24.7759,12.7347,18.6464,7.7728,2013.0,289.0,3.6178,21.380499999999998,0.0,56.9626,5.123200000000001,-3.8865000000000003,1.0443,2.8651,2013.0,289.0,10.691733333333332,25.669586666666667,1.1941133333333334,68.93761333333333,15.276253333333333,3.9655066666666667,9.333253333333333,4.818273333333333,2013.0,5820.16,2556.83,475.48,1791.72,243.48,837.54,0.18
12,305.0,12.696100000000001,30.584600000000002,23.085900000000002,97.7285,16.9937,7.9312,12.905899999999999,6.827999999999999,2013.0,305.0,1.4529999999999998,19.3585,0.0,57.6943,8.203699999999998,-4.2759,0.6327,3.8997,2013.0,305.0,7.987221428571428,24.755193333333338,4.705433333333334,76.07433999999999,12.5123,0.7863,6.15662,5.240953333333333,2013.0,5586.64,2212.92,586.94,1694.66,423.69,676.97,0.61
