,DOY,INSgdmax,RADmax,RAINmax,RHmax,TMAXmax,TMINmax,Tmax,WINDmax,YEAR,DOY,INSgdmin,RADmin,RAINmin,RHmin,TMAXmin,TMINmin,Tmin,WINDmin,YEAR,DOY,INSgdmean,RADmean,RAINmean,RHmean,TMAXmean,TMINmean,Tmean,WINDmean,YEAR,NDVI,EVI,RED,NIR,BLUE,MIR,pixrel
0,113.0,26.8114,30.3214,70.2616,98.999,27.0608,15.120600000000001,20.614,9.7248,2013.0,113.0,3.6433999999999993,20.7115,0.0,65.4083,5.5621,-4.411,2.0509,2.7858,2013.0,113.0,17.73039333333333,26.203886666666666,7.466106666666666,79.88892666666665,15.417066666666665,3.2666200000000005,9.522100000000002,5.828513333333332,2013.0,1662.31,442.18,670.72,1384.21,470.71,164.58,77.35
1,129.0,28.8862,31.4735,29.823,97.01469999999999,29.865399999999998,14.889100000000001,20.4179,7.4719,2013.0,129.0,2.3983,20.4449,0.0,61.262699999999995,10.392999999999999,0.3288,5.4376,1.2828,2013.0,129.0,19.65515333333333,27.910373333333336,3.867746666666667,76.73482666666666,19.883826666666664,8.029753333333334,14.14124,4.346113333333333,2013.0,2772.68,805.38,110.04,945.52,-62.51,402.9,68.94
2,145.0,29.467399999999998,35.303900000000006,51.3019,92.90079999999999,27.193,20.038800000000002,22.897299999999998,8.1591,2013.0,145.0,4.0451,23.6088,0.0,65.6956,14.046100000000001,4.2446,11.0549,3.1418,2013.0,145.0,16.746926666666667,31.89542666666667,12.663393333333332,84.37585333333332,23.008959999999995,14.494933333333334,18.853726666666667,5.525406666666669,2013.0,3911.09,1492.04,58.93,1219.49,-57.88,280.51,64.21
3,161.0,28.9037,35.41100000000001,16.095599999999997,92.93589999999999,30.259999999999998,19.4915,25.483800000000002,5.51,2013.0,161.0,7.4999,25.927599999999998,0.0,67.6714,20.149099999999997,9.308300000000001,14.825800000000001,2.1476,2013.0,161.0,19.75791333333333,31.601713333333333,3.335266666666667,79.91592,24.610499999999995,14.403119999999998,19.75862,3.4491266666666665,2013.0,4280.95,2082.07,-45.52,1548.53,-148.76,199.04,76.51
4,177.0,29.2399,36.103699999999996,21.6895,91.85079999999999,30.407899999999998,23.2342,25.4799,6.4492,2013.0,177.0,10.5291,27.5036,0.0,68.4354,21.850699999999996,12.000499999999999,18.784000000000002,1.4409,2013.0,177.0,22.03428,32.231166666666674,4.785293333333334,81.86094,26.690706666666667,17.969,22.34763333333333,4.43742,2013.0,4916.64,2527.71,-111.28,1698.79,-169.85,49.47,74.04
5,193.0,29.493900000000004,36.8167,11.467199999999998,87.16229999999999,31.847700000000003,23.309599999999996,27.5685,5.3861,2013.0,193.0,13.386999999999999,27.631299999999996,0.0,71.21090000000001,26.3383,13.680899999999998,20.797399999999996,1.9724,2013.0,193.0,25.38973333333333,33.065553333333334,1.7512266666666665,79.82844000000001,29.316060000000004,19.077153333333335,24.55986,3.5860733333333323,2013.0,4940.01,2863.99,-107.92,1949.98,-172.72,86.05,77.12
6,209.0,26.9363,34.8592,11.6996,85.75290000000001,28.662300000000002,18.7946,24.073699999999995,5.2297,2013.0,209.0,6.928399999999999,28.272600000000004,0.0,69.7504,18.7858,10.3605,15.4647,1.5554999999999999,2013.0,209.0,20.6616,31.250126666666667,1.4430666666666667,77.82798666666667,24.940199999999997,15.075353333333336,20.365266666666667,3.3356866666666667,2013.0,4797.73,2719.43,109.34,1947.72,63.26,258.28,59.57
7,225.0,25.5391,34.7776,9.8927,86.04050000000001,29.4994,19.0674,24.2353,4.0732,2013.0,225.0,15.613599999999998,27.1876,0.0,65.0412,22.717200000000002,12.248600000000001,18.0757,1.6709999999999998,2013.0,225.0,21.209366666666668,30.656553333333335,0.9967733333333335,73.43922666666667,26.25221333333333,15.408993333333333,21.079513333333328,2.865193333333333,2013.0,4995.02,2498.57,92.87,1784.63,29.24,213.82,61.44
8,241.0,23.790100000000002,35.7025,8.4651,85.1261,37.144600000000004,23.641200000000005,29.697,5.4112,2013.0,241.0,6.4735,26.9289,0.0,54.7067,26.415899999999997,11.0436,18.5459,1.5522,2013.0,241.0,20.45966,32.84831333333334,0.8666399999999999,69.92734,31.504686666666668,18.987853333333334,24.995720000000002,3.3830999999999998,2013.0,4958.81,2342.62,30.89,1645.63,-25.87,160.99,64.14
9,257.0,21.7076,35.6,11.3045,75.12870000000001,38.056,22.619899999999998,29.231900000000003,6.100300000000001,2013.0,257.0,4.6138,24.2051,0.0,44.85189999999999,21.4025,7.750400000000001,14.6554,3.2121000000000004,2013.0,257.0,16.319106666666666,31.027860000000004,2.804033333333333,62.504893333333335,28.55098,15.434666666666667,21.591013333333333,4.676846666666668,2013.0,4427.68,1717.31,-129.1,1218.23,-202.45,12.39,79.05
10,273.0,19.3241,33.886300000000006,13.282699999999998,82.3917,29.7209,19.218,23.141899999999996,6.6136,2013.0,273.0,4.3616,24.9203,0.0,51.8575,12.5432,5.6503,8.9412,2.6461,2013.0,273.0,14.200426666666665,28.49558,1.6188066666666667,66.22569333333334,25.74596666666666,11.565819999999999,18.21018,4.415780000000001,2013.0,3807.94,1137.13,-46.62,969.75,-165.81,73.04,74.0
11,289.0,16.2824,29.5907,11.039200000000001,88.3055,25.640500000000003,13.353800000000001,18.9736,6.801399999999999,2013.0,289.0,3.035,21.8912,0.0,56.35960000000001,3.2269,-2.457,1.445,3.0457,2013.0,289.0,11.071393333333337,25.888453333333327,1.3627333333333331,67.36174666666666,16.557059999999996,4.998253333333334,10.434066666666668,4.641806666666665,2013.0,3155.02,918.44,73.81,949.26,-51.77,239.47,69.38
12,305.0,13.4253,31.3902,23.8457,98.18900000000002,16.7655,9.3125,12.6057,6.6164,2013.0,305.0,1.1764999999999999,20.4788,0.0,53.742799999999995,8.888799999999998,-3.9914,1.7503000000000002,3.8108000000000004,2013.0,305.0,7.165857142857143,25.375120000000003,4.844266666666667,74.28101333333335,13.201166666666664,1.2891066666666664,6.992686666666666,5.138426666666666,2013.0,2392.34,765.08,376.51,1194.4,241.31,147.18,69.89
