,DOY,INSgdmax,RADmax,RAINmax,RHmax,TMAXmax,TMINmax,Tmax,WINDmax,YEAR,DOY,INSgdmin,RADmin,RAINmin,RHmin,TMAXmin,TMINmin,Tmin,WINDmin,YEAR,DOY,INSgdmean,RADmean,RAINmean,RHmean,TMAXmean,TMINmean,Tmean,WINDmean,YEAR,NDVI,EVI,RED,NIR,BLUE,MIR,pixrel
0,113.0,26.93,31.64,81.67,98.88,27.18,15.76,21.0,8.99,2013.0,113.0,3.92,20.81,0.0,64.48,8.29,-4.06,3.5,2.57,2013.0,113.0,17.541999999999998,26.700666666666667,9.436000000000002,79.93000000000002,16.241999999999997,3.879333333333333,10.126000000000001,5.458666666666667,2013.0,3027.21,1502.19,1721.24,2531.58,1555.83,538.77,3.88
1,129.0,28.91,32.65,46.49,95.17,29.6,16.49,21.51,7.93,2013.0,129.0,2.81,20.88,0.0,62.66,7.2,1.1,3.04,1.89,2013.0,129.0,18.824666666666666,28.279333333333327,3.8793333333333337,78.33,19.474666666666668,8.306,14.093333333333332,4.2266666666666675,2013.0,5477.28,2152.9,393.42,1454.98,228.94,705.4,0.0
2,145.0,29.41,35.82,90.51,93.23,27.55,20.25,23.29,7.65,2013.0,145.0,5.04,25.34,0.0,69.06,17.89,7.08,13.35,3.4,2013.0,145.0,17.462,32.443333333333335,19.456,84.33866666666667,23.947333333333336,15.624,19.791999999999998,5.353333333333335,2013.0,5809.07,2416.41,389.95,1588.93,236.85,656.01,0.0
3,161.0,29.27,34.92,15.01,88.85,31.06,20.77,26.25,6.53,2013.0,161.0,7.67,26.24,0.0,71.79,20.72,10.36,15.51,1.61,2013.0,161.0,20.007333333333335,31.835333333333335,2.813333333333334,79.92533333333333,25.515333333333334,15.502,20.715999999999998,3.488,2013.0,7231.59,3451.09,282.44,2022.19,190.6,461.66,0.0
4,177.0,29.16,35.78,11.75,89.57,31.01,22.98,26.3,5.93,2013.0,177.0,9.29,27.97,0.0,73.02,23.57,13.46,19.49,2.11,2013.0,177.0,22.436666666666664,32.79666666666667,2.8986666666666667,81.09733333333334,27.768666666666658,18.682,23.286000000000005,4.471333333333334,2013.0,7580.59,3961.52,278.51,2290.33,203.33,455.7,0.06
5,193.0,29.81,37.62,4.88,84.22,32.15,23.17,27.7,4.74,2013.0,193.0,14.62,27.18,0.0,70.9,26.65,14.4,20.76,1.85,2013.0,193.0,24.713333333333335,33.452666666666666,0.9673333333333332,78.97066666666666,29.480666666666664,19.416666666666664,24.83333333333333,3.510666666666667,2013.0,7837.95,3892.46,225.53,2196.59,161.98,387.29,0.06
6,209.0,27.83,35.57,7.01,90.4,29.4,20.12,25.1,4.75,2013.0,209.0,6.26,26.46,0.0,67.13,20.3,10.46,16.42,1.98,2013.0,209.0,20.041333333333334,31.904,1.8493333333333333,77.25733333333332,25.974,16.468,21.461333333333332,3.025333333333333,2013.0,7981.67,3643.75,212.14,2038.1,136.22,332.42,0.75
7,225.0,26.03,34.34,11.08,87.29,30.54,20.8,25.21,3.81,2013.0,225.0,8.5,29.05,0.0,63.19,21.39,12.19,17.43,1.66,2013.0,225.0,20.441999999999997,31.38533333333333,1.2339999999999998,72.26533333333334,27.04733333333333,16.061333333333334,21.67866666666667,2.72,2013.0,7463.71,3338.17,212.79,1858.06,153.25,339.66,0.0
8,241.0,23.65,35.96,2.74,76.05,38.92,24.28,30.88,5.42,2013.0,241.0,10.4,27.36,0.0,43.73,29.42,12.48,21.0,1.7,2013.0,241.0,21.372,33.15533333333333,0.33333333333333326,60.80533333333334,33.77666666666667,20.043333333333333,26.550666666666665,3.324666666666667,2013.0,7654.8,2962.8,181.86,1600.14,126.71,267.22,0.0
9,257.0,21.85,36.14,21.92,78.09,38.9,23.38,30.02,5.89,2013.0,257.0,4.18,24.8,0.0,42.96,23.14,9.33,15.71,2.72,2013.0,257.0,16.594000000000005,31.89066666666667,4.208666666666667,57.41933333333331,30.476666666666667,16.758,23.089333333333332,4.474666666666667,2013.0,7415.11,2936.88,201.71,1616.99,137.91,279.71,0.0
10,273.0,19.94,33.91,6.31,75.75,30.86,20.0,24.66,6.28,2013.0,273.0,3.71,24.98,0.0,54.42,13.45,5.9,9.69,2.68,2013.0,273.0,14.336666666666666,29.42933333333333,0.6186666666666666,65.16733333333333,26.822,12.635333333333334,19.271333333333335,4.4479999999999995,2013.0,6404.81,2456.65,288.44,1490.57,167.13,368.17,0.2
11,289.0,16.88,29.77,10.18,79.89,26.75,13.37,19.74,6.34,2013.0,289.0,3.28,22.36,0.0,49.13,8.41,-2.35,2.91,3.16,2013.0,289.0,12.239333333333331,26.039333333333335,1.153333333333333,63.59533333333333,18.424666666666667,5.483333333333335,11.510666666666664,4.706666666666666,2013.0,6130.58,2476.66,414.48,1656.17,262.95,562.01,1.08
12,305.0,13.86,31.25,25.39,98.65,19.03,10.48,15.05,6.27,2013.0,305.0,0.9,19.44,0.0,49.28,11.23,-3.09,2.96,2.95,2013.0,305.0,8.069285714285714,25.471428571428575,4.602666666666667,70.98066666666665,14.803333333333333,2.631333333333333,8.307333333333334,4.934666666666667,2013.0,4004.18,1790.79,800.64,1680.99,756.97,383.71,2.66
