,DOY,INSgdmax,RADmax,RAINmax,RHmax,TMAXmax,TMINmax,Tmax,WINDmax,YEAR,DOY,INSgdmin,RADmin,RAINmin,RHmin,TMAXmin,TMINmin,Tmin,WINDmin,YEAR,DOY,INSgdmean,RADmean,RAINmean,RHmean,TMAXmean,TMINmean,Tmean,WINDmean,YEAR,NDVI,EVI,RED,NIR,BLUE,MIR,pixrel
0,113.0,27.134199999999996,31.065199999999997,49.64620000000001,99.3554,26.8734,15.849400000000001,20.6736,7.987,2013.0,113.0,4.1186,21.6616,0.0,64.23360000000001,7.963199999999999,-4.7508,3.0351999999999997,2.0312,2013.0,113.0,18.14745333333333,26.630493333333334,7.703826666666668,79.06265333333332,16.02772,3.4463999999999997,9.625093333333334,4.863733333333332,2013.0,5093.8,3264.81,923.09,2872.9,468.7,1794.37,0.79
1,129.0,29.190800000000003,32.62,28.593799999999998,90.31899999999999,29.6572,16.322,21.3266,8.353000000000002,2013.0,129.0,3.5296000000000003,20.879599999999996,0.0,56.814,2.9924,0.5242,1.3766000000000003,1.808,2013.0,129.0,18.36016,28.086626666666668,3.5441599999999998,77.37854666666667,18.825919999999996,7.640840000000001,13.487746666666665,4.005413333333333,2013.0,6450.17,4150.52,648.55,3031.59,343.12,1316.6,0.02
2,145.0,29.4874,35.3408,86.2612,93.97319999999999,27.172600000000003,19.828200000000002,22.9588,7.008,2013.0,145.0,6.149800000000001,25.481600000000004,0.0,71.8348,19.0148,7.4148,13.651,3.3422,2013.0,145.0,19.077080000000002,32.0578,14.690266666666663,84.18943999999999,23.786093333333334,15.092826666666666,19.416466666666665,4.893613333333333,2013.0,7946.66,6342.33,483.94,4357.57,265.2,874.97,0.9
3,161.0,29.879599999999996,34.8504,17.602800000000002,89.58879999999999,31.0994,19.602800000000002,25.9328,6.5422,2013.0,161.0,4.6126,26.1308,0.0,68.8014,21.177,9.6512,15.4514,1.5852,2013.0,161.0,19.205533333333335,31.759400000000003,3.341226666666667,79.0916,25.5974,15.04504,20.53849333333333,3.3702533333333333,2013.0,7755.43,5660.71,479.22,3802.27,260.66,1017.62,0.0
4,177.0,29.221200000000003,35.9362,13.5918,90.658,31.446199999999997,22.9706,25.9792,5.4932,2013.0,177.0,5.761000000000001,27.7442,0.0,70.0052,23.872,12.451400000000001,19.331999999999997,1.74,2013.0,177.0,21.384973333333335,32.65902666666666,2.8529466666666665,79.79584,27.679093333333334,18.3332,23.13466666666667,4.093666666666667,2013.0,7711.46,5803.72,514.11,3991.19,278.9,1103.65,0.15
5,193.0,29.456200000000003,37.132,8.3352,84.7486,31.966800000000003,22.569200000000002,27.275199999999998,4.2124,2013.0,193.0,12.0362,28.350199999999997,0.0,72.23599999999999,26.0838,14.4912,20.7506,1.8684,2013.0,193.0,24.58796,33.27052,1.2875066666666664,78.17251999999999,29.29434666666667,19.1038,24.497146666666666,3.3558000000000003,2013.0,7439.88,5703.06,597.85,4063.59,323.85,1168.14,0.04
6,209.0,28.196600000000004,35.4134,9.7628,89.30279999999999,29.9798,20.2926,25.3234,3.9074,2013.0,209.0,7.994200000000001,26.0912,0.0,64.99820000000001,20.9884,10.2106,16.517799999999998,1.8006,2013.0,209.0,20.338840000000005,32.04178666666667,2.0378133333333333,76.36074666666667,26.41357333333334,16.27468,21.535333333333337,2.6624800000000004,2013.0,7631.72,5683.76,525.28,3929.79,282.71,1070.22,0.1
7,225.0,26.154600000000002,34.5688,10.1712,85.98559999999999,30.8996,20.4568,25.143600000000003,3.6614000000000004,2013.0,225.0,8.678799999999999,29.050000000000004,0.0,59.6058,20.168,11.87,16.64,1.8068,2013.0,225.0,20.509186666666665,31.38252,1.2108800000000002,69.91004,27.410346666666666,15.87228,21.730986666666666,2.5873866666666667,2013.0,7370.88,4959.64,504.19,3349.41,272.09,1034.45,0.47
8,241.0,23.8154,35.717,12.0364,72.1688,38.9726,23.6508,30.601800000000004,4.8107999999999995,2013.0,241.0,10.0136,27.2522,0.0,42.4952,29.836,12.362799999999998,21.272399999999998,1.5744000000000002,2013.0,241.0,20.837666666666664,32.96729333333333,0.9591599999999999,58.70331999999999,33.954240000000006,19.730173333333333,26.52129333333333,3.0451333333333337,2013.0,6902.65,4435.31,564.65,3082.01,302.82,1064.96,0.0
9,257.0,21.9754,36.0708,22.9288,81.12840000000001,38.258,23.0672,29.726399999999998,5.747,2013.0,257.0,3.853,24.1808,0.0,41.4846,22.4868,8.0048,15.4448,2.1552000000000002,2013.0,257.0,16.36196,31.787679999999995,3.1786799999999995,57.323373333333336,30.08730666666667,16.58716,22.869080000000004,4.056826666666667,2013.0,7002.49,4242.24,499.73,2854.68,263.82,993.94,0.0
10,273.0,19.98,34.3778,17.772,80.8212,30.503600000000002,19.1876,23.9166,5.5282,2013.0,273.0,3.8720000000000003,25.057399999999998,0.0,57.218399999999995,12.682,4.4506,8.7422,2.2405999999999997,2013.0,273.0,14.10836,29.11029333333334,1.6693466666666668,68.23030666666666,25.672866666666664,12.027293333333333,18.4278,4.131920000000001,2013.0,6879.78,4079.42,509.84,2768.09,264.37,986.62,0.0
11,289.0,16.8342,30.624200000000002,6.3950000000000005,78.5324,26.287399999999998,12.729000000000001,19.5164,6.178000000000001,2013.0,289.0,4.444999999999999,22.3508,0.0,47.361599999999996,7.412,-2.9448,2.0850000000000004,2.9006000000000003,2013.0,289.0,12.249186666666667,25.81608,0.5998666666666667,64.46486666666667,17.66484,4.8595733333333335,10.87452,4.25756,2013.0,6470.85,3722.84,561.96,2608.99,295.63,1026.58,0.0
12,305.0,14.353399999999999,31.3354,38.6238,98.7154,19.3166,10.3626,15.4328,6.2940000000000005,2013.0,305.0,1.6372000000000002,19.3234,0.0,49.9936,11.162,-3.362,2.6778000000000004,2.599,2013.0,305.0,8.6196,25.02768,5.979999999999999,71.15654666666666,14.803866666666666,2.39188,8.040840000000001,4.484773333333333,2013.0,4909.75,2524.1,714.78,2107.33,357.0,1487.13,0.0
