,DOY,INSgdmax,RADmax,RAINmax,RHmax,TMAXmax,TMINmax,Tmax,WINDmax,YEAR,DOY,INSgdmin,RADmin,RAINmin,RHmin,TMAXmin,TMINmin,Tmin,WINDmin,YEAR,DOY,INSgdmean,RADmean,RAINmean,RHmean,TMAXmean,TMINmean,Tmean,WINDmean,YEAR,NDVI,EVI,RED,NIR,BLUE,MIR,pixrel
0,113.0,26.4136,30.715999999999998,50.595200000000006,98.956,26.454400000000003,15.319600000000001,20.3892,9.4724,2013.0,113.0,4.7108,19.983200000000004,0.0,68.07560000000001,4.3148,-4.6272,1.0588,2.5576,2013.0,113.0,17.73104,25.820186666666668,6.25392,80.60978666666668,14.072746666666665,2.5139733333333334,8.442239999999998,5.692746666666667,2013.0,1249.56,103.44,184.13,912.82,-15.72,165.16,105.1
1,129.0,29.066800000000004,31.5668,25.127200000000002,96.04639999999999,29.163600000000002,13.098400000000002,19.9436,8.7032,2013.0,129.0,3.9967999999999995,20.1164,0.0,57.652,5.82,-0.4172,2.8196,1.3276,2013.0,129.0,20.449440000000003,27.211546666666667,3.5719466666666664,76.47533333333334,18.34765333333333,6.891093333333332,12.969333333333331,4.366293333333333,2013.0,2300.26,881.37,244.71,964.87,107.14,604.8,41.14
2,145.0,29.3928,34.1636,41.0488,93.63199999999999,26.046000000000003,19.3816,21.9816,8.258,2013.0,145.0,3.8452,24.0488,0.0,66.5992,12.43,3.6928,9.9628,3.3064,2013.0,145.0,17.43170666666667,30.998453333333334,10.45650666666667,84.41685333333332,21.806773333333332,13.175360000000003,17.678853333333336,5.333200000000001,2013.0,3488.42,1503.06,811.39,1909.58,705.19,892.32,49.14
3,161.0,29.003200000000003,35.38,17.868,93.9812,29.4028,17.360799999999998,23.6104,5.4836,2013.0,161.0,6.3712,25.607200000000002,0.0,68.55839999999999,19.2108,8.2488,14.4632,1.8296000000000001,2013.0,161.0,19.810906666666668,31.369706666666666,4.22152,80.86373333333334,23.395733333333332,13.440746666666666,18.715226666666666,3.3893066666666662,2013.0,3606.71,1851.22,-85.25,1455.76,-165.27,130.79,81.75
4,177.0,29.3664,36.1072,24.4632,93.9048,28.8268,22.5404,24.773200000000003,6.457599999999999,2013.0,177.0,8.6764,27.7032,0.0,70.6964,22.144,10.9236,18.48,1.5196,2013.0,177.0,22.147840000000002,32.26447999999999,5.18904,83.42738666666666,25.87397333333334,17.336773333333337,21.706826666666668,4.32248,2013.0,3962.53,2226.0,-114.2,1575.47,-150.67,19.49,74.08
5,193.0,29.23,35.5436,22.686000000000003,90.2456,31.4752,22.7808,27.254800000000003,5.5876,2013.0,193.0,14.150400000000001,28.1428,0.0,73.74119999999999,25.3172,13.690000000000001,20.6052,2.288,2013.0,193.0,25.130213333333337,32.72528,2.62744,81.23573333333334,28.664533333333335,18.577039999999997,24.07605333333333,3.6716,2013.0,3983.53,2208.8,-251.76,1600.66,-300.28,-92.74,97.22
6,209.0,26.9568,33.9528,16.5184,91.13840000000002,28.3192,18.9152,24.101200000000002,5.5564,2013.0,209.0,8.486799999999999,28.2896,0.0,70.81,17.482000000000003,9.764,14.275200000000002,1.5532,2013.0,209.0,20.97968,30.85490666666667,1.5404266666666666,79.61397333333332,24.0552,14.21864,19.53304,3.4636533333333333,2013.0,4300.91,2472.16,101.46,1836.14,93.2,230.2,59.79
7,225.0,24.6992,34.2436,5.2932,82.6756,28.356800000000003,18.010800000000003,23.470399999999998,4.546,2013.0,225.0,16.5,26.7976,0.0,67.6264,21.1044,11.1192,16.9584,1.4792,2013.0,225.0,21.07754666666667,30.37704,0.52424,76.04549333333333,25.171093333333328,14.550746666666665,20.277306666666664,2.946106666666666,2013.0,4204.79,2030.69,-98.36,1475.54,-137.49,32.65,76.73
8,241.0,23.543599999999998,35.93,14.4968,92.7372,32.4872,22.396800000000002,27.170399999999997,5.1272,2013.0,241.0,8.48,26.1836,0.0,77.838,22.0756,9.1832,16.2848,2.0464,2013.0,241.0,19.954133333333335,32.407066666666665,1.4976533333333335,82.46832,28.17072,17.70648,22.96152,3.55424,2013.0,4173.17,2039.86,20.37,1552.25,-13.5,101.95,71.84
9,257.0,21.38,35.384,11.5512,83.96199999999999,32.8448,20.828,26.2736,5.812,2013.0,257.0,5.6888000000000005,23.7028,0.0,60.27119999999999,18.169999999999998,6.449600000000001,12.868400000000001,2.8796,2013.0,257.0,15.721333333333337,30.387813333333334,2.7515199999999997,74.02704,24.897626666666664,13.954186666666669,19.271786666666667,4.481146666666667,2013.0,3467.59,1243.24,-247.76,1022.39,-307.07,-98.15,102.0
10,273.0,18.912799999999997,33.854,24.208,91.7612,27.869199999999996,17.4984,21.168,6.6044,2013.0,273.0,3.5236,24.576800000000002,0.0,60.839999999999996,11.638000000000002,4.2144,7.4976,2.1008,2013.0,273.0,13.502320000000001,27.832,2.21928,73.35114666666666,23.352106666666664,10.112826666666667,16.358426666666666,4.29424,2013.0,3027.6,884.78,-54.63,891.88,-159.5,36.77,79.28
11,289.0,15.724,30.683600000000002,8.939599999999999,83.196,24.1556,12.315999999999999,18.112000000000002,7.308800000000001,2013.0,289.0,3.4828,21.5304,0.0,62.172000000000004,4.7212,-3.0084,0.9084,2.8143999999999996,2013.0,289.0,10.411546666666666,25.54656,0.8393066666666666,72.07394666666667,14.895786666666666,4.100426666666667,9.178213333333337,4.5750399999999996,2013.0,2544.54,670.07,116.46,864.99,19.19,313.6,69.86
12,305.0,12.557199999999998,30.400000000000002,20.246000000000002,98.18639999999999,15.8868,6.8267999999999995,11.5844,6.5392,2013.0,305.0,0.9728000000000001,20.546799999999998,0.0,58.08520000000001,7.348000000000001,-4.446000000000001,0.43920000000000003,3.9176,2013.0,305.0,7.098771428571427,24.996426666666665,3.6377066666666664,78.24925333333333,11.7228,0.46674666666666664,5.808826666666666,5.200986666666668,2013.0,2457.24,550.16,81.33,797.33,-19.19,184.0,74.85
