,DOY,INSgdmax,RADmax,RAINmax,RHmax,TMAXmax,TMINmax,Tmax,WINDmax,YEAR,DOY,INSgdmin,RADmin,RAINmin,RHmin,TMAXmin,TMINmin,Tmin,WINDmin,YEAR,DOY,INSgdmean,RADmean,RAINmean,RHmean,TMAXmean,TMINmean,Tmean,WINDmean,YEAR,NDVI,EVI,RED,NIR,BLUE,MIR,pixrel
0,113.0,26.9846,30.9054,35.593,92.55199999999999,27.2316,16.1575,21.139400000000002,9.1704,2013.0,113.0,4.6129,20.5352,0.0,64.0853,5.761899999999999,-5.4952,1.7752999999999999,2.6956000000000007,2013.0,113.0,19.271340000000002,26.127966666666666,5.824393333333333,76.98781333333334,14.792613333333332,2.7498466666666666,8.900986666666665,5.579846666666667,2013.0,2513.93,944.2,2723.13,3124.59,2512.77,549.13,1.27
1,129.0,29.285400000000003,31.7229,26.9934,95.46480000000001,30.6578,14.835700000000001,21.4129,9.799199999999999,2013.0,129.0,3.2981,20.6971,0.0,57.046400000000006,2.4627999999999997,-0.17959999999999998,1.1165,1.7419,2013.0,129.0,18.455853333333334,27.86434666666667,5.37044,76.1661,18.45064666666667,7.355166666666667,13.203793333333333,4.640226666666667,2013.0,3512.04,1253.87,338.06,1078.78,201.52,482.6,20.67
2,145.0,29.489199999999997,34.617900000000006,63.8819,94.7081,27.2262,19.6683,22.698999999999998,8.121899999999998,2013.0,145.0,7.389200000000001,25.623600000000003,0.0,71.2793,18.0668,6.076599999999999,13.4347,2.9764,2013.0,145.0,18.685866666666662,31.52343333333333,13.22224,83.81790000000001,23.048460000000006,14.453166666666664,18.720119999999998,5.486013333333333,2013.0,4234.53,1863.1,259.29,1336.69,130.39,427.66,20.44
3,161.0,29.8283,35.4785,16.853,89.7148,30.4518,18.8482,24.923299999999998,6.7476,2013.0,161.0,6.4462,25.983999999999998,0.0,68.2193,20.485500000000002,8.2671,15.1556,2.1976,2013.0,161.0,19.62214666666667,31.504066666666667,3.418593333333334,79.61309333333334,24.928400000000003,14.134986666666668,19.781753333333334,3.818753333333333,2013.0,5285.79,2646.03,251.49,1705.92,157.78,321.0,12.8
4,177.0,28.8887,35.6858,20.709,90.6049,30.8788,22.5034,25.8639,6.7973,2013.0,177.0,4.9612,28.522100000000002,0.0,70.93700000000001,23.2454,12.8672,18.938200000000002,2.5943,2013.0,177.0,21.627686666666666,32.48862,2.85806,80.54785999999999,27.17626666666667,18.21036,22.778560000000006,4.5893733333333335,2013.0,5704.01,3092.11,288.97,1941.73,214.29,389.56,7.92
5,193.0,29.394800000000004,36.9119,13.343499999999999,85.4021,32.2399,22.440000000000005,27.1455,5.191699999999999,2013.0,193.0,10.4731,28.730000000000004,0.0,70.9961,24.9457,14.8128,20.3844,2.1647,2013.0,193.0,25.14644,33.06922,1.73162,78.74537333333333,29.17212666666667,18.89336666666667,24.323439999999998,4.01706,2013.0,6373.65,2927.23,203.15,1761.41,137.2,262.03,8.13
6,209.0,27.7774,35.228300000000004,8.0262,90.12190000000001,29.7971,19.6626,25.1222,4.9671,2013.0,209.0,7.636299999999999,26.091,0.0,68.08500000000001,19.394,9.9109,15.552999999999999,2.2102,2013.0,209.0,20.504353333333334,31.435940000000002,1.2606133333333331,76.84976666666667,25.82244,15.648579999999999,20.91404,3.142713333333334,2013.0,5903.87,2988.58,243.67,1847.42,164.98,294.56,8.03
7,225.0,25.4506,34.004400000000004,5.166799999999999,82.5186,30.3819,20.2676,24.9426,4.9726,2013.0,225.0,15.888399999999999,28.5685,0.0,60.9757,21.1883,12.0232,16.9137,1.7375999999999998,2013.0,225.0,21.93548,30.83332,0.7831466666666667,70.55866,26.83799333333333,15.45295333333333,21.302846666666667,2.95106,2013.0,5505.1,2624.43,180.89,1639.96,93.96,248.17,17.93
8,241.0,23.5888,35.362300000000005,15.7459,80.7319,38.07,23.2997,30.1192,5.785400000000001,2013.0,241.0,9.659,26.887299999999996,0.0,51.319300000000005,26.7611,11.250700000000002,19.6045,1.7073,2013.0,241.0,21.097879999999996,32.85463999999999,1.59298,65.03413333333333,32.643339999999995,19.53106,25.84106666666667,3.5144199999999994,2013.0,5249.97,2158.79,143.03,1346.01,61.83,190.16,20.47
9,257.0,21.6088,36.4181,12.8909,74.3334,38.054100000000005,22.137699999999995,29.1625,6.7492,2013.0,257.0,5.0127,24.1387,0.0,42.526300000000006,21.677800000000005,7.4103,14.656799999999999,2.602,2013.0,257.0,15.893519999999997,31.40660666666667,2.64176,59.25130000000001,29.128466666666668,15.768080000000005,22.049106666666667,4.692633333333333,2013.0,5232.43,2302.41,210.83,1457.94,119.29,222.12,12.94
10,273.0,19.4673,34.2088,25.0972,86.2233,30.628,18.383300000000002,23.1398,6.5557,2013.0,273.0,3.1117,24.95,0.0,54.538700000000006,10.4497,4.1987000000000005,7.9253,2.9829,2013.0,273.0,13.756246666666666,28.904513333333334,2.9228266666666665,68.24911333333333,24.628093333333336,11.383913333333332,17.755386666666666,4.75108,2013.0,4377.63,1640.33,262.01,1179.83,149.94,275.02,18.09
11,289.0,16.3771,30.2494,8.1579,82.8001,25.645699999999998,12.4766,18.5409,7.8797999999999995,2013.0,289.0,3.9322999999999997,21.694200000000002,0.0,51.5199,5.9147,-3.4269999999999996,1.7321999999999997,2.9578,2013.0,289.0,10.712806666666667,25.835766666666665,1.6156399999999997,66.15950000000001,16.109833333333334,4.17778,9.85948,4.875966666666666,2013.0,3713.54,1561.4,565.69,1389.63,406.49,600.39,4.06
12,305.0,13.2102,30.7133,38.119,97.3878,19.26,8.7668,14.147399999999998,7.0704,2013.0,305.0,1.8276999999999999,19.0283,0.0,53.515,9.5293,-3.3467000000000002,1.4649,4.1074,2013.0,305.0,8.634885714285714,24.824720000000006,5.2727666666666675,72.41429333333335,13.5612,1.5572400000000002,6.994633333333333,5.215606666666666,2013.0,2886.96,1364.89,1035.89,1731.46,987.42,906.54,2.44
