,DOY,INSgdmax,RADmax,RAINmax,RHmax,TMAXmax,TMINmax,Tmax,WINDmax,YEAR,DOY,INSgdmin,RADmin,RAINmin,RHmin,TMAXmin,TMINmin,Tmin,WINDmin,YEAR,DOY,INSgdmean,RADmean,RAINmean,RHmean,TMAXmean,TMINmean,Tmean,WINDmean,YEAR,NDVI,EVI,RED,NIR,BLUE,MIR,pixrel
0,113.0,27.352999999999998,31.044,36.432500000000005,90.4905,26.7415,12.496500000000001,19.2155,9.6325,2013.0,113.0,4.667999999999999,19.4525,0.0,61.67699999999999,2.5655,-5.9375,0.14150000000000001,2.5335,2013.0,113.0,18.624266666666667,25.815133333333332,4.9538,74.42879999999998,15.021733333333334,1.8409666666666662,8.444966666666666,5.670000000000002,2013.0,2634.82,1535.35,1320.18,2259.25,629.52,2440.11,0.79
1,129.0,29.188000000000002,32.0455,11.49,90.934,32.419,15.292000000000002,22.3505,7.631500000000001,2013.0,129.0,7.8870000000000005,21.812,0.0,52.4055,3.9225000000000003,-2.506,1.5375,1.9009999999999998,2013.0,129.0,19.870733333333334,27.893033333333335,2.181333333333334,74.61760000000001,18.488733333333336,6.9724666666666675,12.932066666666667,4.6807,2013.0,3731.25,2503.59,1331.75,2935.17,641.66,2785.0,0.73
2,145.0,29.243499999999997,34.754,44.519999999999996,90.19449999999999,28.296,19.8755,22.7235,7.936,2013.0,145.0,2.5599999999999996,26.653499999999998,0.0,66.9715,16.326999999999998,8.3185,12.902999999999999,3.3209999999999997,2013.0,145.0,18.6865,31.618199999999995,9.608466666666665,79.51483333333333,23.55016666666667,14.364266666666666,18.938433333333336,5.7661,2013.0,3892.33,2484.09,1218.77,2754.16,588.6,2532.6,0.21
3,161.0,29.714,34.962,13.683499999999999,88.173,31.993,20.285,24.731499999999997,7.042,2013.0,161.0,3.2910000000000004,27.445999999999998,0.0,66.029,21.375500000000002,8.0205,16.1725,2.5315,2013.0,161.0,18.491466666666668,31.672166666666666,4.0046,76.15543333333335,25.741300000000003,14.225933333333334,20.232933333333335,4.539566666666667,2013.0,4309.67,3153.26,1383.31,3467.09,674.78,2932.96,0.55
4,177.0,30.0055,35.6715,13.2375,87.41550000000001,31.741999999999997,22.8225,26.6545,7.194500000000001,2013.0,177.0,7.5925,27.604999999999997,0.0,60.913999999999994,25.447,12.566500000000001,19.775,1.6525,2013.0,177.0,23.23773333333333,32.35823333333334,3.1331000000000007,72.79979999999999,28.306999999999995,18.580466666666666,23.5625,4.8057333333333325,2013.0,6604.02,4946.16,784.46,3843.43,405.29,1695.31,0.99
5,193.0,29.029,37.165499999999994,8.3755,74.1745,33.945499999999996,23.459999999999997,28.206000000000003,6.4865,2013.0,193.0,16.619,30.630000000000003,0.0,63.402499999999996,29.216,17.4025,23.417,2.25,2013.0,193.0,25.35563333333333,33.90656666666667,1.4523666666666668,68.48419999999999,31.425400000000003,19.913899999999998,25.60413333333333,4.602733333333334,2013.0,8281.64,6646.84,423.6,4514.18,227.73,888.47,0.1
6,209.0,28.102500000000006,35.144000000000005,16.430999999999997,86.535,34.2085,19.97,27.223000000000003,5.1930000000000005,2013.0,209.0,6.4045000000000005,26.249000000000002,0.0,55.5935,20.735,11.206500000000002,17.528000000000002,1.8415,2013.0,209.0,20.51233333333333,32.05073333333334,1.9008666666666665,70.79986666666667,27.478066666666667,16.6082,22.090266666666665,3.3428666666666667,2013.0,8610.48,6621.82,312.59,4260.69,169.62,692.58,0.58
7,225.0,26.021500000000003,34.4345,8.0085,87.9865,31.984,20.9935,25.871000000000002,5.9155,2013.0,225.0,9.0785,28.129,0.0,61.46750000000001,20.6345,13.131,17.301000000000002,1.9495,2013.0,225.0,20.21496666666667,31.8548,2.0394666666666668,71.29576666666667,27.376600000000003,16.5937,21.9336,3.4914666666666667,2013.0,8456.95,6669.15,359.8,4405.46,196.17,769.64,0.18
8,241.0,23.758499999999998,35.463499999999996,23.9005,78.3545,38.076,22.802999999999997,29.563000000000002,6.0985,2013.0,241.0,13.2335,27.123,0.0,49.853,28.332,12.9155,20.9905,2.0300000000000002,2013.0,241.0,20.9447,33.284733333333335,3.0587666666666666,59.932433333333336,33.25013333333333,20.043333333333333,26.344033333333332,3.8702666666666663,2013.0,8176.86,6063.78,388.96,3960.38,213.39,769.08,0.03
9,257.0,21.6175,35.518499999999996,16.8315,85.479,38.210499999999996,23.6045,29.738,7.689000000000001,2013.0,257.0,5.6930000000000005,24.835,0.0,39.785,20.958000000000002,8.5375,15.7275,2.28,2013.0,257.0,16.238433333333333,31.84256666666667,3.731533333333333,57.9782,29.176966666666665,16.4173,22.553800000000003,4.6123,2013.0,6959.12,4605.0,578.21,3264.21,288.71,917.27,0.0
10,273.0,19.424500000000002,34.334500000000006,22.979,83.7625,30.761,18.787,23.8335,8.328000000000001,2013.0,273.0,3.567,24.454,0.0,48.455,12.093,4.416499999999999,7.9315,2.909,2013.0,273.0,15.010666666666665,29.117266666666666,3.3526000000000002,64.69893333333334,24.710366666666665,11.516966666666665,17.813133333333333,5.649966666666668,2013.0,5372.52,3171.89,821.96,2712.26,357.15,1315.15,0.0
11,289.0,16.611,30.055,6.8565000000000005,81.77350000000001,25.791,11.756499999999999,17.660500000000003,8.908,2013.0,289.0,2.912,22.532999999999998,0.0,45.891999999999996,8.268999999999998,-1.815,3.2555000000000005,2.9504999999999995,2013.0,289.0,10.8567,25.92993333333333,0.7931333333333332,63.32519999999999,16.981500000000004,4.535833333333334,10.166500000000001,5.112666666666667,2013.0,3516.66,2178.85,1249.2,2581.08,617.6,1722.56,0.48
12,305.0,13.657499999999999,30.349,21.006999999999998,95.522,19.355999999999998,5.707,11.437999999999999,9.173,2013.0,305.0,1.1295000000000002,19.372,0.0,54.08449999999999,7.5635,-2.4415,1.9275,2.9685,2013.0,305.0,9.010214285714287,24.58153333333333,2.7948000000000004,71.05726666666665,13.779800000000003,1.633233333333333,7.042766666666667,5.1795333333333335,2013.0,3170.2,1744.59,1131.67,2157.93,555.78,1754.97,0.03
