,DOY,INSgdmax,RADmax,RAINmax,RHmax,TMAXmax,TMINmax,Tmax,WINDmax,YEAR,DOY,INSgdmin,RADmin,RAINmin,RHmin,TMAXmin,TMINmin,Tmin,WINDmin,YEAR,DOY,INSgdmean,RADmean,RAINmean,RHmean,TMAXmean,TMINmean,Tmean,WINDmean,YEAR,NDVI,EVI,RED,NIR,BLUE,MIR,pixrel
0,113.0,26.577199999999998,30.677000000000003,39.3754,95.62950000000001,26.468800000000005,14.451699999999999,20.2534,9.3923,2013.0,113.0,4.1266,19.353900000000003,0.0,67.0162,3.6046,-6.036899999999999,0.46010000000000006,2.9377,2013.0,113.0,17.78158,25.511873333333337,5.634173333333333,80.22790666666668,13.39666,2.00878,7.812646666666665,5.694660000000001,2013.0,1527.71,398.46,1020.5,1642.21,753.57,448.37,64.69
1,129.0,29.128600000000002,31.2611,27.4444,95.1253,29.182199999999998,12.9343,20.1972,9.796400000000002,2013.0,129.0,3.8410999999999995,20.107799999999997,0.0,60.8465,3.1275,-1.0494,1.0142,1.6726999999999999,2013.0,129.0,19.65371333333333,27.217926666666667,4.855393333333333,76.46883333333332,17.736973333333335,6.51952,12.4205,4.566086666666666,2013.0,2852.75,1151.22,446.19,1234.28,224.49,898.03,28.33
2,145.0,29.5456,34.0697,41.8251,93.14399999999999,25.924500000000002,19.1182,21.8307,8.538499999999999,2013.0,145.0,4.722899999999999,24.3351,0.0,67.3634,12.3575,4.5906,10.3131,3.4628,2013.0,145.0,17.300246666666666,30.847073333333334,10.208346666666667,84.45787333333332,21.457546666666662,12.83338666666667,17.313373333333335,5.483566666666667,2013.0,3870.17,1758.3,967.62,1967.57,778.31,1140.45,13.36
3,161.0,29.5239,35.3475,22.813499999999998,93.5149,29.2956,18.0416,23.4208,5.467200000000001,2013.0,161.0,2.6273999999999997,26.0169,0.0,66.8693,18.6116,7.867600000000001,14.211400000000001,1.8942,2013.0,161.0,18.255313333333334,31.36041333333333,4.9372066666666665,81.29079999999999,23.284633333333332,13.467659999999999,18.589620000000004,3.501946666666666,2013.0,5280.88,3051.53,293.45,2068.44,182.59,499.32,18.23
4,177.0,29.3928,36.2169,26.4564,94.40960000000001,28.5086,21.9708,24.9139,6.7902000000000005,2013.0,177.0,6.1128,28.251399999999997,0.0,71.4828,22.1455,11.8872,18.4075,1.7491999999999999,2013.0,177.0,21.75518,32.373960000000004,5.317913333333333,83.13377333333334,25.88811333333333,17.40538,21.811320000000006,4.386293333333332,2013.0,5825.59,3643.44,304.76,2306.2,227.99,421.72,5.35
5,193.0,29.365,35.4622,20.822,90.0337,31.465399999999995,22.5616,27.127100000000002,5.4977,2013.0,193.0,11.355799999999999,28.1456,0.0,72.6999,25.1094,13.8,20.432899999999997,2.226,2013.0,193.0,25.11792666666667,32.72472666666667,2.8203800000000006,80.8043,28.566566666666667,18.549580000000002,23.931440000000002,3.850533333333333,2013.0,6093.76,3972.31,255.3,2529.66,178.06,434.27,10.59
6,209.0,27.038600000000002,34.0381,13.859300000000001,91.2668,28.645900000000005,19.330399999999997,24.1899,5.710299999999999,2013.0,209.0,8.2361,27.9492,0.0,69.5025,17.0865,9.215499999999999,13.6554,1.6938999999999997,2013.0,209.0,20.831359999999997,30.679313333333337,2.04052,79.61444666666668,23.880900000000004,13.995780000000002,19.31924666666667,3.4604733333333337,2013.0,6085.2,3721.78,315.1,2457.07,248.24,458.77,16.24
7,225.0,24.8434,33.5972,4.6914,83.2037,28.4361,17.5891,23.2908,4.8195,2013.0,225.0,15.719999999999999,26.6952,0.0,67.84030000000001,21.283800000000003,11.558400000000002,16.9043,1.2333999999999998,2013.0,225.0,21.064426666666666,30.252413333333333,0.4919799999999999,76.33798666666667,24.891520000000007,14.242159999999998,20.030113333333333,2.9658799999999994,2013.0,5872.38,3464.83,297.8,2246.16,234.17,429.06,13.39
8,241.0,23.0022,35.885,9.9286,91.7019,31.979400000000002,22.1886,26.8508,5.369400000000001,2013.0,241.0,10.594999999999999,26.157200000000003,0.0,77.691,20.9512,8.9439,16.084600000000002,1.9978000000000002,2013.0,241.0,20.044766666666668,32.54196666666667,1.2554733333333334,83.32964000000001,27.955773333333333,17.733960000000003,22.883539999999996,3.638146666666666,2013.0,5822.23,3314.35,266.43,2155.72,201.98,395.97,18.41
9,257.0,21.29,34.8355,12.9799,85.299,31.7196,20.2485,25.3622,5.948999999999999,2013.0,257.0,6.8651,23.7931,0.0,61.7449,18.4175,6.4842,12.429300000000001,2.7317,2013.0,257.0,15.486166666666668,30.355293333333336,2.17504,75.56158,24.463419999999996,13.574206666666667,18.864906666666663,4.457293333333332,2013.0,4824.75,2092.08,-9.78,1458.04,-108.86,154.83,63.75
10,273.0,18.9056,33.415499999999994,23.656,93.2974,27.368399999999998,16.9718,20.431,6.5512999999999995,2013.0,273.0,2.8747,24.4986,0.0,63.32749999999999,10.558499999999999,3.3388,6.887700000000001,2.4916,2013.0,273.0,13.459473333333335,27.7925,2.403393333333333,75.44012666666667,22.439879999999995,9.705653333333334,15.798519999999998,4.417813333333333,2013.0,4108.96,1574.83,120.84,1275.62,-30.82,264.2,53.6
11,289.0,15.683,30.539700000000003,8.4442,84.922,23.6212,12.1845,17.913999999999998,7.5901,2013.0,289.0,3.4605999999999995,21.2258,0.0,62.531499999999994,5.2974,-3.8518000000000003,0.5168,2.8438,2013.0,289.0,10.23353380952381,25.430619999999998,0.9446133333333334,72.80856,14.255573333333336,3.54202,8.637260000000001,4.729246666666666,2013.0,3716.3,1491.27,359.87,1418.33,192.51,568.76,44.36
12,305.0,12.209399999999999,30.4,16.869500000000002,98.2053,15.838600000000001,6.3811,11.4963,6.5634,2013.0,305.0,0.8806,20.0011,0.0,61.1854,6.753499999999999,-4.6594999999999995,-0.23660000000000003,3.7302,2013.0,305.0,7.326114285714285,24.776853333333335,3.5049133333333327,79.33900666666665,11.256599999999999,0.19332666666666667,5.277153333333331,5.223140000000001,2013.0,3122.61,804.58,131.1,920.88,-49.2,338.76,64.28
