,DOY,INSgdmax,RADmax,RAINmax,RHmax,TMAXmax,TMINmax,Tmax,WINDmax,YEAR,DOY,INSgdmin,RADmin,RAINmin,RHmin,TMAXmin,TMINmin,Tmin,WINDmin,YEAR,DOY,INSgdmean,RADmean,RAINmean,RHmean,TMAXmean,TMINmean,Tmean,WINDmean,YEAR,NDVI,EVI,RED,NIR,BLUE,MIR,pixrel
0,113.0,26.96,29.885800000000003,22.7083,91.31219999999999,24.848499999999998,10.3329,16.904200000000003,9.597,2013.0,113.0,2.3807,19.139400000000002,0.0,61.740599999999986,1.7557999999999998,-7.346499999999999,-1.4473,3.3089999999999997,2013.0,113.0,18.94414666666667,24.73174666666667,3.5839,74.13947333333334,13.606380000000001,0.4097533333333333,7.02904,5.838259999999999,2013.0,4164.8,2285.35,877.15,2155.3,463.45,1632.11,0.03
1,129.0,29.340000000000003,31.3286,13.790299999999998,92.25699999999999,31.8242,12.5899,21.930100000000003,7.372299999999999,2013.0,129.0,5.6612,21.010900000000003,0.0,49.7397,4.4817,-3.6003,1.6698,1.8167,2013.0,129.0,18.81272,27.42085333333334,1.8515799999999998,74.13391999999999,17.615779999999997,5.4857933333333335,11.79916,4.7375733333333345,2013.0,4897.89,3152.27,933.37,2787.28,496.52,2100.41,0.1
2,145.0,29.9822,34.447,31.699200000000005,91.04469999999999,27.729300000000002,18.8076,21.626,8.0737,2013.0,145.0,3.4474,24.6794,0.0,65.9533,13.671399999999998,6.5115,11.8671,2.2676,2013.0,145.0,16.19918666666667,31.23032,9.286900000000001,81.02211333333335,21.74292666666667,12.908499999999998,17.351566666666667,5.92856,2013.0,5633.0,3903.04,874.44,3206.76,467.92,1889.15,1.1
3,161.0,29.957800000000002,34.5452,19.1785,87.9887,29.5796,19.081100000000003,23.166999999999998,6.7888,2013.0,161.0,3.5233,27.670900000000003,0.0,64.90610000000001,19.5516,7.610399999999999,14.823899999999998,2.33,2013.0,161.0,18.419986666666667,31.27804666666666,4.854533333333333,78.27120666666667,24.3581,13.10432,18.910880000000002,4.33892,2013.0,5458.17,3843.94,962.97,3310.85,510.48,2144.75,0.68
4,177.0,29.580099999999998,35.4897,13.823,91.672,29.3868,22.6235,25.5303,7.296200000000001,2013.0,177.0,11.673,26.849700000000002,0.0,64.6404,23.726100000000002,12.7701,18.5839,1.9447999999999999,2013.0,177.0,23.169593333333335,32.18652666666667,3.1096000000000004,76.17399333333333,27.033119999999997,17.899919999999998,22.675420000000003,4.703386666666667,2013.0,7225.6,5077.16,559.86,3531.84,304.98,1282.61,0.94
5,193.0,29.587500000000002,35.551100000000005,12.074499999999999,82.98570000000001,31.155899999999995,22.1336,26.4679,6.7799000000000005,2013.0,193.0,21.4495,29.1839,0.0,68.5361,26.088300000000004,16.5066,21.9304,2.0049,2013.0,193.0,26.864746666666665,33.24041999999999,1.8597666666666668,75.15622,29.22002,19.080893333333336,24.296293333333338,4.51922,2013.0,7382.05,5568.44,582.68,3950.39,314.74,1245.4,0.13
6,209.0,28.601599999999998,34.022000000000006,11.634699999999999,87.43969999999999,30.905600000000003,18.497,24.3203,5.6573,2013.0,209.0,6.125400000000001,25.2086,0.0,62.2854,19.3754,8.7776,15.667200000000001,2.0125,2013.0,209.0,20.628126666666667,30.896866666666668,1.6351533333333332,75.07756666666667,25.164013333333337,14.608253333333336,20.134866666666667,3.367726666666666,2013.0,8159.81,5941.12,374.4,3849.29,207.33,786.69,0.61
7,225.0,25.8928,33.3103,6.9475,86.1944,29.899099999999997,19.460099999999997,24.623299999999997,5.7416,2013.0,225.0,12.5046,27.811400000000003,0.0,66.3415,19.052599999999998,11.1304,15.933399999999999,2.2736,2013.0,225.0,20.97042666666667,30.78591333333333,1.0999800000000002,76.35278,25.24361333333333,14.90808,20.149873333333332,3.5625266666666664,2013.0,7896.48,5864.07,435.6,3912.86,241.38,889.86,0.89
8,241.0,23.5181,35.0217,22.2733,83.49450000000002,34.1815,22.758,27.774,6.9618,2013.0,241.0,14.9454,25.970599999999997,0.0,61.9187,25.078,11.189400000000001,18.252899999999997,1.6148,2013.0,241.0,21.39949333333333,32.845726666666664,2.916,70.05926000000001,30.430580000000003,19.000606666666666,24.57197333333333,4.007186666666667,2013.0,7292.43,5115.31,530.4,3515.59,290.65,971.26,0.0
9,257.0,21.2486,34.8878,9.2807,84.1129,36.3227,21.6187,27.737900000000003,7.1649,2013.0,257.0,4.864,24.0714,0.0,47.6319,20.679899999999996,8.303600000000001,14.594100000000001,2.0538,2013.0,257.0,15.011293333333336,30.993513333333333,1.8645866666666668,62.083533333333335,26.591766666666665,14.78802,20.56982,4.51788,2013.0,5839.71,3687.49,766.81,2917.2,394.68,1274.45,0.0
10,273.0,18.6566,33.7828,31.5882,90.9833,30.530099999999997,18.558400000000002,23.5974,8.702900000000001,2013.0,273.0,3.4747000000000003,24.7408,0.0,50.453100000000006,10.4642,4.1129999999999995,6.7376000000000005,3.1658,2013.0,273.0,13.803039999999998,28.896666666666665,4.93726,66.41242666666665,23.44692,10.925086666666667,16.797126666666667,5.777233333333333,2013.0,4930.81,2739.81,776.19,2302.81,408.39,1416.24,0.01
11,289.0,16.09,30.0011,30.386,84.52329999999999,24.6285,10.9697,16.9221,8.734200000000001,2013.0,289.0,2.8985000000000003,22.1206,0.0,49.1907,5.4661,-2.4588,1.7226,3.2731,2013.0,289.0,10.592359999999998,25.65840666666667,2.6333666666666664,65.87356,15.32520666666667,3.713486666666667,8.784246666666665,5.3727,2013.0,4256.95,2494.58,983.06,2427.51,506.51,1657.96,0.14
12,305.0,12.9514,29.2214,6.867699999999999,95.9134,17.6465,3.4916,9.0244,8.9267,2013.0,305.0,1.078,18.7636,0.0,57.197700000000005,3.9066,-6.1088,-1.5676999999999999,2.6236,2013.0,305.0,8.820292857142858,23.793533333333333,1.71874,75.01596666666669,10.973313333333332,-0.20114666666666672,4.809059999999999,5.357813333333333,2013.0,3900.64,2036.24,878.29,2008.45,456.61,1490.07,0.09
