,DOY,INSgdmax,RADmax,RAINmax,RHmax,TMAXmax,TMINmax,Tmax,WINDmax,YEAR,DOY,INSgdmin,RADmin,RAINmin,RHmin,TMAXmin,TMINmin,Tmin,WINDmin,YEAR,DOY,INSgdmean,RADmean,RAINmean,RHmean,TMAXmean,TMINmean,Tmean,WINDmean,YEAR,NDVI,EVI,RED,NIR,BLUE,MIR,pixrel
0,113.0,27.0133,30.301900000000003,59.8198,97.9729,27.1035,16.0609,21.0734,9.5602,2013.0,113.0,3.1066000000000003,20.2736,0.0,65.4761,5.6434999999999995,-4.639,2.0450999999999997,2.7032,2013.0,113.0,17.905286666666665,26.30864,6.868133333333333,79.67965999999998,15.545206666666667,3.3534666666666673,9.512986666666666,5.706579999999999,2013.0,2073.42,1144.76,2763.72,3398.92,2539.6,442.48,1.66
1,129.0,28.9795,31.489200000000004,39.3301,95.0371,30.147100000000002,14.8948,20.918,8.7551,2013.0,129.0,3.3104,20.5384,0.0,62.9072,8.4878,0.1491,3.4892000000000003,1.7499,2013.0,129.0,18.735406666666663,28.003286666666668,5.3500000000000005,77.07657333333331,19.411573333333337,7.943313333333333,13.867533333333334,4.484679999999999,2013.0,5249.97,2075.04,411.22,1451.39,233.75,731.38,0.0
2,145.0,29.611399999999996,35.5295,58.2519,93.8293,27.331899999999997,20.041600000000003,22.9973,8.2257,2013.0,145.0,5.998,24.470599999999997,0.0,67.299,15.6308,5.8219,12.2823,3.0378,2013.0,145.0,17.36205333333333,31.910153333333334,15.435133333333333,84.47942666666665,23.086146666666668,14.77776666666667,18.964826666666667,5.529740000000001,2013.0,6981.63,3244.11,326.88,1970.95,208.6,520.17,0.54
3,161.0,29.4356,35.5003,18.502,91.1502,30.386499999999998,19.9855,25.636200000000002,5.875,2013.0,161.0,6.2782,25.7702,0.0,67.21879999999999,20.480900000000002,9.3224,14.9695,2.1508000000000003,2013.0,161.0,18.94586,31.677459999999996,3.5700800000000004,79.78166,24.864046666666663,14.5591,19.985773333333327,3.4805666666666673,2013.0,6881.46,3601.83,335.92,2197.51,230.11,531.3,0.0
4,177.0,29.412499999999998,36.161100000000005,21.9296,91.9301,30.457800000000002,22.757099999999998,25.7425,6.6498,2013.0,177.0,9.649099999999999,27.3978,0.0,70.79039999999999,22.625700000000002,12.497700000000002,18.966,1.8780000000000001,2013.0,177.0,21.610393333333334,32.46821333333333,4.459013333333333,81.54805333333333,27.04974,18.16161333333333,22.66072,4.4816866666666675,2013.0,7812.91,4218.02,250.06,2456.74,177.54,413.07,0.03
5,193.0,29.600299999999997,36.779399999999995,10.151299999999999,87.0179,32.203900000000004,22.973100000000002,27.651100000000003,5.2797,2013.0,193.0,11.1287,27.653,0.0,71.7722,26.476499999999998,13.9136,20.6859,1.9181,2013.0,193.0,24.924666666666667,33.06624,1.6662333333333332,79.47462666666667,29.41947333333334,19.04162666666667,24.566580000000005,3.6757466666666665,2013.0,8084.59,4186.46,234.31,2379.57,178.63,380.67,0.73
6,209.0,26.820500000000003,35.1133,14.2152,87.4492,29.060399999999998,19.471600000000002,24.561799999999998,5.1489,2013.0,209.0,7.164199999999999,27.916900000000002,0.0,69.5078,19.1801,10.3881,15.4313,1.5308000000000002,2013.0,209.0,20.684773333333332,31.35042,2.090526666666667,77.1016,25.365366666666674,15.470366666666667,20.698326666666663,3.2764333333333333,2013.0,7771.92,3892.65,203.85,2184.38,151.93,349.0,0.43
7,225.0,25.630000000000003,34.86110000000001,10.5079,84.64450000000001,30.6055,19.5715,24.5947,4.1979,2013.0,225.0,17.3815,28.139799999999997,0.0,63.4349,22.583399999999997,12.0515,18.0951,1.6216000000000002,2013.0,225.0,21.419819999999998,30.813220000000005,1.02484,71.65939999999999,26.749586666666662,15.460133333333333,21.348106666666666,2.9244933333333334,2013.0,7700.6,3619.33,200.74,2019.87,143.87,347.44,0.01
8,241.0,23.5372,35.9939,5.2791,82.8689,38.7169,23.6505,30.7065,5.5495,2013.0,241.0,7.1365,26.8394,0.0,51.6262,26.812699999999996,10.9718,18.996299999999998,1.6022,2013.0,241.0,20.905493333333332,32.96741333333334,0.57884,65.94184,32.668866666666666,19.455726666666667,25.780646666666666,3.4555466666666663,2013.0,7836.77,3598.36,214.02,2035.27,139.03,340.92,0.17
9,257.0,21.769199999999998,35.8628,11.3316,73.3748,39.049099999999996,22.870299999999997,29.758200000000002,6.1665,2013.0,257.0,4.7736,24.369500000000002,0.0,42.067099999999996,21.929799999999997,8.1501,14.837299999999999,3.5028,2013.0,257.0,16.109433333333335,31.218046666666666,2.7894933333333336,59.73039333333333,29.430786666666663,15.853146666666667,22.140479999999997,4.73214,2013.0,7077.67,3011.43,236.07,1718.18,159.64,318.12,0.0
10,273.0,19.3189,33.953,11.720600000000001,80.3047,30.4183,19.3873,23.3884,6.5589,2013.0,273.0,3.8241,24.8989,0.0,52.05550000000001,11.940299999999999,5.2444,8.563600000000001,2.418,2013.0,273.0,13.956333333333333,28.753260000000004,1.2824533333333334,64.97354666666668,25.96661333333333,11.671880000000002,18.42196,4.480126666666667,2013.0,6376.62,2504.29,284.7,1532.88,157.84,363.13,0.04
11,289.0,16.2086,29.772,7.9596,87.09800000000001,26.1596,13.4746,19.3812,7.0374,2013.0,289.0,3.2746999999999997,21.7667,0.0,53.7652,3.8738,-2.6782,1.8331,3.0627,2013.0,289.0,11.477513333333333,25.815726666666663,1.1881133333333334,65.76749333333333,16.69686,4.930846666666668,10.506326666666668,4.740266666666667,2013.0,6054.44,2080.73,290.29,1295.7,165.25,455.5,0.01
12,305.0,13.2372,31.551100000000005,21.7018,97.9975,17.1374,9.618400000000001,13.1215,6.4521,2013.0,305.0,0.9272,19.844099999999997,0.0,51.7986,9.2955,-3.9062,1.7458999999999998,3.8292,2013.0,305.0,7.569678571428572,25.21576666666667,4.7666466666666665,73.04398666666668,13.62455333333333,1.4586999999999999,7.1644733333333335,5.1253666666666655,2013.0,3872.17,1910.68,833.4,1777.07,794.46,414.04,2.4
