,DOY,INSgdmax,RADmax,RAINmax,RHmax,TMAXmax,TMINmax,Tmax,WINDmax,YEAR,DOY,INSgdmin,RADmin,RAINmin,RHmin,TMAXmin,TMINmin,Tmin,WINDmin,YEAR,DOY,INSgdmean,RADmean,RAINmean,RHmean,TMAXmean,TMINmean,Tmean,WINDmean,YEAR,NDVI,EVI,RED,NIR,BLUE,MIR,pixrel
0,113.0,27.083600000000004,31.0036,41.807599999999994,96.2116,27.289199999999997,16.5732,21.1752,8.886800000000001,2013.0,113.0,4.666399999999999,20.8058,0.0,64.32820000000001,6.7025999999999994,-5.1028,2.3377999999999997,2.4888000000000003,2013.0,113.0,18.655066666666666,26.438506666666665,6.7588533333333345,78.28854666666666,15.380333333333333,3.2363733333333333,9.289959999999999,5.257826666666666,2013.0,3682.57,1559.59,1482.88,2251.11,1274.39,662.12,3.65
1,129.0,29.186400000000003,32.072199999999995,27.025199999999998,92.9678,30.3062,15.624600000000001,21.4256,9.296800000000001,2013.0,129.0,3.3162000000000003,20.7014,0.0,58.6158,2.8208,0.23379999999999998,1.3436000000000001,1.8563999999999998,2013.0,129.0,18.165826666666668,28.015493333333335,4.2871733333333335,76.197,18.784560000000003,7.657706666666668,13.516200000000001,4.361960000000001,2013.0,4932.61,1877.35,411.02,1334.65,249.5,676.04,0.03
2,145.0,29.625999999999998,35.1362,68.69420000000001,94.8092,27.014200000000002,19.6874,22.8246,7.760400000000001,2013.0,145.0,6.4841999999999995,25.2484,0.0,70.54780000000001,18.084200000000003,6.519399999999999,13.3584,2.9286,2013.0,145.0,18.796946666666667,31.76549333333334,13.470879999999998,84.11786666666667,23.31397333333333,14.856253333333335,19.027946666666665,5.23652,2013.0,5648.41,2579.04,393.16,1700.43,241.22,615.98,0.01
3,161.0,29.8202,35.3014,19.7874,89.3952,30.461399999999998,18.799799999999998,25.4752,6.537800000000001,2013.0,161.0,4.383800000000001,25.8998,0.0,68.0094,20.913,9.211200000000002,15.282,1.9129999999999998,2013.0,161.0,19.075293333333335,31.6516,3.56592,79.29605333333332,25.198173333333337,14.543586666666668,20.101426666666665,3.5280666666666667,2013.0,6499.94,3354.73,364.75,2077.04,257.26,540.71,0.0
4,177.0,29.175,35.8812,23.4742,90.99680000000001,31.023799999999998,22.706599999999998,25.9176,6.3028,2013.0,177.0,5.8886,27.966399999999997,0.0,71.6464,23.3572,12.526200000000001,19.2176,2.4528,2013.0,177.0,21.340533333333333,32.643186666666665,3.12692,80.60206666666664,27.33589333333334,18.246373333333338,22.917160000000003,4.333026666666666,2013.0,6751.8,3588.0,327.63,2148.15,255.35,471.63,0.02
5,193.0,29.5662,37.1386,12.2182,85.7672,32.3166,22.494400000000002,27.358800000000002,4.802,2013.0,193.0,9.092600000000001,28.0928,0.0,71.90599999999999,25.162,14.401,20.4756,1.9388,2013.0,193.0,24.654693333333334,33.05638666666667,1.4909333333333332,78.61750666666666,29.262226666666674,18.90316,24.419853333333336,3.667466666666667,2013.0,7463.7,3842.79,256.85,2227.59,187.55,425.8,0.41
6,209.0,27.3782,35.281400000000005,11.0322,89.4326,29.7708,20.0264,25.1474,4.5498,2013.0,209.0,7.349600000000001,26.456400000000002,0.0,67.2884,19.7212,10.1204,15.723600000000001,2.1262,2013.0,209.0,20.349400000000003,31.65077333333333,1.7900933333333333,76.11390666666668,26.071106666666665,15.887626666666666,21.156640000000003,2.986026666666667,2013.0,7019.98,3723.82,290.69,2228.39,193.49,429.26,0.38
7,225.0,25.9126,34.1398,8.4926,82.6768,31.0316,20.2346,25.1568,4.196,2013.0,225.0,12.8918,28.7926,0.0,59.0118,21.6794,11.847999999999999,17.154799999999998,1.7012,2013.0,225.0,21.27405333333333,31.01526666666667,0.9779733333333334,68.92238666666667,27.372359999999997,15.553133333333331,21.630226666666665,2.799173333333333,2013.0,6848.56,3344.17,273.41,1954.01,191.84,394.04,0.0
8,241.0,23.6284,35.7236,9.634,76.2916,39.1948,23.538600000000002,30.821799999999996,5.3498,2013.0,241.0,9.501,27.001399999999997,0.0,47.449600000000004,28.0188,11.2232,19.959,1.6888,2013.0,241.0,21.09008,32.972426666666664,0.91252,61.51389333333333,33.59608,19.628239999999998,26.323293333333332,3.3302533333333333,2013.0,6801.98,2980.77,250.7,1703.35,183.3,338.22,0.03
9,257.0,21.695999999999998,36.205,16.397000000000002,74.1896,38.61,22.6074,29.647199999999998,6.055,2013.0,257.0,4.5042,24.3128,0.0,41.038,22.040200000000002,7.9718,14.985,2.7602,2013.0,257.0,16.089746666666663,31.519573333333327,2.50064,57.88510666666667,29.742493333333336,16.128386666666668,22.48628,4.435813333333334,2013.0,6313.3,2814.5,296.51,1688.17,214.17,382.17,2.55
10,273.0,19.669800000000002,34.2722,21.7144,82.8562,30.675200000000004,18.8774,23.3666,5.9594000000000005,2013.0,273.0,3.4495999999999998,25.0112,0.0,56.708,11.3686,4.4748,8.3484,2.3549999999999995,2013.0,273.0,13.917253333333333,28.97902666666667,2.67856,67.35998666666666,25.455066666666667,11.62264,18.178173333333334,4.36688,2013.0,6027.09,2335.98,319.36,1463.77,200.85,357.95,0.19
11,289.0,16.479999999999997,30.151200000000003,6.1002,81.6212,26.1796,12.944600000000001,19.4658,7.1614,2013.0,289.0,3.9148,21.818399999999997,0.0,50.61540000000001,6.017199999999999,-3.3958,1.8628,2.9292000000000002,2013.0,289.0,11.617639999999998,25.787480000000002,0.95876,65.20465333333334,16.854506666666666,4.5785599999999995,10.395066666666667,4.597973333333334,2013.0,5807.76,2338.85,400.2,1595.32,201.39,526.59,1.04
12,305.0,13.6736,31.1462,36.2214,97.84200000000001,18.434399999999997,9.2956,14.4296,6.4590000000000005,2013.0,305.0,1.9165999999999999,19.1188,0.0,51.5358,10.0246,-3.5578000000000003,1.8417999999999999,3.424,2013.0,305.0,8.4337,24.95904,6.40724,72.13701333333333,14.133746666666664,1.742,7.381866666666666,4.874759999999999,2013.0,5026.42,2068.44,548.44,1541.16,473.58,420.88,2.01
