,DOY,INSgdmax,RADmax,RAINmax,RHmax,TMAXmax,TMINmax,Tmax,WINDmax,YEAR,DOY,INSgdmin,RADmin,RAINmin,RHmin,TMAXmin,TMINmin,Tmin,WINDmin,YEAR,DOY,INSgdmean,RADmean,RAINmean,RHmean,TMAXmean,TMINmean,Tmean,WINDmean,YEAR,NDVI,EVI,RED,NIR,BLUE,MIR,pixrel
0,113.0,27.2487,30.672300000000003,39.2184,91.54490000000001,25.953699999999998,14.7167,20.009700000000002,9.181300000000002,2013.0,113.0,2.2948,19.7854,0.0,62.63850000000001,3.6906999999999996,-6.0772,1.0505,2.1889,2013.0,113.0,19.15414,25.960586666666664,5.4737599999999995,76.03514000000001,14.630700000000001,2.1288799999999997,8.49984,5.603813333333334,2013.0,3310.72,1844.77,1088.48,2168.83,538.36,2136.15,0.27
1,129.0,29.3475,31.788,19.8598,93.22829999999999,30.8133,14.7758,21.4233,8.9254,2013.0,129.0,4.9626,21.2452,0.0,54.0545,3.3126999999999995,-0.7771000000000001,1.8051,2.0654,2013.0,129.0,19.498846666666665,27.906173333333328,3.35546,76.8731,18.047093333333333,6.965126666666668,12.727493333333333,4.671413333333334,2013.0,3954.28,2591.26,1236.77,2854.58,609.63,2721.93,0.44
2,145.0,29.120000000000005,34.322700000000005,57.8595,92.3949,27.5001,19.7429,22.678200000000004,7.6342,2013.0,145.0,5.6356,26.390099999999997,0.0,70.92880000000001,16.8013,7.8779,12.964200000000002,3.8205999999999998,2013.0,145.0,19.077573333333333,31.64946666666667,12.473446666666668,82.46744666666666,23.228540000000002,14.211506666666667,18.727006666666668,5.573500000000001,2013.0,5104.18,2939.37,767.33,2420.08,398.26,1496.05,0.01
3,161.0,30.02,34.858900000000006,14.819400000000002,89.6687,31.393,20.268,24.457900000000002,6.9638,2013.0,161.0,5.8787,26.5751,0.0,68.4664,20.502200000000002,7.4522,15.2924,2.3196000000000003,2013.0,161.0,19.169179999999997,31.497833333333332,3.7595600000000005,79.29229333333332,25.00934,14.145973333333334,19.878619999999998,4.241186666666667,2013.0,4944.55,3421.06,1084.75,3212.43,548.82,2477.66,0.1
4,177.0,29.069899999999997,35.8989,18.1173,88.6603,31.076299999999996,22.466099999999997,25.6573,6.7288,2013.0,177.0,8.013800000000002,27.957499999999996,0.0,64.7966,24.334000000000003,12.7464,18.991300000000003,1.8843,2013.0,177.0,22.651033333333338,32.26379333333334,3.5687000000000006,77.62544666666665,27.410746666666665,18.23990666666667,22.911773333333333,4.6401,2013.0,6812.53,4962.62,691.11,3676.93,370.37,1529.74,0.99
5,193.0,29.1023,36.4911,9.098199999999999,82.13180000000001,32.6721,22.6715,27.408,5.7966999999999995,2013.0,193.0,15.1053,29.969900000000003,0.0,69.77439999999999,27.6935,16.2585,21.9994,1.9413,2013.0,193.0,25.649671428571423,33.49642,1.75744,75.64717333333334,29.800513333333335,19.29114,24.574333333333335,4.24642,2013.0,7518.09,5782.38,566.97,4069.88,313.01,1172.57,0.0
6,209.0,28.1811,34.7541,5.9923,91.1184,31.5259,19.447400000000002,25.9971,4.9009,2013.0,209.0,6.319999999999999,25.880499999999998,0.0,63.3472,20.1858,10.1705,16.6324,2.1218,2013.0,209.0,20.856066666666663,31.674400000000006,1.0784266666666669,76.85228000000002,26.047819999999998,15.935506666666667,21.20697333333333,3.15176,2013.0,8025.37,5930.05,424.93,3913.27,239.99,879.11,0.19
7,225.0,25.515,34.3077,5.2517,86.4775,30.0934,20.3915,24.764699999999998,5.502800000000001,2013.0,225.0,9.3189,28.456500000000002,0.0,67.4451,18.961,12.6096,16.1913,1.7532,2013.0,225.0,20.976913333333332,31.20786666666666,0.9598000000000001,74.98641333333335,26.096806666666666,15.884713333333334,21.040733333333336,3.1332000000000004,2013.0,7860.43,6079.41,492.4,4163.11,273.52,976.98,0.57
8,241.0,23.7474,34.985,24.7107,80.57629999999999,36.2421,22.241799999999998,28.6817,5.5929,2013.0,241.0,10.7896,26.874100000000002,0.0,54.9781,26.868899999999996,12.1645,19.8516,1.4889999999999999,2013.0,241.0,20.80224666666667,32.75479333333333,2.6127466666666668,67.09442,31.5397,19.31861333333333,25.23232,3.4832600000000005,2013.0,7456.13,5271.27,513.68,3582.21,284.34,943.73,0.0
9,257.0,21.592499999999998,35.8829,21.6995,84.6052,36.7976,22.314799999999998,28.4293,7.2531,2013.0,257.0,5.814,24.0948,0.0,47.2585,21.3677,7.4145,15.049999999999999,2.0577,2013.0,257.0,16.535106666666668,31.54504,4.1167733333333345,61.43769999999999,28.455973333333333,15.858693333333335,21.81086666666667,4.587060000000001,2013.0,5994.45,3766.96,731.39,2932.79,364.12,1165.41,0.0
10,273.0,19.674,34.1638,15.421999999999999,85.59649999999999,30.0445,18.154,23.268100000000004,7.2958,2013.0,273.0,4.0051,24.4513,0.0,50.348699999999994,10.0549,3.8646000000000003,7.446299999999999,2.9730999999999996,2013.0,273.0,14.46194666666667,28.933480000000003,2.1773933333333333,68.33014,24.005160000000004,11.315193333333333,17.449706666666668,5.228359999999999,2013.0,4699.37,2740.66,879.02,2451.87,447.12,1534.21,0.0
11,289.0,16.7076,31.0678,9.875499999999999,85.25309999999999,24.8431,11.975200000000001,17.2226,8.2781,2013.0,289.0,3.6686,22.5253,0.0,48.8313,6.319000000000001,-2.6995999999999998,2.002,3.0448000000000004,2013.0,289.0,10.495606666666667,26.089446666666667,1.4113133333333334,66.03367333333333,16.265553333333333,4.173493333333333,9.740779999999999,4.988393333333333,2013.0,4172.66,2457.85,998.79,2436.18,502.61,1600.79,0.2
12,305.0,13.6637,30.4054,30.898500000000002,97.6932,19.7085,8.2324,13.482,8.254199999999999,2013.0,305.0,1.4327999999999999,19.1914,0.0,55.033100000000005,7.9151,-2.7952,2.0549,3.7060000000000004,2013.0,305.0,8.860764285714286,24.67136666666667,3.2230533333333335,72.10950666666668,13.615666666666666,1.7806133333333332,7.072453333333333,5.2040733333333336,2013.0,3646.12,2139.52,1097.12,2361.36,550.46,1765.66,0.03
