,DOY,INSgdmax,RADmax,RAINmax,RHmax,TMAXmax,TMINmax,Tmax,WINDmax,YEAR,DOY,INSgdmin,RADmin,RAINmin,RHmin,TMAXmin,TMINmin,Tmin,WINDmin,YEAR,DOY,INSgdmean,RADmean,RAINmean,RHmean,TMAXmean,TMINmean,Tmean,WINDmean,YEAR,NDVI,EVI,RED,NIR,BLUE,MIR,pixrel
0,113.0,26.7968,29.9168,23.871199999999998,93.7786,23.167199999999998,10.7598,17.145599999999998,8.747399999999999,2013.0,113.0,3.2924,19.3486,0.0,65.687,1.1322,-11.0702,-1.9155999999999997,2.9547999999999996,2013.0,113.0,18.786733333333334,24.64382666666667,4.525533333333333,80.01196,12.338546666666666,0.09208000000000002,6.3617333333333335,5.736906666666665,2013.0,4207.27,1638.76,595.94,1445.09,288.28,1095.39,0.26
1,129.0,29.092800000000004,30.833599999999997,23.4818,97.09620000000001,30.517400000000002,12.513200000000001,20.784799999999997,8.9084,2013.0,129.0,3.2956,20.2354,0.0,58.50580000000001,0.6762,-2.4774000000000003,-0.25279999999999997,1.7858,2013.0,129.0,18.18664,27.090226666666666,3.1032400000000004,77.34357333333332,16.42813333333333,5.061786666666667,11.087933333333332,4.6996400000000005,2013.0,4528.56,1859.43,589.93,1555.84,290.75,1082.1,0.0
2,145.0,30.0192,33.973600000000005,39.9984,94.2982,26.218200000000003,17.9486,21.6312,8.5746,2013.0,145.0,4.718999999999999,23.9534,0.0,68.196,14.116,3.615,11.8294,2.5511999999999997,2013.0,145.0,15.641333333333328,30.747239999999998,9.530226666666666,83.16611999999999,21.181253333333338,11.739253333333336,16.656133333333337,5.84848,2013.0,5848.3,2836.31,513.9,2009.78,271.94,884.84,0.41
3,161.0,30.1818,35.1276,23.7204,90.7502,29.531599999999997,17.8188,22.634999999999998,6.158199999999999,2013.0,161.0,4.9142,27.3682,0.0,66.8998,17.273600000000002,6.881,13.75,1.6702000000000001,2013.0,161.0,18.574695238095238,31.06789333333333,6.099480000000001,80.46097333333331,23.326679999999996,12.772066666666667,18.207413333333335,3.973186666666667,2013.0,7124.45,3967.23,399.37,2524.87,221.62,769.25,0.0
4,177.0,29.218799999999998,36.3286,17.703200000000002,93.7556,29.478,22.148399999999995,25.203599999999998,7.599800000000001,2013.0,177.0,8.242400000000002,27.166800000000002,0.0,68.76859999999999,22.443199999999997,12.3212,17.595399999999998,2.0265999999999997,2013.0,177.0,23.578733333333332,32.12698666666667,3.3842133333333333,80.0752,26.44506666666667,17.43916,22.108160000000005,4.597306666666666,2013.0,8040.77,4835.29,300.7,2940.06,167.7,637.7,0.89
5,193.0,29.821799999999996,35.733200000000004,24.092599999999997,85.3954,31.528999999999996,22.3254,26.678800000000003,6.356199999999999,2013.0,193.0,5.096,28.0758,0.0,67.9426,23.4712,15.111200000000002,20.089,2.162,2013.0,193.0,25.753053333333334,32.88165333333334,3.206026666666667,78.67812,28.520466666666664,18.70218666666667,23.811306666666667,4.3860133333333335,2013.0,8304.28,5203.07,276.31,3157.92,157.39,548.35,0.82
6,209.0,26.3572,33.4596,9.6112,89.96020000000001,29.417199999999998,18.262999999999998,23.6326,5.912,2013.0,209.0,10.5686,26.5646,0.0,72.1602,17.3458,8.117199999999999,13.3412,1.5198,2013.0,209.0,19.438066666666664,30.63914666666666,1.2982,79.61532000000001,23.64270666666667,13.543013333333333,19.03878666666667,3.3482533333333335,2013.0,8154.13,5000.7,296.06,3037.9,165.75,577.14,0.38
7,225.0,25.526400000000002,33.8382,11.8276,86.08980000000001,28.526,19.1442,23.7582,5.5992,2013.0,225.0,11.2848,27.125,0.0,67.042,21.8714,10.9926,16.9296,1.5476,2013.0,225.0,21.9654,29.84686666666667,0.8379466666666666,77.8566,24.44086666666666,14.216333333333333,19.511280000000003,3.0782,2013.0,7941.87,4529.15,300.2,2715.04,168.39,594.13,0.0
8,241.0,22.9354,35.099000000000004,14.7278,86.76419999999999,31.5218,22.291800000000002,26.5726,6.3591999999999995,2013.0,241.0,14.2978,26.828200000000002,0.0,75.2642,21.354400000000002,9.463999999999999,16.2168,1.6867999999999999,2013.0,241.0,20.478119999999997,32.591346666666674,2.08652,81.92216000000002,28.115520000000007,18.128133333333338,23.16070666666667,3.81884,2013.0,7806.34,4205.37,301.71,2506.07,169.68,579.57,0.02
9,257.0,21.153599999999997,34.6136,8.4192,84.64859999999999,31.0848,19.9458,24.7664,6.4694,2013.0,257.0,4.8107999999999995,23.898600000000002,0.0,62.050200000000004,18.700400000000002,6.056399999999999,12.6972,2.3638000000000003,2013.0,257.0,14.422146666666668,30.427493333333334,1.5434666666666668,73.60005333333334,24.27222666666666,13.301946666666666,18.64590666666667,4.379666666666667,2013.0,7032.67,3551.03,388.67,2237.25,211.74,643.7,0.0
10,273.0,18.6918,33.2672,24.746000000000002,95.79599999999999,28.276799999999998,16.4912,21.618,7.6782,2013.0,273.0,4.036,24.7986,0.0,56.979600000000005,11.5624,2.8886000000000003,7.4030000000000005,2.4506,2013.0,273.0,13.411693333333334,28.301893333333336,2.42408,72.67568,22.12066666666667,9.624720000000002,15.692786666666668,5.115933333333333,2013.0,6675.95,3137.63,405.24,2032.23,203.37,702.56,0.0
11,289.0,15.4976,29.684599999999996,12.261599999999998,85.3566,23.0828,11.5192,16.6772,8.120600000000001,2013.0,289.0,3.0844,21.491,0.0,60.05120000000001,4.0224,-4.2694,-0.14620000000000002,2.5228,2013.0,289.0,9.715626666666669,25.205093333333334,1.3820000000000001,71.97490666666666,13.835733333333332,2.746453333333333,7.730213333333333,5.090493333333332,2013.0,5377.0,2446.23,558.24,1847.37,277.89,846.91,0.99
12,305.0,12.240400000000001,29.062199999999997,9.259599999999999,99.0094,15.7598,6.2802,10.448599999999999,8.2718,2013.0,305.0,1.4586000000000001,19.986,0.0,64.3604,4.7258,-5.751799999999999,-1.4656,3.5544,2013.0,305.0,7.985142857142856,23.737173333333335,1.880466666666667,79.47729333333334,9.96816,-0.6721733333333334,4.272213333333333,5.374000000000001,2013.0,4829.05,1929.64,638.81,1627.78,378.38,913.16,0.96
