,DOY,INSgdmax,RADmax,RAINmax,RHmax,TMAXmax,TMINmax,Tmax,WINDmax,YEAR,DOY,INSgdmin,RADmin,RAINmin,RHmin,TMAXmin,TMINmin,Tmin,WINDmin,YEAR,DOY,INSgdmean,RADmean,RAINmean,RHmean,TMAXmean,TMINmean,Tmean,WINDmean,YEAR,NDVI,EVI,RED,NIR,BLUE,MIR,pixrel
0,113.0,26.6797,30.7476,38.672000000000004,95.3078,26.6184,14.3721,20.3429,9.4032,2013.0000000000002,113.0,4.105299999999999,19.4359,0.0,66.0537,3.7005,-6.1331,0.4682,2.9396999999999998,2013.0000000000002,113.0,17.899040000000003,25.502093333333335,5.669300000000001,79.71034000000002,13.513573333333335,1.9554533333333333,7.854153333333332,5.7238999999999995,2013.0000000000002,3584.51,1437.49,912.92,1666.72,599.65,949.89,3.02
1,129.0,29.146600000000003,31.3048,26.8754,94.9586,29.4852,13.0943,20.3997,9.9156,2013.0000000000002,129.0,3.6041,20.152900000000002,0.0,60.502399999999994,2.9067999999999996,-1.0669,0.9502,1.7130999999999998,2013.0000000000002,129.0,19.68398,27.28822,4.810886666666666,76.05667999999999,17.851753333333335,6.572759999999999,12.502666666666668,4.624926666666666,2013.0000000000002,4146.93,1761.1,641.61,1582.12,316.09,1243.05,2.55
2,145.0,29.595,34.0468,42.50940000000001,93.0507,26.044400000000003,19.120199999999997,21.933500000000002,8.5685,2013.0000000000002,145.0,4.958600000000001,24.454099999999997,0.0,67.30940000000001,12.533199999999999,4.6161,10.564799999999998,3.4698,2013.0000000000002,145.0,17.384906666666673,30.87436,10.492266666666668,84.26752,21.605779999999996,12.943946666666665,17.431586666666664,5.5230733333333335,2013.0000000000002,5614.73,2819.57,563.14,2067.5,294.93,1000.99,0.29
3,161.00000000000003,29.5913,35.401500000000006,22.09,92.82719999999999,29.4195,18.0907,23.592600000000004,5.4563,2013.0000000000002,161.00000000000003,2.9646,25.992900000000002,0.0,66.633,18.711100000000002,7.9896,14.302600000000002,1.8779000000000001,2013.0000000000002,161.00000000000003,18.34428666666667,31.364053333333327,4.8916933333333334,81.04642666666666,23.47135333333333,13.533193333333333,18.709593333333338,3.5485466666666663,2013.0000000000002,7151.36,4060.62,380.07,2582.5,205.38,717.1,2.55
4,177.0,29.430899999999998,36.2357,27.133200000000002,94.2846,28.7347,22.0609,25.0224,6.9097,2013.0000000000002,177.0,6.409800000000001,28.3464,0.0,71.8442,22.2802,12.227100000000002,18.381300000000003,1.8473000000000002,2013.0000000000002,177.0,21.709886666666666,32.40779333333333,4.989459999999999,82.84268,26.042559999999998,17.49374,21.918240000000004,4.427919999999999,2013.0000000000002,7978.19,4763.42,290.5,2868.94,166.34,549.71,0.49
5,193.0,29.4082,35.4575,21.2471,89.58269999999999,31.590799999999998,22.638099999999998,27.170800000000003,5.508899999999999,2013.0000000000002,193.0,9.5281,28.127999999999997,0.0,72.46039999999999,24.8022,13.895199999999999,20.3543,2.2196,2013.0000000000002,193.0,25.196160000000003,32.73749333333333,2.7321600000000004,80.59534000000001,28.633180000000003,18.566573333333334,23.96464666666667,3.8721599999999996,2013.0000000000002,8058.99,5063.82,294.87,3077.68,168.0,600.29,0.19
6,209.0,26.905,34.139700000000005,11.8776,91.23570000000001,28.785500000000006,19.348,24.2771,5.704999999999999,2013.0000000000002,209.0,8.2398,27.7859,0.0,69.8494,17.1526,9.1948,13.7042,1.7443,2013.0000000000002,209.0,20.938073333333328,30.693126666666668,1.7965266666666664,79.46506000000001,24.02068666666667,14.098339999999999,19.422886666666667,3.4556400000000003,2013.0000000000002,7858.84,4938.08,299.71,3023.88,175.47,588.5,2.93
7,225.0,24.7754,33.6174,4.608100000000001,82.8387,28.557599999999997,17.7673,23.3701,4.833900000000001,2013.0000000000002,225.0,15.440999999999997,26.7844,0.0,67.2131,21.476399999999998,11.607700000000001,16.982599999999998,1.1763,2013.0000000000002,225.0,21.195786666666667,30.25465333333333,0.5029799999999999,76.16006666666668,24.97778666666667,14.298693333333334,20.09828,2.9543066666666657,2013.0000000000002,7812.96,4561.79,303.32,2748.52,176.55,548.56,0.14
8,241.0,23.0213,35.804399999999994,10.701999999999998,91.61519999999999,32.0906,22.175200000000004,26.874699999999997,5.3514,2013.0000000000002,241.0,11.401900000000001,26.191399999999998,0.0,77.05470000000001,21.1289,8.9807,16.2454,1.9294,2013.0000000000002,241.0,20.227853333333336,32.562706666666664,1.341146666666667,82.96456666666666,28.153853333333334,17.912626666666668,23.04999333333333,3.6164066666666663,2013.0000000000002,7752.63,4354.41,279.67,2617.33,152.69,550.87,2.77
9,257.0,21.322799999999997,34.7723,13.228100000000001,85.07270000000001,32.1021,20.35,25.5476,5.9869,2013.0000000000002,257.0,6.3627,23.8462,0.0,60.3844,18.675,6.579200000000001,12.600200000000001,2.7168,2013.0000000000002,257.0,15.428566666666669,30.405686666666668,2.1580933333333334,74.77440666666668,24.730106666666668,13.690173333333332,19.02509333333333,4.452999999999999,2013.0000000000002,6945.11,3488.42,359.35,2191.52,192.08,635.59,2.55
10,273.0,18.966499999999996,33.4866,26.4687,93.14889999999998,27.6133,17.0444,20.6735,6.574599999999999,2013.0000000000002,273.0,2.9038,24.512,0.0,63.13519999999999,10.3645,3.4,6.894,2.548,2013.0000000000002,273.0,13.525653333333334,27.875613333333334,2.7481333333333327,74.97022,22.54002,9.787733333333335,15.894639999999999,4.448606666666667,2013.0000000000002,6204.27,2866.25,445.35,1938.23,223.9,696.84,0.02
11,289.0,15.7326,30.4675,8.2568,84.80069999999999,23.719,12.2708,17.9982,7.6888,2013.0000000000002,289.0,3.5158,21.229399999999995,0.0,61.621300000000005,5.2956,-3.9784999999999995,0.5304,2.8248,2013.0000000000002,289.0,10.25398619047619,25.48256666666667,1.0324200000000001,72.22933333333334,14.337906666666667,3.5523866666666666,8.674753333333335,4.761006666666666,2013.0000000000002,4889.34,2216.88,586.35,1746.92,306.2,950.34,0.2
12,305.0,12.2493,30.349500000000003,17.3296,98.09450000000001,16.043200000000002,6.642099999999999,11.7756,6.693499999999999,2013.0000000000002,305.0,1.0088000000000001,19.819599999999998,0.0,61.1977,6.9493,-4.6531,-0.1494,3.7883999999999998,2013.0000000000002,305.0,7.509442857142857,24.719713333333335,3.6533466666666667,78.98002666666665,11.40084,0.24473333333333322,5.3631866666666665,5.248986666666667,2013.0000000000002,3847.53,1893.75,1051.6,2058.28,786.15,813.5,1.73
