,DOY,INSgdmax,RADmax,RAINmax,RHmax,TMAXmax,TMINmax,Tmax,WINDmax,YEAR,DOY,INSgdmin,RADmin,RAINmin,RHmin,TMAXmin,TMINmin,Tmin,WINDmin,YEAR,DOY,INSgdmean,RADmean,RAINmean,RHmean,TMAXmean,TMINmean,Tmean,WINDmean,YEAR,NDVI,EVI,RED,NIR,BLUE,MIR,pixrel
0,113.0,27.245199999999997,31.0556,33.382400000000004,91.4528,25.662799999999997,12.9492,19.1484,9.2928,2013.0,113.0,3.328,19.4,0.0,63.656000000000006,2.472,-5.9912,0.3356,2.6492,2013.0,113.0,19.44264,25.644933333333334,4.865386666666668,76.02650666666668,14.377786666666667,1.6806133333333328,8.1016,5.69328,2013.0,3413.9,1891.57,1062.23,2160.26,527.38,2130.29,0.36
1,129.0,29.396,31.5536,14.66,93.24600000000001,31.465600000000002,14.3828,21.7444,8.0504,2013.0,129.0,5.6864,21.1696,0.0,52.348,2.9008000000000003,-2.0244,1.2348000000000001,2.0143999999999997,2013.0,129.0,19.886293333333334,27.706426666666665,3.0465866666666668,76.47181333333334,17.758266666666664,6.570906666666668,12.445413333333333,4.706266666666666,2013.0,3971.67,2599.77,1243.38,2857.59,615.67,2803.25,0.56
2,145.0,29.264000000000003,34.3496,50.0432,92.57600000000001,27.5056,19.5176,22.249200000000002,7.772,2013.0,145.0,3.5584,26.0212,0.0,70.43960000000001,16.132,7.6852,12.656000000000002,3.3087999999999997,2013.0,145.0,18.88824,31.526266666666668,11.364666666666666,82.01178666666667,22.778693333333337,13.97904,18.376213333333332,5.6794133333333345,2013.0,5226.59,3030.8,747.36,2444.41,387.11,1487.96,0.03
3,161.0,29.9048,34.8552,15.6172,90.17880000000001,31.3208,19.6884,24.1824,6.9548000000000005,2013.0,161.0,5.870000000000001,26.814400000000003,0.0,67.9848,20.3016,7.5428,15.3972,2.5252,2013.0,161.0,19.47504,31.37336,4.163546666666667,78.51029333333334,24.86186666666667,13.803946666666668,19.61405333333333,4.326613333333333,2013.0,4902.61,3395.99,1116.42,3227.91,564.76,2547.12,0.38
4,177.0,29.363600000000005,35.7044,14.9048,89.0424,30.9004,22.5708,25.843200000000003,6.9968,2013.0,177.0,11.216000000000001,27.520399999999995,0.0,63.674,24.4152,12.4352,19.0168,1.7216,2013.0,177.0,23.35245333333333,32.25610666666667,3.0988,76.39373333333333,27.41584,18.195866666666667,22.92344,4.6648266666666665,2013.0,6773.66,4822.75,684.07,3560.19,365.57,1502.78,0.99
5,193.0,29.0504,36.8692,8.9172,80.6156,32.301199999999994,22.5276,27.1524,6.156000000000001,2013.0,193.0,14.864,30.054799999999997,0.0,68.5932,27.791600000000003,16.378,22.1052,2.1464,2013.0,193.0,25.442079999999997,33.49034666666667,1.70656,74.89914666666667,29.782133333333334,19.228506666666664,24.57981333333333,4.46352,2013.0,7703.68,5805.6,506.72,3982.56,278.92,1076.88,0.01
6,209.0,28.260400000000004,34.498400000000004,7.7216000000000005,88.6516,31.441200000000002,19.2104,25.5828,5.218,2013.0,209.0,7.517200000000001,25.6696,0.0,62.3872,19.8428,9.7296,16.338,2.1155999999999997,2013.0,209.0,20.968106666666664,31.403760000000005,0.9959466666666666,75.60437333333334,26.01410666666667,15.5716,21.006986666666666,3.25096,2013.0,8064.63,5974.22,419.95,3948.43,232.42,857.44,0.3
7,225.0,25.529600000000002,34.0396,5.1296,88.3936,30.337600000000002,20.618,25.0048,5.9268,2013.0,225.0,10.2424,28.1,0.0,65.96520000000001,18.6004,12.3048,15.7744,2.004,2013.0,225.0,20.945066666666666,31.216239999999996,1.2457866666666666,74.4088,26.123733333333334,15.748693333333332,20.963866666666668,3.38672,2013.0,7926.54,6316.56,492.36,4358.35,272.6,965.6,0.18
8,241.0,23.7008,34.9996,29.5952,83.6856,35.6556,22.1136,28.178000000000004,5.917999999999999,2013.0,241.0,12.2476,26.575200000000002,0.0,57.2812,26.078400000000002,11.911999999999999,19.332,1.7352000000000003,2013.0,241.0,20.932453333333335,32.81704,3.387706666666667,67.93949333333333,31.17312,19.292186666666666,25.04685333333333,3.6982133333333334,2013.0,7660.38,5422.13,469.38,3616.66,259.07,892.94,0.0
9,257.0,21.5044,35.3804,15.664399999999999,83.5628,36.168800000000005,22.384,28.360799999999998,7.3908000000000005,2013.0,257.0,5.8192,24.224800000000002,0.0,46.7592,21.0312,7.5936,14.9244,2.1456,2013.0,257.0,16.403973333333333,31.360933333333335,3.6057066666666664,61.27442666666666,27.91381333333333,15.619866666666669,21.52538666666667,4.580613333333334,2013.0,6544.26,4085.42,611.49,2956.08,307.8,984.67,0.0
10,273.0,19.42,34.169200000000004,20.4176,86.9764,30.201999999999998,18.349999999999998,23.4132,7.9208,2013.0,273.0,3.7908,24.465600000000002,0.0,51.678799999999995,10.043199999999999,3.9479999999999995,7.032800000000001,3.0316,2013.0,273.0,14.377600000000001,28.956826666666668,3.0590666666666664,67.31506666666667,23.94072,11.1828,17.30954666666667,5.46416,2013.0,4859.52,2882.72,869.88,2524.8,448.06,1489.86,0.0
11,289.0,16.5456,30.1752,10.486799999999999,87.2204,24.8372,11.5576,17.1004,8.7,2013.0,289.0,3.4472000000000005,22.4692,0.0,49.441199999999995,6.5804,-2.5343999999999998,1.8952,3.2211999999999996,2013.0,289.0,10.184293333333333,26.062026666666668,1.50584,66.01309333333333,15.939333333333334,4.028346666666666,9.439546666666667,5.095866666666666,2013.0,4235.38,2547.34,1033.24,2533.17,527.49,1587.56,0.37
12,305.0,13.43,30.020000000000003,25.282799999999998,96.93639999999999,19.0004,6.1996,11.7808,8.6872,2013.0,305.0,1.1804,19.024,0.0,56.2748,7.2692,-2.9063999999999997,1.28,3.456,2013.0,305.0,8.976714285714285,24.456080000000007,2.9036000000000004,73.15599999999999,12.914640000000002,1.1397599999999999,6.3868,5.247919999999999,2013.0,3815.68,2152.76,997.94,2233.38,508.94,1562.62,0.0
