,DOY,INSgdmax,RADmax,RAINmax,RHmax,TMAXmax,TMINmax,Tmax,WINDmax,YEAR,DOY,INSgdmin,RADmin,RAINmin,RHmin,TMAXmin,TMINmin,Tmin,WINDmin,YEAR,DOY,INSgdmean,RADmean,RAINmean,RHmean,TMAXmean,TMINmean,Tmean,WINDmean,YEAR,NDVI,EVI,RED,NIR,BLUE,MIR,pixrel
0,113.0,26.93,30.646800000000002,29.5274,91.99359999999999,26.1842,13.9938,19.8464,9.0764,2013.0,113.0,5.2196,20.1612,0.0,64.51939999999999,3.8878000000000004,-6.7509999999999994,0.6376000000000001,2.8308,2013.0,113.0,19.235186666666667,25.51217333333333,4.890439999999999,77.75858666666664,13.939706666666666,1.67768,7.999093333333333,5.727,2013.0,4824.6,1904.55,819.81,1760.12,584.68,772.34,0.29
1,129.0,29.3168,31.343600000000002,26.368199999999998,96.41579999999999,30.7834,13.3082,21.236600000000003,9.3826,2013.0,129.0,2.713,20.571799999999996,0.0,56.7748,1.7147999999999999,-0.9232,0.574,1.6600000000000001,2013.0,129.0,19.00842666666667,27.488813333333333,4.973786666666667,76.57034666666667,17.76232,6.480333333333335,12.383119999999998,4.834026666666666,2013.0,5267.45,2023.88,393.91,1402.82,216.2,618.45,2.66
2,145.0,29.5018,34.2988,56.38719999999999,92.8688,26.955000000000005,18.937599999999996,22.3294,8.2256,2013.0,145.0,8.1688,25.461800000000004,0.0,70.0974,16.3916,5.1952,12.844000000000001,2.8205999999999998,2013.0,145.0,17.812399999999997,31.17064,12.563466666666667,83.41362666666667,22.440720000000006,13.436906666666669,18.000853333333332,5.6004266666666656,2013.0,5867.4,2732.93,380.05,1820.3,203.77,617.44,7.67
3,161.0,30.008200000000002,35.361999999999995,16.3222,90.328,30.049,18.5158,24.0556,6.247399999999999,2013.0,161.0,7.693,26.453200000000002,0.0,67.3086,19.776400000000002,7.6822,14.762999999999998,2.0338,2013.0,161.0,19.826093333333333,31.311600000000002,4.129000000000001,79.98549333333334,24.44965333333333,13.604386666666667,19.248959999999997,3.9598533333333337,2013.0,6761.54,3673.28,326.65,2300.1,184.82,569.84,7.67
4,177.0,28.76,35.8552,18.244799999999998,92.52359999999999,30.422800000000002,22.4336,25.6338,7.135400000000001,2013.0,177.0,6.146599999999999,28.342399999999998,0.0,69.3498,22.9404,13.116400000000002,18.221600000000002,2.3804000000000003,2013.0,177.0,21.981013333333333,32.36141333333334,3.0202666666666667,80.39196,26.959693333333327,17.92168,22.533546666666666,4.608773333333334,2013.0,7329.49,4147.83,286.97,2506.86,175.87,539.98,5.8
5,193.0,29.56,36.116600000000005,17.3806,85.0804,32.0394,22.497999999999998,26.9642,5.5918,2013.0,193.0,7.739599999999999,28.8706,0.0,70.3548,23.558799999999998,14.686800000000002,20.069399999999998,2.2931999999999997,2013.0,193.0,25.606653333333334,33.00725333333334,2.0872933333333337,79.02752000000001,28.92597333333333,18.81288,24.123986666666667,4.144853333333334,2013.0,7540.02,3879.21,246.41,2250.15,164.25,419.61,3.12
6,209.0,27.482200000000002,34.4048,5.7224,90.488,29.6892,19.2458,24.695,5.404400000000001,2013.0,209.0,8.181799999999999,26.0938,0.0,70.0534,18.6278,9.1288,14.8,1.879,2013.0,209.0,20.77736,30.986866666666668,0.9106800000000002,78.28866666666667,25.075226666666666,14.942746666666668,20.25108,3.2533066666666675,2013.0,7339.72,4067.84,297.84,2426.87,191.47,500.51,0.51
7,225.0,25.4662,33.730000000000004,7.393800000000001,83.1274,29.1502,19.7152,24.23,5.409800000000001,2013.0,225.0,15.8062,28.028600000000004,0.0,64.91739999999999,21.2146,11.878599999999999,16.7698,1.7652,2013.0,225.0,22.257493333333336,30.464866666666666,0.7678666666666667,74.81546666666668,25.65693333333333,14.964346666666668,20.50052,2.985386666666667,2013.0,7142.7,3625.87,213.95,2170.39,105.47,437.06,15.3
8,241.0,23.3474,35.1806,21.7224,84.92439999999999,34.5582,22.4328,28.071399999999997,5.6776,2013.0,241.0,10.3638,26.4424,0.0,64.127,24.163,10.743200000000002,18.2198,1.5466,2013.0,241.0,20.96456,32.68082666666667,2.3582,74.09664000000001,30.337253333333333,19.00376,24.550346666666663,3.5463466666666674,2013.0,7195.19,3213.53,221.62,1869.03,118.89,362.75,7.65
9,257.0,21.5124,35.5604,11.2344,80.09960000000001,35.096000000000004,21.1522,27.193799999999996,6.7864,2013.0,257.0,3.8684000000000003,23.9926,0.0,50.137600000000006,21.0378,6.7736,14.0242,2.3886000000000003,2013.0,257.0,15.165733333333336,31.02065333333333,2.4193466666666668,65.31604000000002,27.017426666666662,14.831146666666669,20.657333333333334,4.560639999999999,2013.0,6903.88,3309.19,256.82,2000.36,135.88,442.14,10.24
10,273.0,19.190600000000003,33.9848,34.2608,90.46520000000001,29.952600000000004,17.6896,22.8446,7.082800000000001,2013.0,273.0,3.4712000000000005,24.909399999999998,0.0,54.268,10.5166,3.8612,7.599600000000001,2.9530000000000003,2013.0,273.0,13.644866666666669,28.69970666666667,3.378426666666667,69.62164000000001,23.56172,10.777160000000002,16.981040000000004,4.943720000000001,2013.0,6021.19,2605.92,349.16,1697.44,191.5,467.38,7.75
11,289.0,16.211199999999998,30.1004,7.5138,83.12540000000001,24.6054,11.9476,17.5544,7.9674000000000005,2013.0,289.0,3.9143999999999997,21.548000000000002,0.0,52.855,5.5574,-3.7334,1.131,2.8224,2013.0,289.0,10.126186666666666,25.67798666666667,1.5591866666666667,68.12723999999999,15.211893333333332,3.60712,9.026173333333332,4.967559999999999,2013.0,4693.99,2079.42,610.25,1686.11,370.25,746.79,1.02
12,305.0,12.85,29.8804,24.526600000000002,97.97739999999999,18.5146,8.064599999999999,13.178,7.6274,2013.0,305.0,1.8050000000000002,19.416999999999998,0.0,57.7076,8.1938,-3.7664,0.6126,4.0312,2013.0,305.0,8.722728571428572,24.354280000000003,3.41796,74.80930666666669,12.228493333333333,0.82884,6.014199999999999,5.298626666666667,2013.0,4528.87,2225.4,810.01,1953.2,603.77,883.85,2.08
