,DOY,INSgdmax,RADmax,RAINmax,RHmax,TMAXmax,TMINmax,Tmax,WINDmax,YEAR,DOY,INSgdmin,RADmin,RAINmin,RHmin,TMAXmin,TMINmin,Tmin,WINDmin,YEAR,DOY,INSgdmean,RADmean,RAINmean,RHmean,TMAXmean,TMINmean,Tmean,WINDmean,YEAR,NDVI,EVI,RED,NIR,BLUE,MIR,pixrel
0,113.0,27.0323,31.1268,31.583299999999998,94.0354,26.8799,13.7007,20.3327,9.389000000000001,2013.0,113.0,3.9509,19.7349,0.0,62.9849,3.7804,-6.6678999999999995,0.3736,2.9214,2013.0,113.0,18.268226666666667,25.436613333333337,5.510879999999999,78.13146666666664,13.718246666666666,1.5541400000000003,7.817933333333333,5.830659999999998,2013.0,4761.78,1976.27,856.57,1851.04,624.15,740.44,0.71
1,129.0,29.234899999999996,31.406899999999997,25.454700000000003,95.69069999999999,30.5731,13.505299999999998,21.1493,10.1737,2013.0,129.0,2.6299,20.3105,0.0,58.7188,1.6920000000000002,-1.2297999999999998,0.6055,1.8274000000000001,2013.0,129.0,19.724106666666664,27.528353333333335,4.464226666666666,74.60832666666667,18.158879999999996,6.543813333333333,12.64018,4.864286666666666,2013.0,5665.73,2485.34,508.46,1791.17,255.52,931.16,0.01
2,145.0,29.7574,33.830799999999996,44.770300000000006,92.83879999999999,26.454,19.0324,22.2574,8.6018,2013.0,145.0,6.0841,24.897499999999997,0.0,67.21709999999999,13.535,4.3911999999999995,11.614600000000001,3.198,2013.0,145.0,17.65564,30.945659999999997,11.030326666666666,83.32470666666667,22.084060000000004,13.150366666666667,17.735793333333334,5.643266666666666,2013.0,6925.69,3820.94,446.51,2490.03,246.07,749.44,0.82
3,161.0,29.860299999999995,35.4874,19.178500000000003,90.1429,29.770899999999997,18.1,23.978500000000004,5.4773000000000005,2013.0,161.0,5.221300000000001,26.140600000000003,0.0,65.4744,18.915699999999998,8.347,14.610899999999999,1.8328,2013.0,161.0,18.746273333333328,31.307199999999995,4.887519999999999,80.12325333333334,24.109493333333333,13.608166666666666,19.04474,3.7643533333333337,2013.0,7497.97,4123.12,360.59,2538.23,203.63,629.16,0.0
4,177.0,29.504,36.20740000000001,27.460500000000003,93.7608,29.735200000000003,22.427899999999998,25.3863,7.3907,2013.0,177.0,8.3795,28.746800000000004,0.0,72.8304,22.7172,13.624300000000002,18.0704,2.3021,2013.0,177.0,21.644933333333334,32.509953333333335,3.6811266666666667,81.46564000000001,26.618633333333324,17.79308,22.29412666666666,4.581693333333333,2013.0,8060.78,5034.88,322.29,3075.71,189.34,602.55,0.23
5,193.0,29.7049,35.4698,23.2252,87.38829999999999,32.0472,22.874799999999997,27.2669,5.6482,2013.0,193.0,2.5886,28.122700000000002,0.0,71.2302,23.203300000000002,14.4135,20.0439,2.1891000000000003,2013.0,193.0,25.65897333333333,32.80675333333334,2.3257133333333337,79.55076,28.848233333333337,18.6664,24.073006666666675,4.006213333333333,2013.0,8304.12,5080.57,274.69,3024.37,166.06,504.8,0.71
6,209.0,26.5552,34.376599999999996,3.3329,90.94850000000002,29.328899999999997,19.3004,24.5381,5.7086,2013.0,209.0,8.0321,27.0568,0.0,71.3968,17.3741,8.984799999999998,13.872399999999999,1.9597,2013.0,209.0,21.15942,30.70876666666667,0.6546799999999999,78.84782666666668,24.485106666666667,14.432486666666668,19.76528,3.437126666666667,2013.0,7840.51,4769.51,403.92,2987.16,298.8,614.87,1.04
7,225.0,24.3931,33.7804,4.4691,81.7675,28.9813,18.3865,23.651899999999998,5.0192000000000005,2013.0,225.0,14.0008,27.345200000000002,0.0,64.2532,22.1527,11.6563,17.197599999999998,1.0332,2013.0,225.0,21.779653333333336,30.270306666666663,0.5639466666666666,75.54034666666668,25.249233333333333,14.487066666666667,20.29738,2.913666666666666,2013.0,8128.67,4381.51,261.31,2539.45,154.43,470.32,0.0
8,241.0,23.1128,35.4053,15.7941,90.1357,32.4405,22.0839,26.968600000000002,5.3926,2013.0,241.0,13.968,26.3725,0.0,74.2043,21.9178,9.2279,16.9133,1.6545999999999998,2013.0,241.0,20.84254,32.62202666666667,1.9426000000000003,81.04700000000001,28.92681333333333,18.577260000000003,23.68354666666667,3.570186666666667,2013.0,8121.09,4283.0,253.44,2460.29,152.32,454.99,0.21
9,257.0,21.42,34.6847,12.462600000000002,84.11689999999999,33.5411,20.6065,26.2032,6.2566,2013.0,257.0,3.9314,24.0451,0.0,54.53379999999999,19.733700000000002,7.013599999999999,13.228,2.6739,2013.0,257.0,15.073433333333336,30.63055333333333,2.0795266666666663,71.06266000000001,25.76016666666667,14.084186666666668,19.636713333333333,4.460419999999999,2013.0,7538.94,3644.18,308.29,2163.3,176.65,506.87,0.01
10,273.0,19.1123,33.7721,37.5926,93.00500000000001,28.627200000000002,17.3014,21.5849,6.7834,2013.0,273.0,3.0053,24.638200000000005,0.0,60.849399999999996,9.820899999999998,3.7193000000000005,7.1424,2.8381000000000003,2013.0,273.0,13.727006666666666,28.240586666666672,4.2944466666666665,72.78029999999998,22.898659999999996,10.087320000000002,16.255200000000002,4.639779999999998,2013.0,7149.35,3197.64,329.83,1947.61,171.61,538.8,0.0
11,289.0,15.892600000000002,30.0818,6.9828,84.3866,24.0486,12.462400000000002,18.1865,8.110199999999999,2013.0,289.0,3.7799999999999994,21.2126,0.0,57.3262,5.1818,-4.412,0.5784,2.73,2013.0,289.0,10.201886666666667,25.674026666666666,1.4126466666666668,69.93476000000001,14.622913333333331,3.48152,8.751713333333331,4.911839999999999,2013.0,5343.32,2468.79,568.5,1869.51,287.23,761.99,0.31
12,305.0,12.500499999999999,29.781999999999996,18.331300000000002,97.82410000000002,16.870599999999996,7.562099999999999,12.714799999999999,7.4408,2013.0,305.0,1.7425999999999997,19.1878,0.0,61.17560000000001,7.5899,-4.5920000000000005,0.11879999999999999,3.9078999999999997,2013.0,305.0,8.1901,24.424819999999997,4.081820000000001,77.36286666666666,11.810213333333333,0.3807399999999998,5.616639999999999,5.369306666666666,2013.0,5122.04,2104.39,721.05,1788.81,544.78,623.47,0.64
