,DOY,INSgdmax,RADmax,RAINmax,RHmax,TMAXmax,TMINmax,Tmax,WINDmax,YEAR,DOY,INSgdmin,RADmin,RAINmin,RHmin,TMAXmin,TMINmin,Tmin,WINDmin,YEAR,DOY,INSgdmean,RADmean,RAINmean,RHmean,TMAXmean,TMINmean,Tmean,WINDmean,YEAR,NDVI,EVI,RED,NIR,BLUE,MIR,pixrel
0,113.0,26.9222,30.184700000000003,14.886,91.46530000000001,24.6339,7.986700000000001,15.8801,10.7405,2013.0,113.0,1.7908999999999997,18.273699999999998,0.0,58.119499999999995,1.6478000000000002,-9.007299999999999,-3.2438000000000002,3.6045999999999996,2013.0,113.0,16.80767333333333,23.98777333333333,2.6975933333333333,70.85928666666668,11.703726666666665,-1.286433333333333,5.345380000000001,5.976693333333333,2013.0,3116.34,1595.58,992.96,1886.54,538.77,1831.12,0.12
1,129.0,29.325300000000002,31.4329,9.6256,86.4805,32.1216,13.457600000000001,21.9572,7.2181,2013.0,129.0,4.9322,20.746299999999998,0.0,45.90389999999999,8.762899999999998,-4.1898,3.4909,1.9952,2013.0,129.0,19.458513333333332,26.88871333333334,1.4393066666666667,67.13018,18.448359999999997,4.804673333333334,11.716220000000002,4.601266666666667,2013.0,4016.66,2280.32,912.46,2219.41,475.79,1999.11,0.26
2,145.0,30.390600000000003,33.6425,25.333599999999997,91.6907,28.143800000000002,17.0282,21.9654,8.337900000000001,2013.0,145.0,5.517399999999999,23.142200000000003,0.0,58.827799999999996,12.232100000000003,5.7787999999999995,10.6311,2.1321,2013.0,145.0,14.882973333333334,30.94234666666667,5.71598,78.15774666666667,21.226186666666663,11.776440000000001,16.552913333333333,5.903926666666667,2013.0,5561.74,3136.17,645.17,2382.03,334.97,1277.45,0.13
3,161.0,29.972500000000004,33.9709,13.9018,90.77289999999999,27.5379,16.7013,22.0303,7.0731,2013.0,161.0,4.6715,28.716,0.0,63.2017,16.4172,7.5829,14.396099999999999,1.9432,2013.0,161.0,18.66298,30.924406666666666,3.7844533333333334,75.9198,23.504399999999997,12.195833333333336,18.022019999999998,4.500479999999999,2013.0,6176.17,4020.8,679.51,3015.19,355.92,1507.15,0.46
4,177.0,29.894199999999998,35.9012,21.1095,91.0723,28.830600000000004,22.3572,25.206,7.461100000000001,2013.0,177.0,13.475900000000001,27.0644,0.0,61.8999,23.956,13.5606,18.947300000000002,1.8998,2013.0,177.0,24.261973333333334,31.995193333333333,3.571753333333333,74.40156,26.8519,17.76399333333333,22.502580000000002,4.5500333333333325,2013.0,7150.56,5047.26,588.08,3592.5,303.5,1216.97,0.2
5,193.0,29.4156,36.5226,9.700099999999999,79.8142,32.2389,21.603199999999998,26.999399999999998,8.1436,2013.0,193.0,11.1146,28.831,0.0,61.5773,26.4944,16.5774,21.630499999999998,2.5575,2013.0,193.0,25.49307333333333,33.21178666666667,1.77782,72.30318666666666,29.58025333333333,18.967013333333334,24.394846666666666,4.799313333333333,2013.0,7578.14,5582.19,529.81,3911.89,267.84,1019.45,0.14
6,209.0,28.503700000000002,33.0472,13.877800000000002,82.36919999999999,29.4484,18.2102,23.9236,5.8351999999999995,2013.0,209.0,4.8746,25.0053,0.0,58.8413,19.1303,8.2655,15.2042,2.0274,2013.0,209.0,20.66058,30.366313333333334,1.6786400000000001,71.53738,24.74978666666667,13.859126666666665,19.525666666666666,3.31644,2013.0,7743.48,5512.87,466.31,3723.59,241.42,808.9,0.34
7,225.0,25.7834,33.4591,8.613100000000001,87.4231,30.7065,17.8667,24.4956,5.5799,2013.0,225.0,6.8945,27.8735,0.0,63.201499999999996,20.5041,10.306700000000001,16.791600000000003,2.4301000000000004,2013.0,225.0,19.353666666666665,30.745633333333334,1.5864733333333332,76.36507333333333,24.926526666666668,14.436639999999999,19.804173333333335,3.532953333333333,2013.0,7415.83,5079.6,513.38,3483.44,258.34,864.06,0.05
8,241.0,23.281000000000002,35.3963,8.9681,79.51820000000001,34.8092,23.113999999999997,28.576500000000003,8.1782,2013.0,241.0,13.997500000000002,25.8472,0.0,54.56400000000001,25.6421,11.2742,18.170900000000003,2.1055,2013.0,241.0,21.44897333333333,32.95303333333334,1.5419800000000001,64.93982666666666,31.11763333333333,19.088839999999998,24.96097333333333,4.346006666666667,2013.0,6494.96,4090.41,614.33,2947.47,310.58,1104.35,0.0
9,257.0,20.966899999999995,36.652899999999995,6.7288,82.4098,34.4436,22.1161,27.291700000000002,6.4321,2013.0,257.0,5.0513,23.9491,0.0,43.881699999999995,19.311300000000003,7.7149,13.7174,2.3339,2013.0,257.0,14.00964,30.644959999999998,1.7049133333333335,61.94390666666666,25.861586666666664,14.367480000000002,19.972753333333333,4.635806666666667,2013.0,6043.52,3802.32,699.27,2899.36,349.06,1190.57,0.0
10,273.0,17.96,34.0516,25.343199999999996,93.2038,29.9587,18.743100000000002,23.3801,8.9026,2013.0,273.0,3.9972999999999996,24.9968,0.0,44.5787,10.1302,3.7325000000000004,6.2713,2.802,2013.0,273.0,12.67302666666667,28.839979999999997,3.5141733333333334,64.79158666666666,23.06272666666667,10.551193333333336,16.36582,5.857959999999999,2013.0,5172.0,2925.51,748.01,2393.44,380.09,1286.18,0.0
11,289.0,15.526299999999999,29.2503,41.8427,87.1525,24.902900000000002,11.8583,17.812,9.290299999999998,2013.0,289.0,1.3209000000000002,22.0475,0.0,49.4555,5.4535,-3.1453,1.6789999999999998,3.4387,2013.0,289.0,10.01402,25.506966666666667,3.4769333333333337,68.35132666666667,14.147860000000001,3.1331133333333328,8.004253333333335,5.622966666666665,2013.0,4315.49,2321.77,830.29,2134.94,427.67,1532.17,0.02
12,305.0,12.7591,27.415300000000002,5.2582,95.283,15.4846,2.6523,7.612800000000001,9.3385,2013.0,305.0,1.3441,19.182199999999998,0.0,59.818,2.2363,-6.0518,-1.5753,2.9299,2013.0,305.0,7.545892857142858,23.304000000000002,0.9673333333333334,76.34810666666667,9.593706666666666,-1.1138,3.6420399999999997,5.266526666666666,2013.0,3874.32,2081.34,910.35,2094.02,465.66,1648.99,0.29
