,DOY,INSgdmax,RADmax,RAINmax,RHmax,TMAXmax,TMINmax,Tmax,WINDmax,YEAR,DOY,INSgdmin,RADmin,RAINmin,RHmin,TMAXmin,TMINmin,Tmin,WINDmin,YEAR,DOY,INSgdmean,RADmean,RAINmean,RHmean,TMAXmean,TMINmean,Tmean,WINDmean,YEAR,NDVI,EVI,RED,NIR,BLUE,MIR,pixrel
0,113.0,26.9414,29.560200000000002,17.2342,92.6988,25.5962,9.7516,16.6994,10.6212,2013.0,113.0,2.3636,18.9436,0.0,59.592200000000005,1.7808,-7.152000000000001,-2.3524000000000003,3.2784000000000004,2013.0,113.0,18.77972,24.384853333333332,2.92596,71.83805333333333,13.412266666666667,0.12587999999999994,6.79268,5.9328,2013.0,3223.1,1851.94,1124.21,2199.8,585.61,2133.52,0.54
1,129.0,29.092,31.4598,11.265,88.475,32.6458,14.0992,22.6872,7.2772,2013.0,129.0,5.6718,21.2984,0.0,49.8272,6.857999999999999,-3.7573999999999996,3.2872000000000003,1.8405999999999998,2013.0,129.0,19.175626666666666,27.31742666666667,1.7095866666666666,70.74390666666667,18.505186666666663,5.631693333333333,12.161920000000002,4.737093333333332,2013.0,3890.52,2529.68,1227.54,2766.35,645.72,2402.85,0.87
2,145.0,30.001399999999997,34.351800000000004,32.455,90.827,27.517599999999998,18.616799999999998,21.742,7.9714,2013.0,145.0,4.3644,24.7812,0.0,62.4782,13.8062,7.0974,11.6328,2.4178,2013.0,145.0,16.517560000000003,31.38668,7.247213333333334,79.81057333333334,21.797333333333334,13.002413333333331,17.393840000000004,6.089813333333334,2013.0,4670.75,2814.45,904.23,2494.94,515.41,1591.05,0.25
3,161.0,29.6286,34.631400000000006,15.6386,87.05359999999999,29.8654,18.8644,23.276400000000002,7.0702,2013.0,161.0,3.465,28.0452,0.0,65.0318,19.858600000000003,7.9756,15.206599999999998,2.268,2013.0,161.0,18.20934666666667,31.32068,5.015386666666667,76.92682666666664,24.59808,13.020413333333334,18.9576,4.486173333333333,2013.0,5199.69,3848.34,1130.72,3527.61,615.63,2236.85,1.01
4,177.0,29.8632,35.6398,21.188,89.9008,29.8172,22.684399999999997,25.9444,7.4164,2013.0,177.0,12.4204,27.111399999999996,0.0,62.2798,24.394599999999997,12.708799999999998,19.059600000000003,1.5761999999999998,2013.0,177.0,23.849053333333337,32.23136000000001,3.6808666666666663,73.79610666666665,27.34044,18.05121333333333,22.90332,4.719426666666667,2013.0,7185.92,5336.41,612.56,3790.59,349.61,1219.18,0.71
5,193.0,29.365000000000002,36.3264,10.263200000000001,80.03899999999999,32.3934,22.108399999999996,27.180999999999997,7.353,2013.0,193.0,20.6982,29.8146,0.0,61.5222,27.343599999999995,16.821800000000003,22.7578,2.3996,2013.0,193.0,26.467306666666666,33.55126666666666,1.8774133333333336,71.42614666666667,30.06288,19.281546666666664,24.7778,4.748213333333333,2013.0,7624.3,5786.4,515.76,3956.31,302.61,964.52,0.18
6,209.0,28.3382,34.44,10.434000000000001,83.5124,31.8564,18.811,24.9328,5.833600000000001,2013.0,209.0,6.0512,25.519599999999997,0.0,53.9482,19.8164,9.460999999999999,16.5158,2.0366,2013.0,209.0,20.086293333333334,31.22009333333333,1.8366666666666664,69.43943999999999,26.222213333333336,15.012599999999999,20.765653333333333,3.4260666666666664,2013.0,7778.08,6154.96,522.92,4248.11,311.8,917.21,0.87
7,225.0,25.8598,33.674800000000005,6.558,88.7044,31.040999999999997,19.2652,25.2318,5.7448,2013.0,225.0,8.189599999999999,28.6226,0.0,59.236999999999995,19.548,12.004000000000001,16.2726,2.5708,2013.0,225.0,19.740386666666666,31.406146666666665,1.2087733333333333,73.87090666666667,25.9716,15.556373333333335,20.775426666666664,3.726706666666667,2013.0,7654.9,5765.07,492.56,3919.58,286.84,887.72,0.65
8,241.0,23.5286,35.5216,16.613,78.8638,35.9764,22.9882,28.8084,7.6236,2013.0,241.0,14.7744,26.4764,0.0,54.0756,27.004200000000004,12.423000000000002,19.4296,1.4136000000000002,2013.0,241.0,21.514986666666665,33.30609333333334,2.7490933333333327,62.790106666666674,31.91634666666667,19.64390666666667,25.548919999999995,4.25812,2013.0,7109.69,5003.8,575.36,3475.57,332.14,962.17,0.06
9,257.0,21.224800000000002,34.85,7.2856000000000005,85.1876,37.7962,22.8018,29.049599999999998,6.9582,2013.0,257.0,5.545,24.2316,0.0,43.30159999999999,20.679199999999998,8.455400000000001,14.6648,2.4048,2013.0,257.0,15.223026666666666,31.057853333333334,1.6284133333333335,59.72692,27.213240000000006,15.097146666666667,21.04256,4.589306666666667,2013.0,5860.37,3479.09,688.22,2663.61,352.64,1100.18,0.07
10,273.0,18.5682,34.4132,33.508,90.2616,30.977200000000003,19.699399999999997,24.270400000000002,9.296799999999998,2013.0,273.0,3.2666000000000004,24.8416,0.0,46.7912,11.1156,4.369400000000001,6.968399999999999,3.1598,2013.0,273.0,13.511666666666668,29.14181333333333,4.634266666666667,63.535626666666666,24.120986666666667,11.11404,17.111933333333333,6.111573333333334,2013.0,4852.66,2895.09,898.13,2574.17,452.86,1424.53,0.11
11,289.0,16.1148,29.7348,41.2438,82.5746,25.5126,11.5228,17.8802,8.942,2013.0,289.0,2.0149999999999997,22.1304,0.0,46.9556,6.9406,-1.8254,2.5161999999999995,3.3504,2013.0,289.0,10.863679999999999,25.60272,3.222106666666667,64.49381333333334,15.592400000000001,3.879813333333334,9.07304,5.557093333333333,2013.0,4014.94,2431.44,1081.23,2499.19,574.8,1601.31,0.17
12,305.0,13.0186,29.022,5.350200000000001,92.99359999999999,18.4198,3.3702,8.2438,9.363199999999999,2013.0,305.0,1.1064,18.889999999999997,0.0,56.8802,2.8971999999999998,-6.4838000000000005,-1.6972,2.7872000000000003,2013.0,305.0,8.687457142857143,23.6256,1.3905733333333332,73.68028000000001,11.038293333333332,-0.10404000000000006,4.83012,5.343893333333332,2013.0,3524.42,1992.08,1050.61,2195.89,547.07,1630.2,0.06
