,DOY,INSgdmax,RADmax,RAINmax,RHmax,TMAXmax,TMINmax,Tmax,WINDmax,YEAR,DOY,INSgdmin,RADmin,RAINmin,RHmin,TMAXmin,TMINmin,Tmin,WINDmin,YEAR,DOY,INSgdmean,RADmean,RAINmean,RHmean,TMAXmean,TMINmean,Tmean,WINDmean,YEAR,NDVI,EVI,RED,NIR,BLUE,MIR,pixrel
0,113.0,27.22,31.07,34.61,92.0,25.31,13.95,19.53,9.21,2013.0,113.0,2.59,19.4,0.0,64.34,2.76,-6.11,0.62,2.48,2013.0,113.0,19.788000000000004,25.641333333333332,5.062666666666667,76.68266666666668,14.164666666666667,1.7593333333333332,8.08,5.688,2013.0,3837.12,2180.82,986.43,2236.43,509.53,2055.46,0.09
1,129.0,29.45,31.46,17.9,94.2,30.76,14.21,21.37,8.54,2013.0,129.0,4.61,20.95,0.0,53.05,2.71,-1.47,1.35,2.09,2013.0,129.0,19.759333333333334,27.718666666666664,3.530666666666667,77.34733333333334,17.526666666666664,6.552666666666668,12.327333333333332,4.7446666666666655,2013.0,4903.54,3196.51,983.95,2887.97,509.5,2312.47,0.26
2,145.0,29.12,34.13,53.78,93.26,27.25,19.46,22.26,7.79,2013.0,145.0,4.75,26.14,0.0,72.29,16.42,7.39,12.71,3.55,2013.0,145.0,18.942,31.53466666666667,12.654666666666667,83.05866666666667,22.643333333333334,13.860000000000003,18.259333333333334,5.621333333333336,2013.0,6056.87,4166.51,768.33,3223.18,412.21,1635.34,0.98
3,161.0,30.02,34.74,17.14,90.87,30.86,19.53,23.97,6.89,2013.0,161.0,7.49,26.53,0.0,69.27,19.92,7.28,15.03,2.5,2013.0,161.0,19.908,31.286000000000005,4.094666666666667,79.92533333333333,24.50066666666667,13.720666666666668,19.421333333333333,4.225333333333333,2013.0,5624.99,3878.18,900.4,3232.5,474.13,2170.91,0.07
4,177.0,28.91,35.78,17.9,89.55,30.49,22.38,25.44,6.86,2013.0,177.0,11.63,27.65,0.0,65.51,23.76,12.32,18.61,1.79,2013.0,177.0,23.31933333333333,32.20666666666667,3.3759999999999994,78.59933333333332,26.992000000000004,18.008666666666667,22.603999999999996,4.608666666666666,2013.0,6929.36,5079.88,666.54,3713.05,362.98,1528.23,0.98
5,193.0,29.09,36.61,9.09,83.78,31.52,22.2,26.67,5.85,2013.0,193.0,12.92,29.81,0.0,71.07,27.14,15.91,21.45,1.97,2013.0,193.0,25.299999999999997,33.32066666666666,1.8460000000000003,78.04266666666666,29.063333333333336,18.954666666666665,24.12333333333333,4.343999999999999,2013.0,7374.11,5472.29,579.32,3842.8,321.93,1200.0,0.02
6,209.0,28.3,34.34,3.11,90.61,30.3,18.98,25.05,5.11,2013.0,209.0,7.96,25.45,0.0,66.25,20.03,9.33,15.96,2.13,2013.0,209.0,21.04466666666666,31.248,0.6126666666666666,78.55733333333336,25.32266666666667,15.255999999999998,20.576666666666668,3.1779999999999995,2013.0,7786.49,5934.86,503.49,4072.74,280.07,1013.87,0.92
7,225.0,25.31,33.91,4.28,87.4,29.38,20.33,24.49,5.88,2013.0,225.0,10.84,28.19,0.0,69.45,18.1,11.97,15.4,1.95,2013.0,225.0,21.398666666666667,30.939999999999994,0.8586666666666667,76.522,25.473333333333336,15.38533333333333,20.518666666666665,3.248,2013.0,7655.26,5876.08,526.14,4072.42,291.89,1069.42,0.36
8,241.0,23.69,34.78,29.93,85.32,34.68,21.84,27.71,5.72,2013.0,241.0,11.38,26.46,0.0,60.55,25.11,11.57,18.72,1.53,2013.0,241.0,20.923333333333336,32.602,3.2326666666666664,71.72933333333334,30.24,18.932666666666666,24.459333333333333,3.5573333333333337,2013.0,7207.37,5012.69,549.15,3454.17,305.12,1054.51,0.0
9,257.0,21.49,35.6,14.75,82.67,35.42,21.79,27.72,7.29,2013.0,257.0,5.65,23.98,0.0,50.19,20.97,7.23,14.64,2.07,2013.0,257.0,16.473333333333336,31.267333333333337,3.5766666666666667,63.06266666666666,27.511333333333326,15.354666666666668,21.14666666666667,4.5873333333333335,2013.0,5318.07,3379.08,882.51,2891.67,441.41,1521.4,0.0
10,273.0,19.51,34.09,17.39,87.79,29.86,17.99,23.1,7.55,2013.0,273.0,3.96,24.48,0.0,52.37,9.28,3.84,6.86,3.01,2013.0,273.0,14.158000000000005,28.894666666666673,2.546666666666667,68.60866666666666,23.646,11.064,17.14466666666667,5.311999999999999,2013.0,4836.28,2720.14,805.23,2329.54,420.44,1591.95,0.0
11,289.0,16.56,30.42,11.7,88.16,24.47,11.68,16.87,8.52,2013.0,289.0,3.89,22.39,0.0,50.91,5.54,-2.88,1.51,3.34,2013.0,289.0,10.003333333333332,26.10666666666667,1.844,67.06933333333333,15.633333333333333,3.882666666666666,9.238666666666665,5.070666666666666,2013.0,4150.65,2471.15,1028.69,2475.33,522.68,1804.24,0.07
12,305.0,13.43,30.02,30.96,97.48,18.95,7.15,12.58,8.41,2013.0,305.0,1.4,18.97,0.0,56.3,7.46,-2.91,1.28,3.87,2013.0,305.0,8.940714285714286,24.506000000000007,3.158,73.48,12.864,1.1759999999999997,6.376,5.293999999999999,2013.0,3681.72,2059.25,1015.06,2197.41,526.74,1827.07,0.0
