,DOY,INSgdmax,RADmax,RAINmax,RHmax,TMAXmax,TMINmax,Tmax,WINDmax,YEAR,DOY,INSgdmin,RADmin,RAINmin,RHmin,TMAXmin,TMINmin,Tmin,WINDmin,YEAR,DOY,INSgdmean,RADmean,RAINmean,RHmean,TMAXmean,TMINmean,Tmean,WINDmean,YEAR,NDVI,EVI,RED,NIR,BLUE,MIR,pixrel
0,113.0,27.0658,30.309399999999997,55.6348,97.65539999999999,27.091,16.3934,21.2184,9.4952,2013.0,113.0,2.9616,20.1036,0.0,65.61859999999999,5.631,-4.714,2.0126,2.6632000000000002,2013.0,113.0,17.962119999999995,26.333973333333336,6.6248000000000005,79.64849333333333,15.544706666666666,3.3601333333333336,9.475653333333332,5.659746666666667,2013.0,3212.1,1596.14,1983.92,2819.0,1738.93,787.11,1.08
1,129.0,29.017,31.499200000000002,42.4226,94.3546,30.2146,14.834799999999998,21.067999999999998,9.2226,2013.0,129.0,3.6803999999999997,20.5584,0.0,63.3172,7.702799999999999,0.06659999999999999,2.7492,1.9074,2013.0,129.0,18.453239999999997,28.01012,5.833333333333335,77.19023999999997,19.20024,7.874813333333333,13.73586666666667,4.5303466666666665,2013.0,4758.6,2075.8,521.09,1592.82,280.15,972.1,0.17
2,145.0,29.656399999999998,35.567,60.2594,94.1818,27.3394,20.021600000000003,22.9998,8.2482,2013.0,145.0,6.648,24.7756,0.0,67.874,16.1208,6.3294,12.659799999999999,3.0028,2013.0,145.0,17.59472,31.88532,16.300133333333335,84.51576,23.071813333333335,14.828600000000003,18.962826666666665,5.522573333333334,2013.0,6370.77,3244.2,410.33,2106.39,246.74,705.98,0.22
3,161.0,29.615599999999997,35.5278,19.352,90.5852,30.398999999999997,20.073,25.6212,6.0,2013.0,161.0,5.8632,25.7052,0.0,67.1088,20.5634,9.292399999999999,15.007,2.1408,2013.0,161.0,18.683026666666667,31.694626666666657,3.677413333333334,79.76716,24.90721333333333,14.576600000000003,20.026106666666664,3.4880666666666675,2013.0,7012.43,3956.48,349.19,2452.96,220.73,627.31,0.01
4,177.0,29.475,36.1786,22.059600000000003,92.02260000000001,30.422800000000002,22.574599999999997,25.804999999999996,6.714799999999999,2013.0,177.0,9.3166,27.362799999999996,0.0,71.6604,22.898200000000003,12.6202,19.016000000000002,2.028,2013.0,177.0,21.474226666666667,32.54888,4.363013333333333,81.49738666666666,27.142573333333335,18.203946666666663,22.74338666666667,4.491853333333334,2013.0,7701.62,4609.13,277.1,2740.91,188.32,494.9,0.03
5,193.0,29.627799999999997,36.724399999999996,10.1038,87.0754,32.3114,22.840599999999995,27.6686,5.252199999999999,2013.0,193.0,10.4262,27.678,0.0,72.05720000000001,26.489,13.9936,20.6434,1.9105999999999996,2013.0,193.0,24.758,33.05490666666667,1.6653999999999998,79.40429333333333,29.432306666666673,19.012960000000003,24.553080000000005,3.7080800000000003,2013.0,8212.92,4516.7,215.99,2581.27,142.37,401.44,0.81
6,209.0,26.782999999999998,35.1658,15.2752,88.2092,29.180400000000006,19.7016,24.7268,5.1314,2013.0,209.0,7.2992,27.799400000000002,0.0,69.47279999999999,19.2726,10.380600000000001,15.3838,1.5208,2013.0,209.0,20.700106666666663,31.372253333333333,2.3110266666666672,76.91493333333334,25.47953333333334,15.576200000000002,20.783826666666663,3.2606,2013.0,7764.14,4485.08,279.15,2630.84,211.2,478.77,0.59
7,225.0,25.629999999999995,34.8786,10.5654,84.05700000000002,30.943,19.709,24.6922,4.2554,2013.0,225.0,18.019000000000002,28.4548,0.0,62.967400000000005,22.478399999999997,11.938999999999998,18.0626,1.6016000000000001,2013.0,225.0,21.486653333333333,30.85838666666667,1.0185066666666667,71.13773333333333,26.883919999999996,15.450133333333332,21.413439999999998,2.9474933333333335,2013.0,7887.4,4231.15,220.3,2426.83,140.64,420.55,0.01
8,241.0,23.447200000000002,36.1014,4.4466,82.3514,39.0994,23.613,30.969,5.587,2013.0,241.0,7.398999999999999,26.784399999999998,0.0,51.36120000000001,26.8102,10.8868,19.0738,1.6372,2013.0,241.0,21.036826666666663,32.99141333333334,0.50584,64.99383999999999,32.95386666666666,19.56956,25.97881333333333,3.486213333333333,2013.0,7631.51,4109.96,257.82,2422.71,159.63,438.69,0.05
9,257.0,21.7792,35.9528,11.311600000000002,73.06480000000002,39.21659999999999,22.897799999999997,29.8432,6.179,2013.0,257.0,4.8536,24.406999999999996,0.0,41.6346,21.994799999999998,8.242600000000001,14.839799999999999,3.5928,2013.0,257.0,16.0186,31.261213333333327,2.7874933333333334,59.16089333333333,29.608453333333333,15.947146666666667,22.25114666666666,4.744973333333333,2013.0,7075.43,3265.25,281.87,1930.1,174.98,436.12,0.0
10,273.0,19.3014,33.977999999999994,11.525599999999999,79.9022,30.595799999999997,19.3898,23.408399999999997,6.541399999999999,2013.0,273.0,3.6166,24.881399999999996,0.0,52.393,11.717799999999999,5.0644,8.393600000000001,2.3179999999999996,2013.0,273.0,13.848,28.818759999999997,1.1851200000000002,64.77088,25.96728,11.66088,18.43496,4.497293333333333,2013.0,6228.47,2599.87,339.13,1659.0,175.5,519.34,0.06
11,289.0,16.1636,29.872,6.8396,86.498,26.2896,13.4796,19.4912,7.1324,2013.0,289.0,3.3722000000000003,21.7142,0.0,53.0752,4.138800000000001,-2.7632,1.9506,3.0602,2013.0,289.0,11.594013333333335,25.77956,1.1096133333333333,65.38215999999998,16.69236,4.880680000000002,10.491826666666668,4.770266666666667,2013.0,5752.68,2204.23,373.17,1463.82,215.27,624.46,0.32
12,305.0,13.1472,31.5686,20.8668,97.93500000000002,17.2324,9.6384,13.259,6.394599999999999,2013.0,305.0,0.8371999999999999,19.636599999999998,0.0,51.2536,9.383,-3.8912000000000004,1.7034,3.8392,2013.0,305.0,7.700928571428571,25.149933333333337,4.698146666666666,72.74832,13.719719999999997,1.4895333333333334,7.185639999999999,5.122866666666666,2013.0,3145.82,1883.98,1255.46,2287.83,1170.5,529.34,5.04
