,DOY,INSgdmax,RADmax,RAINmax,RHmax,TMAXmax,TMINmax,Tmax,WINDmax,YEAR,DOY,INSgdmin,RADmin,RAINmin,RHmin,TMAXmin,TMINmin,Tmin,WINDmin,YEAR,DOY,INSgdmean,RADmean,RAINmean,RHmean,TMAXmean,TMINmean,Tmean,WINDmean,YEAR,NDVI,EVI,RED,NIR,BLUE,MIR,pixrel
0,113.0,26.774,30.284,20.523999999999997,92.092,24.276,7.7219999999999995,15.81,10.66,2013.0,113.0,2.048,19.22,0.0,61.324,1.708,-8.370000000000001,-2.7319999999999998,3.0919999999999996,2013.0,113.0,17.051199999999998,24.213599999999996,3.6530666666666667,72.93600000000002,11.748933333333333,-0.942533333333334,5.5656,6.035866666666667,2013.0,2534.6,1236.3,1031.35,1726.38,548.87,1894.01,0.5
1,129.0,29.240000000000002,31.074,9.786,89.77199999999999,32.07000000000001,12.956,21.400000000000002,7.878,2013.0,129.0,4.316,20.728,0.0,47.099999999999994,7.528,-3.6159999999999997,2.588,2.108,2013.0,129.0,18.819733333333335,27.181200000000008,1.3678666666666666,70.58013333333334,17.793066666666668,4.757866666666667,11.405866666666666,4.802533333333335,2013.0,3280.85,1557.14,838.65,1685.22,437.25,1583.02,0.11
2,145.0,30.258000000000003,33.812000000000005,27.044,93.028,27.866,17.492,21.732000000000003,8.358,2013.0,145.0,3.6180000000000003,23.058,0.0,61.95400000000001,12.456,5.016,10.714,2.144,2013.0,145.0,14.465333333333332,30.948533333333337,7.116133333333334,80.15306666666667,20.98186666666667,11.501200000000003,16.276266666666665,5.856533333333333,2013.0,4335.03,2241.13,758.16,1986.71,397.61,1354.2,0.21
3,161.0,30.17,34.366,16.387999999999998,90.972,27.716,17.286,21.618,7.012,2013.0,161.0,4.4159999999999995,28.328,0.0,64.604,16.186,7.106,13.91,1.928,2013.0,161.0,17.442533333333333,31.12493333333333,5.071066666666667,78.44239999999999,23.0564,12.286399999999999,17.825733333333336,4.278533333333334,2013.0,5547.06,3355.91,698.43,2613.94,364.54,1406.19,0.07
4,177.0,28.998,36.519999999999996,12.597999999999999,92.28,28.922,22.003999999999998,24.954,7.443999999999999,2013.0,177.0,9.817999999999998,26.78,0.0,64.58,22.872,12.5,18.248,2.134,2013.0,177.0,24.022266666666667,32.04546666666666,3.456,76.65346666666666,26.58786666666667,17.625466666666668,22.292666666666662,4.616666666666667,2013.0,7296.52,4927.19,525.66,3409.58,267.71,1006.27,0.24
5,193.0,29.686,35.694,7.938000000000001,81.75199999999998,30.822,21.56,26.293999999999997,7.388000000000001,2013.0,193.0,18.32,28.067999999999998,0.0,67.22999999999999,25.376,15.468,20.879999999999995,2.408,2013.0,193.0,26.598933333333335,32.913066666666666,1.5116000000000003,75.48493333333333,28.690133333333332,18.73653333333333,23.857333333333337,4.6626666666666665,2013.0,7672.14,5409.67,475.18,3670.93,242.91,866.7,0.02
6,209.0,28.234,33.328,15.606,86.396,28.810000000000002,18.704,23.240000000000002,5.933999999999999,2013.0,209.0,5.784,25.1,0.0,66.608,19.293999999999997,7.842,14.376000000000001,1.9360000000000002,2013.0,209.0,20.1632,30.30520000000001,1.9554666666666667,76.21839999999999,23.7764,13.4684,18.972266666666666,3.3364000000000003,2013.0,7755.88,5407.86,443.81,3602.44,228.6,734.04,0.45
7,225.0,25.476000000000003,33.30799999999999,19.008,89.324,29.606,18.256,24.031999999999996,5.658,2013.0,225.0,11.636000000000001,26.692,0.0,68.026,19.134,9.778,16.806,2.182,2013.0,225.0,20.761066666666668,30.090266666666665,1.8103999999999996,77.7004,24.20066666666667,14.000666666666664,19.279066666666665,3.436933333333334,2013.0,6965.3,4700.42,585.5,3326.3,299.82,923.79,0.05
8,241.0,23.34,35.508,10.812,83.536,32.71,22.668000000000003,27.510000000000005,7.618,2013.0,241.0,16.606,25.324,0.0,63.61599999999999,23.1,10.316,16.786,1.77,2013.0,241.0,21.20853333333333,32.644533333333335,1.7661333333333333,73.2108,29.241866666666667,18.3368,23.820666666666668,4.1448,2013.0,5823.01,3407.12,686.85,2618.86,329.21,1229.38,0.0
9,257.0,20.894,36.136,7.724,82.182,33.648,20.712,26.165999999999997,6.452,2013.0,257.0,4.702,23.764,0.0,48.849999999999994,19.012,6.529999999999999,13.591999999999999,2.04,2013.0,257.0,13.637333333333332,30.580800000000004,2.0370666666666666,65.72066666666667,25.142666666666667,13.746533333333335,19.324666666666666,4.5225333333333335,2013.0,5089.12,2988.66,804.3,2503.7,409.99,1244.22,0.06
10,273.0,18.026000000000003,33.221999999999994,24.619999999999997,94.866,29.534,17.944,23.194,8.896,2013.0,273.0,3.548,25.052,0.0,48.588,11.03,3.944,6.682,2.8980000000000006,2013.0,273.0,13.054399999999998,28.648666666666664,3.5473333333333334,67.23773333333334,22.514933333333335,10.362933333333334,16.0524,5.762666666666666,2013.0,4396.71,2319.42,766.3,2044.29,401.8,1253.76,0.04
11,289.0,15.491999999999999,29.697999999999997,27.099999999999998,88.63000000000001,24.44,11.106,16.982000000000003,8.714,2013.0,289.0,1.752,21.864,0.0,51.412000000000006,4.13,-3.896,0.7520000000000001,2.936,2013.0,289.0,9.798,25.236933333333333,2.4352,67.602,14.036666666666667,3.0690666666666657,7.774666666666666,5.503066666666666,2013.0,3837.77,1889.21,775.73,1809.05,395.81,1407.73,0.69
12,305.0,12.443999999999999,28.15,7.178000000000001,95.196,15.074,2.6999999999999997,7.670000000000001,9.122,2013.0,305.0,1.56,19.199999999999996,0.0,59.465999999999994,3.134,-7.124,-2.244,3.058,2013.0,305.0,7.728285714285715,23.571466666666666,1.5201333333333333,76.05973333333333,9.814400000000003,-1.1804000000000001,3.728933333333334,5.408533333333333,2013.0,3578.74,1815.78,870.32,1883.9,443.95,1400.69,0.18
