,DOY,INSgdmax,RADmax,RAINmax,RHmax,TMAXmax,TMINmax,Tmax,WINDmax,YEAR,DOY,INSgdmin,RADmin,RAINmin,RHmin,TMAXmin,TMINmin,Tmin,WINDmin,YEAR,DOY,INSgdmean,RADmean,RAINmean,RHmean,TMAXmean,TMINmean,Tmean,WINDmean,YEAR,NDVI,EVI,RED,NIR,BLUE,MIR,pixrel
0,113.0,26.9375,29.522499999999997,16.4425,92.925,25.7275,9.645,16.6825,10.785,2013.0,113.0,2.27,18.915,0.0,59.2425,1.76,-7.165,-2.4850000000000003,3.2550000000000003,2013.0,113.0,18.737166666666667,24.323666666666668,2.8165,71.50733333333334,13.375000000000002,0.08783333333333322,6.7555000000000005,5.9510000000000005,2013.0,2947.95,1614.22,1104.1,2047.31,553.78,2190.14,0.3
1,129.0,29.04,31.4975,10.8425,87.8575,32.7875,14.379999999999999,22.825,7.285,2013.0,129.0,5.592500000000001,21.340000000000003,0.0,49.96499999999999,7.17,-3.7275,3.555,1.8575,2013.0,129.0,19.232999999999997,27.286833333333334,1.7225000000000001,70.18950000000001,18.658499999999997,5.667833333333333,12.229,4.743333333333332,2013.0,3550.27,2189.96,1185.34,2522.27,599.1,2442.89,0.9
2,145.0,29.9975,34.337500000000006,33.0075,90.87249999999999,27.45,18.57,21.755000000000003,7.967499999999999,2013.0,145.0,4.705,24.815,0.0,61.9075,13.9375,7.1325,11.625,2.4425000000000003,2013.0,145.0,16.59616666666667,31.401500000000002,6.9405,79.61583333333334,21.814666666666668,13.015499999999996,17.40666666666667,6.112,2013.0,4226.58,2383.64,893.45,2241.82,463.71,1661.45,0.06
3,161.0,29.5675,34.6925,14.9275,86.96,29.9525,18.814999999999998,23.305,7.0975,2013.0,161.0,3.4975,28.105,0.0,65.08250000000001,19.927500000000002,8.024999999999999,15.2625,2.255,2013.0,161.0,18.198166666666665,31.331166666666668,5.005333333333334,76.70166666666665,24.634999999999998,13.0075,18.968,4.5055,2013.0,5180.13,3666.97,1067.07,3352.06,553.17,2263.87,0.99
4,177.0,29.845000000000002,35.6775,22.67,89.62,29.955,22.7,26.025000000000002,7.445,2013.0,177.0,12.345,27.1725,0.0,61.9275,24.502499999999998,12.674999999999999,19.135,1.5124999999999997,2013.0,177.0,23.940833333333337,32.24366666666667,3.8164999999999996,73.44233333333332,27.4005,18.069499999999998,22.9405,4.719166666666666,2013.0,7216.11,5093.9,568.86,3557.09,308.63,1250.83,0.52
5,193.0,29.3325,36.485,9.790000000000001,79.6425,32.6625,22.085,27.3175,7.4375,2013.0,193.0,20.1925,29.9225,0.0,60.1325,27.509999999999998,16.8075,22.8475,2.475,2013.0,193.0,26.359666666666666,33.6115,1.9186666666666665,70.8395,30.209,19.30633333333333,24.85883333333333,4.786,2013.0,7806.85,5828.17,478.2,3958.73,260.25,999.71,0.17
6,209.0,28.287499999999998,34.505,10.330000000000002,82.86500000000001,32.015,18.8825,25.055,5.870000000000001,2013.0,209.0,6.15,25.594999999999995,0.0,52.5975,19.91,9.5975,16.6575,2.0275,2013.0,209.0,19.98766666666667,31.27616666666667,1.8713333333333328,68.48766666666666,26.407333333333334,15.085833333333332,20.878666666666668,3.435166666666667,2013.0,8200.35,6578.44,437.31,4482.02,247.07,832.69,0.98
7,225.0,25.8325,33.745000000000005,7.0,89.045,31.2425,19.259999999999998,25.347499999999997,5.75,2013.0,225.0,7.68,28.7825,0.0,58.1125,19.729999999999997,12.16,16.3675,2.6149999999999998,2013.0,225.0,19.559166666666666,31.512833333333333,1.232,73.44,26.10333333333333,15.668000000000003,20.887833333333333,3.7451666666666674,2013.0,8056.03,6143.71,415.4,4093.74,227.76,815.95,0.52
8,241.0,23.532500000000002,35.61,15.5275,78.08250000000001,36.265,23.0025,28.98,7.7250000000000005,2013.0,241.0,14.399999999999999,26.57,0.0,52.75999999999999,27.317500000000003,12.6375,19.635,1.385,2013.0,241.0,21.52833333333333,33.38816666666667,2.6989999999999994,61.58700000000002,32.163000000000004,19.761166666666668,25.717833333333328,4.296166666666666,2013.0,7685.21,5553.95,472.1,3724.2,262.3,877.91,0.0
9,257.0,21.229999999999997,34.85,7.4,85.315,37.9925,22.982499999999998,29.255000000000003,6.907499999999999,2013.0,257.0,5.6425,24.255000000000003,0.0,42.675,20.699999999999996,8.4125,14.67,2.475,2013.0,257.0,15.241833333333332,31.063833333333335,1.6371666666666669,59.37583333333333,27.31316666666667,15.154,21.119,4.603000000000001,2013.0,6049.83,3582.83,642.14,2687.18,311.58,1080.53,0.0
10,273.0,18.5825,34.525,33.495,90.155,31.049999999999997,19.877499999999998,24.39,9.379999999999999,2013.0,273.0,3.2575000000000003,24.865000000000002,0.0,46.11,11.165000000000001,4.4174999999999995,7.01,3.1325000000000003,2013.0,273.0,13.470500000000001,29.185666666666666,4.453999999999999,63.016666666666666,24.246999999999996,11.141166666666665,17.172166666666666,6.157333333333334,2013.0,4572.9,2629.25,912.61,2452.56,437.79,1522.28,0.01
11,289.0,16.12,29.675,41.6975,82.09750000000001,25.6725,11.645000000000001,18.0375,8.955,2013.0,289.0,1.9175,22.119999999999997,0.0,46.68,7.2175,-1.7175,2.6475,3.3400000000000003,2013.0,289.0,10.897999999999998,25.592666666666666,3.2366666666666672,64.30799999999999,15.629666666666669,3.8976666666666673,9.119666666666667,5.585000000000001,2013.0,3525.08,2086.94,1153.11,2397.67,584.91,1750.88,0.08
12,305.0,13.0225,28.97,5.1175,92.575,18.5225,3.4625,8.1775,9.41,2013.0,305.0,1.135,18.955,0.0,56.8425,2.775,-6.4175,-1.64,2.86,2013.0,305.0,8.646785714285716,23.601333333333333,1.3215,73.44116666666667,11.052333333333332,-0.06616666666666673,4.8465,5.3423333333333325,2013.0,3088.14,1699.37,1105.25,2093.0,562.89,1809.78,0.06
