,DOY,INSgdmax,RADmax,RAINmax,RHmax,TMAXmax,TMINmax,Tmax,WINDmax,YEAR,DOY,INSgdmin,RADmin,RAINmin,RHmin,TMAXmin,TMINmin,Tmin,WINDmin,YEAR,DOY,INSgdmean,RADmean,RAINmean,RHmean,TMAXmean,TMINmean,Tmean,WINDmean,YEAR,NDVI,EVI,RED,NIR,BLUE,MIR,pixrel
0,113.0,26.5808,29.834000000000003,21.8286,94.082,23.1666,11.366,17.288400000000003,8.9208,2013.0,113.0,2.9576000000000002,19.19,0.0,69.4286,1.4471999999999998,-10.570400000000001,-1.751,2.8848,2013.0,113.0,18.42829333333333,24.75026666666666,4.808533333333333,83.02834666666668,11.479,0.23703999999999975,6.043733333333333,5.602413333333331,2013.0,2896.13,1345.19,1939.98,2650.73,1635.26,875.83,1.33
1,129.0,29.217399999999998,30.645999999999997,30.221199999999996,97.7958,28.904799999999998,13.5094,20.1524,9.1302,2013.0,129.0,3.2282,19.924999999999997,0.0,60.257600000000004,0.2996,-2.4188000000000005,-0.5997999999999999,1.8206000000000002,2013.0,129.0,18.39109333333333,26.79613333333334,3.8509466666666667,77.35157333333333,16.104840000000003,5.006213333333332,10.907853333333334,4.64568,2013.0,4214.99,1896.1,644.69,1648.2,335.8,1238.57,0.01
2,145.0,30.17,33.4006,38.612,95.19,25.6752,18.1754,21.4512,8.6782,2013.0,145.0,2.8442,23.54,0.0,69.89180000000002,13.689000000000002,2.6884,10.616,2.8019999999999996,2013.0,145.0,15.45796,30.538759999999993,8.301866666666667,84.29816,20.597893333333328,11.323026666666665,16.205826666666663,5.73112,2013.0,5913.04,3756.01,716.81,2739.4,574.3,907.58,1.97
3,161.0,30.030800000000003,34.7216,29.1552,92.4362,29.3208,17.466199999999997,22.404,5.7905999999999995,2013.0,161.0,4.336,27.5818,0.0,66.5172,16.5676,7.045400000000001,13.6874,1.7692,2013.0,161.0,18.083809523809524,31.019919999999995,6.521626666666665,81.75137333333335,22.705640000000002,12.682906666666668,17.794093333333336,3.759706666666667,2013.0,7416.25,4387.36,346.24,2737.94,197.92,627.71,0.0
4,177.0,29.408199999999997,36.2326,26.8322,94.2492,28.452199999999998,21.7028,24.677599999999998,7.341000000000001,2013.0,177.0,6.812200000000001,27.8752,0.0,71.1558,21.7114,12.5188,17.191000000000003,1.9293999999999998,2013.0,177.0,21.921159999999993,32.29989333333333,4.647453333333334,81.92277333333332,25.742960000000004,17.239346666666666,21.665773333333334,4.51904,2013.0,8135.86,4846.68,252.52,2862.52,160.28,482.5,0.32
5,193.0,29.8776,35.2442,27.3092,87.76239999999999,31.1814,22.344,26.6928,6.247400000000001,2013.0,193.0,7.2194,27.8976,0.0,68.1752,22.6362,14.541,19.766399999999997,2.1006,2013.0,193.0,25.767386666666667,32.67405333333334,3.0296799999999995,79.40433333333334,28.244266666666665,18.596440000000005,23.608559999999997,4.225586666666667,2013.0,8067.93,4977.69,262.06,2956.64,172.4,517.11,0.18
6,209.0,25.662399999999998,33.264799999999994,12.344800000000001,89.90099999999998,28.955800000000004,18.3002,23.464,6.0182,2013.0,209.0,10.8014,26.64,0.0,71.9928,16.462600000000002,7.770199999999999,12.8056,1.6667999999999998,2013.0,209.0,18.540173333333332,30.36284,1.7239466666666667,80.20441333333332,23.110493333333334,13.113586666666667,18.610280000000003,3.40428,2013.0,8065.21,5027.03,267.23,3011.77,166.52,528.42,0.07
7,225.0,25.349,33.4706,3.4236000000000004,86.7488,28.124000000000002,18.1036,23.2794,5.5636,2013.0,225.0,10.7812,26.695,0.0,65.18360000000001,21.148,11.0966,16.705000000000002,1.4329999999999998,2013.0,225.0,21.49918666666667,29.775426666666668,0.32149333333333335,77.41566666666665,24.165573333333334,13.864546666666666,19.295679999999997,3.0250000000000004,2013.0,7756.12,4579.88,287.05,2752.45,174.53,529.98,0.03
8,241.0,22.822400000000002,35.0976,12.781200000000002,87.5942,30.9808,21.6504,26.2332,6.4332,2013.0,241.0,11.529199999999998,26.6,0.0,78.903,19.9742,9.4274,15.299,1.7324000000000002,2013.0,241.0,19.912760000000002,32.41245333333333,1.7911999999999997,84.26404,27.260986666666668,17.363,22.43294666666667,3.8865333333333334,2013.0,7913.5,4276.63,242.28,2487.69,143.18,452.19,0.07
9,257.0,21.0976,34.4542,7.6944,87.17819999999999,28.787200000000002,19.7394,23.9076,6.288400000000001,2013.0,257.0,5.364800000000001,23.3906,0.0,67.5692,17.382,6.3412,11.4118,2.3958,2013.0,257.0,14.706986666666669,29.990959999999994,1.0364133333333334,78.13126666666665,23.10425333333334,12.59225333333333,17.799039999999998,4.41952,2013.0,7119.57,3540.24,319.15,2166.51,179.36,531.55,2.56
10,273.0,18.608199999999997,33.155199999999994,18.532999999999998,96.7802,26.7026,15.4104,19.719600000000003,7.2448,2013.0,273.0,2.824,24.8358,0.0,61.953,11.260200000000001,2.036,7.1644,2.464,2013.0,273.0,13.16113333333333,27.935373333333338,2.9304533333333334,76.89246666666665,21.249893333333333,8.876933333333334,14.901133333333334,4.823906666666668,2013.0,6165.47,2847.24,405.97,1922.39,192.36,606.09,2.56
11,289.0,15.506799999999998,30.0718,14.9564,85.54279999999999,22.374,11.6262,17.0446,7.9632000000000005,2013.0,289.0,3.5544000000000002,21.257399999999997,0.0,63.3784,4.2452000000000005,-4.4064000000000005,-0.4306,2.5628,2013.0,289.0,9.638666666666666,25.151413333333323,1.6901066666666666,74.73098666666667,13.123853333333333,2.471826666666666,7.4467066666666675,4.951853333333334,2013.0,4786.44,2059.7,544.01,1604.0,295.18,907.18,0.27
12,305.0,12.193999999999999,29.353599999999997,15.059199999999999,99.29519999999998,14.945,5.3876,10.2964,7.6116,2013.0,305.0,1.3282000000000003,19.855,0.0,66.109,3.8787999999999996,-5.9046,-2.158,3.957,2013.0,305.0,7.707657142857144,23.790346666666665,3.158546666666667,81.82813333333334,9.525039999999999,-0.9657199999999999,3.8844933333333334,5.36188,2013.0,4953.45,1836.57,435.24,1343.69,248.95,732.02,0.34
