,DOY,INSgdmax,RADmax,RAINmax,RHmax,TMAXmax,TMINmax,Tmax,WINDmax,YEAR,DOY,INSgdmin,RADmin,RAINmin,RHmin,TMAXmin,TMINmin,Tmin,WINDmin,YEAR,DOY,INSgdmean,RADmean,RAINmean,RHmean,TMAXmean,TMINmean,Tmean,WINDmean,YEAR,NDVI,EVI,RED,NIR,BLUE,MIR,pixrel
0,113.0,26.96,29.74,21.01,91.62,24.97,10.26,16.78,9.84,2013.0,113.0,2.81,19.08,0.0,61.26,1.88,-7.09,-1.72,3.39,2013.0,113.0,18.982666666666667,24.67666666666667,3.448000000000001,73.41533333333335,13.590000000000002,0.30733333333333346,6.9700000000000015,5.845999999999999,2013.0,3283.51,1815.27,1068.51,2118.28,540.89,2102.47,0.1
1,129.0,29.34,31.28,13.28,91.42,31.97,12.76,22.03,7.24,2013.0,129.0,6.05,21.1,0.0,49.17,5.37,-3.9,2.01,1.76,2013.0,129.0,18.902,27.463333333333345,1.648,73.38799999999999,17.773999999999997,5.459333333333334,11.842,4.7073333333333345,2013.0,3977.08,2561.43,1190.82,2760.11,600.8,2616.47,0.5
2,145.0,30.02,34.42,29.82,90.61,27.84,18.84,21.68,7.99,2013.0,145.0,2.74,24.62,0.0,65.2,13.18,6.93,11.67,2.3,2013.0,145.0,16.142666666666667,31.316,8.71,80.73933333333335,21.714666666666666,12.939999999999998,17.332666666666668,5.983999999999998,2013.0,4687.6,3016.71,981.64,2753.22,497.89,2033.51,1.11
3,161.0,29.92,34.34,19.03,87.5,29.45,19.1,23.14,6.94,2013.0,161.0,3.31,27.76,0.0,64.79,19.53,7.74,14.94,2.33,2013.0,161.0,18.262666666666668,31.27066666666666,5.0633333333333335,78.00066666666667,24.422000000000004,13.081999999999999,18.908,4.394,2013.0,4690.4,3333.0,1210.86,3333.75,615.6,2693.29,0.95
4,177.0,29.95,35.46,14.12,91.24,29.16,22.61,25.56,7.28,2013.0,177.0,12.78,26.82,0.0,63.96,23.88,12.87,18.7,1.88,2013.0,177.0,23.411333333333335,32.17266666666667,3.034,75.48333333333333,27.053999999999995,17.964,22.726000000000003,4.720666666666667,2013.0,7225.06,5101.89,571.32,3578.4,303.03,1350.76,0.8
5,193.0,29.52,35.57,12.52,81.93,31.11,22.22,26.53,6.95,2013.0,193.0,23.11,29.3,0.0,68.15,26.55,16.89,22.33,2.04,2013.0,193.0,26.980666666666664,33.263999999999996,1.6806666666666665,74.224,29.366000000000003,19.163333333333338,24.391333333333343,4.568,2013.0,7739.65,6123.23,544.75,4319.58,292.75,1144.98,0.18
6,209.0,28.58,34.13,10.93,86.6,31.1,18.47,24.35,5.66,2013.0,209.0,5.58,25.16,0.0,60.39,19.37,8.81,15.84,2.08,2013.0,209.0,20.556666666666665,30.952666666666666,1.6713333333333333,73.97866666666667,25.339333333333332,14.663333333333334,20.22666666666667,3.382666666666666,2013.0,8346.42,6269.52,369.22,4091.02,199.02,772.21,0.91
7,225.0,25.99,33.34,4.45,87.08,30.08,19.29,24.68,5.72,2013.0,225.0,10.62,27.86,0.0,64.6,18.68,11.26,15.82,2.36,2013.0,225.0,20.604666666666667,30.897333333333332,1.098,75.926,25.343333333333327,15.024000000000001,20.23933333333333,3.638666666666667,2013.0,8227.88,6345.5,405.09,4235.3,215.36,864.98,0.99
8,241.0,23.51,35.1,21.79,82.59,34.6,22.92,27.99,7.14,2013.0,241.0,16.56,26.03,0.0,60.35,25.51,11.4,18.45,1.55,2013.0,241.0,21.451333333333327,32.91466666666667,2.988,68.528,30.74,19.084666666666667,24.74333333333333,4.076666666666666,2013.0,7638.7,5368.41,473.55,3603.08,252.48,904.76,0.01
9,257.0,21.2,34.85,6.74,84.58,36.86,21.94,28.07,7.2,2013.0,257.0,5.08,24.12,0.0,46.29,20.58,8.66,14.64,2.07,2013.0,257.0,15.133333333333336,31.029333333333334,1.586666666666667,61.40133333333334,26.736666666666665,14.826,20.677999999999997,4.524,2013.0,6261.67,3747.74,629.66,2781.13,298.17,1069.73,0.0
10,273.0,18.5,33.88,33.57,90.77,30.63,18.85,23.7,8.9,2013.0,273.0,3.31,24.73,0.0,50.04,10.88,4.14,6.77,3.29,2013.0,273.0,13.707999999999997,28.932666666666663,5.494,66.01066666666667,23.52,10.984666666666664,16.824666666666666,5.893333333333334,2013.0,4297.27,2398.92,908.96,2276.38,460.19,1656.56,0.0
11,289.0,16.09,30.02,39.08,84.85,24.75,10.94,17.13,8.88,2013.0,289.0,2.48,22.18,0.0,48.27,5.62,-2.34,1.89,3.4,2013.0,289.0,10.699999999999998,25.65066666666667,3.1526666666666667,65.38,15.414666666666667,3.794666666666666,8.850666666666665,5.424000000000001,2013.0,3614.81,2156.79,1165.48,2465.64,576.79,1916.23,0.06
12,305.0,13.0,29.27,6.46,94.99,17.93,2.93,8.56,9.14,2013.0,305.0,0.97,18.58,0.0,57.06,3.48,-6.8,-1.97,2.44,2013.0,305.0,8.881428571428572,23.741333333333333,1.72,74.82066666666667,10.971333333333332,-0.28466666666666673,4.752,5.351333333333333,2013.0,3224.42,1677.83,1006.86,1957.79,509.56,1775.02,0.0
