,DOY,INSgdmax,RADmax,RAINmax,RHmax,TMAXmax,TMINmax,Tmax,WINDmax,YEAR,DOY,INSgdmin,RADmin,RAINmin,RHmin,TMAXmin,TMINmin,Tmin,WINDmin,YEAR,DOY,INSgdmean,RADmean,RAINmean,RHmean,TMAXmean,TMINmean,Tmean,WINDmean,YEAR,NDVI,EVI,RED,NIR,BLUE,MIR,pixrel
0,113.0,26.9662,30.5864,29.284299999999998,91.65599999999999,25.6563,13.0795,19.137,9.0592,2013.0,113.0,4.027200000000001,19.855000000000004,0.0,64.1717,3.0987,-7.0493,0.264,2.865,2013.0,113.0,19.183673333333335,25.350806666666664,4.64922,77.31097333333332,13.858053333333334,1.4079999999999997,7.775653333333333,5.749766666666666,2013.0,4337.01,1885.51,661.73,1647.2,338.76,1258.16,0.18
1,129.0,29.334600000000002,31.3674,22.7873,95.75309999999999,30.942500000000003,13.0555,21.3453,8.8873,2013.0,129.0,3.3266999999999998,20.649299999999997,0.0,55.1396,1.8763999999999998,-1.4542000000000002,0.6748000000000001,1.7774,2013.0,129.0,18.99236,27.453579999999995,4.177720000000001,76.54902666666665,17.577453333333334,6.233860000000002,12.180506666666666,4.829506666666666,2013.0,4729.61,2099.93,620.43,1719.01,319.62,1196.36,0.15
2,145.0,29.5601,34.3312,50.9268,92.68039999999999,27.0781,18.9028,22.103099999999998,8.2086,2013.0,145.0,7.1762,25.358900000000002,0.0,69.7165,15.9658,5.416600000000001,12.6914,2.7281000000000004,2013.0,145.0,17.531706666666665,31.15148,12.11776,82.9762,22.284213333333337,13.291920000000001,17.852600000000002,5.65088,2013.0,6258.11,3262.69,505.41,2238.9,274.83,914.07,0.03
3,161.0,30.0297,35.2342,17.283499999999997,90.1542,30.075699999999998,18.7137,23.8192,6.3171,2013.0,161.0,6.8063,26.71,0.0,66.9401,19.7258,7.5295,14.711300000000001,2.1409000000000002,2013.0,161.0,19.587713333333333,31.29906666666667,4.20546,79.75589333333333,24.370573333333333,13.489646666666669,19.164586666666665,4.044193333333333,2013.0,7332.35,4473.55,439.82,2895.41,249.12,866.44,0.0
4,177.0,28.7318,35.7912,17.0804,92.4088,30.305200000000003,22.480400000000003,25.5597,7.174100000000001,2013.0,177.0,7.378299999999999,27.9146,0.0,68.2447,23.0942,12.891,18.2454,2.2556000000000003,2013.0,177.0,22.250386666666667,32.31049333333333,3.147733333333333,79.65295333333333,26.956353333333333,17.869866666666667,22.531013333333334,4.619386666666667,2013.0,8095.7,5050.31,319.93,3081.29,186.66,672.39,0.18
5,193.0,29.576999999999998,35.984500000000004,15.208499999999999,85.143,31.803299999999997,22.327399999999997,26.775100000000002,5.8117,2013.0,193.0,10.256200000000002,28.9527,0.0,70.22840000000001,24.1526,14.982400000000002,20.3793,2.17,2013.0,193.0,25.813246666666664,33.07265333333333,2.1382466666666664,78.61872000000001,28.906706666666665,18.831613333333333,24.096006666666668,4.225066666666667,2013.0,8174.73,5230.0,317.55,3214.08,185.61,659.94,0.05
6,209.0,27.808300000000003,34.197199999999995,7.3313999999999995,90.31620000000001,29.909,19.0437,24.6009,5.452400000000001,2013.0,209.0,8.0121,25.8651,0.0,69.1401,18.9077,9.012599999999999,14.9712,1.8801,2013.0,209.0,20.82168,30.934953333333333,1.02618,78.30145333333334,24.97484,14.826573333333334,20.166966666666667,3.270106666666667,2013.0,8110.24,5063.89,318.2,3097.16,189.44,597.85,0.57
7,225.0,25.5005,33.6144,8.7757,83.7033,29.1999,19.797,24.286399999999997,5.5589,2013.0,225.0,15.709900000000001,27.938499999999998,0.0,66.9657,20.6633,11.615100000000002,16.5141,1.848,2013.0,225.0,22.107813333333333,30.49963333333333,0.8590266666666666,75.76873333333333,25.43441333333333,14.894039999999999,20.330953333333333,3.102133333333333,2013.0,7745.96,4436.86,346.99,2713.09,198.23,655.99,0.03
8,241.0,23.415100000000002,35.0535,23.0646,85.33500000000001,34.0803,22.310000000000002,27.7511,5.8668,2013.0,241.0,10.5339,26.272799999999997,0.0,64.8189,24.0841,10.7566,18.0767,1.5970999999999997,2013.0,241.0,21.026613333333337,32.66285333333333,2.548846666666667,74.24834666666666,30.063666666666663,18.918826666666668,24.386173333333332,3.614666666666667,2013.0,7528.9,3888.01,333.63,2359.4,182.28,619.83,0.0
9,257.0,21.4724,35.3834,12.6754,81.1968,34.9572,21.0811,27.082900000000002,6.893400000000001,2013.0,257.0,4.0904,23.9779,0.0,50.7174,20.9803,6.939400000000001,14.165300000000002,2.2704999999999997,2013.0,257.0,15.147959999999998,30.99708666666666,2.55814,65.01156666666668,26.784193333333334,14.808320000000002,20.55704,4.5429466666666665,2013.0,7255.74,3959.56,396.32,2498.13,217.39,687.63,0.0
10,273.0,19.1843,33.8718,30.9934,90.5948,29.9891,17.715,22.967100000000002,7.4084,2013.0,273.0,3.6452,24.8311,0.0,53.4606,10.1179,3.8922,7.2874,2.9115,2013.0,273.0,13.79282,28.732813333333333,3.3345466666666668,69.04414,23.462553333333332,10.774633333333334,16.906053333333332,5.1089,2013.0,5236.98,2412.73,585.75,1854.48,301.12,758.44,0.05
11,289.0,16.2072,30.0794,7.6881,83.7967,24.4813,11.6978,17.177,8.1129,2013.0,289.0,3.9309999999999996,21.7202,0.0,52.466899999999995,5.3939,-3.4391,1.1737,2.894,2013.0,289.0,10.143533333333332,25.71176666666667,1.4938333333333333,67.88183333333333,15.188693333333333,3.587506666666666,8.914473333333333,5.044953333333334,2013.0,4638.36,2195.37,695.69,1868.6,365.39,1119.06,0.53
12,305.0,12.8872,29.6742,20.4693,98.05950000000001,18.0943,7.209300000000001,12.370999999999999,7.8934999999999995,2013.0,305.0,1.6669,19.3523,0.0,57.703,7.3033,-3.8238000000000003,0.37550000000000006,3.7866,2013.0,305.0,8.723978571428571,24.248780000000004,2.9315266666666666,74.97350666666668,11.935926666666667,0.6324200000000001,5.753473333333333,5.31826,2013.0,4534.34,2160.33,746.54,1879.11,434.35,932.85,1.53
