,DOY,INSgdmax,RADmax,RAINmax,RHmax,TMAXmax,TMINmax,Tmax,WINDmax,YEAR,DOY,INSgdmin,RADmin,RAINmin,RHmin,TMAXmin,TMINmin,Tmin,WINDmin,YEAR,DOY,INSgdmean,RADmean,RAINmean,RHmean,TMAXmean,TMINmean,Tmean,WINDmean,YEAR,NDVI,EVI,RED,NIR,BLUE,MIR,pixrel
0,113.0,27.07,30.31,55.3,97.63,27.09,16.42,21.23,9.49,2013.0,113.0,2.95,20.09,0.0,65.63,5.63,-4.72,2.01,2.66,2013.0,113.0,17.966666666666665,26.336000000000002,6.605333333333333,79.64599999999999,15.544666666666666,3.3606666666666674,9.472666666666667,5.656000000000001,2013.0,1146.47,569.03,3182.81,3480.53,2992.67,399.26,6.91
1,129.0,29.02,31.5,42.67,94.3,30.22,14.83,21.08,9.26,2013.0,129.0,3.71,20.56,0.0,63.35,7.64,0.06,2.69,1.92,2013.0,129.0,18.430666666666664,28.01066666666667,5.872000000000001,77.19933333333331,19.183333333333334,7.8693333333333335,13.725333333333335,4.534,2013.0,4311.17,1755.76,424.65,1338.85,244.01,755.75,2.57
2,145.0,29.66,35.57,60.42,94.21,27.34,20.02,23.0,8.25,2013.0,145.0,6.7,24.8,0.0,67.92,16.16,6.37,12.69,3.0,2013.0,145.0,17.61333333333333,31.883333333333336,16.369333333333334,84.51866666666666,23.07066666666667,14.832666666666672,18.962666666666667,5.522000000000002,2013.0,5458.69,2499.49,365.92,1640.79,251.34,535.0,0.2
3,161.0,29.63,35.53,19.42,90.54,30.4,20.08,25.62,6.01,2013.0,161.0,5.83,25.7,0.0,67.1,20.57,9.29,15.01,2.14,2013.0,161.0,18.662,31.69599999999999,3.6860000000000004,79.766,24.910666666666668,14.578000000000001,20.02933333333333,3.4886666666666675,2013.0,6169.91,3070.04,275.86,1879.4,183.34,447.46,0.02
4,177.0,29.48,36.18,22.07,92.03,30.42,22.56,25.81,6.72,2013.0,177.0,9.29,27.36,0.0,71.73,22.92,12.63,19.02,2.04,2013.0,177.0,21.463333333333335,32.55533333333333,4.355333333333333,81.49333333333333,27.15,18.20733333333333,22.75,4.4926666666666675,2013.0,6791.77,3559.02,274.27,2126.62,215.06,381.09,0.06
5,193.0,29.63,36.72,10.1,87.08,32.32,22.83,27.67,5.25,2013.0,193.0,10.37,27.68,0.0,72.08,26.49,14.0,20.64,1.91,2013.0,193.0,24.744666666666664,33.054,1.665333333333333,79.39866666666667,29.43333333333334,19.01066666666667,24.552000000000003,3.710666666666667,2013.0,7079.75,3679.7,213.56,2161.93,155.24,338.53,0.48
6,209.0,26.78,35.17,15.36,88.27,29.19,19.72,24.74,5.13,2013.0,209.0,7.31,27.79,0.0,69.47,19.28,10.38,15.38,1.52,2013.0,209.0,20.70133333333333,31.374000000000002,2.3286666666666673,76.9,25.488666666666674,15.584666666666667,20.790666666666663,3.259333333333333,2013.0,6856.99,3443.13,303.97,2055.66,266.08,370.32,1.23
7,225.0,25.63,34.88,10.57,84.01,30.97,19.72,24.7,4.26,2013.0,225.0,18.07,28.48,0.0,62.93,22.47,11.93,18.06,1.6,2013.0,225.0,21.491999999999997,30.86200000000001,1.018,71.09599999999999,26.894666666666662,15.449333333333334,21.418666666666663,2.9493333333333336,2013.0,6994.44,3347.25,198.46,1930.47,131.45,316.2,0.05
8,241.0,23.44,36.11,4.38,82.31,39.13,23.61,30.99,5.59,2013.0,241.0,7.42,26.78,0.0,51.34,26.81,10.88,19.08,1.64,2013.0,241.0,21.04733333333333,32.99333333333334,0.5,64.91799999999999,32.97666666666667,19.578666666666667,25.994666666666664,3.4886666666666666,2013.0,6793.92,2886.72,155.69,1654.42,90.58,257.8,7.98
9,257.0,21.78,35.96,11.31,73.04,39.23,22.9,29.85,6.18,2013.0,257.0,4.86,24.41,0.0,41.6,22.0,8.25,14.84,3.6,2013.0,257.0,16.011333333333333,31.264666666666663,2.7873333333333337,59.115333333333325,29.622666666666664,15.954666666666666,22.259999999999994,4.746,2013.0,6306.57,2627.29,149.18,1546.53,77.65,257.96,12.76
10,273.0,19.3,33.98,11.51,79.87,30.61,19.39,23.41,6.54,2013.0,273.0,3.6,24.88,0.0,52.42,11.7,5.05,8.38,2.31,2013.0,273.0,13.839333333333334,28.824,1.1773333333333333,64.75466666666668,25.967333333333332,11.66,18.436,4.498666666666667,2013.0,5525.09,2093.18,319.92,1372.48,193.39,387.47,0.18
11,289.0,16.16,29.88,6.75,86.45,26.3,13.48,19.5,7.14,2013.0,289.0,3.38,21.71,0.0,53.02,4.16,-2.77,1.96,3.06,2013.0,289.0,11.603333333333332,25.776666666666664,1.1033333333333333,65.35133333333333,16.692,4.876666666666669,10.490666666666668,4.772666666666667,2013.0,5538.61,2057.02,339.62,1359.02,227.5,470.33,1.16
12,305.0,13.14,31.57,20.8,97.93,17.24,9.64,13.27,6.39,2013.0,305.0,0.83,19.62,0.0,51.21,9.39,-3.89,1.7,3.84,2013.0,305.0,7.711428571428573,25.144666666666673,4.692666666666667,72.72466666666668,13.72733333333333,1.492,7.187333333333333,5.122666666666666,2013.0,4140.18,1662.17,736.52,1565.6,689.22,492.73,1.84
