,DOY,INSgdmax,RADmax,RAINmax,RHmax,TMAXmax,TMINmax,Tmax,WINDmax,YEAR,DOY,INSgdmin,RADmin,RAINmin,RHmin,TMAXmin,TMINmin,Tmin,WINDmin,YEAR,DOY,INSgdmean,RADmean,RAINmean,RHmean,TMAXmean,TMINmean,Tmean,WINDmean,YEAR,NDVI,EVI,RED,NIR,BLUE,MIR,pixrel
0,113.0,27.4394,30.9051,46.099,90.57460000000002,27.461,15.106200000000001,20.617,9.845500000000001,2013.0,113.0,4.2355,19.6843,0.0,60.2481,3.9178,-6.196000000000001,0.8815,1.7617,2013.0,113.0,18.24421333333333,26.170446666666667,5.819653333333332,73.87880666666666,15.477846666666668,2.4432066666666667,9.027086666666666,5.587800000000001,2013.0,2627.35,1472.84,1267.7,2168.18,594.27,2392.82,0.8
1,129.0,29.0174,32.5837,17.384600000000002,90.1368,31.6951,16.2706,22.1142,8.6417,2013.0,129.0,7.9185,22.1763,0.0,54.9439,5.018300000000001,-1.2656999999999998,2.4766000000000004,1.9552999999999998,2013.0,129.0,19.371893333333333,28.262320000000003,2.33088,74.42608666666668,19.032273333333336,7.641113333333333,13.421746666666667,4.7270199999999996,2013.0,3338.8,2115.02,1337.12,2686.59,629.84,2846.5,0.55
2,145.0,28.796300000000002,34.7494,49.512100000000004,88.5604,28.739800000000002,20.316000000000003,23.5788,8.148700000000002,2013.0,145.0,5.0259,27.9701,0.0,67.0361,17.590700000000002,8.5302,13.504299999999999,4.1518999999999995,2013.0,145.0,18.6225,31.81632666666666,10.879133333333332,78.89205333333332,24.456893333333333,14.691880000000001,19.563233333333333,5.6961200000000005,2013.0,3697.36,2246.53,1181.54,2556.4,565.75,2455.94,0.02
3,161.0,29.7876,34.822500000000005,14.5012,86.9357,31.794799999999995,20.9482,25.0687,7.0036000000000005,2013.0,161.0,3.8007,27.5032,0.0,66.7539,21.9791,7.9822,16.2759,2.3920000000000003,2013.0,161.0,18.096277142857147,31.915546666666668,3.4472066666666663,76.78164666666667,26.107086666666667,14.738633333333333,20.710413333333335,4.543433333333334,2013.0,3793.65,2559.89,1372.85,3034.84,657.14,2917.17,0.68
4,177.0,29.631999999999998,35.8957,19.758,86.2927,31.9449,22.6481,26.683799999999998,7.0131,2013.0,177.0,2.3286,28.2257,0.0,62.1764,25.1932,12.5881,19.789,1.7959,2013.0,177.0,22.706913333333333,32.37809333333333,4.06678,73.88616666666665,28.46928,18.658986666666667,23.636866666666666,4.848566666666668,2013.0,6227.0,4447.11,815.81,3534.27,418.68,1795.54,1.0
5,193.0,29.119999999999997,36.7682,8.1389,73.867,34.4047,23.9808,28.553,6.027099999999999,2013.0,193.0,14.2743,30.7727,0.0,62.954899999999995,29.5026,17.590000000000003,23.537,1.8668,2013.0,193.0,24.968565714285724,34.05643333333334,1.4728533333333336,67.84194666666667,31.892746666666675,20.19642,25.86741333333334,4.405353333333333,2013.0,8104.54,6635.38,474.68,4595.26,260.09,1004.85,0.23
6,209.0,27.951900000000002,35.7401,16.1492,89.5426,35.1907,20.535,28.3145,4.7577,2013.0,209.0,5.4872,26.583000000000002,0.0,56.314800000000005,22.568,12.417499999999999,18.3387,1.5041,2013.0,209.0,20.031886666666665,32.6615,2.2195533333333333,72.09790666666666,27.774146666666663,17.393073333333334,22.58488666666667,3.245693333333334,2013.0,8498.53,6529.07,337.44,4221.35,185.88,730.6,0.61
7,225.0,26.142000000000003,34.7638,9.887,84.154,31.750799999999998,20.6958,25.6746,5.6074,2013.0,225.0,8.5908,28.5412,0.0,64.60979999999999,22.324800000000003,13.5549,18.6331,1.636,2013.0,225.0,20.358933333333333,32.037659999999995,2.0432333333333337,72.53984000000001,27.460459999999998,16.902133333333335,22.184313333333336,3.1838000000000006,2013.0,8308.55,6765.66,416.9,4588.95,228.93,845.33,0.08
8,241.0,23.83,35.5456,14.9009,73.83299999999998,39.2038,23.1188,30.503299999999996,5.717099999999999,2013.0,241.0,11.8158,27.710700000000003,0.0,46.868700000000004,29.333599999999997,13.542900000000001,21.9531,1.8201,2013.0,241.0,20.884746666666665,33.363659999999996,1.8993933333333333,58.059166666666655,33.92183333333333,20.187186666666666,26.733660000000008,3.665506666666667,2013.0,7908.28,5743.34,435.67,3798.01,238.91,834.21,0.01
9,257.0,21.7732,36.4643,18.6524,86.311,39.402499999999996,23.7672,30.0559,7.7893,2013.0,257.0,5.0955,25.007000000000005,0.0,38.989599999999996,20.8444,8.8503,16.1712,2.2392,2013.0,257.0,16.238879999999998,32.34583333333334,4.043526666666667,57.988240000000005,30.12962666666667,16.948093333333336,23.137400000000007,4.675199999999999,2013.0,6410.38,4146.45,678.35,3132.28,319.86,1014.74,0.0
10,273.0,19.760600000000004,34.3613,16.8645,80.8132,30.608800000000002,18.4066,23.568099999999998,7.701899999999999,2013.0,273.0,3.7712,24.4681,0.0,45.2073,13.004299999999999,4.7549,8.904199999999998,2.6627,2013.0,273.0,15.365793333333333,29.17248666666667,2.1108,64.76039333333333,25.057073333333335,11.73366,18.150393333333334,5.427273333333333,2013.0,4694.01,2722.36,942.72,2586.23,410.26,1518.01,0.0
11,289.0,16.803800000000003,30.8712,4.652100000000001,75.8327,26.185100000000002,12.507900000000001,17.904300000000003,8.569099999999999,2013.0,289.0,3.3749,22.4461,0.0,44.4373,7.8799,-1.7593999999999999,4.204,2.8026,2013.0,289.0,11.456320000000002,25.871553333333328,0.6204533333333333,62.283519999999996,17.78234,4.928426666666667,10.787033333333333,5.028253333333335,2013.0,3310.56,1998.8,1239.58,2449.01,606.56,1845.58,0.41
12,305.0,14.066400000000002,30.960000000000004,31.64,95.25269999999999,20.0115,8.246199999999998,13.6678,8.9679,2013.0,305.0,1.7124000000000001,19.783900000000003,0.0,50.628699999999995,8.711100000000002,-1.7668000000000001,3.1367999999999996,3.4368,2013.0,305.0,8.918235714285714,24.96743333333333,3.4129466666666675,68.55369333333331,15.130593333333335,2.6661599999999996,8.19972,5.182566666666666,2013.0,2943.91,1690.07,1245.55,2275.99,591.54,1991.29,0.09
