,DOY,INSgdmax,RADmax,RAINmax,RHmax,TMAXmax,TMINmax,Tmax,WINDmax,YEAR,DOY,INSgdmin,RADmin,RAINmin,RHmin,TMAXmin,TMINmin,Tmin,WINDmin,YEAR,DOY,INSgdmean,RADmean,RAINmean,RHmean,TMAXmean,TMINmean,Tmean,WINDmean,YEAR,NDVI,EVI,RED,NIR,BLUE,MIR,pixrel
0,113.0,26.795,29.91,23.840000000000003,93.7975,23.134999999999998,10.7325,17.119999999999997,8.7425,2013.0,113.0,3.26,19.3425,0.0,65.69749999999999,1.1125,-11.1175,-1.9400000000000002,2.955,2013.0,113.0,18.783166666666666,24.636833333333335,4.527499999999999,80.03016666666667,12.324166666666665,0.07900000000000001,6.347333333333333,5.735999999999999,2013.0,3020.36,1295.79,2312.95,2927.68,2002.77,759.48,1.14
1,129.0,29.09,30.83,23.4525,97.10249999999999,30.5125,12.515,20.78,8.905000000000001,2013.0,129.0,3.31,20.232499999999998,0.0,58.5175,0.6675,-2.4924999999999997,-0.26,1.7875,2013.0,129.0,18.172666666666668,27.087833333333332,3.085166666666667,77.35366666666665,16.415,5.049333333333334,11.076499999999998,4.696166666666667,2013.0,4117.93,1751.03,463.86,1551.82,183.61,962.45,25.51
2,145.0,30.025000000000002,33.97,39.88,94.3325,26.2125,17.9425,21.625,8.5775,2013.0,145.0,4.6675,23.9375,0.0,68.19000000000001,14.105,3.6025,11.822500000000002,2.55,2013.0,145.0,15.620999999999995,30.7445,9.498166666666666,83.16516666666666,21.17,11.724666666666671,16.644333333333336,5.850666666666666,2013.0,5389.36,2971.56,647.87,2233.14,440.16,878.33,0.95
3,161.0,30.182499999999997,35.125,23.8,90.7525,29.53,17.814999999999998,22.622500000000002,6.1625,2013.0,161.0,4.8775,27.377499999999998,0.0,66.9075,17.245,6.8725000000000005,13.74,1.6675,2013.0,161.0,18.560119047619047,31.065999999999995,6.117500000000001,80.46483333333333,23.31583333333333,12.765166666666666,18.198,3.972833333333334,2013.0,6397.34,3760.4,271.91,2474.99,112.44,572.14,22.97
4,177.0,29.225,36.3325,17.67,93.75,29.47,22.145000000000003,25.2,7.602500000000001,2013.0,177.0,8.255,27.155,0.0,68.7675,22.439999999999998,12.31,17.5925,2.0225,2013.0,177.0,23.59883333333333,32.12433333333333,3.384666666666667,80.07,26.440333333333335,17.435499999999998,22.10466666666667,4.597333333333333,2013.0,7026.36,4276.07,177.32,2671.14,67.74,417.33,23.66
5,193.0,29.822499999999998,35.735,24.137500000000003,85.39750000000001,31.5225,22.322499999999998,26.674999999999997,6.3625,2013.0,193.0,5.105,28.0675,0.0,67.9125,23.485,15.120000000000001,20.0925,2.16,2013.0,193.0,25.752833333333335,32.88133333333334,3.2183333333333337,78.6705,28.51683333333333,18.701999999999998,23.808666666666667,4.388833333333333,2013.0,7219.34,4295.82,144.12,2621.72,50.75,338.17,23.04
6,209.0,26.35,33.455000000000005,9.665000000000001,89.95249999999999,29.415,18.252499999999998,23.6225,5.915,2013.0,209.0,10.602500000000001,26.567500000000003,0.0,72.1675,17.3375,8.11,13.33,1.5175,2013.0,209.0,19.418499999999998,30.638666666666666,1.3044999999999998,79.62416666666667,23.630166666666668,13.530666666666665,19.028500000000005,3.348166666666667,2013.0,6940.46,4456.38,217.61,2894.96,90.93,472.2,26.05
7,225.0,25.524999999999995,33.8425,11.85,86.13250000000001,28.525,19.1425,23.757499999999997,5.6,2013.0,225.0,11.23,27.1175,0.0,67.045,21.872500000000002,10.9825,16.93,1.5450000000000002,2013.0,225.0,21.959833333333336,29.84216666666667,0.8386666666666667,77.86916666666667,24.432833333333328,14.211166666666665,19.504,3.079166666666666,2013.0,6881.58,3916.67,149.19,2427.92,38.61,383.38,28.05
8,241.0,22.932499999999997,35.097500000000004,14.6175,86.7625,31.5075,22.2975,26.5675,6.37,2013.0,241.0,14.3475,26.8375,0.0,75.2975,21.34,9.455,16.205,1.69,2013.0,241.0,20.4725,32.59116666666667,2.0795,81.95200000000001,28.10333333333334,18.121000000000002,23.15216666666667,3.822166666666667,2013.0,6895.44,3868.21,143.14,2386.2,35.16,371.46,28.08
9,257.0,21.15,34.61000000000001,8.4,84.6725,31.055,19.9375,24.75,6.4675,2013.0,257.0,4.835000000000001,23.8975,0.0,62.1475,18.674999999999997,6.050000000000001,12.685000000000002,2.3625,2013.0,257.0,14.418833333333335,30.423333333333332,1.5366666666666666,73.659,24.25316666666666,13.289666666666667,18.630833333333335,4.378500000000001,2013.0,6278.02,3086.79,201.75,1987.45,60.69,408.94,28.05
10,273.0,18.687499999999996,33.26,24.545,95.84,28.259999999999998,16.48,21.605,7.6825,2013.0,273.0,4.04,24.7975,0.0,57.01,11.575000000000001,2.8775,7.402500000000001,2.4475000000000002,2013.0,273.0,13.409166666666668,28.29866666666667,2.405666666666667,72.71,22.107999999999997,9.615000000000002,15.6815,5.117500000000001,2013.0,5730.08,2646.62,263.43,1832.52,73.56,501.98,28.05
11,289.0,15.489999999999998,29.6825,12.344999999999999,85.3775,23.07,11.514999999999999,16.669999999999998,8.1225,2013.0,289.0,3.0749999999999997,21.4925,0.0,60.13,4.01,-4.2725,-0.15750000000000003,2.52,2013.0,289.0,9.712666666666667,25.200666666666667,1.3826666666666667,72.00999999999999,13.824333333333332,2.739,7.719333333333333,5.091499999999999,2013.0,4178.24,1942.67,475.39,1714.52,188.37,725.82,28.58
12,305.0,12.235,29.057499999999997,9.205,99.01750000000001,15.7375,6.2625,10.4225,8.2775,2013.0,305.0,1.4525,19.990000000000002,0.0,64.415,4.6925,-5.7725,-1.485,3.55,2013.0,305.0,7.976071428571428,23.733000000000004,1.8705,79.51516666666667,9.949333333333334,-0.6845,4.258,5.374666666666668,2013.0,3764.23,1480.27,788.8,1715.57,567.66,637.44,26.93
