,DOY,INSgdmax,RADmax,RAINmax,RHmax,TMAXmax,TMINmax,Tmax,WINDmax,YEAR,DOY,INSgdmin,RADmin,RAINmin,RHmin,TMAXmin,TMINmin,Tmin,WINDmin,YEAR,DOY,INSgdmean,RADmean,RAINmean,RHmean,TMAXmean,TMINmean,Tmean,WINDmean,YEAR,NDVI,EVI,RED,NIR,BLUE,MIR,pixrel
0,112.99999999999999,26.831599999999998,30.1292,20.794199999999996,91.93720000000002,24.476399999999998,8.4006,16.095399999999998,10.414,2013.0,112.99999999999999,2.2046,19.132799999999996,0.0,61.3508,1.7658,-8.009,-2.4894,3.1478000000000006,2013.0,112.99999999999999,17.58837333333333,24.3476,3.57136,73.12228,12.2552,-0.5868400000000007,5.955986666666666,5.9796,2013.0,2131.31,902.27,1172.04,1636.03,780.28,1722.3,0.85
1,129.0,29.279,31.129800000000003,10.947,90.1258,32.0244,12.9182,21.5802,7.6528,2013.0,129.0,4.6838,20.839000000000002,0.0,47.586400000000005,6.9986,-3.6820000000000004,2.4667999999999997,2.0065999999999997,2013.0,129.0,18.839066666666664,27.261386666666674,1.4839066666666665,71.30176,17.798386666666666,4.967466666666667,11.540199999999999,4.779693333333334,2013.0,2741.92,1238.39,835.92,1494.71,451.07,1768.15,0.49
2,145.0,30.1876,34.006800000000005,27.916999999999998,92.3616,27.872999999999998,17.851999999999997,21.7168,8.2516,2013.0,145.0,3.3040000000000003,23.518,0.0,62.85520000000001,12.6812,5.5864,10.9838,2.1848,2013.0,145.0,14.948306666666666,31.046120000000002,7.61632,80.32872,21.195133333333338,11.923213333333335,16.583706666666668,5.8864,2013.0,3788.48,1846.54,736.98,1730.98,398.38,1503.2,0.05
3,161.0,30.1006,34.338800000000006,16.831200000000003,90.05919999999999,28.1996,17.7776,22.0672,7.012400000000001,2013.0,161.0,4.228,28.166,0.0,64.67580000000001,17.100600000000004,7.299199999999999,14.207799999999999,2.0342,2013.0,161.0,17.73152,31.163466666666658,4.969093333333333,78.31523999999997,23.44249333333333,12.513066666666667,18.137520000000006,4.313453333333333,2013.0,4934.55,2881.57,734.69,2356.23,395.2,1608.78,0.38
4,177.0,29.2654,36.1914,12.708200000000001,92.056,28.966399999999997,22.1326,25.112199999999998,7.381,2013.0,177.0,10.8792,26.796400000000002,0.0,64.4468,23.145,12.6442,18.37,2.0872,2013.0,177.0,23.776493333333338,32.08624,3.3758,76.35390666666666,26.706653333333335,17.714693333333333,22.406573333333334,4.641906666666667,2013.0,7229.14,5101.15,563.69,3603.07,297.04,946.07,0.28
5,193.0,29.650399999999998,35.6798,8.7822,81.8592,30.8876,21.7392,26.363400000000002,7.259000000000001,2013.0,193.0,19.781,28.436,0.0,67.5572,25.673000000000002,15.9194,21.255799999999997,2.278,2013.0,193.0,26.702800000000003,33.010933333333334,1.5601733333333336,75.13048,28.88202666666667,18.860200000000003,24.004653333333337,4.62964,2013.0,7926.61,5869.89,456.0,3989.96,236.26,744.02,0.09
6,209.0,28.4148,33.544200000000004,14.542800000000002,86.44479999999999,29.432199999999998,18.636599999999998,23.5746,5.8502,2013.0,209.0,5.5924000000000005,25.080199999999998,0.0,64.715,19.3704,8.148,14.8058,1.9824,2013.0,209.0,20.337866666666663,30.479013333333338,1.8886266666666667,75.54796000000002,24.228186666666666,13.823599999999999,19.335106666666665,3.3493466666666665,2013.0,7481.99,5693.11,551.49,4010.89,295.29,701.87,0.35
7,225.0,25.599000000000004,33.2898,14.999199999999998,88.68639999999999,29.7316,18.5386,24.205399999999997,5.7014000000000005,2013.0,225.0,11.716600000000001,26.998599999999996,0.0,67.0294,19.0398,10.189,16.5132,2.252,2013.0,225.0,20.70161333333333,30.33,1.616853333333333,77.16898666666668,24.525093333333334,14.291093333333334,19.554373333333334,3.4964933333333335,2013.0,6360.33,4513.62,726.56,3446.33,362.38,926.07,0.0
8,241.0,23.398200000000003,35.3476,14.2424,83.22840000000001,33.257000000000005,22.711200000000005,27.622,7.478799999999999,2013.0,241.0,16.4592,25.5228,0.0,62.6178,23.813000000000002,10.6652,17.2662,1.7076000000000002,2013.0,241.0,21.302533333333333,32.705999999999996,2.1269866666666664,71.76257333333334,29.67810666666666,18.554066666666667,24.086479999999998,4.1240266666666665,2013.0,4311.05,2511.08,945.26,2406.36,458.09,1527.37,0.0
9,257.0,20.988799999999998,35.79,7.81,82.75359999999999,34.5716,21.077199999999998,26.7342,6.6676,2013.0,257.0,4.7768,23.850399999999997,0.0,47.920799999999986,19.4756,7.161199999999999,13.923,2.0376,2013.0,257.0,14.057453333333335,30.70781333333333,1.9694,64.35133333333333,25.6062,14.074386666666669,19.72784,4.5325066666666665,2013.0,4043.28,2415.58,1028.31,2455.13,500.06,1557.84,0.09
10,273.0,18.1716,33.4074,27.4464,93.592,29.849800000000002,18.2014,23.3414,8.8842,2013.0,273.0,3.4296,24.959400000000002,0.0,48.9414,11.037399999999998,3.9945999999999993,6.7059999999999995,3.0158,2013.0,273.0,13.256639999999997,28.73173333333333,4.1346533333333335,66.80801333333334,22.816546666666667,10.549546666666666,16.28128,5.799666666666666,2013.0,3245.85,1567.15,820.42,1667.35,440.38,1321.03,0.07
11,289.0,15.6888,29.7594,30.717000000000002,87.53760000000001,24.532999999999998,11.1038,17.055,8.780000000000001,2013.0,289.0,1.9718000000000002,21.9458,0.0,50.3862,4.5602,-3.4420000000000006,1.086,3.0816,2013.0,289.0,10.06105333333333,25.371319999999997,2.671146666666667,66.93612,14.438413333333335,3.282399999999999,8.089826666666665,5.483226666666666,2013.0,2899.37,1438.4,908.75,1693.24,489.37,1498.97,0.87
12,305.0,12.629399999999999,28.478799999999996,7.0206,95.1312,15.8366,2.7502,7.9128,9.1252,2013.0,305.0,1.384,18.993199999999998,0.0,58.5858,3.2758000000000003,-6.9772,-2.122,2.9064,2013.0,305.0,8.065471428571428,23.61312,1.572066666666667,75.62902666666666,10.148653333333334,-0.9061866666666667,4.031826666666667,5.396973333333333,2013.0,2759.64,1271.13,852.23,1534.75,460.19,1443.68,0.47
