,DOY,INSgdmax,RADmax,RAINmax,RHmax,TMAXmax,TMINmax,Tmax,WINDmax,YEAR,DOY,INSgdmin,RADmin,RAINmin,RHmin,TMAXmin,TMINmin,Tmin,WINDmin,YEAR,DOY,INSgdmean,RADmean,RAINmean,RHmean,TMAXmean,TMINmean,Tmean,WINDmean,YEAR,NDVI,EVI,RED,NIR,BLUE,MIR,pixrel
0,113.0,27.074399999999997,30.6276,30.516399999999997,91.1488,24.867599999999996,12.0348,18.2476,9.058800000000002,2013.0,113.0,1.8228,19.344,0.0,63.611999999999995,2.0096,-7.190799999999999,-0.12479999999999997,2.8216,2013.0,113.0,19.25712,25.21536,4.44032,76.35488000000001,13.876826666666668,1.1586399999999997,7.580853333333334,5.760426666666667,2013.0,4029.44,2096.52,832.16,1989.42,434.57,1585.27,0.11
1,129.0,29.388399999999997,31.46,16.3712,94.3792,31.135199999999998,13.045200000000001,21.532400000000003,8.086400000000001,2013.0,129.0,4.61,20.8492,0.0,52.058800000000005,2.3571999999999997,-2.2092,1.014,2.0228,2013.0,129.0,19.09405333333333,27.48757333333333,2.8986133333333335,76.6772,17.33701333333333,5.995280000000001,11.966693333333332,4.786480000000001,2013.0,5117.41,3170.13,821.78,2651.41,429.05,1741.39,0.08
2,145.0,29.5456,34.348400000000005,44.260000000000005,92.67760000000001,27.3508,19.0456,21.8232,8.075600000000001,2013.0,145.0,5.0916,25.412,0.0,69.882,15.6248,6.2644,12.5364,2.7828,2013.0,145.0,17.4916,31.234506666666668,11.642186666666667,82.34634666666668,22.181893333333335,13.279466666666666,17.779600000000002,5.709440000000001,2013.0,6550.41,4547.2,642.88,3334.63,341.87,1244.87,0.74
3,161.0,30.0424,34.94160000000001,18.5064,89.99640000000001,30.339199999999998,19.25,23.561199999999996,6.604399999999999,2013.0,161.0,5.5916,27.034,0.0,67.002,19.7464,7.2688,14.738799999999998,2.4048000000000003,2013.0,161.0,19.312906666666663,31.292720000000003,4.204053333333333,79.40864,24.324080000000002,13.409306666666668,19.139840000000003,4.205546666666667,2013.0,6628.73,4558.28,653.98,3332.54,347.08,1397.87,0.08
4,177.0,28.7252,35.662400000000005,15.1672,91.39240000000001,30.215600000000002,22.5368,25.445600000000002,7.1288,2013.0,177.0,9.978000000000002,27.2468,0.0,66.0532,23.508,12.4208,18.4196,1.9748,2013.0,177.0,22.869466666666664,32.21637333333334,3.34128,78.28685333333333,26.983413333333335,17.850746666666666,22.567413333333334,4.6355466666666665,2013.0,7301.1,5091.82,544.88,3517.43,293.52,1197.99,0.74
5,193.0,29.470799999999997,35.9884,10.086799999999998,84.9336,31.385599999999997,22.031999999999996,26.4628,6.1132,2013.0,193.0,15.182400000000001,29.2836,0.0,70.23559999999999,25.852,15.663599999999999,21.114,1.9364,2013.0,193.0,26.000746666666664,33.24002666666666,2.12488,77.83770666666666,28.930053333333333,18.900533333333335,24.07629333333333,4.368266666666667,2013.0,7113.35,5127.16,616.39,3673.05,329.43,1254.45,0.0
6,209.0,28.501600000000003,33.998400000000004,8.9508,90.106,30.3448,18.7504,24.5964,5.4124,2013.0,209.0,7.7584,25.3884,0.0,66.89959999999999,19.6716,8.971599999999999,15.534399999999998,1.962,2013.0,209.0,20.9196,30.966880000000003,1.13048,78.27248,24.96837333333334,14.809866666666668,20.19026666666667,3.2616266666666665,2013.0,7589.75,5120.55,460.45,3398.51,247.59,937.08,0.14
7,225.0,25.489199999999997,33.529199999999996,9.5552,85.38400000000001,29.3968,20.1004,24.4788,5.8352,2013.0,225.0,14.625600000000002,27.904400000000003,0.0,70.346,19.1976,11.3036,15.8704,2.0004,2013.0,225.0,21.71264,30.68501333333333,0.9968,77.07341333333332,25.19370666666667,14.942559999999999,20.176693333333333,3.3088533333333334,2013.0,7122.21,4775.41,552.91,3304.75,297.75,1088.23,0.43
8,241.0,23.606,34.796800000000005,26.374000000000002,85.6672,33.767199999999995,22.108800000000002,27.4188,6.1456,2013.0,241.0,10.932,26.096,0.0,63.691599999999994,24.438,11.038,18.159999999999997,1.6756000000000002,2013.0,241.0,21.111493333333335,32.63410666666666,2.94632,73.11253333333332,29.878240000000005,18.84344,24.262959999999996,3.7040533333333334,2013.0,6652.91,4133.69,574.9,2905.65,301.87,1053.81,0.0
9,257.0,21.428399999999996,35.2584,15.533999999999999,82.7708,35.111999999999995,21.2076,27.227199999999996,7.1668,2013.0,257.0,4.8828000000000005,23.957600000000003,0.0,50.789199999999994,20.9588,7.291599999999999,14.544800000000002,2.0364,2013.0,257.0,15.469813333333335,31.059759999999997,3.0386933333333332,63.54725333333333,26.776986666666666,14.979840000000003,20.659840000000003,4.539173333333332,2013.0,6336.43,3866.2,631.99,2822.49,323.39,1181.67,0.0
10,273.0,19.2692,33.7708,22.340400000000002,89.90120000000002,30.084000000000003,17.866799999999998,23.223200000000002,7.8972,2013.0,273.0,3.9375999999999998,24.6424,0.0,51.922,9.3136,3.952,6.7424,2.9092000000000002,2013.0,273.0,14.10312,28.841279999999998,3.0424533333333335,67.98706666666666,23.423866666666665,10.896,16.90834666666667,5.396746666666667,2013.0,5754.38,3180.64,617.52,2359.74,319.83,1155.36,0.0
11,289.0,16.296799999999998,30.156800000000004,9.0008,85.6288,24.374799999999997,11.327200000000001,16.584400000000002,8.4192,2013.0,289.0,3.9684,22.1492,0.0,51.3412,5.2656,-2.824,1.3756,3.1104,2013.0,289.0,10.170213333333333,25.867359999999998,1.4997866666666668,67.14698666666666,15.325333333333333,3.6650133333333326,8.883626666666668,5.162133333333333,2013.0,5121.39,2824.24,737.8,2300.71,388.76,1336.38,0.39
12,305.0,13.0884,29.499199999999995,18.0856,98.0008,17.790799999999997,5.951600000000001,11.291999999999998,8.3764,2013.0,305.0,1.3832,19.132400000000004,0.0,57.0112,6.116,-3.6548000000000003,0.29440000000000005,3.45,2013.0,305.0,8.780714285714286,24.186053333333337,2.350106666666667,74.63584,11.808213333333335,0.5312533333333332,5.584906666666667,5.339546666666665,2013.0,4202.7,2157.99,812.31,2002.24,419.74,1605.76,0.16
