,DOY,INSgdmax,RADmax,RAINmax,RHmax,TMAXmax,TMINmax,Tmax,WINDmax,YEAR,DOY,INSgdmin,RADmin,RAINmin,RHmin,TMAXmin,TMINmin,Tmin,WINDmin,YEAR,DOY,INSgdmean,RADmean,RAINmean,RHmean,TMAXmean,TMINmean,Tmean,WINDmean,YEAR,NDVI,EVI,RED,NIR,BLUE,MIR,pixrel
0,113.0,26.282000000000004,30.592000000000002,21.278,94.99000000000001,24.428000000000004,12.578,18.323999999999998,9.092,2013.0,113.0,3.0780000000000003,18.814,0.0,71.266,1.8840000000000001,-8.052,-0.74,2.976,2013.0,113.0,17.3612,25.154799999999998,4.527866666666667,83.38640000000001,11.633066666666668,0.9714666666666666,6.460133333333332,5.576133333333333,2013.0,3812.06,1639.62,847.88,1708.55,512.31,1108.6,0.42
1,129.0,29.174000000000003,30.72,32.724,99.422,28.025999999999996,12.386000000000001,19.664,9.334000000000001,2013.0,129.0,4.096,19.854,0.0,61.726000000000006,0.938,-1.9020000000000001,-0.194,1.6679999999999997,2013.0,129.0,18.7788,26.8608,4.660933333333332,77.79986666666666,16.4708,5.256933333333334,11.1836,4.526933333333333,2013.0,4176.14,1962.99,758.32,1823.63,373.05,1536.58,0.0
2,145.0,29.65,33.458,37.57599999999999,94.49399999999999,25.314,18.584,21.234,8.448,2013.0,145.0,3.8419999999999996,23.772,0.0,68.70599999999999,12.888,3.33,9.934,2.636,2013.0,145.0,16.36373333333333,30.52946666666666,7.174266666666668,84.42533333333333,20.433199999999996,11.421466666666669,16.157733333333333,5.4282666666666675,2013.0,5280.9,2597.09,618.42,2006.27,318.95,1133.06,0.01
3,161.0,29.675999999999995,34.7,28.602,94.612,28.653999999999996,17.498000000000005,21.954,5.680000000000001,2013.0,161.0,3.0,27.259999999999998,0.0,65.976,16.906,7.022,13.628,1.9560000000000002,2013.0,161.0,17.403066666666668,31.071733333333334,6.300000000000001,82.28813333333332,22.35226666666667,12.657200000000001,17.66813333333333,3.5525333333333333,2013.0,8036.72,4947.39,327.33,3035.25,180.1,658.53,0.0
4,177.0,29.266000000000002,35.988,21.445999999999998,94.682,28.04,21.496000000000002,24.442,6.831999999999999,2013.0,177.0,6.924,28.308,0.0,70.50200000000001,21.438,11.886,17.546,1.826,2013.0,177.0,21.933999999999997,32.26946666666667,5.956133333333334,82.95493333333334,25.352933333333333,17.0556,21.411333333333335,4.3268,2013.0,8451.88,5572.7,279.28,3385.29,157.08,581.77,0.92
5,193.0,29.791999999999998,35.410000000000004,22.688,89.64599999999999,30.978,22.133999999999997,26.7,5.885999999999999,2013.0,193.0,13.596,28.156,0.0,70.84,24.048000000000002,14.202,20.356,2.14,2013.0,193.0,25.520133333333327,32.70133333333334,3.015066666666667,80.18706666666667,28.1532,18.5868,23.6448,4.076266666666666,2013.0,8632.35,5759.56,248.7,3474.33,137.96,580.19,0.18
6,209.0,27.270000000000003,33.26,14.830000000000002,90.582,28.466,18.839999999999996,23.59,5.9479999999999995,2013.0,209.0,8.456,27.680000000000003,0.0,69.498,16.356,8.312,12.91,1.712,2013.0,209.0,19.281200000000002,30.38013333333333,2.199866666666667,80.08546666666668,22.98906666666667,13.1904,18.581333333333333,3.469333333333333,2013.0,8370.49,5550.12,292.34,3395.9,176.2,605.13,0.69
7,225.0,24.708000000000002,33.528,3.4419999999999997,86.16,27.996,16.808,22.922000000000004,5.359999999999999,2013.0,225.0,13.312000000000001,26.904000000000003,0.0,66.72399999999999,20.692,11.064,16.45,1.422,2013.0,225.0,20.948000000000004,30.07093333333334,0.38653333333333334,77.15653333333334,24.20826666666667,13.76,19.402266666666662,3.0136000000000003,2013.0,8117.38,5105.59,321.52,3128.6,178.89,607.72,0.25
8,241.0,22.74,35.620000000000005,11.304,87.914,30.946,21.888,26.468,6.1080000000000005,2013.0,241.0,8.766,26.369999999999997,0.0,79.024,19.91,9.032,15.404,2.0740000000000003,2013.0,241.0,19.315333333333335,32.43866666666667,1.6869333333333334,83.9,27.127466666666667,17.069466666666667,22.222,3.9018666666666664,2013.0,8219.92,4971.23,287.47,2984.25,159.59,598.96,0.02
9,257.0,21.035999999999998,35.026,7.199999999999999,87.06,29.258,19.284000000000002,23.951999999999998,6.256,2013.0,257.0,6.976,23.535999999999998,0.0,66.256,17.476000000000003,6.474,11.318,2.68,2013.0,257.0,15.034666666666666,30.137999999999995,1.5897333333333337,77.72106666666666,23.163199999999996,12.6404,17.895866666666667,4.5072,2013.0,7642.44,4060.24,327.0,2460.35,177.22,622.47,0.0
10,273.0,18.442,33.016,14.782,96.57,26.317999999999998,15.984000000000002,19.028,6.89,2013.0,273.0,2.364,24.695999999999998,0.0,61.596000000000004,11.267999999999999,2.6239999999999997,7.254,2.6860000000000004,2013.0,273.0,13.0576,27.663999999999998,2.4258666666666664,77.49773333333334,21.3444,8.965866666666667,14.96,4.628266666666667,2013.0,6815.58,3380.84,413.73,2200.23,203.4,699.82,0.0
11,289.0,15.376,30.3,9.814,86.28,22.63,11.496000000000002,17.184,7.686,2013.0,289.0,3.4880000000000004,21.008000000000003,0.0,63.932,4.928,-3.9459999999999997,-0.013999999999999999,2.7540000000000004,2013.0,289.0,9.636876190476189,25.166533333333334,1.1401333333333334,75.20493333333333,13.329866666666666,2.7072,7.813066666666668,4.826133333333333,2013.0,5496.09,2948.6,659.61,2288.41,338.84,1060.09,0.91
12,305.0,12.2,29.316000000000003,13.072,99.156,14.978000000000002,4.984,10.065999999999999,7.119999999999999,2013.0,305.0,1.242,20.296,0.0,63.93000000000001,4.84,-5.151999999999999,-1.506,3.35,2013.0,305.0,6.914142857142857,24.393733333333337,2.9089333333333336,81.07693333333334,9.8448,-0.5629333333333334,4.249199999999999,5.272,2013.0,5123.49,2266.0,561.8,1744.12,287.18,971.86,0.31
