,DOY,INSgdmax,RADmax,RAINmax,RHmax,TMAXmax,TMINmax,Tmax,WINDmax,YEAR,DOY,INSgdmin,RADmin,RAINmin,RHmin,TMAXmin,TMINmin,Tmin,WINDmin,YEAR,DOY,INSgdmean,RADmean,RAINmean,RHmean,TMAXmean,TMINmean,Tmean,WINDmean,YEAR,NDVI,EVI,RED,NIR,BLUE,MIR,pixrel
0,113.0,26.75,29.74,23.06,94.27,22.33,10.05,16.48,8.62,2013.0,113.0,2.45,19.19,0.0,65.96,0.62,-12.3,-2.55,2.96,2013.0,113.0,18.694,24.462000000000003,4.576666666666666,80.48533333333334,11.964666666666664,-0.2479999999999999,5.987333333333334,5.713333333333333,2013.0,2870.64,1014.86,2755.39,3148.43,2445.0,758.23,0.98
1,129.0,29.02,30.74,22.72,97.26,30.39,12.56,20.66,8.82,2013.0,129.0,3.67,20.16,0.0,58.81,0.45,-2.87,-0.44,1.83,2013.0,129.0,17.823333333333334,27.028000000000002,2.6333333333333333,77.606,16.086666666666666,4.738,10.790666666666663,4.609333333333334,2013.0,2937.5,1070.87,373.82,1201.17,151.55,682.66,43.5
2,145.0,30.17,33.88,36.92,95.19,26.07,17.79,21.47,8.65,2013.0,145.0,3.38,23.54,0.0,68.04,13.83,3.29,11.65,2.52,2013.0,145.0,15.112666666666662,30.676,8.696666666666665,83.14133333333331,20.88866666666667,11.360000000000003,16.349333333333337,5.905333333333334,2013.0,4348.96,2415.28,554.69,1849.61,360.07,774.06,0.95
3,161.0,30.2,35.06,25.79,90.81,29.49,17.72,22.31,6.27,2013.0,161.0,3.96,27.61,0.0,67.1,16.53,6.66,13.49,1.6,2013.0,161.0,18.195714285714285,31.018666666666665,6.5680000000000005,80.56133333333332,23.04466666666666,12.592666666666666,17.962666666666667,3.9640000000000004,2013.0,4881.72,2782.74,176.3,1945.82,46.96,387.29,40.89
4,177.0,29.38,36.43,16.84,93.61,29.27,22.06,25.11,7.67,2013.0,177.0,8.57,26.86,0.0,68.74,22.36,12.03,17.52,1.92,2013.0,177.0,24.10133333333333,32.058,3.3960000000000004,79.94,26.322000000000003,17.343999999999998,22.01733333333334,4.598,2013.0,5308.15,3044.61,26.82,2036.36,-57.75,214.55,56.61
5,193.0,29.84,35.78,25.26,85.45,31.36,22.25,26.58,6.52,2013.0,193.0,5.33,27.86,0.0,67.16,23.83,15.34,20.18,2.11,2013.0,193.0,25.747333333333337,32.87333333333334,3.5260000000000002,78.48,28.426,18.697333333333333,23.742666666666665,4.459333333333333,2013.0,5579.2,3259.51,32.39,2125.12,-54.32,229.93,48.89
6,209.0,26.17,33.34,11.01,89.76,29.36,17.99,23.37,5.99,2013.0,209.0,11.45,26.64,0.0,72.35,17.13,7.93,13.05,1.46,2013.0,209.0,18.929333333333332,30.626666666666665,1.462,79.84533333333334,23.31666666666667,13.221999999999998,18.771333333333338,3.346000000000001,2013.0,5372.0,3159.89,59.93,2152.08,-30.66,242.67,53.9
7,225.0,25.49,33.95,12.41,87.2,28.5,19.1,23.74,5.62,2013.0,225.0,9.86,26.93,0.0,67.12,21.9,10.73,16.94,1.48,2013.0,225.0,21.820666666666668,29.72466666666667,0.8566666666666667,78.18333333333334,24.231999999999992,14.081999999999999,19.322000000000003,3.103333333333333,2013.0,5205.01,2740.35,-19.68,1805.39,-102.42,145.84,58.69
8,241.0,22.86,35.06,11.86,86.72,31.15,22.44,26.44,6.64,2013.0,241.0,15.59,27.07,0.0,76.13,20.98,9.23,15.91,1.77,2013.0,241.0,20.331999999999997,32.58666666666667,1.9039999999999997,82.69800000000004,27.798666666666676,17.94266666666667,22.938666666666666,3.905333333333333,2013.0,5332.85,2698.41,-20.05,1770.55,-109.52,160.01,58.72
9,257.0,21.06,34.52,7.92,85.27,30.31,19.73,24.34,6.42,2013.0,257.0,5.44,23.87,0.0,64.58,18.04,5.89,12.38,2.33,2013.0,257.0,14.336000000000002,30.31933333333334,1.3666666666666665,75.13266666666667,23.776666666666664,12.982666666666665,18.254,4.349333333333334,2013.0,4645.45,2027.38,-7.82,1447.65,-115.94,158.54,66.3
10,273.0,18.58,33.08,19.52,96.94,27.84,16.2,21.28,7.79,2013.0,273.0,4.14,24.77,0.0,57.77,11.89,2.6,7.39,2.37,2013.0,273.0,13.345999999999998,28.218000000000004,1.9453333333333334,73.568,21.79133333333333,9.372000000000002,15.399333333333335,5.156666666666666,2013.0,4374.58,1807.7,159.22,1391.87,8.38,321.28,48.61
11,289.0,15.3,29.63,14.43,85.9,22.75,11.41,16.49,8.17,2013.0,289.0,2.84,21.53,0.0,62.1,3.7,-4.35,-0.44,2.45,2013.0,289.0,9.63866666666667,25.09,1.3993333333333333,72.88733333333333,13.539333333333333,2.552666666666666,7.447333333333334,5.116666666666665,2013.0,3183.05,1131.58,234.67,1195.21,29.87,403.05,59.26
12,305.0,12.1,28.94,7.84,99.22,15.18,5.82,9.77,8.42,2013.0,305.0,1.3,20.09,0.0,65.78,3.86,-6.29,-1.97,3.44,2013.0,305.0,7.749285714285714,23.628666666666668,1.6213333333333333,80.462,9.478666666666667,-0.9926666666666667,3.9026666666666667,5.391333333333335,2013.0,2785.09,786.27,220.25,970.21,29.36,441.75,59.12
