,DOY,INSgdmax,RADmax,RAINmax,RHmax,TMAXmax,TMINmax,Tmax,WINDmax,YEAR,DOY,INSgdmin,RADmin,RAINmin,RHmin,TMAXmin,TMINmin,Tmin,WINDmin,YEAR,DOY,INSgdmean,RADmean,RAINmean,RHmean,TMAXmean,TMINmean,Tmean,WINDmean,YEAR,NDVI,EVI,RED,NIR,BLUE,MIR,pixrel
0,113.0,27.04,31.18,31.99,94.16,26.98,13.77,20.43,9.41,2013.0,113.0,3.82,19.73,0.0,62.84,3.87,-6.6,0.41,2.92,2013.0,113.0,18.209333333333333,25.457333333333334,5.596,78.09133333333332,13.741999999999997,1.5913333333333335,7.847333333333335,5.8326666666666656,2013.0,3569.51,1649.16,1466.36,2335.07,1205.23,634.58,1.11
1,129.0,29.23,31.43,25.44,95.62,30.55,13.59,21.15,10.25,2013.0,129.0,2.66,20.3,0.0,58.8,1.72,-1.22,0.63,1.84,2013.0,129.0,19.761999999999997,27.548000000000002,4.465999999999999,74.45866666666667,18.215999999999998,6.585999999999999,12.693333333333333,4.857333333333332,2013.0,5593.25,2320.25,471.09,1647.04,240.3,884.79,0.0
2,145.0,29.77,33.8,44.47,92.92,26.44,19.08,22.27,8.62,2013.0,145.0,5.9,24.88,0.0,67.11,13.43,4.38,11.56,3.24,2013.0,145.0,17.694000000000003,30.945333333333327,10.964666666666666,83.33133333333335,22.089333333333332,13.175333333333334,17.75133333333333,5.64,2013.0,7248.03,4147.36,424.01,2666.24,228.83,752.68,0.94
3,161.0,29.84,35.5,19.28,90.11,29.78,18.1,24.01,5.45,2013.0,161.0,5.04,26.1,0.0,65.41,18.88,8.41,14.62,1.83,2013.0,161.0,18.677999999999997,31.314666666666664,4.8966666666666665,80.11933333333333,24.108,13.632666666666667,19.055333333333333,3.746666666666667,2013.0,7831.41,4385.98,316.24,2637.94,180.33,588.39,0.0
4,177.0,29.56,36.22,28.01,93.73,29.71,22.43,25.38,7.39,2013.0,177.0,8.46,28.8,0.0,73.13,22.72,13.66,18.09,2.3,2013.0,177.0,21.61133333333333,32.524,3.7060000000000004,81.54133333333334,26.605333333333327,17.799333333333333,22.288666666666657,4.580666666666667,2013.0,8474.1,5310.11,255.51,3153.46,149.97,507.54,0.38
5,193.0,29.7,35.46,23.41,87.55,32.05,22.9,27.29,5.63,2013.0,193.0,2.45,28.08,0.0,71.31,23.26,14.41,20.06,2.18,2013.0,193.0,25.650666666666666,32.79933333333334,2.3280000000000003,79.574,28.852666666666668,18.662666666666663,24.078000000000007,3.9933333333333327,2013.0,8650.37,5344.65,226.75,3130.15,131.09,447.73,0.92
6,209.0,26.53,34.42,3.16,90.98,29.31,19.32,24.55,5.71,2013.0,209.0,8.03,27.11,0.0,71.38,17.33,9.01,13.85,1.98,2013.0,209.0,21.180000000000003,30.711333333333343,0.6413333333333333,78.83933333333334,24.478666666666662,14.430666666666665,19.762666666666668,3.443333333333334,2013.0,8392.84,5073.84,255.61,2996.47,162.55,493.74,1.05
7,225.0,24.3,33.8,4.04,81.68,29.01,18.32,23.64,4.98,2013.0,225.0,13.9,27.32,0.0,64.06,22.18,11.65,17.22,0.98,2013.0,225.0,21.734666666666673,30.275999999999996,0.5473333333333332,75.436,25.265333333333334,14.478666666666667,20.316,2.9066666666666663,2013.0,8323.44,4904.82,262.29,2883.82,151.22,490.84,0.0
8,241.0,23.11,35.42,15.26,90.38,32.43,22.1,26.97,5.38,2013.0,241.0,14.22,26.39,0.0,74.31,21.88,9.16,16.9,1.67,2013.0,241.0,20.83866666666667,32.623333333333335,1.8926666666666672,81.14733333333334,28.92,18.571333333333335,23.675333333333334,3.57,2013.0,8294.69,4602.97,248.95,2661.64,145.3,466.82,0.45
9,257.0,21.42,34.67,12.66,84.21,33.56,20.61,26.22,6.23,2013.0,257.0,4.0,24.05,0.0,54.51,19.67,7.05,13.2,2.69,2013.0,257.0,15.104000000000003,30.622666666666664,2.082,71.2,25.766000000000005,14.074666666666669,19.627333333333333,4.459999999999999,2013.0,7604.07,3789.86,311.58,2262.76,172.8,519.84,0.05
10,273.0,19.12,33.77,37.44,93.04,28.56,17.3,21.51,6.74,2013.0,273.0,2.95,24.62,0.0,61.31,9.76,3.72,7.12,2.85,2013.0,273.0,13.736666666666668,28.218000000000004,4.332666666666666,72.97933333333332,22.886666666666667,10.068000000000001,16.23466666666667,4.612666666666666,2013.0,6997.97,3149.1,350.45,1956.08,174.7,566.16,0.01
11,289.0,15.88,30.1,7.05,84.43,24.05,12.51,18.26,8.12,2013.0,289.0,3.78,21.2,0.0,57.56,5.2,-4.44,0.57,2.73,2013.0,289.0,10.222000000000001,25.68466666666667,1.4186666666666667,69.97666666666667,14.618666666666666,3.4953333333333334,8.767999999999999,4.903999999999999,2013.0,5581.99,2440.71,505.19,1766.12,249.57,766.04,0.02
12,305.0,12.49,29.81,18.71,97.78,16.83,7.56,12.74,7.41,2013.0,305.0,1.73,19.15,0.0,61.24,7.62,-4.62,0.13,3.91,2013.0,305.0,8.155,24.453333333333333,4.192000000000001,77.41466666666666,11.844,0.3913333333333332,5.6386666666666665,5.372666666666666,2013.0,5985.56,2199.3,363.59,1437.91,188.02,589.94,0.02
