,DOY,INSgdmax,RADmax,RAINmax,RHmax,TMAXmax,TMINmax,Tmax,WINDmax,YEAR,DOY,INSgdmin,RADmin,RAINmin,RHmin,TMAXmin,TMINmin,Tmin,WINDmin,YEAR,DOY,INSgdmean,RADmean,RAINmean,RHmean,TMAXmean,TMINmean,Tmean,WINDmean,YEAR,NDVI,EVI,RED,NIR,BLUE,MIR,pixrel
0,113.0,26.656000000000002,30.6284,48.1432,96.8304,26.8948,15.189600000000002,20.7308,9.484,2012.9999999999998,113.0,4.393199999999999,19.743000000000002,0.0,66.1678,4.3406,-5.224399999999999,0.9801999999999998,2.7984000000000004,2012.9999999999998,113.0,17.92606666666667,25.72961333333333,6.165306666666666,79.5978,14.1544,2.4601466666666663,8.4134,5.720040000000001,2012.9999999999998,3760.15,1464.54,1390.34,2127.04,1137.76,772.15,0.69
1,129.0,29.0916,31.4758,26.88,94.35340000000001,29.5608,13.3506,20.342200000000002,9.501,2012.9999999999998,129.0,3.739,20.2102,0.0,59.9522,4.7888,-0.6087999999999999,1.9564000000000001,1.6016,2012.9999999999998,129.0,19.932653333333327,27.36608,4.5777600000000005,76.22930666666666,18.30954666666667,7.0132666666666665,12.954933333333333,4.5204666666666675,2012.9999999999998,4720.16,1997.1,558.31,1590.81,287.14,1184.48,0.01
2,145.0,29.518,34.366200000000006,44.272999999999996,93.1048,26.244400000000002,19.3728,22.125000000000004,8.4642,2012.9999999999998,145.0,4.7654,24.3872,0.0,66.95439999999999,12.6478,4.718,10.539399999999999,3.5616000000000003,2012.9999999999998,145.0,17.499000000000002,31.060160000000003,11.519613333333334,84.45413333333332,21.93709333333333,13.413120000000001,17.821933333333334,5.47484,2012.9999999999998,6831.99,3620.74,417.09,2346.02,231.1,765.9,0.85
3,161.0,29.366999999999997,35.5088,19.903999999999996,93.0466,29.6036,18.1686,24.026000000000003,5.475200000000001,2012.9999999999998,161.0,3.9745999999999997,25.635600000000004,0.0,67.5676,19.302999999999997,8.295000000000002,14.482400000000002,1.8800000000000001,2012.9999999999998,161.0,18.948040000000002,31.453239999999997,4.336320000000001,80.79069333333334,23.687613333333328,13.742693333333333,18.964360000000003,3.46948,2012.9999999999998,7358.48,4354.94,355.82,2717.68,208.51,706.71,0.0
4,177.0,29.423800000000004,36.243,26.849,93.95119999999999,28.9054,22.3064,25.071400000000004,6.706,2012.9999999999998,177.0,6.9594,27.987199999999998,0.0,71.4772,22.3622,11.729400000000002,18.646000000000004,1.6942,2012.9999999999998,177.0,21.796106666666667,32.38084,4.995493333333333,83.04222666666666,26.134586666666667,17.54696,21.967240000000004,4.4014799999999985,2012.9999999999998,8251.21,4786.51,231.64,2782.19,140.52,474.24,0.02
5,193.00000000000003,29.2678,35.614599999999996,20.1088,89.78059999999999,31.657799999999995,22.7592,27.304199999999998,5.4354,2012.9999999999998,193.00000000000003,11.258,28.0806,0.0,73.1486,25.4474,13.714599999999997,20.486799999999995,2.2276000000000002,2012.9999999999998,193.00000000000003,25.025493333333337,32.76153333333333,2.611413333333334,80.87669333333334,28.769773333333337,18.597640000000002,24.091320000000003,3.7456133333333326,2012.9999999999998,8422.19,5431.52,262.04,3288.53,158.72,559.51,0.84
6,209.0,26.858600000000003,34.2884,14.304000000000002,90.98100000000001,28.6658,19.316000000000003,24.3282,5.5662,2012.9999999999998,209.0,8.274799999999999,28.0356,0.0,69.9828,17.5616,9.6406,14.148200000000001,1.6341999999999999,2012.9999999999998,209.0,21.143333333333327,30.855266666666665,1.860213333333333,79.26594666666666,24.272933333333338,14.371213333333335,19.673306666666665,3.4373733333333334,2012.9999999999998,8134.91,4859.14,250.22,2859.96,164.54,504.27,0.39
7,225.0,24.945399999999996,33.906800000000004,5.6678,82.5962,28.739600000000003,18.1336,23.567,4.5824,2012.9999999999998,225.0,16.49,26.82,0.0,67.4772,21.509199999999996,11.5944,17.1454,1.298,2012.9999999999998,225.0,21.15788,30.36593333333333,0.5707199999999999,75.61578666666668,25.29744,14.552626666666667,20.356519999999996,2.9473733333333323,2012.9999999999998,8082.75,4488.3,246.59,2615.5,144.61,464.79,0.09
8,241.0,23.257399999999997,35.93939999999999,10.4522,91.86580000000001,33.0188,22.4376,27.3968,5.184400000000001,2012.9999999999998,241.0,10.209,26.196600000000004,0.0,74.83820000000001,22.0574,9.211199999999998,16.567400000000003,1.938,2012.9999999999998,241.0,20.294226666666667,32.568946666666676,1.1646133333333335,81.23828,28.672439999999998,18.055653333333336,23.348586666666662,3.541826666666667,2012.9999999999998,8074.8,4237.2,215.64,2404.33,129.09,406.77,0.6
9,256.99999999999994,21.419199999999996,35.01680000000001,13.677,83.3818,33.2472,20.893800000000002,26.3414,5.8709999999999996,2012.9999999999998,256.99999999999994,6.2352,23.8726,0.0,58.499,18.8958,6.640800000000001,13.023600000000002,2.8470000000000004,2012.9999999999998,256.99999999999994,15.688000000000002,30.48844,2.4836666666666667,73.12864,25.35004,14.099386666666668,19.50205333333333,4.4765999999999995,2012.9999999999998,7147.82,3378.3,284.12,2016.07,159.06,477.16,2.55
10,273.0,19.054999999999996,33.679,24.670599999999997,90.89659999999999,28.050199999999997,17.5296,21.2514,6.5112,2012.9999999999998,273.0,3.2648,24.525,0.0,61.943,10.826799999999999,3.8762,7.1308,2.3245999999999998,2012.9999999999998,273.0,13.607173333333336,27.94142666666667,2.2645466666666665,73.37477333333334,23.260626666666663,10.16046666666667,16.382946666666665,4.356306666666667,2012.9999999999998,6274.59,2731.64,387.5,1787.91,190.96,573.61,0.02
11,289.0,15.8176,30.544200000000004,8.4808,84.335,24.2158,12.5016,18.265199999999997,7.456,2012.9999999999998,289.0,3.4508000000000005,21.418000000000003,0.0,61.21920000000001,5.0522,-3.516,0.8464,2.867,2012.9999999999998,289.0,10.534706666666668,25.55421333333333,0.92736,71.37312,14.853666666666667,3.9921333333333338,9.122853333333335,4.675613333333333,2012.9999999999998,5181.04,2001.78,420.27,1431.62,218.57,723.4,2.68
12,305.0,12.404599999999999,30.7476,19.161800000000003,97.9848,16.162999999999997,7.139,12.001800000000001,6.449999999999999,2012.9999999999998,305.0,0.8358000000000001,20.0392,0.0,58.940000000000005,7.521999999999999,-4.4612,0.3738,3.9044,2012.9999999999998,305.0,7.421971428571427,24.927120000000002,3.8086933333333333,78.08762666666667,11.901720000000001,0.53216,5.806093333333332,5.201706666666667,2012.9999999999998,4672.77,2117.65,681.98,1766.03,444.93,664.88,1.62
