,DOY,INSgdmax,RADmax,RAINmax,RHmax,TMAXmax,TMINmax,Tmax,WINDmax,YEAR,DOY,INSgdmin,RADmin,RAINmin,RHmin,TMAXmin,TMINmin,Tmin,WINDmin,YEAR,DOY,INSgdmean,RADmean,RAINmean,RHmean,TMAXmean,TMINmean,Tmean,WINDmean,YEAR,NDVI,EVI,RED,NIR,BLUE,MIR,pixrel
0,113.0,26.814400000000003,30.5443,48.1716,96.2242,27.0758,15.390500000000003,20.945999999999998,9.4829,2013.0,113.0,4.0221,19.7066,0.0,65.4454,4.5721,-5.344799999999999,1.1296,2.8516999999999997,2013.0,113.0,18.004060000000003,25.806813333333334,6.189273333333333,79.26260000000002,14.423340000000003,2.599073333333333,8.58422,5.713746666666667,2013.0,3296.31,1481.06,1427.2,2211.83,1152.88,750.9,0.9
1,129.0,29.091,31.4503,30.5006,93.71069999999999,29.8153,13.686900000000001,20.618499999999997,9.7712,2013.0,129.0,3.6816000000000004,20.3044,0.0,61.3549,4.8639,-0.5648,1.7244000000000002,1.7638,2013.0,129.0,19.471526666666662,27.530706666666667,5.18614,76.32556,18.42884,7.196726666666667,13.071660000000001,4.578966666666666,2013.0,4768.76,2081.38,579.58,1664.34,294.85,1151.47,0.01
2,145.0,29.589,34.647000000000006,48.35,93.15209999999999,26.5022,19.4804,22.325499999999998,8.4985,2013.0,145.0,5.4717,24.601200000000002,0.0,67.2952,13.3768,5.3972999999999995,11.1422,3.5467000000000004,2013.0,145.0,17.56316,31.221613333333334,12.8004,84.48127333333332,22.17654,13.744473333333335,18.068066666666667,5.530046666666667,2013.0,7036.34,4063.55,439.87,2671.91,236.77,817.39,0.87
3,161.0,29.5519,35.5584,20.584400000000002,92.244,29.810699999999997,18.7807,24.4414,5.5769,2013.0,161.0,3.4515000000000002,25.650299999999998,0.0,67.1426,19.561799999999998,8.480599999999999,14.584,1.9412,2013.0,161.0,18.583426666666668,31.525126666666658,4.271986666666667,80.58676,24.002339999999993,13.991066666666669,19.23697333333334,3.5004999999999997,2013.0,7585.74,4464.77,351.51,2775.71,199.18,660.37,0.0
4,177.0,29.458699999999997,36.279399999999995,26.8341,93.6417,29.191700000000004,22.2547,25.3059,6.7981,2013.0,177.0,6.7553,27.970599999999997,0.0,71.86489999999999,22.5579,12.168500000000002,18.771500000000003,1.827,2013.0,177.0,21.60722666666667,32.45782666666666,4.810206666666666,82.6388,26.40734,17.73636666666667,22.198566666666668,4.444859999999999,2013.0,8410.49,5214.72,242.75,3087.7,142.18,517.34,0.11
5,193.0,29.346,35.825399999999995,17.4982,89.1603,31.844300000000004,22.7519,27.386,5.3494,2013.0,193.0,10.0647,27.9924,0.0,72.79,25.6735,13.779900000000001,20.4696,2.1513999999999998,2013.0,193.0,24.925953333333336,32.82348666666667,2.4416,80.49254,28.92166,18.673653333333334,24.175226666666667,3.7674666666666665,2013.0,8521.18,5768.29,271.72,3538.12,163.46,574.09,0.93
6,209.0,26.808400000000002,34.559400000000004,13.8406,90.5278,28.8847,19.542499999999997,24.4915,5.492100000000001,2013.0,209.0,8.0484,27.896499999999996,0.0,69.612,17.8955,9.7268,14.315000000000001,1.6406999999999998,2013.0,209.0,21.12307333333333,30.94752666666667,2.0697533333333333,78.72044,24.56803333333334,14.643206666666668,19.922573333333336,3.396126666666667,2013.0,8310.06,5170.99,237.92,3058.41,137.42,494.84,0.08
7,225.0,25.1472,33.9641,6.6508,82.7604,29.287300000000002,18.4633,23.8054,4.5440000000000005,2013.0,225.0,16.8204,27.145200000000003,0.0,66.59360000000001,21.8026,11.8022,17.364199999999997,1.2876,2013.0,225.0,21.24918,30.45256666666667,0.6634733333333334,74.63748,25.629920000000002,14.708093333333334,20.573766666666664,2.95028,2013.0,8209.52,4642.74,238.51,2703.03,137.33,479.51,0.0
8,241.0,23.184399999999997,35.9822,7.9584,89.8644,34.2949,22.6515,28.1216,5.2776,2013.0,241.0,10.331,26.297200000000004,0.0,69.7219,22.8766,9.502600000000001,17.1062,1.8530000000000002,2013.0,241.0,20.551753333333334,32.69939333333334,0.9302600000000001,77.90106,29.615526666666668,18.44834666666667,23.956966666666663,3.5312666666666663,2013.0,8116.35,4505.95,250.6,2630.18,145.43,488.87,0.73
9,257.0,21.496000000000002,35.065400000000004,13.9796,81.3612,34.4375,21.267,26.9816,5.9456999999999995,2013.0,257.0,6.1877,24.026600000000002,0.0,54.9267,19.685399999999998,6.9933000000000005,13.3916,2.9752,2013.0,257.0,15.724493333333333,30.661166666666666,2.44606,70.33901333333334,26.26105333333333,14.479286666666667,20.068939999999998,4.52306,2013.0,7250.4,3701.86,331.55,2254.9,187.76,545.53,0.0
10,273.0,19.1438,33.674699999999994,22.522100000000002,88.6527,28.5723,17.863500000000002,21.6563,6.483200000000001,2013.0,273.0,3.2166,24.5676,0.0,60.69149999999999,10.6847,3.9494999999999996,7.208500000000001,2.3880999999999997,2013.0,273.0,13.672720000000002,28.137666666666668,2.0818733333333332,71.8665,23.700066666666665,10.435960000000001,16.74904,4.403526666666666,2013.0,6439.75,2934.95,405.52,1932.4,199.06,613.2,0.04
11,289.0,15.904399999999999,30.391199999999998,7.9215,85.03,24.6102,12.7345,18.5415,7.4595,2013.0,289.0,3.4368,21.426000000000002,0.0,59.41,5.0333000000000006,-3.5652,1.0299,2.918,2013.0,289.0,10.772633333333333,25.592066666666664,0.9802666666666666,70.05532000000001,15.1584,4.104660000000001,9.340466666666668,4.729119999999999,2013.0,5480.76,2274.25,463.04,1618.73,238.56,826.94,0.06
12,305.0,12.4726,31.0091,19.003700000000002,97.9016,16.451900000000002,7.680400000000001,12.3754,6.4041999999999994,2013.0,305.0,0.7803,19.776200000000003,0.0,57.8343,7.9132,-4.3657,0.5782,3.8897,2013.0,305.0,7.593264285714286,24.93545333333334,4.013433333333333,77.07412666666666,12.287926666666664,0.72378,6.047073333333333,5.187986666666666,2013.0,2939.17,1832.97,1530.26,2544.91,1380.23,610.65,2.39
