,DOY,INSgdmax,RADmax,RAINmax,RHmax,TMAXmax,TMINmax,Tmax,WINDmax,YEAR,DOY,INSgdmin,RADmin,RAINmin,RHmin,TMAXmin,TMINmin,Tmin,WINDmin,YEAR,DOY,INSgdmean,RADmean,RAINmean,RHmean,TMAXmean,TMINmean,Tmean,WINDmean,YEAR,NDVI,EVI,RED,NIR,BLUE,MIR,pixrel
0,113.0,27.0389,31.172400000000003,31.9319,94.1422,26.965700000000002,13.760100000000001,20.4161,9.407000000000002,2013.0,113.0,3.8387000000000002,19.7307,0.0,62.8607,3.8572,-6.6097,0.4048,2.9202,2013.0,113.0,18.217746666666667,25.454373333333336,5.58384,78.09706666666666,13.738606666666666,1.58602,7.843133333333334,5.832379999999999,2013.0,5137.09,1993.51,570.83,1574.55,317.66,843.68,0.11
1,129.0,29.2307,31.4267,25.4421,95.63010000000001,30.553300000000004,13.5779,21.1499,10.2391,2013.0,129.0,2.6557000000000004,20.3015,0.0,58.788399999999996,1.7160000000000002,-1.2214,0.6265,1.8381999999999998,2013.0,129.0,19.756586666666664,27.545193333333337,4.465746666666666,74.48004666666668,18.207839999999997,6.579973333333332,12.685740000000001,4.858326666666665,2013.0,5542.66,2509.86,554.0,1871.46,271.74,1034.28,0.0
2,145.0,29.7682,33.804399999999994,44.512899999999995,92.90839999999999,26.442,19.0732,22.2682,8.6174,2013.0,145.0,5.9263,24.8825,0.0,67.12530000000001,13.445,4.3816,11.5678,3.234000000000001,2013.0,145.0,17.688520000000004,30.945379999999997,10.974046666666666,83.33038666666668,22.08858,13.171766666666668,17.74911333333333,5.640466666666668,2013.0,6893.96,3818.61,460.67,2517.45,246.08,797.02,0.44
3,161.0,29.8429,35.498200000000004,19.2655,90.1147,29.7787,18.1,24.005500000000005,5.453900000000001,2013.0,161.0,5.065899999999999,26.105800000000002,0.0,65.4192,18.885099999999998,8.401000000000002,14.618699999999999,1.8304,2013.0,161.0,18.687753333333333,31.313599999999997,4.895359999999999,80.11989333333334,24.108213333333335,13.629166666666666,19.053819999999998,3.7491933333333334,2013.0,7646.37,4412.18,361.78,2729.78,203.8,644.1,0.0
4,177.0,29.552000000000003,36.218199999999996,27.9315,93.73440000000001,29.7136,22.4297,25.380899999999997,7.3901,2013.0,177.0,8.448500000000001,28.792400000000004,0.0,73.08720000000001,22.7196,13.6549,18.087200000000003,2.3002999999999996,2013.0,177.0,21.61613333333333,32.521993333333334,3.702446666666667,81.53052,26.60723333333333,17.79844,22.289446666666663,4.580813333333333,2013.0,8068.83,5149.78,330.39,3175.23,188.59,639.13,0.2
5,193.0,29.700699999999998,35.461400000000005,23.3836,87.5269,32.0496,22.8964,27.2867,5.6326,2013.0,193.0,2.4697999999999998,28.086099999999995,0.0,71.29860000000001,23.251900000000003,14.410499999999999,20.057699999999997,2.1813000000000002,2013.0,193.0,25.651853333333335,32.80039333333334,2.3276733333333337,79.57068000000001,28.852033333333335,18.663199999999996,24.077286666666673,3.995173333333333,2013.0,8376.62,5420.69,288.46,3307.0,166.96,559.03,0.81
6,209.0,26.5336,34.4138,3.1847000000000003,90.9755,29.3127,19.3172,24.548300000000005,5.7097999999999995,2013.0,209.0,8.030299999999999,27.1024,0.0,71.3824,17.336299999999998,9.0064,13.8532,1.9771,2013.0,209.0,21.177060000000004,30.71096666666667,0.6432399999999999,78.84054666666668,24.479586666666666,14.430926666666666,19.76304,3.442446666666667,2013.0,8119.44,5076.94,313.5,3094.94,186.88,566.16,0.34
7,225.0,24.3133,33.7972,4.101299999999999,81.69250000000001,29.005900000000004,18.3295,23.6417,4.9856,2013.0,225.0,13.9144,27.3236,0.0,64.08760000000001,22.1761,11.650900000000002,17.2168,0.9875999999999999,2013.0,225.0,21.74109333333334,30.275186666666663,0.5497066666666666,75.45090666666667,25.263033333333333,14.479866666666668,20.31334,2.907666666666666,2013.0,8144.88,4527.4,271.41,2656.98,157.26,504.05,0.0
8,241.0,23.1104,35.4179,15.3363,90.34509999999999,32.4315,22.0977,26.9698,5.3818,2013.0,241.0,14.184,26.3875,0.0,74.2949,21.885399999999997,9.1697,16.901899999999998,1.6677999999999997,2013.0,241.0,20.83922,32.62314666666667,1.8998000000000002,81.133,28.920973333333333,18.572180000000003,23.67650666666667,3.5700266666666667,2013.0,8002.56,4265.41,278.1,2504.45,157.73,485.84,0.18
9,257.0,21.420000000000005,34.6721,12.631799999999998,84.19669999999999,33.557300000000005,20.6095,26.217599999999997,6.2338000000000005,2013.0,257.0,3.9901999999999997,24.049300000000002,0.0,54.5134,19.679100000000002,7.044799999999999,13.203999999999999,2.6877,2013.0,257.0,15.099633333333337,30.623793333333328,2.0816466666666664,71.18038,25.765166666666673,14.07602666666667,19.62867333333333,4.4600599999999995,2013.0,7656.38,3868.34,310.43,2314.22,170.5,524.98,0.0
10,273.0,19.118900000000004,33.770300000000006,37.4618,93.03500000000001,28.5696,17.3002,21.5207,6.7462,2013.0,273.0,2.9579,24.622600000000002,0.0,61.244200000000006,9.768699999999999,3.7199000000000004,7.1232,2.8483000000000005,2013.0,273.0,13.735286666666667,28.22122666666667,4.327206666666666,72.95089999999998,22.888379999999998,10.070760000000002,16.2376,4.61654,2013.0,7068.43,3272.18,352.65,2029.96,182.48,586.65,0.0
11,289.0,15.881800000000002,30.0974,7.040399999999999,84.42380000000001,24.049800000000005,12.5032,18.2495,8.118599999999999,2013.0,289.0,3.7799999999999994,21.201799999999995,0.0,57.52660000000001,5.197400000000001,-4.436000000000001,0.5711999999999999,2.7299999999999995,2013.0,289.0,10.21912666666667,25.683146666666662,1.4178066666666669,69.97068000000002,14.619273333333334,3.49336,8.765673333333334,4.905119999999999,2013.0,5750.1,2461.77,472.37,1741.64,236.35,731.05,0.15
12,305.0,12.4915,29.806,18.655900000000003,97.7863,16.8358,7.560299999999999,12.7364,7.4144000000000005,2013.0,305.0,1.7318,19.1554,0.0,61.2308,7.6157,-4.6160000000000005,0.12840000000000001,3.9097000000000004,2013.0,305.0,8.160014285714285,24.44926,4.176260000000001,77.40726666666666,11.839173333333333,0.3898199999999999,5.63552,5.372186666666665,2013.0,5604.81,2382.86,542.79,1753.14,315.11,687.7,0.78
