,DOY,INSgdmax,RADmax,RAINmax,RHmax,TMAXmax,TMINmax,Tmax,WINDmax,YEAR,DOY,INSgdmin,RADmin,RAINmin,RHmin,TMAXmin,TMINmin,Tmin,WINDmin,YEAR,DOY,INSgdmean,RADmean,RAINmean,RHmean,TMAXmean,TMINmean,Tmean,WINDmean,YEAR,NDVI,EVI,RED,NIR,BLUE,MIR,pixrel
0,113.0,26.93,30.96,34.15,91.46,27.06,15.67,20.96,9.03,2013.0,113.0,4.57,20.66,0.0,63.98,5.68,-5.62,1.67,2.68,2013.0,113.0,19.490000000000002,25.99666666666666,5.595333333333333,76.50733333333334,14.681333333333333,2.530666666666667,8.788666666666666,5.620666666666668,2013.0,4363.79,1919.83,683.38,1684.85,374.84,1156.39,0.2
1,129.0,29.34,31.68,27.36,96.12,30.65,14.59,21.37,9.69,2013.0,129.0,3.38,20.74,0.0,55.58,2.26,-0.32,0.98,1.66,2013.0,129.0,18.715333333333334,27.794666666666668,5.71,76.534,18.26266666666667,7.166666666666668,13.003333333333332,4.664666666666665,2013.0,4735.59,2227.46,653.07,1845.49,340.91,1225.85,0.26
2,145.0,29.38,34.38,66.92,94.4,27.39,19.68,22.66,8.04,2013.0,145.0,7.67,25.92,0.0,72.11,18.41,6.1,13.54,3.07,2013.0,145.0,18.732666666666663,31.475333333333328,13.475999999999999,83.65799999999999,23.030000000000005,14.290666666666663,18.651999999999997,5.481333333333334,2013.0,5770.68,3004.89,580.17,2198.95,314.2,1050.32,0.18
3,161.0,29.84,35.42,14.24,89.98,30.6,19.09,24.74,6.81,2013.0,161.0,7.78,26.14,0.0,68.66,20.31,7.92,15.14,2.26,2013.0,161.0,20.064666666666668,31.45466666666666,3.2493333333333334,79.72333333333334,24.892,14.048666666666668,19.72533333333333,3.905333333333333,2013.0,6632.25,3807.2,527.42,2605.23,297.33,1070.14,0.06
4,177.0,28.76,35.6,15.6,90.25,30.91,22.48,25.86,6.77,2013.0,177.0,4.54,28.76,0.0,70.04,23.3,13.07,18.79,2.45,2013.0,177.0,21.828666666666667,32.414,2.5639999999999996,80.298,27.186666666666664,18.214000000000002,22.764,4.6273333333333335,2013.0,7186.94,4291.71,441.71,2791.04,257.09,891.36,0.14
5,193.0,29.27,36.83,12.7,84.86,32.08,22.44,26.97,5.18,2013.0,193.0,12.31,29.12,0.0,70.61,25.09,15.0,20.4,2.27,2013.0,193.0,25.381999999999994,33.148,1.8,78.73133333333334,29.11466666666667,18.946666666666665,24.285999999999998,4.1,2013.0,7483.09,4605.62,420.06,2979.63,242.38,834.19,0.2
6,209.0,28.3,35.24,5.85,90.43,29.84,19.53,25.13,5.01,2013.0,209.0,8.35,25.74,0.0,67.89,19.55,9.79,15.67,2.14,2013.0,209.0,20.627333333333333,31.418000000000003,1.0193333333333332,77.36066666666666,25.772,15.614,20.874000000000002,3.113333333333334,2013.0,7748.77,4712.2,364.56,2969.89,211.28,679.99,0.85
7,225.0,25.24,34.02,3.56,83.4,29.91,20.33,24.81,5.23,2013.0,225.0,16.45,28.51,0.0,62.29,20.42,12.07,16.59,1.8,2013.0,225.0,22.092000000000002,30.838,0.7446666666666667,71.9,26.515333333333334,15.469333333333331,21.122666666666667,2.9560000000000004,2013.0,7305.47,4113.89,393.36,2618.11,224.63,708.1,0.11
8,241.0,23.62,35.14,20.11,82.21,37.29,23.21,29.62,5.84,2013.0,241.0,10.01,26.86,0.0,52.15,26.57,11.59,19.78,1.68,2013.0,241.0,21.061999999999998,32.785999999999994,2.016,66.33933333333333,32.16,19.483999999999998,25.59666666666667,3.51,2013.0,6960.54,3590.65,393.65,2298.9,214.32,686.79,0.01
9,257.0,21.64,36.5,13.16,76.26,37.59,21.97,28.87,7.03,2013.0,257.0,5.04,24.01,0.0,43.63,21.67,7.11,14.61,2.29,2013.0,257.0,15.853999999999996,31.414666666666665,2.934,59.900000000000006,28.860666666666667,15.688000000000004,21.894666666666673,4.691333333333334,2013.0,6502.51,3372.1,473.48,2280.0,251.5,782.74,0.0
10,273.0,19.44,34.24,26.86,87.6,30.55,18.2,23.21,6.7,2013.0,273.0,3.1,24.95,0.0,53.63,10.36,4.07,7.82,3.33,2013.0,273.0,13.708666666666666,28.919333333333334,2.814666666666666,68.91133333333333,24.257333333333335,11.375333333333334,17.60666666666667,4.866,2013.0,5446.44,2546.64,544.92,1876.46,296.68,813.69,0.01
11,289.0,16.42,30.46,9.48,82.18,25.4,12.11,18.03,7.95,2013.0,289.0,4.1,21.78,0.0,50.97,6.41,-3.31,1.74,2.95,2013.0,289.0,10.390666666666668,25.878666666666664,1.8719999999999999,66.4,15.947333333333336,4.034000000000001,9.703999999999999,4.900666666666666,2013.0,4984.33,2434.73,662.19,1963.36,343.34,1088.99,0.61
12,305.0,13.14,30.53,40.03,97.38,20.04,8.72,14.28,7.32,2013.0,305.0,1.66,19.04,0.0,54.1,9.58,-3.14,1.5,4.24,2013.0,305.0,8.814285714285713,24.78000000000001,4.522666666666667,72.23333333333335,13.425999999999998,1.642,6.9673333333333325,5.262666666666666,2013.0,3663.77,1997.34,996.34,2064.18,701.32,1123.32,2.04
