,DOY,INSgdmax,RADmax,RAINmax,RHmax,TMAXmax,TMINmax,Tmax,WINDmax,YEAR,DOY,INSgdmin,RADmin,RAINmin,RHmin,TMAXmin,TMINmin,Tmin,WINDmin,YEAR,DOY,INSgdmean,RADmean,RAINmean,RHmean,TMAXmean,TMINmean,Tmean,WINDmean,YEAR,NDVI,EVI,RED,NIR,BLUE,MIR,pixrel
0,113.0,26.96,30.28,27.3,90.48,24.52,10.53,17.24,8.94,2013.0,113.0,1.22,19.3,0.0,63.04,1.42,-8.04,-0.71,3.09,2013.0,113.0,18.84,24.88066666666667,3.9513333333333325,76.09733333333334,13.650666666666668,0.6866666666666661,7.188666666666666,5.817333333333334,2013.0,2882.41,1420.46,1030.98,1816.03,576.51,1901.11,0.65
1,129.0,29.34,31.46,15.17,94.52,31.43,12.13,21.66,7.73,2013.0,129.0,4.61,20.77,0.0,51.28,2.08,-2.79,0.75,1.97,2013.0,129.0,18.571333333333328,27.305999999999997,2.402,76.15066666666665,17.188,5.557333333333335,11.683333333333332,4.819333333333335,2013.0,3798.43,1944.79,856.29,1925.58,463.82,1705.45,0.46
2,145.0,29.88,34.52,36.78,92.22,27.43,18.72,21.48,8.3,2013.0,145.0,5.36,24.84,0.0,67.99,15.0,5.38,12.4,2.18,2013.0,145.0,16.352,30.99866666666667,10.846666666666668,81.78666666666668,21.81933333333334,12.823333333333332,17.40266666666667,5.778666666666667,2013.0,4985.38,2848.23,753.61,2337.66,410.88,1508.46,0.08
3,161.0,30.06,35.1,19.58,89.31,29.93,19.03,23.24,6.38,2013.0,161.0,4.1,27.43,0.0,65.22,19.61,7.26,14.51,2.33,2013.0,161.0,18.845333333333333,31.298000000000005,4.29,79.00266666666668,24.185333333333336,13.164666666666669,18.91866666666667,4.1899999999999995,2013.0,6436.54,4252.28,638.5,3090.71,347.53,1302.28,0.22
4,177.0,28.58,35.57,13.02,92.84,30.0,22.66,25.45,7.34,2013.0,177.0,8.68,26.93,0.0,66.48,23.31,12.5,18.27,2.12,2013.0,177.0,22.516,32.224000000000004,3.3139999999999996,78.04133333333333,26.976666666666667,17.726666666666667,22.538666666666668,4.656666666666667,2013.0,7367.3,5200.65,544.21,3594.84,297.92,1002.49,0.38
5,193.0,29.77,35.5,10.87,85.84,31.28,21.9,26.3,6.32,2013.0,193.0,16.96,28.87,0.0,69.58,24.84,15.47,20.85,1.91,2013.0,193.0,26.551333333333332,33.17666666666666,2.344,77.67666666666669,28.825333333333333,18.858,24.039333333333328,4.387333333333333,2013.0,7575.16,5601.85,521.37,3866.18,287.4,913.32,0.03
6,209.0,28.66,33.73,13.54,89.71,30.38,18.57,24.24,5.65,2013.0,209.0,7.6,25.34,0.0,67.41,19.39,8.69,15.2,1.83,2013.0,209.0,20.821333333333335,30.746000000000002,1.5373333333333332,78.04866666666666,24.690000000000005,14.459333333333337,19.88666666666667,3.3273333333333337,2013.0,7540.57,5578.74,526.82,3861.68,287.3,820.15,0.53
7,225.0,25.63,33.23,13.7,83.8,29.41,19.92,24.47,5.8,2013.0,225.0,17.6,27.68,0.0,71.05,20.06,10.78,16.24,2.04,2013.0,225.0,21.959333333333337,30.484666666666666,1.1053333333333333,77.50666666666666,24.974000000000004,14.594666666666662,19.908,3.3566666666666665,2013.0,7080.69,4897.73,575.87,3432.32,308.54,873.05,0.01
8,241.0,23.54,34.81,23.58,85.94,33.05,22.32,27.19,6.48,2013.0,241.0,10.58,25.81,0.0,66.16,23.91,10.62,17.72,1.79,2013.0,241.0,21.259333333333334,32.65933333333333,2.7213333333333334,74.19933333333331,29.594000000000005,18.773333333333333,24.108666666666657,3.8193333333333332,2013.0,6279.78,3898.33,640.21,2844.41,335.37,1136.49,0.01
9,257.0,21.38,34.99,16.15,82.85,34.87,20.75,26.84,7.07,2013.0,257.0,4.28,23.94,0.0,51.26,20.95,7.34,14.47,2.01,2013.0,257.0,14.681333333333333,30.896666666666665,2.6159999999999997,63.92799999999999,26.200000000000003,14.685333333333336,20.277333333333335,4.501333333333333,2013.0,6215.25,4056.9,694.81,3051.25,357.29,1196.28,0.01
10,273.0,19.08,33.52,26.23,91.56,30.26,17.77,23.32,8.17,2013.0,273.0,3.92,24.77,0.0,51.57,9.34,4.04,6.65,2.83,2013.0,273.0,14.059999999999997,28.79933333333333,3.4320000000000004,67.49866666666665,23.249333333333333,10.764000000000001,16.72266666666667,5.463333333333333,2013.0,4764.94,2539.26,715.75,2111.05,380.53,1162.25,0.01
11,289.0,16.09,29.95,6.88,83.64,24.3,11.05,16.36,8.34,2013.0,289.0,4.03,21.96,0.0,51.68,5.05,-2.78,1.27,2.93,2013.0,289.0,10.301333333333332,25.679333333333332,1.2293333333333334,67.20799999999998,15.083333333333336,3.4939999999999993,8.604666666666668,5.234000000000001,2013.0,4164.77,2271.66,856.0,2124.17,461.91,1435.68,1.0
12,305.0,12.82,29.09,7.97,98.41,16.88,5.01,10.28,8.35,2013.0,305.0,1.37,19.26,0.0,57.57,5.06,-4.24,-0.48,3.12,2013.0,305.0,8.655,23.93466666666667,1.7153333333333334,75.54400000000001,10.978666666666667,0.024666666666666674,4.963333333333332,5.375333333333332,2013.0,3870.26,1932.5,816.13,1874.93,438.64,1460.07,0.24
