,DOY,INSgdmax,RADmax,RAINmax,RHmax,TMAXmax,TMINmax,Tmax,WINDmax,YEAR,DOY,INSgdmin,RADmin,RAINmin,RHmin,TMAXmin,TMINmin,Tmin,WINDmin,YEAR,DOY,INSgdmean,RADmean,RAINmean,RHmean,TMAXmean,TMINmean,Tmean,WINDmean,YEAR,NDVI,EVI,RED,NIR,BLUE,MIR,pixrel
0,113.0,27.29,30.1,45.85,90.89,26.88,15.82,20.7,9.14,2013.0,113.0,1.87,20.34,0.0,60.19,5.03,-6.03,1.67,1.77,2013.0,113.0,18.242,26.42,6.0653333333333315,75.10333333333332,15.301333333333337,2.660666666666666,9.104000000000001,5.482666666666669,2013.0,3836.21,2108.27,970.11,2180.87,483.02,2002.73,0.18
1,129.0,29.2,32.26,22.68,91.83,30.89,15.59,21.5,9.48,2013.0,129.0,5.47,21.67,0.0,55.5,4.18,0.22,2.46,2.03,2013.0,129.0,19.124,28.176,3.1033333333333335,76.19066666666666,18.796,7.558666666666668,13.303333333333335,4.566000000000001,2013.0,4838.72,3133.97,997.61,2875.65,506.83,2316.44,0.13
2,145.0,29.12,34.6,63.73,91.15,27.86,20.15,23.28,7.41,2013.0,145.0,6.91,26.75,0.0,68.97,17.35,8.58,13.33,4.21,2013.0,145.0,19.272666666666666,31.814666666666668,12.212666666666667,81.61666666666665,24.070666666666668,14.717333333333334,19.4,5.504666666666666,2013.0,6011.8,3934.89,715.94,2994.99,375.15,1509.14,0.58
3,161.0,30.02,35.03,11.48,87.94,32.16,21.33,25.16,7.07,2013.0,161.0,3.56,26.64,0.0,67.31,21.34,7.7,15.67,2.06,2013.0,161.0,18.105999999999998,31.802666666666664,3.2773333333333334,78.38133333333332,25.741333333333333,14.757999999999997,20.536666666666665,4.264,2013.0,5936.57,4176.15,860.14,3390.25,444.98,2010.65,0.1
4,177.0,29.3,36.07,18.43,87.38,31.92,22.59,25.97,6.54,2013.0,177.0,2.81,28.4,0.0,63.77,25.16,13.36,19.54,2.02,2013.0,177.0,21.689333333333344,32.346000000000004,3.846000000000001,76.224,28.013333333333332,18.57266666666667,23.35466666666667,4.685333333333334,2013.0,6983.71,5038.62,648.75,3661.63,345.1,1450.35,0.99
5,193.0,29.12,36.32,9.11,79.76,34.33,23.35,28.47,5.72,2013.0,193.0,18.25,30.2,0.0,67.91,28.49,16.76,22.79,1.9,2013.0,193.0,26.152857142857144,33.74933333333333,1.63,72.2,30.86133333333333,19.775333333333332,25.223333333333336,4.106,2013.0,7495.65,5488.79,543.06,3816.76,294.06,1123.29,0.26
6,209.0,28.01,35.35,10.14,91.85,33.29,20.12,27.36,4.6,2013.0,209.0,3.96,26.5,0.0,59.17,20.41,11.38,17.6,2.11,2013.0,209.0,20.584666666666667,32.288000000000004,1.748666666666667,74.39866666666667,27.09133333333333,16.913333333333334,22.114,3.1140000000000003,2013.0,7773.67,5490.85,452.09,3650.32,245.67,913.68,0.43
7,225.0,25.81,34.88,6.65,85.15,31.12,20.48,25.16,4.96,2013.0,225.0,7.13,28.84,0.0,64.56,20.2,13.53,17.33,1.47,2013.0,225.0,20.369999999999997,31.59333333333333,1.1053333333333335,72.77666666666667,26.993999999999996,16.603333333333335,21.79200000000001,2.968000000000001,2013.0,7336.15,5282.06,553.5,3672.03,301.18,1085.05,0.78
8,241.0,23.83,35.28,17.2,73.75,38.49,22.82,30.08,5.41,2013.0,241.0,9.94,27.47,0.0,46.96,29.4,13.02,21.48,1.43,2013.0,241.0,20.628,32.97466666666667,1.7206666666666666,60.42466666666665,33.41,19.874,26.344666666666672,3.376666666666667,2013.0,6860.16,4673.11,611.64,3335.78,325.99,1089.16,0.0
9,257.0,21.74,36.29,31.7,87.39,38.78,23.07,29.45,7.2,2013.0,257.0,6.05,24.26,0.0,43.04,21.94,7.68,15.64,2.04,2013.0,257.0,16.624000000000002,31.944666666666663,4.894000000000001,59.099333333333334,29.81533333333333,16.584,22.766666666666666,4.586666666666668,2013.0,5588.89,3551.91,824.91,2908.36,421.88,1390.09,0.0
10,273.0,19.91,34.27,12.59,82.44,30.31,18.39,23.51,6.93,2013.0,273.0,4.07,24.41,0.0,47.44,11.17,3.9,8.29,2.92,2013.0,273.0,14.899333333333335,28.989333333333335,1.646,67.92933333333332,24.522000000000002,11.676666666666668,17.888666666666666,5.107999999999999,2013.0,5369.48,3083.86,730.95,2457.96,376.39,1379.66,0.0
11,289.0,16.92,32.0,7.25,81.07,25.38,12.4,17.73,7.93,2013.0,289.0,3.35,22.72,0.0,45.84,7.44,-2.44,2.71,2.62,2013.0,289.0,11.204,26.064666666666668,0.7886666666666666,64.54333333333332,17.175333333333334,4.592,10.463333333333333,4.870000000000001,2013.0,4985.24,2915.29,841.0,2499.75,434.27,1464.63,0.01
12,305.0,14.0,30.96,30.81,98.0,20.8,9.79,14.78,8.03,2013.0,305.0,1.48,19.51,0.0,53.21,8.57,-2.63,3.17,3.47,2013.0,305.0,8.745714285714287,24.90933333333333,3.316666666666667,70.13733333333333,14.697333333333331,2.6506666666666665,8.074666666666666,5.074666666666667,2013.0,4112.01,2404.3,1016.42,2416.38,518.45,1753.01,0.0
