,DOY,INSgdmax,RADmax,RAINmax,RHmax,TMAXmax,TMINmax,Tmax,WINDmax,YEAR,DOY,INSgdmin,RADmin,RAINmin,RHmin,TMAXmin,TMINmin,Tmin,WINDmin,YEAR,DOY,INSgdmean,RADmean,RAINmean,RHmean,TMAXmean,TMINmean,Tmean,WINDmean,YEAR,NDVI,EVI,RED,NIR,BLUE,MIR,pixrel
0,113.0,27.049599999999998,31.064799999999998,33.865199999999994,94.19200000000001,27.146400000000003,14.778,20.7468,9.4036,2013.0,113.0,4.0952,19.9252,0.0,63.2912,4.5164,-6.183999999999999,0.8996,2.856,2013.0,113.0,18.439733333333333,25.737653333333334,5.783733333333334,77.97869333333333,14.133893333333333,2.0717600000000003,8.24072,5.731333333333333,2013.0,4436.87,1783.33,779.72,1687.87,488.36,1010.94,0.13
1,129.0,29.220399999999998,31.5452,25.7536,95.24239999999999,30.5884,14.1116,21.255599999999998,10.1604,2013.0,129.0,2.8232,20.4056,0.0,58.97279999999999,2.0591999999999997,-0.8167999999999999,0.8540000000000001,1.8496000000000001,2013.0,129.0,19.21416,27.68410666666667,4.585466666666665,74.82090666666667,18.38517333333333,6.92648,12.957013333333332,4.775626666666666,2013.0,4894.4,2227.59,598.25,1815.56,288.62,1170.62,5.1
2,145.0,29.7348,34.1808,49.1612,93.6464,26.6096,19.262399999999996,22.4268,8.5016,2013.0,145.0,6.236000000000001,24.9696,0.0,68.0284,14.742,4.9112,12.107199999999999,3.1088000000000005,2013.0,145.0,17.987973333333336,31.1544,11.56008,83.56706666666668,22.405493333333336,13.665573333333334,18.095439999999996,5.593066666666667,2013.0,6754.08,3822.72,453.59,2546.48,244.7,816.81,2.64
3,161.0,29.830399999999997,35.522400000000005,19.8112,89.85079999999999,29.9208,18.218400000000003,24.394000000000002,5.8340000000000005,2013.0,161.0,4.8224,25.9848,0.0,66.08840000000001,19.4816,8.538,14.799199999999999,1.9163999999999999,2013.0,161.0,18.75864,31.399999999999995,4.5084,79.90215999999998,24.38874666666667,13.836613333333336,19.31602666666667,3.7264000000000004,2013.0,7305.76,4452.79,382.96,2869.76,206.8,722.33,5.1
4,177.0,29.409599999999998,36.092,28.230800000000002,92.9076,30.068399999999997,22.4652,25.5368,7.214,2013.0,177.0,7.551200000000001,28.592,0.0,72.8772,22.8608,13.3048,18.4356,2.4663999999999997,2013.0,177.0,21.515973333333335,32.55002666666667,3.58184,81.34848,26.782826666666665,17.92904,22.452719999999996,4.564453333333333,2013.0,7988.52,5393.38,328.94,3399.78,184.44,649.5,2.82
5,193.0,29.6648,35.9656,20.5108,87.134,32.190799999999996,22.752799999999997,27.3316,5.4956,2013.0,193.0,4.098,28.092799999999997,0.0,71.4028,23.7272,14.4452,20.156,2.1224000000000003,2013.0,193.0,25.371413333333333,32.84626666666667,2.1029333333333335,79.31586666666666,28.983653333333336,18.709813333333333,24.175280000000008,3.959413333333333,2013.0,8115.3,5684.05,323.82,3610.25,182.77,622.43,3.49
6,209.0,26.6676,34.6728,5.8064,90.55120000000001,29.444399999999998,19.496,24.729200000000002,5.450799999999999,2013.0,209.0,7.546799999999999,26.959600000000002,0.0,70.42320000000001,17.912399999999998,9.358799999999999,14.3364,2.0888,2013.0,209.0,20.902240000000003,30.95218666666667,0.9602666666666667,77.94696,24.933919999999997,14.837706666666666,20.15114666666667,3.361840000000001,2013.0,7922.24,5276.08,312.78,3312.83,173.26,597.29,5.29
7,225.0,24.773600000000002,33.85759999999999,5.2048000000000005,81.50720000000001,29.685200000000002,18.912,24.123199999999997,4.848800000000001,2013.0,225.0,14.2552,27.748800000000003,0.0,62.4152,22.2472,11.746,17.284,1.1911999999999998,2013.0,225.0,21.72058666666667,30.451999999999995,0.6420533333333333,73.20389333333334,25.930079999999997,14.78224,20.72197333333333,2.9183999999999997,2013.0,7907.51,4749.94,276.22,2887.57,148.47,554.09,5.1
8,241.0,23.2476,35.5128,13.231200000000001,86.5528,34.6252,22.528800000000004,28.227600000000002,5.4824,2013.0,241.0,12.584800000000001,26.5628,0.0,66.5372,23.537599999999998,9.6592,17.677599999999998,1.6956,2013.0,241.0,20.939573333333335,32.73170666666667,1.5850400000000002,75.33784,30.353386666666665,18.902,24.490693333333333,3.554426666666666,2013.0,7821.76,4602.76,279.27,2796.14,154.44,521.19,5.24
9,257.0,21.4648,35.1884,12.5992,80.0852,35.2304,21.1828,27.308,6.2556,2013.0,257.0,4.3104,24.1428,0.0,50.1228,20.3164,7.3156,13.689599999999999,2.8179999999999996,2013.0,257.0,15.376426666666667,30.86949333333333,2.1148533333333335,67.05173333333335,26.976026666666673,14.656640000000003,20.4796,4.535093333333332,2013.0,7688.9,4302.39,294.56,2606.83,161.97,543.85,2.56
10,273.0,19.2448,33.8948,32.608,90.1696,29.2608,17.738400000000002,21.9964,6.6088,2013.0,273.0,3.0076,24.7256,0.0,59.598,10.025599999999999,3.9376000000000007,7.430400000000001,2.7188,2013.0,273.0,13.766746666666666,28.43026666666667,3.935653333333333,71.13421333333332,23.62949333333333,10.49338666666667,16.795733333333335,4.5994399999999995,2013.0,6843.37,3468.01,385.64,2241.48,195.97,674.31,2.56
11,289.0,16.0176,30.042400000000004,6.742799999999999,84.2188,24.6836,12.6828,18.6056,8.008,2013.0,289.0,3.7447999999999997,21.315199999999997,0.0,55.9024,5.1808,-4.1744,0.938,2.8068,2013.0,289.0,10.540293333333334,25.711546666666663,1.3533866666666667,68.63480000000001,15.177173333333332,3.7856799999999997,9.195093333333332,4.882666666666665,2013.0,5804.78,2661.72,450.02,1879.14,223.28,815.08,5.28
12,305.0,12.755600000000001,30.190799999999996,23.964399999999998,97.6584,17.2172,7.9696,13.123999999999999,7.1764,2013.0,305.0,1.8452000000000002,19.1052,0.0,58.4752,8.205599999999999,-4.316000000000001,0.5396,3.9067999999999996,2013.0,305.0,8.21877142857143,24.59456,4.913280000000001,75.90512,12.461173333333331,0.722,6.08624,5.298853333333332,2013.0,5200.88,2277.89,796.24,1976.66,573.97,757.5,1.33
