,DOY,INSgdmax,RADmax,RAINmax,RHmax,TMAXmax,TMINmax,Tmax,WINDmax,YEAR,DOY,INSgdmin,RADmin,RAINmin,RHmin,TMAXmin,TMINmin,Tmin,WINDmin,YEAR,DOY,INSgdmean,RADmean,RAINmean,RHmean,TMAXmean,TMINmean,Tmean,WINDmean,YEAR,NDVI,EVI,RED,NIR,BLUE,MIR,pixrel
0,113.0,26.57,29.84,21.75,94.07,23.22,11.45,17.34,8.94,2013.0,113.0,2.99,19.19,0.0,69.65,1.5,-10.46,-1.7,2.88,2013.0,113.0,18.41133333333333,24.768666666666658,4.823333333333333,83.19066666666667,11.448,0.26799999999999974,6.0473333333333334,5.595333333333332,2013.0,3345.75,1473.47,1151.5,1931.39,792.55,967.74,0.68
1,129.0,29.23,30.64,30.7,97.83,28.81,13.57,20.12,9.15,2013.0,129.0,3.2,19.91,0.0,60.35,0.29,-2.39,-0.61,1.82,2013.0,129.0,18.42733333333333,26.78133333333334,3.9286666666666665,77.33533333333334,16.106,5.0233333333333325,10.915333333333333,4.648,2013.0,4277.97,1892.65,669.72,1676.55,329.17,1331.75,0.0
2,145.0,30.17,33.37,38.72,95.19,25.65,18.2,21.45,8.68,2013.0,145.0,2.81,23.54,0.0,70.01,13.68,2.65,10.55,2.82,2013.0,145.0,15.479999999999997,30.529999999999994,8.276666666666667,84.37200000000001,20.57933333333333,11.320666666666666,16.196666666666665,5.72,2013.0,5845.11,3301.03,605.49,2403.41,356.86,989.0,0.67
3,161.0,30.02,34.7,29.37,92.54,29.31,17.45,22.41,5.76,2013.0,161.0,4.36,27.58,0.0,66.48,16.57,7.07,13.7,1.78,2013.0,161.0,18.076666666666668,31.019999999999996,6.518666666666666,81.82733333333334,22.684,12.688666666666666,17.783333333333335,3.746666666666667,2013.0,7839.13,4718.59,326.49,2900.84,181.51,643.15,0.0
4,177.0,29.41,36.22,27.47,94.29,28.4,21.68,24.65,7.32,2013.0,177.0,6.7,27.94,0.0,71.31,21.67,12.55,17.17,1.93,2013.0,177.0,21.781999999999996,32.31533333333333,4.727333333333334,82.04933333333332,25.706000000000003,17.232666666666667,21.643333333333334,4.514,2013.0,8335.79,5438.71,284.47,3329.53,159.29,592.93,0.65
5,193.0,29.88,35.21,27.44,87.91,31.17,22.35,26.7,6.23,2013.0,193.0,7.34,27.9,0.0,68.24,22.56,14.49,19.74,2.1,2013.0,193.0,25.768666666666668,32.66133333333334,2.9979999999999993,79.46333333333334,28.23266666666667,18.590000000000007,23.6,4.210666666666667,2013.0,8484.17,5591.83,272.35,3396.92,153.3,610.46,0.26
6,209.0,25.63,33.26,12.43,89.91,28.93,18.32,23.47,6.02,2013.0,209.0,10.76,26.64,0.0,71.97,16.42,7.76,12.79,1.68,2013.0,209.0,18.51533333333333,30.345999999999993,1.7406666666666668,80.22733333333333,23.097333333333335,13.106666666666667,18.6,3.408,2013.0,8326.78,5337.18,278.38,3237.94,154.4,599.37,0.28
7,225.0,25.34,33.44,2.85,86.72,28.1,18.04,23.25,5.56,2013.0,225.0,10.84,26.68,0.0,65.06,21.1,11.12,16.69,1.43,2013.0,225.0,21.478666666666673,29.778666666666666,0.2873333333333334,77.36666666666665,24.161333333333335,13.850666666666665,19.293999999999997,3.0200000000000005,2013.0,8045.45,4938.46,313.36,3022.52,172.39,610.64,0.02
8,241.0,22.82,35.1,12.84,87.65,30.97,21.6,26.22,6.42,2013.0,241.0,11.27,26.57,0.0,79.08,19.91,9.44,15.26,1.73,2013.0,241.0,19.886000000000003,32.40133333333333,1.7839999999999998,84.36399999999999,27.226666666666667,17.326,22.40066666666667,3.8853333333333335,2013.0,8026.22,4812.03,308.92,2930.32,171.3,624.06,0.08
9,257.0,21.1,34.45,7.68,87.3,28.69,19.74,23.88,6.28,2013.0,257.0,5.36,23.36,0.0,67.76,17.34,6.37,11.35,2.4,2013.0,257.0,14.730666666666668,29.969999999999995,1.0153333333333334,78.32266666666665,23.061333333333337,12.56733333333333,17.77,4.424,2013.0,7357.4,3796.16,344.66,2334.24,186.89,640.97,0.0
10,273.0,18.61,33.16,18.47,96.77,26.63,15.36,19.62,7.21,2013.0,273.0,2.74,24.84,0.0,62.22,11.22,2.0,7.15,2.47,2013.0,273.0,13.14933333333333,27.917333333333335,2.993333333333333,77.10466666666666,21.215333333333334,8.845333333333334,14.869333333333337,4.802666666666667,2013.0,6550.08,3075.63,410.81,2026.41,198.36,689.87,0.0
11,289.0,15.52,30.1,14.99,85.52,22.35,11.64,17.08,7.95,2013.0,289.0,3.6,21.24,0.0,63.46,4.28,-4.41,-0.43,2.57,2013.0,289.0,9.638666666666666,25.155333333333328,1.7086666666666666,74.84866666666667,13.097333333333333,2.466666666666666,7.446666666666669,4.941333333333334,2013.0,5083.77,2370.81,578.76,1851.52,282.77,986.33,0.45
12,305.0,12.2,29.38,15.52,99.3,14.93,5.36,10.33,7.56,2013.0,305.0,1.33,19.84,0.0,66.13,3.88,-5.88,-2.17,3.99,2013.0,305.0,7.705000000000001,23.800666666666665,3.2566666666666673,81.91533333333334,9.527999999999997,-0.964,3.8833333333333324,5.36,2013.0,4915.09,1982.21,523.2,1541.66,263.02,856.19,0.45
