,DOY,INSgdmax,RADmax,RAINmax,RHmax,TMAXmax,TMINmax,Tmax,WINDmax,YEAR,DOY,INSgdmin,RADmin,RAINmin,RHmin,TMAXmin,TMINmin,Tmin,WINDmin,YEAR,DOY,INSgdmean,RADmean,RAINmean,RHmean,TMAXmean,TMINmean,Tmean,WINDmean,YEAR,NDVI,EVI,RED,NIR,BLUE,MIR,pixrel
0,113.0,26.75,30.46,22.22,91.66,24.14,8.97,16.13,10.18,2013.0,113.0,2.16,19.94,0.0,61.66,1.38,-8.57,-1.38,3.38,2013.0,113.0,17.538666666666668,24.38799999999999,4.190666666666667,73.8,12.395333333333332,-0.4833333333333327,6.094666666666667,6.011333333333332,2013.0,2646.27,1269.39,1028.0,1742.68,538.16,1713.73,0.65
1,129.0,29.12,31.25,9.29,93.3,31.99,12.34,21.32,8.59,2013.0,129.0,5.58,20.56,0.0,50.02,4.2,-3.28,1.22,2.18,2013.0,129.0,18.71466666666667,27.15666666666667,1.343333333333333,73.66333333333331,17.333333333333332,4.8213333333333335,11.274666666666667,4.786,2013.0,3304.82,1492.52,810.16,1616.5,407.59,1406.42,0.06
2,145.0,30.17,33.7,30.22,93.1,27.45,18.02,21.62,8.47,2013.0,145.0,5.69,23.29,0.0,64.41,13.32,4.24,11.33,2.16,2013.0,145.0,14.846666666666666,30.947999999999993,7.962,80.71466666666667,21.12533333333333,11.567333333333334,16.439999999999998,5.858666666666665,2013.0,4428.28,2151.88,687.14,1848.52,350.79,1095.39,0.19
3,161.0,30.17,35.03,21.34,90.22,28.46,17.95,21.77,6.42,2013.0,161.0,2.92,28.04,0.0,64.62,17.41,6.81,13.83,2.12,2013.0,161.0,17.180666666666664,31.208666666666673,5.987333333333334,78.90533333333335,23.244666666666667,12.490666666666666,18.003333333333334,4.166,2013.0,5229.29,2966.99,699.98,2363.12,364.72,1374.65,0.1
4,177.0,28.51,36.72,16.63,91.96,29.73,22.74,25.21,7.66,2013.0,177.0,5.33,26.78,0.0,65.22,22.96,11.86,18.2,1.87,2013.0,177.0,24.378,32.038,2.9866666666666664,77.33133333333333,26.827333333333335,17.663333333333338,22.407333333333337,4.662000000000002,2013.0,6911.68,4422.24,540.16,3060.09,281.78,1290.05,0.66
5,193.0,29.63,35.35,14.13,83.12,31.19,21.64,26.19,7.02,2013.0,193.0,14.72,27.86,0.0,67.31,25.2,14.38,20.88,2.6,2013.0,193.0,26.511999999999997,32.965333333333334,1.8939999999999997,77.00866666666666,28.546666666666667,18.632,23.84133333333334,4.627999999999999,2013.0,7338.1,4836.36,475.22,3247.36,246.27,1053.59,0.38
6,209.0,27.25,33.44,12.47,88.22,29.29,18.72,23.16,5.95,2013.0,209.0,8.6,25.7,0.0,70.72,18.59,7.57,14.16,1.76,2013.0,209.0,19.549333333333333,30.467333333333332,1.6386666666666663,78.36933333333334,23.657999999999998,13.403333333333334,18.970666666666666,3.3193333333333332,2013.0,7454.19,5236.24,505.45,3612.19,264.19,994.33,0.41
7,225.0,25.7,33.62,19.16,87.1,29.47,18.96,24.2,5.37,2013.0,225.0,10.22,27.18,0.0,71.05,19.31,9.97,16.99,1.79,2013.0,225.0,21.65066666666667,29.902,1.5453333333333332,78.53133333333334,24.24866666666667,13.992666666666668,19.272666666666666,3.299333333333334,2013.0,7027.94,4498.95,530.29,3089.63,279.39,977.28,0.1
8,241.0,23.26,35.86,9.94,85.64,32.15,22.78,27.51,7.21,2013.0,241.0,15.19,25.38,0.0,66.96,22.38,9.58,16.65,1.85,2013.0,241.0,20.823999999999998,32.769333333333336,1.6999999999999997,76.81400000000001,28.80666666666667,18.265333333333334,23.62866666666666,4.012,2013.0,6526.58,3986.11,599.14,2857.74,309.15,1151.62,0.05
9,257.0,20.95,35.68,7.66,83.23,33.12,20.12,25.55,6.5,2013.0,257.0,4.79,23.94,0.0,53.65,19.3,5.93,13.28,2.16,2013.0,257.0,13.778666666666668,30.61066666666666,1.6866666666666668,68.04866666666666,25.052,13.618,19.148666666666664,4.383333333333334,2013.0,5684.68,3444.31,733.33,2700.38,379.49,1294.36,0.0
10,273.0,18.29,33.19,18.82,95.89,29.51,17.56,23.05,8.68,2013.0,273.0,4.5,25.02,0.0,50.5,9.51,4.0,6.65,2.65,2013.0,273.0,13.159999999999995,28.605999999999998,2.4033333333333333,68.85266666666666,22.36933333333333,10.244000000000002,16.035333333333334,5.562666666666667,2013.0,4854.86,2590.22,735.16,2173.33,371.59,1229.6,0.0
11,289.0,15.26,30.13,9.62,87.43,24.2,10.53,16.19,8.21,2013.0,289.0,2.56,21.92,0.0,54.34,4.05,-3.96,0.52,2.6,2013.0,289.0,9.686,25.11533333333334,1.133333333333333,68.56733333333334,14.015333333333333,2.9666666666666672,7.745333333333332,5.35,2013.0,4225.43,2167.17,790.74,2000.46,394.09,1390.93,0.87
12,305.0,12.1,28.15,7.21,97.06,15.77,4.06,8.91,8.73,2013.0,305.0,1.76,19.84,0.0,61.85,3.47,-6.42,-1.98,2.97,2013.0,305.0,7.724285714285714,23.79866666666667,1.6246666666666667,77.232,9.989333333333331,-1.088666666666667,3.8953333333333338,5.346666666666667,2013.0,3662.62,1777.49,830.89,1815.69,417.39,1536.56,0.47
