,DOY,INSgdmax,RADmax,RAINmax,RHmax,TMAXmax,TMINmax,Tmax,WINDmax,YEAR,DOY,INSgdmin,RADmin,RAINmin,RHmin,TMAXmin,TMINmin,Tmin,WINDmin,YEAR,DOY,INSgdmean,RADmean,RAINmean,RHmean,TMAXmean,TMINmean,Tmean,WINDmean,YEAR,NDVI,EVI,RED,NIR,BLUE,MIR,pixrel
0,113.0,26.71,30.64,45.26,95.65,27.07,14.97,20.83,9.48,2013.0,113.0,4.46,19.55,0.0,65.37,4.14,-5.6,0.77,2.93,2013.0,113.0,18.019333333333336,25.590666666666667,6.019333333333334,79.10600000000002,13.965333333333335,2.288,8.221333333333332,5.737333333333334,2013.0,4265.78,1749.02,827.43,1721.95,569.71,900.17,0.43
1,129.0,29.12,31.43,25.53,93.47,29.65,13.22,20.43,9.98,2013.0,129.0,3.67,20.2,0.0,60.54,3.73,-0.82,1.33,1.7,2013.0,129.0,19.89666666666666,27.334666666666667,4.906000000000001,75.96866666666666,18.12066666666667,6.922,12.804666666666668,4.597333333333333,2013.0,4725.41,2055.64,602.81,1671.93,308.32,1190.42,0.01
2,145.0,29.56,34.27,43.42,92.72,26.16,19.26,22.05,8.6,2013.0,145.0,4.97,24.52,0.0,67.04,12.24,5.0,10.51,3.77,2013.0,145.0,17.54266666666667,30.95133333333333,11.342666666666668,84.46599999999998,21.811333333333334,13.3,17.702666666666666,5.533333333333334,2013.0,6229.43,3251.36,499.03,2227.87,270.58,905.83,0.49
3,161.0,29.52,35.57,21.06,92.94,29.57,18.25,23.96,5.4,2013.0,161.0,2.48,25.63,0.0,67.16,19.15,8.15,14.41,1.86,2013.0,161.0,18.551333333333336,31.45533333333333,4.511333333333334,80.922,23.631333333333327,13.751333333333331,18.913333333333338,3.505333333333333,2013.0,7361.69,4362.51,411.55,2780.28,232.91,770.34,0.0
4,177.0,29.45,36.32,28.78,94.3,28.69,22.13,25.1,6.83,2013.0,177.0,5.72,28.22,0.0,71.92,22.41,11.98,18.67,1.74,2013.0,177.0,21.666,32.418,4.9959999999999996,83.10666666666665,26.104,17.544,21.973333333333336,4.425333333333332,2013.0,8309.57,4844.72,249.78,2825.98,146.87,501.09,0.02
5,193.0,29.23,35.46,20.52,90.01,31.65,22.72,27.27,5.39,2013.0,193.0,9.94,28.12,0.0,73.08,25.34,13.69,20.4,2.25,2013.0,193.0,25.000000000000004,32.72933333333334,2.7586666666666675,80.93933333333334,28.712666666666667,18.536,24.021333333333338,3.790666666666666,2013.0,8383.87,5414.23,275.31,3269.89,159.19,589.73,0.36
6,209.0,26.82,34.31,13.22,91.45,28.76,19.47,24.39,5.64,2013.0,209.0,8.35,27.94,0.0,69.67,17.33,9.46,13.88,1.69,2013.0,209.0,21.29533333333333,30.773333333333333,1.964,79.464,24.192000000000004,14.258666666666668,19.568,3.4520000000000004,2013.0,8345.93,5020.5,260.7,2967.81,155.88,520.05,0.35
7,225.0,24.95,33.59,5.05,82.25,28.6,17.95,23.44,4.66,2013.0,225.0,16.31,26.6,0.0,68.09,21.53,11.75,17.08,1.16,2013.0,225.0,21.15,30.285333333333327,0.5186666666666666,76.084,25.11333333333334,14.405333333333333,20.228666666666665,2.950666666666666,2013.0,8043.16,4677.93,292.52,2796.4,166.69,537.77,0.03
8,241.0,23.08,35.93,9.42,92.95,32.32,22.26,26.95,5.15,2013.0,241.0,11.52,26.1,0.0,77.23,21.27,8.94,16.3,1.94,2013.0,241.0,20.349333333333334,32.57933333333334,1.106,83.20400000000001,28.24266666666667,17.986666666666668,23.124666666666663,3.5486666666666666,2013.0,8211.3,4512.62,248.2,2610.66,143.01,504.1,0.69
9,257.0,21.38,34.7,15.07,84.76,32.48,20.6,25.81,5.85,2013.0,257.0,6.73,23.87,0.0,60.37,18.74,6.48,12.8,2.72,2013.0,257.0,15.607333333333337,30.414666666666673,2.3066666666666666,74.92333333333335,24.887999999999998,13.876666666666667,19.173999999999996,4.4319999999999995,2013.0,7389.4,3590.54,318.93,2154.88,179.22,549.96,0.0
10,273.0,19.08,33.55,27.02,92.24,27.74,17.24,20.94,6.46,2013.0,273.0,3.06,24.44,0.0,64.07,10.27,3.5,6.73,2.42,2013.0,273.0,13.604666666666668,27.85733333333333,2.451333333333333,74.77133333333333,22.773999999999997,9.936000000000002,16.06,4.3646666666666665,2013.0,6462.89,2894.06,402.59,1891.51,201.04,605.15,0.0
11,289.0,15.8,30.6,8.4,84.45,23.92,12.43,18.15,7.59,2013.0,289.0,3.46,21.31,0.0,62.02,5.39,-3.89,0.65,2.86,2013.0,289.0,10.433333333333332,25.516666666666666,0.93,71.97666666666667,14.532000000000004,3.7893333333333334,8.870666666666668,4.711333333333332,2013.0,5418.89,2256.87,476.77,1622.96,249.55,809.32,0.25
12,305.0,12.2,30.78,18.27,97.89,16.13,6.88,12.01,6.41,2013.0,305.0,0.76,19.84,0.0,60.54,7.31,-4.56,0.12,3.91,2013.0,305.0,7.545,24.85,3.735999999999999,78.85066666666665,11.7,0.41,5.581333333333332,5.214666666666667,2013.0,4597.28,2346.8,798.33,2027.73,542.91,746.83,1.56
