,DOY,INSgdmax,RADmax,RAINmax,RHmax,TMAXmax,TMINmax,Tmax,WINDmax,YEAR,DOY,INSgdmin,RADmin,RAINmin,RHmin,TMAXmin,TMINmin,Tmin,WINDmin,YEAR,DOY,INSgdmean,RADmean,RAINmean,RHmean,TMAXmean,TMINmean,Tmean,WINDmean,YEAR,NDVI,EVI,RED,NIR,BLUE,MIR,pixrel
0,113.0,27.22,30.02,50.2,97.07,26.85,15.67,20.58,8.26,2013.0,113.0,2.27,21.49,0.0,63.36,6.84,-4.86,2.77,2.0,2013.0,113.0,18.235333333333333,26.587333333333337,7.088666666666668,78.02733333333332,15.476,3.202,9.345333333333334,5.243333333333334,2013.0,4739.63,2853.05,902.67,2550.45,472.18,1772.09,0.55
1,129.0,29.3,32.62,29.99,91.06,29.86,16.01,21.35,9.64,2013.0,129.0,3.28,21.02,0.0,55.41,3.32,0.22,1.4,1.73,2013.0,129.0,18.252,28.04866666666667,4.71,77.39466666666665,18.698,7.5280000000000005,13.394666666666668,4.393333333333333,2013.0,5596.38,3609.71,806.41,2903.14,426.68,1803.0,0.09
2,145.0,29.23,35.06,82.72,93.63,27.43,20.07,22.99,7.71,2013.0,145.0,8.17,25.7,0.0,72.49,18.5,7.29,14.08,4.13,2013.0,145.0,18.802,31.946000000000005,14.570666666666664,84.1,23.831333333333337,14.906666666666665,19.40866666666667,5.445333333333334,2013.0,6869.04,5210.5,690.88,3828.29,399.07,1289.3,1.38
3,161.0,30.02,35.1,17.79,89.62,31.7,20.18,25.73,7.33,2013.0,161.0,5.26,25.85,0.0,68.31,21.06,8.45,15.35,1.71,2013.0,161.0,18.667333333333332,31.658000000000005,3.3526666666666665,79.36200000000001,25.54799999999999,14.94,20.495333333333335,3.8793333333333337,2013.0,6538.63,4598.13,697.61,3409.27,374.3,1547.34,0.02
4,177.0,28.8,35.71,14.52,90.58,31.61,22.76,25.87,6.32,2013.0,177.0,3.46,28.22,0.0,68.96,24.34,12.35,19.41,1.74,2013.0,177.0,21.355333333333327,32.45466666666667,3.1966666666666663,79.25399999999999,27.685333333333332,18.354,23.108666666666668,4.600666666666667,2013.0,6821.85,5065.07,712.07,3767.33,388.09,1618.65,0.34
5,193.0,29.23,36.43,9.24,84.46,31.92,22.46,27.4,4.93,2013.0,193.0,12.2,29.45,0.0,71.3,26.31,15.63,20.93,2.04,2013.0,193.0,25.2,33.27,1.4866666666666666,77.626,29.40666666666666,19.173999999999996,24.510666666666662,3.7640000000000002,2013.0,7116.44,5245.47,637.57,3772.71,355.24,1306.09,0.29
6,209.0,28.22,35.39,8.0,90.27,30.44,20.16,25.69,4.04,2013.0,209.0,4.57,26.06,0.0,64.46,21.55,10.39,16.9,1.98,2013.0,209.0,20.044,32.14266666666666,1.8693333333333333,76.80066666666667,26.459333333333333,16.374000000000002,21.63933333333334,2.9099999999999993,2013.0,7765.12,6009.45,517.08,4165.64,286.74,1097.62,0.45
7,225.0,26.1,34.99,10.53,87.14,31.04,20.8,25.05,4.34,2013.0,225.0,8.32,29.05,0.0,61.08,19.7,12.65,16.64,1.76,2013.0,225.0,20.664666666666665,31.382,1.1099999999999999,70.234,27.340666666666667,16.138,21.77466666666667,2.828666666666666,2013.0,7554.79,5460.15,506.45,3713.51,282.43,1067.26,0.93
8,241.0,23.87,35.6,15.64,72.2,38.84,23.37,30.36,5.31,2013.0,241.0,9.14,27.65,0.0,42.62,29.68,12.94,21.6,1.59,2013.0,241.0,20.38266666666667,32.87733333333333,1.254,58.91600000000001,33.870000000000005,19.929333333333332,26.535333333333327,3.349333333333334,2013.0,7214.36,4889.15,531.75,3342.98,291.66,1006.8,0.0
9,257.0,22.03,36.18,19.06,85.98,38.18,23.27,29.82,6.41,2013.0,257.0,4.75,23.9,0.0,41.43,21.66,7.49,15.32,2.28,2013.0,257.0,16.402,31.874000000000006,3.4079999999999995,57.751333333333335,29.966666666666676,16.596,22.88,4.4946666666666655,2013.0,6487.95,4104.36,619.49,2952.2,329.94,1178.64,0.0
10,273.0,19.98,33.98,8.1,81.96,30.41,18.86,23.55,6.55,2013.0,273.0,3.17,24.8,0.0,53.88,11.98,3.85,8.36,2.42,2013.0,273.0,14.19,28.90333333333333,0.9366666666666668,70.30666666666666,24.74466666666667,11.911333333333335,18.004000000000005,4.706,2013.0,6151.36,3605.3,618.53,2639.28,313.48,1169.17,0.0
11,289.0,16.92,30.71,7.37,82.37,25.64,12.69,18.83,6.88,2013.0,289.0,4.64,22.46,0.0,47.97,6.32,-2.82,1.89,3.08,2013.0,289.0,11.728666666666664,25.787999999999997,1.088666666666667,65.82466666666667,17.162,4.645333333333334,10.562000000000001,4.6979999999999995,2013.0,5705.76,3397.76,713.81,2624.7,378.07,1335.65,0.0
12,305.0,14.33,31.0,39.63,98.77,19.73,11.01,15.62,7.23,2013.0,305.0,1.84,19.3,0.0,51.85,11.24,-3.44,2.67,2.95,2013.0,305.0,8.73214285714286,24.827999999999996,4.732,71.53666666666665,14.69466666666667,2.5120000000000005,8.006,4.941333333333334,2013.0,4222.85,2354.17,912.9,2255.39,466.99,1783.21,0.0
