,DOY,INSgdmax,RADmax,RAINmax,RHmax,TMAXmax,TMINmax,Tmax,WINDmax,YEAR,DOY,INSgdmin,RADmin,RAINmin,RHmin,TMAXmin,TMINmin,Tmin,WINDmin,YEAR,DOY,INSgdmean,RADmean,RAINmean,RHmean,TMAXmean,TMINmean,Tmean,WINDmean,YEAR,NDVI,EVI,RED,NIR,BLUE,MIR,pixrel
0,113.0,26.32,30.74,52.28,100.0,26.26,15.43,20.25,9.47,2013.0,113.0,4.79,20.12,0.0,68.93,4.37,-4.32,1.15,2.44,2013.0,113.0,17.64,25.89266666666667,6.328,81.08466666666668,14.106666666666666,2.585333333333333,8.511999999999999,5.678666666666668,2013.0,1423.06,236.85,251.34,940.73,50.98,282.67,89.84
1,129.0,29.05,31.61,25.0,96.86,29.01,13.06,19.79,8.3,2013.0,129.0,4.1,20.09,0.0,56.74,6.48,-0.29,3.29,1.21,2013.0,129.0,20.624000000000002,27.172666666666665,3.1506666666666674,76.63533333333335,18.41933333333333,6.881333333333332,13.021333333333333,4.293333333333334,2013.0,2301.28,698.19,328.0,1016.83,180.8,628.16,53.89
2,145.0,29.34,34.13,40.3,93.92,26.01,19.42,21.96,8.15,2013.0,145.0,3.49,23.9,0.0,66.46,12.49,3.28,9.79,3.16,2013.0,145.0,17.39666666666667,31.013333333333335,10.17666666666667,84.40133333333333,21.805333333333333,13.136000000000003,17.671333333333333,5.27,2013.0,3490.58,1485.94,195.01,1360.61,102.69,398.76,61.58
3,161.0,28.84,35.32,16.86,94.31,29.35,17.08,23.5,5.51,2013.0,161.0,7.6,25.6,0.0,69.0,19.23,8.28,14.48,1.82,2013.0,161.0,20.208666666666666,31.342666666666663,4.13,80.84533333333334,23.321333333333335,13.342666666666666,18.652666666666665,3.3526666666666665,2013.0,3858.29,1983.76,-117.5,1507.95,-197.05,109.72,86.73
4,177.0,29.34,36.04,23.1,93.78,28.87,22.67,24.67,6.34,2013.0,177.0,9.61,27.54,0.0,70.31,22.06,10.59,18.42,1.45,2013.0,177.0,22.300000000000004,32.215999999999994,5.25,83.52866666666667,25.801333333333343,17.271333333333338,21.622666666666664,4.29,2013.0,4369.62,2428.75,-208.84,1697.9,-258.69,-46.76,91.89
5,193.0,29.23,35.57,23.37,90.32,31.42,22.8,27.25,5.65,2013.0,193.0,15.48,28.15,0.0,73.95,25.31,13.69,20.67,2.3,2013.0,193.0,25.171333333333337,32.724,2.586,81.32933333333334,28.649333333333338,18.589999999999996,24.09333333333333,3.6340000000000003,2013.0,4445.03,2722.45,-182.27,1906.38,-232.32,4.97,87.03
6,209.0,27.0,33.84,17.56,91.04,28.18,18.74,24.01,5.53,2013.0,209.0,8.53,28.4,0.0,71.17,17.53,9.86,14.4,1.51,2013.0,209.0,20.880000000000006,30.880666666666666,1.4066666666666665,79.66133333333333,24.011999999999997,14.206,19.522,3.4673333333333334,2013.0,4449.69,2695.25,54.78,1967.35,24.25,167.34,69.75
7,225.0,24.62,34.45,5.37,82.81,28.28,18.03,23.48,4.51,2013.0,225.0,16.56,26.86,0.0,67.48,20.97,10.92,16.92,1.58,2013.0,225.0,21.054666666666673,30.406000000000002,0.526,76.03333333333333,25.189333333333323,14.596666666666666,20.292666666666666,2.9446666666666657,2013.0,4680.41,2496.34,137.83,1836.15,99.99,216.58,58.99
8,241.0,23.69,35.93,16.1,92.67,32.54,22.44,27.24,5.12,2013.0,241.0,7.52,26.21,0.0,78.03,22.33,9.26,16.28,2.08,2013.0,241.0,19.829333333333334,32.352666666666664,1.6213333333333333,82.236,28.148000000000003,17.618,22.91,3.556,2013.0,4619.2,2408.61,260.49,1903.92,213.93,325.51,59.07
9,257.0,21.38,35.6,10.44,83.71,32.96,20.9,26.42,5.8,2013.0,257.0,5.36,23.65,0.0,60.24,17.99,6.44,12.89,2.93,2013.0,257.0,15.757333333333339,30.379333333333328,2.892,73.74399999999999,24.900666666666666,13.978666666666667,19.302666666666667,4.496666666666667,2013.0,3908.93,1581.31,-203.76,1178.03,-263.04,-50.53,91.8
10,273.0,18.86,33.95,23.32,91.61,27.91,17.58,21.24,6.65,2013.0,273.0,3.67,24.62,0.0,59.82,12.07,4.44,7.74,2.0,2013.0,273.0,13.47,27.824,2.146,72.90266666666666,23.534666666666663,10.168666666666667,16.45266666666667,4.272,2013.0,3396.71,989.19,-83.33,928.76,-204.01,20.35,81.64
11,289.0,15.7,30.71,9.11,82.8,24.23,12.28,18.1,7.22,2013.0,289.0,3.49,21.6,0.0,62.22,4.51,-2.73,0.99,2.8,2013.0,289.0,10.404666666666667,25.555999999999997,0.8106666666666666,72.10466666666667,15.010666666666664,4.198666666666667,9.275333333333338,4.532,2013.0,2680.95,757.55,144.76,964.46,16.5,348.78,72.33
12,305.0,12.67,30.28,20.87,98.28,15.81,6.81,11.45,6.58,2013.0,305.0,1.04,20.77,0.0,57.31,7.36,-4.41,0.54,3.92,2013.0,305.0,6.957857142857142,25.042666666666666,3.6066666666666665,78.05933333333333,11.73,0.48466666666666663,5.8806666666666665,5.196666666666669,2013.0,2415.14,536.32,95.67,801.46,-24.33,197.93,74.64
