,DOY,INSgdmax,RADmax,RAINmax,RHmax,TMAXmax,TMINmax,Tmax,WINDmax,YEAR,DOY,INSgdmin,RADmin,RAINmin,RHmin,TMAXmin,TMINmin,Tmin,WINDmin,YEAR,DOY,INSgdmean,RADmean,RAINmean,RHmean,TMAXmean,TMINmean,Tmean,WINDmean,YEAR,NDVI,EVI,RED,NIR,BLUE,MIR,pixrel
0,113.0,27.47,31.07,46.15,90.51,27.58,14.96,20.6,9.99,2013.0,113.0,4.72,19.55,0.0,60.26,3.69,-6.23,0.72,1.76,2013.0,113.0,18.244666666666664,26.119333333333334,5.769333333333333,73.628,15.514,2.3986666666666667,9.011333333333333,5.6093333333333355,2013.0,2434.7,1408.49,1347.49,2207.79,644.03,2256.44,0.99
1,129.0,28.98,32.65,16.3,89.79,31.86,16.41,22.24,8.47,2013.0,129.0,8.42,22.28,0.0,54.83,5.19,-1.57,2.48,1.94,2013.0,129.0,19.422666666666665,28.280000000000005,2.1726666666666667,74.06466666666668,19.08066666666667,7.658,13.446,4.76,2013.0,3448.75,2264.33,1398.51,2866.03,662.94,3044.25,0.84
2,145.0,28.73,34.78,46.6,88.03,28.92,20.35,23.64,8.3,2013.0,145.0,4.64,28.22,0.0,66.64,17.64,8.52,13.54,4.14,2013.0,145.0,18.48933333333333,31.81666666666666,10.606,78.33399999999999,24.535999999999998,14.686666666666666,19.596666666666668,5.735333333333333,2013.0,3682.77,2355.39,1258.84,2714.33,605.64,2689.96,0.62
3,161.0,29.74,34.78,15.12,86.73,31.72,20.87,25.05,6.99,2013.0,161.0,3.85,27.68,0.0,66.64,22.11,8.04,16.4,2.46,2013.0,161.0,18.094285714285718,31.938666666666666,3.4819999999999998,76.45400000000001,26.182000000000002,14.734666666666664,20.746000000000002,4.600666666666667,2013.0,4141.78,2973.41,1389.69,3357.59,669.26,2978.37,0.72
4,177.0,29.7,35.86,20.03,86.07,31.95,22.66,26.83,7.11,2013.0,177.0,2.23,28.19,0.0,61.85,25.2,12.43,19.84,1.75,2013.0,177.0,22.91533333333333,32.38466666666667,4.112,73.40733333333333,28.562666666666665,18.676666666666666,23.694666666666663,4.882000000000001,2013.0,6274.52,4604.3,842.6,3697.91,429.21,1893.55,1.0
5,193.0,29.12,36.86,7.94,72.66,34.42,24.11,28.57,6.09,2013.0,193.0,13.46,30.89,0.0,61.94,29.71,17.76,23.69,1.86,2013.0,193.0,24.72600000000001,34.11933333333334,1.4406666666666672,66.94933333333333,32.104000000000006,20.282666666666668,25.999333333333333,4.466666666666667,2013.0,8113.11,6598.98,471.46,4550.68,258.55,1003.14,0.06
6,209.0,27.94,35.82,17.38,89.07,35.58,20.62,28.51,4.79,2013.0,209.0,5.8,26.6,0.0,55.73,23.01,12.63,18.49,1.38,2013.0,209.0,19.918666666666663,32.738,2.316,71.62666666666665,27.913999999999998,17.491333333333333,22.68133333333334,3.2726666666666673,2013.0,8617.14,6820.81,325.05,4440.36,179.34,728.33,0.59
7,225.0,26.21,34.74,10.55,83.95,31.88,20.74,25.78,5.74,2013.0,225.0,8.89,28.48,0.0,64.62,22.76,13.56,18.9,1.67,2013.0,225.0,20.35666666666667,32.12866666666666,2.2353333333333336,72.49133333333334,27.555999999999997,16.963333333333335,22.264666666666667,3.228,2013.0,8602.02,6934.97,335.74,4568.42,184.69,726.3,0.5
8,241.0,23.83,35.6,14.43,73.85,39.35,23.18,30.59,5.78,2013.0,241.0,12.2,27.76,0.0,46.85,29.32,13.65,22.05,1.9,2013.0,241.0,20.93733333333333,33.443333333333335,1.936,57.574666666666666,34.02666666666667,20.251333333333335,26.813333333333336,3.724666666666667,2013.0,8343.66,6382.9,370.16,4179.48,202.82,758.81,0.12
9,257.0,21.78,36.5,15.98,86.09,39.53,23.91,30.18,7.91,2013.0,257.0,4.9,25.16,0.0,38.16,20.62,9.09,16.28,2.28,2013.0,257.0,16.16,32.428000000000004,3.8693333333333326,57.760666666666665,30.194000000000003,17.02266666666667,23.213333333333345,4.6933333333333325,2013.0,6730.64,4457.3,641.83,3295.23,304.45,958.99,0.0
10,273.0,19.73,34.38,17.74,80.48,30.67,18.41,23.58,7.86,2013.0,273.0,3.71,24.48,0.0,44.75,13.38,4.93,9.03,2.61,2013.0,273.0,15.461333333333332,29.21,2.206,64.11133333333333,25.16666666666667,11.745333333333333,18.204,5.492666666666667,2013.0,4356.18,2638.2,1056.48,2669.56,483.89,1658.98,0.03
11,289.0,16.78,30.64,4.12,74.76,26.35,12.53,17.94,8.7,2013.0,289.0,3.38,22.39,0.0,44.15,7.97,-1.62,4.51,2.84,2013.0,289.0,11.508000000000003,25.831999999999994,0.5860000000000001,61.820666666666654,17.90666666666667,4.997333333333334,10.853333333333332,5.060666666666667,2013.0,3410.07,2121.24,1287.99,2607.76,625.81,1800.09,0.45
12,305.0,14.08,30.96,31.81,94.69,19.85,7.93,13.44,9.16,2013.0,305.0,1.76,19.84,0.0,50.1,8.74,-1.59,3.13,3.43,2013.0,305.0,8.95357142857143,24.97933333333333,3.432666666666668,68.22933333333332,15.219333333333337,2.6693333333333333,8.225333333333332,5.204666666666665,2013.0,3006.98,1676.46,1187.85,2186.47,575.3,1824.04,0.06
