,DOY,INSgdmax,RADmax,RAINmax,RHmax,TMAXmax,TMINmax,Tmax,WINDmax,YEAR,DOY,INSgdmin,RADmin,RAINmin,RHmin,TMAXmin,TMINmin,Tmin,WINDmin,YEAR,DOY,INSgdmean,RADmean,RAINmean,RHmean,TMAXmean,TMINmean,Tmean,WINDmean,YEAR,NDVI,EVI,RED,NIR,BLUE,MIR,pixrel
0,113.0,26.96,29.837199999999996,22.142200000000003,91.4148,24.889,10.3086,16.8628,9.677999999999999,2013.0,113.0,2.5238000000000005,19.1196,0.0,61.5804,1.7972,-7.260999999999999,-1.5381999999999998,3.3360000000000003,2013.0,113.0,18.95698666666667,24.71338666666667,3.5386000000000006,73.89809333333335,13.60092,0.37561333333333335,7.009360000000001,5.84084,2013.0,2741.32,1356.08,908.84,1646.26,507.54,1677.04,0.56
1,129.0,29.340000000000003,31.3124,13.6202,91.97800000000001,31.872799999999998,12.6466,21.9634,7.328200000000001,2013.0,129.0,5.790799999999999,21.040599999999998,0.0,49.549800000000005,4.7778,-3.7001999999999997,1.7832,1.7978,2013.0,129.0,18.842480000000002,27.43501333333334,1.78372,73.88528,17.668519999999997,5.476973333333334,11.81344,4.727493333333334,2013.0,3141.65,1729.11,929.51,1902.25,517.94,1906.2,0.44
2,145.0,29.994799999999998,34.438,31.0728,90.89979999999998,27.7662,18.818399999999997,21.644,8.045800000000002,2013.0,145.0,3.2116,24.6596,0.0,65.7022,13.5076,6.651,11.801400000000001,2.2784,2013.0,145.0,16.180346666666665,31.258879999999998,9.0946,80.92785333333333,21.733506666666667,12.918999999999999,17.345266666666667,5.947039999999999,2013.0,4136.88,2466.57,905.69,2319.4,499.74,1847.43,0.66
3,161.0,29.9452,34.4768,19.128999999999998,87.8258,29.5364,19.087400000000002,23.158,6.8392,2013.0,161.0,3.4522,27.7006,0.0,64.8674,19.544400000000003,7.653600000000001,14.8626,2.33,2013.0,161.0,18.36754666666667,31.275586666666662,4.924133333333333,78.18102666666667,24.379400000000004,13.09688,18.909920000000003,4.357279999999999,2013.0,4979.57,3096.75,839.01,2629.5,460.28,1688.62,0.42
4,177.0,29.703400000000002,35.4798,13.921999999999999,91.528,29.3112,22.619,25.5402,7.290800000000001,2013.0,177.0,12.042,26.839800000000004,0.0,64.4136,23.7774,12.8034,18.6226,1.9232,2013.0,177.0,23.250173333333333,32.18190666666667,3.0843999999999996,75.94377333333333,27.040079999999996,17.92128,22.69228,4.709146666666667,2013.0,7156.65,5080.49,578.75,3570.97,321.62,1035.34,0.58
5,193.0,29.564999999999998,35.5574,12.222999999999999,82.63380000000001,31.1406,22.162399999999998,26.488599999999998,6.8366,2013.0,193.0,22.003,29.2226,0.0,68.4074,26.2422,16.6344,22.0636,2.0166,2013.0,193.0,26.903386666666663,33.248279999999994,1.800066666666667,74.84548000000001,29.26868,19.108373333333336,24.327973333333336,4.53548,2013.0,7395.78,5487.11,561.75,3833.98,315.7,945.2,0.1
6,209.0,28.5944,34.058,11.399799999999999,87.1598,30.9704,18.488,24.330199999999998,5.658200000000001,2013.0,209.0,5.9436,25.1924,0.0,61.653600000000004,19.373600000000003,8.788400000000001,15.724799999999998,2.035,2013.0,209.0,20.604306666666666,30.915466666666667,1.6472133333333332,74.71126666666666,25.222453333333334,14.626613333333335,20.16546666666667,3.3727066666666663,2013.0,7147.05,5345.57,617.44,3845.03,332.32,816.39,0.41
7,225.0,25.925199999999997,33.3202,6.115,86.4896,29.9594,19.4034,24.6422,5.734399999999999,2013.0,225.0,11.8764,27.827599999999997,0.0,65.761,18.9284,11.1736,15.8956,2.3023999999999996,2013.0,225.0,20.84850666666667,30.82305333333333,1.09932,76.21051999999999,25.276853333333328,14.94672,20.179693333333333,3.587906666666666,2013.0,6473.97,4753.34,744.32,3633.95,376.36,946.62,0.32
8,241.0,23.5154,35.0478,22.112199999999998,83.193,34.321000000000005,22.811999999999998,27.846,7.0212,2013.0,241.0,15.4836,25.9904,0.0,61.395799999999994,25.222,11.2596,18.318599999999996,1.5932000000000002,2013.0,241.0,21.416773333333328,32.86870666666667,2.94,69.54884,30.53372,19.028626666666668,24.629093333333326,4.0303466666666665,2013.0,4994.67,3300.86,898.64,2847.25,458.63,1315.83,0.0
9,257.0,21.2324,34.8752,8.433800000000002,84.26859999999999,36.5018,21.7258,27.8486,7.1766,2013.0,257.0,4.936000000000001,24.087600000000002,0.0,47.184599999999996,20.6466,8.4224,14.6094,2.0591999999999997,2013.0,257.0,15.051973333333336,31.00545333333333,1.7719466666666668,61.85613333333335,26.640066666666662,14.80068,20.60588,4.51992,2013.0,4384.57,2761.19,1010.52,2654.77,503.22,1441.25,0.04
10,273.0,18.6044,33.815200000000004,32.2488,90.9122,30.563399999999998,18.6556,23.6316,8.768600000000001,2013.0,273.0,3.4198,24.7372,0.0,50.3154,10.602800000000002,4.122,6.7484,3.2072000000000003,2013.0,273.0,13.771359999999998,28.90866666666666,5.12284,66.27850666666666,23.47128,10.944946666666667,16.806306666666664,5.815933333333334,2013.0,3727.37,1950.37,820.73,1888.36,448.95,1291.55,0.1
11,289.0,16.09,30.007399999999997,33.284,84.6322,24.669000000000004,10.9598,16.9914,8.782800000000002,2013.0,289.0,2.759,22.1404,0.0,48.8838,5.5174,-2.4192,1.7783999999999998,3.3154000000000003,2013.0,289.0,10.628239999999998,25.65582666666667,2.8064666666666667,65.70903999999999,15.355026666666667,3.7405466666666665,8.806386666666667,5.3898,2013.0,3226.28,1778.55,1011.63,2013.47,556.24,1570.32,0.92
12,305.0,12.967600000000001,29.2376,6.7318,95.60559999999998,17.741,3.3044000000000002,8.8696,8.9978,2013.0,305.0,1.0419999999999998,18.7024,0.0,57.1518,3.7644,-6.339200000000001,-1.7018,2.5624,2013.0,305.0,8.840671428571428,23.776133333333334,1.71916,74.95086666666667,10.972653333333332,-0.22898666666666673,4.790039999999999,5.355653333333334,2013.0,3000.53,1529.44,943.87,1785.32,514.34,1521.92,0.66
