,DOY,INSgdmax,RADmax,RAINmax,RHmax,TMAXmax,TMINmax,Tmax,WINDmax,YEAR,DOY,INSgdmin,RADmin,RAINmin,RHmin,TMAXmin,TMINmin,Tmin,WINDmin,YEAR,DOY,INSgdmean,RADmean,RAINmean,RHmean,TMAXmean,TMINmean,Tmean,WINDmean,YEAR,NDVI,EVI,RED,NIR,BLUE,MIR,pixrel
0,113.0,26.9972,31.001599999999996,69.0124,98.28,27.1368,16.0768,21.1104,9.23,2013.0,113.0,3.4544000000000006,20.464399999999998,0.0,65.032,7.013199999999999,-4.376799999999999,2.7847999999999997,2.6132,2013.0,113.0,17.745839999999998,26.525626666666668,8.077280000000002,79.79368000000001,15.907279999999998,3.630373333333333,9.8124,5.5533866666666665,2013.0,1786.81,886.31,2219.55,2715.78,2048.03,530.87,9.43
1,129.0,28.9628,32.098,44.656400000000005,94.7524,29.8976,15.693200000000001,21.3036,8.5684,2013.0,129.0,3.242,20.726399999999998,0.0,62.9912,7.4112,0.6008000000000001,2.8720000000000003,1.9043999999999999,2013.0,129.0,18.635546666666663,28.15037333333333,4.835813333333334,77.78728,19.334826666666665,8.0964,13.916693333333333,4.374186666666667,2013.0,5274.89,2166.9,476.15,1572.63,263.57,915.57,0.0
2,145.0,29.53,35.7,76.0668,93.7004,27.449199999999998,20.1396,23.150799999999997,7.938000000000001,2013.0,145.0,5.8368,25.080800000000004,0.0,68.5128,17.0596,6.7392,13.033199999999999,3.2079999999999997,2013.0,145.0,17.534639999999996,32.174533333333336,17.9744,84.42506666666665,23.52653333333334,15.24416,19.39392,5.4342933333333345,2013.0,6330.6,2924.04,389.99,1872.84,245.95,667.82,0.06
3,161.0,29.4428,35.2128,17.1268,89.66120000000001,30.743199999999998,20.4388,25.9476,6.2804,2013.0,161.0,6.7868,25.9808,0.0,69.53880000000001,20.648,9.8464,15.27,1.8643999999999998,2013.0,161.0,19.361573333333336,31.768453333333326,3.2322133333333336,79.84885333333332,25.225093333333334,15.058480000000001,20.386400000000002,3.4883200000000008,2013.0,7212.95,3680.04,311.77,2212.98,207.17,522.93,0.0
4,177.0,29.3136,35.971999999999994,16.7036,90.7508,30.7268,22.778399999999998,26.064799999999998,6.309200000000001,2013.0,177.0,9.29,27.6772,0.0,72.4008,23.258000000000003,13.061600000000002,19.2644,2.0764,2013.0,177.0,21.969466666666666,32.68082666666667,3.5978666666666665,81.28741333333333,27.471706666666662,18.454159999999998,23.02872,4.481573333333333,2013.0,7366.92,4133.29,310.57,2424.44,247.92,481.02,0.0
5,193.0,29.723599999999998,37.187999999999995,7.3856,85.5928,32.2316,23.0068,27.6856,4.9848,2013.0,193.0,12.58,27.419999999999998,0.0,71.4664,26.5732,14.208,20.702399999999997,1.8788,2013.0,193.0,24.728373333333337,33.26130666666667,1.3023733333333332,79.17610666666667,29.45794666666667,19.221786666666667,24.698293333333332,3.606666666666667,2013.0,8054.28,4234.53,218.63,2406.15,162.59,401.3,0.27
6,209.0,27.326,35.378,11.018,89.3776,29.2992,19.928,24.9272,4.9324,2013.0,209.0,6.763999999999999,27.098399999999998,0.0,68.25319999999999,19.8104,10.421600000000002,15.920800000000002,1.7591999999999999,2013.0,209.0,20.35813333333333,31.649600000000003,2.0794133333333336,77.08581333333333,25.741040000000005,16.044,21.13941333333333,3.137653333333333,2013.0,7811.15,4031.21,265.15,2323.82,201.8,426.6,0.54
7,225.0,25.838,34.59920000000001,10.8352,85.7156,30.746399999999998,20.2816,24.965200000000003,4.026,2013.0,225.0,13.0936,28.776400000000002,0.0,63.065200000000004,21.9084,12.0652,17.7324,1.6312000000000002,2013.0,225.0,20.945999999999998,31.134133333333335,1.13032,71.70405333333333,26.97405333333333,15.767573333333333,21.553866666666664,2.8300799999999997,2013.0,7854.29,3753.88,211.04,2111.6,149.06,387.3,0.0
8,241.0,23.5492,36.032,3.5272000000000006,79.0548,39.02080000000001,23.958399999999997,30.9328,5.5016,2013.0,241.0,8.9696,27.0816,0.0,47.3828,28.1672,11.712,20.0784,1.6711999999999998,2013.0,241.0,21.216160000000002,33.07757333333333,0.41333333333333333,62.77941333333332,33.39266666666667,19.820293333333332,26.283786666666664,3.4033866666666666,2013.0,7851.94,3324.97,199.72,1833.36,135.85,336.22,0.11
9,257.0,21.8164,36.0536,16.8272,75.666,39.0584,23.1496,29.9384,6.0291999999999994,2013.0,257.0,4.5064,24.6128,0.0,42.30720000000001,22.5928,8.8116,15.2924,3.1424000000000003,2013.0,257.0,16.314320000000002,31.590186666666664,3.5264266666666675,58.23341333333333,30.066746666666667,16.3724,22.69125333333333,4.6049066666666665,2013.0,7411.06,3078.52,222.72,1735.7,149.38,373.09,0.0
10,273.0,19.632800000000003,33.9436,8.806000000000001,77.7276,30.740000000000002,19.7072,24.060000000000002,6.4048,2013.0,273.0,3.6572,24.932000000000002,0.0,53.46,12.61,5.492,9.0612,2.5024,2013.0,273.0,14.097946666666665,29.138773333333333,0.8868266666666667,64.96925333333334,26.41176,12.167173333333334,18.870373333333333,4.47232,2013.0,6487.72,2498.85,305.64,1539.13,171.61,447.28,0.03
11,289.0,16.5344,29.8228,8.5336,83.03880000000001,26.534,13.422799999999999,19.6248,6.724,2013.0,289.0,3.3280000000000003,22.048000000000002,0.0,50.99720000000001,6.37,-2.5516,2.4539999999999997,3.112,2013.0,289.0,11.934053333333335,25.91325333333333,1.1293333333333333,64.43821333333332,17.59298666666667,5.192133333333334,11.021066666666666,4.738346666666667,2013.0,6251.85,2330.72,348.6,1491.34,203.29,545.96,0.98
12,305.0,13.5144,31.4036,23.1868,98.30440000000002,18.1708,10.0768,14.1956,6.3275999999999994,2013.0,305.0,0.8664000000000001,19.526400000000002,0.0,50.2064,10.346800000000002,-3.474,2.3552,3.3772,2013.0,305.0,7.897514285714286,25.31458285714286,4.645866666666667,71.81778666666666,14.28685333333333,2.0844533333333337,7.769733333333334,5.024906666666666,2013.0,4105.17,1887.66,784.55,1717.77,687.88,409.96,2.45
