,DOY,INSgdmax,RADmax,RAINmax,RHmax,TMAXmax,TMINmax,Tmax,WINDmax,YEAR,DOY,INSgdmin,RADmin,RAINmin,RHmin,TMAXmin,TMINmin,Tmin,WINDmin,YEAR,DOY,INSgdmean,RADmean,RAINmean,RHmean,TMAXmean,TMINmean,Tmean,WINDmean,YEAR,NDVI,EVI,RED,NIR,BLUE,MIR,pixrel
0,113.0,27.0257,30.6498,39.4465,93.31129999999999,26.990699999999997,15.670000000000002,20.834600000000002,8.7759,2013.0,113.0,3.811,20.9339,0.0,63.7754,6.0628,-5.3692,2.033,2.4556,2013.0,113.0,19.075960000000002,26.191586666666666,6.088133333333333,77.00893333333333,14.943573333333331,2.752206666666667,8.972366666666666,5.496146666666667,2013.0,5567.75,3471.56,795.53,2810.01,415.73,1511.19,0.53
1,129.0,29.3268,31.990199999999998,28.227899999999998,94.45020000000001,30.3893,15.0586,21.3634,9.6735,2013.0,129.0,3.3469999999999995,20.8324,0.0,55.5239,2.6098,-0.1418,1.1185999999999998,1.6831,2013.0,129.0,18.56243333333333,27.878486666666667,5.38,76.81801999999999,18.40632666666667,7.285906666666667,13.132473333333333,4.575126666666666,2013.0,6711.02,4521.1,633.03,3256.83,341.79,1313.94,0.0
2,145.0,29.3305,34.6044,72.134,94.14590000000001,27.403200000000002,19.8087,22.7689,7.931099999999999,2013.0,145.0,7.834999999999999,25.8474,0.0,72.2354,18.439700000000002,6.492699999999999,13.7182,3.4198000000000004,2013.0,145.0,18.755546666666667,31.630653333333335,13.837239999999998,83.80386,23.294440000000005,14.493946666666663,18.901699999999998,5.469453333333334,2013.0,7653.04,6185.73,574.89,4354.7,351.59,956.87,1.18
3,161.0,29.8994,35.314400000000006,15.4115,89.8612,30.963,19.4497,25.0667,6.9816,2013.0,161.0,6.9483999999999995,26.0443,0.0,68.5445,20.557499999999997,8.094899999999999,15.2093,2.0785,2013.0,161.0,19.603546666666666,31.521766666666664,3.283433333333333,79.60409333333334,25.10848,14.342806666666668,19.979433333333333,3.8967533333333333,2013.0,7726.46,5626.85,479.31,3774.43,267.36,969.8,0.0
4,177.0,28.773200000000003,35.636300000000006,15.2436,90.3589,31.141,22.572400000000002,25.863300000000002,6.621499999999999,2013.0,177.0,4.1836,28.5818,0.0,69.6836,23.6432,12.8324,18.9946,2.2157,2013.0,177.0,21.672466666666665,32.427420000000005,2.77278,79.95348,27.351226666666665,18.260200000000005,22.877740000000003,4.618533333333334,2013.0,7638.94,5886.12,542.98,4097.06,302.11,1096.19,0.1
5,193.0,29.256800000000002,36.698,11.558200000000001,84.728,32.0272,22.4466,27.1119,5.0975,2013.0,193.0,12.2737,29.228900000000003,0.0,70.8377,25.492599999999996,15.207900000000002,20.5749,2.1941,2013.0,193.0,25.321939999999998,33.18826,1.6966,78.36657333333335,29.21102666666667,19.021686666666664,24.360139999999998,3.9891199999999998,2013.0,7241.0,5366.37,612.58,3833.84,334.32,1153.34,0.04
6,209.0,28.273600000000002,35.2895,6.5595,90.3772,30.038,19.7379,25.314799999999998,4.6899,2013.0,209.0,7.102599999999999,25.845599999999997,0.0,66.7581,20.21,9.988,16.0759,2.0872,2013.0,209.0,20.434833333333334,31.65714,1.2998333333333332,77.17586666666666,25.998820000000002,15.864800000000002,21.126560000000005,3.046233333333334,2013.0,7322.19,5283.78,575.0,3703.99,314.86,1137.62,0.32
7,225.0,25.5238,34.34010000000001,5.860099999999999,84.63419999999999,30.282899999999998,20.4851,24.8892,4.9363,2013.0,225.0,13.767099999999997,28.688200000000002,0.0,61.8907,20.1824,12.2614,16.6065,1.7868000000000002,2013.0,225.0,21.620980000000003,31.01752,0.8652266666666666,71.35022000000001,26.787693333333333,15.689993333333334,21.33782666666667,2.91398,2013.0,6889.74,4631.11,603.83,3274.39,328.59,1204.7,0.73
8,241.0,23.7025,35.2918,18.6349,78.9067,37.8015,23.262800000000002,29.864199999999997,5.6651,2013.0,241.0,9.7229,27.1207,0.0,49.0051,27.5963,12.035499999999999,20.3806,1.6503,2013.0,241.0,20.837819999999997,32.81614,1.7645399999999998,63.889633333333336,32.7243,19.630959999999998,25.90642666666667,3.4569799999999997,2013.0,6493.88,4110.19,628.36,2959.45,337.8,1157.66,0.0
9,257.0,21.768700000000003,36.3944,15.107,79.4676,37.7847,22.399,29.183500000000002,6.8254,2013.0,257.0,4.9443,23.9737,0.0,42.903999999999996,21.6667,7.2354,14.8443,2.2866999999999997,2013.0,257.0,16.03484,31.56624666666667,3.09042,59.190940000000005,29.22564666666667,15.987640000000003,22.21982666666667,4.626433333333333,2013.0,6900.87,4286.74,533.22,2929.71,289.81,1056.67,0.0
10,273.0,19.6182,34.1542,20.669199999999996,85.7388,30.503800000000002,18.4178,23.322200000000002,6.650500000000001,2013.0,273.0,3.1231,24.9005,0.0,53.7125,10.8946,3.9974,7.998200000000001,3.0297,2013.0,273.0,13.867506666666667,28.914053333333335,2.1949266666666665,69.37179333333333,24.418153333333336,11.552213333333333,17.73778666666667,4.8132,2013.0,7174.29,4487.63,481.78,2990.73,261.67,965.15,0.0
11,289.0,16.585,30.542500000000004,8.783700000000001,82.2427,25.4792,12.3014,18.294,7.5969,2013.0,289.0,4.2782,22.0044,0.0,49.98,6.3803,-3.1483,1.7894999999999999,2.9929,2013.0,289.0,10.832206666666666,25.848746666666663,1.6135000000000002,66.21014,16.348173333333335,4.23574,9.987139999999998,4.833786666666667,2013.0,6852.66,4235.61,534.9,2903.27,289.62,1024.63,0.0
12,305.0,13.5327,30.685100000000002,39.898,97.8387,19.9377,9.4757,14.7222,7.2903,2013.0,305.0,1.7194000000000003,19.125799999999998,0.0,53.3575,10.1278,-3.239,1.8860999999999999,3.8143000000000002,2013.0,305.0,8.787178571428571,24.795840000000005,4.591746666666667,72.00343333333333,13.844660000000001,1.9291,7.310093333333333,5.156626666666667,2013.0,5341.37,3042.23,724.91,2440.86,371.96,1485.42,0.0
