,DOY,INSgdmax,RADmax,RAINmax,RHmax,TMAXmax,TMINmax,Tmax,WINDmax,YEAR,DOY,INSgdmin,RADmin,RAINmin,RHmin,TMAXmin,TMINmin,Tmin,WINDmin,YEAR,DOY,INSgdmean,RADmean,RAINmean,RHmean,TMAXmean,TMINmean,Tmean,WINDmean,YEAR,NDVI,EVI,RED,NIR,BLUE,MIR,pixrel
0,113.0,27.11,31.36,49.49,100.0,26.88,15.9,20.7,7.91,2013.0,113.0,4.64,21.71,0.0,64.48,8.28,-4.72,3.11,2.04,2013.0,113.0,18.122666666666664,26.64266666666667,7.8773333333333335,79.35466666666665,16.183333333333334,3.515333333333333,9.704,4.756666666666666,2013.0,4197.22,2281.63,1245.97,2506.65,956.92,990.02,0.8
1,129.0,29.16,32.62,28.2,90.11,29.6,16.41,21.32,7.99,2013.0,129.0,3.6,20.84,0.0,57.21,2.9,0.61,1.37,1.83,2013.0,129.0,18.390666666666668,28.097333333333335,3.215333333333333,77.37400000000001,18.862,7.672666666666668,13.514,3.8959999999999995,2013.0,5647.62,3018.23,575.44,2250.17,317.86,1078.73,0.0
2,145.0,29.56,35.42,87.26,94.07,27.1,19.76,22.95,6.81,2013.0,145.0,5.58,25.42,0.0,71.65,19.16,7.45,13.53,3.12,2013.0,145.0,19.154666666666667,32.089333333333336,14.723999999999997,84.21466666666666,23.77333333333333,15.145333333333333,19.418666666666663,4.7379999999999995,2013.0,6586.28,3972.79,521.16,2786.73,295.53,885.03,0.5
3,161.0,29.84,34.78,17.55,89.58,30.93,19.44,25.99,6.32,2013.0,161.0,4.43,26.21,0.0,68.94,21.21,9.99,15.48,1.55,2013.0,161.0,19.357333333333333,31.788,3.338,79.01533333333333,25.611333333333338,15.074666666666667,20.550666666666665,3.226666666666666,2013.0,6608.1,3956.18,573.94,2785.67,334.22,1078.06,0.04
4,177.0,29.34,36.0,13.33,90.68,31.4,23.03,26.01,5.26,2013.0,177.0,6.41,27.61,0.0,70.3,23.74,12.48,19.31,1.74,2013.0,177.0,21.393333333333334,32.71666666666666,2.756,79.94866666666667,27.67733333333333,18.327333333333335,23.142000000000003,3.950666666666666,2013.0,7037.79,4364.37,524.26,2982.78,311.91,1026.95,0.14
5,193.0,29.52,37.33,8.08,84.83,31.98,22.6,27.24,4.01,2013.0,193.0,11.99,28.04,0.0,72.5,26.02,14.17,20.7,1.82,2013.0,193.0,24.41533333333333,33.27066666666667,1.2313333333333332,78.32666666666665,29.262666666666675,19.084,24.49333333333333,3.240666666666667,2013.0,7301.75,4435.04,500.37,3009.24,300.43,891.43,0.4
6,209.0,28.19,35.42,10.26,89.03,29.85,20.33,25.22,3.87,2013.0,209.0,8.96,26.1,0.0,65.15,20.83,10.16,16.41,1.75,2013.0,209.0,20.422000000000004,32.013333333333335,2.0853333333333333,76.23666666666668,26.40066666666667,16.246666666666666,21.506000000000004,2.5926666666666667,2013.0,7388.31,4664.75,474.38,3142.3,274.88,878.98,0.17
7,225.0,26.17,34.45,10.07,85.66,30.86,20.36,25.17,3.47,2013.0,225.0,8.78,29.05,0.0,59.19,20.3,11.65,16.64,1.82,2013.0,225.0,20.46533333333333,31.38266666666667,1.2393333333333336,69.81866666666666,27.43,15.797333333333334,21.718666666666664,2.5193333333333334,2013.0,7161.99,4124.0,432.6,2700.35,254.9,792.89,0.03
8,241.0,23.8,35.75,11.02,72.16,39.01,23.73,30.67,4.67,2013.0,241.0,10.26,27.14,0.0,42.46,29.88,12.2,21.18,1.57,2013.0,241.0,20.965999999999998,32.992666666666665,0.8759999999999999,58.64333333333333,33.978,19.674,26.51733333333333,2.959333333333334,2013.0,6677.58,3570.99,514.97,2477.34,289.36,871.3,0.0
9,257.0,21.96,36.04,24.02,79.76,38.28,23.01,29.7,5.56,2013.0,257.0,3.6,24.26,0.0,41.5,22.72,8.15,15.48,2.12,2013.0,257.0,16.350666666666665,31.763333333333332,3.114,57.20266666666667,30.121333333333336,16.584666666666667,22.866000000000003,3.933333333333333,2013.0,6765.44,3499.76,462.84,2338.25,259.73,820.55,0.0
10,273.0,19.98,34.49,20.5,80.5,30.53,19.28,24.02,5.24,2013.0,273.0,4.07,25.13,0.0,58.16,12.88,4.62,8.85,2.19,2013.0,273.0,14.085333333333333,29.168666666666674,1.8760000000000003,67.64466666666667,25.93466666666667,12.06,18.547333333333334,3.97,2013.0,6039.02,2962.38,507.82,2084.73,282.96,850.81,0.06
11,289.0,16.81,30.6,6.12,77.45,26.47,12.74,19.71,5.98,2013.0,289.0,4.39,22.32,0.0,47.19,7.72,-2.98,2.14,2.85,2013.0,289.0,12.395999999999999,25.824,0.46199999999999997,64.08133333333333,17.80666666666667,4.920000000000001,10.962666666666667,4.133333333333334,2013.0,5666.15,2786.54,598.1,2106.32,297.85,970.13,0.69
12,305.0,14.36,31.43,38.34,98.7,19.2,10.18,15.38,6.03,2013.0,305.0,1.58,19.33,0.0,49.47,11.14,-3.34,2.68,2.5,2013.0,305.0,8.587857142857143,25.084,6.331999999999999,71.04933333333334,14.834666666666665,2.3579999999999997,8.050666666666668,4.355999999999999,2013.0,4279.48,2220.92,907.87,2087.95,666.67,1085.17,1.27
