,DOY,INSgdmax,RADmax,RAINmax,RHmax,TMAXmax,TMINmax,Tmax,WINDmax,YEAR,DOY,INSgdmin,RADmin,RAINmin,RHmin,TMAXmin,TMINmin,Tmin,WINDmin,YEAR,DOY,INSgdmean,RADmean,RAINmean,RHmean,TMAXmean,TMINmean,Tmean,WINDmean,YEAR,NDVI,EVI,RED,NIR,BLUE,MIR,pixrel
0,113.0,26.93,30.42,26.18,92.38,25.55,12.78,19.04,9.11,2013.0,113.0,5.69,19.8,0.0,64.91,2.59,-7.57,-0.11,2.94,2013.0,113.0,19.050666666666668,25.16133333333333,4.379999999999999,78.66466666666665,13.402666666666669,1.0599999999999998,7.427333333333333,5.803999999999999,2013.0,3576.49,1386.01,1548.24,2200.79,1283.01,782.4,0.59
1,129.0,29.3,31.1,25.65,96.63,30.88,12.38,21.14,9.16,2013.0,129.0,2.23,20.45,0.0,57.64,1.32,-1.36,0.28,1.66,2013.0,129.0,19.22066666666667,27.26733333333333,4.440666666666667,76.59666666666665,17.4,5.983333333333335,11.934,4.956666666666666,2013.0,4000.38,1354.53,322.34,1123.45,133.96,535.45,23.0
2,145.0,29.59,34.24,48.76,91.76,26.64,18.4,22.09,8.36,2013.0,145.0,8.53,25.13,0.0,68.64,14.93,4.54,12.34,2.64,2013.0,145.0,17.145999999999997,30.95,11.902666666666665,83.23666666666668,22.014,12.81866666666667,17.529333333333334,5.686666666666665,2013.0,5023.39,2343.55,387.88,1670.47,217.72,592.43,12.95
3,161.0,30.13,35.32,17.83,90.58,29.65,18.1,23.56,5.84,2013.0,161.0,7.63,26.68,0.0,66.33,19.39,7.51,14.49,1.87,2013.0,161.0,19.653333333333332,31.208000000000002,4.766000000000001,80.17533333333333,24.129333333333328,13.282666666666666,18.903999999999996,3.999333333333334,2013.0,5769.19,3227.64,290.26,2122.29,149.54,500.88,17.9
4,177.0,28.76,36.04,20.16,94.17,30.07,22.4,25.47,7.4,2013.0,177.0,7.31,28.04,0.0,68.85,22.68,13.15,17.81,2.33,2013.0,177.0,22.09133333333334,32.32333333333334,3.3506666666666667,80.46,26.79533333333333,17.709999999999997,22.366666666666664,4.5953333333333335,2013.0,6545.69,3828.39,286.23,2398.34,182.27,478.46,10.86
5,193.0,29.77,35.6,20.77,85.24,32.01,22.54,26.96,5.89,2013.0,193.0,4.43,28.69,0.0,70.17,22.45,14.46,19.83,2.31,2013.0,193.0,25.769333333333336,32.90533333333333,2.2953333333333332,79.242,28.789333333333335,18.716,24.00666666666667,4.177333333333333,2013.0,6521.0,3702.68,308.67,2307.88,213.88,474.95,8.35
6,209.0,26.89,33.8,5.63,90.53,29.58,19.04,24.38,5.69,2013.0,209.0,8.06,26.35,0.0,71.62,17.96,8.65,14.17,1.69,2013.0,209.0,20.886,30.674666666666667,0.8320000000000001,78.96066666666667,24.570666666666668,14.456666666666667,19.8,3.354666666666667,2013.0,6639.96,3546.75,176.83,2163.63,81.03,334.84,20.85
7,225.0,25.63,33.52,10.17,82.93,28.6,19.27,23.81,5.54,2013.0,225.0,15.34,27.68,0.0,66.82,21.79,11.74,16.9,1.74,2013.0,225.0,22.377333333333333,30.194666666666663,0.7846666666666667,76.92666666666668,25.035333333333327,14.598666666666668,20.050000000000004,3.0066666666666664,2013.0,6193.92,3375.39,160.94,2115.31,51.05,353.96,28.07
8,241.0,23.15,35.21,22.89,86.89,32.58,21.87,26.95,5.56,2013.0,241.0,10.62,26.14,0.0,72.8,22.42,10.13,17.09,1.45,2013.0,241.0,20.894000000000002,32.604666666666674,2.6060000000000003,79.714,29.017333333333337,18.656000000000002,23.792666666666666,3.5726666666666675,2013.0,6088.04,2747.88,148.11,1708.58,39.17,290.44,28.06
9,257.0,21.42,34.88,9.84,82.88,33.29,20.56,25.98,6.61,2013.0,257.0,3.02,23.98,0.0,54.85,20.58,6.53,13.6,2.46,2013.0,257.0,14.667333333333335,30.735333333333323,2.0466666666666664,69.23800000000001,25.682666666666663,14.210666666666668,19.761333333333333,4.465999999999999,2013.0,5978.25,2917.23,241.55,1851.12,114.56,385.49,17.89
10,273.0,19.01,33.8,39.62,92.54,29.52,17.32,22.58,7.36,2013.0,273.0,3.74,24.88,0.0,54.73,10.63,3.71,7.44,2.68,2013.0,273.0,13.598666666666668,28.540666666666667,3.786666666666667,70.13600000000001,23.058000000000003,10.344000000000001,16.528000000000002,5.000000000000001,2013.0,5114.58,2159.8,254.72,1525.95,87.58,394.97,28.09
11,289.0,16.06,29.84,6.09,83.81,24.03,11.83,17.21,7.98,2013.0,289.0,3.78,21.38,0.0,54.22,4.94,-4.04,0.69,2.73,2013.0,289.0,9.934666666666665,25.532666666666668,1.3326666666666669,69.37799999999999,14.679333333333329,3.298,8.535333333333334,5.015999999999999,2013.0,4011.64,1831.49,662.62,1615.81,403.5,822.82,1.37
12,305.0,12.64,29.41,13.3,98.41,17.41,7.59,12.38,7.85,2013.0,305.0,1.91,19.69,0.0,60.32,7.19,-4.22,-0.03,3.88,2013.0,305.0,8.656428571428572,24.046000000000003,2.6180000000000003,76.67466666666668,11.361333333333333,0.2400000000000001,5.324,5.324666666666667,2013.0,3965.42,1573.21,497.47,1423.43,255.76,668.03,21.7
