,DOY,INSgdmax,RADmax,RAINmax,RHmax,TMAXmax,TMINmax,Tmax,WINDmax,YEAR,DOY,INSgdmin,RADmin,RAINmin,RHmin,TMAXmin,TMINmin,Tmin,WINDmin,YEAR,DOY,INSgdmean,RADmean,RAINmean,RHmean,TMAXmean,TMINmean,Tmean,WINDmean,YEAR,NDVI,EVI,RED,NIR,BLUE,MIR,pixrel
0,113.0,26.78,30.24,20.1,92.2,24.31,7.41,15.73,10.78,2013.0,113.0,2.02,19.04,0.0,61.24,1.79,-8.32,-3.07,3.02,2013.0,113.0,16.929333333333332,24.17,3.518666666666667,72.72000000000001,11.587333333333333,-1.0573333333333343,5.433333333333333,6.041999999999999,2013.0,1345.67,391.83,2371.25,2469.28,2019.74,1395.91,1.15
1,129.0,29.27,31.03,9.91,88.89,32.09,13.11,21.42,7.7,2013.0,129.0,4.0,20.77,0.0,46.37,8.36,-3.7,2.93,2.09,2013.0,129.0,18.846,27.187333333333342,1.3739999999999997,69.80933333333334,17.908,4.742,11.438666666666666,4.8066666666666675,2013.0,2210.75,947.73,859.68,1354.32,476.22,1824.58,0.64
2,145.0,30.28,33.84,26.25,93.01,27.97,17.36,21.76,8.33,2013.0,145.0,3.1,23.0,0.0,61.34,12.24,5.21,10.56,2.14,2013.0,145.0,14.369999999999997,30.94866666666667,6.904666666666667,80.01266666666668,20.946000000000005,11.48466666666667,16.235333333333333,5.856,2013.0,3114.33,1426.99,805.58,1557.93,441.76,1645.66,0.35
3,161.0,30.17,34.2,15.15,91.16,27.53,17.12,21.58,7.16,2013.0,161.0,4.79,28.4,0.0,64.6,15.88,7.18,13.93,1.88,2013.0,161.0,17.508,31.103999999999996,4.8420000000000005,78.32666666666664,23.009333333333334,12.235333333333333,17.781333333333336,4.3066666666666675,2013.0,4258.0,2404.88,799.51,2142.73,432.88,1739.14,0.51
4,177.0,29.12,36.47,11.59,92.36,28.72,21.82,24.89,7.39,2013.0,177.0,10.94,26.78,0.0,64.42,22.85,12.66,18.26,2.2,2013.0,177.0,23.933333333333334,32.04733333333333,3.5733333333333333,76.484,26.528000000000002,17.616,22.263999999999996,4.605333333333334,2013.0,7093.77,5003.0,578.49,3561.05,303.79,1022.63,0.45
5,193.0,29.7,35.78,6.39,81.41,30.73,21.54,26.32,7.48,2013.0,193.0,19.22,28.12,0.0,67.21,25.42,15.74,20.88,2.36,2013.0,193.0,26.620666666666672,32.9,1.4160000000000001,75.104,28.726,18.762666666666664,23.86133333333333,4.671333333333333,2013.0,7961.49,5920.65,441.24,3992.12,229.91,729.38,0.23
6,209.0,28.48,33.3,16.39,85.94,28.69,18.7,23.26,5.93,2013.0,209.0,5.08,24.95,0.0,65.58,19.47,7.91,14.43,1.98,2013.0,209.0,20.316666666666666,30.264666666666677,2.034666666666667,75.68066666666667,23.805999999999997,13.484666666666664,18.972666666666665,3.3406666666666665,2013.0,7326.94,5639.94,575.26,4044.68,290.57,749.68,0.18
7,225.0,25.42,33.23,18.97,89.88,29.64,18.08,23.99,5.73,2013.0,225.0,11.99,26.57,0.0,67.27,19.09,9.73,16.76,2.28,2013.0,225.0,20.538666666666668,30.137333333333334,1.8766666666666663,77.49266666666666,24.188666666666666,14.002666666666665,19.280666666666665,3.471333333333334,2013.0,6496.66,4832.32,749.94,3704.14,371.26,922.69,0.0
8,241.0,23.36,35.42,11.03,83.01,32.85,22.64,27.51,7.72,2013.0,241.0,16.96,25.31,0.0,62.78,23.28,10.5,16.82,1.75,2013.0,241.0,21.304666666666666,32.61333333333333,1.7826666666666668,72.31,29.350666666666665,18.354666666666667,23.86866666666667,4.178,2013.0,3755.11,2198.33,1057.08,2375.37,506.89,1587.12,0.0
9,257.0,20.88,36.25,7.74,81.92,33.78,20.86,26.32,6.44,2013.0,257.0,4.68,23.72,0.0,47.65,18.94,6.68,13.67,2.01,2013.0,257.0,13.601999999999999,30.573333333333334,2.1246666666666667,65.13866666666667,25.165333333333333,13.778666666666668,19.368666666666666,4.557333333333333,2013.0,3217.43,1852.27,1135.86,2244.18,560.66,1700.29,0.1
10,273.0,17.96,33.23,26.07,94.61,29.54,18.04,23.23,8.95,2013.0,273.0,3.31,25.06,0.0,48.11,11.41,3.93,6.69,2.96,2013.0,273.0,13.027999999999999,28.65933333333333,3.833333333333334,66.834,22.551333333333336,10.392666666666667,16.056666666666665,5.812666666666667,2013.0,2792.53,1294.33,883.04,1580.11,477.76,1455.68,0.01
11,289.0,15.55,29.59,31.47,88.93,24.5,11.25,17.18,8.84,2013.0,289.0,1.55,21.85,0.0,50.68,4.15,-3.88,0.81,3.02,2013.0,289.0,9.825999999999999,25.26733333333333,2.760666666666667,67.36066666666666,14.042000000000003,3.094666666666666,7.781999999999999,5.541333333333332,2013.0,2482.53,1134.15,903.28,1509.08,494.79,1540.05,0.56
12,305.0,12.53,28.15,7.17,94.73,14.9,2.36,7.36,9.22,2013.0,305.0,1.51,19.04,0.0,58.87,3.05,-7.3,-2.31,3.08,2013.0,305.0,7.729285714285714,23.514666666666667,1.4940000000000004,75.76666666666667,9.77066666666667,-1.2033333333333334,3.687333333333333,5.424000000000001,2013.0,2414.51,1079.9,886.76,1462.26,475.79,1486.3,0.73
