,DOY,INSgdmax,RADmax,RAINmax,RHmax,TMAXmax,TMINmax,Tmax,WINDmax,YEAR,DOY,INSgdmin,RADmin,RAINmin,RHmin,TMAXmin,TMINmin,Tmin,WINDmin,YEAR,DOY,INSgdmean,RADmean,RAINmean,RHmean,TMAXmean,TMINmean,Tmean,WINDmean,YEAR,NDVI,EVI,RED,NIR,BLUE,MIR,pixrel
0,113.0,26.9861,30.7962,31.7574,93.0098,26.625,14.5254,20.2865,9.2238,2013.0,113.0,4.8025,20.0833,0.0,64.0934,4.2593,-6.438,0.8344,2.8324,2013.0,113.0,18.922726666666666,25.662673333333334,5.311486666666666,77.87618666666665,14.093313333333331,1.9382333333333333,8.172666666666666,5.708733333333333,2013.0,1452.86,322.42,3693.95,3705.1,3498.53,464.17,1.51
1,129.0,29.2703,31.4495,26.130199999999995,95.80879999999999,30.709600000000002,13.7472,21.2654,9.7002,2013.0,129.0,2.7772,20.516,0.0,57.8482,1.9305999999999999,-0.8014,0.7384999999999999,1.7476,2013.0,129.0,18.981506666666668,27.59794666666667,4.80076,75.87044666666667,18.064666666666668,6.737113333333333,12.681539999999998,4.7944733333333325,2013.0,1565.72,355.72,863.4,1263.69,737.53,343.93,38.94
2,145.0,29.6027,34.333200000000005,53.868300000000005,93.3358,26.8241,19.1002,22.398500000000002,8.328399999999998,2013.0,145.0,7.3969000000000005,25.245,0.0,69.3116,15.8878,5.1608,12.6172,2.9101000000000004,2013.0,145.0,17.927906666666665,31.201953333333332,12.220313333333333,83.52981333333334,22.478620000000003,13.625326666666668,18.101566666666667,5.59028,2013.0,1981.64,721.21,1.37,821.84,-98.23,88.35,71.77
3,161.0,29.932000000000002,35.4374,18.0938,90.0643,30.0048,18.389300000000002,24.274299999999997,6.1322,2013.0,161.0,6.346400000000001,26.226399999999998,0.0,66.8717,19.767300000000002,8.0891,14.8082,1.9933,2013.0,161.0,19.35625333333333,31.366466666666664,4.239366666666667,79.90590666666667,24.472906666666667,13.741240000000001,19.323806666666663,3.8519600000000005,2013.0,2672.47,1456.4,20.91,1140.02,-49.38,72.03,53.81
4,177.0,29.016599999999997,35.940599999999996,22.8867,92.58340000000001,30.3308,22.4545,25.6192,7.1422,2013.0,177.0,6.621,28.3902,0.0,70.8521,22.924999999999997,13.118500000000001,18.3794,2.4561,2013.0,177.0,21.754613333333335,32.45056666666667,3.2600066666666665,80.77999333333332,26.91404,17.945213333333335,22.52779333333333,4.5843066666666665,2013.0,3072.57,1805.27,92.82,1411.66,50.01,123.46,51.4
5,193.0,29.609299999999998,36.1429,18.2701,85.9137,32.1395,22.5798,27.1392,5.531499999999999,2013.0,193.0,6.3267999999999995,28.514599999999998,0.0,70.8392,23.690099999999997,14.575099999999999,20.1192,2.2035,2013.0,193.0,25.442606666666666,32.94086,2.0512799999999998,79.10669333333333,28.97620666666667,18.772853333333334,24.16430666666667,4.054973333333333,2013.0,3433.51,1945.05,347.93,1591.09,305.65,362.73,31.79
6,209.0,27.118700000000004,34.5552,6.3841,90.41669999999999,29.6055,19.3899,24.7372,5.378,2013.0,209.0,7.7752,26.460500000000003,0.0,70.0709,18.4108,9.2912,14.6754,1.9898,2013.0,209.0,20.773020000000002,31.012853333333332,1.0048066666666666,77.95656,25.094533333333334,14.967846666666667,20.27582,3.2878600000000007,2013.0,3325.92,2064.29,144.01,1458.25,91.01,182.0,31.0
7,225.0,25.275199999999998,33.7906,6.824199999999999,82.3474,29.5238,19.4721,24.2757,5.132700000000001,2013.0,225.0,15.1693,27.9871,0.0,63.495900000000006,21.724000000000004,11.8348,17.0229,1.5558,2013.0,225.0,22.018533333333334,30.487366666666667,0.7345866666666667,73.66569333333334,25.906646666666663,14.936213333333335,20.67406666666667,2.959093333333333,2013.0,3464.52,1784.17,65.57,1255.87,-14.13,-26.18,41.16
8,241.0,23.3253,35.3536,17.477899999999998,84.8465,35.010799999999996,22.5497,28.3843,5.6082,2013.0,241.0,10.9877,26.5225,0.0,63.7992,24.1881,10.343300000000001,18.104,1.6149,2013.0,241.0,20.973753333333335,32.72565333333333,1.949606666666667,73.55629333333333,30.618946666666666,19.019113333333337,24.679266666666663,3.5476,2013.0,2796.54,909.81,-159.85,812.22,-219.25,-154.59,84.34
9,257.0,21.497,35.4821,11.764400000000002,79.2525,35.4629,21.272399999999998,27.4429,6.5448,2013.0,257.0,4.0986,24.0816,0.0,49.324600000000004,20.8438,7.0684000000000005,13.968699999999998,2.6158,2013.0,257.0,15.300326666666667,30.996986666666665,2.2714933333333334,65.30798666666666,27.21944,14.859813333333335,20.734966666666665,4.562246666666667,2013.0,2754.52,1002.59,-72.33,870.8,-146.72,-77.41,71.61
10,273.0,19.2356,33.96469999999999,32.6374,89.7542,29.7861,17.7972,22.5652,6.8522,2013.0,273.0,3.2897000000000007,24.8503,0.0,56.283,10.3644,3.9397,7.5892,2.8028,2013.0,273.0,13.704546666666666,28.620919999999998,3.5553,69.88980000000001,23.743453333333335,10.728833333333334,17.008253333333336,4.788466666666666,2013.0,2805.51,767.38,47.77,827.1,-50.87,11.78,66.65
11,289.0,16.1492,30.047600000000003,7.0227,83.6015,24.762300000000003,12.313600000000001,18.0923,7.9597,2013.0,289.0,3.8229999999999995,21.4622,0.0,53.90090000000001,5.3525,-3.8841000000000006,1.1095,2.8289999999999997,2013.0,289.0,10.378553333333333,25.692206666666664,1.4397466666666667,68.09948666666666,15.302286666666667,3.7409733333333337,9.179079999999999,4.926713333333333,2013.0,2159.57,843.64,610.46,1212.39,493.89,562.45,24.49
12,305.0,12.8601,30.087000000000003,24.9602,97.8266,17.9675,8.0954,13.205000000000002,7.3801,2013.0,305.0,1.8557,19.2797,0.0,57.527,8.288,-3.9642,0.6449,3.9669000000000003,2013.0,305.0,8.507778571428572,24.480533333333337,4.222160000000001,75.03717333333334,12.43642,0.8298533333333334,6.118406666666666,5.282500000000001,2013.0,1831.06,687.25,1258.2,1625.05,1236.18,1111.41,7.32
