,DOY,INSgdmax,RADmax,RAINmax,RHmax,TMAXmax,TMINmax,Tmax,WINDmax,YEAR,DOY,INSgdmin,RADmin,RAINmin,RHmin,TMAXmin,TMINmin,Tmin,WINDmin,YEAR,DOY,INSgdmean,RADmean,RAINmean,RHmean,TMAXmean,TMINmean,Tmean,WINDmean,YEAR,NDVI,EVI,RED,NIR,BLUE,MIR,pixrel
0,113.0,27.2228,30.023200000000003,50.02600000000001,96.82279999999999,26.851200000000002,15.675999999999998,20.584799999999998,8.295200000000001,2013.0,113.0,2.2540000000000004,21.444,0.0,63.2332,6.7676,-4.9068000000000005,2.7260000000000004,1.9908,2013.0,113.0,18.235599999999998,26.58064,7.047733333333334,77.91037333333331,15.469013333333335,3.1803466666666664,9.33568,5.252906666666666,2013.0,4390.73,2455.97,872.61,2259.73,451.82,1816.15,0.03
1,129.0,29.296,32.605599999999995,29.697599999999998,91.0908,29.9012,15.9932,21.356,9.633600000000001,2013.0,129.0,3.3676,21.046000000000003,0.0,55.413599999999995,3.3543999999999996,0.22,1.4424,1.7419999999999998,2013.0,129.0,18.28688,28.05376,4.645733333333332,77.34650666666667,18.70192,7.529226666666668,13.391013333333333,4.400239999999999,2013.0,5601.79,3555.47,788.48,2843.26,418.1,1778.06,0.07
2,145.0,29.2256,35.0416,81.96039999999999,93.5308,27.4472,20.0732,23.0016,7.6979999999999995,2013.0,145.0,8.1196,25.741999999999997,0.0,72.34919999999998,18.454,7.341600000000001,14.05,4.1332,2013.0,145.0,18.820826666666665,31.940746666666673,14.476346666666663,84.00066666666666,23.840906666666672,14.899093333333331,19.408320000000003,5.447706666666668,2013.0,6969.27,5226.54,659.17,3789.37,354.9,1407.33,1.4
3,161.0,30.020000000000003,35.09720000000001,17.537599999999998,89.5528,31.7184,20.226,25.7072,7.3196,2013.0,161.0,5.192,25.881600000000002,0.0,68.27000000000001,21.071199999999997,8.42,15.362799999999998,1.724,2013.0,161.0,18.644879999999997,31.66378666666667,3.3496533333333334,79.32277333333334,25.555733333333325,14.93272,20.49698666666667,3.8947200000000004,2013.0,6658.89,4666.65,667.16,3420.38,357.33,1569.92,0.06
4,177.0,28.820000000000004,35.724399999999996,14.676400000000001,90.452,31.622400000000003,22.7532,25.874,6.3288,2013.0,177.0,3.4339999999999997,28.2272,0.0,68.7524,24.372799999999998,12.3904,19.415200000000002,1.7511999999999999,2013.0,177.0,21.36869333333333,32.450320000000005,3.22264,79.13279999999999,27.698453333333333,18.362746666666666,23.11850666666667,4.604053333333334,2013.0,7191.69,5249.92,607.17,3744.69,327.57,1369.93,0.84
5,193.0,29.2256,36.4256,9.2348,84.27199999999999,32.0164,22.4956,27.442799999999995,4.9616,2013.0,193.0,12.441999999999998,29.479999999999997,0.0,71.16439999999999,26.397199999999998,15.6752,21.0044,2.0344,2013.0,193.0,25.238114285714282,33.28917333333333,1.4924,77.40896000000001,29.46485333333333,19.19805333333333,24.53917333333333,3.7776800000000006,2013.0,7452.83,5296.63,531.37,3644.24,291.53,1085.05,0.19
6,209.0,28.2116,35.388400000000004,8.0856,90.3332,30.554000000000002,20.1584,25.756800000000002,4.0624,2013.0,209.0,4.5456,26.077599999999997,0.0,64.2484,21.504400000000004,10.4296,16.928,1.9851999999999999,2013.0,209.0,20.06562666666667,32.14848,1.8645066666666665,76.70458666666667,26.484613333333336,16.395573333333335,21.658320000000003,2.91816,2013.0,7896.39,5670.78,442.74,3767.74,246.41,891.67,0.96
7,225.0,26.088400000000004,34.985600000000005,10.374799999999999,87.06040000000002,31.043200000000002,20.787200000000002,25.0544,4.3648,2013.0,225.0,8.272400000000001,29.041600000000003,0.0,61.2192,19.72,12.6852,16.6676,1.7484,2013.0,225.0,20.65288,31.390453333333333,1.1098133333333333,70.33570666666667,27.3268,16.156613333333333,21.775360000000006,2.8342399999999994,2013.0,7562.94,5308.57,485.41,3578.88,263.3,999.07,0.96
8,241.0,23.868399999999998,35.5872,15.7024,72.26200000000001,38.826,23.348,30.348799999999997,5.314,2013.0,241.0,9.172,27.642799999999998,0.0,42.7936,29.668799999999997,12.9432,21.595200000000006,1.5836000000000001,2013.0,241.0,20.392480000000003,32.88122666666667,1.2726666666666666,58.97634666666668,33.851600000000005,19.92712,26.527706666666667,3.3504266666666673,2013.0,7225.18,4837.99,522.57,3303.01,280.87,981.63,0.0
9,257.0,22.0184,36.1844,19.5656,86.0364,38.204,23.262,29.805200000000003,6.4416,2013.0,257.0,4.802,23.914399999999997,0.0,41.4944,21.671200000000002,7.497599999999999,15.3328,2.2704,2013.0,257.0,16.410880000000002,31.876826666666673,3.4674399999999994,57.80525333333334,29.96061333333334,16.59552,22.875466666666668,4.498346666666666,2013.0,6449.98,4133.56,645.42,3009.44,345.7,1176.15,0.0
10,273.0,19.977199999999996,33.991600000000005,8.279599999999999,81.9792,30.406,18.8412,23.5484,6.565199999999999,2013.0,273.0,3.206,24.784400000000005,0.0,53.6224,11.9476,3.8520000000000003,8.357199999999999,2.44,2013.0,273.0,14.218373333333334,28.906773333333327,0.9650400000000001,70.21157333333332,24.735760000000003,11.901946666666666,17.999386666666673,4.722080000000001,2013.0,6105.57,3414.01,586.34,2456.71,305.83,1161.84,0.0
11,289.0,16.92,30.7616,7.3652,82.31800000000001,25.6296,12.6784,18.785999999999998,6.922,2013.0,289.0,4.5884,22.470399999999998,0.0,47.8848,6.364800000000001,-2.8047999999999997,1.9228,3.0616,2013.0,289.0,11.707679999999998,25.79906666666666,1.0766666666666669,65.77341333333334,17.162533333333332,4.643200000000001,10.558053333333332,4.704879999999999,2013.0,5644.48,3230.77,699.54,2495.25,369.9,1286.5,0.04
12,305.0,14.3168,30.9984,39.2772,98.7392,19.7728,10.961200000000002,15.586400000000001,7.2620000000000005,2013.0,305.0,1.8256000000000001,19.308400000000002,0.0,51.9044,11.1332,-3.4076,2.69,2.9708,2013.0,305.0,8.732685714285715,24.831253333333333,4.675386666666666,71.48069333333332,14.694773333333334,2.517546666666667,8.008746666666667,4.946666666666667,2013.0,4234.08,2339.49,905.18,2232.6,465.69,1731.83,0.0
