,DOY,INSgdmax,RADmax,RAINmax,RHmax,TMAXmax,TMINmax,Tmax,WINDmax,YEAR,DOY,INSgdmin,RADmin,RAINmin,RHmin,TMAXmin,TMINmin,Tmin,WINDmin,YEAR,DOY,INSgdmean,RADmean,RAINmean,RHmean,TMAXmean,TMINmean,Tmean,WINDmean,YEAR,NDVI,EVI,RED,NIR,BLUE,MIR,pixrel
0,113.0,26.6889,30.1578,24.219999999999995,94.06089999999999,24.113599999999998,11.982199999999999,18.0675,9.0451,2013.0,113.0,3.2241,19.326400000000003,0.0,67.91510000000001,2.0493,-9.551200000000001,-1.1999,2.892,2013.0,113.0,18.38331333333333,24.928779999999996,4.987246666666667,81.87319333333335,12.025046666666666,0.5778866666666665,6.487733333333333,5.6564533333333324,2013.0,2849.47,1347.01,1529.58,2252.33,1223.31,804.61,1.19
1,129.0,29.2272,30.832900000000002,29.2296,97.2863,29.2832,13.530600000000002,20.388099999999998,9.3966,2013.0,129.0,3.0658000000000003,20.0155,0.0,59.908500000000004,0.6426999999999999,-2.1099,-0.30360000000000004,1.8216,2013.0,129.0,18.73809333333333,26.972320000000007,4.0365866666666665,76.66434,16.616793333333334,5.396239999999999,11.342153333333334,4.701546666666666,2013.0,4657.95,2056.72,613.24,1680.21,322.98,1214.31,0.02
2,145.0,30.0664,33.496500000000005,40.207300000000004,94.59929999999999,25.8599,18.3982,21.6518,8.6592,2013.0,145.0,3.6465,23.88,0.0,69.2762,13.650500000000001,3.0985,10.840100000000001,2.9069999999999996,2013.0,145.0,16.015193333333333,30.636846666666663,8.975826666666666,84.08532666666666,20.961513333333333,11.777986666666667,16.583946666666666,5.70464,2013.0,6743.96,3984.29,547.43,2699.87,363.18,865.26,1.5
3,161.0,29.9844,34.903600000000004,26.746900000000004,91.90729999999999,29.4285,17.617899999999995,22.799000000000003,5.700499999999999,2013.0,161.0,4.5738,27.2222,0.0,66.24329999999999,17.1569,7.3788,13.9232,1.7897,2013.0,161.0,18.24888761904762,31.09150666666666,6.11154,81.37613333333333,23.047639999999998,12.915746666666665,18.101893333333333,3.7560666666666673,2013.0,7753.06,4723.91,346.64,2912.78,203.83,673.55,0.0
4,177.0,29.430899999999998,36.2206,27.2354,94.14519999999999,28.752100000000002,21.8745,24.8435,7.3447,2013.0,177.0,7.154400000000001,28.1182,0.0,71.628,21.945500000000003,12.8069,17.401400000000002,2.0229,2013.0,177.0,21.79532,32.35834,4.438266666666667,81.85851999999998,25.946953333333337,17.37477333333333,21.813706666666665,4.53264,2013.0,8661.84,5616.94,226.5,3325.5,136.48,492.99,0.41
5,193.0,29.8356,35.2867,26.336100000000002,87.7246,31.393000000000004,22.4783,26.8385,6.091,2013.0,193.0,6.1168999999999984,27.956399999999995,0.0,68.9631,22.7442,14.488,19.824199999999998,2.1228,2013.0,193.0,25.741113333333338,32.70219333333334,2.8404066666666665,79.46469333333333,28.390266666666665,18.611380000000008,23.720926666666667,4.1649866666666675,2013.0,8637.87,5534.54,215.68,3235.0,133.45,475.6,0.19
6,209.0,25.873,33.53920000000001,10.133500000000002,90.1655,29.039,18.5578,23.7346,5.9415000000000004,2013.0,209.0,10.091899999999999,26.7423,0.0,71.83489999999999,16.674300000000002,8.0687,13.066600000000001,1.7448,2013.0,209.0,19.183899999999998,30.44221333333333,1.4640733333333333,79.87512,23.448893333333334,13.440493333333334,18.894840000000002,3.41382,2013.0,8418.0,5595.52,269.39,3376.7,170.91,558.39,0.54
7,225.0,25.1096,33.5346,3.4613,85.4946,28.3273,18.150199999999998,23.3607,5.4274,2013.0,225.0,11.6142,26.852199999999996,0.0,64.9064,21.378200000000003,11.2465,16.8211,1.3337,2013.0,225.0,21.562360000000005,29.900293333333334,0.3684666666666667,76.93014666666666,24.434146666666667,14.014693333333332,19.544739999999997,2.995333333333334,2013.0,8300.22,4965.67,251.18,2911.15,153.01,497.37,0.0
8,241.0,22.8941,35.175000000000004,13.578,88.2441,31.341599999999996,21.737200000000005,26.4115,6.167999999999999,2013.0,241.0,12.0219,26.53,0.0,77.7983,20.4347,9.385200000000001,15.6868,1.7113999999999998,2013.0,241.0,20.134193333333336,32.46016666666667,1.8278333333333332,83.49784666666667,27.663386666666668,17.65136,22.73244,3.806953333333334,2013.0,8399.92,4776.1,224.97,2737.0,137.66,465.61,0.0
9,257.0,21.1792,34.510600000000004,8.8734,86.4603,29.934500000000003,19.9563,24.4694,6.2779,2013.0,257.0,5.002,23.541300000000003,0.0,64.3907,17.9547,6.5200000000000005,11.841099999999999,2.4665,2013.0,257.0,14.807373333333334,30.142406666666663,1.2883200000000001,76.43895999999998,23.750140000000005,12.955193333333334,18.246693333333333,4.431626666666667,2013.0,7463.11,3652.23,293.57,2160.8,167.86,514.68,0.0
10,272.99999999999994,18.7347,33.311499999999995,23.277099999999997,95.8309,27.1559,15.8622,20.1471,7.1165,2013.0,272.99999999999994,2.8363,24.7888,0.0,61.771899999999995,10.8858,2.4417999999999997,7.1537,2.5595999999999997,2013.0,272.99999999999994,13.297339999999997,28.00496666666667,3.2962866666666666,75.94573333333334,21.64811333333333,9.167053333333335,15.227133333333336,4.769993333333333,2013.0,6313.71,2898.42,433.72,1949.91,206.37,676.55,0.0
11,289.0,15.6092,30.085400000000007,12.9746,85.2427,22.7826,11.839299999999998,17.3422,7.9941,2013.0,289.0,3.6298,21.239399999999996,0.0,61.891000000000005,4.4932,-4.4083000000000006,-0.1778,2.6076,2013.0,289.0,9.778753333333333,25.283319999999993,1.62826,73.57946666666666,13.48772,2.721606666666666,7.772360000000002,4.9377466666666665,2013.0,4868.73,2135.39,565.78,1665.99,303.66,963.83,0.08
12,305.0,12.273499999999999,29.4707,16.0557,98.93099999999998,15.4216,5.9198,10.9141,7.5485,2013.0,305.0,1.433,19.6833,0.0,64.8821,4.806,-5.565199999999999,-1.5942,3.9584000000000006,2013.0,305.0,7.8284142857142855,23.952246666666667,3.426313333333334,80.7463,10.096359999999997,-0.6287666666666667,4.316260000000001,5.362833333333334,2013.0,5191.78,1864.12,428.36,1348.58,240.7,758.37,3.21
