,DOY,INSgdmax,RADmax,RAINmax,RHmax,TMAXmax,TMINmax,Tmax,WINDmax,YEAR,DOY,INSgdmin,RADmin,RAINmin,RHmin,TMAXmin,TMINmin,Tmin,WINDmin,YEAR,DOY,INSgdmean,RADmean,RAINmean,RHmean,TMAXmean,TMINmean,Tmean,WINDmean,YEAR,NDVI,EVI,RED,NIR,BLUE,MIR,pixrel
0,113.0,26.3317,31.489199999999997,17.1927,93.1029,24.649499999999996,12.1447,17.4523,9.8005,2014.0,113.0,3.4703,22.474200000000003,0.0,57.5023,8.195900000000002,-1.3877,5.048399999999999,3.6418999999999997,2014.0,113.0,15.901060000000005,27.516753333333334,3.380606666666667,72.40216666666666,18.11471333333333,5.230580000000001,11.83446,6.1455866666666665,2014.0,4789.52,2923.36,934.69,2643.71,484.4,1892.39,0.46
1,129.0,26.895699999999998,33.1543,37.9303,86.5079,30.1914,15.911,22.884900000000002,7.502000000000001,2014.0,129.0,5.955500000000001,24.0759,0.0,58.0275,11.601700000000001,0.33749999999999997,7.5078000000000005,2.371,2014.0,129.0,19.158679999999997,28.095773333333334,3.889146666666667,69.59798666666669,20.607306666666666,7.103680000000001,14.255266666666667,5.4926200000000005,2014.0,5669.11,3607.25,793.06,2898.17,419.14,1646.6,0.62
2,145.0,28.450400000000002,34.647000000000006,16.6444,85.53819999999999,29.041800000000002,19.227400000000003,23.6391,7.742,2014.0,145.0,14.281199999999998,25.688299999999998,0.0,57.29990000000001,20.9366,4.191800000000001,13.7564,2.7478,2014.0,145.0,21.43696666666667,31.961959999999998,2.963026666666666,74.57144,26.088340000000002,14.746106666666666,20.537846666666667,4.1290000000000004,2014.0,6733.84,4658.13,638.27,3370.77,352.33,1268.97,0.08
3,161.0,30.1126,36.8446,42.095,87.76310000000001,29.8029,21.118299999999998,25.770100000000003,8.2335,2014.0,161.0,5.7387999999999995,25.325899999999997,0.0,56.196400000000004,20.8838,8.6845,17.076300000000003,2.076,2014.0,161.0,20.388833333333338,31.445120000000003,9.31494,74.31469999999999,25.74442,14.179453333333335,20.486273333333333,4.576826666666667,2014.0,7267.33,5403.64,605.91,3848.13,335.97,1271.79,0.06
4,177.0,29.644099999999998,35.3905,29.9729,87.6975,31.1568,21.3351,24.9294,6.6585,2014.0,177.0,5.1034,27.749200000000002,0.0,62.9794,19.8973,10.5793,15.8794,1.9117000000000002,2014.0,177.0,18.893213333333335,32.91435333333334,7.981166666666665,76.84478666666666,27.422400000000003,17.585673333333332,22.676713333333335,3.9321466666666662,2014.0,7969.38,5456.94,391.88,3511.93,214.29,817.47,0.79
5,193.0,28.882199999999997,36.0912,21.6417,86.1099,31.314500000000002,20.8724,25.7029,5.7053,2014.0,193.0,5.6204,28.73,0.0,57.2034,22.9792,11.477,17.4401,1.2533,2014.0,193.0,22.127839999999996,31.649980000000006,4.212246666666667,69.05987333333334,27.314320000000002,15.935940000000002,21.895866666666663,3.6866200000000005,2014.0,7831.73,6006.17,492.74,4124.63,268.35,1040.24,0.12
6,209.0,26.515500000000003,36.0963,14.0042,78.93690000000001,34.6948,21.369100000000003,27.7117,6.4887999999999995,2014.0,209.0,11.6456,28.6092,0.0,47.655100000000004,25.5655,13.208199999999998,19.9476,1.7270999999999999,2014.0,209.0,22.20622,32.10714,3.43278,62.00324,29.876173333333334,17.359286666666662,23.641053333333332,3.5129666666666663,2014.0,7968.46,5736.86,423.64,3780.01,234.1,834.4,0.3
7,225.0,26.012999999999998,35.526700000000005,36.079499999999996,90.6944,30.7173,20.1002,24.9021,5.5282,2014.0,225.0,5.4616,27.955,0.0,58.0834,22.830600000000004,12.675899999999999,19.2084,1.6214,2014.0,225.0,16.607871428571432,32.868793333333336,9.841746666666666,76.6059,26.637866666666667,17.237299999999998,21.82096,3.409293333333333,2014.0,8090.96,5519.71,361.42,3503.22,200.04,719.44,0.09
8,241.0,23.368,36.91459999999999,27.736399999999996,90.80160000000001,32.9902,22.856299999999997,26.7666,6.1976,2014.0,241.0,4.8831,29.005900000000004,0.0,67.5602,21.0482,13.244799999999998,17.536299999999997,2.198,2014.0,241.0,16.441620000000004,33.64996,9.349233333333334,79.46685333333335,28.214566666666663,18.7316,23.24854,3.97514,2014.0,7858.42,5305.5,403.27,3430.07,222.22,797.02,0.0
9,257.0,22.796599999999998,35.6663,23.142400000000002,88.3117,28.322300000000006,19.577399999999997,23.1299,6.8622000000000005,2014.0,257.0,7.2541,23.138199999999998,0.0,65.1836,12.1628,2.5567,9.2116,2.2226,2014.0,257.0,15.307093333333333,28.939326666666663,4.030060000000001,75.58782,21.670993333333335,10.029046666666666,15.907633333333331,4.23522,2014.0,6689.61,4112.08,556.34,2877.33,291.26,979.57,0.0
10,273.0,17.9408,32.619499999999995,41.324799999999996,94.22740000000002,26.960700000000003,15.456900000000001,20.397599999999997,8.7684,2014.0,273.0,4.2538,22.1207,0.0,53.8998,11.2657,-0.1779,5.3132,2.1072,2014.0,273.0,13.574333333333332,28.853339999999996,5.3289333333333335,72.35929999999999,21.607446666666668,10.11872,15.666520000000002,4.448779999999999,2014.0,6217.56,3529.3,564.09,2506.63,292.26,1076.21,0.0
11,289.0,16.7095,30.448700000000002,10.5363,94.3831,20.8748,10.037400000000002,14.6471,9.7405,2014.0,289.0,1.4283000000000001,21.0375,0.0,63.6392,12.4128,0.4588,7.7064,2.7182,2014.0,289.0,11.908613333333335,25.602506666666663,1.8001733333333334,74.59779999999999,17.127893333333333,5.689026666666667,11.003,4.639266666666666,2014.0,4903.46,2708.45,781.26,2302.39,402.1,1500.79,0.0
12,305.0,13.481200000000001,28.663700000000002,10.150599999999999,82.42419999999998,22.4187,9.417100000000001,15.707500000000001,7.7139,2014.0,305.0,4.727,18.0888,0.0,57.4975,5.8195,-4.5659,0.5687,3.1977,2014.0,305.0,10.869373333333334,24.080393333333333,1.0879933333333334,67.19862,14.125666666666666,2.385933333333334,7.795893333333334,5.612373333333334,2014.0,4572.31,2472.89,822.48,2205.73,426.66,1511.71,0.06
