,DOY,INSgdmax,RADmax,RAINmax,RHmax,TMAXmax,TMINmax,Tmax,WINDmax,YEAR,DOY,INSgdmin,RADmin,RAINmin,RHmin,TMAXmin,TMINmin,Tmin,WINDmin,YEAR,DOY,INSgdmean,RADmean,RAINmean,RHmean,TMAXmean,TMINmean,Tmean,WINDmean,YEAR,NDVI,EVI,RED,NIR,BLUE,MIR,pixrel
0,113.0,26.28,30.92,15.01,94.04,23.83,11.89,16.27,10.34,2014.0,113.0,5.51,22.36,0.0,51.55,6.85,-3.34,3.72,2.64,2014.0,113.0,17.296,27.055333333333333,3.531999999999999,70.806,17.298,4.6579999999999995,11.078,6.884000000000001,2014.0,3129.27,2022.16,1417.99,2704.99,704.46,2823.29,0.51
1,129.0,27.22,31.86,27.55,82.38,31.33,14.24,21.76,7.53,2014.0,129.0,7.06,22.64,0.0,52.44,10.69,-0.69,5.86,2.4,2014.0,129.0,19.926,27.513333333333332,2.451333333333333,65.68666666666667,19.878666666666664,5.572666666666667,12.876000000000001,5.782,2014.0,3486.61,2281.0,1383.11,2840.94,688.54,2761.92,0.42
2,145.0,28.4,34.7,18.83,82.8,29.39,18.97,23.63,7.17,2014.0,145.0,9.86,25.88,0.0,57.28,21.12,3.72,13.48,2.18,2014.0,145.0,21.409333333333333,31.650666666666666,3.506,70.73533333333333,26.09933333333333,14.238,20.294666666666668,4.339333333333332,2014.0,4522.49,2907.46,1052.5,2803.55,538.84,2051.78,0.36
3,161.0,29.45,37.01,24.54,82.42,31.08,20.72,25.93,9.29,2014.0,161.0,6.77,26.32,0.0,47.63,20.4,8.27,16.61,2.32,2014.0,161.0,19.774666666666665,31.348,8.794,69.04933333333332,25.742000000000004,13.67333333333333,20.153333333333332,5.028666666666667,2014.0,6284.78,4613.5,804.26,3633.21,421.45,1718.55,0.33
4,177.0,29.09,35.06,33.79,88.39,31.82,20.56,24.06,7.89,2014.0,177.0,7.88,27.94,0.0,60.57,22.24,10.89,16.46,1.75,2014.0,177.0,19.555333333333333,32.44533333333333,8.124666666666664,73.57133333333333,26.79866666666667,16.734,21.959333333333333,4.0280000000000005,2014.0,8363.09,6042.15,339.88,3859.31,181.38,742.79,0.96
5,193.0,28.12,36.47,16.69,85.35,30.84,19.77,24.89,5.91,2014.0,193.0,4.36,27.68,0.0,54.84,21.92,10.61,17.06,1.0,2014.0,193.0,21.605333333333338,31.233333333333338,3.2813333333333334,67.86333333333334,26.800666666666665,15.51666666666667,21.374000000000002,3.97,2014.0,8493.49,6853.12,360.18,4555.28,195.01,788.83,0.88
6,209.0,27.14,36.43,5.22,75.11,33.75,20.96,27.47,6.53,2014.0,209.0,8.75,28.15,0.0,52.74,24.54,12.51,19.06,1.93,2014.0,209.0,20.831333333333337,31.628666666666668,1.2973333333333334,62.833999999999996,28.625333333333334,16.553333333333335,22.79266666666667,3.4773333333333327,2014.0,8540.61,7220.4,373.67,4893.62,202.97,789.51,0.26
7,225.0,26.14,35.78,28.26,89.33,30.92,19.67,24.49,6.02,2014.0,225.0,4.32,26.96,0.0,59.09,23.74,11.9,19.01,1.91,2014.0,225.0,18.103571428571428,32.66466666666667,5.459333333333334,75.49399999999999,26.51733333333333,16.805333333333337,21.677999999999997,3.5933333333333324,2014.0,8524.99,6762.37,340.53,4432.23,183.97,702.68,0.04
8,241.0,23.0,36.32,18.4,93.47,32.67,21.39,26.58,6.62,2014.0,241.0,6.12,28.66,0.0,55.3,18.53,10.54,15.95,2.26,2014.0,241.0,14.694666666666667,33.12866666666666,6.673999999999999,74.37066666666666,26.80666666666667,17.554,22.13066666666667,4.053999999999999,2014.0,8019.33,5582.0,373.4,3593.53,199.37,768.17,0.0
9,257.0,22.36,32.69,15.18,91.61,28.22,16.97,21.51,7.77,2014.0,257.0,5.54,23.51,0.0,59.73,12.44,2.0,8.69,2.31,2014.0,257.0,15.363333333333333,28.522000000000002,3.3713333333333333,72.47533333333332,21.26666666666667,9.504666666666669,15.498000000000001,4.4446666666666665,2014.0,5456.11,3078.77,699.83,2419.4,360.63,1138.15,0.0
10,273.0,18.29,31.97,14.49,89.9,27.58,15.91,20.24,9.8,2014.0,273.0,2.59,21.6,0.0,48.82,10.49,-0.53,4.76,2.62,2014.0,273.0,13.042000000000003,28.342000000000002,2.6413333333333333,72.63866666666667,20.506000000000004,9.968000000000002,15.099333333333334,4.8180000000000005,2014.0,4504.14,2367.8,788.93,2104.74,394.93,1382.19,0.0
11,289.0,16.38,29.38,11.67,87.31,21.94,9.23,14.24,7.61,2014.0,289.0,1.44,20.84,0.0,59.43,11.98,-0.06,6.96,2.55,2014.0,289.0,13.227333333333336,24.997999999999998,0.9506666666666667,68.73666666666665,17.478,5.219333333333335,10.892000000000001,4.650666666666667,2014.0,3733.39,1936.79,937.04,2044.7,450.99,1637.52,0.06
12,305.0,13.03,28.37,3.17,84.41,21.56,7.72,13.78,8.1,2014.0,305.0,5.18,17.46,0.0,53.52,5.51,-5.11,-0.2,3.12,2014.0,305.0,10.473333333333333,24.359333333333336,0.4513333333333333,64.23733333333334,13.464666666666666,1.8273333333333333,7.162000000000001,5.7219999999999995,2014.0,3088.38,1876.57,1299.23,2445.01,645.77,2033.5,0.44
