,DOY,INSgdmax,RADmax,RAINmax,RHmax,TMAXmax,TMINmax,Tmax,WINDmax,YEAR,DOY,INSgdmin,RADmin,RAINmin,RHmin,TMAXmin,TMINmin,Tmin,WINDmin,YEAR,DOY,INSgdmean,RADmean,RAINmean,RHmean,TMAXmean,TMINmean,Tmean,WINDmean,YEAR,NDVI,EVI,RED,NIR,BLUE,MIR,pixrel
0,113.0,26.64,32.54,16.76,90.4,24.45,13.41,18.05,9.06,2014.0,113.0,3.92,22.5,0.0,58.93,9.48,-0.08,4.98,2.51,2014.0,113.0,17.284666666666666,27.34733333333333,2.254,73.26666666666667,18.523999999999997,6.0873333333333335,12.527333333333333,5.455333333333332,2014.0,4877.94,3159.86,935.22,2746.27,491.35,1881.22,1.49
1,129.0,27.22,33.73,37.32,89.32,29.6,18.72,23.56,7.24,2014.0,129.0,8.68,24.34,0.0,59.26,13.44,1.23,8.56,2.77,2014.0,129.0,19.60866666666666,28.684000000000005,3.9960000000000004,71.01733333333335,21.415333333333333,8.818666666666667,15.491999999999997,5.274666666666667,2014.0,5597.1,3870.43,892.1,3214.52,475.23,1841.13,0.01
2,145.0,28.37,34.74,15.76,86.34,28.71,19.67,23.94,7.85,2014.0,145.0,10.48,25.92,0.0,62.21,20.99,4.31,13.65,2.65,2014.0,145.0,21.24,32.38333333333333,3.3226666666666675,77.78066666666669,26.140666666666664,15.275333333333332,20.895333333333333,3.7953333333333323,2014.0,6466.47,4582.93,693.46,3395.67,387.96,1323.5,0.46
3,161.0,30.56,35.75,65.47,89.32,29.93,21.85,25.97,7.43,2014.0,161.0,7.31,24.98,0.0,61.95,20.89,9.26,17.01,2.04,2014.0,161.0,19.982666666666667,31.812,9.357333333333333,79.112,25.63933333333333,15.068000000000001,20.757333333333335,4.302666666666667,2014.0,7124.82,5293.86,629.38,3806.19,343.7,1410.4,0.0
4,177.0,29.3,36.29,32.1,90.9,30.69,22.16,26.28,6.09,2014.0,177.0,8.78,27.83,0.0,65.74,20.42,11.16,16.41,1.63,2014.0,177.0,19.62333333333333,33.414,9.543333333333333,79.19933333333333,27.528,18.491333333333337,23.230000000000004,3.6133333333333324,2014.0,7898.7,5694.87,432.57,3747.65,240.66,987.0,0.43
5,193.0,29.2,35.82,20.81,91.6,31.65,21.61,26.5,5.18,2014.0,193.0,11.66,28.66,0.0,62.92,22.85,11.46,17.51,1.48,2014.0,193.0,23.853999999999996,31.69,4.077333333333334,73.996,26.811333333333334,16.540666666666667,22.008666666666663,3.5093333333333327,2014.0,7965.2,6265.66,478.15,4284.66,266.28,1068.47,0.0
6,209.0,27.97,36.04,11.69,79.64,33.36,22.32,27.43,5.67,2014.0,209.0,11.59,29.2,0.0,50.2,25.59,13.34,20.42,1.58,2014.0,209.0,23.018666666666665,32.244666666666674,2.265333333333333,66.874,29.179333333333332,17.48933333333333,23.36466666666667,3.233333333333333,2014.0,7939.01,5963.2,450.62,3985.94,252.32,958.86,0.0
7,225.0,26.21,36.97,50.82,90.91,30.3,20.96,25.28,4.75,2014.0,225.0,4.43,28.12,0.0,61.52,22.87,12.85,19.53,1.49,2014.0,225.0,15.95785714285714,33.488,11.53,80.22466666666666,26.466666666666665,17.65333333333333,21.99866666666667,3.1226666666666665,2014.0,8319.98,5979.67,343.33,3800.12,193.07,687.43,0.01
8,241.0,23.9,37.08,36.66,89.21,33.22,22.6,27.12,6.88,2014.0,241.0,6.34,28.87,0.0,68.23,24.61,14.76,19.93,2.32,2014.0,241.0,16.996666666666666,33.68866666666667,8.889333333333333,79.734,29.147333333333336,19.454,24.066,3.9053333333333335,2014.0,8173.42,5948.68,382.85,3850.67,215.31,778.08,0.0
9,257.0,23.22,35.68,38.57,85.33,29.35,20.25,24.39,6.54,2014.0,257.0,4.36,22.61,0.0,64.97,12.4,2.57,9.57,2.27,2014.0,257.0,14.846666666666666,29.287333333333333,4.228666666666666,77.4,22.257999999999996,10.469333333333333,16.494666666666667,4.002666666666666,2014.0,6779.73,4357.38,570.24,3040.32,310.26,969.03,0.0
10,273.0,18.5,33.34,67.28,96.55,27.93,16.64,21.77,8.01,2014.0,273.0,5.04,21.49,0.0,54.62,12.12,0.51,5.84,1.5,2014.0,273.0,14.189999999999998,28.716666666666676,6.9526666666666666,71.23666666666665,22.52066666666666,10.997333333333332,16.490000000000002,3.9586666666666654,2014.0,6340.25,3757.45,574.94,2676.51,292.48,1140.34,0.0
11,289.0,16.92,30.78,9.25,95.13,21.79,10.59,13.61,9.8,2014.0,289.0,2.16,21.85,0.0,67.3,12.46,1.71,8.46,2.7,2014.0,289.0,11.363333333333333,26.005999999999993,1.7059999999999997,78.968,17.056,6.362666666666668,11.348666666666668,4.525333333333334,2014.0,4897.17,2894.85,846.07,2505.2,431.53,1602.32,0.01
12,305.0,13.93,29.16,21.24,78.0,23.84,11.57,17.65,7.9,2014.0,305.0,6.41,19.66,0.0,54.58,7.17,-4.74,1.24,2.8,2014.0,305.0,11.522666666666664,24.257333333333335,1.504,68.35866666666668,15.256666666666662,3.014000000000001,8.781333333333333,5.357333333333332,2014.0,4471.15,2698.2,958.85,2514.72,498.92,1666.08,0.24
