,DOY,INSgdmax,RADmax,RAINmax,RHmax,TMAXmax,TMINmax,Tmax,WINDmax,YEAR,DOY,INSgdmin,RADmin,RAINmin,RHmin,TMAXmin,TMINmin,Tmin,WINDmin,YEAR,DOY,INSgdmean,RADmean,RAINmean,RHmean,TMAXmean,TMINmean,Tmean,WINDmean,YEAR,NDVI,EVI,RED,NIR,BLUE,MIR,pixrel
0,113.0,26.1727,30.908900000000003,17.555600000000002,92.893,24.5367,12.811300000000001,16.9175,10.5139,2014.0,113.0,4.9883,22.2268,0.0,51.78679999999999,7.3309999999999995,-2.8553,4.101100000000001,3.0026,2014.0,113.0,17.15441333333333,27.14980666666667,3.3013666666666666,69.60646000000001,17.960053333333335,5.1101399999999995,11.643853333333333,6.82258,2014.0,3446.6,2216.51,1319.54,2685.57,662.18,2649.3,1.0
1,129.0,27.5123,32.2448,32.0418,81.39949999999999,32.0182,14.839399999999998,22.622100000000003,7.677999999999999,2014.0,129.0,7.244999999999999,22.828699999999998,0.0,52.181,11.4004,-0.42729999999999996,6.4409,2.3777999999999997,2014.0,129.0,20.35594,27.634939999999997,2.9111199999999995,64.73058666666667,20.60263333333333,6.12372,13.528926666666667,5.7269933333333345,2014.0,4006.28,2730.75,1289.36,3011.75,652.77,2736.82,0.05
2,145.0,28.215,34.714800000000004,16.5804,82.2413,29.819200000000002,19.084699999999998,23.9223,7.4808,2014.0,145.0,11.421399999999998,26.0021,0.0,55.873999999999995,21.264300000000002,4.0197,13.7575,2.3057999999999996,2014.0,145.0,21.693,31.836653333333334,3.1162666666666667,69.83796000000001,26.602779999999996,14.607999999999999,20.707586666666664,4.342046666666666,2014.0,5093.67,3082.33,851.75,2622.94,441.11,1849.05,0.01
3,161.0,30.060499999999998,36.850899999999996,24.0997,80.53299999999999,32.0124,21.1085,26.5627,9.401,2014.0,161.0,7.8097,26.090600000000002,0.0,46.1574,21.2399,8.64,17.198300000000003,2.4532000000000003,2014.0,161.0,20.689059999999998,31.394619999999996,8.36036,68.04219333333333,26.436860000000003,14.132626666666667,20.720913333333332,5.045933333333334,2014.0,5926.91,4060.25,825.72,3255.34,428.26,1839.07,0.16
4,177.0,29.300900000000006,35.32640000000001,29.686700000000002,85.2524,32.889300000000006,21.0706,25.0257,7.7013,2014.0,177.0,7.1770000000000005,27.9659,0.0,57.2067,22.3325,11.001000000000001,16.7782,1.9202,2014.0,177.0,19.185826666666667,32.630333333333326,8.038826666666665,70.85208,27.708620000000003,17.2113,22.616453333333332,4.086460000000001,2014.0,8076.42,5805.92,394.4,3768.55,214.04,858.65,0.49
5,193.0,28.386400000000002,36.481100000000005,15.8945,80.28469999999999,32.2127,20.406399999999998,25.6004,5.873,2014.0,193.0,4.7596,27.935299999999998,0.0,51.5988,22.9782,11.091,17.5854,1.0851,2014.0,193.0,22.111246666666666,31.440780000000004,3.2660400000000003,63.970686666666666,28.027093333333333,15.969053333333333,22.152480000000004,3.9019199999999996,2014.0,8352.1,6454.46,377.07,4247.48,205.73,830.84,0.11
6,209.0,27.380499999999998,36.5114,8.450099999999999,72.00200000000001,35.8331,21.5113,28.628100000000003,6.522600000000001,2014.0,209.0,9.2421,28.364599999999996,0.0,47.992900000000006,25.4391,13.0872,19.7149,1.9041000000000001,2014.0,209.0,21.432953333333337,31.96857333333333,1.87256,58.67372,30.00148666666667,17.197873333333337,23.715940000000003,3.614233333333334,2014.0,8387.39,6815.57,393.53,4579.06,216.85,831.7,0.66
7,225.0,26.0993,36.0464,28.570800000000006,90.3031,31.870900000000002,20.1066,25.3965,5.8831,2014.0,225.0,4.453200000000001,27.026600000000002,0.0,57.9504,23.1332,12.0776,19.121000000000002,1.8175,2014.0,225.0,18.06630714285714,32.81266666666667,6.17886,74.70244666666665,26.88881333333334,17.10182666666667,21.99299333333333,3.50404,2014.0,8373.07,6423.09,363.74,4201.26,198.65,784.8,0.63
8,241.0,23.107300000000002,36.7085,19.3435,92.767,33.5617,22.3816,27.3311,6.486800000000001,2014.0,241.0,5.6538,28.497199999999996,0.0,53.745999999999995,18.6447,11.1986,16.2053,2.1193999999999997,2014.0,241.0,15.03926,33.33857999999999,6.759593333333333,74.01645333333333,27.56393333333334,18.008606666666665,22.696273333333338,3.989866666666666,2014.0,8205.72,5739.29,346.26,3649.88,187.99,761.67,0.0
9,257.0,22.5709,33.2228,16.326999999999998,90.3853,28.630699999999997,17.5768,22.0391,7.4,2014.0,257.0,5.2736,23.4434,0.0,60.4256,12.377099999999999,2.4329,8.8972,2.2693000000000003,2014.0,257.0,15.354453333333332,28.696640000000006,3.53364,72.96669333333331,21.650973333333333,9.756020000000001,15.80288,4.333666666666668,2014.0,6150.23,3818.17,648.37,2825.56,342.98,1047.76,0.0
10,273.0,18.3825,32.0477,16.3363,89.65210000000002,27.7872,16.095,20.3917,9.5447,2014.0,273.0,2.8453,22.0514,0.0,49.6192,10.934,-0.24880000000000002,5.1226,2.4609,2014.0,273.0,13.17594,28.480133333333335,3.13072,71.62758,21.03386666666667,10.219353333333334,15.465633333333331,4.671973333333334,2014.0,4931.61,2638.06,737.54,2194.15,376.6,1354.27,0.0
11,289.0,16.5539,29.550199999999997,11.836500000000001,88.3201,22.4358,10.0588,14.795,7.9726,2014.0,289.0,1.3586,20.8548,0.0,58.31999999999999,11.8912,0.20270000000000002,7.3115000000000006,2.5056,2014.0,289.0,13.231033333333334,25.073479999999996,1.01036,68.98604666666665,17.716033333333336,5.615233333333334,11.20354,4.604046666666667,2014.0,4101.41,2265.05,940.13,2245.06,463.24,1655.95,0.0
12,305.0,13.229800000000001,28.4477,3.2625,82.4564,22.8032,8.2084,14.6754,8.1888,2014.0,305.0,5.2096,17.7116,0.0,53.5718,5.831899999999999,-4.6105,0.2551,3.0793,2014.0,305.0,10.781666666666666,24.181733333333337,0.45577333333333336,64.17147333333334,14.005853333333333,2.16058,7.548033333333334,5.68796,2014.0,3276.64,2017.98,1226.41,2430.19,619.59,1868.72,0.77
