,DOY,INSgdmax,RADmax,RAINmax,RHmax,TMAXmax,TMINmax,Tmax,WINDmax,YEAR,DOY,INSgdmin,RADmin,RAINmin,RHmin,TMAXmin,TMINmin,Tmin,WINDmin,YEAR,DOY,INSgdmean,RADmean,RAINmean,RHmean,TMAXmean,TMINmean,Tmean,WINDmean,YEAR,NDVI,EVI,RED,NIR,BLUE,MIR,pixrel
0,113.0,26.314400000000003,31.460099999999997,22.1368,92.42470000000002,24.152900000000002,10.6403,17.088399999999996,10.765,2014.0,113.0,3.5579,22.367600000000003,0.0,62.66409999999999,7.3586,-2.4181,4.1913,3.6595,2014.0,113.0,14.99006,27.08802,4.855146666666667,76.51696666666666,16.19006666666667,3.1744466666666664,9.774846666666665,6.7201466666666665,2014.0,4993.38,2313.18,638.52,1842.82,362.8,954.61,0.85
1,129.0,26.1869,33.2622,25.394099999999998,94.7944,27.6523,16.420099999999998,20.694200000000002,8.203700000000001,2014.0,129.0,4.4783,24.5648,0.0,62.820600000000006,10.0044,1.3597000000000001,7.3092,2.8263999999999996,2014.0,129.0,16.621039999999997,28.148553333333332,4.02766,73.95421333333334,18.94574,6.57934,13.201366666666665,5.586200000000001,2014.0,5824.96,2585.36,482.44,1809.68,249.51,855.03,0.0
2,145.0,28.819699999999997,35.127300000000005,10.7799,85.0134,28.7658,19.448999999999998,23.8746,7.473699999999999,2014.0,145.0,12.7352,25.2525,0.0,59.87660000000001,20.3226,3.671,13.0852,3.2708999999999997,2014.0,145.0,22.943273333333337,30.913126666666663,1.4724399999999997,77.24612666666665,25.100739999999995,13.479613333333333,19.456179999999996,4.349306666666666,2014.0,7106.0,3771.58,395.93,2377.29,223.63,661.75,0.5
3,161.0,30.394799999999996,35.798199999999994,53.28680000000001,87.17009999999999,28.4449,20.7628,25.0377,7.3269,2014.0,161.0,3.2176,25.2224,0.0,58.559799999999996,21.4638,8.5404,16.807599999999997,2.037,2014.0,161.0,20.66020666666667,30.833099999999998,9.984893333333334,74.93189333333335,24.79830666666667,13.24949333333333,19.530413333333332,4.428493333333333,2014.0,8195.97,4655.03,260.13,2717.24,154.95,455.99,0.0
4,177.0,29.8253,35.3647,35.483700000000006,91.08919999999999,29.607499999999998,21.3068,24.401799999999998,7.071899999999999,2014.0,177.0,3.3745000000000003,27.61,0.0,64.3109,20.032400000000003,9.9421,15.6825,2.5654999999999997,2014.0,177.0,17.453806666666665,32.80858,9.077793333333334,80.13386,26.736053333333334,17.24508,22.19575333333333,4.0890466666666665,2014.0,8358.75,4837.0,247.92,2824.95,149.57,428.35,0.68
5,193.0,28.9078,35.5098,22.6337,88.90969999999999,29.448599999999995,19.9512,24.764,6.136,2014.0,193.0,7.0222,28.459699999999998,0.0,66.9932,20.6175,10.4135,15.7554,1.8765,2014.0,193.0,20.654373333333332,31.33066,3.909193333333334,76.92387333333333,25.42742666666667,15.250753333333332,20.67554,3.9601799999999994,2014.0,8129.38,5006.24,309.31,3027.18,185.99,512.45,0.94
6,209.0,27.0022,35.0026,16.770200000000003,87.7722,30.9564,20.0009,25.522100000000002,6.6498,2014.0,209.0,13.6603,28.4422,0.0,66.2318,21.6838,12.0523,17.5136,1.4,2014.0,209.0,22.467000000000002,31.239173333333323,2.8723333333333336,75.01820000000002,26.672846666666665,15.977613333333332,21.76494666666667,3.383,2014.0,8272.41,5150.79,287.77,3088.43,171.86,517.06,0.41
7,225.0,24.6809,34.60060000000001,14.2033,90.7183,29.157400000000003,18.409799999999997,23.691699999999997,5.7459,2014.0,225.0,7.583300000000001,27.9175,0.0,70.0048,22.4682,12.7206,18.605800000000002,2.0128,2014.0,225.0,17.50777142857143,32.340086666666664,5.137126666666666,78.67906,26.119986666666666,16.339813333333336,21.330726666666664,3.434526666666666,2014.0,8276.84,4530.24,240.53,2597.16,146.03,401.81,0.0
8,241.0,23.3628,36.4174,21.8412,90.0252,32.28,22.819200000000002,26.610200000000003,6.2372000000000005,2014.0,241.0,7.7197000000000005,28.7327,0.0,68.8846,22.224899999999998,12.6342,17.6951,2.1418000000000004,2014.0,241.0,17.803813333333327,33.22410666666667,5.885213333333334,79.61180666666667,27.842380000000002,18.142806666666665,22.85186,4.043093333333333,2014.0,8196.13,4380.91,248.82,2516.81,147.61,442.1,0.0
9,257.0,21.3807,35.0896,14.411999999999997,92.0563,27.2032,18.9109,21.8868,7.5206,2014.0,257.0,3.3729999999999998,22.0504,0.0,65.6742,11.706,1.334,8.2123,2.1382,2014.0,257.0,14.738286666666667,28.328460000000007,2.8365133333333334,75.79867333333333,20.82292,8.948619999999998,14.953806666666667,4.398293333333333,2014.0,6955.74,3367.72,380.65,2098.24,218.92,561.59,0.0
10,273.0,17.205099999999998,32.3656,33.7275,97.67519999999999,26.961100000000002,15.4905,20.5611,8.9679,2014.0,273.0,2.6545,23.524100000000004,0.0,56.13720000000001,10.822500000000002,0.9503,5.612,1.9301,2014.0,273.0,12.638733333333333,28.66660666666667,3.1909599999999996,72.82651333333334,20.57504,9.358759999999998,14.722433333333333,4.601913333333333,2014.0,6328.92,2722.76,405.78,1788.36,204.73,537.22,0.0
11,289.0,16.0277,29.860299999999995,17.423399999999997,96.0159,20.1312,8.672400000000001,12.6927,9.750199999999998,2014.0,289.0,1.1905999999999999,21.4074,0.0,62.3257,11.736300000000002,0.05040000000000001,7.185499999999999,2.8498,2014.0,289.0,10.993793333333334,25.15621333333333,2.399453333333333,78.51251333333335,15.661373333333334,4.50204,9.661693333333336,4.823673333333334,2014.0,5598.93,2227.51,448.45,1578.74,210.62,640.76,0.0
12,305.0,13.0021,28.317500000000003,11.2968,87.57159999999999,21.8168,8.587500000000002,15.1163,7.233299999999999,2014.0,305.0,3.7127,17.760400000000004,0.0,62.18120000000001,4.6928,-5.4753,-0.34840000000000004,3.417,2014.0,305.0,9.478553333333332,24.266753333333337,1.277766666666667,70.90990666666664,12.530253333333334,1.0206466666666667,6.442659999999999,5.592553333333333,2014.0,5984.85,2177.57,368.52,1441.57,181.68,703.29,0.44
