,DOY,INSgdmax,RADmax,RAINmax,RHmax,TMAXmax,TMINmax,Tmax,WINDmax,YEAR,DOY,INSgdmin,RADmin,RAINmin,RHmin,TMAXmin,TMINmin,Tmin,WINDmin,YEAR,DOY,INSgdmean,RADmean,RAINmean,RHmean,TMAXmean,TMINmean,Tmean,WINDmean,YEAR,NDVI,EVI,RED,NIR,BLUE,MIR,pixrel
0,113.0,26.483199999999997,31.2382,12.7852,89.3586,24.3512,9.7222,16.879399999999997,9.525,2014.0,113.0,4.8656,22.1738,0.0,59.820800000000006,10.581199999999999,-1.5116,6.0984,3.3186,2014.0,113.0,16.8364,27.073186666666665,2.6266799999999995,73.95267999999999,17.843333333333334,4.66236,11.39836,5.905413333333334,2014.0,3285.7,1724.22,1185.11,2101.99,917.65,1019.61,1.24
1,129.0,26.35,34.0024,27.482600000000005,90.611,28.3914,18.9818,22.264000000000003,7.406000000000001,2014.0,129.0,7.6236,25.403799999999997,0.0,60.899,12.3622,2.497,8.5476,3.4758,2014.0,129.0,18.027800000000006,28.750586666666667,4.299826666666666,72.76957333333334,20.253973333333334,8.46628,14.621786666666669,5.569586666666668,2014.0,4528.82,2009.83,598.87,1655.51,355.18,907.26,0.31
2,145.0,28.747400000000003,34.9206,13.4958,86.1148,29.023400000000002,20.0722,24.3988,7.350199999999999,2014.0,145.0,13.4612,25.084400000000002,0.0,59.620999999999995,20.3878,4.0016,13.3008,2.8120000000000003,2014.0,145.0,22.206346666666665,31.691813333333336,2.631026666666666,77.06953333333334,25.723239999999997,14.368213333333332,20.32856,4.028040000000001,2014.0,5783.5,2709.56,407.04,1816.22,232.61,680.19,0.06
3,161.0,30.757400000000004,35.7038,39.6884,86.6328,29.105999999999998,21.1178,25.6462,6.713,2014.0,161.0,3.9038000000000004,24.915799999999997,0.0,58.6486,22.0678,9.0898,17.214199999999998,1.7032,2014.0,161.0,20.32914666666667,31.391613333333325,7.614080000000001,75.49038666666667,25.530733333333334,14.16408,20.380893333333336,4.3542,2014.0,7405.02,4159.72,283.48,2509.09,184.22,448.89,0.21
4,177.0,29.571799999999996,36.227000000000004,30.735599999999998,90.8852,29.9816,22.118000000000002,25.583399999999997,6.1856,2014.0,177.0,6.959,27.865000000000002,0.0,66.3664,20.561,10.9504,16.572000000000003,2.23,2014.0,177.0,17.99396,33.371826666666664,11.170813333333335,79.65270666666666,27.331306666666663,18.165826666666664,23.0178,3.8910266666666664,2014.0,7462.03,4604.61,284.29,2839.05,180.34,451.98,0.1
5,193.0,28.8876,36.4936,21.0244,90.106,29.912,21.6276,25.840799999999998,5.7678,2014.0,193.0,6.6304,28.48,0.0,65.52600000000001,21.503999999999998,11.2542,16.507,1.843,2014.0,193.0,22.5356,31.4116,3.38688,75.47296,26.23668,15.94408,21.501600000000003,3.7563733333333333,2014.0,7474.06,4111.86,262.8,2418.7,186.94,370.65,0.36
6,209.0,27.6214,35.9706,14.672800000000002,86.3606,31.782200000000003,21.3084,26.1902,6.2364,2014.0,209.0,15.479,28.7538,0.0,60.3652,23.3814,12.784600000000001,18.6816,1.3490000000000002,2014.0,209.0,23.267880000000005,31.520786666666666,2.4685999999999995,71.06434666666667,27.989826666666666,16.54736,22.556853333333336,3.4195199999999994,2014.0,7564.19,4353.73,264.44,2593.11,178.98,391.13,0.3
7,225.0,25.1762,34.821400000000004,37.8294,91.45679999999999,29.7412,19.321,24.183,6.2276,2014.0,225.0,5.9744,27.9112,0.0,67.3112,22.864,12.651599999999998,19.343600000000002,1.8134,2014.0,225.0,16.681571428571427,32.734680000000004,8.816573333333334,79.42489333333333,26.442079999999997,17.12176,21.712133333333334,3.5528666666666675,2014.0,7239.12,3836.3,265.12,2275.18,181.69,398.96,2.8
8,241.0,23.689999999999998,37.0738,27.9054,94.0436,32.0314,23.497999999999998,26.8858,6.540800000000001,2014.0,241.0,4.5214,29.212400000000002,0.0,74.68639999999999,24.975199999999997,14.204,19.906,2.2430000000000003,2014.0,241.0,17.529973333333334,33.837293333333335,7.8358799999999995,83.04996,28.435346666666668,19.179359999999996,23.60676,3.8413866666666667,2014.0,7144.34,3634.89,253.09,2138.61,155.34,364.59,0.02
9,257.0,21.5654,35.854,30.769000000000005,89.2812,27.5972,18.846400000000003,22.5564,7.616,2014.0,257.0,5.5796,22.0462,0.0,67.1394,11.848199999999999,2.2472000000000003,9.3598,1.8624,2014.0,257.0,14.891279999999998,28.69021333333333,4.399280000000001,77.38774666666666,21.38496,9.44492,15.635533333333337,4.035586666666666,2014.0,6062.0,2738.89,345.11,1768.76,194.17,466.7,2.59
10,273.0,17.767400000000002,32.5336,44.7736,97.8136,27.541200000000003,15.8046,21.4334,8.645800000000001,2014.0,273.0,4.1144,22.1874,0.0,56.95859999999999,11.8026,0.5968,5.809600000000001,1.2044,2014.0,273.0,13.521946666666667,28.686200000000003,5.219573333333333,73.52772,21.41704,10.138066666666665,15.637319999999999,4.17452,2014.0,5706.8,2367.49,385.67,1569.38,240.52,533.49,0.1
11,289.0,16.3736,30.6064,14.6848,97.8466,20.354400000000002,9.673000000000002,13.481200000000001,9.367999999999999,2014.0,289.0,1.2196,21.489199999999997,0.0,66.2256,12.6358,0.9434,7.9452,2.6806,2014.0,289.0,10.427186666666667,25.88836,1.9604133333333333,80.43691999999999,16.161426666666667,5.503080000000001,10.43676,4.599426666666667,2014.0,4986.73,1804.61,333.12,1307.31,164.46,579.37,12.75
12,305.0,13.3312,29.2648,20.955799999999996,83.9916,22.723599999999998,11.9338,17.452800000000003,7.5182,2014.0,305.0,3.9836,19.1044,0.0,61.0796,6.078200000000001,-5.486800000000001,0.1578,3.1188000000000002,2014.0,305.0,10.33102666666667,24.633586666666663,1.7384533333333332,70.35235999999999,13.738853333333335,1.921093333333333,7.631026666666665,5.467426666666666,2014.0,4864.13,1952.22,464.17,1457.52,264.0,707.09,0.44
