,DOY,INSgdmax,RADmax,RAINmax,RHmax,TMAXmax,TMINmax,Tmax,WINDmax,YEAR,DOY,INSgdmin,RADmin,RAINmin,RHmin,TMAXmin,TMINmin,Tmin,WINDmin,YEAR,DOY,INSgdmean,RADmean,RAINmean,RHmean,TMAXmean,TMINmean,Tmean,WINDmean,YEAR,NDVI,EVI,RED,NIR,BLUE,MIR,pixrel
0,113.00000000000001,25.8661,30.736499999999992,19.0155,93.0221,23.217700000000004,9.877,16.1991,11.099099999999998,2014.0,113.00000000000001,3.5816000000000003,21.4844,0.0,65.04950000000001,7.679500000000001,-2.849,4.328,3.2548,2014.0,113.00000000000001,15.674006666666667,26.616173333333336,4.0062066666666665,77.67101999999998,15.215906666666667,2.8336866666666674,9.060886666666667,6.464826666666667,2014.0,3311.14,1577.41,1085.8,1925.28,802.48,1433.65,2.07
1,129.0,26.2956,34.303399999999996,21.4136,94.31020000000001,26.290000000000003,18.1488,20.8343,8.0094,2014.0,129.0,3.4069000000000003,25.160700000000002,0.0,64.04260000000001,10.283299999999999,2.4446,7.1219,3.3629999999999995,2014.0,129.0,15.413906666666664,28.29506,4.2667866666666665,76.32476,18.288006666666664,7.023206666666668,12.915513333333331,5.435366666666669,2014.0,4923.93,2192.76,593.65,1739.3,305.32,1057.43,0.0
2,145.0,28.564700000000002,35.286699999999996,14.438300000000002,87.01950000000002,28.2018,19.5166,23.618100000000002,7.4788,2014.0,145.0,10.7998,25.159599999999998,0.0,63.25200000000001,19.386300000000002,3.4345,12.6079,2.9923000000000006,2014.0,145.0,22.871859999999998,30.48444666666666,1.8777266666666668,78.45727333333335,24.58479333333333,12.801446666666667,18.981266666666667,4.271160000000001,2014.0,6671.2,3372.64,442.8,2214.92,237.66,850.03,0.01
3,161.00000000000003,30.6498,35.0074,26.895199999999996,87.7937,28.232200000000002,20.972,24.843,6.6758000000000015,2014.0,161.00000000000003,4.7273000000000005,24.746199999999995,0.0,59.19899999999999,21.6106,8.4225,16.3787,2.0947,2014.0,161.00000000000003,21.396653333333337,30.565039999999996,7.667326666666667,75.88300000000001,24.325006666666667,13.17999333333333,19.2197,4.360266666666667,2014.0,8270.96,4818.01,259.71,2834.58,148.24,495.34,0.01
4,177.0,29.587999999999997,35.8222,36.4211,92.53960000000001,28.8345,21.3526,24.143700000000003,6.856999999999999,2014.0,177.0,6.401299999999999,27.6642,0.0,65.3002,19.976300000000002,9.827900000000001,15.750200000000001,2.1392,2014.0,177.0,18.582420000000003,32.933393333333335,8.72118,81.16484666666665,26.219766666666665,17.210126666666667,21.970766666666666,4.06154,2014.0,8291.43,5413.84,303.74,3321.16,172.56,625.54,0.01
5,193.0,28.023699999999998,35.8285,21.8662,88.45920000000001,28.745999999999995,19.861100000000004,24.209799999999998,6.196000000000001,2014.0,193.0,7.1311,28.525100000000002,0.0,66.7628,20.0706,10.3838,15.499400000000001,1.6910000000000003,2014.0,193.0,20.085866666666668,31.23076,3.2529866666666662,77.73894,24.957573333333336,15.007686666666666,20.33676,3.980453333333334,2014.0,8396.7,4966.75,250.63,2920.2,142.04,457.55,1.0
6,209.0,26.9833,35.0871,13.3495,87.27050000000001,30.714199999999998,20.1454,25.2221,6.4847,2014.0,209.0,14.3815,28.2218,0.0,68.53510000000001,21.9832,11.741799999999998,17.322400000000002,1.6893999999999998,2014.0,209.0,22.451340000000005,31.160613333333334,2.3625866666666675,76.28979333333334,26.26917333333333,15.519813333333333,21.383213333333334,3.4658999999999995,2014.0,8099.69,5327.47,342.11,3325.38,193.09,666.13,0.34
7,225.0,25.156499999999998,34.494200000000006,12.328,87.16669999999999,28.636100000000003,18.632,23.469,5.7471,2014.0,225.0,8.8237,27.6467,0.0,69.4351,22.794600000000003,12.7538,18.31,1.7912999999999997,2014.0,225.0,18.775014285714285,32.024640000000005,3.593353333333333,77.61013333333335,26.174966666666663,16.030260000000006,21.18772,3.4641666666666664,2014.0,7906.12,5310.97,387.47,3358.45,249.2,687.91,1.17
8,241.0,23.255,36.687400000000004,28.187900000000006,90.8328,32.415800000000004,22.743,26.7343,6.609,2014.0,241.0,6.5512999999999995,28.639499999999998,0.0,66.9173,23.112000000000002,12.715600000000002,18.4462,2.0405,2014.0,241.0,17.33660666666667,33.32388000000001,6.522946666666668,79.90201333333334,27.827533333333328,18.14180666666667,22.902519999999996,3.9839600000000006,2014.0,8085.85,4455.84,274.89,2620.2,153.84,546.69,0.0
9,257.0,20.9918,34.227000000000004,21.6389,89.80399999999999,26.5411,17.8395,21.4446,7.765799999999999,2014.0,257.0,6.654000000000001,22.087200000000003,0.0,66.00250000000001,10.910499999999999,1.2888,8.048,1.8595,2014.0,257.0,14.832993333333336,28.05273333333334,4.1884999999999994,75.7833,20.462913333333333,8.577993333333332,14.698673333333335,4.321119999999999,2014.0,6919.03,3625.51,419.99,2326.51,236.4,632.02,0.0
10,273.0,18.113899999999997,32.5473,30.7823,97.26980000000002,26.8372,14.7869,20.669300000000003,8.8188,2014.0,273.0,1.9487,23.999599999999997,0.0,58.48720000000001,10.990100000000002,1.606,5.7463,1.3681999999999999,2014.0,273.0,12.404653333333334,28.50625333333334,4.877133333333332,73.97260666666668,20.078886666666666,8.880426666666663,14.340866666666665,4.403106666666666,2014.0,5984.13,2606.63,450.42,1789.49,224.7,718.92,0.0
11,289.00000000000006,15.904999999999998,29.6199,16.991600000000002,96.7655,19.5788,8.6641,12.599100000000002,9.683,2014.0,289.00000000000006,1.2435,21.5475,0.0,63.368900000000004,12.024499999999998,0.2758,7.180800000000001,2.6452999999999998,2014.0,289.00000000000006,10.387793333333331,25.274500000000007,2.2343399999999995,80.40824,14.878506666666667,4.480873333333332,9.321953333333333,4.720680000000001,2014.0,5181.15,2171.81,516.23,1627.92,264.15,873.37,0.0
12,305.0,12.862500000000002,28.6041,14.071999999999997,88.2132,21.8027,10.038300000000001,15.607599999999998,7.3314,2014.0,305.0,3.3364,18.505300000000002,0.0,62.897099999999995,4.5539,-5.4644,-0.5691,2.9947999999999997,2014.0,305.0,8.923746666666668,24.624979999999997,1.3340066666666666,72.72305333333333,11.927679999999999,0.8425266666666666,6.191373333333335,5.440653333333334,2014.0,3776.24,1975.05,1028.85,2069.12,786.2,954.89,1.7
