,DOY,INSgdmax,RADmax,RAINmax,RHmax,TMAXmax,TMINmax,Tmax,WINDmax,YEAR,DOY,INSgdmin,RADmin,RAINmin,RHmin,TMAXmin,TMINmin,Tmin,WINDmin,YEAR,DOY,INSgdmean,RADmean,RAINmean,RHmean,TMAXmean,TMINmean,Tmean,WINDmean,YEAR,NDVI,EVI,RED,NIR,BLUE,MIR,pixrel
0,113.0,26.4728,31.962699999999995,16.903000000000002,91.86319999999999,24.5384,11.5778,17.6939,9.266300000000001,2014.0,113.0,3.4345,22.7756,0.0,59.343399999999995,8.969100000000001,-0.9089,5.2641,3.1839000000000004,2014.0,113.0,16.048620000000003,27.45825333333334,2.7270133333333333,73.33157999999999,18.232579999999995,5.371326666666667,12.012133333333335,5.8143666666666665,2014.0,5173.18,3206.0,847.47,2665.07,445.15,1640.44,1.03
1,129.0,26.776900000000005,33.5845,37.3014,88.5809,29.54,16.957,23.006,7.279,2014.0,129.0,7.060199999999999,24.487299999999998,0.0,59.17309999999999,12.2682,1.0598,8.116,2.6047,2014.0,129.0,19.062733333333334,28.379346666666663,3.943153333333333,70.98585333333335,20.839940000000002,7.912726666666669,14.785339999999998,5.401566666666667,2014.0,5966.09,4176.29,837.59,3341.9,448.73,1700.77,0.04
2,145.0,28.5289,34.7119,14.459300000000002,86.156,28.923100000000005,19.5212,23.922100000000004,7.6507000000000005,2014.0,145.0,14.339000000000002,25.7304,0.0,59.2933,20.886899999999997,4.228,13.7697,2.6259,2014.0,145.0,21.560680000000005,32.107593333333334,3.112866666666667,76.29979333333334,26.078239999999997,14.913606666666663,20.66311333333334,3.961246666666666,2014.0,7194.27,5417.71,620.23,3869.12,357.78,1169.91,0.64
3,161.0,30.466900000000003,36.546899999999994,61.71879999999999,88.5141,29.541699999999995,21.3343,25.787200000000002,7.648300000000001,2014.0,161.0,4.9663,25.201,0.0,58.817,21.0758,8.998,17.157400000000003,1.9961000000000002,2014.0,161.0,20.124760000000002,31.625980000000006,10.244019999999999,76.24478,25.678446666666666,14.48224,20.584326666666666,4.39462,2014.0,7360.79,5589.12,597.92,3977.26,327.35,1213.52,0.04
4,177.0,29.5413,36.086,29.321800000000003,89.8318,30.8233,21.7295,25.3942,6.3134,2014.0,177.0,5.0733999999999995,27.895699999999998,0.0,64.86999999999999,19.9392,10.8445,16.0742,1.8571000000000002,2014.0,177.0,18.372999999999998,33.24168666666667,8.865826666666667,78.73044666666667,27.42165333333334,17.99312666666667,22.93438666666667,3.786993333333333,2014.0,7879.27,5489.39,421.59,3575.76,233.11,881.22,0.71
5,193.0,29.0786,35.9858,21.7991,89.6719,31.242999999999995,21.0963,26.013299999999994,5.5232,2014.0,193.0,7.4032,28.7072,0.0,61.145700000000005,22.7392,11.5124,17.4173,1.4609999999999999,2014.0,193.0,22.715539999999997,31.654973333333334,4.305526666666666,72.2453,26.937133333333335,16.182000000000002,21.887479999999996,3.6309199999999997,2014.0,7685.54,5821.22,524.69,4022.39,288.18,1097.58,0.01
6,209.0,27.2352,36.18,14.241699999999998,81.20230000000001,33.558,21.5412,27.3402,6.227399999999999,2014.0,209.0,13.8405,28.9381,0.0,49.56030000000001,25.4736,13.286100000000001,20.1458,1.6558000000000002,2014.0,209.0,22.745600000000003,32.08838666666667,3.130873333333333,65.00387333333333,29.457119999999996,17.37209333333333,23.454946666666668,3.38438,2014.0,7764.14,5762.88,485.81,3895.95,279.23,961.53,0.41
7,225.0,26.046000000000003,35.8745,42.849199999999996,90.60159999999999,30.4844,20.2862,24.866500000000002,5.2888,2014.0,225.0,4.8675999999999995,28.1828,0.0,59.2474,23.1907,12.732199999999999,19.5676,1.7888000000000002,2014.0,225.0,16.13172857142857,33.14004666666666,11.113566666666664,77.84434,26.704340000000002,17.401113333333328,21.949980000000004,3.3586333333333327,2014.0,8038.9,5368.97,365.58,3392.13,203.94,678.42,0.06
8,241.0,23.682999999999996,37.0374,33.4727,90.6482,32.6619,22.8819,26.504899999999996,6.4567,2014.0,241.0,5.9508,29.286399999999997,0.0,71.5035,22.9508,14.045100000000001,18.781499999999998,2.3788,2014.0,241.0,16.79678666666667,33.736000000000004,9.240873333333333,80.77485333333334,28.550913333333334,19.03655333333333,23.54924,3.953246666666667,2014.0,8023.08,5450.06,379.53,3476.58,211.62,758.77,0.0
9,257.0,22.8654,35.7709,29.324400000000004,87.6438,28.734,19.9625,23.6321,6.8374999999999995,2014.0,257.0,6.2957,22.6388,0.0,65.6517,12.334900000000001,2.443,9.4362,2.0974,2014.0,257.0,15.112486666666666,29.066106666666666,3.985773333333334,76.47119333333333,21.879186666666666,10.194673333333334,16.10231333333333,4.155233333333333,2014.0,7410.09,4622.39,439.4,2997.79,246.44,798.67,0.0
10,273.0,18.0101,32.8174,52.9358,95.7792,27.237099999999998,15.6176,20.8901,8.4179,2014.0,273.0,6.0429,21.5052,0.0,53.8636,11.668899999999999,0.2081,5.688600000000001,1.8235000000000001,2014.0,273.0,13.908253333333331,28.828733333333336,5.859019999999999,72.055,21.932033333333333,10.413793333333334,15.969593333333336,4.264213333333332,2014.0,6729.52,4007.38,525.23,2747.5,279.59,1036.41,0.0
11,289.0,16.7319,30.631299999999996,10.9191,95.2057,21.142,10.0351,13.954700000000003,9.812500000000002,2014.0,289.0,1.6383,21.395500000000002,0.0,65.62290000000002,12.8447,0.891,8.004999999999999,2.7315,2014.0,289.0,11.197566666666667,25.875993333333334,2.012086666666667,77.29642,16.949146666666667,5.829079999999999,11.003553333333333,4.616173333333332,2014.0,5214.43,2976.32,751.55,2425.95,388.24,1482.53,0.0
12,305.0,13.6206,28.732100000000003,15.8785,81.1998,22.6595,10.4506,16.7915,7.5661999999999985,2014.0,305.0,4.9927,18.632599999999996,0.0,57.595,6.2289,-4.950900000000001,0.8777999999999999,3.0326999999999997,2014.0,305.0,11.068246666666667,24.141113333333337,1.3657333333333332,68.36696,14.482859999999999,2.529906666666667,8.128866666666667,5.492673333333332,2014.0,4825.27,2777.25,845.98,2427.2,438.62,1540.04,0.03
