,DOY,INSgdmax,RADmax,RAINmax,RHmax,TMAXmax,TMINmax,Tmax,WINDmax,YEAR,DOY,INSgdmin,RADmin,RAINmin,RHmin,TMAXmin,TMINmin,Tmin,WINDmin,YEAR,DOY,INSgdmean,RADmean,RAINmean,RHmean,TMAXmean,TMINmean,Tmean,WINDmean,YEAR,NDVI,EVI,RED,NIR,BLUE,MIR,pixrel
0,113.0,25.92,30.49,18.9,93.2,23.61,9.73,16.3,11.11,2014.0,113.0,3.71,21.35,0.0,64.37,7.97,-2.85,4.56,3.18,2014.0,113.0,16.295333333333335,26.592000000000002,3.719333333333333,77.08666666666664,15.521999999999997,3.0013333333333336,9.264666666666667,6.410666666666668,2014.0,3386.43,1643.09,1064.66,1891.93,874.42,1235.88,2.27
1,129.0,26.28,34.6,21.03,94.12,26.42,18.73,21.07,8.1,2014.0,129.0,2.92,25.34,0.0,62.88,10.7,3.08,7.34,3.54,2014.0,129.0,15.175999999999998,28.435333333333332,4.37,75.86866666666667,18.505999999999997,7.397333333333333,13.152666666666665,5.454000000000002,2014.0,5064.87,2315.06,579.29,1789.97,305.24,1076.02,0.0
2,145.0,28.4,35.35,14.61,86.93,28.28,19.62,23.75,7.49,2014.0,145.0,11.59,25.24,0.0,63.01,19.75,3.38,12.59,2.99,2014.0,145.0,22.965333333333334,30.543999999999993,1.8033333333333335,78.48266666666667,24.741333333333333,12.882666666666667,19.104666666666667,4.258000000000001,2014.0,6659.17,3150.33,402.37,2019.04,222.95,766.45,0.0
3,161.0,30.78,34.96,21.73,87.64,28.28,21.05,24.96,6.46,2014.0,161.0,4.75,24.52,0.0,58.82,21.93,8.51,16.45,2.01,2014.0,161.0,21.273333333333333,30.59333333333333,7.161333333333332,75.88733333333334,24.42733333333333,13.310666666666664,19.342,4.346000000000001,2014.0,7937.79,4690.13,317.39,2860.78,183.86,554.88,0.03
4,177.0,29.56,35.93,36.57,92.4,28.86,21.54,24.23,6.8,2014.0,177.0,7.52,27.76,0.0,65.61,19.96,9.76,15.85,2.07,2014.0,177.0,18.759333333333338,33.029333333333334,8.868666666666666,81.25199999999998,26.294,17.358,22.094,4.031333333333333,2014.0,8212.3,5382.81,298.97,3306.81,171.7,625.43,0.0
5,193.0,27.83,36.04,22.83,88.08,28.65,20.12,24.23,6.19,2014.0,193.0,7.6,28.66,0.0,66.67,20.11,10.48,15.55,1.62,2014.0,193.0,19.908666666666665,31.25,3.1859999999999995,77.70733333333332,25.016000000000005,15.085333333333333,20.419333333333334,3.924000000000001,2014.0,8455.65,4641.83,214.29,2645.87,121.33,387.94,1.0
6,209.0,26.96,35.17,12.15,86.72,30.91,20.34,25.31,6.43,2014.0,209.0,15.52,28.19,0.0,68.4,22.09,11.82,17.38,1.68,2014.0,209.0,22.52266666666667,31.147333333333332,2.1700000000000004,76.15733333333334,26.335333333333335,15.530666666666667,21.427999999999997,3.4573333333333327,2014.0,8112.22,5105.68,302.07,3111.27,175.45,578.6,0.08
7,225.0,25.24,34.45,12.61,87.15,28.57,18.67,23.51,5.75,2014.0,225.0,9.07,27.65,0.0,69.45,22.86,12.92,18.38,1.83,2014.0,225.0,18.869999999999997,32.01866666666667,3.4286666666666665,77.382,26.314666666666668,16.10666666666667,21.27066666666666,3.513333333333333,2014.0,7950.12,4991.48,349.46,3090.69,216.44,619.99,1.16
8,241.0,23.33,36.72,30.95,90.75,32.79,22.88,26.91,6.7,2014.0,241.0,6.62,28.62,0.0,65.75,23.81,13.05,18.93,2.0,2014.0,241.0,17.332666666666668,33.41066666666667,6.658666666666667,79.42066666666666,28.13266666666666,18.378666666666668,23.144666666666662,3.969333333333333,2014.0,8054.19,4238.44,251.82,2455.91,142.78,472.66,0.0
9,257.0,20.92,34.13,24.86,89.13,26.76,17.65,21.47,7.81,2014.0,257.0,7.34,21.92,0.0,66.14,10.86,1.35,8.2,1.76,2014.0,257.0,14.786666666666667,28.046666666666674,4.744,75.51733333333333,20.604,8.582,14.776,4.261333333333332,2014.0,6633.24,3247.88,418.04,2099.88,232.05,561.8,0.0
10,273.0,18.32,32.62,32.58,97.18,27.02,14.85,20.89,8.74,2014.0,273.0,1.4,24.26,0.0,57.95,11.23,1.82,5.86,1.18,2014.0,273.0,12.524000000000003,28.56066666666667,5.526,73.40666666666668,20.280666666666665,9.042666666666664,14.52266666666667,4.332666666666666,2014.0,5635.37,2364.04,454.45,1668.56,219.03,700.9,0.0
11,289.0,15.95,29.63,16.44,97.08,19.57,8.83,12.72,9.68,2014.0,289.0,1.12,21.6,0.0,63.25,12.2,0.4,7.44,2.62,2014.0,289.0,10.271999999999998,25.37333333333334,2.1586666666666665,80.57266666666666,14.898,4.627333333333332,9.42,4.690666666666667,2014.0,5360.68,2069.53,436.29,1465.15,232.96,713.29,0.0
12,305.0,12.89,28.73,16.32,87.85,22.0,10.64,15.98,7.37,2014.0,305.0,3.31,18.68,0.0,62.73,4.66,-5.48,-0.53,2.84,2014.0,305.0,8.954,24.72733333333333,1.4426666666666665,72.65733333333334,12.063999999999998,0.9333333333333335,6.332000000000002,5.418000000000001,2014.0,4261.89,2147.64,1004.45,2136.57,817.31,914.13,1.55
