,DOY,INSgdmax,RADmax,RAINmax,RHmax,TMAXmax,TMINmax,Tmax,WINDmax,YEAR,DOY,INSgdmin,RADmin,RAINmin,RHmin,TMAXmin,TMINmin,Tmin,WINDmin,YEAR,DOY,INSgdmean,RADmean,RAINmean,RHmean,TMAXmean,TMINmean,Tmean,WINDmean,YEAR,NDVI,EVI,RED,NIR,BLUE,MIR,pixrel
0,113.0,26.48,31.9896,16.836799999999997,91.8144,24.5268,11.586,17.698,9.2456,2014.0,113.0,3.4592,22.775199999999998,0.0,59.4036,8.987200000000001,-0.8864000000000001,5.268,3.1564,2014.0,113.0,16.081893333333337,27.451013333333336,2.69304,73.38613333333333,18.23514666666666,5.385466666666668,12.02216,5.796239999999999,2014.0,5368.16,3495.96,876.4,2923.77,459.27,1626.12,0.79
1,129.0,26.7784,33.595600000000005,37.1984,88.7312,29.510400000000004,17.024,23.016,7.272,2014.0,129.0,7.1568000000000005,24.5,0.0,59.234399999999994,12.300799999999999,1.0828,8.1376,2.6164,2014.0,129.0,19.064239999999998,28.393013333333332,3.9448,71.06640000000002,20.845733333333335,7.950826666666668,14.806773333333332,5.39584,2014.0,6113.92,4339.93,821.55,3443.88,436.45,1640.45,0.02
2,145.0,28.53,34.714400000000005,14.4672,86.1864,28.902,19.529200000000003,23.927200000000003,7.6452,2014.0,145.0,14.256,25.7344,0.0,59.4644,20.8812,4.2139999999999995,13.7588,2.6243999999999996,2014.0,145.0,21.554880000000004,32.114106666666665,3.133653333333333,76.41149333333334,26.06941333333333,14.920346666666664,20.664506666666668,3.9523466666666662,2014.0,7300.53,5358.7,569.72,3755.57,313.94,1095.05,0.09
3,161.0,30.470399999999998,36.511599999999994,62.5516,88.5712,29.5332,21.3444,25.784399999999998,7.622000000000001,2014.0,161.0,4.9612,25.1912,0.0,58.9868,21.069200000000002,9.010399999999999,17.1508,1.9951999999999999,2014.0,161.0,20.101280000000003,31.63237333333334,10.258026666666666,76.38431999999999,25.66792,14.497973333333332,20.584533333333333,4.385866666666667,2014.0,7530.11,5487.13,528.86,3770.05,290.76,1089.87,0.04
4,177.0,29.5304,36.1044,29.4056,89.9528,30.7988,21.744,25.422400000000003,6.3012,2014.0,177.0,5.1448,27.9004,0.0,64.99759999999999,19.9464,10.852799999999998,16.0772,1.8476,2014.0,177.0,18.38856,33.252293333333334,8.911013333333333,78.84434666666667,27.410666666666664,18.009626666666666,22.93944,3.778026666666666,2014.0,8066.83,5611.3,381.36,3581.38,216.29,779.92,0.31
5,193.0,29.0848,35.980000000000004,21.7188,89.84,31.214799999999997,21.110799999999998,26.013599999999997,5.5128,2014.0,193.0,7.564,28.7048,0.0,61.3712,22.715600000000002,11.5048,17.407600000000002,1.4672,2014.0,193.0,22.751066666666663,31.653306666666673,4.2928,72.44762666666666,26.903493333333337,16.18824,21.877679999999998,3.6270933333333337,2014.0,7799.95,5880.42,488.66,3999.07,269.98,1044.78,0.0
6,209.0,27.2596,36.1744,14.141200000000001,81.3168,33.4816,21.552,27.3084,6.207599999999999,2014.0,209.0,13.823599999999999,28.944000000000003,0.0,49.7008,25.455599999999997,13.276,20.1448,1.6503999999999999,2014.0,209.0,22.75626666666667,32.08722666666667,3.1054399999999998,65.21256,29.41229333333333,17.36517333333333,23.43165333333333,3.3749866666666666,2014.0,7725.72,5500.9,463.64,3664.02,256.95,943.4,0.03
7,225.0,26.05,35.914,43.370400000000004,90.60919999999999,30.427999999999997,20.294400000000003,24.8448,5.2684,2014.0,225.0,4.846,28.184,0.0,59.3952,23.1772,12.728399999999999,19.5684,1.7844,2014.0,225.0,16.099114285714286,33.15434666666666,11.183546666666665,78.01154666666666,26.675733333333334,17.406293333333334,21.94192,3.3517866666666665,2014.0,7994.66,5424.62,381.72,3459.48,212.95,754.33,0.21
8,241.0,23.6952,37.035199999999996,33.703199999999995,90.6628,32.6184,22.8624,26.48,6.4704,2014.0,241.0,5.9944,29.286,0.0,71.7564,23.029200000000003,14.075199999999999,18.8356,2.3776,2014.0,241.0,16.815333333333335,33.73218666666667,9.21872,80.92525333333333,28.540186666666667,19.04141333333333,23.548026666666665,3.9484266666666668,2014.0,8028.71,5474.71,378.55,3485.03,213.23,765.85,0.0
9,257.0,22.8744,35.7696,29.686799999999998,87.6148,28.7228,19.962,23.641199999999998,6.8344000000000005,2014.0,257.0,6.2224,22.6292,0.0,65.74440000000001,12.3296,2.4292,9.435599999999999,2.0972,2014.0,257.0,15.098826666666664,29.068453333333334,3.9991200000000005,76.57013333333333,21.874853333333334,10.194560000000001,16.104266666666664,4.149013333333333,2014.0,7151.7,4588.1,498.12,3081.4,272.34,945.0,0.0
10,273.0,18.02,32.828,53.667199999999994,95.8844,27.2452,15.6352,20.9188,8.4004,2014.0,273.0,6.0768,21.49,0.0,53.935199999999995,11.6784,0.21559999999999999,5.6928,1.8072,2014.0,273.0,13.920346666666665,28.82290666666667,5.895386666666667,72.08743999999999,21.938693333333333,10.426879999999999,15.979706666666669,4.252213333333333,2014.0,6932.59,4149.7,485.03,2782.62,256.49,968.51,0.0
11,289.0,16.7344,30.6392,10.85,95.2388,21.15,10.0396,13.9108,9.812800000000001,2014.0,289.0,1.6544,21.414800000000003,0.0,65.7576,12.8504,0.9228000000000001,8.0184,2.732,2014.0,289.0,11.177733333333332,25.88525333333333,2.0055199999999997,77.43968000000001,16.937386666666665,5.837013333333334,11.003066666666665,4.6140799999999995,2014.0,5788.14,3377.21,665.96,2555.71,347.8,1240.79,0.0
12,305.0,13.6292,28.744,16.1712,81.1232,22.662399999999998,10.5076,16.8308,7.567200000000001,2014.0,305.0,5.0276,18.668,0.0,57.5496,6.2547999999999995,-4.9576,0.8816,3.024,2014.0,305.0,11.081493333333333,24.143413333333335,1.37728,68.43461333333335,14.498906666666663,2.537413333333334,8.14432,5.486186666666666,2014.0,5258.53,2997.3,743.9,2432.15,383.6,1415.54,0.0
