,DOY,INSgdmax,RADmax,RAINmax,RHmax,TMAXmax,TMINmax,Tmax,WINDmax,YEAR,DOY,INSgdmin,RADmin,RAINmin,RHmin,TMAXmin,TMINmin,Tmin,WINDmin,YEAR,DOY,INSgdmean,RADmean,RAINmean,RHmean,TMAXmean,TMINmean,Tmean,WINDmean,YEAR,NDVI,EVI,RED,NIR,BLUE,MIR,pixrel
0,113.0,26.187199999999997,31.1824,18.8844,92.708,25.0464,13.8156,17.6052,10.395199999999999,2014.0,113.0,3.8348,22.0476,0.0,54.495200000000004,7.8712,-1.6219999999999999,4.722799999999999,3.7084,2014.0,113.0,16.523920000000004,27.455280000000002,3.49528,70.22008,18.451306666666667,5.583066666666666,12.139946666666667,6.4237866666666665,2014.0,3385.18,2184.04,1319.61,2657.55,660.31,2529.67,1.21
1,129.0,27.4728,32.8524,38.976,83.198,31.592,15.7988,23.376,7.7668,2014.0,129.0,6.2612000000000005,23.4696,0.0,55.296400000000006,11.8892,-0.16360000000000002,7.2463999999999995,2.2652,2014.0,129.0,20.017680000000002,27.934026666666664,3.810506666666667,66.61736,21.049706666666665,6.873866666666668,14.278453333333335,5.5549066666666675,2014.0,3903.57,2650.17,1320.52,2999.31,663.8,2749.18,0.11
2,145.0,28.171999999999997,34.644800000000004,17.1496,83.84,29.5436,19.11,23.7196,7.9556000000000004,2014.0,145.0,12.9512,25.8904,0.0,55.7036,21.1904,4.3191999999999995,13.869599999999998,2.758,2014.0,145.0,21.49554666666667,32.02277333333333,2.760933333333333,71.92261333333335,26.56285333333333,14.918853333333331,20.819066666666664,4.25192,2014.0,5045.82,3340.08,991.65,2987.07,510.89,2048.32,0.67
3,161.0,30.2432,36.7024,24.7508,84.188,31.315199999999997,21.362000000000002,26.422800000000002,8.9712,2014.0,161.0,8.2336,25.455199999999998,0.0,51.504000000000005,21.2828,8.76,17.343200000000003,2.3332,2014.0,161.0,21.11629333333334,31.402373333333333,7.8989866666666675,71.43594666666667,26.381040000000002,14.416,20.869973333333338,4.8232800000000005,2014.0,6647.16,4778.29,707.34,3573.86,381.43,1403.52,0.17
4,177.0,29.639599999999998,35.1476,28.901600000000002,84.1668,32.4728,21.4232,25.480000000000004,7.033200000000001,2014.0,177.0,6.5920000000000005,27.717599999999997,0.0,58.334399999999995,20.857999999999997,10.714,16.334,1.972,2014.0,177.0,19.508666666666667,32.77533333333333,7.606613333333333,72.36013333333332,28.056666666666665,17.63368,22.9556,4.0504533333333335,2014.0,7929.61,5651.92,424.61,3714.71,232.06,887.65,0.83
5,193.0,28.7856,36.2348,19.014400000000002,79.8336,32.5576,21.0956,26.0348,5.741999999999999,2014.0,193.0,5.78,28.614800000000002,0.0,51.656000000000006,23.759999999999998,11.5836,17.827199999999998,1.1212,2014.0,193.0,22.396479999999997,31.706506666666666,3.779466666666667,63.79269333333333,28.427120000000002,16.160426666666666,22.457546666666666,3.7143733333333335,2014.0,8239.59,6724.43,431.81,4583.81,240.21,957.16,0.1
6,209.0,26.715600000000002,36.180800000000005,13.0728,73.0204,36.8844,21.865199999999998,28.9204,6.482799999999999,2014.0,209.0,9.073599999999999,28.5328,0.0,44.1124,26.126800000000003,13.4648,20.2044,1.7920000000000003,2014.0,209.0,22.04389333333333,32.31341333333334,3.159360000000001,57.299279999999996,30.866799999999998,17.697386666666667,24.271626666666666,3.6551199999999997,2014.0,8306.95,6688.18,407.92,4491.33,231.91,841.47,0.67
7,225.0,26.050400000000003,35.9628,31.9764,91.25280000000001,31.735600000000005,20.448800000000002,25.736400000000003,5.548,2014.0,225.0,5.441599999999999,27.534399999999998,0.0,57.349599999999995,22.2836,12.5908,19.010800000000003,1.4356,2014.0,225.0,17.31314285714286,32.87245333333334,8.370053333333335,75.46856,26.82682666666667,17.337386666666667,21.993946666666673,3.3479199999999993,2014.0,8515.08,6707.92,342.46,4390.05,189.01,763.22,0.77
8,241.0,23.2152,37.0028,22.969600000000003,90.6384,34.087199999999996,23.152,27.7464,6.192,2014.0,241.0,4.3228,28.4444,0.0,58.5664,19.6832,12.680399999999999,16.8372,1.9683999999999997,2014.0,241.0,16.016773333333337,33.60034666666667,8.53416,76.24621333333333,28.428559999999997,18.701066666666666,23.375093333333332,3.9464,2014.0,8330.23,6083.15,337.88,3887.06,187.53,728.12,0.0
9,257.0,22.909599999999998,35.082,20.6532,87.95320000000001,28.616,19.1336,23.0148,6.749599999999999,2014.0,257.0,6.465599999999999,23.499999999999996,0.0,63.4392,12.1204,2.8776,9.1344,2.3496,2014.0,257.0,15.357466666666667,28.9532,4.05616,74.70591999999999,21.881013333333332,10.072026666666666,16.05408,4.208586666666666,2014.0,5819.48,3716.97,753.52,2899.13,406.8,1129.57,0.0
10,273.0,18.2476,32.5268,31.5092,91.85480000000001,27.3988,15.9952,20.4528,8.9672,2014.0,273.0,2.4912,22.724800000000002,0.0,53.1764,11.302399999999999,-0.18480000000000002,5.2707999999999995,2.2104,2014.0,273.0,13.402639999999998,28.791493333333328,4.9092,71.44959999999999,21.709173333333332,10.295546666666667,15.786053333333331,4.459599999999999,2014.0,5093.86,2652.63,677.69,2135.91,334.32,1310.97,0.0
11,289.0,16.8024,30.1868,10.311200000000001,92.4404,21.6956,10.6812,15.338799999999999,9.3244,2014.0,289.0,1.3967999999999998,20.907200000000003,0.0,60.578,11.801200000000001,0.5072000000000001,7.733200000000001,2.6068,2014.0,289.0,12.837493333333335,25.344799999999996,1.3545333333333334,71.74261333333334,17.600906666666667,5.970186666666668,11.354106666666667,4.58768,2014.0,4125.98,2263.89,921.23,2216.88,455.55,1611.05,0.03
12,305.0,13.522400000000001,28.729599999999998,6.0856,81.09519999999999,23.4716,8.9992,15.465599999999998,8.1156,2014.0,305.0,5.185200000000001,18.092399999999998,0.0,55.2308,6.046799999999999,-3.998,0.6492,3.1664000000000003,2014.0,305.0,11.031039999999999,24.016693333333333,0.7566399999999999,65.42296,14.414159999999999,2.5657066666666672,7.932879999999999,5.650399999999999,2014.0,3152.8,2108.48,1420.57,2699.64,727.48,2100.56,0.96
