,DOY,INSgdmax,RADmax,RAINmax,RHmax,TMAXmax,TMINmax,Tmax,WINDmax,YEAR,DOY,INSgdmin,RADmin,RAINmin,RHmin,TMAXmin,TMINmin,Tmin,WINDmin,YEAR,DOY,INSgdmean,RADmean,RAINmean,RHmean,TMAXmean,TMINmean,Tmean,WINDmean,YEAR,NDVI,EVI,RED,NIR,BLUE,MIR,pixrel
0,113.0,26.1331,30.1463,19.125,93.1515,22.450899999999997,9.5573,15.397,10.717,2014.0,113.0,3.4993,22.22,0.0,50.077600000000004,5.805,-4.005800000000001,2.6318,2.9425,2014.0,113.0,16.02889,26.702906666666664,3.886,71.9712,15.847886666666668,3.4606199999999996,9.69116,7.1458933333333325,2014.0,2266.96,1137.31,1062.65,1700.23,563.85,1751.47,0.02
1,129.0,26.083000000000002,31.8599,21.344,83.10079999999999,29.1505,11.0015,19.1323,7.716799999999999,2014.0,129.0,6.895499999999999,22.391399999999997,0.0,54.745999999999995,9.4926,-1.0394999999999999,5.0454,2.3082000000000003,2014.0,129.0,19.34114,27.09306,2.5150466666666667,66.01684666666667,18.829246666666663,4.80214,11.860753333333333,5.890133333333333,2014.0,2348.85,1065.04,917.07,1491.84,488.05,1766.38,0.14
2,144.99999999999997,28.652500000000003,34.8177,17.7439,83.7891,28.9343,18.852899999999998,23.608299999999996,6.8671999999999995,2014.0,144.99999999999997,6.2507,25.6427,0.0,56.27310000000001,21.158900000000003,3.9947999999999997,13.5748,2.1903,2014.0,144.99999999999997,20.661573333333333,31.06664,3.45646,70.55629333333333,25.730739999999997,13.522873333333333,19.76796666666667,4.3911333333333324,2014.0,3418.33,1712.35,838.37,1771.72,452.63,1691.1,0.39
3,161.00000000000003,28.533800000000003,36.825799999999994,22.6061,85.14819999999999,29.479300000000002,20.0395,24.866199999999996,9.014,2014.0,161.00000000000003,3.8302999999999994,26.4094,0.0,50.07079999999999,19.2939,7.7908,15.595199999999998,1.9446,2014.0,161.00000000000003,17.938233333333333,31.020626666666665,8.72324,70.17331333333333,24.80142666666666,12.901733333333334,19.313860000000005,4.9673533333333335,2014.0,5140.09,3015.89,733.64,2427.33,394.28,1434.26,0.01
4,177.0,29.4739,34.752100000000006,28.7608,85.40400000000001,30.964000000000002,19.9725,23.445700000000002,8.2093,2014.0,177.0,8.7998,27.800499999999996,0.0,60.7979,21.8351,10.554599999999999,16.188200000000002,1.6558,2014.0,177.0,20.61751333333333,31.986540000000005,7.635726666666667,73.39861333333333,26.09361333333333,15.965273333333332,21.257720000000003,4.209533333333334,2014.0,7261.84,4908.62,491.26,3365.05,257.26,885.76,0.24
5,192.99999999999997,28.5026,35.9234,14.490400000000001,85.39009999999999,31.082,19.573099999999997,24.5918,6.2942,2014.0,192.99999999999997,9.144299999999998,27.2094,0.0,59.2251,20.3398,10.061100000000001,16.200599999999998,1.2902,2014.0,192.99999999999997,22.476226666666673,30.934053333333335,2.53424,69.93225333333334,26.014846666666667,14.99816,20.720546666666667,4.295766666666666,2014.0,7430.51,5528.19,568.33,3915.16,301.3,862.77,0.69
6,209.0,26.464,35.9212,8.5204,81.87019999999998,31.0586,20.1207,25.796100000000003,6.821199999999999,2014.0,209.0,6.5842,27.8045,0.0,55.5359,23.442500000000003,11.9656,18.5353,1.4939,2014.0,209.0,20.460533333333338,31.280926666666662,1.4605466666666667,66.28648666666668,27.200480000000002,15.808559999999998,21.83672,3.398886666666666,2014.0,7613.38,5507.97,516.96,3802.09,273.19,728.37,0.73
7,225.0,26.1365,34.949400000000004,17.5287,90.29610000000001,29.4649,19.0287,23.974900000000005,6.325,2014.0,225.0,7.703200000000001,27.0128,0.0,60.2755,21.5766,11.7203,18.52,1.7593999999999999,2014.0,225.0,18.64887142857143,32.32532,3.9421399999999998,76.42307333333335,25.795846666666666,16.3639,21.16718666666667,3.640519999999999,2014.0,6701.24,4555.97,670.03,3349.37,345.38,833.06,0.0
8,241.0,22.5521,35.44480000000001,20.308600000000002,94.14489999999999,30.694700000000005,20.9102,25.077700000000004,6.6854,2014.0,241.0,5.043499999999999,28.322200000000002,0.0,59.44669999999999,17.6383,10.112700000000002,14.8467,2.3430000000000004,2014.0,241.0,14.673873333333333,32.479713333333336,5.553033333333333,76.09895333333334,25.70082,16.555533333333333,21.09462666666667,4.0945800000000006,2014.0,5613.49,3338.38,714.98,2634.9,338.86,1100.99,0.0
9,257.0,22.0342,32.6627,9.7,90.9953,28.2768,16.817800000000002,20.7493,7.4072000000000005,2014.0,257.0,5.5223,23.1236,0.0,59.3759,12.6289,1.6597,8.442699999999999,2.4821999999999997,2014.0,257.0,15.336566666666668,28.307766666666662,2.615433333333333,70.95957333333334,20.87320666666667,9.248713333333335,14.983786666666665,4.5210799999999995,2014.0,4145.24,2282.0,911.13,2209.18,447.2,1432.36,0.09
10,273.0,17.961100000000002,31.674699999999998,15.280399999999998,89.4795,27.0153,15.665899999999999,20.254299999999997,9.9982,2014.0,273.0,2.5202,21.777500000000003,0.0,49.880700000000004,9.747499999999999,-0.3568,4.4608,3.0269999999999997,2014.0,273.0,12.558606666666666,28.097213333333332,2.407646666666667,72.85520666666666,19.694119999999998,9.419053333333332,14.416766666666666,5.159506666666667,2014.0,3981.34,2096.92,846.49,2011.28,439.43,1448.14,0.0
11,289.0,16.0093,29.1728,11.0908,86.6908,20.984,8.949900000000001,13.6428,7.5817000000000005,2014.0,289.0,2.7133000000000003,20.904999999999998,0.0,59.3557,12.2663,-0.6203,6.208799999999999,2.5284000000000004,2014.0,289.0,12.593013333333337,24.924393333333335,0.9139999999999999,68.9005,16.999546666666667,4.6846466666666675,10.243513333333334,4.798566666666666,2014.0,3190.96,1459.28,792.91,1581.78,410.65,1399.81,0.0
12,305.0,12.7873,28.071499999999997,2.233,86.70100000000001,19.431,7.024299999999999,12.206199999999999,8.076,2014.0,305.0,4.3865,17.2012,0.0,53.0908,4.691,-5.715,-1.0646000000000002,3.2331,2014.0,305.0,9.714206666666668,24.28198666666667,0.41758666666666666,64.6756,12.379919999999998,1.1073266666666663,6.249666666666667,5.729099999999999,2014.0,2695.04,1234.13,1240.93,1918.92,847.69,1180.02,0.92
