,DOY,INSgdmax,RADmax,RAINmax,RHmax,TMAXmax,TMINmax,Tmax,WINDmax,YEAR,DOY,INSgdmin,RADmin,RAINmin,RHmin,TMAXmin,TMINmin,Tmin,WINDmin,YEAR,DOY,INSgdmean,RADmean,RAINmean,RHmean,TMAXmean,TMINmean,Tmean,WINDmean,YEAR,NDVI,EVI,RED,NIR,BLUE,MIR,pixrel
0,113.0,26.2676,30.92,17.273000000000003,94.5081,23.6471,11.5211,16.3444,10.1819,2014.0,113.0,5.2093,22.2484,0.0,53.2643,6.633,-3.1292,3.6766000000000005,2.7671,2014.0,113.0,16.76404,27.051613333333332,4.025933333333334,72.10862,17.080379999999998,4.448646666666667,10.893446666666666,6.8257200000000005,2014.0,4350.49,2720.08,1032.33,2635.9,540.5,2131.01,0.76
1,129.0,26.829399999999996,31.903400000000005,28.201,83.8432,30.8898,13.942400000000003,21.6515,7.582700000000001,2014.0,129.0,7.0259,23.0306,0.0,53.580799999999996,10.5102,-0.721,5.8817,2.5115999999999996,2014.0,129.0,19.538086666666665,27.49411333333333,2.7898533333333333,66.96304,19.759626666666666,5.562746666666667,12.880753333333336,5.751413333333335,2014.0,4910.26,3407.3,1051.77,3141.71,555.68,2301.82,0.17
2,145.0,28.3783,34.6907,16.7902,83.8292,29.2226,18.926599999999997,23.5401,7.148300000000001,2014.0,145.0,9.739099999999999,25.7033,0.0,57.534200000000006,21.030099999999997,3.7014000000000005,13.4738,2.3071,2014.0,145.0,21.54842,31.569446666666664,3.13772,71.95797333333333,25.91767333333333,14.130533333333334,20.147106666666666,4.33334,2014.0,5676.06,3726.93,816.92,2998.78,441.3,1628.35,0.31
3,161.0,29.4035,36.898399999999995,22.794700000000002,83.815,30.5809,20.698299999999996,25.7409,9.1102,2014.0,161.0,7.337299999999999,26.127799999999997,0.0,50.1379,20.232599999999998,8.285499999999999,16.5263,2.3045,2014.0,161.0,19.5339,31.257066666666667,8.54414,70.35794666666666,25.575426666666665,13.53342,20.031193333333334,4.932566666666666,2014.0,6618.66,4847.76,720.19,3653.57,390.21,1534.17,0.3
4,177.0,29.0776,35.1158,35.3803,89.1464,31.355,20.5445,24.0476,7.8125,2014.0,177.0,9.1882,27.9617,0.0,61.645700000000005,21.9176,10.6699,16.1934,1.7345,2014.0,177.0,19.648333333333333,32.50072,7.989713333333332,74.96757333333333,26.693266666666666,16.670346666666667,21.875013333333335,4.02242,2014.0,7976.96,5632.16,393.93,3648.13,216.76,822.49,0.48
5,193.0,28.1634,36.346,17.505300000000002,86.46289999999999,30.861700000000003,19.8692,24.9365,5.9286,2014.0,193.0,4.3817,27.7048,0.0,56.9387,21.6968,10.554199999999998,16.904999999999998,1.093,2014.0,193.0,21.592726666666668,31.242426666666667,3.3712333333333335,69.45198,26.564033333333327,15.403206666666666,21.209700000000005,3.9596666666666667,2014.0,8081.74,6413.35,445.5,4364.22,245.63,937.01,0.76
6,209.0,27.0284,36.5881,7.0738,77.3048,33.0897,20.7957,27.0143,6.5548,2014.0,209.0,8.8058,28.1159,0.0,54.5969,24.0409,12.448,18.9422,1.8710999999999998,2014.0,209.0,20.685633333333335,31.61812666666667,1.65714,64.69069333333333,28.245273333333337,16.47542,22.601293333333338,3.419673333333333,2014.0,8235.27,6802.83,438.03,4682.13,238.5,895.85,0.96
7,225.0,26.0594,35.7242,26.6015,89.77329999999999,30.792900000000003,19.5863,24.5365,6.063400000000001,2014.0,225.0,4.7106,27.0623,0.0,59.2388,23.4238,12.024000000000001,18.9418,1.9192999999999998,2014.0,225.0,17.887014285714287,32.645653333333335,5.583126666666667,75.65147999999999,26.422059999999995,16.832613333333335,21.640386666666664,3.5811399999999995,2014.0,8263.63,6133.57,361.96,3978.52,200.82,733.76,0.2
8,241.0,22.9132,36.4316,19.894199999999998,93.3615,32.5429,21.5264,26.5738,6.5611,2014.0,241.0,5.965,28.815,0.0,56.10289999999999,18.647800000000004,10.5772,15.977899999999998,2.1235999999999997,2014.0,241.0,15.01004,33.17661333333333,7.175993333333333,75.11446,26.85192666666667,17.558753333333332,22.173653333333338,4.053173333333333,2014.0,7908.94,5605.11,410.64,3674.62,224.9,814.3,0.01
9,257.0,22.391,33.046499999999995,15.297800000000002,91.4054,27.8635,17.2366,21.5689,7.7111,2014.0,257.0,5.350899999999999,23.854100000000003,0.0,60.8398,12.216800000000001,1.9504,8.606300000000001,2.3193,2014.0,257.0,15.24243333333333,28.52654666666667,3.408946666666666,73.03416,21.175320000000003,9.4251,15.432073333333335,4.42834,2014.0,5994.91,3674.78,669.64,2742.61,362.38,1146.83,0.03
10,273.0,17.9986,32.0351,18.2937,90.99430000000001,27.456000000000003,15.9038,20.3671,9.6264,2014.0,273.0,2.7915,21.879,0.0,50.339,10.4621,-0.5021,4.7786,2.6665,2014.0,273.0,13.10730666666667,28.43086666666667,3.1137733333333335,72.87592000000001,20.574613333333335,9.865493333333333,15.069366666666667,4.807253333333333,2014.0,5410.36,3136.24,706.34,2467.86,366.59,1271.31,0.01
11,289.0,16.3366,29.578400000000002,11.025200000000002,89.3064,21.431600000000003,9.4191,14.1966,8.0006,2014.0,289.0,1.4958,20.8741,0.0,61.1629,11.787799999999999,-0.08789999999999999,6.867000000000001,2.6212999999999997,2014.0,289.0,13.076880000000001,25.0166,1.0571000000000002,70.12009333333333,17.296133333333334,5.128606666666668,10.747333333333334,4.650253333333334,2014.0,4691.2,2736.72,863.07,2430.25,442.45,1503.73,0.08
12,305.0,13.029999999999998,28.447499999999998,3.5048,83.8303,21.045399999999997,7.8254,13.699399999999999,7.9636,2014.0,305.0,4.8359,17.4476,0.0,54.837500000000006,5.3797999999999995,-4.979800000000001,-0.3085,3.1820000000000004,2014.0,305.0,10.365866666666665,24.31758666666667,0.5546666666666666,65.16650666666666,13.339220000000001,1.7640933333333333,7.043166666666667,5.70278,2014.0,3918.78,2382.23,1089.78,2500.43,563.53,1743.83,0.12
