,DOY,INSgdmax,RADmax,RAINmax,RHmax,TMAXmax,TMINmax,Tmax,WINDmax,YEAR,DOY,INSgdmin,RADmin,RAINmin,RHmin,TMAXmin,TMINmin,Tmin,WINDmin,YEAR,DOY,INSgdmean,RADmean,RAINmean,RHmean,TMAXmean,TMINmean,Tmean,WINDmean,YEAR,NDVI,EVI,RED,NIR,BLUE,MIR,pixrel
0,113.0,26.4208,31.028,14.330400000000001,87.56639999999999,24.3008,9.7512,16.5628,9.7288,2014.0,113.0,5.1952,21.7696,0.0,59.6156,11.099599999999999,-1.6876000000000002,6.2208000000000006,3.1976,2014.0,113.0,17.733760000000004,26.78352,2.7187733333333335,73.43797333333333,17.762,4.62896,11.30408,5.941279999999999,2014.0,2370.18,1635.51,1717.04,2626.98,1601.35,1318.64,2.95
1,129.0,26.2996,34.49,28.741999999999997,89.63159999999999,27.865199999999998,18.8728,22.2804,7.6556,2014.0,129.0,7.0612,25.572400000000002,0.0,59.5436,11.636399999999998,3.0600000000000005,8.1316,3.5555999999999996,2014.0,129.0,17.70842666666667,28.86032000000001,4.5668,73.60056,20.108426666666666,8.89928,14.705066666666667,5.616160000000002,2014.0,5431.18,2291.24,451.6,1623.95,247.05,793.48,0.09
2,145.0,28.7188,35.150400000000005,16.279600000000002,87.8348,29.0048,20.203599999999998,24.3568,7.5636,2014.0,145.0,11.255600000000001,24.879199999999997,0.0,60.41759999999999,20.147199999999998,3.9704,13.0856,2.7804,2014.0,145.0,21.988373333333335,31.423759999999998,2.7319999999999998,77.12602666666668,25.593093333333332,14.070586666666667,20.198800000000002,4.1226400000000005,2014.0,6563.11,2989.04,327.71,1837.78,202.22,553.55,0.0
3,161.0,30.9712,35.2688,32.9764,85.31,29.425599999999996,21.2876,25.749200000000002,6.4204,2014.0,161.0,6.5324,24.5696,0.0,57.3708,22.132800000000003,9.2224,17.180799999999998,1.6968,2014.0,161.0,20.907413333333334,31.073919999999994,6.740133333333334,75.37269333333334,25.56088,14.2472,20.385466666666666,4.358693333333333,2014.0,7964.08,4059.83,234.14,2349.96,141.11,406.58,0.52
4,177.0,29.0776,36.0896,38.2336,91.4312,29.559600000000003,22.2744,25.751199999999997,6.3096000000000005,2014.0,177.0,9.304400000000001,27.998800000000003,0.0,65.502,21.0312,11.478,17.0572,2.2944,2014.0,177.0,19.131306666666667,33.45312,10.723173333333333,79.33714666666667,27.39026666666667,18.276533333333333,23.118000000000006,3.9170133333333332,2014.0,7838.8,4403.88,254.27,2588.45,172.59,462.19,0.16
5,193.0,28.732000000000006,36.989599999999996,19.03,88.53480000000002,29.6016,21.6528,25.8932,5.8032,2014.0,193.0,5.5624,28.4688,0.0,66.4872,21.1452,11.2292,16.355600000000003,1.8992000000000002,2014.0,193.0,22.835493333333336,31.331813333333326,3.279466666666667,75.77434666666667,26.009066666666666,15.94952,21.441280000000006,3.8127466666666665,2014.0,8013.23,4018.21,201.3,2241.07,143.07,337.68,0.7
6,209.0,27.4608,35.7592,9.7316,85.9724,31.014400000000002,21.1212,25.867199999999997,6.134,2014.0,209.0,13.374399999999998,28.550000000000004,0.0,61.587199999999996,23.354,12.823599999999999,18.535600000000002,1.2836,2014.0,209.0,23.34733333333333,31.391199999999998,1.2362933333333332,71.50245333333332,27.73237333333334,16.204959999999996,22.360720000000004,3.453226666666667,2014.0,7873.93,4256.69,231.0,2450.81,161.04,371.66,0.28
7,225.0,25.0088,34.7,35.3992,90.38719999999999,29.894,19.5096,24.2168,6.1,2014.0,225.0,6.0532,27.849599999999995,0.0,68.7516,22.0316,12.5588,19.3368,1.9756,2014.0,225.0,17.095222857142858,32.73034666666666,6.74416,79.37981333333332,26.359786666666665,17.17696,21.706799999999998,3.587813333333333,2014.0,7646.25,3775.13,235.45,2147.88,167.41,319.05,0.25
8,241.0,23.619999999999997,37.0912,34.6344,94.5692,32.6244,23.906399999999998,27.583199999999998,6.7052,2014.0,241.0,4.1655999999999995,29.6692,0.0,72.9548,26.5132,14.808800000000002,21.1432,2.3916,2014.0,241.0,17.580933333333334,33.993786666666665,8.258746666666667,81.42360000000001,29.0884,19.642506666666662,24.129920000000002,3.878026666666667,2014.0,7658.95,3658.32,228.07,2090.43,144.67,342.4,0.0
9,257.0,21.9188,35.1308,42.8656,87.5792,27.8384,17.563200000000002,22.1024,7.7928,2014.0,257.0,4.748,21.848,0.0,64.132,11.9152,2.8708,9.5036,1.644,2014.0,257.0,15.179653333333334,28.556240000000006,5.853013333333334,75.54896,21.567573333333335,9.320853333333332,15.71624,3.9684,2014.0,6204.25,2622.89,336.51,1634.4,219.84,390.73,0.01
10,273.0,18.0916,33.01,44.858399999999996,97.82639999999999,28.1996,15.804000000000002,21.478,8.6372,2014.0,273.0,2.4375999999999998,23.3352,0.0,57.23400000000001,12.079199999999998,1.1508,6.105600000000001,1.2316,2014.0,273.0,13.033653333333334,28.713653333333333,5.915306666666666,72.24541333333335,21.73594666666667,10.176026666666665,15.742906666666666,4.063973333333333,2014.0,6113.3,2204.71,293.76,1370.17,160.66,388.92,0.0
11,289.0,16.3976,30.652399999999997,14.270800000000001,99.06439999999999,20.11,10.2824,14.1436,7.9528,2014.0,289.0,0.9328000000000001,21.5896,0.0,65.79599999999999,13.711599999999999,1.4068,8.2252,2.6344000000000003,2014.0,289.0,10.00066666666667,26.048959999999997,1.6176000000000001,80.79759999999999,16.118160000000003,5.782986666666666,10.540266666666668,4.42288,2014.0,5919.31,2052.23,296.98,1286.55,168.21,486.85,0.0
12,305.0,13.188399999999998,29.961199999999998,25.593999999999998,82.7376,23.2056,13.1924,18.0688,7.681999999999999,2014.0,305.0,4.742800000000001,19.339199999999998,0.0,61.34759999999999,6.537600000000001,-5.395199999999999,0.2968,2.8036000000000003,2014.0,305.0,9.823893333333334,24.957946666666665,2.503573333333333,70.15690666666666,13.675360000000001,1.9275199999999995,7.685306666666666,5.44888,2014.0,5140.35,2149.56,613.26,1642.94,535.37,471.59,1.98
