,DOY,INSgdmax,RADmax,RAINmax,RHmax,TMAXmax,TMINmax,Tmax,WINDmax,YEAR,DOY,INSgdmin,RADmin,RAINmin,RHmin,TMAXmin,TMINmin,Tmin,WINDmin,YEAR,DOY,INSgdmean,RADmean,RAINmean,RHmean,TMAXmean,TMINmean,Tmean,WINDmean,YEAR,NDVI,EVI,RED,NIR,BLUE,MIR,pixrel
0,113.0,26.273200000000003,30.92,16.250999999999998,94.2967,23.7297,11.6877,16.3108,10.2533,2014.0,113.0,5.3450999999999995,22.2988,0.0,52.4901,6.731,-3.2243999999999997,3.6962,2.7097,2014.0,113.0,17.00428,27.053293333333336,3.8028666666666657,71.52034,17.17866,4.543193333333333,10.976793333333333,6.852040000000001,2014.0,2591.88,1378.32,1036.07,1806.35,568.76,1662.04,0.32
1,129.0,27.005799999999997,31.8838,27.907000000000004,83.1824,31.0886,14.0768,21.7005,7.5589,2014.0,129.0,7.0413,22.8542,0.0,53.065599999999996,10.5914,-0.707,5.8719,2.4612,2014.0,129.0,19.713273333333333,27.502793333333333,2.636973333333333,66.38661333333334,19.813386666666663,5.567226666666667,12.87860666666667,5.765226666666668,2014.0,2740.59,1480.09,1002.08,1845.97,553.4,1936.34,0.22
2,145.0,28.388099999999998,34.694900000000004,17.711399999999998,83.36439999999999,29.2982,18.9462,23.5807,7.1581,2014.0,145.0,9.7937,25.783099999999997,0.0,57.4194,21.070700000000002,3.7098,13.476600000000001,2.2497000000000003,2014.0,145.0,21.48560666666667,31.606126666666672,3.30404,71.40581333333333,25.999713333333332,14.179066666666666,20.21374666666667,4.3360466666666655,2014.0,3701.18,2140.64,918.98,2140.82,509.0,1775.78,0.32
3,161.0,29.424500000000002,36.9488,23.5829,83.185,30.8063,20.7081,25.826300000000003,9.1914,2014.0,161.0,7.081099999999999,26.2146,0.0,49.005300000000005,20.3082,8.2785,16.5641,2.3114999999999997,2014.0,161.0,19.642633333333333,31.298133333333332,8.65698,69.76695999999998,25.650653333333334,13.596606666666663,20.08635333333333,4.975966666666666,2014.0,4823.94,3036.11,867.05,2628.71,484.8,1638.11,0.19
4,177.0,29.083199999999998,35.0906,34.662099999999995,88.8048,31.564999999999998,20.551499999999997,24.0532,7.8475,2014.0,177.0,8.5974,27.951900000000002,0.0,61.15990000000001,22.0632,10.769300000000001,16.3138,1.7414999999999998,2014.0,177.0,19.606333333333332,32.47570666666667,8.050659999999999,74.33701333333333,26.74086666666667,16.699093333333334,21.913093333333332,4.02494,2014.0,6709.64,4673.53,639.05,3376.17,366.92,1060.63,0.86
5,193.0,28.1438,36.402,17.137100000000004,85.96029999999999,30.851899999999997,19.824399999999997,24.9155,5.9202,2014.0,193.0,4.371900000000001,27.6936,0.0,55.9909,21.7976,10.5794,16.974999999999998,1.051,2014.0,193.0,21.598420000000004,31.238320000000005,3.3306333333333336,68.73452666666668,26.670899999999996,15.454446666666668,21.283900000000003,3.9643333333333333,2014.0,6965.57,5084.18,626.35,3647.35,351.1,964.78,0.86
6,209.0,27.0788,36.5167,6.2366,76.31360000000001,33.3879,20.869899999999998,27.220099999999995,6.5436000000000005,2014.0,209.0,8.7806,28.1313,0.0,53.7583,24.266299999999998,12.475999999999999,18.995399999999997,1.8977,2014.0,209.0,20.75143333333334,31.62288666666667,1.4946466666666667,63.85218666666667,28.416913333333333,16.510606666666668,22.687720000000002,3.445713333333333,2014.0,7233.28,5242.57,566.6,3690.01,311.65,873.0,0.59
7,225.0,26.095799999999997,35.7494,27.3505,89.57309999999998,30.850300000000004,19.6241,24.5155,6.0438,2014.0,225.0,4.5342,27.0161,0.0,59.171600000000005,23.5666,11.968,18.9726,1.9150999999999998,2014.0,225.0,17.984814285714286,32.65424,5.52722,75.58035999999998,26.465086666666664,16.820293333333336,21.657373333333332,3.586646666666666,2014.0,6600.38,4627.4,665.98,3391.4,361.35,913.08,0.08
8,241.0,22.9524,36.3812,19.2194,93.4105,32.600300000000004,21.4648,26.5766,6.5877,2014.0,241.0,6.035,28.745,0.0,55.74029999999999,18.5946,10.5604,15.9653,2.1852,2014.0,241.0,14.867613333333335,33.154959999999996,6.949286666666666,74.77855333333332,26.831486666666667,17.556606666666667,22.15424,4.053546666666667,2014.0,5860.43,3715.01,679.97,2819.85,350.75,1041.13,0.06
9,257.0,22.377,32.8855,15.244600000000002,91.4978,28.0245,17.1162,21.5423,7.7377,2014.0,257.0,5.4363,23.698700000000002,0.0,60.33860000000001,12.3176,1.9727999999999999,8.6441,2.3151,2014.0,257.0,15.297033333333331,28.524493333333332,3.39196,72.78178666666666,21.216573333333333,9.461033333333335,15.461846666666668,4.435713333333333,2014.0,4409.46,2597.95,911.73,2396.67,471.33,1390.98,0.23
10,273.0,18.130200000000002,32.0057,16.5759,90.5001,27.511999999999997,15.9066,20.3097,9.7048,2014.0,273.0,2.7005000000000003,21.753,0.0,49.653000000000006,10.474700000000002,-0.5147,4.7702,2.6454999999999997,2014.0,273.0,13.077813333333335,28.390733333333333,2.9004133333333333,72.76877333333333,20.543626666666672,9.911786666666666,15.0829,4.812106666666667,2014.0,3991.56,2167.86,886.74,2104.11,469.13,1471.87,0.05
11,289.0,16.3562,29.4888,11.3164,88.40480000000001,21.6612,9.3337,14.2162,7.8242,2014.0,289.0,1.4706000000000001,20.8587,0.0,60.38029999999999,11.874600000000001,-0.07529999999999999,6.909,2.5890999999999997,2014.0,289.0,13.14482666666667,25.0082,1.0090333333333332,69.49531999999998,17.37826666666667,5.169580000000001,10.812666666666667,4.650440000000001,2014.0,3415.13,1709.18,844.89,1787.98,450.71,1430.9,0.17
12,305.0,13.03,28.4125,3.3536,84.0921,21.277799999999996,7.777799999999999,13.735800000000001,8.0252,2014.0,305.0,4.991300000000001,17.453200000000002,0.0,54.2425,5.438599999999999,-5.038600000000001,-0.2595,3.1540000000000004,2014.0,305.0,10.4144,24.336440000000003,0.5079999999999999,64.74688,13.395873333333332,1.7926533333333334,7.0968333333333335,5.71146,2014.0,2996.57,1535.34,941.9,1798.95,508.69,1525.01,0.39
