,DOY,INSgdmax,RADmax,RAINmax,RHmax,TMAXmax,TMINmax,Tmax,WINDmax,YEAR,DOY,INSgdmin,RADmin,RAINmin,RHmin,TMAXmin,TMINmin,Tmin,WINDmin,YEAR,DOY,INSgdmean,RADmean,RAINmean,RHmean,TMAXmean,TMINmean,Tmean,WINDmean,YEAR,NDVI,EVI,RED,NIR,BLUE,MIR,pixrel
0,113.0,26.430600000000002,31.038500000000003,14.3878,87.6273,24.293099999999995,9.7309,16.5796,9.7141,2014.0,113.0,5.0664,21.7822,0.0,59.7017,11.0947,-1.6407,6.2656,3.2032,2014.0,113.0,17.691153333333336,26.793973333333327,2.7760800000000003,73.49714666666665,17.767833333333332,4.636053333333334,11.316726666666668,5.940626666666667,2014.0,1861.26,1339.61,2015.91,2782.41,1922.32,1509.64,2.98
1,129.0,26.3122,34.472500000000004,28.503999999999998,89.73870000000001,27.8764,18.9421,22.2328,7.636700000000001,2014.0,129.0,7.2859,25.5143,0.0,59.6577,11.732299999999999,3.0425,8.2037,3.6066999999999996,2014.0,129.0,17.830320000000004,28.85840666666667,4.5626,73.53858666666666,20.119486666666667,8.89746,14.708800000000002,5.622786666666667,2014.0,5353.66,2380.72,522.42,1755.63,277.81,998.3,0.1
2,145.0,28.7216,35.155300000000004,16.3797,87.61359999999999,28.976100000000002,20.230199999999996,24.387600000000003,7.555199999999999,2014.0,145.0,11.061700000000002,24.904400000000003,0.0,60.3707,20.1479,3.9753000000000003,13.101700000000001,2.8028,2014.0,145.0,21.932280000000002,31.44882,2.6958333333333333,77.15202000000002,25.590153333333333,14.101106666666666,20.2121,4.117646666666667,2014.0,6664.15,3032.0,352.98,1891.64,201.8,693.07,0.0
3,161.0,30.9859,35.2891,32.8448,85.3275,29.389200000000002,21.2582,25.7394,6.4428,2014.0,161.0,6.439299999999999,24.5822,0.0,57.5206,22.2021,9.2168,17.1906,1.6925999999999999,2014.0,161.0,20.880393333333334,31.08577333333333,6.730100000000001,75.37302000000001,25.563493333333334,14.244399999999999,20.39176666666667,4.359019999999999,2014.0,7882.42,4666.8,277.37,2793.87,166.3,532.64,0.14
4,177.0,29.170699999999997,36.102199999999996,37.9802,91.3759,29.5897,22.293300000000002,25.748399999999997,6.3047,2014.0,177.0,9.2183,28.0016,0.0,65.56150000000001,20.9934,11.436,17.0229,2.2782999999999998,2014.0,177.0,18.978146666666667,33.44700666666666,10.906713333333334,79.34769333333332,27.38886666666666,18.2679,23.11566666666667,3.9189266666666667,2014.0,8101.53,5177.81,261.59,3118.27,159.3,557.47,0.07
5,193.0,28.738999999999997,36.9497,18.995,88.68110000000001,29.621199999999998,21.687099999999997,25.914900000000003,5.8074,2014.0,193.0,5.5568,28.471600000000002,0.0,66.43539999999999,21.1914,11.2369,16.3717,1.9068999999999998,2014.0,193.0,22.83978666666667,31.32952666666666,3.2286000000000006,75.75526,26.030299999999997,15.956473333333333,21.453460000000007,3.814893333333333,2014.0,8427.76,4387.23,192.12,2454.3,120.89,329.56,0.98
6,209.0,27.4531,35.801899999999996,9.856200000000001,85.9143,31.120800000000003,21.1709,25.920399999999997,6.148000000000001,2014.0,209.0,13.603299999999997,28.585,0.0,61.29039999999999,23.3855,12.832699999999999,18.5692,1.2927,2014.0,209.0,23.373,31.407066666666665,1.2877199999999998,71.33067333333332,27.796446666666668,16.248219999999996,22.403373333333334,3.4577533333333337,2014.0,8123.45,4931.65,254.3,2906.11,166.42,462.38,0.33
7,225.0,24.9941,34.682500000000005,36.5969,90.3704,29.907999999999998,19.4697,24.230099999999997,6.1,2014.0,225.0,5.9349,27.844699999999996,0.0,68.8062,22.051199999999998,12.5791,19.350099999999998,1.9742,2014.0,225.0,17.075702857142858,32.739259999999994,6.888453333333333,79.33086,26.388673333333333,17.181720000000002,21.723599999999998,3.590193333333333,2014.0,7969.2,4288.12,248.34,2487.4,158.64,414.92,0.47
8,241.0,23.6375,37.0709,34.6008,94.5944,32.5733,23.8623,27.5524,6.6989,2014.0,241.0,3.9891999999999994,29.659399999999998,0.0,73.0136,26.4999,14.7591,21.0949,2.3762,2014.0,241.0,17.5912,33.979506666666666,8.41606,81.5167,29.048966666666665,19.61488,24.097440000000002,3.8760199999999996,2014.0,7988.49,3973.31,219.79,2244.17,137.23,377.4,0.01
9,257.0,21.956599999999998,35.1231,40.9217,87.62190000000001,27.801300000000005,17.6549,22.1318,7.7921,2014.0,257.0,4.7935,21.841,0.0,64.314,11.8564,2.8106,9.4952,1.6579999999999997,2014.0,257.0,15.177740000000002,28.56034666666667,5.728926666666667,75.67621999999999,21.558846666666668,9.32664,15.716846666666665,3.9744666666666664,2014.0,6054.9,2710.2,397.15,1765.95,233.22,482.81,0.02
10,273.0,18.0062,32.975,45.0663,97.8348,28.159699999999997,15.678,21.506,8.6379,2014.0,273.0,2.2507,23.1889,0.0,57.212999999999994,12.086899999999998,1.0906,6.0866999999999996,1.1987,2014.0,273.0,13.042240000000001,28.70824,6.017646666666667,72.33389333333334,21.701460000000004,10.16702,15.73768,4.068313333333333,2014.0,5886.13,2276.73,354.16,1481.53,185.37,532.48,0.04
11,289.0,16.4032,30.6293,14.4381,99.0833,20.145,10.224300000000001,14.030199999999999,8.0746,2014.0,289.0,0.9146000000000001,21.602200000000003,0.0,65.71199999999999,13.731199999999998,1.4025999999999998,8.2364,2.6357999999999997,2014.0,289.0,10.035666666666668,26.02688666666667,1.6173666666666668,80.77403333333334,16.13062,5.762406666666667,10.535366666666668,4.434826666666667,2014.0,5744.34,2113.34,342.2,1372.29,187.55,608.62,0.0
12,305.0,13.2038,29.923399999999997,26.028,82.8307,23.1692,13.1518,18.0366,7.6715,2014.0,305.0,4.6371,19.3994,0.0,61.3357,6.5257000000000005,-5.4239,0.2751,2.8302,2014.0,305.0,9.857586666666666,24.938626666666664,2.4528466666666664,70.16101333333332,13.689686666666667,1.9251399999999994,7.684979999999999,5.450326666666666,2014.0,4428.88,2205.73,914.42,2038.21,784.17,535.5,1.92
