,DOY,INSgdmax,RADmax,RAINmax,RHmax,TMAXmax,TMINmax,Tmax,WINDmax,YEAR,DOY,INSgdmin,RADmin,RAINmin,RHmin,TMAXmin,TMINmin,Tmin,WINDmin,YEAR,DOY,INSgdmean,RADmean,RAINmean,RHmean,TMAXmean,TMINmean,Tmean,WINDmean,YEAR,NDVI,EVI,RED,NIR,BLUE,MIR,pixrel
0,113.0,26.24,31.86,24.22,93.55,23.66,10.91,17.2,10.3,2014.0,113.0,3.53,23.0,0.0,61.39,6.41,-2.26,3.81,3.52,2014.0,113.0,15.044,27.168000000000003,5.844666666666667,76.22866666666667,16.332666666666665,3.410666666666666,10.060666666666666,6.810666666666666,2014.0,3673.02,1623.35,936.13,1793.95,682.84,973.94,3.18
1,129.0,25.88,32.76,31.56,92.86,28.48,12.17,20.75,8.12,2014.0,129.0,6.05,25.16,0.0,60.57,9.93,0.16,6.9,2.38,2014.0,129.0,17.555999999999997,27.88133333333333,3.6599999999999993,72.51333333333334,19.27,5.861999999999999,13.148666666666665,5.579999999999999,2014.0,4159.3,1798.86,591.67,1553.91,344.12,809.26,5.37
2,145.0,28.55,34.56,12.24,86.52,28.71,19.17,23.67,7.39,2014.0,145.0,14.0,25.02,0.0,58.37,20.49,3.95,13.42,3.15,2014.0,145.0,22.765333333333334,31.078666666666663,1.806,76.32666666666665,25.27,13.793333333333335,19.618000000000002,4.366666666666666,2014.0,6144.44,3275.75,420.18,2154.12,254.03,629.44,0.86
3,161.0,30.06,36.04,34.91,88.5,28.51,20.8,25.14,7.95,2014.0,161.0,3.85,25.52,0.0,58.69,21.78,8.28,16.51,2.13,2014.0,161.0,19.750666666666667,30.892,9.651333333333332,75.00133333333333,24.90866666666666,13.021333333333333,19.57133333333333,4.541333333333333,2014.0,6307.03,3550.59,280.93,2242.48,158.59,451.22,12.83
4,177.0,29.63,34.63,34.47,91.61,29.84,20.6,24.16,7.23,2014.0,177.0,2.77,27.61,0.0,65.12,20.33,9.97,15.45,2.24,2014.0,177.0,17.176666666666666,32.648,8.065333333333333,80.132,26.639333333333333,16.79,21.891333333333332,4.0586666666666655,2014.0,6919.37,4046.16,254.56,2509.01,140.53,422.9,13.56
5,193.0,29.41,35.64,21.62,89.57,30.36,20.1,24.95,5.95,2014.0,193.0,6.52,28.19,0.0,63.98,20.85,10.46,15.96,1.83,2014.0,193.0,21.217333333333336,31.303999999999995,3.597333333333333,75.85933333333332,25.676666666666666,15.16333333333333,20.696000000000005,3.9360000000000004,2014.0,7025.83,3873.51,264.28,2315.4,161.01,358.65,3.45
6,209.0,26.5,35.17,14.78,86.34,30.51,20.81,25.55,6.78,2014.0,209.0,13.93,27.94,0.0,64.13,22.0,11.95,17.96,1.4,2014.0,209.0,22.56,31.219333333333328,2.655333333333333,73.4,26.896666666666665,16.167333333333332,21.89266666666667,3.2899999999999996,2014.0,6900.01,4169.02,327.68,2575.21,215.3,454.39,0.75
7,225.0,25.49,35.14,20.89,91.36,29.92,18.54,23.98,6.09,2014.0,225.0,4.97,28.15,0.0,65.95,22.71,12.33,18.55,2.05,2014.0,225.0,17.297857142857143,32.43866666666666,6.108666666666667,78.888,26.004666666666665,16.58533333333333,21.32266666666667,3.4326666666666665,2014.0,6915.92,3787.69,286.25,2254.43,182.04,382.18,0.06
8,241.0,23.4,36.25,24.78,92.22,32.28,22.41,26.48,6.2,2014.0,241.0,7.45,29.3,0.0,72.4,20.43,11.76,16.7,1.9,2014.0,241.0,17.11933333333333,33.15466666666667,7.885333333333334,79.83066666666667,27.378,17.71066666666667,22.478000000000005,4.075333333333334,2014.0,6702.32,3233.75,261.94,1932.22,150.0,403.75,5.18
9,257.0,22.32,34.42,14.04,91.21,26.98,18.79,22.11,7.13,2014.0,257.0,3.28,22.72,0.0,64.8,11.52,1.52,8.11,2.38,2014.0,257.0,14.706666666666665,28.432000000000002,3.277333333333333,75.45333333333333,20.906000000000002,9.01,15.048666666666668,4.3933333333333335,2014.0,5625.04,2318.42,230.08,1530.33,87.08,354.96,22.98
10,273.0,17.14,32.44,33.96,97.08,26.71,14.7,20.31,8.94,2014.0,273.0,2.05,22.25,0.0,56.1,10.59,0.29,5.24,2.33,2014.0,273.0,13.215333333333337,28.488666666666667,4.054,73.45333333333333,20.704,9.360000000000001,14.719333333333333,4.751333333333333,2014.0,5216.87,2101.39,358.73,1490.61,171.88,496.72,12.75
11,289.0,16.13,30.13,15.21,95.43,20.28,8.97,13.26,9.62,2014.0,289.0,1.73,21.24,0.0,64.66,11.82,-0.21,6.86,2.98,2014.0,289.0,11.717333333333334,25.327333333333332,2.1353333333333335,76.34933333333333,16.19333333333333,4.6,9.923333333333334,4.757333333333333,2014.0,4338.65,1371.52,298.66,1089.71,108.91,549.37,20.42
12,305.0,13.03,28.55,5.94,87.46,20.18,7.89,14.27,7.41,2014.0,305.0,4.28,17.5,0.0,61.4,4.73,-5.28,-0.46,3.51,2014.0,305.0,9.645333333333332,24.303333333333338,1.1506666666666667,70.16466666666665,12.613333333333335,1.1886666666666668,6.478000000000001,5.635333333333333,2014.0,4450.97,1400.68,365.83,1117.06,188.01,619.38,12.94
