,DOY,INSgdmax,RADmax,RAINmax,RHmax,TMAXmax,TMINmax,Tmax,WINDmax,YEAR,DOY,INSgdmin,RADmin,RAINmin,RHmin,TMAXmin,TMINmin,Tmin,WINDmin,YEAR,DOY,INSgdmean,RADmean,RAINmean,RHmean,TMAXmean,TMINmean,Tmean,WINDmean,YEAR,NDVI,EVI,RED,NIR,BLUE,MIR,pixrel
0,112.99999999999999,26.661600000000004,31.8968,12.6942,90.1537,25.2288,10.461400000000001,17.140900000000002,9.1508,2014.0,112.99999999999999,3.8095999999999997,22.065400000000004,0.0,58.91030000000001,10.2423,-0.7641,6.4634,2.7609,2014.0,112.99999999999999,17.224086666666672,27.139559999999996,2.3581133333333333,72.96900666666666,18.627213333333334,5.6419066666666655,12.218200000000001,5.638006666666667,2014.0,3566.19,2005.74,1089.69,2134.37,862.84,864.55,1.94
1,129.0,26.7473,34.720200000000006,30.044999999999998,88.25450000000001,28.278399999999998,18.716,22.809500000000003,7.142000000000001,2014.0,129.0,7.279999999999999,26.0514,0.0,58.445600000000006,12.228,3.2767,8.182799999999999,3.6550999999999996,2014.0,129.0,17.730933333333333,29.237293333333334,4.3486,73.17091333333333,20.764913333333332,9.580773333333333,15.431133333333332,5.458573333333333,2014.0,5580.98,2553.08,520.32,1837.35,290.64,929.26,0.04
2,145.0,28.4165,35.2461,11.181899999999999,89.5147,29.1982,20.1988,24.4855,7.490499999999999,2014.0,145.0,11.8961,24.607800000000005,0.0,60.361599999999996,20.299,4.1336,13.208100000000002,2.437,2014.0,145.0,22.315600000000003,31.945933333333333,2.4721466666666663,77.79002000000001,25.784679999999998,14.823386666666668,20.642626666666672,3.902800000000001,2014.0,6579.73,3127.06,387.94,1995.12,232.02,685.19,0.0
3,161.0,30.8234,35.1207,41.2559,88.1661,30.0128,21.8785,26.0737,6.2215,2014.0,161.0,3.2001,24.819799999999997,0.0,60.131800000000005,22.3568,9.648599999999998,17.307,1.7795,2014.0,161.0,20.132513333333335,31.532466666666668,6.676126666666668,77.25358666666665,25.730053333333334,15.013079999999999,20.761066666666665,4.239586666666667,2014.0,7891.35,4022.0,268.08,2341.75,167.47,451.76,0.46
4,177.00000000000003,28.6192,36.6887,42.4732,92.3631,29.8049,22.585,26.303900000000002,6.1533999999999995,2014.0,177.00000000000003,9.264100000000001,28.222799999999996,0.0,65.73689999999999,21.2578,11.7314,17.485500000000002,2.0349,2014.0,177.00000000000003,20.467746666666663,33.564539999999994,10.694646666666667,79.75192666666668,27.549993333333333,18.911366666666666,23.48524666666667,3.7519133333333325,2014.0,7859.19,4509.23,308.11,2699.95,211.3,533.8,0.88
5,193.0,28.874599999999997,36.8816,16.9859,87.5184,29.951900000000002,22.288800000000002,26.3213,5.804,2014.0,193.0,6.6426,28.5764,0.0,66.3266,21.7929,11.5767,16.8356,1.8653,2014.0,193.0,23.19587333333333,31.526546666666665,3.07604,75.46374666666668,26.29581333333334,16.45347333333333,21.82567333333334,3.734106666666666,2014.0,8057.95,4067.82,226.08,2281.12,163.03,356.9,0.14
6,209.0,27.439799999999998,35.8819,7.854000000000001,86.6672,30.594900000000003,21.1901,26.0281,5.8343,2014.0,209.0,8.959399999999999,28.7273,0.0,59.9054,23.907000000000004,13.201,19.126400000000004,1.3406,2014.0,209.0,22.89940666666667,31.59944000000001,1.2695533333333333,71.61048,27.94218666666667,16.625346666666665,22.583679999999998,3.3753133333333336,2014.0,7964.32,4324.92,263.18,2507.96,182.74,464.55,0.09
7,225.0,25.579399999999996,35.586800000000004,45.868399999999994,92.72319999999999,29.2552,20.060299999999998,24.1475,6.610199999999999,2014.0,225.0,4.9641,28.1612,0.0,69.37049999999999,22.068099999999998,12.8307,19.689099999999996,1.8651,2014.0,225.0,15.774805714285716,33.35783333333333,8.21426,81.38603333333333,26.381873333333328,17.646,21.919226666666667,3.5416,2014.0,7865.71,3867.15,247.41,2195.31,167.17,384.5,0.0
8,241.0,23.550700000000003,37.1274,29.6496,91.2828,32.4563,23.906800000000004,27.753600000000002,6.4505,2014.0,241.0,6.366899999999999,30.332700000000003,0.0,76.0503,26.929800000000004,15.4873,21.670099999999998,2.4676,2014.0,241.0,18.613053333333333,34.04447333333333,6.599626666666667,82.22004666666666,29.208926666666663,19.90072,24.47030666666667,3.75666,2014.0,7837.13,3650.87,248.71,2080.98,153.81,420.93,0.0
9,257.0,22.2271,35.7074,43.483200000000004,87.9503,27.4736,17.945,22.4693,7.323500000000001,2014.0,257.0,3.8983999999999996,21.925000000000004,0.0,65.57739999999998,13.0247,2.9521999999999995,10.0165,1.9550999999999998,2014.0,257.0,15.090959999999999,28.743920000000003,5.07064,77.34995333333333,21.784986666666672,9.786846666666666,16.072173333333335,3.8897266666666663,2014.0,6609.17,2775.31,343.51,1719.55,202.43,470.55,0.0
10,273.0,18.0534,33.7065,52.2316,97.6157,28.1203,16.1874,21.638800000000003,8.450399999999998,2014.0,273.0,2.533,22.4238,0.0,56.843900000000005,12.2005,1.1991,6.206,1.3043,2014.0,273.0,13.612866666666665,28.863166666666668,6.214619999999999,72.42575333333333,22.20080666666667,10.72944,16.314466666666664,3.9271400000000005,2014.0,6283.49,2343.21,322.21,1451.14,195.79,461.79,0.03
11,289.0,16.697100000000002,30.9677,13.306000000000001,99.1667,20.4975,10.9484,14.8185,7.5731,2014.0,289.0,1.8568999999999998,21.9922,0.0,69.9196,13.6934,1.8489999999999998,8.6402,2.8335,2014.0,289.0,10.422066666666666,26.32694,1.2836933333333334,81.4934,16.553093333333337,6.326393333333332,11.009066666666667,4.399586666666666,2014.0,6104.65,2261.58,346.34,1443.33,198.17,568.29,0.0
12,305.0,13.4938,30.688000000000002,32.3633,81.7369,23.7434,14.747200000000001,18.8724,7.6078,2014.0,305.0,4.657299999999999,19.661599999999996,0.0,60.3454,7.0319,-5.355099999999999,0.6418,2.8213,2014.0,305.0,10.322766666666666,25.015033333333328,2.8619000000000003,69.83420666666667,14.435486666666668,2.539673333333333,8.399406666666666,5.365386666666666,2014.0,5000.58,2020.61,615.88,1586.07,575.9,550.48,1.93
