,DOY,INSgdmax,RADmax,RAINmax,RHmax,TMAXmax,TMINmax,Tmax,WINDmax,YEAR,DOY,INSgdmin,RADmin,RAINmin,RHmin,TMAXmin,TMINmin,Tmin,WINDmin,YEAR,DOY,INSgdmean,RADmean,RAINmean,RHmean,TMAXmean,TMINmean,Tmean,WINDmean,YEAR,NDVI,EVI,RED,NIR,BLUE,MIR,pixrel
0,113.0,26.3884,31.403399999999998,17.9976,91.6332,24.273600000000002,10.293199999999999,17.0724,10.2756,2014.0,113.0,4.1072,22.361800000000002,0.0,61.6048,8.4902,-2.0842,4.8508,3.5636,2014.0,113.0,15.48912,27.146853333333333,3.8737333333333335,75.63249333333331,16.827613333333336,3.7302133333333334,10.390466666666665,6.397173333333333,2014.0,4219.28,2113.61,841.03,2006.37,443.22,1383.21,0.18
1,129.0,26.263199999999998,33.452,25.815400000000004,93.4466,28.026999999999997,17.545599999999997,21.336,7.8566,2014.0,129.0,5.5076,24.8734,0.0,62.442800000000005,10.998,1.7122,7.834,3.0158,2014.0,129.0,17.065693333333332,28.361706666666663,4.0794,73.41084000000001,19.455613333333332,7.2127066666666675,13.716560000000001,5.560066666666668,2014.0,5140.64,2631.52,676.34,2112.28,351.46,1222.73,0.1
2,145.0,28.809600000000003,35.0066,10.8676,85.1318,28.903,19.633399999999998,24.061,7.3812000000000015,2014.0,145.0,13.7724,25.2282,0.0,59.68220000000001,20.405,3.7868,13.193000000000001,3.0862,2014.0,145.0,22.793266666666668,31.247480000000003,1.9091599999999997,77.17777333333332,25.36844,13.850946666666665,19.8012,4.20588,2014.0,6798.16,3904.7,466.64,2602.03,253.2,870.13,0.02
3,161.0,30.473200000000002,35.8484,50.9688,87.2486,28.6452,20.8816,25.2466,7.1204,2014.0,161.0,2.828,25.173399999999997,0.0,58.77420000000001,21.5844,8.731,16.9744,1.9122,2014.0,161.0,20.44746666666667,31.11695999999999,9.35108,75.17290666666668,25.06030666666667,13.58789333333333,19.843493333333335,4.3934,2014.0,8069.51,5125.17,311.15,3132.25,178.01,559.57,0.03
4,177.0,29.7716,35.7506,31.942400000000003,90.898,29.8218,21.584200000000003,24.819000000000003,6.699,2014.0,177.0,4.2142,27.667,0.0,65.22659999999999,20.131600000000002,10.225,15.9356,2.4532,2014.0,177.0,17.527613333333335,33.014466666666664,9.841546666666668,80.02633333333333,26.95208,17.59524,22.49733333333333,4.00596,2014.0,8123.9,5568.11,326.56,3507.66,184.16,632.94,2.71
5,193.0,28.9118,35.785000000000004,22.656799999999997,89.6048,29.645999999999997,20.5366,25.126199999999997,5.9904,2014.0,193.0,7.1968,28.479999999999997,0.0,66.36880000000001,20.9914,10.729199999999999,16.0554,1.842,2014.0,193.0,21.255719999999997,31.387133333333335,3.810813333333334,76.36027999999999,25.762573333333336,15.509146666666663,20.991680000000002,3.865986666666666,2014.0,8106.23,5216.18,320.79,3200.74,188.95,593.14,0.62
6,209.0,27.3136,35.3738,17.288600000000002,87.4734,31.385199999999998,20.4568,25.805,6.4994000000000005,2014.0,209.0,14.666,28.601599999999998,0.0,64.09100000000001,22.287,12.314599999999999,17.939799999999998,1.3886,2014.0,209.0,22.716880000000003,31.365306666666662,3.0115333333333334,73.65977333333335,27.163173333333333,16.23186666666667,22.06693333333334,3.3869599999999993,2014.0,8127.37,5434.88,325.14,3364.44,189.92,631.63,0.29
7,225.0,24.8936,34.712,22.2196,91.2818,29.2862,18.741999999999997,23.841,5.948,2014.0,225.0,7.2024,27.926599999999997,0.0,68.714,22.814799999999998,12.7158,18.875999999999998,1.8921999999999999,2014.0,225.0,17.111271428571428,32.476813333333325,6.9014266666666675,79.01901333333333,26.238613333333333,16.605066666666666,21.45901333333333,3.4673466666666664,2014.0,8010.99,4880.23,308.51,2952.58,180.68,527.82,0.02
8,241.0,23.4854,36.6922,22.1938,91.2774,32.0786,23.0324,26.563,6.316000000000001,2014.0,241.0,6.809,28.773600000000002,0.0,71.337,22.9452,13.1598,18.2944,2.1676,2014.0,241.0,17.70637333333333,33.433013333333335,6.243613333333333,81.25314666666668,27.953080000000003,18.459826666666665,23.047959999999996,3.957066666666667,2014.0,8083.61,4634.37,282.53,2762.17,157.45,548.37,0.0
9,257.0,21.2682,35.6188,19.456,91.46260000000001,27.3378,19.1442,22.223399999999998,7.527200000000001,2014.0,257.0,4.3946000000000005,22.0798,0.0,66.899,11.815000000000001,1.5670000000000002,8.6228,2.0667999999999997,2014.0,257.0,14.720653333333335,28.49344,3.1463466666666666,76.78454666666666,20.991973333333334,9.162119999999998,15.185559999999999,4.272506666666667,2014.0,6621.73,3611.59,478.75,2411.22,269.22,742.55,0.01
10,273.0,17.4266,32.3334,37.662,97.7428,27.055999999999997,15.7856,20.861199999999997,8.8484,2014.0,273.0,3.9046000000000003,22.9208,0.0,56.398399999999995,11.121200000000002,0.7605999999999999,5.643800000000001,1.6643999999999999,2014.0,273.0,13.07236,28.680760000000006,3.617466666666666,73.31918666666667,20.83918666666667,9.654306666666667,15.046933333333332,4.458173333333333,2014.0,6356.34,3021.25,441.96,2019.26,232.33,727.66,0.0
11,289.0,16.141599999999997,30.144,16.415799999999997,96.38300000000001,20.2378,8.935,12.9084,9.866399999999999,2014.0,289.0,1.2753999999999999,21.4048,0.0,63.90939999999999,11.756599999999999,0.27899999999999997,7.4,2.7906,2014.0,289.0,10.82356,25.406546666666667,2.3395333333333337,79.27142666666668,15.824760000000001,4.823493333333333,9.92092,4.776986666666667,2014.0,5748.13,2623.74,492.18,1863.03,254.76,821.76,0.0
12,305.0,13.148200000000001,28.516600000000004,13.463199999999999,86.459,22.145200000000003,9.59,15.909600000000001,7.299799999999999,2014.0,305.0,3.6966,18.152400000000004,0.0,61.7384,5.1042000000000005,-5.4824,-0.1652,3.3568000000000007,2014.0,305.0,9.897173333333335,24.336453333333335,1.3040533333333335,70.78208,12.987346666666667,1.3558266666666667,6.8780133333333335,5.54652,2014.0,5633.93,2290.38,452.31,1618.34,232.45,829.55,0.26
