,DOY,INSgdmax,RADmax,RAINmax,RHmax,TMAXmax,TMINmax,Tmax,WINDmax,YEAR,DOY,INSgdmin,RADmin,RAINmin,RHmin,TMAXmin,TMINmin,Tmin,WINDmin,YEAR,DOY,INSgdmean,RADmean,RAINmean,RHmean,TMAXmean,TMINmean,Tmean,WINDmean,YEAR,NDVI,EVI,RED,NIR,BLUE,MIR,pixrel
0,113.0,26.32,30.92,13.74,86.94,24.38,9.96,16.39,9.88,2014.0,113.0,6.52,21.64,0.0,58.73,11.15,-2.17,5.76,3.14,2014.0,113.0,18.172000000000004,26.676,2.1293333333333333,72.82933333333332,17.701999999999998,4.556000000000001,11.174000000000001,5.9479999999999995,2014.0,3290.34,1906.01,1275.73,2283.97,1136.15,1151.96,2.32
1,129.0,26.17,34.67,31.19,88.53,27.75,18.16,22.77,7.85,2014.0,129.0,4.75,26.17,0.0,58.37,10.65,3.24,7.39,3.03,2014.0,129.0,16.454666666666668,28.880000000000006,4.61,74.23800000000001,19.994666666666664,8.918000000000001,14.666666666666664,5.547999999999999,2014.0,5734.13,2676.41,502.18,1885.78,276.11,942.72,0.0
2,145.0,28.69,35.1,15.25,90.11,29.3,19.93,24.04,7.65,2014.0,145.0,13.25,24.62,0.0,60.9,20.14,3.92,12.92,2.55,2014.0,145.0,22.56533333333333,31.165999999999993,3.1039999999999996,76.85866666666666,25.62333333333333,13.756666666666668,20.062,4.174,2014.0,6778.06,3052.0,345.54,1885.78,202.23,619.31,0.01
3,161.0,30.82,35.06,34.33,85.13,29.8,21.59,25.85,6.19,2014.0,161.0,7.49,24.44,0.0,55.83,21.42,9.28,17.08,1.74,2014.0,161.0,21.185333333333336,30.951999999999998,6.843333333333333,75.36933333333334,25.534000000000002,14.276,20.32066666666667,4.355333333333334,2014.0,7884.31,4507.58,306.97,2709.59,179.69,559.01,0.02
4,177.0,28.12,35.96,40.84,92.0,29.25,22.08,25.78,6.36,2014.0,177.0,10.19,27.97,0.0,64.89,21.42,11.91,17.41,2.46,2014.0,177.0,20.706666666666663,33.51599999999999,8.835333333333333,79.22866666666667,27.404666666666667,18.365333333333332,23.142000000000003,3.8973333333333335,2014.0,8234.16,4976.53,269.59,2962.48,162.92,550.56,0.0
5,193.0,28.66,37.4,19.39,87.03,29.4,21.3,25.67,5.76,2014.0,193.0,5.62,28.44,0.0,67.02,20.67,11.15,16.19,1.82,2014.0,193.0,22.791333333333338,31.355333333333327,3.802666666666667,75.97066666666665,25.790666666666667,15.877999999999997,21.31600000000001,3.790666666666666,2014.0,8375.73,4187.72,199.18,2316.68,129.48,334.25,0.84
6,209.0,27.54,35.32,8.45,86.57,29.92,20.61,25.32,5.99,2014.0,209.0,11.02,28.19,0.0,64.64,23.03,12.73,18.19,1.19,2014.0,209.0,23.08333333333333,31.228000000000005,0.7073333333333331,73.26933333333335,27.073333333333334,15.76,21.922000000000004,3.4066666666666667,2014.0,8220.45,4843.26,265.55,2840.35,171.54,507.95,0.07
7,225.0,25.16,34.88,23.08,90.56,29.75,19.92,24.08,6.1,2014.0,225.0,7.27,27.9,0.0,68.19,21.83,12.35,19.2,1.99,2014.0,225.0,17.296000000000003,32.63866666666666,5.260000000000002,79.88333333333331,26.062666666666665,17.127999999999997,21.534000000000002,3.563333333333334,2014.0,8190.85,4210.28,227.98,2388.27,141.84,411.86,0.77
8,241.0,23.44,37.3,34.98,94.31,33.15,24.36,27.9,6.77,2014.0,241.0,5.98,29.77,0.0,72.35,26.65,15.32,21.64,2.55,2014.0,241.0,17.47533333333333,34.14066666666666,6.640666666666666,80.466,29.494000000000007,19.926666666666666,24.464000000000002,3.8986666666666667,2014.0,8091.12,4120.48,236.31,2347.02,146.31,421.57,0.0
9,257.0,21.53,35.21,62.86,87.14,28.22,16.62,21.8,7.8,2014.0,257.0,4.28,21.92,0.0,62.26,12.52,3.49,9.59,1.5,2014.0,257.0,15.199333333333332,28.514000000000006,7.129333333333334,74.24,21.657333333333337,9.261333333333333,15.71,3.906,2014.0,6364.01,2743.35,372.01,1728.25,229.39,439.91,0.0
10,273.0,18.97,33.37,42.72,97.74,28.61,17.1,21.19,8.63,2014.0,273.0,4.36,24.84,0.0,57.45,12.0,1.77,6.3,1.57,2014.0,273.0,12.945333333333336,28.769333333333336,4.862666666666667,71.33533333333334,22.090666666666667,10.268666666666666,15.796666666666665,4.019333333333334,2014.0,6228.55,2453.54,371.37,1597.46,183.72,559.66,0.0
11,289.0,16.34,30.89,12.55,98.87,19.75,10.88,15.31,6.7,2014.0,289.0,1.12,21.46,0.0,66.66,13.51,1.45,8.11,2.62,2014.0,289.0,9.640666666666666,26.276,1.62,81.04,15.990000000000002,5.9946666666666655,10.59066666666667,4.3,2014.0,6271.81,2272.78,314.87,1410.48,176.1,553.32,0.0
12,305.0,13.03,30.35,21.13,81.78,23.58,13.61,18.4,7.79,2014.0,305.0,5.83,18.72,0.0,61.47,6.66,-5.1,0.52,2.53,2014.0,305.0,9.47733333333333,25.15666666666666,3.025333333333333,70.11466666666666,13.527999999999999,1.9519999999999995,7.688666666666665,5.434000000000001,2014.0,5692.7,2725.48,543.44,1934.58,356.93,703.45,1.07
