,DOY,INSgdmax,RADmax,RAINmax,RHmax,TMAXmax,TMINmax,Tmax,WINDmax,YEAR,DOY,INSgdmin,RADmin,RAINmin,RHmin,TMAXmin,TMINmin,Tmin,WINDmin,YEAR,DOY,INSgdmean,RADmean,RAINmean,RHmean,TMAXmean,TMINmean,Tmean,WINDmean,YEAR,NDVI,EVI,RED,NIR,BLUE,MIR,pixrel
0,113.0,26.7506,32.544799999999995,17.1154,90.9478,25.513599999999997,11.1008,17.4352,8.4626,2014.0,113.0,3.4906,22.3612,0.0,58.653800000000004,9.914,-0.8444,6.2424,2.5232,2014.0,113.0,17.268760000000004,27.28205333333333,2.28852,73.11844000000002,18.84438666666667,5.986599999999999,12.537786666666669,5.228013333333333,2014.0,2057.48,1428.5,2008.55,2772.64,1901.97,742.02,2.57
1,129.0,26.8088,34.4846,27.498200000000004,89.2868,28.649599999999996,18.5642,23.141399999999997,6.7346,2014.0,129.0,7.5668,25.790799999999997,0.0,59.385000000000005,12.6938,2.7426,8.283999999999999,3.3491999999999997,2014.0,129.0,18.047546666666666,29.268520000000002,4.16796,72.64551999999999,21.051293333333334,9.595733333333332,15.644226666666665,5.08196,2014.0,5720.41,2283.68,391.51,1496.22,259.67,630.51,0.05
2,145.0,28.318800000000003,35.1226,9.3782,90.13680000000001,29.1026,19.9674,24.430799999999998,7.072,2014.0,145.0,11.855799999999999,24.782399999999996,0.0,61.0224,20.411,4.0326,13.263200000000001,2.2878,2014.0,145.0,22.178706666666667,32.22041333333333,2.5114799999999997,78.30133333333335,25.921439999999997,15.14930666666667,20.81138666666667,3.594146666666667,2014.0,6820.58,3151.98,328.1,1903.34,224.05,522.39,0.08
3,161.0,30.740000000000002,35.1182,51.5088,90.36099999999999,30.1798,22.0456,26.134999999999998,6.0443999999999996,2014.0,161.0,1.8062,25.025599999999997,0.0,61.6334,22.379600000000003,9.6232,17.233999999999998,1.82,2014.0,161.0,19.77695333333334,31.76592,7.126053333333334,78.48485333333332,25.753186666666664,15.220399999999998,20.820586666666664,3.9804933333333334,2014.0,7306.51,3483.72,307.28,2053.1,208.78,467.5,0.81
4,177.0,28.550600000000003,36.632,39.1322,92.9006,30.1626,22.5472,26.5312,5.850599999999999,2014.0,177.0,8.7838,28.090600000000002,0.0,66.30279999999999,21.1726,11.520800000000001,17.3162,1.8369999999999997,2014.0,177.0,20.447946666666667,33.524026666666664,10.602666666666668,79.96677333333334,27.57137333333334,18.96509333333333,23.504093333333334,3.480506666666666,2014.0,7569.12,3608.06,264.52,2072.88,184.51,441.75,0.0
5,193.0,29.0724,36.4982,17.2284,88.6964,30.372,22.2298,26.457,5.511799999999999,2014.0,193.0,8.6314,28.603199999999998,0.0,65.31960000000001,22.1562,11.54,17.092599999999997,1.7062,2014.0,193.0,23.362426666666664,31.617319999999992,2.9440533333333336,75.27516000000001,26.455306666666672,16.583146666666664,21.95513333333334,3.4954133333333326,2014.0,7072.99,3133.0,300.52,1804.28,250.39,369.91,0.41
6,209.0,27.522399999999998,35.9132,8.401,86.5566,30.863,21.397,26.258599999999998,5.2936,2014.0,209.0,7.933999999999999,28.7938,0.0,57.9808,24.3024,13.2488,19.425800000000002,1.4009999999999998,2014.0,209.0,22.620813333333338,31.782946666666668,1.4912800000000002,71.05348000000001,28.17316,16.883826666666668,22.73245333333333,3.1422800000000004,2014.0,7559.66,3358.43,235.4,1880.4,177.37,398.01,0.0
7,225.0,26.064799999999998,35.930800000000005,48.4764,93.7444,29.118000000000002,20.5328,24.2418,6.1644000000000005,2014.0,225.0,3.704,28.0444,0.0,67.76160000000002,22.6718,12.950600000000001,19.7834,1.6840000000000002,2014.0,225.0,15.061357142857144,33.635266666666666,9.538893333333334,81.9508,26.424039999999998,17.786080000000002,21.97562666666667,3.30092,2014.0,7301.68,2875.65,216.3,1571.31,176.31,282.35,0.01
8,241.0,23.690600000000003,37.120599999999996,24.790800000000004,90.18419999999999,32.3254,23.537800000000004,27.598000000000003,6.0686,2014.0,241.0,6.821999999999999,30.1528,0.0,76.43400000000001,26.8838,15.502400000000002,21.5972,2.3814,2014.0,241.0,18.649600000000003,33.931133333333335,5.476680000000001,82.33214666666666,29.130853333333334,19.726493333333337,24.38990666666667,3.552413333333334,2014.0,7496.16,2648.49,184.55,1431.44,129.98,277.62,0.0
9,257.0,22.495000000000005,35.9706,43.6396,88.2726,27.409200000000002,18.563200000000002,22.9724,6.7078,2014.0,257.0,2.9728000000000003,22.2036,0.0,67.365,13.1222,2.664,9.9592,2.1032,2014.0,257.0,14.840586666666665,28.934186666666665,4.660133333333334,78.51545333333334,21.850640000000006,9.951013333333332,16.19784,3.6878533333333334,2014.0,6211.1,2338.22,306.92,1419.81,215.8,367.17,0.01
10,273.0,18.069399999999998,33.5728,62.95,97.90279999999998,27.951999999999998,16.455000000000002,21.7106,7.8544,2014.0,273.0,2.4388,21.7396,0.0,56.4944,12.0978,0.8914000000000001,6.0416,1.2996,2014.0,273.0,14.027133333333333,28.82393333333333,6.89968,72.46157333333333,22.338279999999997,10.97113333333333,16.513119999999997,3.6866400000000006,2014.0,6037.34,2012.93,280.74,1214.16,199.36,328.5,0.0
11,289.0,16.8626,30.9824,12.6552,98.9822,20.7446,10.9104,14.625000000000002,7.7185999999999995,2014.0,289.0,2.2812,22.1218,0.0,71.5876,12.949199999999998,1.9701999999999997,8.639999999999999,2.783,2014.0,289.0,10.861186666666667,26.348706666666665,1.06064,81.60537333333332,16.728653333333334,6.3820533333333325,11.131626666666667,4.184093333333333,2014.0,6344.0,1803.3,217.2,1041.72,147.98,309.01,0.0
12,305.0,13.703,30.639400000000002,32.653000000000006,80.66900000000001,23.703400000000002,14.771999999999998,18.889400000000002,7.3096000000000005,2014.0,305.0,5.0412,19.9156,0.0,58.376599999999996,7.2732,-5.360999999999999,0.7302,2.7108,2014.0,305.0,10.872879999999999,24.832653333333333,2.6600933333333336,69.59961333333334,14.862933333333332,2.8137333333333334,8.69544,5.069453333333332,2014.0,6208.43,1809.27,312.37,1134.57,270.11,329.93,0.85
