,DOY,INSgdmax,RADmax,RAINmax,RHmax,TMAXmax,TMINmax,Tmax,WINDmax,YEAR,DOY,INSgdmin,RADmin,RAINmin,RHmin,TMAXmin,TMINmin,Tmin,WINDmin,YEAR,DOY,INSgdmean,RADmean,RAINmean,RHmean,TMAXmean,TMINmean,Tmean,WINDmean,YEAR,NDVI,EVI,RED,NIR,BLUE,MIR,pixrel
0,113.0,24.91,31.21,17.44,92.83,20.23,9.68,14.72,11.19,2014.0,113.0,2.99,21.28,0.0,71.35,6.66,-3.28,3.29,3.1,2014.0,113.0,13.107333333333333,26.244666666666664,4.902666666666667,81.73533333333333,12.62,1.6406666666666667,7.29,6.411999999999998,2014.0,4019.83,1804.88,788.56,1741.6,440.33,1254.57,0.31
1,129.0,26.5,34.06,20.5,94.77,24.48,16.89,19.82,7.24,2014.0,129.0,4.21,24.95,0.0,71.25,8.54,0.3,5.81,3.02,2014.0,129.0,15.52266666666667,27.719333333333335,3.9739999999999998,81.16533333333332,16.508,5.604,11.425333333333334,5.144666666666666,2014.0,4497.18,2313.07,783.64,2049.67,414.74,1347.88,0.06
2,145.0,29.16,35.14,18.05,89.79,27.12,19.01,22.64,7.39,2014.0,145.0,4.18,24.52,0.0,67.99,16.38,3.51,12.22,2.74,2014.0,145.0,22.377333333333333,29.65866666666666,2.7539999999999996,79.49333333333334,23.252666666666663,11.601333333333335,17.817333333333334,4.23,2014.0,6233.4,3452.14,529.48,2415.97,283.52,929.25,2.69
3,161.0,30.24,34.2,26.28,88.92,27.71,20.8,24.02,7.16,2014.0,161.0,5.72,25.31,0.0,61.69,20.19,7.85,15.61,2.64,2014.0,161.0,22.946000000000005,30.101333333333336,7.897333333333333,76.91733333333335,23.269333333333336,12.421999999999999,18.244666666666667,4.3453333333333335,2014.0,7908.1,5536.2,365.36,3543.05,209.14,674.21,2.8
4,177.0,29.48,35.64,37.2,95.0,27.83,20.33,23.4,6.9,2014.0,177.0,2.92,27.14,0.0,65.25,19.87,10.17,15.3,1.98,2014.0,177.0,18.839333333333336,32.604,7.370000000000001,81.89933333333333,25.242000000000004,16.391999999999996,21.066666666666666,4.164666666666666,2014.0,8125.41,5880.99,342.41,3757.14,193.68,679.69,2.55
5,193.0,28.12,35.17,15.92,90.15,28.34,18.26,23.42,6.26,2014.0,193.0,4.9,27.9,0.0,65.84,19.3,9.88,14.99,1.85,2014.0,193.0,20.449333333333335,31.025333333333332,2.8666666666666667,78.59999999999998,24.143999999999995,14.332,19.534,4.270666666666666,2014.0,8364.42,5668.01,303.15,3503.9,174.87,544.35,0.91
6,209.0,27.04,34.88,15.71,88.98,29.59,19.23,24.47,6.6,2014.0,209.0,9.9,28.08,0.0,71.0,21.74,10.97,16.86,2.04,2014.0,209.0,22.077999999999996,31.178000000000008,2.9006666666666674,77.96666666666667,25.526666666666664,15.017333333333339,20.779333333333337,3.5939999999999994,2014.0,8136.16,5648.64,349.05,3557.79,208.47,660.15,0.28
7,225.0,25.27,34.78,9.18,83.49,28.81,18.63,23.1,5.71,2014.0,225.0,8.53,27.4,0.0,66.84,23.0,11.74,17.65,1.38,2014.0,225.0,19.592142857142857,31.699333333333335,2.8106666666666666,76.78933333333335,25.628666666666668,15.290666666666668,20.65866666666667,3.262666666666667,2014.0,8037.18,5222.76,316.95,3218.77,185.87,574.51,2.99
8,241.0,22.64,36.94,19.52,91.52,30.79,21.88,26.05,6.6,2014.0,241.0,5.11,28.55,0.0,70.47,20.66,11.26,16.93,2.14,2014.0,241.0,16.761999999999997,33.05866666666667,6.472666666666666,82.22733333333333,26.36733333333333,16.988,21.805999999999997,4.001333333333333,2014.0,8127.65,4844.92,280.07,2878.98,163.26,525.63,0.01
9,257.0,20.88,33.62,12.54,90.17,24.91,17.68,20.91,7.72,2014.0,257.0,6.34,23.18,0.0,65.11,10.29,0.99,7.12,2.07,2014.0,257.0,15.118000000000002,27.811999999999998,2.8186666666666667,76.77733333333335,19.416,8.218666666666667,14.095999999999998,4.551333333333333,2014.0,6655.57,3548.46,440.56,2328.44,245.93,606.12,2.56
10,273.0,18.29,32.29,17.66,97.02,25.87,13.5,19.66,9.03,2014.0,273.0,4.39,23.04,0.0,63.82,10.02,1.12,5.39,1.71,2014.0,273.0,11.755333333333333,27.990666666666666,3.472666666666667,77.792,18.616,7.514666666666668,13.072666666666665,4.532666666666667,2014.0,6591.35,3298.21,417.31,2158.95,218.37,695.42,2.55
11,289.0,15.55,29.41,20.46,95.8,19.04,7.84,11.98,9.75,2014.0,289.0,1.91,21.42,0.0,64.67,11.32,-0.14,5.9,2.51,2014.0,289.0,10.275333333333332,24.940666666666672,2.546666666666667,81.48866666666666,13.922,3.7359999999999998,8.470666666666666,4.771333333333334,2014.0,5114.47,2285.5,544.69,1745.4,282.46,923.04,2.55
12,305.0,12.56,28.37,4.93,90.59,20.91,8.79,14.36,7.24,2014.0,305.0,3.13,18.54,0.0,64.36,3.96,-5.35,-0.89,3.38,2014.0,305.0,8.203333333333335,24.458000000000002,0.8219999999999998,74.63666666666668,10.639999999999997,0.2513333333333331,5.284666666666667,5.391333333333333,2014.0,4699.77,2162.99,706.91,1844.57,416.93,990.99,0.14
