,DOY,INSgdmax,RADmax,RAINmax,RHmax,TMAXmax,TMINmax,Tmax,WINDmax,YEAR,DOY,INSgdmin,RADmin,RAINmin,RHmin,TMAXmin,TMINmin,Tmin,WINDmin,YEAR,DOY,INSgdmean,RADmean,RAINmean,RHmean,TMAXmean,TMINmean,Tmean,WINDmean,YEAR,NDVI,EVI,RED,NIR,BLUE,MIR,pixrel
0,113.0,26.5,31.36,11.5,90.48,24.41,9.76,17.06,9.42,2014.0,113.0,5.0,22.43,0.0,59.72,10.22,-1.52,5.88,3.39,2014.0,113.0,16.31,27.252666666666663,2.3939999999999997,74.154,17.885333333333335,4.6659999999999995,11.430000000000001,5.881333333333334,2014.0,1991.12,1168.21,1815.79,2399.97,1726.31,758.66,2.49
1,129.0,26.35,33.7,27.26,91.01,28.74,18.86,22.39,7.28,2014.0,129.0,7.38,25.45,0.0,61.55,12.61,2.14,8.64,3.27,2014.0,129.0,17.906000000000002,28.676666666666666,4.118666666666666,72.34733333333334,20.327333333333335,8.158,14.55066666666667,5.5166666666666675,2014.0,4861.77,1775.45,407.26,1302.5,266.85,627.0,0.4
2,145.0,28.76,34.74,11.19,85.51,29.12,19.9,24.34,7.22,2014.0,145.0,15.62,25.16,0.0,59.18,20.56,4.01,13.41,2.77,2014.0,145.0,22.526666666666664,31.81333333333334,2.6626666666666665,76.95333333333333,25.826,14.495333333333331,20.384,3.9739999999999998,2014.0,5403.49,2238.7,300.74,1403.97,205.66,398.66,0.12
3,161.0,30.56,35.96,44.93,87.54,28.98,21.08,25.6,6.86,2014.0,161.0,2.27,25.13,0.0,59.14,21.82,9.01,17.21,1.72,2014.0,161.0,19.98866666666667,31.587333333333326,8.276000000000002,75.57466666666667,25.50133333333333,14.112,20.359333333333336,4.35,2014.0,6334.26,3040.68,282.83,1819.26,212.64,371.65,0.31
4,177.0,29.66,36.29,26.04,90.65,30.2,21.95,25.47,6.11,2014.0,177.0,5.51,27.76,0.0,66.82,20.33,10.69,16.32,2.23,2014.0,177.0,17.613999999999997,33.330666666666666,10.963333333333335,79.85066666666665,27.292666666666666,18.110666666666663,22.951999999999998,3.8666666666666667,2014.0,6650.69,3181.61,236.44,1875.32,166.45,361.67,2.87
5,193.0,28.98,36.25,22.57,90.82,30.08,21.51,25.74,5.73,2014.0,193.0,7.42,28.48,0.0,64.98,21.63,11.25,16.57,1.78,2014.0,193.0,22.305999999999997,31.476,3.612,75.30999999999997,26.34,15.919999999999995,21.51,3.709333333333333,2014.0,6171.27,2890.7,309.11,1705.62,290.3,304.85,0.92
6,209.0,27.76,36.0,17.89,86.81,32.03,21.3,26.27,6.27,2014.0,209.0,16.34,28.8,0.0,60.34,23.31,12.73,18.69,1.37,2014.0,209.0,23.13600000000001,31.56866666666666,3.2119999999999993,71.24466666666667,27.990666666666666,16.67,22.575333333333333,3.3819999999999992,2014.0,6220.71,2878.1,263.35,1716.06,212.08,290.31,3.2
7,225.0,25.34,34.96,36.12,92.28,29.59,19.3,24.12,6.32,2014.0,225.0,6.26,27.97,0.0,66.11,23.41,12.66,19.31,1.7,2014.0,225.0,16.43857142857143,32.712,9.899333333333335,79.59933333333333,26.417999999999996,17.067999999999998,21.667333333333332,3.520666666666668,2014.0,6131.8,2519.73,227.39,1462.46,164.81,256.26,0.11
8,241.0,23.69,37.12,23.13,93.59,31.75,23.33,26.47,6.44,2014.0,241.0,5.29,28.91,0.0,75.77,23.9,13.91,19.15,2.18,2014.0,241.0,17.463333333333335,33.76533333333334,7.074,83.958,28.076666666666668,18.924,23.322,3.8206666666666664,2014.0,6101.17,2486.66,205.96,1434.34,141.66,164.75,2.58
9,257.0,21.2,36.4,27.64,90.39,27.53,19.51,22.8,7.49,2014.0,257.0,6.05,22.21,0.0,68.79,11.97,1.97,9.28,1.98,2014.0,257.0,14.687999999999999,28.775333333333325,3.7060000000000004,78.35066666666665,21.278000000000002,9.517999999999999,15.575333333333338,4.066666666666666,2014.0,5602.25,2063.4,237.84,1261.29,147.97,292.61,2.95
10,273.0,17.78,32.29,44.11,97.78,27.18,16.17,21.32,8.65,2014.0,273.0,5.87,21.78,0.0,56.82,11.58,0.37,5.65,1.28,2014.0,273.0,13.850666666666665,28.682000000000002,4.4193333333333324,74.2,21.286000000000005,10.136666666666667,15.576,4.242,2014.0,4929.58,1701.05,470.8,1292.65,372.8,414.47,0.21
11,289.0,16.34,30.64,14.5,96.91,20.43,9.4,13.33,10.04,2014.0,289.0,1.48,21.38,0.0,66.78,11.8,0.62,7.71,2.71,2014.0,289.0,10.634666666666668,25.836000000000002,2.2093333333333334,80.244,16.156666666666666,5.36,10.376,4.692666666666667,2014.0,4738.27,1193.64,157.59,799.07,71.76,245.87,15.4
12,305.0,13.39,28.87,16.34,84.63,22.48,11.14,17.1,7.43,2014.0,305.0,3.74,18.76,0.0,60.92,5.78,-5.47,0.12,3.27,2014.0,305.0,10.60066666666667,24.45466666666666,1.3313333333333335,70.482,13.743333333333334,1.9233333333333333,7.592666666666665,5.4766666666666675,2014.0,5618.62,1424.87,251.77,918.19,214.89,374.14,3.26
