,DOY,INSgdmax,RADmax,RAINmax,RHmax,TMAXmax,TMINmax,Tmax,WINDmax,YEAR,DOY,INSgdmin,RADmin,RAINmin,RHmin,TMAXmin,TMINmin,Tmin,WINDmin,YEAR,DOY,INSgdmean,RADmean,RAINmean,RHmean,TMAXmean,TMINmean,Tmean,WINDmean,YEAR,NDVI,EVI,RED,NIR,BLUE,MIR,pixrel
0,113.0,25.778200000000005,30.587899999999998,18.6588,93.1429,23.131700000000002,9.7121,16.0719,11.115299999999998,2014.0000000000002,113.0,3.6218000000000004,21.3416,0.0,65.34970000000001,7.7927,-2.9129,4.3811,3.1673000000000004,2014.0000000000002,113.0,15.85606666666667,26.54116,3.8724799999999995,77.73052666666666,15.113139999999996,2.8104866666666672,8.98608,6.407499999999999,2014.0000000000002,2744.93,1150.5,1810.42,2378.39,1574.2,1329.91,4.3
1,129.0,26.3072,34.526900000000005,20.968500000000002,94.1907,26.141900000000003,18.456999999999997,20.9008,7.9762,2014.0000000000002,129.0,3.0961999999999996,25.285400000000003,0.0,64.0531,10.401299999999999,2.6882,7.1254,3.457,2014.0000000000002,129.0,15.233266666666665,28.33544666666667,4.313026666666667,76.61718666666667,18.224473333333332,7.149506666666667,12.91061333333333,5.408493333333334,2014.0000000000002,3367.22,1491.05,1062.52,1896.7,795.28,875.14,10.65
2,145.0,28.5111,35.3206,15.1146,87.3408,28.113100000000003,19.5314,23.5906,7.4737,2014.0000000000002,145.0,10.5469,25.1374,0.0,63.7116,19.2612,3.3991000000000002,12.537600000000001,2.9563,2014.0000000000002,145.0,22.89278,30.416693333333324,1.9394599999999997,78.62255333333334,24.530686666666664,12.697793333333333,18.921986666666665,4.253140000000001,2014.0000000000002,4633.29,2084.6,145.97,1509.29,14.67,372.7,43.44
3,161.0,30.705099999999998,34.8525,22.394000000000002,87.8127,28.2042,21.017599999999998,24.829499999999996,6.5587,2014.0000000000002,161.0,4.9247,24.626599999999996,0.0,59.2144,21.679599999999997,8.4185,16.3298,2.1,2014.0000000000002,161.0,21.519213333333337,30.522359999999995,7.2608066666666655,76.02925333333334,24.262766666666664,13.187013333333331,19.18680666666667,4.345366666666667,2014.0000000000002,5886.14,3403.42,237.84,2280.27,136.55,350.83,28.27
4,177.0,29.5315,35.887600000000006,36.5515,92.77380000000001,28.7075,21.359899999999996,24.1175,6.812,2014.0000000000002,177.0,6.8858,27.6674,0.0,65.5695,19.9507,9.8205,15.777899999999999,2.0522,2014.0000000000002,177.0,18.786820000000006,32.96946666666667,8.636153333333333,81.34158666666666,26.14504,17.220860000000002,21.94938666666667,4.049606666666667,2014.0000000000002,5665.33,3838.69,284.52,2564.91,162.14,458.88,15.4
5,193.00000000000003,27.873799999999996,35.9156,21.8312,88.3734,28.6017,19.855,24.114,6.1983,2014.0000000000002,193.00000000000003,7.2457,28.5503,0.0,66.5253,19.992599999999996,10.397700000000002,15.4709,1.6500000000000004,2014.0000000000002,193.00000000000003,19.9897,31.217366666666663,3.143746666666666,77.82734666666664,24.8922,14.978313333333332,20.29413333333334,3.9715533333333344,2014.0000000000002,6314.37,3648.44,221.42,2251.43,156.27,246.63,11.34
6,209.0,26.9723,35.13270000000001,12.616299999999999,87.03450000000001,30.7222,20.1873,25.1906,6.4534,2014.0000000000002,209.0,14.6882,28.174200000000003,0.0,68.75880000000001,22.0424,11.6994,17.305999999999997,1.7289,2014.0000000000002,209.0,22.461020000000005,31.15184,2.259073333333334,76.40746,26.220933333333335,15.456353333333334,21.335279999999994,3.4765666666666664,2014.0000000000002,6185.38,3909.75,417.85,2649.14,343.89,525.99,8.48
7,225.0,25.2452,34.49980000000001,12.141899999999998,86.58670000000001,28.620099999999997,18.6712,23.457800000000006,5.7529,2014.0000000000002,225.0,9.0272,27.6125,0.0,69.0389,22.885499999999997,12.7486,18.2791,1.7678,2014.0000000000002,225.0,18.983939999999997,31.9716,3.33972,77.27157333333332,26.224106666666668,15.990013333333335,21.186359999999997,3.4793466666666664,2014.0000000000002,6068.59,3914.98,492.38,2645.19,416.9,565.48,4.15
8,241.0,23.2219,36.7537,29.395400000000002,90.83749999999999,32.5196,22.7436,26.7928,6.6891,2014.0000000000002,241.0,6.403600000000001,28.614900000000002,0.0,66.39420000000001,23.371499999999997,12.806899999999999,18.6644,2.0158,2014.0000000000002,241.0,17.24290666666667,33.36399333333334,6.62424,79.79368,27.89291333333333,18.187673333333333,22.962706666666662,3.9734133333333337,2014.0000000000002,5795.99,3077.89,425.37,2235.06,326.82,468.12,28.33
9,257.0,20.9129,34.0582,23.2908,89.26769999999999,26.5044,17.6421,21.391999999999996,7.7979,2014.0000000000002,257.0,7.162599999999999,22.100800000000003,0.0,65.95739999999999,10.7739,1.3106000000000002,8.0498,1.802,2014.0000000000002,257.0,14.829420000000002,28.015086666666672,4.485113333333333,75.68067333333333,20.439380000000003,8.52974,14.681573333333333,4.300346666666666,2014.0000000000002,4307.56,1894.05,143.1,1440.75,6.05,198.99,51.02
10,273.0,18.320500000000003,32.575599999999994,30.499899999999997,97.15100000000001,26.8612,14.658900000000001,20.713100000000004,8.779399999999999,2014.0000000000002,273.0,1.8413,24.095699999999997,0.0,58.7913,11.0688,1.7262000000000002,5.7969,1.2562,2014.0000000000002,273.0,12.414066666666669,28.477486666666668,5.2287799999999995,74.01786666666668,20.050753333333333,8.827739999999999,14.319633333333334,4.358913333333333,2014.0000000000002,4007.79,1589.15,237.95,1284.42,67.69,355.04,35.8
11,289.0,15.893999999999998,29.603099999999998,16.9758,96.9096,19.4925,8.697,12.621500000000001,9.6683,2014.0000000000002,289.0,1.2316,21.573000000000004,0.0,63.43070000000001,12.078999999999999,0.32270000000000004,7.2227,2.6013,2014.0000000000002,289.0,10.266273333333334,25.315660000000005,2.2126,80.70492,14.761193333333333,4.504873333333332,9.287873333333332,4.698626666666668,2014.0000000000002,3253.07,951.91,148.12,941.15,-6.28,356.31,53.55
12,305.0,12.8423,28.6871,14.6659,88.21949999999998,21.847199999999997,10.388200000000001,15.758399999999998,7.357500000000001,2014.0000000000002,305.0,3.2863000000000007,18.6648,0.0,62.9572,4.5651,-5.4599,-0.5778000000000001,2.9107999999999996,2014.0000000000002,305.0,8.849006666666668,24.69231333333333,1.3626333333333334,72.93486000000001,11.864526666666665,0.8393133333333334,6.187213333333334,5.413093333333334,2014.0000000000002,3308.69,1347.08,555.41,1397.15,375.49,704.01,23.93
