,DOY,INSgdmax,RADmax,RAINmax,RHmax,TMAXmax,TMINmax,Tmax,WINDmax,YEAR,DOY,INSgdmin,RADmin,RAINmin,RHmin,TMAXmin,TMINmin,Tmin,WINDmin,YEAR,DOY,INSgdmean,RADmean,RAINmean,RHmean,TMAXmean,TMINmean,Tmean,WINDmean,YEAR,NDVI,EVI,RED,NIR,BLUE,MIR,pixrel
0,113.0,26.101399999999998,31.082300000000004,20.6395,92.51050000000001,21.735,11.040899999999999,15.821699999999998,11.331800000000001,2014.0,113.0,3.6147000000000005,22.923,0.0,63.8925,6.0019,-2.7527999999999997,2.5549,3.6278,2014.0,113.0,14.420813333333333,26.72345333333333,5.2214800000000015,78.97089333333334,14.228513333333334,2.4322533333333327,8.434426666666667,6.972879999999998,2014.0,4071.61,1856.62,692.75,1685.78,365.44,1124.89,0.21
1,129.0,25.9416,32.0362,23.3133,90.4191,25.9313,11.3076,19.6951,8.0661,2014.0,129.0,4.8873,24.4978,0.0,65.35170000000001,9.1677,-0.4945,6.0992,2.5109,2014.0,129.0,16.280366666666666,27.61491333333333,3.5711933333333326,75.04919999999998,17.827533333333335,4.888206666666667,11.905886666666667,5.561006666666667,2014.0,4458.58,2067.18,636.38,1736.98,329.89,1056.35,0.22
2,145.0,28.850299999999997,34.806400000000004,18.0535,88.3757,28.286500000000004,19.131500000000003,23.0925,7.3977,2014.0,145.0,9.9036,25.4897,0.0,61.01109999999999,19.458199999999998,3.8268,13.073500000000001,2.8728000000000002,2014.0,145.0,21.814640000000004,30.68802,2.7736333333333327,77.24553333333334,24.18994666666667,13.012553333333335,18.812066666666666,4.459066666666667,2014.0,5735.93,2907.5,468.71,2064.02,233.29,819.49,7.84
3,161.0,29.8906,36.04,30.382399999999997,89.0929,28.255900000000004,20.3765,24.5394,8.181000000000001,2014.0,161.0,7.484399999999999,26.159100000000002,0.0,60.4841,19.5547,7.9258,15.8247,2.1146,2014.0,161.0,20.569946666666667,30.868900000000004,9.368999999999998,75.23130666666665,24.174086666666664,12.640440000000002,18.962006666666664,4.561866666666667,2014.0,7274.05,4354.72,336.39,2692.94,196.07,566.02,0.04
4,177.0,29.545299999999997,35.0458,34.392999999999994,92.6264,29.1008,20.399800000000003,23.467000000000002,7.437900000000001,2014.0,177.0,10.092699999999999,27.332800000000002,0.0,64.0959,20.9768,9.8006,15.403799999999999,2.2862,2014.0,177.0,19.92659333333333,32.377986666666665,7.674686666666666,80.10684666666667,25.961219999999997,16.151413333333334,21.24402,4.185459999999999,2014.0,7598.63,4970.94,349.01,3177.24,202.43,600.29,5.58
5,193.0,28.6939,35.0009,17.5698,89.77019999999999,30.2984,19.6842,24.4803,6.3581,2014.0,193.0,5.519,27.4662,0.0,67.8993,19.4409,9.828600000000002,15.3902,1.9069999999999998,2014.0,193.0,21.337453333333336,30.989326666666663,2.9808199999999996,77.14266666666666,24.966726666666666,14.695173333333331,20.127740000000003,4.2640199999999995,2014.0,7616.69,4603.2,287.23,2809.85,163.93,496.65,5.79
6,209.0,27.1083,35.17,13.956100000000001,90.15919999999998,29.4705,19.9322,24.7338,6.8647,2014.0,209.0,9.6873,28.0786,0.0,68.8347,21.676599999999997,11.6497,17.4595,1.9312999999999998,2014.0,209.0,22.038966666666663,31.112046666666668,2.02496,77.01386666666666,25.93776,15.383473333333335,21.091866666666668,3.45016,2014.0,7338.69,4718.77,317.52,2985.61,174.44,569.63,7.71
7,225.0,25.1281,34.5009,14.0062,90.7209,28.310699999999997,19.078999999999997,23.4179,6.2979,2014.0,225.0,11.1531,27.7881,0.0,70.9858,20.777299999999997,12.4147,18.1727,1.7728,2014.0,225.0,18.764707142857144,32.19842666666666,4.3299666666666665,81.35251333333335,25.140213333333335,16.07148666666667,20.723093333333335,3.362853333333333,2014.0,7386.1,4221.21,278.5,2575.8,155.07,439.87,7.68
8,241.0,23.122799999999998,35.5878,25.026400000000002,93.9833,30.362699999999997,21.2319,25.525199999999998,6.1846,2014.0,241.0,5.5635,28.8842,0.0,71.74549999999999,18.5204,10.2816,15.321699999999998,2.1925999999999997,2014.0,241.0,16.829813333333334,32.61926,6.609700000000001,82.63500666666665,25.759460000000004,16.644473333333334,21.31068,4.0255399999999995,2014.0,7108.56,3566.88,253.22,2165.8,118.96,473.31,10.2
9,257.0,22.042800000000003,33.973400000000005,11.837800000000001,93.2967,25.555500000000002,17.403999999999996,21.039699999999996,7.715199999999999,2014.0,257.0,5.990400000000001,23.1589,0.0,65.9704,10.796199999999999,1.2967,7.440099999999999,2.4724,2014.0,257.0,14.976166666666666,28.163526666666662,2.5196533333333333,77.04518000000002,19.87574,8.42326,14.295606666666666,4.492406666666667,2014.0,6284.79,3127.09,374.04,2077.37,183.14,594.97,10.22
10,273.0,17.1092,32.855799999999995,23.4572,96.53330000000001,25.5319,14.8463,19.7787,9.2249,2014.0,273.0,2.4657999999999998,22.7505,0.0,59.2185,9.9586,0.6365,4.8242,2.6071999999999997,2014.0,273.0,11.911980000000002,28.333126666666658,3.204946666666667,77.23198000000001,19.23638,8.461153333333336,13.566386666666666,4.924326666666667,2014.0,5278.53,2230.0,415.04,1625.94,183.56,674.26,10.2
11,289.0,15.7373,29.714199999999998,13.7932,95.8535,19.7025,8.3771,12.682500000000001,8.9963,2014.0,289.0,2.3691,21.2939,0.0,66.71589999999999,11.9124,-0.5411,5.858999999999999,2.7182,2014.0,289.0,11.840533333333333,24.889973333333334,1.7718933333333335,77.66962666666669,15.490066666666667,4.066646666666666,9.253946666666668,4.752713333333334,2014.0,4509.76,1659.82,407.94,1343.03,166.99,724.59,15.3
12,305.0,12.729700000000001,27.995599999999996,3.9072,88.8999,18.524500000000003,6.6041,12.653,7.4716000000000005,2014.0,305.0,3.6717000000000004,17.2767,0.0,63.0632,4.1217,-5.218400000000001,-1.2530999999999999,3.4638,2014.0,305.0,8.757266666666665,24.154980000000002,0.7625866666666666,72.85556,11.323326666666665,0.5603466666666665,5.50318,5.6219866666666665,2014.0,4742.91,1745.03,477.43,1352.16,252.19,876.56,0.13
