,DOY,INSgdmax,RADmax,RAINmax,RHmax,TMAXmax,TMINmax,Tmax,WINDmax,YEAR,DOY,INSgdmin,RADmin,RAINmin,RHmin,TMAXmin,TMINmin,Tmin,WINDmin,YEAR,DOY,INSgdmean,RADmean,RAINmean,RHmean,TMAXmean,TMINmean,Tmean,WINDmean,YEAR,NDVI,EVI,RED,NIR,BLUE,MIR,pixrel
0,113.0,26.000000000000004,30.678,19.516,93.028,23.726,9.908000000000001,16.456,11.048,2014.0,113.0,3.68,21.543999999999997,0.0,64.048,7.862,-2.766,4.491999999999999,3.278,2014.0,113.0,16.03346666666667,26.69,3.9315999999999995,76.97706666666664,15.653466666666665,3.0324,9.362400000000001,6.4712000000000005,2014.0,2551.23,1536.16,1550.2,2389.29,1332.95,1673.55,2.83
1,129.0,26.266000000000002,34.34,21.810000000000002,94.284,26.654000000000003,18.332,20.994,8.122,2014.0,129.0,3.2079999999999997,25.176000000000002,0.0,62.902,10.562000000000001,2.754,7.340000000000001,3.404,2014.0,129.0,15.450933333333332,28.382,4.3070666666666675,75.50746666666667,18.589066666666664,7.244533333333335,13.163199999999996,5.480533333333335,2014.0,4826.34,2353.09,661.4,1921.62,341.25,1180.43,0.24
2,145.0,28.488,35.314,13.822,86.52400000000002,28.378,19.59,23.778,7.488000000000001,2014.0,145.0,11.8,25.245999999999995,0.0,62.406,19.862000000000002,3.4339999999999997,12.684000000000001,3.048,2014.0,145.0,22.9636,30.615333333333325,1.7321333333333333,78.2492,24.810666666666663,12.997333333333335,19.172533333333334,4.276000000000001,2014.0,6771.07,3676.99,440.28,2412.62,236.68,837.05,0.0
3,161.0,30.708000000000002,35.124,28.318,87.526,28.312000000000005,20.992,24.974000000000004,6.623999999999999,2014.0,161.0,4.434,24.656,0.0,58.766000000000005,21.832,8.52,16.526,2.014,2014.0,161.0,21.1644,30.640399999999996,7.731066666666666,75.69520000000001,24.499866666666666,13.301866666666665,19.379066666666667,4.360800000000001,2014.0,8077.51,4889.66,289.98,2952.23,160.94,545.73,0.0
4,177.0,29.615999999999996,35.828,36.368,92.13,29.006,21.503999999999998,24.268,6.852,2014.0,177.0,6.699999999999999,27.730000000000004,0.0,65.338,19.970000000000002,9.796,15.82,2.174,2014.0,177.0,18.5024,32.9876,8.925733333333334,81.02839999999998,26.383866666666666,17.342266666666667,22.11893333333333,4.043333333333333,2014.0,8267.17,5635.72,310.93,3515.03,171.0,643.11,0.05
5,193.0,28.037999999999997,35.931999999999995,22.806,88.236,28.796000000000003,20.084,24.334,6.182,2014.0,193.0,7.492,28.624000000000002,0.0,66.78,20.208000000000002,10.466000000000001,15.588,1.6720000000000002,2014.0,193.0,20.04933333333333,31.266533333333335,3.335333333333333,77.56666666666666,25.094533333333338,15.119733333333333,20.470266666666667,3.9316000000000004,2014.0,8376.15,5067.51,248.48,3005.06,136.58,456.33,0.97
6,209.0,26.976,35.134,13.104000000000001,86.952,30.926000000000002,20.26,25.352,6.4719999999999995,2014.0,209.0,15.143999999999998,28.248000000000005,0.0,67.99799999999999,22.004,11.868,17.4,1.624,2014.0,209.0,22.510133333333336,31.165999999999997,2.3137333333333334,75.95386666666667,26.39946666666667,15.617199999999997,21.493466666666666,3.443866666666666,2014.0,8178.68,5408.02,312.6,3342.72,172.72,608.5,0.24
7,225.0,25.115999999999996,34.472,12.828,87.854,28.676,18.616000000000003,23.542,5.744,2014.0,225.0,8.812000000000001,27.700000000000003,0.0,69.622,22.778,12.886,18.426,1.8659999999999999,2014.0,225.0,18.600714285714282,32.081466666666664,3.7557333333333327,77.63826666666668,26.277466666666665,16.149600000000003,21.282799999999998,3.4976,2014.0,8091.45,4926.2,312.97,3001.85,174.13,566.47,0.58
8,241.0,23.336,36.662,29.084000000000003,90.572,32.688,22.874,26.852000000000004,6.6080000000000005,2014.0,241.0,6.844,28.634,0.0,66.324,23.519999999999996,12.98,18.698,2.032,2014.0,241.0,17.4372,33.3744,6.473866666666667,79.45559999999999,28.081599999999995,18.338,23.09173333333333,3.9836,2014.0,8105.9,4392.74,253.19,2557.99,138.79,496.99,0.0
9,257.0,20.998,34.332,22.775999999999996,89.72800000000001,26.852,17.904,21.549999999999997,7.757999999999999,2014.0,257.0,6.548000000000001,21.936,0.0,66.06,11.031999999999998,1.344,8.204,1.8320000000000003,2014.0,257.0,14.777466666666667,28.101466666666674,4.3558666666666666,75.5788,20.646533333333334,8.6544,14.810133333333331,4.288799999999999,2014.0,6592.07,3283.37,438.08,2149.58,238.03,623.14,0.0
10,273.0,18.098,32.568,32.806,97.288,27.012,14.99,20.828,8.786000000000001,2014.0,273.0,1.6600000000000001,24.132,0.0,57.588,11.152000000000001,1.656,5.816,1.3239999999999998,2014.0,273.0,12.538266666666669,28.584533333333336,5.045999999999999,73.28120000000001,20.3376,9.105866666666664,14.562666666666669,4.384266666666667,2014.0,6189.88,2603.35,397.46,1704.22,210.49,658.0,0.0
11,289.0,15.963999999999999,29.672,16.67,96.876,19.68,8.794,12.706,9.696,2014.0,289.0,1.1260000000000001,21.564,0.0,63.03,12.106,0.334,7.394000000000001,2.664,2014.0,289.0,10.405466666666666,25.327333333333335,2.2108,80.1932,15.042666666666666,4.6008,9.464400000000001,4.718266666666667,2014.0,5364.18,2239.57,489.52,1626.75,253.09,796.19,0.03
12,305.0,12.912,28.644000000000002,15.395999999999999,87.79599999999999,21.988,10.24,15.82,7.34,2014.0,305.0,3.382,18.5,0.0,62.632,4.666,-5.482,-0.49200000000000005,2.9539999999999997,2014.0,305.0,9.0564,24.634666666666668,1.4116,72.31906666666666,12.155999999999999,0.9482666666666667,6.3536,5.452266666666667,2014.0,3851.25,1899.6,1038.14,2036.57,862.04,714.22,1.9
