,DOY,INSgdmax,RADmax,RAINmax,RHmax,TMAXmax,TMINmax,Tmax,WINDmax,YEAR,DOY,INSgdmin,RADmin,RAINmin,RHmin,TMAXmin,TMINmin,Tmin,WINDmin,YEAR,DOY,INSgdmean,RADmean,RAINmean,RHmean,TMAXmean,TMINmean,Tmean,WINDmean,YEAR,NDVI,EVI,RED,NIR,BLUE,MIR,pixrel
0,113.0,25.99,30.89,21.89,90.94,25.74,14.38,18.02,10.81,2014.0,113.0,4.1,22.0,0.0,52.19,8.15,-2.03,4.75,3.62,2014.0,113.0,16.91333333333333,27.31066666666667,2.908666666666667,67.56400000000001,19.087333333333333,5.88,12.607333333333333,6.718,2014.0,2703.06,1769.62,1576.81,2727.69,765.42,2954.37,1.06
1,129.0,28.01,32.9,39.69,79.73,33.19,15.86,24.09,7.93,2014.0,129.0,7.56,23.15,0.0,51.74,12.61,0.02,7.43,2.34,2014.0,129.0,21.088000000000008,27.842,3.694,63.102666666666664,21.835333333333335,7.062,14.640666666666666,5.633333333333334,2014.0,3239.16,1911.69,1223.39,2379.97,607.38,2185.74,0.46
2,145.0,27.9,34.74,12.75,81.29,30.55,19.28,24.42,8.01,2014.0,145.0,14.08,26.21,0.0,53.48,21.51,4.53,14.23,2.52,2014.0,145.0,22.176,32.153333333333336,2.4526666666666666,68.31,27.459999999999994,15.237999999999998,21.410666666666668,4.346666666666666,2014.0,4111.1,2797.36,1265.78,3008.99,635.5,2363.15,1.07
3,161.0,31.1,36.58,23.35,77.32,33.6,21.77,27.64,9.59,2014.0,161.0,9.58,25.7,0.0,43.65,22.67,9.27,18.2,2.68,2014.0,161.0,22.246,31.474,7.621999999999999,66.32733333333333,27.62,14.914666666666669,21.687333333333335,5.075333333333333,2014.0,6239.64,4592.7,843.64,3664.84,446.33,1649.64,0.32
4,177.0,29.66,35.78,22.7,79.91,34.71,21.94,26.67,7.38,2014.0,177.0,5.98,28.01,0.0,51.48,22.49,11.19,17.32,2.21,2014.0,177.0,18.55666666666667,32.94533333333332,7.892666666666667,66.22200000000001,29.257999999999996,18.023999999999997,23.735333333333333,4.186,2014.0,7800.79,5666.57,463.89,3791.05,257.25,938.72,0.76
5,193.0,28.84,36.5,14.54,71.66,34.55,21.49,26.81,5.81,2014.0,193.0,5.44,28.37,0.0,46.08,24.78,11.91,18.48,1.23,2014.0,193.0,22.97266666666667,31.794,3.24,57.342666666666666,30.115333333333332,16.73933333333333,23.478,3.786,2014.0,8377.23,6964.64,408.53,4732.58,228.48,910.42,0.26
6,209.0,27.79,36.65,13.95,66.71,39.38,22.45,30.6,6.51,2014.0,209.0,10.08,28.73,0.0,39.91,26.97,14.07,20.83,1.86,2014.0,209.0,22.457333333333334,32.547333333333334,2.852,51.59,32.34466666666667,18.29533333333334,25.288,3.8473333333333333,2014.0,8519.54,7103.71,372.85,4784.04,208.28,804.74,0.49
7,225.0,26.03,36.5,29.1,91.96,33.49,20.85,26.94,5.65,2014.0,225.0,4.68,27.14,0.0,56.01,22.1,12.38,19.31,1.66,2014.0,225.0,18.002857142857142,33.06466666666667,7.404,73.35466666666666,27.521333333333338,17.60666666666667,22.529333333333334,3.352,2014.0,8598.69,6795.27,321.56,4420.95,181.98,722.45,0.5
8,241.0,23.29,37.37,20.95,91.57,35.08,24.07,28.61,6.26,2014.0,241.0,4.86,28.22,0.0,51.1,18.84,12.32,16.64,1.88,2014.0,241.0,15.626000000000001,33.696,6.905333333333333,73.41333333333334,28.853333333333335,18.782666666666668,23.659333333333333,3.8806666666666674,2014.0,8484.64,6136.45,306.21,3861.45,170.47,679.07,0.0
9,257.0,22.93,34.13,18.28,88.3,29.33,18.61,22.94,6.77,2014.0,257.0,4.82,23.33,0.0,61.61,12.27,3.17,9.25,2.2,2014.0,257.0,15.339333333333334,28.994000000000007,3.81,73.80333333333331,22.30533333333333,10.184000000000001,16.322,4.144666666666668,2014.0,6631.12,4353.95,620.39,3142.52,325.5,967.83,0.0
10,273.0,18.54,32.18,19.48,89.23,28.14,16.41,20.65,9.11,2014.0,273.0,3.28,22.82,0.0,50.98,11.69,0.23,5.74,2.19,2014.0,273.0,13.404000000000002,28.715333333333334,3.9640000000000004,69.90599999999999,21.932666666666663,10.64733333333333,16.08933333333333,4.423333333333333,2014.0,4553.59,2260.11,735.57,1976.21,355.87,1362.09,0.0
11,289.0,16.85,29.84,12.12,90.04,23.28,11.47,15.74,8.59,2014.0,289.0,1.22,20.88,0.0,56.43,11.74,0.65,7.91,2.43,2014.0,289.0,13.237333333333334,25.202,1.1119999999999999,69.41066666666667,18.121333333333332,6.289333333333334,11.734000000000002,4.524666666666667,2014.0,3583.68,1888.54,1000.41,2095.05,480.24,1710.49,0.0
12,305.0,13.57,28.58,3.42,79.13,24.92,9.04,16.2,8.34,2014.0,305.0,5.26,18.14,0.0,53.66,6.38,-3.76,1.03,3.01,2014.0,305.0,11.306666666666667,23.87933333333334,0.46333333333333326,64.05933333333333,14.927333333333333,2.728,8.205333333333332,5.63,2014.0,3190.9,1831.12,1190.3,2285.22,590.17,1944.46,0.11
