,DOY,INSgdmax,RADmax,RAINmax,RHmax,TMAXmax,TMINmax,Tmax,WINDmax,YEAR,DOY,INSgdmin,RADmin,RAINmin,RHmin,TMAXmin,TMINmin,Tmin,WINDmin,YEAR,DOY,INSgdmean,RADmean,RAINmean,RHmean,TMAXmean,TMINmean,Tmean,WINDmean,YEAR,NDVI,EVI,RED,NIR,BLUE,MIR,pixrel
0,113.0,26.28,31.32,17.47,93.54,24.72,13.55,17.41,10.2,2014.0,113.0,3.71,22.07,0.0,55.58,7.74,-1.43,4.71,3.75,2014.0,113.0,16.34066666666667,27.523333333333333,3.771333333333333,71.46999999999998,18.152,5.443333333333333,11.919999999999998,6.285333333333333,2014.0,3851.26,2429.54,1162.97,2612.22,599.77,2389.21,1.02
1,129.0,27.22,32.83,38.64,84.83,30.84,15.77,23.04,7.69,2014.0,129.0,5.65,23.62,0.0,56.97,11.55,-0.25,7.16,2.23,2014.0,129.0,19.514,27.97733333333333,3.8653333333333335,68.27133333333335,20.68,6.785333333333336,14.108000000000002,5.518000000000001,2014.0,4488.08,3121.43,1193.76,3138.81,618.78,2681.68,0.18
2,145.0,28.3,34.6,19.22,85.04,29.07,19.03,23.39,7.93,2014.0,145.0,12.42,25.74,0.0,56.75,21.04,4.22,13.7,2.87,2014.0,145.0,21.175333333333334,31.961333333333332,2.9059999999999997,73.62266666666667,26.140666666666664,14.768666666666666,20.540666666666667,4.207333333333334,2014.0,5790.21,3752.58,776.45,2948.21,414.46,1794.69,0.28
3,161.0,29.84,36.76,25.41,87.42,30.24,21.17,25.85,8.68,2014.0,161.0,7.6,25.34,0.0,55.2,20.63,8.52,16.94,2.17,2014.0,161.0,20.58466666666667,31.36866666666667,8.029333333333334,73.84,25.798000000000002,14.181333333333335,20.485333333333337,4.704666666666667,2014.0,6646.63,4986.25,748.7,3786.96,405.48,1706.56,0.01
4,177.0,29.63,34.85,31.82,86.17,31.42,21.18,24.92,6.87,2014.0,177.0,6.88,27.58,0.0,61.56,20.09,10.49,15.87,1.86,2014.0,177.0,19.956666666666667,32.69533333333333,7.471999999999998,75.24866666666665,27.491333333333333,17.45,22.58866666666667,3.9866666666666664,2014.0,7975.86,5746.47,415.84,3754.38,231.96,966.72,0.75
5,193.0,28.76,36.11,21.12,83.68,31.62,20.91,25.67,5.71,2014.0,193.0,5.94,28.73,0.0,54.28,23.28,11.43,17.52,1.07,2014.0,193.0,22.12533333333333,31.665333333333333,4.033333333333333,66.828,27.632666666666672,15.888000000000002,21.97733333333333,3.6806666666666668,2014.0,8203.13,6375.53,419.14,4251.48,233.49,957.67,0.0
6,209.0,26.21,35.96,12.66,75.99,35.71,21.59,28.13,6.47,2014.0,209.0,8.6,28.44,0.0,46.09,25.73,13.18,19.91,1.76,2014.0,209.0,21.84933333333333,32.20333333333333,3.3040000000000007,59.986000000000004,30.171333333333333,17.415999999999997,23.793333333333337,3.564666666666666,2014.0,8183.93,6349.16,418.83,4230.61,233.65,882.49,0.21
7,225.0,26.06,35.71,33.33,90.92,30.91,20.26,25.17,5.5,2014.0,225.0,5.8,27.72,0.0,57.98,22.37,12.69,18.87,1.33,2014.0,225.0,16.988571428571433,32.782000000000004,8.824666666666667,76.46333333333334,26.5,17.210666666666665,21.742000000000004,3.3459999999999996,2014.0,8439.27,6261.74,332.26,3990.54,188.53,682.02,0.0
8,241.0,23.18,36.83,23.92,90.2,33.62,22.72,27.34,6.16,2014.0,241.0,4.07,28.55,0.0,62.08,20.08,12.85,16.93,2.01,2014.0,241.0,16.20066666666667,33.55533333333334,9.300666666666666,77.57933333333332,28.228666666666662,18.662666666666667,23.241333333333333,3.9773333333333327,2014.0,8165.89,6123.48,399.83,4026.59,223.23,811.77,0.0
9,257.0,22.9,35.53,21.77,87.79,28.28,19.38,23.05,6.74,2014.0,257.0,7.24,23.58,0.0,64.3,12.05,2.74,9.08,2.42,2014.0,257.0,15.366000000000001,28.93399999999999,4.172000000000001,75.13066666666666,21.68133333333334,10.019333333333332,15.927999999999999,4.238666666666666,2014.0,6403.99,4020.08,611.72,2880.16,337.03,1048.3,0.0
10,273.0,18.11,32.69,37.17,93.09,27.05,15.8,20.36,8.9,2014.0,273.0,2.12,22.68,0.0,54.21,11.12,-0.38,5.05,2.22,2014.0,273.0,13.401999999999997,28.82733333333333,5.354,72.176,21.604,10.13,15.643333333333334,4.476666666666666,2014.0,5604.89,3204.0,671.83,2463.1,347.73,1311.91,0.0
11,289.0,16.78,30.35,9.46,93.57,20.95,10.31,15.15,9.67,2014.0,289.0,1.48,20.92,0.0,62.53,11.83,0.44,7.65,2.69,2014.0,289.0,12.649333333333335,25.411999999999992,1.4686666666666668,72.84,17.355999999999998,5.820000000000001,11.175333333333333,4.617333333333333,2014.0,4591.71,2597.33,869.09,2347.35,446.24,1611.31,0.01
12,305.0,13.5,28.8,7.34,82.02,22.79,8.98,15.12,8.01,2014.0,305.0,5.15,18.07,0.0,55.97,5.89,-4.11,0.47,3.24,2014.0,305.0,10.901333333333334,24.081333333333326,0.8946666666666665,66.06466666666667,14.172666666666666,2.489333333333334,7.804666666666666,5.66,2014.0,3669.39,2255.55,1150.79,2472.7,596.28,1898.83,0.58
