,DOY,INSgdmax,RADmax,RAINmax,RHmax,TMAXmax,TMINmax,Tmax,WINDmax,YEAR,DOY,INSgdmin,RADmin,RAINmin,RHmin,TMAXmin,TMINmin,Tmin,WINDmin,YEAR,DOY,INSgdmean,RADmean,RAINmean,RHmean,TMAXmean,TMINmean,Tmean,WINDmean,YEAR,NDVI,EVI,RED,NIR,BLUE,MIR,pixrel
0,113.0,26.39,31.68,16.88,92.61,24.57,10.56,17.5,9.35,2014.0,113.0,3.2,22.93,0.0,59.67,8.71,-1.34,5.43,3.52,2014.0,113.0,15.405333333333338,27.509333333333334,2.94,73.45333333333333,18.07266666666666,4.990666666666668,11.738000000000001,5.988,2014.0,5195.72,3234.92,865.82,2738.61,450.94,1649.67,0.79
1,129.0,26.53,33.52,37.13,88.4,29.46,16.07,22.71,7.29,2014.0,129.0,6.3,24.59,0.0,59.22,11.66,1.0,7.9,2.53,2014.0,129.0,18.758,28.22933333333333,3.9159999999999995,71.09400000000001,20.525333333333336,7.462666666666667,14.421333333333331,5.4639999999999995,2014.0,5845.19,4015.3,849.66,3271.97,446.6,1697.86,0.03
2,145.0,28.62,34.7,13.74,86.1,29.01,19.45,23.92,7.53,2014.0,145.0,16.38,25.63,0.0,57.92,20.82,4.16,13.82,2.61,2014.0,145.0,21.732000000000003,31.962666666666664,3.027333333333333,75.64133333333334,26.029333333333334,14.720666666666665,20.53466666666667,4.040666666666667,2014.0,7210.68,5148.13,571.35,3608.29,316.81,1083.66,0.34
3,161.0,30.42,36.94,60.91,88.15,29.31,21.06,25.68,7.73,2014.0,161.0,3.64,25.31,0.0,57.32,21.17,8.87,17.23,1.97,2014.0,161.0,20.168000000000003,31.53133333333334,10.764666666666667,74.85,25.684,14.177333333333332,20.487333333333332,4.432666666666666,2014.0,7279.35,5265.09,583.2,3707.54,317.59,1171.53,0.05
4,177.0,29.66,36.0,27.89,89.42,30.86,21.51,24.94,6.42,2014.0,177.0,3.1,27.94,0.0,64.58,19.68,10.68,15.89,1.97,2014.0,177.0,17.694000000000003,33.16133333333334,8.555333333333332,78.64466666666667,27.34466666666667,17.738666666666663,22.776,3.8706666666666663,2014.0,7977.77,5449.78,391.89,3496.49,215.59,806.49,0.74
5,193.0,29.02,36.07,22.23,88.85,30.97,20.83,25.74,5.7,2014.0,193.0,5.26,28.73,0.0,60.5,22.64,11.53,17.35,1.46,2014.0,193.0,22.130666666666666,31.63266666666667,4.414,71.57666666666667,26.95533333333334,15.990000000000004,21.803999999999995,3.693333333333334,2014.0,7658.22,5759.36,523.92,3980.72,285.48,1097.54,0.0
6,209.0,26.86,36.25,15.52,82.26,33.55,21.12,27.24,6.51,2014.0,209.0,15.08,28.8,0.0,49.42,25.38,13.24,19.99,1.69,2014.0,209.0,22.608666666666668,31.99866666666667,3.5780000000000003,64.27799999999999,29.543333333333326,17.29533333333333,23.469333333333328,3.4546666666666668,2014.0,7697.54,5453.72,474.7,3662.0,256.06,953.28,0.14
7,225.0,25.96,35.32,39.18,90.44,30.5,19.92,24.6,5.56,2014.0,225.0,5.08,28.22,0.0,58.2,23.35,12.66,19.59,1.95,2014.0,225.0,16.17857142857143,32.96666666666666,10.988666666666663,76.76666666666667,26.793333333333337,17.267333333333333,21.91,3.480666666666666,2014.0,7981.5,5397.08,383.26,3448.85,212.01,758.63,0.24
8,241.0,23.58,37.01,32.04,91.48,32.28,23.01,26.12,6.24,2014.0,241.0,5.8,29.52,0.0,73.74,22.14,13.69,18.22,2.41,2014.0,241.0,16.713333333333335,33.75666666666667,9.404,81.59533333333334,28.198666666666664,18.80933333333333,23.25666666666667,3.972666666666667,2014.0,7944.8,5310.22,383.91,3391.93,211.76,775.78,0.0
9,257.0,22.68,35.82,24.69,88.9,28.37,19.8,23.22,7.0,2014.0,257.0,7.27,22.64,0.0,66.18,12.29,2.35,9.36,2.0,2014.0,257.0,15.240666666666664,28.945333333333334,3.8700000000000006,76.10333333333334,21.659333333333333,10.040000000000001,15.884666666666664,4.231333333333334,2014.0,7231.87,4525.44,465.79,2988.03,256.8,836.06,0.01
10,273.0,17.75,32.54,46.01,95.51,26.86,15.07,20.44,8.62,2014.0,273.0,6.66,21.49,0.0,53.55,11.43,0.05,5.61,1.98,2014.0,273.0,13.768666666666666,28.88266666666667,5.300666666666667,72.566,21.611333333333338,10.106,15.69266666666667,4.417333333333333,2014.0,6905.12,4180.12,502.75,2829.45,266.58,952.54,0.0
11,289.0,16.63,30.56,11.75,95.3,20.79,9.73,14.08,9.82,2014.0,289.0,1.37,21.17,0.0,64.89,13.07,0.48,7.77,2.75,2014.0,289.0,11.073333333333334,25.81733333333333,2.174,76.58,16.870666666666665,5.541333333333333,10.808666666666666,4.663999999999999,2014.0,5789.85,3322.3,653.84,2511.95,339.62,1259.53,0.0
12,305.0,13.46,28.51,13.32,82.88,22.0,9.91,16.37,7.38,2014.0,305.0,4.25,18.11,0.0,59.22,5.74,-5.08,0.68,3.15,2014.0,305.0,10.833333333333336,24.079333333333334,1.306,68.47733333333333,14.072666666666665,2.269333333333334,7.786000000000001,5.558666666666666,2014.0,5261.73,2980.18,751.66,2434.22,387.47,1389.23,0.0
