,DOY,INSgdmax,RADmax,RAINmax,RHmax,TMAXmax,TMINmax,Tmax,WINDmax,YEAR,DOY,INSgdmin,RADmin,RAINmin,RHmin,TMAXmin,TMINmin,Tmin,WINDmin,YEAR,DOY,INSgdmean,RADmean,RAINmean,RHmean,TMAXmean,TMINmean,Tmean,WINDmean,YEAR,NDVI,EVI,RED,NIR,BLUE,MIR,pixrel
0,113.0,26.395000000000003,31.6006,19.806799999999996,91.87940000000002,24.949999999999996,14.355,18.063200000000002,9.969999999999999,2014.0,113.0,3.0982000000000003,22.2862,0.0,55.5524,8.862400000000001,-0.6434,4.572,3.4095999999999997,2014.0,113.0,16.543066666666668,27.619933333333336,3.6226,70.52761333333332,18.58378666666667,5.8898399999999995,12.380613333333333,6.110533333333333,2014.0,3432.35,2211.98,1294.46,2630.63,640.86,2523.14,1.36
1,129.0,27.4684,33.244,42.251000000000005,82.4702,31.1252,16.621000000000002,23.449399999999997,7.575000000000001,2014.0,129.0,5.0888,23.583199999999998,0.0,56.2754,12.608,0.1594,7.758000000000001,2.299,2014.0,129.0,19.923093333333334,28.207946666666665,3.9466,67.05724000000001,21.499413333333337,7.52716,14.887853333333332,5.470466666666667,2014.0,4007.43,2760.59,1322.96,3093.86,658.35,2789.93,0.23
2,145.0,28.1988,34.632200000000005,16.6026,84.94800000000001,29.571399999999997,19.352000000000004,23.6706,8.2566,2014.0,145.0,11.739199999999999,25.854999999999997,0.0,55.876,21.3344,5.0158000000000005,14.0772,2.7550000000000003,2014.0,145.0,21.275306666666665,32.24346666666666,2.469,73.29392000000001,26.597906666666663,15.179906666666668,20.96877333333333,4.124840000000001,2014.0,5146.88,3481.43,988.28,3094.76,509.98,2060.26,0.63
3,161.0,30.4058,36.9072,26.054000000000002,87.0796,30.631,21.6944,26.2226,8.601799999999999,2014.0,161.0,9.256,25.3078,0.0,55.729,21.044,8.8098,17.2068,2.1239999999999997,2014.0,161.0,21.025653333333334,31.61154666666667,7.959413333333334,74.23192,26.115706666666668,14.683040000000002,20.85026666666667,4.6776800000000005,2014.0,6833.92,4772.17,647.75,3458.7,350.79,1288.03,0.03
4,177.0,29.6622,35.461800000000004,30.1594,85.63640000000001,31.797200000000004,21.7136,25.4904,6.5618,2014.0,177.0,7.9564,27.5432,0.0,60.0696,20.4028,10.9454,16.468,1.9290000000000003,2014.0,177.0,19.821733333333334,32.98482666666666,7.75352,73.89902666666666,28.114786666666667,17.995253333333334,23.155079999999998,3.937293333333333,2014.0,7887.1,5733.57,444.22,3800.14,246.1,919.86,0.42
5,193.0,28.962400000000002,35.995000000000005,23.8754,84.4988,33.2576,21.245800000000003,26.7694,5.4616,2014.0,193.0,6.749600000000001,28.7438,0.0,52.969,24.0666,11.774999999999999,18.0306,1.1712,2014.0,193.0,22.87421333333333,31.791066666666666,4.504373333333334,65.22842666666666,28.358240000000002,16.454720000000002,22.551106666666666,3.6144266666666667,2014.0,8134.99,6639.41,463.63,4568.99,255.04,1023.34,0.28
6,209.0,27.217399999999998,36.1946,14.6288,72.8758,36.975,22.3168,29.0362,6.2584,2014.0,209.0,10.5228,29.0518,0.0,43.766999999999996,26.525800000000004,13.8378,20.623,1.7922000000000002,2014.0,209.0,22.62305333333333,32.407880000000006,2.9145333333333334,57.91753333333334,31.153280000000002,17.89102666666667,24.422306666666664,3.5901199999999993,2014.0,8167.91,6491.64,432.38,4371.7,249.03,855.06,0.45
7,225.0,26.129,35.8112,30.799999999999997,90.7774,32.851200000000006,21.005200000000002,26.5822,5.3758,2014.0,225.0,5.2341999999999995,27.986799999999995,0.0,55.965199999999996,23.2302,13.0994,19.4128,1.468,2014.0,225.0,17.43904285714286,33.013533333333335,8.343506666666666,73.82293333333334,27.634973333333335,17.557199999999998,22.389680000000002,3.2908,2014.0,8407.46,6513.35,356.56,4241.04,204.2,757.91,0.11
8,241.0,23.4284,37.1934,27.162999999999997,87.57339999999999,35.6854,23.317999999999998,28.743,6.486599999999999,2014.0,241.0,4.401200000000001,28.5638,0.0,53.56999999999999,21.7774,13.7148,17.988,2.309,2014.0,241.0,16.210173333333334,33.82213333333333,9.704546666666666,71.78701333333333,30.00365333333333,19.46368,24.42813333333333,4.10184,2014.0,8247.22,6012.54,362.1,3870.56,201.61,760.3,0.0
9,257.0,23.028799999999997,35.663399999999996,26.940399999999997,85.21860000000001,30.230400000000003,20.410400000000003,24.4024,6.487,2014.0,257.0,6.623600000000001,23.1154,0.0,60.0956,12.666400000000001,3.3196000000000003,9.655000000000001,2.4154,2014.0,257.0,15.335333333333335,29.308439999999997,3.7751733333333335,73.26368,22.686586666666667,10.636039999999998,16.640079999999998,4.2024799999999995,2014.0,5986.27,3849.36,726.06,2944.97,390.89,1141.13,0.0
10,273.0,18.3584,33.16839999999999,41.010999999999996,91.9124,27.9792,16.4854,20.9488,8.605599999999999,2014.0,273.0,2.5018000000000002,22.284399999999998,0.0,51.7858,11.920399999999999,0.30540000000000006,5.6894,2.0866000000000002,2014.0,273.0,13.764479999999999,28.917186666666666,5.911826666666666,69.20808,22.559266666666666,10.735973333333334,16.323826666666665,4.341119999999999,2014.0,5231.18,2799.54,682.6,2236.47,333.08,1346.57,0.0
11,289.0,16.927200000000003,30.4834,11.2954,93.4044,21.814799999999998,10.7562,15.5364,9.7666,2014.0,289.0,1.7284000000000002,21.2006,0.0,61.830799999999996,11.866800000000001,0.7114,8.0962,2.6532,2014.0,289.0,12.511946666666667,25.61930666666666,1.7738,72.98628,17.70621333333333,6.332133333333335,11.605586666666667,4.565200000000001,2014.0,4153.2,2375.81,965.41,2342.54,484.83,1695.94,0.04
12,305.0,13.7162,28.8828,10.306999999999999,79.60040000000001,24.468999999999998,9.5044,16.2286,8.102,2014.0,305.0,5.6974,18.6174,0.0,54.6452,6.534,-4.225,1.2611999999999999,3.0744,2014.0,305.0,11.180706666666667,24.21933333333333,1.0151866666666667,65.00850666666668,14.976439999999997,2.969266666666667,8.450199999999999,5.58732,2014.0,3437.21,2357.96,1371.26,2793.02,695.49,2133.8,1.36
