,DOY,INSgdmax,RADmax,RAINmax,RHmax,TMAXmax,TMINmax,Tmax,WINDmax,YEAR,DOY,INSgdmin,RADmin,RAINmin,RHmin,TMAXmin,TMINmin,Tmin,WINDmin,YEAR,DOY,INSgdmean,RADmean,RAINmean,RHmean,TMAXmean,TMINmean,Tmean,WINDmean,YEAR,NDVI,EVI,RED,NIR,BLUE,MIR,pixrel
0,113.0,26.24,31.014000000000003,22.500999999999998,95.35000000000001,23.282,10.720999999999998,16.579,9.877,2014.0,113.0,4.439,22.1,0.0,57.510999999999996,6.176,-2.62,3.6029999999999998,3.097,2014.0,113.0,15.526400000000002,27.055799999999994,5.197266666666667,75.13006666666666,16.569666666666667,3.925466666666667,10.440466666666666,6.707466666666666,2014.0,4222.12,2021.14,756.19,1844.3,385.02,1305.21,0.07
1,129.0,25.952,32.076,29.840999999999998,87.67599999999999,29.767,13.169,21.344,7.741999999999999,2014.0,129.0,6.859999999999999,24.026000000000003,0.0,56.565000000000005,10.092,-0.6950000000000001,6.026999999999999,2.722,2014.0,129.0,18.562800000000003,27.49433333333333,3.5550000000000006,70.07493333333335,19.4722,5.572800000000001,12.91706666666667,5.673,2014.0,4419.46,1862.35,614.1,1573.7,316.57,1053.15,0.02
2,145.0,28.352,34.659000000000006,12.249,86.16,28.836,18.864,23.373,7.129,2014.0,145.0,9.923000000000002,25.281,0.0,58.126999999999995,20.796,3.6890000000000005,13.456000000000001,2.646,2014.0,145.0,21.948733333333333,31.357666666666667,2.2668,74.84406666666666,25.489000000000004,13.881533333333334,19.798599999999997,4.324666666666666,2014.0,6538.81,3717.57,520.5,2541.02,286.17,889.41,0.66
3,161.0,29.376,36.589,20.51,87.078,29.373999999999995,20.665,25.302,8.634000000000002,2014.0,161.0,8.125,25.682,0.0,56.017,20.052,8.316,16.357,2.2560000000000002,2014.0,161.0,19.07326666666667,31.038400000000003,8.154333333333334,73.44373333333333,25.175066666666662,13.201933333333335,19.74053333333334,4.700933333333333,2014.0,7507.22,4473.35,384.97,2814.86,215.67,692.14,0.01
4,177.0,29.108,35.179,38.475,90.908,30.272,20.519,24.034000000000002,7.599,2014.0,177.0,11.167,27.97,0.0,64.148,21.113,10.158999999999999,15.584999999999999,1.754,2014.0,177.0,19.58746666666667,32.626400000000004,7.726933333333334,78.28100000000002,26.47673333333333,16.5548,21.707733333333337,4.014866666666666,2014.0,7974.39,4997.82,342.13,3109.46,195.45,613.06,0.81
5,193.0,28.375,36.027,19.549999999999997,89.00299999999999,30.855000000000004,20.091,25.031,5.967999999999999,2014.0,193.0,4.639,27.803,0.0,61.846999999999994,21.165,10.432999999999998,16.5,1.353,2014.0,193.0,21.529933333333332,31.266800000000003,3.573933333333333,73.27513333333334,26.001266666666666,15.151933333333332,20.829200000000007,3.9366000000000003,2014.0,7876.25,5000.17,369.44,3138.43,210.08,665.51,0.74
6,209.0,26.752000000000002,36.763000000000005,11.557999999999998,82.60499999999999,31.509,20.468,25.955,6.627,2014.0,209.0,9.43,28.03,0.0,59.269999999999996,22.836999999999996,12.274000000000001,18.608,1.706,2014.0,209.0,20.5812,31.557133333333333,2.477733333333333,69.28099999999999,27.349066666666673,16.288533333333337,22.147066666666674,3.2912,2014.0,7974.67,4744.41,321.27,2884.83,181.84,598.51,0.53
7,225.0,25.840999999999998,35.554,22.708,90.82000000000001,30.451,19.313999999999997,24.573999999999998,6.153,2014.0,225.0,5.519,27.376,0.0,60.208,22.719,12.303,18.766,1.951,2014.0,225.0,17.394285714285715,32.586866666666666,5.8836666666666675,76.29060000000001,26.18946666666666,16.862533333333335,21.533266666666666,3.541866666666667,2014.0,7823.93,4527.89,329.05,2754.58,187.1,571.21,0.0
8,241.0,22.788,36.637,23.375999999999998,93.03,32.26199999999999,21.887999999999998,26.552,6.406999999999999,2014.0,241.0,5.803,29.174,0.0,59.34100000000001,19.062,10.77,16.106,1.828,2014.0,241.0,15.852733333333335,33.27046666666667,8.252533333333332,77.07606666666666,26.995200000000008,17.58346666666667,22.290200000000002,4.053733333333333,2014.0,7640.39,3893.6,307.6,2328.86,166.94,553.32,0.0
9,257.0,22.446,33.898,15.408000000000001,90.976,27.061000000000003,17.926,21.741,7.535,2014.0,257.0,4.765000000000001,24.43,0.0,63.459,11.7,1.8079999999999998,8.389,2.344,2014.0,257.0,14.946666666666664,28.526200000000003,3.471133333333333,74.39553333333333,20.965400000000002,9.2242,15.261666666666667,4.392133333333334,2014.0,6355.82,3088.94,463.23,2076.65,245.17,666.29,0.01
10,273.0,17.329,32.206,27.48,93.795,27.133,15.771000000000003,20.615999999999996,9.21,2014.0,273.0,3.1210000000000004,22.475,0.0,53.958,10.419,-0.367,4.862,2.7260000000000004,2014.0,273.0,13.248933333333333,28.61466666666667,4.1542,73.40893333333334,20.725,9.609599999999995,14.974333333333336,4.780133333333332,2014.0,5859.8,2616.08,481.37,1830.77,244.97,732.93,0.0
11,289.0,16.229,30.031,10.152000000000001,93.918,20.298,9.753,14.016,8.945,2014.0,289.0,1.6310000000000002,20.979,0.0,64.984,11.406,-0.156,6.68,2.8,2014.0,289.0,12.639533333333334,25.08493333333334,1.3781333333333334,73.51433333333333,16.82153333333333,4.894,10.375133333333334,4.6601333333333335,2014.0,4998.45,1893.14,486.34,1437.55,243.47,912.59,0.0
12,305.0,13.030000000000001,28.613000000000003,4.4190000000000005,83.032,19.927999999999997,8.043000000000001,13.594999999999999,7.635,2014.0,305.0,4.091,17.428000000000004,0.0,58.133,5.053999999999999,-4.7490000000000006,-0.541,3.339,2014.0,305.0,10.078533333333333,24.232533333333336,0.8212666666666666,67.52766666666665,13.015333333333334,1.5798666666666665,6.7486,5.657533333333333,2014.0,5007.54,1857.87,481.42,1407.48,245.15,943.7,0.04
