,DOY,INSgdmax,RADmax,RAINmax,RHmax,TMAXmax,TMINmax,Tmax,WINDmax,YEAR,DOY,INSgdmin,RADmin,RAINmin,RHmin,TMAXmin,TMINmin,Tmin,WINDmin,YEAR,DOY,INSgdmean,RADmean,RAINmean,RHmean,TMAXmean,TMINmean,Tmean,WINDmean,YEAR,NDVI,EVI,RED,NIR,BLUE,MIR,pixrel
0,113.0,26.3339,31.496399999999998,17.1809,93.0843,24.646500000000003,12.084900000000001,17.454099999999997,9.7835,2014.0,113.0,3.4601,22.4914,0.0,57.5841,8.2153,-1.3859,5.062799999999999,3.6372999999999998,2014.0,113.0,15.882353333333338,27.516473333333334,3.3639799999999997,72.44183333333332,18.113126666666666,5.2215266666666675,11.83082,6.13964,2014.0,4933.22,3104.06,930.14,2738.56,483.35,1880.82,0.95
1,129.0,26.8819,33.168099999999995,37.9001,86.5793,30.1638,15.917000000000002,22.8783,7.494,2014.0,129.0,5.968500000000001,24.0953,0.0,58.07249999999999,11.6039,0.3625,7.522600000000001,2.377,2014.0,129.0,19.14356,28.100813333333328,3.89016,69.65444000000001,20.604213333333334,7.117226666666667,14.261533333333334,5.49154,2014.0,5705.1,3993.48,908.85,3323.19,482.09,1919.48,0.29
2,145.0,28.4568,34.649,16.534799999999997,85.55939999999998,29.040599999999998,19.2358,23.649700000000003,7.734,2014.0,145.0,14.360399999999998,25.686099999999996,0.0,57.3233,20.9322,4.1906,13.7588,2.7426,2014.0,145.0,21.448100000000004,31.961986666666665,2.965453333333333,74.61181333333334,26.086113333333333,14.745146666666665,20.537726666666668,4.125666666666667,2014.0,6895.04,4868.29,627.5,3503.49,340.09,1329.97,0.14
3,161.0,30.124200000000002,36.8482,42.805,87.77770000000001,29.784299999999998,21.1161,25.7667,8.214500000000001,2014.0,161.0,5.659599999999999,25.3253,0.0,56.2388,20.8946,8.6915,17.0821,2.072,2014.0,161.0,20.3805,31.448373333333336,9.369646666666668,74.3349,25.74214,14.179373333333334,20.486313333333335,4.571386666666667,2014.0,7162.47,5366.04,628.92,3872.59,340.29,1323.88,0.04
4,177.0,29.644699999999997,35.4135,29.8943,87.76249999999999,31.1456,21.3417,24.9298,6.6495,2014.0,177.0,5.0278,27.7564,0.0,63.0398,19.8891,10.583099999999998,15.8798,1.9139,2014.0,177.0,18.84796,32.92367333333333,8.002833333333331,76.91270666666665,27.41946666666667,17.591446666666663,22.68046,3.929826666666666,2014.0,7947.78,5561.13,409.15,3607.66,225.93,872.16,0.87
5,193.0,28.8874,36.0904,21.663899999999998,86.2133,31.3015,20.870800000000003,25.704300000000003,5.7051,2014.0,193.0,5.6068,28.73,0.0,57.327799999999996,22.9664,11.479,17.436700000000002,1.2610999999999999,2014.0,193.0,22.127946666666666,31.649326666666667,4.21986,69.15484666666666,27.30077333333334,15.937980000000003,21.892399999999995,3.6868733333333337,2014.0,7845.06,6097.21,500.38,4199.88,274.8,1071.75,0.02
6,209.0,26.5285,36.1021,14.061399999999999,79.0623,34.6516,21.3597,27.6939,6.489599999999999,2014.0,209.0,11.775199999999998,28.6164,0.0,47.7217,25.558500000000002,13.209399999999999,19.949199999999998,1.7257000000000002,2014.0,209.0,22.221406666666667,32.10304666666667,3.4382600000000005,62.089079999999996,29.86361333333333,17.35687333333333,23.634573333333336,3.5107666666666666,2014.0,8075.4,6079.62,433.01,4051.11,241.21,865.84,0.6
7,225.0,26.011,35.5189,36.1965,90.6848,30.7091,20.0934,24.890700000000002,5.529400000000001,2014.0,225.0,5.4472000000000005,27.965,0.0,58.0878,22.8502,12.6753,19.2228,1.6338,2014.0,225.0,16.59167142857143,32.87248666666667,9.885026666666665,76.61196666666666,26.643733333333337,17.238433333333333,21.82432,3.4119866666666665,2014.0,8165.47,5654.15,357.3,3586.92,198.46,693.97,0.04
8,241.0,23.375999999999998,36.9182,27.8988,90.8272,32.9634,22.8621,26.7422,6.1992,2014.0,241.0,4.9177,29.0253,0.0,67.79339999999999,21.0894,13.2616,17.5621,2.206,2014.0,241.0,16.451873333333335,33.65398666666667,9.3513,79.54717333333333,28.213966666666664,18.73453333333333,23.248846666666665,3.9750466666666666,2014.0,7963.72,5544.84,403.89,3595.48,220.92,801.16,0.0
9,257.0,22.792199999999998,35.6721,23.2008,88.3339,28.3241,19.5858,23.1333,6.8674,2014.0,257.0,7.2547,23.1194,0.0,65.22120000000001,12.1676,2.5489,9.2172,2.2142,2014.0,257.0,15.304586666666665,28.93955333333333,4.02402,75.60727333333332,21.67055333333333,10.02946,15.906766666666664,4.235073333333333,2014.0,6966.64,4340.77,513.86,2934.92,280.1,908.77,0.06
10,273.0,17.9336,32.6165,41.501599999999996,94.2758,26.956899999999997,15.4423,20.3992,8.7628,2014.0,273.0,4.3446,22.096899999999998,0.0,53.8866,11.271899999999999,-0.1693,5.324400000000001,2.1024000000000003,2014.0,273.0,13.581666666666667,28.854446666666664,5.327866666666667,72.3671,21.607593333333334,10.11824,15.667506666666668,4.447593333333332,2014.0,6222.76,3670.47,587.8,2636.96,302.16,1157.93,0.0
11,289.0,16.7065,30.4529,10.5821,94.4177,20.8716,10.0258,14.625699999999998,9.743500000000001,2014.0,289.0,1.4261000000000001,21.042500000000004,0.0,63.686400000000006,12.437600000000002,0.4596,7.7088,2.7194,2014.0,289.0,11.877093333333335,25.610613333333326,1.81428,74.6726,17.118186666666666,5.6834533333333335,10.995666666666665,4.640199999999999,2014.0,5159.86,2977.44,779.83,2468.9,395.09,1522.73,0.01
12,305.0,13.4804,28.657899999999998,10.2702,82.44139999999999,22.4029,9.4357,15.7325,7.7013,2014.0,305.0,4.7090000000000005,18.089599999999997,0.0,57.5625,5.8165,-4.5853,0.5729,3.1959,2014.0,305.0,10.868013333333334,24.08035333333333,1.09622,67.24687333333334,14.123666666666665,2.381533333333334,7.79552,5.610346666666667,2014.0,4577.01,2672.38,916.41,2457.5,468.2,1636.84,0.03
