,DOY,INSgdmax,RADmax,RAINmax,RHmax,TMAXmax,TMINmax,Tmax,WINDmax,YEAR,DOY,INSgdmin,RADmin,RAINmin,RHmin,TMAXmin,TMINmin,Tmin,WINDmin,YEAR,DOY,INSgdmean,RADmean,RAINmean,RHmean,TMAXmean,TMINmean,Tmean,WINDmean,YEAR,NDVI,EVI,RED,NIR,BLUE,MIR,pixrel
0,113.0,26.53,31.93,22.55,89.93,25.22,15.3,18.83,9.7,2014.0,113.0,2.38,22.54,0.0,55.52,10.18,0.28,4.41,3.01,2014.0,113.0,16.780666666666665,27.733333333333334,3.448000000000001,69.42133333333332,19.090666666666667,6.414,12.921333333333331,5.905333333333332,2014.0,2996.58,1933.57,1448.31,2683.94,693.15,2911.13,1.1
1,129.0,27.76,33.73,46.49,79.7,31.46,17.62,23.93,7.44,2014.0,129.0,4.43,23.54,0.0,55.46,13.85,0.64,8.46,2.38,2014.0,129.0,20.403333333333332,28.478666666666673,4.042,65.632,22.461333333333336,8.398,15.803333333333333,5.414666666666665,2014.0,3398.72,2267.12,1439.61,2917.92,692.73,2997.46,0.44
2,145.0,28.08,34.67,13.53,84.84,30.16,19.73,24.0,8.64,2014.0,145.0,10.94,25.99,0.0,54.85,21.68,5.95,14.52,2.62,2014.0,145.0,21.392666666666663,32.574666666666666,1.9560000000000002,72.908,27.13466666666666,15.662666666666667,21.471333333333334,4.0280000000000005,2014.0,4226.58,2784.13,1174.01,2891.83,600.81,2323.32,1.02
3,161.0,31.07,37.08,26.81,86.68,31.09,22.31,26.66,8.51,2014.0,161.0,11.2,25.27,0.0,56.35,21.53,9.15,17.52,2.07,2014.0,161.0,21.543333333333337,31.896666666666665,7.8773333333333335,74.69200000000001,26.488666666666667,15.272,21.278666666666666,4.646,2014.0,6642.45,4307.94,618.34,3090.48,327.3,1183.62,0.01
4,177.0,29.7,36.18,28.21,85.01,32.24,22.34,26.16,6.2,2014.0,177.0,9.22,27.5,0.0,58.32,20.77,11.48,17.17,2.01,2014.0,177.0,19.663333333333334,33.32466666666667,8.084000000000001,72.31466666666665,28.84666666666667,18.635333333333335,23.82,3.879333333333333,2014.0,7718.12,6015.09,536.93,4212.18,288.63,1124.21,0.88
5,193.0,29.2,35.86,27.11,85.46,35.18,21.64,28.06,5.17,2014.0,193.0,7.7,28.76,0.0,51.43,24.99,12.18,18.63,1.29,2014.0,193.0,23.75333333333333,31.938666666666663,5.057333333333333,63.35066666666667,29.209999999999994,17.12,23.224666666666668,3.536666666666666,2014.0,8294.85,6994.62,427.97,4810.48,232.63,981.39,0.78
6,209.0,28.4,36.47,16.94,69.22,38.46,23.17,30.1,6.01,2014.0,209.0,12.78,29.77,0.0,41.04,27.46,14.61,21.46,1.83,2014.0,209.0,23.531333333333333,32.648,2.457333333333333,55.489333333333335,32.306000000000004,18.448666666666668,25.160666666666668,3.619999999999999,2014.0,8350.95,6854.59,402.53,4633.1,219.76,897.88,0.31
7,225.0,26.21,35.93,27.83,90.61,35.13,21.88,28.24,5.23,2014.0,225.0,4.57,28.3,0.0,53.6,24.24,13.58,20.05,1.63,2014.0,225.0,17.967857142857145,33.285333333333334,7.778666666666667,70.72333333333334,28.967333333333332,17.964,23.15,3.226000000000001,2014.0,8604.11,6765.43,319.65,4388.03,175.75,742.88,0.03
8,241.0,23.72,37.62,30.97,84.49,38.11,24.02,30.39,6.87,2014.0,241.0,4.79,28.58,0.0,43.58,23.77,14.73,19.23,2.66,2014.0,241.0,16.22133333333333,34.13533333333333,10.178666666666667,64.98733333333332,32.087333333333326,20.404,25.82133333333333,4.248,2014.0,8536.34,6309.47,310.43,4002.86,169.89,702.12,0.0
9,257.0,23.18,35.82,33.01,82.2,32.52,21.62,25.99,6.19,2014.0,257.0,5.9,22.57,0.0,55.16,13.39,4.0,10.33,2.41,2014.0,257.0,15.299333333333333,29.748,3.309333333333333,71.07199999999999,23.866666666666664,11.359999999999998,17.476,4.159999999999999,2014.0,5940.36,3881.93,757.35,3027.79,398.28,1112.02,0.01
10,273.0,18.65,33.73,45.52,90.53,29.07,17.29,21.64,8.26,2014.0,273.0,2.95,21.82,0.0,48.94,12.86,1.11,6.44,1.93,2014.0,273.0,14.190000000000003,29.02266666666667,6.566666666666666,65.72399999999999,23.68066666666666,11.447333333333336,17.122666666666664,4.182,2014.0,4926.46,2595.08,717.26,2165.09,342.01,1377.14,0.0
11,289.0,17.1,30.64,13.45,93.21,22.83,11.28,15.99,9.88,2014.0,289.0,2.02,21.53,0.0,61.01,11.91,1.03,8.62,2.61,2014.0,289.0,12.350666666666665,25.862666666666666,2.132,73.15799999999999,18.11733333333333,6.9333333333333345,12.110666666666669,4.5040000000000004,2014.0,3692.95,2064.43,1038.52,2252.89,499.5,1756.25,0.03
12,305.0,13.97,28.98,13.79,76.76,26.44,10.12,17.53,8.21,2014.0,305.0,6.34,19.26,0.0,53.09,7.29,-4.36,2.19,2.88,2014.0,305.0,11.508666666666668,24.381333333333327,1.1566666666666665,63.768666666666675,15.919999999999995,3.5326666666666657,9.208,5.501999999999999,2014.0,3282.49,2082.14,1365.04,2660.1,675.68,2092.9,0.32
