,DOY,INSgdmax,RADmax,RAINmax,RHmax,TMAXmax,TMINmax,Tmax,WINDmax,YEAR,DOY,INSgdmin,RADmin,RAINmin,RHmin,TMAXmin,TMINmin,Tmin,WINDmin,YEAR,DOY,INSgdmean,RADmean,RAINmean,RHmean,TMAXmean,TMINmean,Tmean,WINDmean,YEAR,NDVI,EVI,RED,NIR,BLUE,MIR,pixrel
0,113.0,26.115000000000002,30.515,13.0975,92.9,23.912499999999998,13.0525,16.33,10.325,2014.0,113.0,6.207500000000001,22.63,0.0,48.64,7.465,-4.029999999999999,3.6075000000000004,2.475,2014.0,113.0,18.164499999999997,27.03033333333333,3.2039999999999997,68.10749999999999,18.0115,5.0965,11.585499999999996,6.978000000000001,2014.0,2845.68,1813.36,1420.22,2540.85,723.9,2768.63,0.92
1,129.0,27.9175,31.8075,21.94,83.6625,30.955,14.0225,21.3775,8.43,2014.0,129.0,6.7075,22.64,0.0,51.3675,11.372499999999999,-0.20249999999999999,6.1,2.0775,2014.0,129.0,19.880000000000003,27.348833333333335,2.4743333333333335,64.37266666666667,19.99866666666667,5.676666666666666,12.811500000000002,5.715499999999999,2014.0,3358.6,2014.83,1198.73,2405.38,610.51,2460.21,0.03
2,145.0,28.917499999999997,34.5125,22.3025,81.36749999999999,29.4875,18.535,23.787499999999998,6.8475,2014.0,145.0,9.92,26.99,0.0,58.4275,20.714999999999996,4.4399999999999995,13.54,2.195,2014.0,145.0,20.838333333333335,31.683166666666665,4.2835,70.00483333333334,26.39583333333333,14.207,20.45566666666667,4.298833333333333,2014.0,4368.8,2643.03,996.07,2538.5,514.98,2030.6,0.3
3,161.0,29.337500000000002,36.8225,23.909999999999997,84.1,32.182500000000005,20.5325,26.29,9.3275,2014.0,161.0,5.9075,26.455,0.0,46.504999999999995,19.6425,8.712499999999999,16.505,2.17,2014.0,161.0,19.981666666666666,31.411,8.516,67.84633333333332,26.076000000000004,13.80133333333333,20.32133333333333,5.058666666666667,2014.0,6061.52,4372.64,827.28,3495.42,434.16,1703.25,0.66
4,177.0,29.060000000000002,35.525000000000006,21.895,84.16,32.75,20.65,24.48,8.0925,2014.0,177.0,10.64,28.555,0.0,57.7425,22.9375,10.9575,17.21,2.0725,2014.0,177.0,20.137833333333333,32.48833333333334,7.341666666666665,70.13033333333333,27.500666666666667,16.702499999999997,22.27583333333333,4.1815,2014.0,7958.81,5556.49,380.04,3580.94,206.23,777.62,0.85
5,193.0,28.39,36.927499999999995,14.649999999999999,82.68,31.17,20.2275,24.8825,6.09,2014.0,193.0,5.845,27.47,0.0,52.2075,22.625,11.0525,17.48,1.405,2014.0,193.0,21.43733333333334,31.44733333333333,3.0613333333333337,64.06583333333333,27.579666666666668,15.817166666666665,21.889500000000005,4.112499999999999,2014.0,8162.8,6193.36,384.77,4078.34,211.4,815.77,0.11
6,209.0,27.7625,35.755,2.8425000000000002,71.6375,36.052499999999995,21.627499999999998,28.715,6.575,2014.0,209.0,12.5,28.42,0.0,48.7275,24.862499999999997,13.147499999999999,19.4725,2.065,2014.0,209.0,21.00983333333333,31.86016666666667,0.6918333333333333,58.948,29.53833333333333,17.122833333333332,23.440166666666663,3.588333333333333,2014.0,8255.88,6647.19,411.12,4490.85,224.39,871.03,0.17
7,225.0,26.245,36.1325,26.475,87.61250000000001,31.932500000000005,20.18,25.3825,5.9975,2014.0,225.0,4.2675,27.3425,0.0,56.735,23.68,12.035,19.385,1.895,2014.0,225.0,18.115892857142857,32.98516666666667,5.693333333333333,72.78399999999999,27.24683333333333,17.142333333333333,22.1975,3.5658333333333325,2014.0,8060.7,5885.06,395.85,3851.11,217.18,790.45,0.06
8,241.0,22.925,36.8075,17.717499999999998,90.935,33.5025,21.6,26.805,6.9425,2014.0,241.0,5.58,28.525,0.0,51.30999999999999,19.197500000000005,11.0275,15.9875,2.4175000000000004,2014.0,241.0,14.399666666666668,32.979166666666664,6.522999999999999,70.96216666666669,27.191166666666668,17.470999999999997,22.22066666666667,4.0215,2014.0,7774.21,5152.17,381.65,3311.35,204.07,794.8,0.0
9,257.0,22.225,32.39,10.5375,85.7225,30.1475,16.775,21.855,7.2375,2014.0,257.0,6.41,22.782500000000002,0.0,55.769999999999996,13.167499999999999,2.5325,8.93,2.415,2014.0,257.0,15.949833333333334,28.552999999999997,2.2518333333333334,68.81233333333333,22.15216666666667,9.874166666666666,15.925,4.558666666666667,2014.0,5899.74,3523.19,657.83,2649.41,344.46,1066.39,0.01
10,273.0,18.3425,31.9175,12.592500000000001,89.4125,28.15,14.875,20.442500000000003,10.175,2014.0,273.0,1.81,22.627499999999998,0.0,45.9175,10.835,-0.155,5.1875,2.71,2014.0,273.0,13.201500000000001,28.2755,2.606333333333334,71.34716666666667,21.065,10.166000000000002,15.337833333333336,5.010500000000001,2014.0,4335.74,2196.43,782.3,1988.78,394.17,1405.92,0.01
11,289.0,16.410000000000004,29.455,12.045,81.4525,23.155,9.627500000000001,15.0425,7.6025,2014.0,289.0,3.2775,21.005,0.0,56.67,12.834999999999997,0.5775,6.9825,2.67,2014.0,289.0,13.229333333333333,24.945000000000007,1.0676666666666665,66.43766666666666,18.016000000000002,5.484333333333334,11.1925,4.734166666666667,2014.0,3699.6,1891.07,922.53,1992.56,451.0,1645.89,0.0
12,305.0,13.165000000000001,27.8825,2.9225,85.16749999999999,22.2425,7.5775,14.155000000000001,8.0775,2014.0,305.0,4.97,17.564999999999998,0.0,50.2575,5.6899999999999995,-5.245,0.115,3.1125,2014.0,305.0,10.556833333333334,24.157333333333334,0.40983333333333327,63.19883333333333,13.798666666666666,1.8508333333333336,7.3705,5.737500000000001,2014.0,3046.4,1708.97,1165.53,2176.63,593.17,1920.99,0.07
