,DOY,INSgdmax,RADmax,RAINmax,RHmax,TMAXmax,TMINmax,Tmax,WINDmax,YEAR,DOY,INSgdmin,RADmin,RAINmin,RHmin,TMAXmin,TMINmin,Tmin,WINDmin,YEAR,DOY,INSgdmean,RADmean,RAINmean,RHmean,TMAXmean,TMINmean,Tmean,WINDmean,YEAR,NDVI,EVI,RED,NIR,BLUE,MIR,pixrel
0,113.0,26.32,31.43,21.98,92.34,24.19,10.62,17.08,10.8,2014.0,113.0,3.56,22.32,0.0,62.76,7.43,-2.43,4.22,3.67,2014.0,113.0,14.986,27.082000000000004,4.780666666666667,76.53866666666666,16.179333333333336,3.1566666666666667,9.753333333333332,6.713333333333334,2014.0,5091.78,2447.15,716.18,2025.99,408.69,1075.97,0.29
1,129.0,26.21,33.3,24.93,94.94,27.59,16.74,20.69,8.21,2014.0,129.0,4.36,24.52,0.0,62.99,10.01,1.45,7.34,2.86,2014.0,129.0,16.550666666666665,28.168666666666663,4.0553333333333335,74.06266666666667,18.921333333333333,6.633333333333335,13.205333333333334,5.586666666666668,2014.0,5778.76,2701.64,532.19,1953.67,267.75,933.35,0.06
2,145.0,28.84,35.17,10.67,84.9,28.77,19.47,23.89,7.48,2014.0,145.0,12.64,25.27,0.0,59.99,20.31,3.65,13.06,3.28,2014.0,145.0,22.956666666666663,30.900666666666663,1.4473333333333331,77.31533333333331,25.087999999999997,13.456,19.444,4.348,2014.0,6996.19,3686.32,415.48,2380.29,219.58,720.41,0.03
3,161.0,30.42,35.78,54.67,87.07,28.44,20.76,25.03,7.28,2014.0,161.0,3.17,25.2,0.0,58.55,21.44,8.56,16.83,2.03,2014.0,161.0,20.728666666666673,30.828666666666663,10.01,74.92666666666668,24.790000000000006,13.266666666666662,19.52733333333333,4.42,2014.0,8098.43,4846.23,301.76,2915.81,171.94,522.89,0.0
4,177.0,29.84,35.42,35.56,91.05,29.59,21.36,24.42,7.06,2014.0,177.0,3.42,27.61,0.0,64.25,20.01,9.94,15.7,2.59,2014.0,177.0,17.474666666666668,32.82066666666667,9.154,80.134,26.74333333333333,17.279333333333334,22.218666666666664,4.091333333333333,2014.0,8267.83,5381.75,312.83,3314.58,176.63,572.2,0.17
5,193.0,28.87,35.5,22.71,88.86,29.38,19.94,24.75,6.15,2014.0,193.0,7.06,28.48,0.0,67.22,20.6,10.41,15.74,1.88,2014.0,193.0,20.612,31.332666666666668,3.932666666666667,77.004,25.408666666666672,15.257333333333332,20.674,3.9619999999999993,2014.0,8183.46,5052.5,305.41,3068.75,172.42,540.29,0.89
6,209.0,27.04,34.99,16.92,87.88,30.99,19.94,25.52,6.64,2014.0,209.0,13.64,28.48,0.0,66.39,21.66,12.06,17.48,1.4,2014.0,209.0,22.46,31.240666666666655,2.888666666666667,75.14000000000001,26.656,15.963333333333333,21.755333333333336,3.3899999999999992,2014.0,8177.24,5166.63,317.28,3158.31,181.46,567.91,0.23
7,225.0,24.62,34.56,13.7,90.67,29.1,18.4,23.67,5.72,2014.0,225.0,7.78,27.9,0.0,70.31,22.45,12.75,18.61,2.01,2014.0,225.0,17.52357142857143,32.33266666666666,5.063999999999999,78.66333333333334,26.128666666666668,16.321333333333335,21.331333333333326,3.434666666666666,2014.0,8145.62,4665.57,283.71,2763.56,161.59,481.08,0.01
8,241.0,23.36,36.43,21.62,89.86,32.28,22.85,26.62,6.24,2014.0,241.0,7.74,28.69,0.0,68.62,22.36,12.7,17.77,2.16,2014.0,241.0,17.855333333333327,33.22933333333334,5.734666666666667,79.59533333333334,27.877333333333336,18.175333333333334,22.879999999999995,4.040666666666667,2014.0,8083.21,4389.83,273.36,2581.21,150.56,492.67,0.0
9,257.0,21.31,35.14,14.44,92.12,27.22,18.92,21.87,7.55,2014.0,257.0,3.38,22.0,0.0,65.74,11.72,1.32,8.22,2.12,2014.0,257.0,14.740666666666668,28.32066666666667,2.8033333333333332,75.82466666666666,20.816666666666666,8.943999999999999,14.946666666666665,4.398666666666666,2014.0,6893.46,3510.98,418.87,2258.85,227.55,645.91,0.0
10,273.0,17.21,32.36,33.71,97.72,26.98,15.55,20.58,8.97,2014.0,273.0,2.7,23.62,0.0,56.14,10.84,1.0,5.64,1.9,2014.0,273.0,12.595333333333336,28.680000000000003,3.1259999999999994,72.77933333333334,20.56533333333333,9.358666666666664,14.722666666666663,4.5906666666666665,2014.0,6517.74,2924.08,402.32,1897.06,208.86,608.16,0.0
11,289.0,16.02,29.84,17.59,96.06,20.12,8.65,12.65,9.76,2014.0,289.0,1.15,21.42,0.0,62.15,11.73,0.07,7.21,2.84,2014.0,289.0,10.939333333333334,25.14333333333333,2.4193333333333333,78.67533333333334,15.621333333333332,4.494666666666666,9.642000000000001,4.828666666666667,2014.0,5816.31,2467.54,455.96,1722.38,221.23,665.63,0.0
12,305.0,13.0,28.3,11.7,87.58,21.94,8.64,15.18,7.22,2014.0,305.0,3.67,17.78,0.0,62.24,4.69,-5.49,-0.34,3.41,2014.0,305.0,9.466,24.264,1.2873333333333334,70.96599999999998,12.524,1.008,6.44,5.589333333333332,2014.0,6283.12,2330.61,344.36,1498.17,167.91,690.45,0.02
