,DOY,INSgdmax,RADmax,RAINmax,RHmax,TMAXmax,TMINmax,Tmax,WINDmax,YEAR,DOY,INSgdmin,RADmin,RAINmin,RHmin,TMAXmin,TMINmin,Tmin,WINDmin,YEAR,DOY,INSgdmean,RADmean,RAINmean,RHmean,TMAXmean,TMINmean,Tmean,WINDmean,YEAR,NDVI,EVI,RED,NIR,BLUE,MIR,pixrel
0,113.0,26.46,31.07,14.56,87.81,24.27,9.67,16.63,9.67,2014.0,113.0,4.68,21.82,0.0,59.96,11.08,-1.5,6.4,3.22,2014.0,113.0,17.563333333333336,26.82533333333333,2.948,73.67466666666665,17.78533333333333,4.657333333333333,11.354666666666667,5.938666666666666,2014.0,2589.43,1491.21,1574.19,2356.25,1429.81,945.57,2.23
1,129.0,26.35,34.42,27.79,90.06,27.91,19.15,22.09,7.58,2014.0,129.0,7.96,25.34,0.0,60.0,12.02,2.99,8.42,3.76,2014.0,129.0,18.196000000000005,28.852666666666668,4.55,73.35266666666666,20.15266666666667,8.892,14.72,5.642666666666668,2014.0,4810.0,1984.1,514.1,1513.07,363.16,695.89,0.48
2,145.0,28.73,35.17,16.68,86.95,28.89,20.31,24.48,7.53,2014.0,145.0,10.48,24.98,0.0,60.23,20.15,3.99,13.15,2.87,2014.0,145.0,21.764,31.524,2.587333333333333,77.23000000000002,25.581333333333326,14.192666666666666,20.252000000000002,4.102666666666667,2014.0,6067.08,2559.64,297.23,1599.13,182.91,492.11,0.05
3,161.0,31.03,35.35,32.45,85.38,29.28,21.17,25.71,6.51,2014.0,161.0,6.16,24.62,0.0,57.97,22.41,9.2,17.22,1.68,2014.0,161.0,20.799333333333333,31.12133333333333,6.7,75.37400000000001,25.571333333333335,14.236,20.410666666666668,4.359999999999999,2014.0,7529.91,3581.29,215.15,2059.19,136.54,301.45,0.32
4,177.0,29.45,36.14,37.22,91.21,29.68,22.35,25.74,6.29,2014.0,177.0,8.96,28.01,0.0,65.74,20.88,11.31,16.92,2.23,2014.0,177.0,18.518666666666668,33.428666666666665,11.457333333333333,79.37933333333334,27.38466666666666,18.242,23.10866666666667,3.9246666666666665,2014.0,7281.91,3966.13,220.13,2322.09,153.61,363.75,0.09
5,193.0,28.76,36.83,18.89,89.12,29.68,21.79,25.98,5.82,2014.0,193.0,5.54,28.48,0.0,66.28,21.33,11.26,16.42,1.93,2014.0,193.0,22.852666666666668,31.32266666666666,3.076,75.69800000000002,26.093999999999998,15.977333333333336,21.490000000000006,3.8213333333333335,2014.0,7647.93,3458.8,180.55,1925.84,129.61,225.8,0.52
6,209.0,27.43,35.93,10.23,85.74,31.44,21.32,26.08,6.19,2014.0,209.0,14.29,28.69,0.0,60.4,23.48,12.86,18.67,1.32,2014.0,209.0,23.45,31.45466666666666,1.442,70.81533333333331,27.988666666666674,16.377999999999997,22.531333333333336,3.4713333333333334,2014.0,7321.45,3732.52,232.57,2171.14,176.86,368.89,0.36
7,225.0,24.95,34.63,40.19,90.32,29.95,19.35,24.27,6.1,2014.0,225.0,5.58,27.83,0.0,68.97,22.11,12.64,19.39,1.97,2014.0,225.0,17.017142857142858,32.766,7.321333333333332,79.184,26.47533333333333,17.196,21.773999999999997,3.5973333333333333,2014.0,6898.14,3155.59,290.84,1861.48,241.03,296.18,0.61
8,241.0,23.69,37.01,34.5,94.67,32.42,23.73,27.46,6.68,2014.0,241.0,3.46,29.63,0.0,73.19,26.46,14.61,20.95,2.33,2014.0,241.0,17.622,33.93666666666667,8.888,81.796,28.93066666666666,19.531999999999996,24.000000000000004,3.869999999999999,2014.0,7200.8,3086.21,193.53,1749.29,130.55,280.17,2.67
9,257.0,22.07,35.1,35.09,87.75,27.69,17.93,22.22,7.79,2014.0,257.0,4.93,21.82,0.0,64.86,11.68,2.63,9.47,1.7,2014.0,257.0,15.172000000000002,28.57266666666667,5.3566666666666665,76.05799999999999,21.532666666666668,9.344,15.718666666666667,3.9926666666666666,2014.0,6270.48,2439.88,327.92,1544.16,216.35,353.4,0.12
10,273.0,17.75,32.87,45.69,97.86,28.04,15.3,21.59,8.64,2014.0,273.0,1.69,22.75,0.0,57.15,12.11,0.91,6.03,1.1,2014.0,273.0,13.068,28.692000000000004,6.324666666666667,72.59933333333333,21.598000000000003,10.139999999999999,15.722000000000001,4.081333333333333,2014.0,5929.07,2020.31,394.69,1374.2,293.3,413.76,0.17
11,289.0,16.42,30.56,14.94,99.14,20.25,10.05,13.69,8.44,2014.0,289.0,0.86,21.64,0.0,65.46,13.79,1.39,8.27,2.64,2014.0,289.0,10.140666666666668,25.960666666666665,1.6166666666666665,80.70333333333332,16.168000000000003,5.700666666666667,10.520666666666665,4.470666666666667,2014.0,5277.82,1693.7,219.87,1107.26,109.81,381.24,12.76
12,305.0,13.25,29.81,27.33,83.11,23.06,13.03,17.94,7.64,2014.0,305.0,4.32,19.58,0.0,61.3,6.49,-5.51,0.21,2.91,2014.0,305.0,9.958666666666668,24.880666666666663,2.3006666666666664,70.17333333333332,13.732666666666667,1.918,7.684,5.454666666666665,2014.0,4711.13,1637.7,475.91,1286.79,387.25,549.29,4.13
