,DOY,INSgdmax,RADmax,RAINmax,RHmax,TMAXmax,TMINmax,Tmax,WINDmax,YEAR,DOY,INSgdmin,RADmin,RAINmin,RHmin,TMAXmin,TMINmin,Tmin,WINDmin,YEAR,DOY,INSgdmean,RADmean,RAINmean,RHmean,TMAXmean,TMINmean,Tmean,WINDmean,YEAR,NDVI,EVI,RED,NIR,BLUE,MIR,pixrel
0,113.0,26.592399999999998,31.993599999999997,17.3828,90.4536,24.7884,10.538799999999998,17.2404,8.7512,2014.0,113.0,4.5732,22.4916,0.0,59.3504,10.1364,-1.5596,5.8404,2.9984,2014.0,113.0,16.921893333333333,27.24416,2.4597066666666665,73.94045333333335,18.188053333333336,5.15264,11.841546666666666,5.437520000000001,2014.0,2610.79,1743.54,1641.96,2537.2,1474.34,855.9,2.49
1,129.0,26.46,33.8232,25.376800000000003,91.28280000000001,28.797199999999997,18.7324,22.764000000000003,6.945600000000001,2014.0,129.0,7.6,25.278399999999998,0.0,61.5544,12.7464,2.0300000000000002,8.5344,3.1159999999999997,2014.0,129.0,18.214293333333334,28.836533333333335,4.090506666666666,72.31418666666667,20.630053333333336,8.600053333333332,14.942853333333336,5.147946666666668,2014.0,5270.91,2277.1,460.51,1615.47,279.15,736.82,0.06
2,145.0,28.6016,34.7884,10.956800000000001,87.30080000000001,28.992400000000004,19.794399999999996,24.3136,6.925199999999999,2014.0,145.0,13.706,25.177599999999998,0.0,60.4296,20.507199999999997,3.9,13.3352,2.5808,2014.0,145.0,22.16821333333333,32.002826666666664,2.696693333333333,77.65704,25.89317333333333,14.755519999999999,20.542106666666665,3.6862399999999997,2014.0,6475.15,3233.95,379.19,2012.03,276.22,543.47,0.32
3,161.0,30.639199999999995,35.6432,51.5608,89.17680000000001,29.4288,21.4232,25.7716,6.4552,2014.0,161.0,2.2216,25.13,0.0,60.306,22.035600000000002,9.142,17.144,1.7639999999999998,2014.0,161.0,19.91351047619048,31.668293333333327,8.054826666666667,77.03957333333334,25.579653333333333,14.494213333333335,20.488106666666667,4.067813333333333,2014.0,7198.37,3745.81,320.5,2241.89,226.7,474.35,0.62
4,177.0,29.2816,36.2108,28.46,91.6224,30.318799999999996,22.126,25.9012,5.8504000000000005,2014.0,177.0,6.6672,27.760000000000005,0.0,66.9344,20.5808,10.8616,16.531200000000002,2.0187999999999997,2014.0,177.0,18.42301333333333,33.35824,10.770613333333333,79.92693333333332,27.38008,18.33213333333333,23.09573333333333,3.5824266666666666,2014.0,7436.72,4008.66,300.21,2373.37,225.09,456.06,0.12
5,193.0,29.0768,36.1576,20.8628,90.886,30.361599999999996,21.620000000000005,26.0172,5.4528,2014.0,193.0,8.8896,28.524,0.0,64.58840000000001,21.8896,11.25,16.8076,1.6480000000000001,2014.0,193.0,22.769466666666666,31.532906666666662,3.28816,75.27714666666665,26.405706666666667,16.137946666666664,21.669280000000004,3.4937333333333327,2014.0,6988.06,3482.0,305.06,2032.37,246.84,381.87,0.62
6,209.0,27.7116,35.9516,14.7484,86.50200000000001,31.810000000000002,21.432000000000002,26.349199999999996,5.6056,2014.0,209.0,13.457999999999998,28.7692,0.0,58.7252,23.802799999999998,12.866399999999999,19.011200000000002,1.3963999999999999,2014.0,209.0,22.882266666666673,31.70565333333333,2.595413333333333,70.84426666666667,28.138506666666665,16.789093333333334,22.66216,3.1575999999999995,2014.0,7180.21,3559.69,275.75,2088.25,206.06,405.88,0.06
7,225.0,25.7712,35.320800000000006,39.8776,92.8784,29.4844,19.9292,24.2476,5.822800000000001,2014.0,225.0,4.676,27.8292,0.0,65.8108,23.4144,12.77,19.4596,1.6164,2014.0,225.0,15.777,33.10037333333334,10.094106666666669,80.43151999999999,26.427973333333334,17.322026666666666,21.765893333333338,3.294506666666668,2014.0,7133.27,3161.57,243.47,1805.98,172.82,331.71,0.1
8,241.0,23.800000000000004,37.1024,22.1356,92.4768,31.97,23.1892,26.813200000000002,6.105600000000001,2014.0,241.0,5.7344,29.160800000000002,0.0,75.4752,25.0572,14.4116,20.0124,2.1844,2014.0,241.0,17.707973333333335,33.75917333333334,6.20632,83.16453333333334,28.44421333333333,19.097946666666665,23.63586666666667,3.6109333333333336,2014.0,6918.81,2762.27,220.0,1564.41,149.96,306.8,0.01
9,257.0,21.8336,36.193200000000004,34.1388,89.59360000000001,27.5432,19.3384,23.0596,6.913599999999999,2014.0,257.0,4.3999999999999995,22.3552,0.0,68.8648,12.198800000000002,2.0712,9.39,2.024,2014.0,257.0,14.621413333333333,28.902053333333328,4.059466666666667,78.64927999999999,21.493893333333336,9.66701333333333,15.811466666666668,3.7994399999999997,2014.0,5967.25,2403.11,314.21,1485.68,210.64,367.43,0.03
10,273.0,17.9252,32.5584,56.86559999999999,98.0484,27.417599999999997,16.3592,21.474000000000004,7.998800000000001,2014.0,273.0,4.268400000000001,21.604,0.0,56.6308,11.703199999999999,0.3876,5.6896,1.258,2014.0,273.0,14.010826666666667,28.675546666666666,5.868986666666666,73.47048,21.681120000000004,10.47576,15.92946666666667,3.8935199999999996,2014.0,5695.06,2019.66,298.61,1265.88,193.6,348.45,0.0
11,289.0,16.577599999999997,30.7192,13.4484,97.6712,20.601599999999998,9.84,13.5808,9.2304,2014.0,289.0,1.7968000000000002,21.6528,0.0,68.7116,11.861600000000001,1.1656,7.9916,2.6528,2014.0,289.0,10.863466666666667,25.99234666666667,1.6593333333333333,80.73973333333333,16.377546666666667,5.6776800000000005,10.637359999999997,4.344186666666666,2014.0,5644.73,1834.42,274.41,1152.2,177.77,391.46,2.59
12,305.0,13.565999999999999,29.4112,21.642,82.6192,22.832,12.2532,17.650000000000002,7.2188,2014.0,305.0,4.532,19.3144,0.0,58.9664,6.4268,-5.4348,0.33999999999999997,2.9576000000000002,2014.0,305.0,10.898400000000002,24.488106666666667,1.6892,70.10242666666667,14.256373333333332,2.2861866666666666,8.035013333333332,5.1408000000000005,2014.0,5589.33,1667.32,271.21,1044.05,184.21,393.92,0.79
