,DOY,INSgdmax,RADmax,RAINmax,RHmax,TMAXmax,TMINmax,Tmax,WINDmax,YEAR,DOY,INSgdmin,RADmin,RAINmin,RHmin,TMAXmin,TMINmin,Tmin,WINDmin,YEAR,DOY,INSgdmean,RADmean,RAINmean,RHmean,TMAXmean,TMINmean,Tmean,WINDmean,YEAR,NDVI,EVI,RED,NIR,BLUE,MIR,pixrel
0,113.0,26.642400000000002,31.8053,12.8158,89.81639999999999,25.0794,10.308399999999999,17.0746,9.213999999999999,2014.0,113.0,3.7794,22.0423,0.0,59.1221,10.3675,-0.8103,6.4969,2.8324,2014.0,113.0,17.217153333333336,27.10577333333333,2.46692,73.13050666666666,18.50087333333333,5.503593333333333,12.100226666666668,5.680266666666666,2014.0,2562.79,1651.33,1798.02,2680.07,1631.72,1031.48,2.39
1,129.0,26.697699999999998,34.6651,29.488599999999998,88.65209999999999,28.2406,18.813699999999997,22.648600000000002,7.1867,2014.0,129.0,7.606599999999999,25.8986,0.0,58.7517,12.3107,3.2009,8.294599999999999,3.7029999999999994,2014.0,129.0,17.880600000000005,29.184026666666668,4.379,73.10376666666666,20.679726666666667,9.47188,15.330279999999998,5.489526666666666,2014.0,5546.81,2291.51,439.02,1573.3,279.44,716.04,0.32
2,145.0,28.4621,35.2555,11.9889,88.9963,29.1237,20.241600000000002,24.514200000000002,7.484400000000001,2014.0,145.0,11.506,24.695,0.0,60.2699,20.2868,4.1268,13.2241,2.5166000000000004,2014.0,145.0,22.19302,31.91122,2.449773333333333,77.73692000000001,25.751573333333333,14.763806666666667,20.598940000000002,3.9259666666666675,2014.0,6826.91,3092.76,328.08,1905.54,195.81,596.94,0.0
3,161.0,30.8647,35.1676,39.8087,87.84809999999999,29.867099999999997,21.7457,26.012099999999997,6.287700000000001,2014.0,161.0,3.5323,24.8081,0.0,59.9935,22.4214,9.5705,17.299799999999998,1.7598,2014.0,161.0,20.199693333333336,31.48651333333333,6.675680000000002,76.97417999999999,25.70547333333333,14.89606,20.713906666666666,4.255879999999999,2014.0,7950.12,4169.1,262.79,2425.32,170.96,444.13,0.71
4,177.0,28.834400000000002,36.6359,41.44370000000001,92.1904,29.828200000000002,22.5438,26.2245,6.176,2014.0,177.0,9.1253,28.1924,0.0,65.74,21.1593,11.612100000000002,17.358900000000002,2.0419,2014.0,177.0,20.029166666666665,33.536966666666665,11.002093333333335,79.69055333333334,27.524126666666668,18.79908,23.427106666666667,3.778746666666666,2014.0,8102.59,4518.71,250.56,2641.84,168.92,470.82,0.01
5,193.0,28.885400000000004,36.83,17.3396,87.9401,29.9308,22.2346,26.287799999999997,5.814299999999999,2014.0,193.0,6.4235,28.559800000000003,0.0,66.2401,21.7746,11.5393,16.7962,1.8958,2014.0,193.0,23.14450666666667,31.49556666666666,3.02888,75.47342000000003,26.2859,16.391913333333335,21.789440000000006,3.7495133333333337,2014.0,8073.74,3858.62,204.71,2120.0,157.82,322.59,0.06
6,209.0,27.43,35.92999999999999,8.2179,86.3898,30.8358,21.2801,26.1028,5.8993,2014.0,209.0,9.901,28.7755,0.0,59.5621,23.896099999999997,13.1678,19.1032,1.3542,2014.0,209.0,23.002740000000003,31.601726666666668,1.33826,71.24777333333333,28.03046666666667,16.64286,22.629373333333334,3.3953333333333333,2014.0,8017.09,4222.11,231.38,2394.25,174.52,382.33,0.0
7,225.0,25.480099999999997,35.4337,46.4885,92.315,29.38,19.942800000000002,24.1845,6.5389,2014.0,225.0,4.941599999999999,28.115,0.0,69.2436,22.1214,12.8338,19.6693,1.8788,2014.0,225.0,15.9545,33.27824,8.253853333333334,80.951,26.439233333333327,17.59044,21.923719999999996,3.549833333333333,2014.0,7845.09,3701.05,224.18,2055.66,168.95,319.8,0.0
8,241.0,23.587400000000002,37.0898,30.5841,91.7516,32.397200000000005,23.8383,27.6823,6.4919,2014.0,241.0,5.5918,30.2057,0.0,75.58970000000001,26.8476,15.305400000000002,21.519999999999996,2.4383,2014.0,241.0,18.46788,34.00772666666666,7.0982,82.17486,29.135106666666665,19.810920000000003,24.3686,3.775,2014.0,7834.94,3462.87,211.69,1932.61,139.13,321.38,0.0
9,257.0,22.2524,35.613,40.470800000000004,87.92099999999999,27.4677,18.0611,22.4765,7.391,2014.0,257.0,4.0921,21.8998,0.0,65.62950000000001,12.763000000000002,2.8408999999999995,9.926,1.9394,2014.0,257.0,15.10854,28.72542666666667,5.021886666666667,77.24663999999999,21.74774666666667,9.72894,16.027226666666667,3.9132466666666663,2014.0,6656.5,2623.48,295.34,1589.89,171.6,363.0,0.0
10,273.0,17.915300000000002,33.5483,51.3387,97.6833,28.0856,15.898499999999999,21.6755,8.4747,2014.0,273.0,2.203,22.322499999999998,0.0,56.8194,12.2012,1.0980999999999999,6.1611,1.2425000000000002,2014.0,273.0,13.5373,28.83184,6.316306666666666,72.48761333333333,22.08364,10.640079999999998,16.228159999999995,3.9540333333333333,2014.0,6253.22,2204.63,294.42,1338.08,195.57,388.56,0.03
11,289.0,16.665100000000002,30.8678,13.8627,99.19130000000001,20.5008,10.7511,14.5222,7.8301,2014.0,289.0,1.7035999999999998,21.9649,0.0,69.1251,13.7273,1.7662,8.6006,2.8053000000000003,2014.0,289.0,10.430226666666666,26.246806666666664,1.3415466666666669,81.31437333333332,16.516460000000002,6.212906666666666,10.935626666666668,4.424306666666666,2014.0,6233.25,2048.03,286.0,1261.68,170.75,439.32,0.0
12,305.0,13.4723,30.5054,32.1237,81.97,23.6015,14.4778,18.7038,7.600099999999999,2014.0,305.0,4.5252,19.728199999999998,0.0,60.4165,6.946,-5.4131,0.552,2.8587,2014.0,305.0,10.312826666666668,24.977946666666664,2.7182866666666667,69.83817333333333,14.357766666666667,2.4556999999999998,8.30074,5.382086666666666,2014.0,4735.56,1887.47,584.86,1461.08,574.92,442.4,2.17
