,DOY,INSgdmax,RADmax,RAINmax,RHmax,TMAXmax,TMINmax,Tmax,WINDmax,YEAR,DOY,INSgdmin,RADmin,RAINmin,RHmin,TMAXmin,TMINmin,Tmin,WINDmin,YEAR,DOY,INSgdmean,RADmean,RAINmean,RHmean,TMAXmean,TMINmean,Tmean,WINDmean,YEAR,NDVI,EVI,RED,NIR,BLUE,MIR,pixrel
0,113.0,26.242600000000003,31.0462,19.86,94.44900000000001,23.934399999999997,11.9756,16.8598,10.0684,2014.0,113.0,4.3644,22.0656,0.0,55.643,6.8628,-2.3102,4.0286,3.259,2014.0,113.0,16.109333333333336,27.214413333333333,4.367853333333334,72.92496,17.327640000000002,4.64496,11.141533333333333,6.588466666666667,2014.0,4732.97,3043.63,986.74,2778.08,512.02,2070.66,0.84
1,129.0,26.6374,32.3028,32.8772,85.365,30.574800000000003,14.3468,22.1344,7.690200000000001,2014.0,129.0,6.5838,23.6142,0.0,55.6876,10.7904,-0.5566,6.4052,2.522,2014.0,129.0,19.238213333333334,27.650533333333332,3.524373333333334,68.41738666666669,20.060493333333334,6.034080000000001,13.38378666666667,5.639266666666668,2014.0,5424.24,3848.65,977.93,3335.06,514.07,2185.47,0.05
2,145.0,28.302999999999997,34.6554,15.299999999999999,85.0862,29.087200000000003,18.9378,23.455599999999997,7.428599999999999,2014.0,145.0,10.737400000000001,25.57,0.0,57.2924,20.9728,3.8986,13.5854,2.6262,2014.0,145.0,21.60478666666667,31.64924,2.6567999999999996,73.48576,25.901199999999996,14.29448,20.202346666666667,4.287866666666666,2014.0,6605.99,4456.77,653.28,3257.6,347.09,1397.5,0.09
3,161.0,29.598799999999997,36.724199999999996,21.932000000000002,85.964,30.1574,20.892,25.701999999999998,8.8228,2014.0,161.0,8.1192,25.6592,0.0,53.8586,20.339799999999997,8.435,16.676000000000002,2.2686,2014.0,161.0,19.793813333333333,31.215506666666663,8.075986666666665,72.52969333333333,25.60393333333333,13.684706666666667,20.154613333333337,4.772786666666667,2014.0,7198.97,5200.69,595.29,3693.34,320.5,1280.7,0.17
4,177.0,29.277,35.126000000000005,35.059200000000004,88.3908,31.1154,20.816200000000002,24.4718,7.4079999999999995,2014.0,177.0,9.556000000000001,27.864,0.0,62.07640000000001,21.046999999999997,10.425,15.892800000000001,1.7877999999999998,2014.0,177.0,19.77384,32.644666666666666,7.684226666666666,75.91911999999999,26.997880000000002,16.937853333333333,22.131280000000004,4.015253333333334,2014.0,8213.54,5743.56,352.9,3646.34,192.49,751.45,0.0
5,193.0,28.438000000000002,36.1566,19.293599999999998,85.7892,31.3472,20.398,25.3298,5.869999999999999,2014.0,193.0,4.9654,28.0974,0.0,57.5202,22.166800000000002,10.8604,17.0424,1.1862,2014.0,193.0,21.83344,31.419880000000003,3.6644933333333336,69.46312,26.884120000000003,15.525853333333334,21.428306666666668,3.849706666666666,2014.0,8149.2,6407.91,435.73,4333.26,237.3,932.1,0.31
6,209.0,26.7014,36.547799999999995,11.1146,78.4276,33.65,20.986,27.134,6.5496,2014.0,209.0,8.8718,28.2226,0.0,52.837199999999996,24.2616,12.718,19.248199999999997,1.7764000000000002,2014.0,209.0,21.019653333333334,31.85068,2.61308,64.24266666666666,28.73021333333334,16.80824,22.953933333333335,3.4344799999999998,2014.0,8387.61,6298.83,354.61,4081.67,192.2,747.1,0.84
7,225.0,25.977800000000002,35.710800000000006,27.2578,90.7116,30.866,19.7946,24.9296,5.901400000000001,2014.0,225.0,5.4452,27.378999999999998,0.0,58.790000000000006,22.6932,12.381599999999999,18.8732,1.7244,2014.0,225.0,17.39144285714286,32.69554666666667,6.852586666666667,75.92982666666667,26.418359999999996,17.027120000000004,21.688893333333336,3.48004,2014.0,8303.74,5972.78,346.6,3817.12,189.13,726.19,0.22
8,241.0,22.935000000000002,36.7262,22.7294,92.1346,32.9136,22.196399999999997,26.935,6.356199999999999,2014.0,241.0,5.138400000000001,28.848399999999998,0.0,58.5126,19.2346,11.446000000000002,16.35,1.9371999999999998,2014.0,241.0,15.741133333333336,33.37657333333334,8.33808,76.53966666666665,27.457506666666667,17.990160000000003,22.647133333333336,4.017733333333333,2014.0,8091.09,5637.48,377.85,3623.8,205.49,778.64,0.0
9,257.0,22.616999999999997,34.2602,17.6648,89.85900000000001,27.730800000000002,18.269599999999997,22.1836,7.2854,2014.0,257.0,5.7358,24.0766,0.0,63.095200000000006,11.945,2.227,8.7134,2.3536,2014.0,257.0,15.167746666666666,28.68949333333333,3.7145333333333337,74.30605333333332,21.31434666666667,9.581786666666666,15.578706666666665,4.334413333333333,2014.0,6558.58,4005.05,571.79,2811.82,308.45,1034.49,0.0
10,273.0,17.7774,32.318,28.182000000000002,92.6456,27.244,15.8948,20.508,9.1906,2014.0,273.0,2.806,22.4688,0.0,53.124399999999994,10.7186,-0.39139999999999997,4.9416,2.5412,2014.0,273.0,13.284253333333334,28.663040000000002,4.350746666666668,72.70932,21.053626666666666,9.895266666666664,15.28448,4.6677599999999995,2014.0,6057.85,3525.05,602.7,2563.04,313.73,1140.26,0.0
11,289.0,16.4662,30.037999999999997,9.9498,92.697,20.8836,10.015,14.5512,8.957999999999998,2014.0,289.0,1.5296,20.923000000000002,0.0,63.03699999999999,11.6076,0.0976,7.0878,2.7026,2014.0,289.0,12.800306666666668,25.172719999999998,1.2977733333333332,72.32150666666666,17.184226666666667,5.329413333333334,10.799853333333335,4.631773333333333,2014.0,5222.82,3021.52,756.67,2468.51,383.7,1392.62,0.0
12,305.0,13.2128,28.645200000000003,5.0594,82.3934,21.3252,8.3724,14.224,7.8656,2014.0,305.0,4.6202000000000005,17.676000000000002,0.0,56.4374,5.4738,-4.4990000000000006,-0.08680000000000004,3.2518000000000002,2014.0,305.0,10.48696,24.174239999999998,0.7605866666666666,66.31006666666667,13.576653333333335,1.9912133333333337,7.238586666666666,5.66564,2014.0,4294.94,2683.5,1045.63,2635.67,541.21,1761.54,0.15
