,DOY,INSgdmax,RADmax,RAINmax,RHmax,TMAXmax,TMINmax,Tmax,WINDmax,YEAR,DOY,INSgdmin,RADmin,RAINmin,RHmin,TMAXmin,TMINmin,Tmin,WINDmin,YEAR,DOY,INSgdmean,RADmean,RAINmean,RHmean,TMAXmean,TMINmean,Tmean,WINDmean,YEAR,NDVI,EVI,RED,NIR,BLUE,MIR,pixrel
0,113.0,26.2672,30.8336,13.9176,87.6276,24.226399999999998,9.8016,16.296400000000002,9.9568,2014.0,113.0,6.334,21.622000000000003,0.0,59.436800000000005,10.841600000000001,-2.284,5.602799999999999,3.1268,2014.0,113.0,18.031440000000003,26.63936,2.169893333333333,73.25677333333333,17.409439999999996,4.3652000000000015,10.91928,5.963279999999999,2014.0,2492.94,1221.65,838.31,1623.51,655.78,757.95,24.76
1,129.0,26.14,34.6916,30.123200000000004,88.9572,27.512400000000003,18.043599999999998,22.6356,7.8392,2014.0,129.0,4.4776,26.070400000000003,0.0,58.92679999999999,10.7004,3.1896,7.379199999999999,2.9688,2014.0,129.0,16.40602666666667,28.830880000000004,4.5628,74.51752000000002,19.794346666666662,8.774400000000002,14.482266666666664,5.510319999999999,2014.0,3322.55,1208.13,170.03,1220.57,-35.2,561.69,66.4
2,145.0,28.711600000000004,35.13,15.449200000000001,89.8532,29.123600000000003,19.8544,23.9572,7.6032,2014.0,145.0,12.9824,24.6728,0.0,61.206,19.889200000000002,3.8659999999999997,12.8732,2.6184,2014.0,145.0,22.730533333333334,31.05104,2.98432,77.03426666666667,25.490693333333333,13.585946666666668,19.91768,4.1728,2014.0,4710.75,2314.86,30.19,1666.69,-81.49,255.24,61.25
3,161.0,30.8236,35.034800000000004,33.141999999999996,85.3532,29.6656,21.556400000000004,25.756400000000003,6.2308,2014.0,161.0,7.628,24.401600000000002,0.0,56.1,21.3996,9.1984,16.973200000000002,1.794,2014.0,161.0,21.336373333333334,30.88384,6.838693333333333,75.40413333333335,25.37184,14.169279999999997,20.18442666666667,4.347733333333334,2014.0,5686.78,3425.43,284.87,2317.2,201.05,464.51,25.83
4,177.0,28.0852,35.9348,39.0472,92.1656,29.1036,21.886799999999997,25.638400000000004,6.388800000000001,2014.0,177.0,9.987199999999998,27.8752,0.0,65.09519999999999,21.284399999999998,11.6892,17.281599999999997,2.3508,2014.0,177.0,20.66842666666667,33.453759999999996,8.566933333333333,79.45898666666666,27.25122666666667,18.221653333333332,23.006800000000005,3.908693333333334,2014.0,5584.26,3391.15,-35.87,2235.53,-111.43,190.63,61.26
5,193.0,28.5988,37.2056,19.426000000000002,87.19919999999999,29.2512,21.1032,25.466,5.7936,2014.0,193.0,6.1419999999999995,28.426800000000004,0.0,66.636,20.5548,11.090000000000002,16.1048,1.7695999999999998,2014.0,193.0,22.50949333333334,31.328533333333326,3.7581066666666674,76.11954666666665,25.67706666666667,15.76424,21.193360000000002,3.794906666666666,2014.0,5614.74,2827.42,-92.74,1785.6,-149.26,21.6,64.47
6,209.0,27.4836,35.3416,8.508799999999999,86.5652,30.0028,20.609999999999996,25.297199999999997,6.038,2014.0,209.0,11.02,28.185200000000002,0.0,65.02879999999999,22.934,12.601600000000001,18.078400000000002,1.2308,2014.0,209.0,23.023333333333333,31.220880000000005,0.7242133333333333,73.57773333333334,26.970533333333336,15.703119999999998,21.839840000000002,3.413946666666667,2014.0,5695.43,3402.53,22.41,2218.41,-51.47,217.24,51.23
7,225.0,25.1816,34.8716,21.9688,89.54,29.8064,19.8516,24.074,6.159999999999999,2014.0,225.0,7.8796,27.84,0.0,67.79279999999999,22.0244,12.344000000000001,19.1172,1.9804000000000002,2014.0,225.0,17.63896,32.53594666666666,5.011120000000001,79.25373333333332,26.158666666666665,16.976479999999995,21.51888,3.570613333333333,2014.0,5767.16,3186.7,378.25,2258.92,333.88,509.2,31.44
8,241.0,23.288800000000002,37.2652,35.0436,93.6392,33.221999999999994,24.2256,27.8196,6.7988,2014.0,241.0,5.9968,29.688399999999998,0.0,71.35879999999999,26.339199999999998,15.1376,21.4876,2.4383999999999997,2014.0,241.0,17.339813333333332,34.08434666666666,6.542186666666667,80.10152,29.419360000000005,19.785306666666663,24.371120000000005,3.902346666666667,2014.0,5555.93,2836.41,25.7,1853.94,-37.0,180.08,53.71
9,257.0,21.4388,35.0756,60.1672,87.28399999999999,28.0856,16.5984,21.7652,7.8072,2014.0,257.0,4.1984,21.9728,0.0,62.2648,12.2452,3.3652,9.4352,1.5144000000000002,2014.0,257.0,15.106213333333331,28.473200000000006,6.9710133333333335,74.23656,21.551333333333332,9.163093333333332,15.607199999999999,3.9295999999999998,2014.0,4185.09,1611.29,63.96,1242.3,-55.3,144.37,61.27
10,273.0,18.9484,33.3016,41.6076,97.59359999999998,28.4456,16.8048,21.0976,8.6288,2014.0,273.0,4.277200000000001,24.8484,0.0,57.74400000000001,12.006,1.8264,6.279599999999999,1.5472,2014.0,273.0,12.866933333333336,28.703733333333336,4.8252266666666666,71.55093333333333,21.911146666666667,10.109466666666666,15.643386666666665,4.035893333333334,2014.0,3935.49,1357.22,317.42,1282.73,164.1,427.27,46.12
11,289.0,16.2932,30.785600000000002,12.6928,98.76080000000002,19.6888,10.7012,15.0604,6.7996,2014.0,289.0,1.1320000000000001,21.455199999999998,0.0,66.0336,13.379199999999997,1.3036,8.0092,2.5804,2014.0,289.0,9.642106666666667,26.202479999999998,1.68,81.03208000000001,15.85696,5.858506666666666,10.459546666666668,4.30688,2014.0,3973.16,1156.24,117.64,955.7,8.23,324.12,48.63
12,305.0,12.995199999999999,30.245600000000003,19.838799999999996,82.3392,23.387999999999998,13.34,18.171999999999997,7.808,2014.0,305.0,5.545599999999999,18.767999999999997,0.0,61.609199999999994,6.4572,-5.1228,0.4252000000000001,2.5096,2014.0,305.0,9.41573333333333,25.137386666666664,2.9177333333333335,70.42482666666666,13.350959999999999,1.8472799999999996,7.5479466666666655,5.418000000000001,2014.0,3713.69,1443.53,366.63,1329.32,237.08,489.24,38.97
