,DOY,INSgdmax,RADmax,RAINmax,RHmax,TMAXmax,TMINmax,Tmax,WINDmax,YEAR,DOY,INSgdmin,RADmin,RAINmin,RHmin,TMAXmin,TMINmin,Tmin,WINDmin,YEAR,DOY,INSgdmean,RADmean,RAINmean,RHmean,TMAXmean,TMINmean,Tmean,WINDmean,YEAR,NDVI,EVI,RED,NIR,BLUE,MIR,pixrel
0,113.0,26.2556,31.076,20.422399999999996,94.7661,23.8172,11.811499999999999,16.861,9.9743,2014.0,113.0,4.2163,22.0273,0.0,56.495000000000005,6.770100000000001,-2.1803000000000003,4.0207,3.3229999999999995,2014.0,113.0,15.876660000000005,27.230533333333334,4.597273333333334,73.62817999999999,17.20284,4.552326666666667,11.043226666666666,6.535839999999999,2014.0,4490.7,2742.81,951.02,2549.56,496.08,1828.37,0.21
1,129.0,26.4514,32.3237,33.156099999999995,86.2147,30.2727,14.2511,22.0457,7.6961,2014.0,129.0,6.443,23.790799999999997,0.0,56.451499999999996,10.6716,-0.5794,6.4097,2.5532999999999997,2014.0,129.0,19.002006666666666,27.65647333333333,3.6689133333333337,69.20626000000001,19.956946666666667,6.026086666666668,13.365833333333338,5.618853333333334,2014.0,5330.15,3384.12,792.09,2762.46,419.31,1594.36,0.09
2,145.0,28.3183,34.6427,14.9683,85.6988,28.9358,18.907999999999998,23.3595,7.423699999999999,2014.0,145.0,10.6205,25.4777,0.0,57.5735,20.911899999999996,3.8784,13.553600000000001,2.6992,2014.0,145.0,21.59176,31.612006666666666,2.547319999999999,74.26723333333334,25.75799333333333,14.233493333333334,20.100246666666667,4.27606,2014.0,6570.7,4386.08,625.83,3183.04,330.84,1210.71,0.2
3,161.0,29.5106,36.6929,21.445,87.11500000000001,29.7703,20.852800000000002,25.526699999999998,8.6983,2014.0,161.0,8.21,25.5596,0.0,55.5172,20.1603,8.398,16.574,2.231,2014.0,161.0,19.616800000000005,31.177126666666666,8.00412,73.49270666666666,25.43606666666666,13.596139999999998,20.042473333333337,4.713206666666667,2014.0,7088.44,5058.87,595.91,3604.78,319.63,1260.91,0.01
4,177.0,29.276200000000003,35.087900000000005,36.150999999999996,89.0126,30.749000000000002,20.7713,24.371000000000002,7.339699999999999,2014.0,177.0,10.0642,27.8423,0.0,63.07280000000001,20.7671,10.3009,15.7053,1.7624,2014.0,177.0,19.894853333333337,32.65182,7.604573333333333,76.97293333333334,26.861406666666667,16.887986666666666,22.038853333333336,4.0009,2014.0,7778.49,5205.02,420.58,3391.43,225.4,845.99,0.33
5,193.0,28.455000000000002,36.0856,20.022,86.8886,31.1869,20.409799999999997,25.2857,5.8686,2014.0,193.0,5.0189,28.1383,0.0,58.7513,22.011200000000002,10.82,16.9344,1.2103,2014.0,193.0,21.783326666666664,31.41970666666667,3.7515133333333335,70.5856,26.65951333333333,15.438226666666669,21.286,3.8368266666666666,2014.0,7692.83,5744.13,504.3,3955.38,269.56,1033.41,0.38
6,209.0,26.557700000000004,36.5578,11.7694,79.77199999999999,33.21510000000001,20.8824,26.8307,6.555400000000001,2014.0,209.0,8.8013,28.196000000000005,0.0,53.800399999999996,24.022,12.6493,19.1597,1.7477999999999998,2014.0,209.0,20.941653333333335,31.832046666666667,2.78794,65.37677333333333,28.48041333333334,16.73646,22.806353333333334,3.3979333333333335,2014.0,7985.64,5686.24,414.06,3730.88,224.58,820.87,0.37
7,225.0,25.950199999999995,35.6429,26.973799999999997,90.82240000000002,30.666,19.7354,24.846700000000002,5.9026,2014.0,225.0,5.6658,27.457700000000003,0.0,58.9499,22.5835,12.452100000000002,18.8212,1.7021000000000002,2014.0,225.0,17.24259285714286,32.67301333333333,7.015406666666667,76.18192,26.3231,17.01709333333333,21.62894666666667,3.47288,2014.0,7956.81,5403.18,384.31,3466.11,208.19,753.83,0.0
8,241.0,22.8994,36.7385,23.493000000000002,91.9812,32.7904,22.177099999999996,26.864199999999997,6.3247,2014.0,241.0,5.0155,28.9221,0.0,59.5241,19.3663,11.5141,16.3871,1.8941,2014.0,241.0,15.902580000000004,33.38941333333334,8.686193333333334,77.08563999999998,27.45030666666667,17.995733333333334,22.64841333333333,4.022473333333333,2014.0,7716.02,5105.31,417.03,3316.13,223.18,817.4,0.0
9,257.0,22.6316,34.4991,17.9819,89.7176,27.5419,18.4345,22.2265,7.2524,2014.0,257.0,5.8309,24.2144,0.0,63.6961,11.848700000000001,2.1910000000000003,8.677399999999999,2.3712,2014.0,257.0,15.126473333333333,28.691626666666664,3.7576066666666668,74.61053999999999,21.24864,9.54882,15.535973333333335,4.332199999999999,2014.0,6559.21,4005.09,570.24,2821.26,298.97,993.7,0.0
10,273.0,17.6464,32.3789,30.819900000000004,93.29740000000001,27.1293,15.854900000000002,20.5369,9.1074,2014.0,273.0,2.8032000000000004,22.5702,0.0,53.9111,10.680799999999998,-0.41659999999999997,4.9097,2.5555000000000003,2014.0,273.0,13.310906666666666,28.70614666666667,4.628913333333333,72.92508000000001,21.069233333333333,9.82947333333333,15.252526666666668,4.663733333333332,2014.0,6195.41,3548.25,571.8,2534.97,294.77,1061.92,0.0
11,289.0,16.450599999999998,30.1487,9.5393,93.6798,20.5535,10.023299999999999,14.509500000000001,9.181999999999999,2014.0,289.0,1.5654,20.9383,0.0,64.0489,11.543299999999999,0.0801,7.0461,2.7448999999999995,2014.0,289.0,12.705860000000001,25.196060000000003,1.36212,73.05919333333333,17.07255333333333,5.2750666666666675,10.717833333333335,4.636853333333334,2014.0,5059.5,2763.44,719.12,2260.92,365.76,1348.68,0.0
12,305.0,13.2133,28.690200000000004,5.4551,82.3372,21.027099999999997,8.418800000000001,14.143999999999998,7.7965,2014.0,305.0,4.4912,17.6735,0.0,57.068,5.402,-4.463800000000001,-0.15220000000000003,3.2888,2014.0,305.0,10.428786666666666,24.168766666666667,0.8275666666666666,66.77836666666667,13.493940000000002,1.9610733333333337,7.178806666666666,5.66,2014.0,4325.76,2372.31,914.1,2261.52,497.54,1522.86,0.05
