,DOY,INSgdmax,RADmax,RAINmax,RHmax,TMAXmax,TMINmax,Tmax,WINDmax,YEAR,DOY,INSgdmin,RADmin,RAINmin,RHmin,TMAXmin,TMINmin,Tmin,WINDmin,YEAR,DOY,INSgdmean,RADmean,RAINmean,RHmean,TMAXmean,TMINmean,Tmean,WINDmean,YEAR,NDVI,EVI,RED,NIR,BLUE,MIR,pixrel
0,113.0,25.99,31.43,26.01,91.98,21.85,9.59,15.13,11.05,2014.0,113.0,2.59,23.72,0.0,54.04,5.85,-3.68,2.12,2.98,2014.0,113.0,14.145,26.768666666666668,4.912000000000001,75.74399999999999,14.800666666666666,2.674,8.692000000000002,7.037333333333333,2014.0,2808.8,1399.72,1021.75,1823.55,505.5,1532.6,0.0
1,129.0,25.78,32.15,20.45,84.62,27.4,9.35,17.92,7.82,2014.0,129.0,7.02,23.76,0.0,58.16,9.09,-1.14,5.07,2.58,2014.0,129.0,18.082,27.263999999999996,3.138666666666667,69.40866666666668,18.288666666666664,4.4959999999999996,11.641333333333332,5.747333333333333,2014.0,3027.87,1427.4,891.89,1679.23,453.03,1472.64,0.0
2,145.0,29.02,34.92,17.44,86.55,28.64,18.84,23.53,6.98,2014.0,145.0,1.94,25.34,0.0,56.13,20.84,4.14,13.66,2.58,2014.0,145.0,20.095333333333333,30.874000000000002,3.076,73.06333333333333,25.15,13.109333333333332,19.300666666666665,4.465333333333333,2014.0,4703.44,2573.04,758.48,2196.21,393.39,1407.11,0.63
3,161.0,28.76,36.83,26.24,86.26,28.6,19.84,24.58,8.87,2014.0,161.0,3.35,26.32,0.0,55.4,19.17,7.48,15.42,1.89,2014.0,161.0,18.341333333333335,30.986666666666668,8.568,72.48733333333332,24.42466666666667,12.491333333333332,19.036,4.779333333333333,2014.0,5972.39,3410.99,605.42,2503.94,312.28,1163.65,0.0
4,177.0,29.56,34.45,37.12,87.75,29.92,20.16,22.99,8.05,2014.0,177.0,9.32,27.22,0.0,63.83,21.95,10.32,15.86,1.96,2014.0,177.0,20.68133333333334,32.118,8.288666666666666,76.32333333333334,25.921333333333333,15.677333333333335,20.982000000000006,4.219333333333334,2014.0,7171.99,4633.06,498.03,3140.21,262.25,905.2,0.85
5,193.0,28.4,34.85,14.44,86.63,31.07,19.52,24.5,6.59,2014.0,193.0,8.1,27.18,0.0,65.64,19.3,9.66,15.78,1.64,2014.0,193.0,22.744666666666664,30.84133333333333,2.5260000000000002,73.70933333333332,25.43666666666667,14.708,20.30666666666667,4.406666666666666,2014.0,7251.02,4600.7,491.9,3106.65,254.49,940.25,0.96
6,209.0,26.5,35.86,11.32,87.17,29.6,19.38,24.81,7.09,2014.0,209.0,10.51,28.01,0.0,60.68,22.7,11.83,18.25,1.85,2014.0,209.0,20.84133333333334,31.244666666666664,1.9526666666666663,71.81866666666666,26.353999999999996,15.509999999999996,21.274,3.4306666666666668,2014.0,7381.4,4687.55,465.05,3112.7,243.38,972.47,0.97
7,225.0,25.85,34.74,12.9,90.57,28.96,18.63,23.77,6.58,2014.0,225.0,10.3,27.29,0.0,63.16,19.98,12.41,18.43,1.76,2014.0,225.0,18.826428571428576,32.29,3.638,78.03733333333335,25.490666666666666,16.174,20.97666666666667,3.5899999999999994,2014.0,7302.12,4644.94,474.69,3094.03,249.24,900.17,0.0
8,241.0,22.25,35.32,23.8,95.05,30.17,20.69,25.09,6.29,2014.0,241.0,6.77,28.3,0.0,61.4,17.26,9.81,14.55,2.4,2014.0,241.0,15.635333333333334,32.473333333333336,5.591333333333333,78.62533333333333,25.447999999999997,16.28533333333333,20.95066666666667,4.056,2014.0,7011.62,4121.59,478.16,2759.88,239.18,927.25,0.0
9,257.0,22.0,33.23,8.2,91.88,27.03,16.57,20.23,7.7,2014.0,257.0,5.36,24.62,0.0,62.18,11.89,1.45,8.05,2.52,2014.0,257.0,14.896666666666668,28.43066666666667,2.433333333333333,73.06733333333334,20.332666666666668,8.887333333333334,14.594666666666665,4.5,2014.0,5541.1,3112.58,683.55,2421.08,350.13,1228.89,0.02
10,273.0,17.5,32.65,21.2,92.82,26.19,16.16,20.44,9.7,2014.0,273.0,3.38,22.25,0.0,53.31,9.83,0.32,4.66,3.27,2014.0,273.0,11.94266666666667,28.211333333333336,2.756666666666667,74.84466666666665,19.381999999999994,8.889333333333331,13.972666666666667,5.160666666666668,2014.0,5180.19,2690.92,665.96,2144.9,329.73,1295.92,0.0
11,289.0,15.73,29.3,12.31,92.83,20.18,8.55,13.14,7.84,2014.0,289.0,1.87,21.13,0.0,63.43,12.11,-0.98,5.82,2.7,2014.0,289.0,12.315333333333335,24.71333333333333,1.134,72.364,16.480666666666668,4.244666666666666,9.731333333333332,4.828666666666665,2014.0,4051.49,1877.92,720.21,1743.52,350.3,1505.14,0.0
12,305.0,12.64,28.37,2.59,87.88,18.12,6.49,11.38,7.74,2014.0,305.0,4.64,17.14,0.0,57.73,4.43,-5.43,-1.37,3.39,2014.0,305.0,9.064666666666664,24.28466666666667,0.5086666666666667,67.91999999999999,11.74,0.7666666666666667,5.678666666666668,5.714000000000001,2014.0,3766.11,1772.14,779.44,1751.37,384.7,1594.8,0.08
