,DOY,INSgdmax,RADmax,RAINmax,RHmax,TMAXmax,TMINmax,Tmax,WINDmax,YEAR,DOY,INSgdmin,RADmin,RAINmin,RHmin,TMAXmin,TMINmin,Tmin,WINDmin,YEAR,DOY,INSgdmean,RADmean,RAINmean,RHmean,TMAXmean,TMINmean,Tmean,WINDmean,YEAR,NDVI,EVI,RED,NIR,BLUE,MIR,pixrel
0,113.0,25.8904,30.275399999999998,16.1768,92.8078,23.2326,8.9234,15.7894,10.6734,2014.0,113.0,4.642399999999999,21.4536,0.0,64.555,8.4214,-3.0498,4.4786,3.069,2014.0,113.0,16.81728,26.428213333333336,2.7928533333333334,76.57211999999998,15.33108,2.9751866666666666,9.1068,6.16252,2014.0,1321.74,618.78,1132.9,1560.0,1058.55,785.81,19.79
1,129.0,26.0136,34.785000000000004,21.9698,92.61779999999999,25.939,17.590400000000002,21.499200000000002,7.8484,2014.0,129.0,2.5944000000000003,25.34,0.0,62.97619999999999,10.9738,2.8876,7.3104,2.7851999999999997,2014.0,129.0,15.822266666666666,28.461479999999995,4.2565333333333335,76.38568000000001,18.372306666666667,7.6370933333333335,13.135893333333334,5.2912,2014.0,1452.2,58.68,8.09,689.27,-135.26,199.39,104.72
2,145.0,28.7478,35.35,16.311999999999998,87.6996,27.947,19.383200000000002,23.454,7.3198,2014.0,145.0,11.168199999999999,25.1068,0.0,63.3356,18.492,3.4466,12.5456,3.0862,2014.0,145.0,23.68806666666667,30.29536,2.0277999999999996,78.36377333333336,24.576066666666666,12.476653333333335,18.92312,4.18844,2014.0,2733.66,1046.73,-147.05,1015.32,-219.66,2.77,91.99
3,161.0,30.8318,34.878600000000006,23.727999999999998,87.15899999999999,28.576,21.242399999999996,25.0414,6.5118,2014.0,161.0,7.6286000000000005,24.224,0.0,58.2724,21.4268,8.5766,16.257600000000004,2.1432,2014.0,161.0,22.13962666666667,30.43842666666667,6.897399999999999,75.71861333333334,24.246279999999995,13.366906666666665,19.226066666666664,4.306040000000001,2014.0,3948.22,2266.0,385.31,1778.72,335.89,402.12,23.84
4,177.0,28.2798,35.7968,28.6742,93.1252,28.245800000000003,20.7482,24.503800000000002,6.651999999999999,2014.0,177.0,8.2452,27.3308,0.0,66.3426,20.2042,9.9894,16.212600000000002,1.6852,2014.0,177.0,19.96454666666667,33.005653333333335,7.188866666666666,81.17504,26.16968,17.2174,22.03578666666667,4.002226666666667,2014.0,3484.62,1998.35,34.36,1641.71,-21.87,123.01,74.22
5,193.0,28.0668,35.8476,20.506400000000003,88.3464,28.287399999999998,19.7796,24.0376,6.079,2014.0,193.0,9.3538,28.4158,0.0,64.561,19.814,10.6058,15.4982,1.4572,2014.0,193.0,20.30382666666667,31.16268,3.367546666666667,77.34029333333334,24.88872,14.970386666666668,20.326586666666664,3.8514800000000005,2014.0,3939.25,1580.07,-142.24,1119.09,-163.61,-98.11,72.13
6,209.0,27.041400000000003,35.4142,9.7746,86.57939999999999,30.688,20.5398,25.1768,6.400399999999999,2014.0,209.0,12.19,28.1604,0.0,68.01520000000001,22.1936,11.701600000000001,17.2912,1.5690000000000002,2014.0,209.0,22.567559999999997,31.163120000000003,1.1917200000000001,75.92201333333333,26.247519999999998,15.349613333333336,21.286906666666663,3.464733333333333,2014.0,3810.96,2087.97,201.5,1656.47,191.22,250.33,49.41
7,225.0,25.314,34.7164,13.505400000000002,83.38340000000001,29.790999999999997,19.1732,23.8948,6.379,2014.0,225.0,11.4972,27.465,0.0,66.0682,23.296599999999998,12.4612,18.4762,1.8892,2014.0,225.0,19.820159999999998,31.844026666666668,3.249093333333333,75.35045333333335,26.72018666666667,15.928080000000001,21.37229333333333,3.595226666666666,2014.0,4009.08,2053.76,356.38,1605.24,335.25,278.3,26.63
8,241.0,22.479,36.9346,34.3244,89.2478,33.5004,23.1464,27.1468,6.9294,2014.0,241.0,6.25,28.967799999999997,0.0,64.5216,23.994999999999997,13.605,19.9956,1.7188,2014.0,241.0,16.602533333333334,33.60356,6.038053333333334,77.94658666666666,28.67977333333333,18.65246666666667,23.548213333333337,3.9397333333333338,2014.0,3122.61,1014.32,-270.93,901.19,-315.01,-188.41,104.7
9,257.0,20.809,34.10040000000001,36.3744,88.5454,27.0116,16.7546,21.4996,7.8469999999999995,2014.0,257.0,4.5724,22.2456,0.0,63.2984,10.3938,2.164,8.274000000000001,1.6564,2014.0,257.0,14.5178,28.140893333333334,5.53284,74.55089333333333,20.7298,8.478893333333332,14.833226666666668,4.143919999999999,2014.0,2071.99,251.34,-240.93,581.56,-321.91,-205.46,114.78
10,273.0,18.6678,32.7532,33.2238,96.6916,27.1828,14.694600000000001,20.5422,8.6512,2014.0,273.0,3.0797999999999996,24.741,0.0,59.392999999999994,11.8368,2.1308000000000002,6.0598,1.3279999999999998,2014.0,273.0,12.352319999999999,28.310546666666674,4.8042533333333335,73.20341333333334,20.51302666666667,8.968173333333333,14.520199999999999,4.20292,2014.0,2187.54,379.52,87.87,756.56,16.67,180.59,79.46
11,289.0,15.95,29.9186,14.442,97.7312,19.3258,9.2444,13.0974,8.089,2014.0,289.0,1.1940000000000002,21.466800000000003,0.0,61.910599999999995,12.3628,0.2742,7.3142000000000005,2.3758,2014.0,289.0,9.813693333333333,25.58793333333334,2.130053333333333,80.86965333333333,14.885666666666667,4.799506666666666,9.47772,4.444,2014.0,1656.56,-245.17,-267.35,288.65,-346.45,-136.98,117.33
12,305.0,12.779,29.285,11.917,86.80659999999999,21.9852,11.172799999999999,16.364800000000002,7.7918,2014.0,305.0,3.4210000000000003,19.0056,0.0,62.65599999999999,4.889399999999999,-5.3393999999999995,-0.3376,2.4848,2014.0,305.0,8.9614,24.926146666666668,1.9503066666666666,72.68841333333332,12.055613333333334,1.041373333333333,6.46816,5.331173333333334,2014.0,1605.36,21.12,-129.72,477.84,-228.21,11.39,99.65
