,DOY,INSgdmax,RADmax,RAINmax,RHmax,TMAXmax,TMINmax,Tmax,WINDmax,YEAR,DOY,INSgdmin,RADmin,RAINmin,RHmin,TMAXmin,TMINmin,Tmin,WINDmin,YEAR,DOY,INSgdmean,RADmean,RAINmean,RHmean,TMAXmean,TMINmean,Tmean,WINDmean,YEAR,NDVI,EVI,RED,NIR,BLUE,MIR,pixrel
0,113.0,26.634500000000003,32.509499999999996,17.049500000000002,90.3765,24.4885,13.5045,18.089000000000002,9.092,2014.0,113.0,3.8429999999999995,22.502,0.0,58.75950000000001,9.515,-0.06200000000000001,4.9515,2.535,2014.0,113.0,17.259466666666665,27.366633333333333,2.3137,73.0744,18.55233333333333,6.1036666666666655,12.547033333333331,5.477833333333332,2014.0,4791.8,2853.23,877.57,2497.66,461.94,1761.65,0.73
1,129.0,27.247000000000003,33.730000000000004,37.7785,88.839,29.693,18.665,23.5785,7.250000000000001,2014.0,129.0,8.467500000000001,24.3,0.0,59.07,13.4605,1.2005,8.555,2.7504999999999997,2014.0,129.0,19.648399999999995,28.673733333333338,3.9983000000000004,70.74806666666669,21.467633333333332,8.797633333333334,15.507566666666666,5.281666666666667,2014.0,5644.08,3839.32,871.5,3160.71,464.69,1831.56,0.02
2,145.0,28.3555,34.7365,15.648500000000002,86.26500000000001,28.782500000000002,19.673000000000002,23.943,7.8895,2014.0,145.0,10.503,25.9235,0.0,61.842,21.0245,4.392,13.6935,2.6485000000000003,2014.0,145.0,21.247633333333333,32.3929,3.254333333333334,77.53703333333335,26.190366666666666,15.294699999999999,20.924133333333334,3.8069666666666655,2014.0,6430.02,4745.9,797.66,3646.79,474.13,1573.69,1.25
3,161.0,30.585499999999996,35.8165,63.53699999999999,89.188,29.988,21.873,26.0045,7.484,2014.0,161.0,7.5045,24.9945,0.0,61.67,20.922,9.254499999999998,17.035500000000003,2.0415,2014.0,161.0,20.0607,31.816233333333336,9.283333333333331,78.89099999999999,25.681799999999996,15.0782,20.783400000000004,4.319833333333334,2014.0,7211.37,5453.65,629.67,3928.41,343.85,1403.51,0.0
4,177.0,29.32,36.284499999999994,31.9055,90.6055,30.767500000000005,22.169,26.273999999999997,6.0954999999999995,2014.0,177.0,8.802,27.813499999999998,0.0,65.369,20.4375,11.176,16.448,1.649,2014.0,177.0,19.62533333333333,33.40953333333333,9.470366666666667,78.85510000000001,27.593933333333332,18.498533333333338,23.259500000000003,3.626633333333333,2014.0,7783.42,5507.67,455.42,3649.16,251.16,1012.45,0.63
5,193.0,29.2,35.822,21.124999999999996,91.29299999999999,31.8265,21.6115,26.578,5.179499999999999,2014.0,193.0,11.462,28.664999999999996,0.0,62.34550000000001,22.957,11.496,17.566,1.4705,2014.0,193.0,23.848966666666662,31.702433333333335,4.126333333333333,73.46373333333334,26.93126666666667,16.569633333333332,22.06946666666666,3.510699999999999,2014.0,7765.53,5994.99,520.42,4148.6,285.49,1100.67,0.0
6,209.0,27.991500000000002,36.0615,11.952499999999999,79.119,33.614999999999995,22.3625,27.563499999999998,5.686999999999999,2014.0,209.0,11.6495,29.228499999999997,0.0,49.742,25.683500000000002,13.4035,20.472,1.5924999999999998,2014.0,209.0,23.044299999999996,32.26483333333334,2.274933333333333,66.30476666666667,29.335666666666665,17.5373,23.45446666666667,3.2526666666666664,2014.0,7670.08,5627.68,503.69,3828.72,277.64,1007.63,0.01
7,225.0,26.210000000000004,36.918,49.6705,90.895,30.5415,21.006,25.427999999999997,4.774,2014.0,225.0,4.437,28.129,0.0,61.124,22.9385,12.8865,19.556,1.497,2014.0,225.0,16.05835714285714,33.47786666666667,11.342433333333332,79.7496,26.591699999999996,17.66886666666666,22.056233333333335,3.1278333333333332,2014.0,8061.61,5627.53,384.2,3613.72,213.59,746.35,0.0
8,241.0,23.891,37.107,36.375499999999995,88.97399999999999,33.4645,22.671,27.2835,6.8795,2014.0,241.0,6.262499999999999,28.8555,0.0,66.9975,24.567999999999998,14.7585,19.895,2.3369999999999997,2014.0,241.0,16.9579,33.711000000000006,8.9538,78.99666666666666,29.294333333333338,19.5015,24.153766666666666,3.9224666666666668,2014.0,8068.46,5447.52,368.63,3462.6,201.5,740.98,0.0
9,257.0,23.218,35.687,38.292,85.17349999999999,29.5085,20.3185,24.47,6.522499999999999,2014.0,257.0,4.437,22.607999999999997,0.0,64.4795,12.449499999999999,2.6414999999999997,9.608,2.2769999999999997,2014.0,257.0,14.869299999999997,29.310366666666667,4.1827000000000005,77.08360000000002,22.33843333333333,10.513866666666667,16.543733333333332,4.010533333333333,2014.0,7190.5,4568.07,500.89,3065.32,274.38,870.02,0.17
10,273.0,18.5075,33.359500000000004,66.19200000000001,96.249,27.987000000000002,16.6725,21.7635,8.022499999999999,2014.0,273.0,4.9355,21.5065,0.0,54.336,12.157,0.54,5.869999999999999,1.5215,2014.0,273.0,14.189999999999998,28.731966666666676,6.933366666666666,70.9610333333333,22.578666666666663,11.019833333333331,16.521633333333334,3.9698333333333324,2014.0,6431.88,3794.17,571.49,2679.7,300.81,1160.29,0.0
11,289.0,16.929000000000002,30.773,9.459999999999999,95.034,21.842,10.6245,13.729000000000001,9.804,2014.0,289.0,2.153,21.834,0.0,66.9855,12.4325,1.676,8.468,2.6955,2014.0,289.0,11.412700000000001,25.99883333333333,1.7272999999999996,78.6775,17.10906666666667,6.3912,11.386766666666668,4.5242666666666675,2014.0,5100.74,2924.54,778.68,2428.38,404.97,1486.49,0.0
12,305.0,13.931999999999999,29.151,20.8675,77.93799999999999,23.970000000000002,11.4975,17.644,7.9155,2014.0,305.0,6.4065,19.64,0.0,54.50549999999999,7.176,-4.721,1.2874999999999999,2.8040000000000003,2014.0,305.0,11.521966666666664,24.263533333333335,1.4866333333333333,68.12916666666668,15.289833333333329,3.039933333333334,8.802666666666665,5.364566666666666,2014.0,4233.71,2464.42,973.02,2388.63,506.66,1703.77,0.24
