,DOY,INSgdmax,RADmax,RAINmax,RHmax,TMAXmax,TMINmax,Tmax,WINDmax,YEAR,DOY,INSgdmin,RADmin,RAINmin,RHmin,TMAXmin,TMINmin,Tmin,WINDmin,YEAR,DOY,INSgdmean,RADmean,RAINmean,RHmean,TMAXmean,TMINmean,Tmean,WINDmean,YEAR,NDVI,EVI,RED,NIR,BLUE,MIR,pixrel
0,113.0,26.06,30.85,19.57,92.2,21.16,11.08,15.41,11.64,2014.0,113.0,3.64,22.9,0.0,64.64,5.88,-2.9,2.18,3.66,2014.0,113.0,14.234666666666667,26.590666666666667,5.035333333333335,79.79,13.6,2.1399999999999997,7.948666666666667,7.021333333333332,2014.0,3001.58,1522.07,829.69,1655.1,580.77,1120.93,0.9
1,129.0,25.96,31.82,20.85,89.69,25.17,11.05,19.38,8.05,2014.0,129.0,4.54,24.3,0.0,66.78,8.94,-0.69,5.86,2.55,2014.0,129.0,15.899333333333335,27.535333333333334,3.544666666666666,75.80666666666666,17.39666666666667,4.597333333333333,11.53466666666667,5.5553333333333335,2014.0,3273.14,1556.18,536.35,1408.06,316.94,849.75,8.15
2,145.0,28.94,34.88,19.79,88.93,28.16,19.12,22.92,7.4,2014.0,145.0,8.68,25.63,0.0,61.8,19.15,3.79,12.97,2.79,2014.0,145.0,21.530666666666672,30.571333333333335,3.0626666666666664,77.52000000000001,23.86733333333334,12.779333333333335,18.57133333333333,4.486666666666667,2014.0,4643.08,2610.44,414.25,1834.8,253.01,632.65,2.88
3,161.0,29.84,36.04,29.03,89.27,28.18,20.25,24.36,8.25,2014.0,161.0,8.57,26.35,0.0,61.02,18.89,7.82,15.62,2.11,2014.0,161.0,20.814666666666664,30.862000000000002,9.284666666666665,75.29999999999998,23.95466666666666,12.526666666666667,18.779999999999998,4.568,2014.0,5476.07,3516.2,344.89,2280.35,224.33,444.5,2.79
4,177.0,29.52,35.17,34.37,92.93,28.88,20.34,23.26,7.5,2014.0,177.0,12.28,27.25,0.0,63.79,21.17,9.75,15.39,2.3,2014.0,177.0,20.747999999999998,32.297333333333334,7.558000000000001,80.09933333333333,25.758666666666667,15.960666666666668,21.05066666666666,4.223333333333333,2014.0,5680.21,3634.61,292.29,2466.47,196.28,420.54,23.63
5,193.0,28.48,34.81,16.36,89.83,30.28,19.56,24.34,6.48,2014.0,193.0,5.22,27.25,0.0,69.07,19.02,9.64,15.22,1.93,2014.0,193.0,21.373333333333335,30.89533333333333,2.7966666666666664,77.526,24.754666666666665,14.55533333333333,19.958000000000002,4.361999999999999,2014.0,5473.14,3266.43,85.18,2105.77,1.62,203.18,38.86
6,209.0,27.29,35.17,13.71,91.3,29.16,19.67,24.49,6.89,2014.0,209.0,8.42,28.12,0.0,70.24,21.58,11.56,17.31,2.09,2014.0,209.0,21.88333333333333,31.080000000000005,1.8366666666666667,78.09333333333332,25.651333333333337,15.149333333333335,20.852666666666668,3.4979999999999993,2014.0,5587.06,3541.58,209.37,2319.7,111.15,367.38,23.32
7,225.0,25.02,34.31,11.95,90.53,27.83,19.24,23.25,6.36,2014.0,225.0,13.0,27.68,0.0,72.49,20.2,12.44,18.06,1.69,2014.0,225.0,19.202857142857145,32.126666666666665,3.7986666666666675,82.08866666666667,24.882,15.918000000000001,20.544,3.342,2014.0,5428.26,3036.46,138.44,2006.02,56.53,261.25,38.55
8,241.0,23.04,35.39,25.1,94.51,29.79,20.88,25.24,6.18,2014.0,241.0,5.0,28.76,0.0,71.55,17.95,9.84,14.91,2.28,2014.0,241.0,16.743333333333332,32.459333333333326,6.228666666666666,83.47266666666664,25.276000000000007,16.326,20.962,4.010666666666666,2014.0,5145.54,2373.19,-44.41,1585.82,-131.24,122.93,63.76
9,257.0,21.96,33.84,11.18,93.92,25.13,16.99,20.72,7.89,2014.0,257.0,6.8,23.29,0.0,66.32,10.58,1.23,7.24,2.5,2014.0,257.0,15.056666666666667,28.08333333333333,2.2933333333333334,77.52066666666668,19.567999999999998,8.248000000000001,14.070666666666666,4.522,2014.0,4615.69,2249.32,45.63,1619.5,-73.35,208.62,61.22
10,273.0,17.1,32.98,20.32,96.37,25.18,14.89,19.62,9.31,2014.0,273.0,2.59,22.9,0.0,60.15,9.77,0.74,4.7,2.69,2014.0,273.0,11.52266666666667,28.286666666666655,2.9513333333333334,78.36066666666667,18.798000000000002,8.192666666666668,13.222000000000001,4.976000000000001,2014.0,3864.81,1631.73,287.34,1320.84,113.22,444.77,30.86
11,289.0,15.62,29.59,13.37,95.98,19.53,8.2,12.51,8.81,2014.0,289.0,2.56,21.31,0.0,67.33,11.94,-0.64,5.56,2.64,2014.0,289.0,11.877333333333333,24.759333333333334,1.6633333333333333,78.06400000000004,15.280000000000003,3.9073333333333333,9.054,4.751333333333334,2014.0,2935.86,699.55,69.5,847.62,-93.5,337.73,71.4
12,305.0,12.64,27.83,3.3,89.33,18.03,6.22,12.17,7.49,2014.0,305.0,3.49,17.21,0.0,63.56,3.94,-5.2,-1.49,3.45,2014.0,305.0,8.491999999999999,24.11066666666666,0.6466666666666666,73.65933333333334,10.937999999999997,0.37266666666666654,5.212000000000001,5.617999999999999,2014.0,3458.43,1222.76,730.45,1343.44,564.79,690.72,3.3
