,DOY,INSgdmax,RADmax,RAINmax,RHmax,TMAXmax,TMINmax,Tmax,WINDmax,YEAR,DOY,INSgdmin,RADmin,RAINmin,RHmin,TMAXmin,TMINmin,Tmin,WINDmin,YEAR,DOY,INSgdmean,RADmean,RAINmean,RHmean,TMAXmean,TMINmean,Tmean,WINDmean,YEAR,NDVI,EVI,RED,NIR,BLUE,MIR,pixrel
0,113.0,26.563699999999997,31.9692,16.9239,90.7516,24.703000000000003,10.785699999999999,17.3477,8.902999999999999,2014.0,113.0,4.3393,22.5504,0.0,59.3736,9.875700000000002,-1.3787000000000003,5.699100000000001,3.0443000000000002,2014.0,113.0,16.71192,27.29207333333333,2.5027333333333335,73.81672,18.188706666666665,5.196446666666667,11.872806666666667,5.54098,2014.0,4663.64,3101.45,1005.67,2795.17,638.88,1421.13,1.58
1,129.0,26.5397,33.7646,28.321000000000005,90.6678,28.9671,18.365499999999997,22.8153,7.0418,2014.0,129.0,7.5138,25.0977,0.0,60.9979,12.656099999999999,1.8119,8.454,3.0079,2014.0,129.0,18.412753333333335,28.727406666666667,4.058186666666666,72.01551333333333,20.677133333333337,8.438166666666666,14.90300666666667,5.225313333333334,2014.0,6079.8,3806.54,673.9,2885.24,365.36,1279.26,0.01
2,145.0,28.5898,34.7685,11.8397,86.9373,28.9737,19.7396,24.2226,7.1187,2014.0,145.0,13.863900000000001,25.3142,0.0,60.187,20.6022,3.9835,13.4387,2.6023,2014.0,145.0,22.0342,32.02474666666667,2.8036933333333334,77.34818000000001,25.933259999999997,14.78819333333333,20.56762,3.7627266666666666,2014.0,6936.53,4688.47,567.14,3268.37,364.1,921.33,1.12
3,161.0,30.596200000000003,35.853,53.892900000000004,88.9566,29.437399999999997,21.396,25.769099999999998,6.7536000000000005,2014.0,161.0,2.9317,25.140199999999997,0.0,59.987700000000004,21.7879,9.1084,17.1463,1.818,2014.0,161.0,19.96022238095238,31.659,8.576720000000002,76.85904,25.595886666666665,14.486033333333332,20.50778,4.158026666666666,2014.0,7705.77,5077.76,418.32,3280.81,239.57,783.57,0.06
4,177.0,29.357400000000002,36.1936,28.61,91.1879,30.425099999999997,22.0334,25.7806,5.9685,2014.0,177.0,6.314900000000001,27.7922,0.0,66.47899999999998,20.424699999999998,10.856499999999999,16.4176,1.9848,2014.0,177.0,18.39612,33.334720000000004,10.348433333333332,79.67042666666666,27.385066666666667,18.252686666666666,23.056426666666667,3.641633333333333,2014.0,7952.95,5439.16,386.77,3466.94,234.59,724.81,0.69
5,193.0,29.075799999999994,36.1167,21.1436,90.6687,30.559999999999995,21.502299999999998,26.0113,5.4755,2014.0,193.0,8.577,28.564,0.0,63.870900000000006,22.0763,11.310199999999998,16.940600000000003,1.6122,2014.0,193.0,22.762786666666663,31.559426666666667,3.542653333333333,74.63278666666666,26.519573333333334,16.145419999999998,21.71324666666667,3.535193333333333,2014.0,7815.19,5319.56,414.73,3476.65,235.68,843.97,0.29
6,209.0,27.620900000000002,36.0049,14.724800000000002,85.239,32.2208,21.4698,26.577599999999997,5.7755,2014.0,209.0,13.6581,28.8183,0.0,56.6595,24.175,12.9585,19.2713,1.4544000000000001,2014.0,209.0,22.871673333333334,31.79298,2.7341599999999993,69.55016666666667,28.43106666666666,16.923386666666666,22.8406,3.219206666666666,2014.0,7722.12,5216.5,436.81,3408.49,254.27,879.28,0.51
7,225.0,25.8176,35.4656,40.6658,92.307,29.714,19.9961,24.393100000000004,5.706300000000001,2014.0,225.0,4.7958,27.9208,0.0,64.33279999999999,23.350700000000003,12.756499999999999,19.476599999999998,1.6551,2014.0,225.0,15.887992857142859,33.09888,10.352133333333335,79.85160666666667,26.48244,17.333413333333333,21.80388,3.315926666666668,2014.0,7914.43,4815.48,340.19,2981.15,195.37,648.37,0.3
8,241.0,23.7731,37.0882,25.0298,92.07230000000001,32.1262,23.113,26.7278,6.2204,2014.0,241.0,5.7795,29.168100000000003,0.0,74.5241,24.539900000000003,14.317599999999999,19.705399999999997,2.2293000000000003,2014.0,241.0,17.48402666666667,33.752113333333334,6.970413333333333,82.64579333333333,28.459766666666667,19.083499999999997,23.608386666666668,3.702646666666667,2014.0,7903.76,4807.18,341.25,2982.77,196.91,663.11,0.0
9,257.0,22.0556,36.1011,32.8987,89.1143,27.838900000000002,19.503700000000002,23.200699999999998,6.9203,2014.0,257.0,4.8893,22.4125,0.0,68.09530000000001,12.219000000000001,2.1545000000000005,9.397699999999999,2.0428,2014.0,257.0,14.734326666666668,28.93961333333333,4.03026,78.15136,21.581493333333334,9.791199999999998,15.87694,3.895046666666667,2014.0,7274.68,4211.28,404.64,2716.12,219.89,722.13,0.0
10,273.0,17.9501,32.6191,55.679899999999996,97.5283,27.3776,16.1963,21.350299999999997,8.123000000000001,2014.0,273.0,4.7692,21.586399999999998,0.0,56.0089,11.6998,0.35159999999999997,5.6913,1.3845,2014.0,273.0,13.985959999999999,28.70901333333333,5.8174,73.16092666666667,21.73339333333334,10.457346666666666,15.93276666666667,3.9926933333333334,2014.0,6934.81,3864.66,429.18,2537.64,233.4,767.77,0.0
11,289.0,16.606,30.6986,12.8491,97.0429,20.737299999999998,9.8752,13.639700000000001,9.4148,2014.0,289.0,1.7558,21.589799999999997,0.0,67.92830000000001,12.0872,1.0938,7.9918,2.6743,2014.0,289.0,10.930146666666666,25.96054,1.7665533333333334,79.95270666666667,16.50218,5.709473333333333,10.717979999999999,4.426400000000001,2014.0,6207.05,3235.27,509.23,2258.91,275.94,906.75,0.0
12,305.0,13.5778,29.2299,20.142699999999998,82.30529999999999,22.7968,11.795100000000001,17.4403,7.321199999999999,2014.0,305.0,4.6364,19.1496,0.0,58.6716,6.3691,-5.3176000000000005,0.4654,2.9861,2014.0,305.0,10.93520666666667,24.405946666666665,1.5971866666666668,69.72158666666667,14.302233333333334,2.3364866666666666,8.050253333333334,5.23958,2014.0,5873.59,2926.05,568.52,2163.43,298.95,1046.96,0.02
