,DOY,INSgdmax,RADmax,RAINmax,RHmax,TMAXmax,TMINmax,Tmax,WINDmax,YEAR,DOY,INSgdmin,RADmin,RAINmin,RHmin,TMAXmin,TMINmin,Tmin,WINDmin,YEAR,DOY,INSgdmean,RADmean,RAINmean,RHmean,TMAXmean,TMINmean,Tmean,WINDmean,YEAR,NDVI,EVI,RED,NIR,BLUE,MIR,pixrel
0,113.0,26.1,29.52,19.12,92.93,21.99,8.56,15.05,10.84,2014.0,113.0,2.84,21.85,0.0,48.28,5.36,-4.41,2.26,3.05,2014.0,113.0,15.952666666666666,26.530666666666665,3.743333333333333,71.468,15.457333333333336,3.1259999999999994,9.313333333333333,7.296666666666666,2014.0,2008.78,935.75,1003.24,1506.46,551.9,1674.51,0.01
1,129.0,25.7,31.79,18.64,82.86,28.62,9.95,18.23,7.77,2014.0,129.0,6.8,21.92,0.0,54.86,9.07,-1.17,4.67,2.19,2014.0,129.0,19.413333333333334,26.87,2.354,65.22466666666666,18.493333333333332,4.5233333333333325,11.450666666666667,5.974666666666666,2014.0,1994.25,865.4,909.08,1361.79,508.6,1856.81,0.3
2,145.0,28.69,34.85,17.65,83.47,28.82,18.81,23.63,6.71,2014.0,145.0,5.58,25.63,0.0,55.81,21.26,4.09,13.6,2.09,2014.0,145.0,20.42533333333333,30.858666666666668,3.576,69.73533333333333,25.719999999999995,13.308,19.656000000000002,4.399333333333334,2014.0,2840.99,1301.0,870.31,1561.51,475.76,1811.54,0.6
3,161.0,28.08,36.76,21.23,85.91,29.03,19.78,24.48,8.95,2014.0,161.0,2.52,26.5,0.0,49.61,18.85,7.64,15.19,1.79,2014.0,161.0,17.063333333333333,30.895333333333333,8.765333333333334,69.96666666666667,24.486666666666665,12.666000000000002,19.016000000000005,4.9959999999999996,2014.0,4743.06,2657.89,760.51,2227.04,414.58,1545.38,0.13
4,177.0,29.63,34.67,24.43,83.43,30.88,19.67,23.27,8.4,2014.0,177.0,8.89,27.86,0.0,60.07,21.68,10.49,16.18,1.55,2014.0,177.0,21.06666666666666,31.742666666666672,7.296,72.462,25.830666666666666,15.691999999999998,21.015333333333334,4.29,2014.0,6996.47,5354.24,643.77,3961.15,370.65,1000.81,0.82
5,193.0,28.69,35.93,13.38,84.96,31.19,19.48,24.47,6.4,2014.0,193.0,11.52,27.0,0.0,59.47,19.89,9.91,15.93,1.33,2014.0,193.0,22.812,30.817999999999998,2.1853333333333333,69.78866666666667,25.824666666666662,14.845999999999998,20.542666666666666,4.42,2014.0,7197.74,5533.06,651.13,4121.52,331.25,919.84,0.42
6,209.0,26.17,35.68,9.1,83.41,30.27,19.93,25.33,6.89,2014.0,209.0,4.75,27.61,0.0,55.38,23.19,11.76,18.38,1.23,2014.0,209.0,20.23466666666667,31.134,1.3693333333333333,66.342,26.803999999999995,15.550666666666665,21.559333333333328,3.365999999999999,2014.0,7673.27,5615.23,506.45,3876.15,260.35,600.07,0.61
7,225.0,26.21,34.63,13.97,90.6,28.94,18.84,23.78,6.4,2014.0,225.0,8.6,26.96,0.0,60.16,21.0,11.47,18.33,1.69,2014.0,225.0,18.89071428571429,32.18333333333333,3.3053333333333326,76.466,25.552666666666667,16.201999999999998,20.984666666666673,3.6746666666666656,2014.0,6184.43,4226.13,779.07,3316.52,390.93,818.8,0.0
8,241.0,22.43,35.06,20.17,94.27,29.94,20.72,24.4,6.81,2014.0,241.0,4.21,28.15,0.0,60.76,17.3,9.98,14.41,2.39,2014.0,241.0,14.405333333333328,32.181333333333335,4.959333333333333,76.20933333333333,25.250666666666667,16.163999999999998,20.652666666666672,4.121333333333334,2014.0,4440.7,2572.88,915.87,2438.99,418.41,1330.55,0.0
9,257.0,21.89,32.47,7.54,90.56,28.63,16.76,20.51,7.19,2014.0,257.0,5.58,22.57,0.0,58.43,12.91,1.56,8.43,2.55,2014.0,257.0,15.439333333333334,28.18399999999999,2.3086666666666664,69.73066666666668,20.828000000000007,9.224666666666668,14.847333333333331,4.562666666666667,2014.0,3238.5,1763.18,1062.7,2080.02,524.44,1658.64,0.25
10,273.0,17.96,31.32,13.74,88.39,26.96,15.45,20.2,10.18,2014.0,273.0,2.27,21.71,0.0,49.37,9.4,-0.43,4.28,3.15,2014.0,273.0,12.463999999999999,27.947999999999997,2.1506666666666665,72.48333333333333,19.38533333333333,9.303333333333333,14.210666666666667,5.314666666666667,2014.0,3128.34,1623.01,985.08,1902.19,514.92,1665.78,0.0
11,289.0,15.91,29.02,10.67,84.76,20.81,8.88,13.49,7.45,2014.0,289.0,3.46,20.88,0.0,58.16,12.46,-0.79,5.97,2.47,2014.0,289.0,12.392000000000001,24.93399999999999,0.8326666666666667,68.00066666666666,16.926000000000002,4.554,10.086000000000002,4.858666666666666,2014.0,2658.74,1158.72,815.82,1429.23,441.29,1417.59,0.21
12,305.0,12.71,27.86,1.68,87.57,18.84,6.81,11.69,8.16,2014.0,305.0,4.03,17.1,0.0,51.68,4.4,-6.07,-1.37,3.24,2014.0,305.0,9.530666666666667,24.253333333333334,0.366,64.02000000000001,12.050666666666666,0.867333333333333,5.982,5.738666666666665,2014.0,2032.7,1001.94,1594.46,2160.41,1171.64,1253.56,0.86
