,DOY,INSgdmax,RADmax,RAINmax,RHmax,TMAXmax,TMINmax,Tmax,WINDmax,YEAR,DOY,INSgdmin,RADmin,RAINmin,RHmin,TMAXmin,TMINmin,Tmin,WINDmin,YEAR,DOY,INSgdmean,RADmean,RAINmean,RHmean,TMAXmean,TMINmean,Tmean,WINDmean,YEAR,NDVI,EVI,RED,NIR,BLUE,MIR,pixrel
0,113.0,25.967000000000002,31.6219,14.1388,92.6092,20.2858,10.689400000000001,15.1124,11.8818,2014.0,113.0,2.8309,21.653799999999997,0.0,68.639,5.6289,-3.1790000000000003,3.0077,3.6786000000000003,2014.0,113.0,13.443546666666668,26.39908666666667,4.063173333333333,81.91722000000003,12.94156,1.70972,7.468166666666669,6.814253333333333,2014.0,2705.68,1527.39,1284.45,2106.87,1060.41,1487.24,2.5
1,129.0,26.294800000000002,32.6942,17.790300000000002,93.9308,23.840099999999996,15.0862,19.5567,7.743099999999999,2014.0,129.0,7.478800000000001,24.597600000000003,0.0,70.17450000000001,8.019300000000001,-0.3273,5.6926,2.7081000000000004,2014.0,129.0,15.453553333333334,27.62275333333333,3.828626666666666,79.77962666666667,16.681186666666665,5.034433333333333,11.349286666666666,5.362513333333333,2014.0,4503.52,1985.18,595.1,1631.77,317.69,1099.24,0.14
2,145.0,29.0423,34.8521,15.019100000000002,88.9021,27.6764,19.1107,22.780500000000004,7.5209,2014.0,145.0,7.6011999999999995,25.099899999999998,0.0,66.5523,17.4946,3.4830999999999994,12.3934,2.6412,2014.0,145.0,22.00992666666667,30.170813333333335,2.5009466666666667,79.24794,23.399233333333335,12.23869333333333,18.159033333333333,4.386846666666667,2014.0,6458.06,3425.63,452.85,2280.82,252.93,801.49,0.02
3,161.0,30.0818,35.537800000000004,23.8871,90.62780000000002,28.040499999999998,20.687099999999997,24.1926,7.329299999999999,2014.0,161.0,7.863199999999999,26.015199999999997,0.0,62.1081,19.875799999999998,7.782800000000001,15.396800000000002,2.4076,2014.0,161.0,21.72420666666667,30.391420000000004,8.122786666666666,76.36887999999999,23.596926666666665,12.426226666666667,18.448919999999998,4.484919999999999,2014.0,7803.86,4663.71,272.36,2789.58,167.47,474.75,0.0
4,177.0,29.482799999999997,35.7373,34.035199999999996,93.7577,28.414999999999996,20.5539,23.492500000000003,7.1466,2014.0,177.0,6.653499999999999,27.519699999999997,0.0,63.0088,20.6399,9.684899999999999,15.250499999999999,2.2814,2014.0,177.0,18.71688,32.35995333333333,8.07694,81.11427333333334,25.59250666666667,16.31158666666667,21.162886666666665,4.266113333333334,2014.0,8143.69,5276.31,274.52,3212.6,167.6,525.12,0.07
5,193.0,28.377700000000004,34.7077,16.5832,89.5138,29.628999999999998,19.1787,24.1168,6.3312,2014.0,193.0,4.4481,27.7522,0.0,70.1581,19.4478,9.7888,15.0433,1.9299999999999997,2014.0,193.0,20.608253333333334,31.036073333333334,3.0837266666666667,78.68292000000001,24.455826666666667,14.463573333333336,19.741,4.357660000000001,2014.0,8328.73,4747.06,219.9,2733.25,134.71,376.85,0.95
6,209.0,27.0854,34.370200000000004,16.6023,91.3651,28.8717,19.7816,24.4807,6.6668,2014.0,209.0,7.052899999999999,28.2874,0.0,72.5743,21.8032,11.2345,16.9287,1.9876999999999998,2014.0,209.0,22.055073333333333,31.044660000000007,2.5062666666666664,78.64451333333334,25.602353333333326,15.040213333333337,20.790666666666667,3.551939999999999,2014.0,8136.0,5231.1,298.52,3197.76,180.12,550.71,0.11
7,225.0,25.2246,34.2077,10.787499999999998,85.10810000000001,27.4487,18.840099999999996,22.9245,5.9694,2014.0,225.0,9.149799999999999,27.3173,0.0,74.3686,21.948400000000003,12.4958,17.678699999999996,1.3738000000000001,2014.0,225.0,19.329735714285718,31.93756666666666,3.569886666666667,81.24360666666668,25.030179999999994,15.57576,20.47208,3.1733599999999997,2014.0,7824.89,4489.97,282.98,2654.89,189.16,428.43,0.18
8,241.0,23.2074,36.1247,24.3839,94.81690000000002,30.0132,22.033200000000004,25.537599999999998,6.18,2014.0,241.0,4.6652,29.1692,0.0,73.79129999999999,18.7963,10.0818,15.5052,2.1033,2014.0,241.0,17.091153333333327,32.64099333333333,7.065666666666667,84.29726666666667,25.601500000000005,16.51696,21.198839999999997,4.006946666666667,2014.0,7909.01,4504.04,263.22,2659.26,158.4,467.31,0.01
9,257.0,21.662399999999998,34.4724,11.282300000000001,93.83630000000001,24.1721,17.8642,20.8037,7.8807,2014.0,257.0,6.6326,22.555300000000003,0.0,67.1384,10.6172,0.8021999999999999,7.0168,2.2767999999999997,2014.0,257.0,15.311486666666667,27.848353333333336,2.3398333333333334,78.27210666666667,19.285899999999998,8.1023,13.907606666666666,4.548039999999999,2014.0,6710.44,3457.85,400.21,2207.65,234.69,544.1,0.0
10,273.0,16.7652,32.645199999999996,21.966099999999997,98.1091,25.319499999999998,14.4622,19.4991,9.2356,2014.0,273.0,2.6551,23.0302,0.0,62.5959,9.5096,1.0562000000000002,4.8116,2.1877999999999997,2014.0,273.0,11.065726666666663,28.280466666666666,2.648773333333333,79.06622666666667,18.362759999999998,7.792766666666667,12.872319999999997,4.75962,2014.0,5712.04,2459.63,419.52,1671.91,226.57,642.14,0.01
11,289.0,15.592099999999999,29.152900000000002,14.6255,96.04509999999999,19.2603,7.8001,11.784600000000001,9.1262,2014.0,289.0,2.2252,21.3472,0.0,67.1533,11.7819,-0.2494,5.5228,2.826,2014.0,289.0,11.066373333333333,24.74011333333334,2.015493333333333,80.41069999999999,14.509340000000002,3.6518933333333328,8.62868,4.751333333333334,2014.0,4995.62,1940.28,437.51,1432.65,222.32,760.38,2.55
12,305.0,12.6679,27.8579,4.6113,91.0412,19.583099999999998,6.666399999999999,13.1651,7.2761,2014.0,305.0,3.1924,17.5448,0.0,64.5365,3.5772999999999997,-5.3767,-1.4062999999999999,3.3662999999999994,2014.0,305.0,8.321499999999999,24.440506666666664,0.8091066666666666,75.35565333333334,10.618699999999999,0.0806466666666667,4.996860000000001,5.4816,2014.0,4549.9,2049.52,638.67,1705.72,383.45,960.66,0.99
