,DOY,INSgdmax,RADmax,RAINmax,RHmax,TMAXmax,TMINmax,Tmax,WINDmax,YEAR,DOY,INSgdmin,RADmin,RAINmin,RHmin,TMAXmin,TMINmin,Tmin,WINDmin,YEAR,DOY,INSgdmean,RADmean,RAINmean,RHmean,TMAXmean,TMINmean,Tmean,WINDmean,YEAR,NDVI,EVI,RED,NIR,BLUE,MIR,pixrel
0,113.0,26.78,32.36,11.5,91.33,25.69,10.79,17.41,8.87,2014.0,113.0,3.1,22.21,0.0,58.49,9.83,-0.29,6.57,2.54,2014.0,113.0,16.956000000000003,27.317333333333337,2.104,72.72,19.040666666666667,6.141999999999999,12.662666666666668,5.485333333333333,2014.0,1751.82,1298.18,2198.34,2937.19,2002.93,612.09,2.56
1,129.0,26.96,34.85,30.77,87.59,28.49,18.56,23.07,6.89,2014.0,129.0,7.34,26.32,0.0,57.81,12.53,3.36,8.2,3.66,2014.0,129.0,17.642666666666667,29.434,4.25,72.916,21.077333333333332,9.909333333333333,15.790666666666663,5.373999999999999,2014.0,5505.44,2041.91,383.34,1356.45,261.15,571.05,0.6
2,145.0,28.26,35.32,8.45,90.54,29.3,20.19,24.54,7.45,2014.0,145.0,12.28,24.48,0.0,60.3,20.39,4.23,13.28,2.25,2014.0,145.0,22.51666666666667,32.20333333333333,2.3459999999999996,78.11933333333334,25.88,15.19466666666667,20.86066666666667,3.7926666666666673,2014.0,6461.46,2767.6,346.91,1721.15,221.57,555.01,0.06
3,161.0,30.74,35.03,45.36,89.71,30.31,22.18,26.24,6.12,2014.0,161.0,1.55,24.95,0.0,61.52,22.43,9.85,17.36,1.82,2014.0,161.0,19.747333333333337,31.762000000000004,6.657333333333335,78.18133333333331,25.806666666666665,15.394,20.942666666666664,4.177333333333333,2014.0,7672.82,3873.87,277.5,2262.65,181.31,426.89,0.87
4,177.0,28.37,37.01,44.63,92.93,29.94,22.69,26.59,6.09,2014.0,177.0,9.25,28.33,0.0,65.74,21.37,11.84,17.69,1.9,2014.0,177.0,21.168666666666663,33.61866666666666,10.658666666666669,79.92533333333334,27.62933333333334,19.21933333333333,23.667333333333332,3.6686666666666654,2014.0,7865.32,4062.95,245.8,2365.77,161.7,434.47,0.0
5,193.0,28.98,36.83,16.17,87.05,30.12,22.57,26.52,5.81,2014.0,193.0,7.09,28.62,0.0,66.21,22.11,11.75,17.08,1.87,2014.0,193.0,23.36466666666667,31.625999999999998,2.9933333333333336,75.30400000000002,26.43066666666667,16.704666666666665,22.01533333333334,3.695333333333333,2014.0,7765.85,3591.17,216.26,1982.07,169.27,303.03,0.03
6,209.0,27.43,35.93,6.7,86.88,30.38,21.25,26.12,5.68,2014.0,209.0,6.59,28.84,0.0,58.93,24.21,13.4,19.43,1.38,2014.0,209.0,22.665333333333344,31.712666666666667,1.26,71.57400000000001,28.062,16.84266666666667,22.70333333333333,3.3380000000000005,2014.0,7773.36,3797.22,227.5,2145.81,170.58,384.5,0.04
7,225.0,25.88,36.04,51.24,93.82,28.95,20.39,24.12,6.87,2014.0,225.0,4.46,28.33,0.0,69.45,22.13,12.98,19.88,1.81,2014.0,225.0,15.152857142857144,33.66466666666667,8.957333333333334,82.28400000000002,26.411999999999992,17.888,22.036666666666665,3.5140000000000002,2014.0,7562.75,3346.71,227.52,1864.14,168.6,308.59,0.05
8,241.0,23.51,37.15,27.63,89.55,32.38,23.92,27.85,6.35,2014.0,241.0,7.2,30.64,0.0,77.4,27.14,15.83,21.95,2.52,2014.0,241.0,19.106,34.06133333333333,5.748000000000001,82.46066666666667,29.289333333333335,20.021333333333335,24.64666666666667,3.7033333333333336,2014.0,7684.15,3026.13,197.67,1667.0,129.95,285.57,0.0
9,257.0,22.39,36.0,44.53,88.05,27.3,18.16,22.67,7.09,2014.0,257.0,3.46,21.96,0.0,66.21,13.58,3.0,10.27,2.12,2014.0,257.0,15.060666666666664,28.840666666666667,4.769333333333334,78.14333333333333,21.91000000000001,10.019333333333332,16.26,3.853333333333333,2014.0,6452.93,2459.34,298.08,1485.29,191.73,359.5,0.0
10,273.0,18.04,34.06,55.6,97.55,28.12,16.35,21.74,8.35,2014.0,273.0,2.59,22.0,0.0,56.57,12.27,1.24,6.26,1.35,2014.0,273.0,13.891333333333334,28.937333333333335,6.31,72.40333333333334,22.45,11.017333333333333,16.609999999999996,3.858,2014.0,6024.83,1938.36,260.94,1171.23,172.52,319.5,0.0
11,289.0,16.85,31.1,13.05,99.23,20.69,11.28,15.15,7.37,2014.0,289.0,2.34,22.21,0.0,71.89,13.68,2.05,8.85,2.93,2014.0,289.0,10.648666666666665,26.462666666666667,1.1340000000000001,81.77533333333332,16.779333333333334,6.599333333333331,11.248666666666669,4.389333333333332,2014.0,6233.03,1943.17,258.29,1173.22,152.27,403.95,0.0
12,305.0,13.64,31.03,35.74,81.11,24.01,15.57,19.28,7.57,2014.0,305.0,4.68,19.84,0.0,59.75,7.29,-5.34,0.81,2.82,2014.0,305.0,10.58,25.051333333333332,3.0333333333333337,69.58533333333334,14.82933333333333,2.861333333333333,8.766,5.327333333333332,2014.0,4276.1,1596.05,604.48,1364.47,610.29,318.9,2.25
