,DOY,INSgdmax,RADmax,RAINmax,RHmax,TMAXmax,TMINmax,Tmax,WINDmax,YEAR,DOY,INSgdmin,RADmin,RAINmin,RHmin,TMAXmin,TMINmin,Tmin,WINDmin,YEAR,DOY,INSgdmean,RADmean,RAINmean,RHmean,TMAXmean,TMINmean,Tmean,WINDmean,YEAR,NDVI,EVI,RED,NIR,BLUE,MIR,pixrel
0,113.0,26.055,30.634999999999998,17.815,91.8525,23.775,9.715,16.3825,10.75,2014.0,113.0,3.9525,21.4675,0.0,63.267500000000005,8.7475,-2.5125,5.02,3.19,2014.0,113.0,16.612333333333336,26.650333333333336,3.5265,76.23366666666665,16.087833333333332,3.4153333333333338,9.787166666666668,6.292666666666666,2014.0,2594.69,1604.04,1666.48,2555.59,1504.78,1544.62,2.57
1,129.0,26.2975,34.555,22.72,93.105,26.7925,18.835,21.325,7.970000000000001,2014.0,129.0,4.18,25.34,0.0,62.16,11.030000000000001,3.0575,7.609999999999999,3.5949999999999998,2014.0,129.0,15.931,28.539666666666665,4.415,75.23966666666666,18.917666666666666,7.771000000000001,13.544499999999998,5.501166666666668,2014.0,5022.22,2439.86,641.53,1949.03,337.37,1162.41,0.11
2,145.0,28.4825,35.305,15.1275,86.935,28.4325,19.7925,23.9325,7.5,2014.0,145.0,11.3125,25.174999999999997,0.0,62.315,19.85,3.5325,12.73,2.96,2014.0,145.0,22.665,30.788999999999998,1.9993333333333334,78.16950000000001,24.95133333333333,13.210166666666668,19.3915,4.219166666666667,2014.0,6803.08,3573.44,419.08,2317.18,228.35,801.41,0.0
3,161.0,30.8425,35.0575,24.41,87.075,28.53,21.08,25.1475,6.4725,2014.0,161.0,5.1025,24.545,0.0,58.6075,22.05,8.682500000000001,16.6425,1.9274999999999995,2014.0,161.0,21.154833333333332,30.725333333333328,7.0459999999999985,75.75900000000001,24.71333333333333,13.541999999999998,19.609166666666667,4.349500000000001,2014.0,8119.08,5163.36,305.36,3174.63,172.04,579.02,0.02
4,177.0,29.532500000000002,35.9825,36.7325,92.10249999999999,29.064999999999998,21.7425,24.607499999999998,6.672499999999999,2014.0,177.0,7.88,27.8225,0.0,65.6425,20.19,10.1475,16.1175,2.11,2014.0,177.0,18.69916666666667,33.12916666666666,9.515833333333333,80.78383333333332,26.566666666666666,17.579,22.34766666666667,4.004666666666667,2014.0,8409.74,5604.07,270.33,3424.18,155.7,545.13,0.24
5,193.0,28.0625,36.2375,21.845,88.34,28.9075,20.5375,24.6675,6.097500000000001,2014.0,193.0,7.085,28.615000000000002,0.0,66.57249999999999,20.415,10.675,15.7675,1.6975,2014.0,193.0,20.644666666666666,31.268166666666666,3.1584999999999996,77.205,25.2855,15.308333333333332,20.687,3.898333333333334,2014.0,8556.99,4976.9,205.5,2868.27,116.99,390.78,0.94
6,209.0,27.0775,35.36,11.670000000000002,86.47500000000001,31.0425,20.585,25.5025,6.37,2014.0,209.0,15.2125,28.314999999999998,0.0,66.39999999999999,22.4375,12.08,17.7025,1.59,2014.0,209.0,22.754500000000004,31.22416666666666,1.9880000000000004,74.82183333333333,26.74866666666667,15.7425,21.703833333333332,3.4608333333333334,2014.0,8295.99,5507.4,279.8,3359.6,162.28,550.67,0.19
7,225.0,25.167499999999997,34.495,19.505,87.9425,28.915,18.840000000000003,23.700000000000003,5.8375,2014.0,225.0,8.1975,27.695,0.0,69.33,22.6725,12.85,18.6325,1.865,2014.0,225.0,18.40678571428571,32.2055,4.401833333333332,77.83250000000001,26.354833333333332,16.379,21.396499999999996,3.534333333333333,2014.0,8229.62,4925.8,261.53,2920.58,150.3,488.96,0.23
8,241.0,23.419999999999998,36.7925,31.8375,91.73,32.697500000000005,23.0925,27.0475,6.695,2014.0,241.0,5.83,28.8725,0.0,67.61,24.472500000000004,13.44,19.435,2.0825,2014.0,241.0,17.405,33.542166666666674,7.216000000000001,80.0145,28.332166666666666,18.667,23.358499999999996,3.9445,2014.0,8177.45,4569.11,238.2,2649.68,134.6,450.15,0.0
9,257.0,21.207500000000003,34.3725,27.4175,88.785,26.992500000000003,17.72,21.6575,7.805,2014.0,257.0,6.7375,21.895000000000003,0.0,65.82,11.065,1.67,8.5175,1.745,2014.0,257.0,14.883000000000001,28.17816666666667,4.897166666666666,75.65249999999999,20.836166666666667,8.7725,15.011666666666667,4.194166666666666,2014.0,6384.87,3164.33,441.86,2088.06,248.07,577.11,0.0
10,273.0,18.177500000000002,32.6825,35.8575,97.35000000000001,27.275,14.962499999999999,21.065,8.715,2014.0,273.0,1.4725000000000001,23.882500000000004,0.0,57.75,11.45,1.5925,5.9025,1.1600000000000001,2014.0,273.0,12.660000000000002,28.593500000000002,5.725666666666667,73.20483333333334,20.61,9.316999999999998,14.822500000000002,4.269833333333333,2014.0,6140.71,2604.32,382.47,1692.85,203.71,614.14,0.0
11,289.0,16.067500000000003,29.8625,16.065,97.595,19.740000000000002,9.135,12.962499999999999,9.37,2014.0,289.0,1.0550000000000002,21.61,0.0,63.802499999999995,12.5975,0.6475,7.6475,2.625,2014.0,289.0,10.239166666666666,25.52016666666667,2.0231666666666666,80.60533333333333,15.215499999999999,4.895666666666665,9.695166666666667,4.635666666666667,2014.0,5525.62,2277.43,443.6,1596.82,228.7,785.68,0.0
12,305.0,12.98,29.0,19.072499999999998,86.665,22.265,11.2375,16.47,7.4375,2014.0,305.0,3.5625,18.905,0.0,62.3725,5.1175,-5.487500000000001,-0.34500000000000003,2.8575,2014.0,305.0,9.205166666666667,24.76566666666666,1.6571666666666665,72.03633333333333,12.481166666666665,1.1795000000000002,6.670000000000002,5.4271666666666665,2014.0,4183.48,2034.77,893.57,1946.19,726.93,737.56,1.85
