,DOY,INSgdmax,RADmax,RAINmax,RHmax,TMAXmax,TMINmax,Tmax,WINDmax,YEAR,DOY,INSgdmin,RADmin,RAINmin,RHmin,TMAXmin,TMINmin,Tmin,WINDmin,YEAR,DOY,INSgdmean,RADmean,RAINmean,RHmean,TMAXmean,TMINmean,Tmean,WINDmean,YEAR,NDVI,EVI,RED,NIR,BLUE,MIR,pixrel
0,113.0,26.343700000000002,31.5938,19.715400000000002,92.4431,24.1802,10.551400000000001,17.213199999999997,10.1005,2014.0,113.0,3.6782000000000004,22.6658,0.0,61.17529999999999,7.903300000000001,-1.9768,4.6649,3.5515000000000003,2014.0,113.0,15.304513333333336,27.236793333333335,4.23914,75.32903333333331,16.94843333333333,3.9076066666666667,10.580906666666667,6.432506666666668,2014.0,1582.27,647.75,1611.81,1928.77,1535.13,643.38,1.43
1,129.0,26.2252,33.2746,30.0533,92.1747,28.461399999999998,15.702300000000001,21.4656,7.8171,2014.0,129.0,5.7374,24.8434,0.0,61.202299999999994,10.791699999999999,1.1056,7.5606,2.7141999999999995,2014.0,129.0,17.567186666666665,28.18532666666666,3.9272133333333334,72.66037333333334,19.623886666666667,6.86882,13.6964,5.5437666666666665,2014.0,1897.95,619.76,436.89,1060.89,311.21,452.21,49.08
2,145.0,28.6976,34.8294,11.923699999999998,85.7127,28.8669,19.4515,23.9078,7.4300999999999995,2014.0,145.0,14.3756,25.278499999999998,0.0,58.9298,20.5218,3.9095,13.3961,3.0022,2014.0,145.0,22.536253333333335,31.349346666666666,2.1178866666666663,76.58547999999999,25.48135333333333,14.015773333333332,19.90290666666667,4.21992,2014.0,3729.31,2034.25,323.07,1413.93,244.39,359.17,0.59
3,161.00000000000003,30.3474,36.1646,49.6314,87.7823,28.756700000000002,20.8934,25.3066,7.5037,2014.0,161.00000000000003,3.3293000000000004,25.3002,0.0,58.367399999999996,21.5179,8.6322,16.903799999999997,1.9945,2014.0,161.00000000000003,20.223220000000005,31.1346,9.845313333333333,75.02411333333333,25.151053333333333,13.557346666666664,19.903573333333334,4.444213333333333,2014.0,3574.39,2322.96,340.36,1600.3,256.9,355.59,0.4
4,177.00000000000003,29.7134,35.4901,31.9311,90.7281,30.064,21.2884,24.6399,6.8017,2014.0,177.00000000000003,3.4845,27.715,0.0,64.9442,20.0587,10.2453,15.7755,2.29,2014.0,177.00000000000003,17.47292,32.93744,8.99268,79.71864666666667,26.94902666666667,17.391639999999995,22.38289333333333,3.993973333333333,2014.0,3160.6,1633.53,-58.03,1300.34,-122.88,-39.71,74.24
5,193.0,29.0644,35.791399999999996,22.285600000000002,89.3361,30.1373,20.439600000000002,25.197999999999997,5.9225,2014.0,193.0,6.5236,28.467100000000002,0.0,64.3616,21.3295,10.829,16.324199999999998,1.7469999999999999,2014.0,193.0,21.403153333333336,31.421713333333333,3.917713333333333,75.09545333333332,26.004713333333335,15.515460000000001,21.08762,3.8501733333333332,2014.0,3378.09,2042.02,157.49,1438.65,101.71,95.58,28.62
6,209.0,26.962600000000002,35.5033,16.159100000000002,85.9141,31.661199999999997,20.6652,26.0703,6.5884,2014.0,209.0,14.480400000000001,28.467600000000004,0.0,60.6524,22.925900000000002,12.4269,18.4138,1.4679999999999997,2014.0,209.0,22.62456666666667,31.473819999999993,3.048833333333333,71.38780000000001,27.640606666666663,16.45537333333333,22.34254,3.3789666666666665,2014.0,3483.17,2217.71,286.83,1613.94,226.94,100.14,18.53
7,225.0,25.2892,34.9608,25.3024,91.0334,29.7367,18.9514,24.050600000000003,5.8662,2014.0,225.0,6.1464,28.055499999999995,0.0,65.5189,22.8866,12.604800000000001,18.944399999999998,1.9588999999999999,2014.0,225.0,16.965885714285715,32.575626666666665,7.542079999999999,78.38798,26.305993333333333,16.73847333333333,21.524146666666663,3.4585466666666664,2014.0,3917.8,2228.05,245.71,1439.1,158.02,41.99,2.89
8,241.0,23.474899999999998,36.6317,25.273100000000003,91.43809999999999,32.200500000000005,22.847600000000003,26.436100000000003,6.2596,2014.0,241.0,6.8121,29.089100000000002,0.0,71.9553,22.0342,12.884599999999999,17.811299999999996,2.1579,2014.0,241.0,17.31967333333333,33.422153333333334,7.412073333333334,80.81092000000001,27.85774,18.32532,22.935946666666666,3.9996800000000006,2014.0,4682.41,2061.17,249.13,1321.13,142.46,61.84,2.89
9,257.0,21.898600000000002,35.3118,18.8785,90.8189,27.491600000000002,19.1947,22.409399999999998,7.2943,2014.0,257.0,4.726999999999999,22.378700000000002,0.0,66.0631,11.847999999999999,1.7269999999999999,8.6354,2.1366,2014.0,257.0,14.848926666666667,28.573980000000002,3.32864,76.17668666666667,21.119760000000003,9.321259999999999,15.301986666666664,4.305646666666667,2014.0,3236.06,1315.27,231.93,1094.5,110.34,168.48,30.96
10,273.0,17.412300000000002,32.4153,38.410000000000004,97.0101,26.909800000000004,15.302,20.5858,8.8267,2014.0,273.0,3.9965,22.4553,0.0,55.58409999999999,11.0335,0.48340000000000005,5.53,1.9387999999999999,2014.0,273.0,13.238166666666668,28.68122,4.104946666666667,73.11434,20.97098666666667,9.662546666666666,15.092300000000002,4.536806666666666,2014.0,4302.47,1488.42,340.28,1173.48,220.96,245.06,18.01
11,289.0,16.2491,30.2154,15.047699999999999,95.83370000000001,20.3756,9.1157,13.268099999999999,9.7806,2014.0,289.0,1.4053,21.304700000000004,0.0,64.18209999999999,12.0989,0.18219999999999997,7.3340000000000005,2.8344,2014.0,289.0,11.129413333333334,25.46357333333333,2.25266,77.78204,16.162686666666666,4.91352,10.116913333333335,4.748553333333334,2014.0,2272.38,337.29,58.35,618.02,-81.64,126.14,66.53
12,305.0,13.1813,28.503000000000004,11.3034,85.9313,21.5784,9.1375,15.5289,7.3408999999999995,2014.0,305.0,3.9840999999999998,17.9367,0.0,61.068599999999996,5.1264,-5.3299,-0.047200000000000006,3.3499999999999996,2014.0,305.0,10.02466,24.256660000000004,1.2630666666666668,70.06288666666666,13.117293333333334,1.5076066666666668,6.959280000000001,5.576726666666667,2014.0,1541.0,-33.52,141.35,579.73,39.88,161.97,79.64
