,DOY,INSgdmax,RADmax,RAINmax,RHmax,TMAXmax,TMINmax,Tmax,WINDmax,YEAR,DOY,INSgdmin,RADmin,RAINmin,RHmin,TMAXmin,TMINmin,Tmin,WINDmin,YEAR,DOY,INSgdmean,RADmean,RAINmean,RHmean,TMAXmean,TMINmean,Tmean,WINDmean,YEAR,NDVI,EVI,RED,NIR,BLUE,MIR,pixrel
0,113.0,26.71,32.8,24.87,90.42,25.27,11.53,17.47,7.9,2014.0,113.0,4.03,22.57,0.0,58.88,10.03,-1.61,5.79,2.5,2014.0,113.0,17.700666666666667,27.233333333333334,2.543333333333334,73.66866666666668,18.573333333333334,5.772000000000002,12.365333333333332,4.8726666666666665,2014.0,3583.61,2462.76,1445.52,2860.59,1073.97,1415.59,2.15
1,129.0,26.6,33.98,22.98,91.63,28.87,18.57,23.24,6.52,2014.0,129.0,7.88,25.06,0.0,61.56,12.92,1.89,8.4,2.92,2014.0,129.0,18.606666666666666,29.04000000000001,4.054666666666667,72.27199999999999,21.015333333333334,9.162666666666665,15.442000000000002,4.6786666666666665,2014.0,5475.67,3185.44,752.5,2603.63,407.8,1481.28,0.05
2,145.0,28.4,34.85,10.66,89.58,28.83,19.66,24.28,6.55,2014.0,145.0,11.27,25.2,0.0,62.02,20.44,3.76,13.24,2.34,2014.0,145.0,21.712,32.244,2.74,78.55266666666668,25.978666666666662,15.086666666666668,20.74333333333333,3.32,2014.0,6224.16,3742.63,623.22,2698.32,399.17,1081.3,1.14
3,161.0,30.74,35.24,60.0,91.26,30.0,21.86,25.99,5.94,2014.0,161.0,2.16,25.13,0.0,61.79,22.31,9.31,17.06,1.82,2014.0,161.0,19.817857142857147,31.771333333333338,7.773333333333335,78.904,25.679333333333332,14.980666666666666,20.651999999999997,3.7086666666666663,2014.0,7262.22,4428.25,457.44,2907.22,268.16,866.5,0.17
4,177.0,28.8,36.11,31.54,92.86,30.47,22.35,26.45,5.52,2014.0,177.0,8.14,27.76,0.0,67.08,20.9,11.08,16.8,1.75,2014.0,177.0,19.45266666666667,33.39333333333334,10.525333333333332,80.02399999999999,27.491333333333337,18.613999999999997,23.278666666666666,3.220666666666667,2014.0,7650.86,5061.69,424.79,3329.96,248.7,848.35,0.19
5,193.0,29.2,36.04,18.69,90.97,30.72,21.76,26.37,5.1,2014.0,193.0,10.76,28.58,0.0,64.09,22.22,11.25,17.11,1.48,2014.0,193.0,23.35933333333333,31.605333333333327,2.8759999999999994,75.23533333333334,26.489333333333335,16.415333333333333,21.872000000000003,3.2193333333333327,2014.0,7752.49,5234.57,391.27,3393.94,236.33,778.48,0.3
6,209.0,27.65,35.89,10.75,86.11,31.53,21.6,26.45,4.76,2014.0,209.0,9.79,28.73,0.0,56.67,24.43,13.04,19.42,1.43,2014.0,209.0,22.559333333333335,31.879999999999995,1.8106666666666666,70.33466666666666,28.32666666666666,16.940666666666665,22.772666666666666,2.872,2014.0,7830.21,5153.97,354.45,3272.42,221.33,714.5,0.11
7,225.0,26.32,35.78,44.66,93.64,29.35,20.73,24.41,5.19,2014.0,225.0,2.66,27.65,0.0,65.43,23.42,12.91,19.65,1.51,2014.0,225.0,14.935000000000002,33.59466666666667,10.342,81.49066666666666,26.440666666666672,17.645333333333333,21.891333333333343,3.006666666666667,2014.0,7832.01,4835.89,324.04,3024.5,198.9,583.41,0.13
8,241.0,23.94,37.08,20.87,91.06,32.25,23.01,27.25,5.68,2014.0,241.0,6.3,29.48,0.0,75.1,26.53,15.05,21.11,2.19,2014.0,241.0,18.019333333333336,33.751333333333335,5.102,82.15466666666666,28.911999999999992,19.319333333333336,24.035333333333337,3.3440000000000003,2014.0,7755.59,4513.64,314.76,2799.8,186.14,589.41,0.0
9,257.0,22.64,35.93,42.41,88.58,27.56,19.12,23.39,6.18,2014.0,257.0,2.3,22.54,0.0,68.96,12.49,2.2,9.53,2.08,2014.0,257.0,14.536666666666667,29.06333333333333,4.509333333333333,79.02933333333334,21.768666666666668,9.856666666666664,16.112,3.459333333333334,2014.0,6651.99,3776.75,472.23,2569.03,262.86,784.41,0.0
10,273.0,18.11,32.9,73.1,98.39,27.72,16.6,21.67,7.17,2014.0,273.0,2.23,21.38,0.0,56.39,11.86,0.41,5.74,1.23,2014.0,273.0,14.214666666666666,28.66733333333333,7.7139999999999995,72.542,22.184,10.907333333333332,16.379333333333335,3.45,2014.0,6076.72,2980.39,463.04,2047.06,255.72,736.02,0.0
11,289.0,16.88,30.82,12.11,98.64,20.82,10.4,13.9,8.2,2014.0,289.0,2.2,22.0,0.0,71.17,11.94,1.86,8.35,2.58,2014.0,289.0,11.154666666666667,26.191333333333336,0.9593333333333333,81.37066666666666,16.658666666666665,6.081999999999999,10.97,3.9006666666666674,2014.0,5530.71,2647.85,577.69,2013.31,307.46,1018.32,0.0
12,305.0,13.79,30.1,28.39,80.06,23.28,13.67,18.35,6.95,2014.0,305.0,5.54,20.02,0.0,56.48,7.25,-5.39,0.62,2.56,2014.0,305.0,11.277333333333333,24.530666666666665,2.1446666666666667,69.61933333333334,14.90933333333333,2.748,8.598,4.713333333333334,2014.0,5515.29,2499.74,595.66,1941.33,326.24,1022.68,0.18
