,DOY,INSgdmax,RADmax,RAINmax,RHmax,TMAXmax,TMINmax,Tmax,WINDmax,YEAR,DOY,INSgdmin,RADmin,RAINmin,RHmin,TMAXmin,TMINmin,Tmin,WINDmin,YEAR,DOY,INSgdmean,RADmean,RAINmean,RHmean,TMAXmean,TMINmean,Tmean,WINDmean,YEAR,NDVI,EVI,RED,NIR,BLUE,MIR,pixrel
0,113.0,27.2368,30.4896,15.2196,90.0768,23.560799999999997,9.274,16.9816,9.743200000000002,2015.0,113.0,4.9532,18.7496,0.0,47.4076,8.07,-3.9648,2.8824,2.3204,2015.0,113.0,19.649306666666668,24.805439999999997,2.8002666666666673,65.57586666666666,15.95576,2.3864,9.382746666666666,5.401173333333333,2015.0,4235.33,1849.02,633.19,1621.07,318.72,1167.79,2.56
1,129.0,27.552799999999998,33.486799999999995,18.5584,89.5296,25.9308,15.831199999999999,20.066000000000003,8.172,2015.0,129.0,3.7872,24.779999999999998,0.0,64.2584,14.656399999999998,3.4116,8.8712,2.87,2015.0,129.0,17.137386666666668,29.63344,3.515413333333334,77.29005333333335,20.78456,9.651546666666666,15.1808,5.890133333333333,2015.0,6222.97,3005.42,455.93,2010.8,260.11,814.88,0.03
2,145.0,30.270400000000002,33.78,21.625600000000002,92.08200000000001,26.5332,16.1744,20.278,8.6616,2015.0,145.0,4.982,23.860400000000002,0.0,55.0788,10.504,1.1196,7.4632,1.8908,2015.0,145.0,19.142742857142856,28.414314285714287,3.75496,72.28879999999998,20.208373333333334,9.0124,14.939680000000001,4.543466666666667,2015.0,7078.44,3802.46,380.62,2380.09,226.88,658.7,0.04
3,161.0,29.739199999999997,34.0564,26.2224,90.98679999999999,31.579599999999996,17.8828,24.135599999999997,5.856400000000001,2015.0,161.0,4.366,28.8868,0.0,67.94919999999999,19.7764,11.5668,17.115199999999998,2.0443999999999996,2015.0,161.0,20.14308571428571,31.83912,6.732373333333333,79.11266666666666,25.363626666666665,14.753013333333332,20.29184,4.198106666666667,2015.0,8063.99,4834.54,287.62,2932.51,160.89,589.01,0.36
4,177.0,29.0036,33.552,18.3684,86.7692,28.3648,16.827199999999998,22.8144,6.5520000000000005,2015.0,177.0,5.116,26.86,0.0,66.2936,21.174,9.8448,16.4916,1.8599999999999999,2015.0,177.0,21.313428571428577,30.7564,5.631680000000001,75.75663999999999,25.128533333333333,14.358426666666666,20.07656,3.4522933333333334,2015.0,8244.5,5158.98,263.66,3096.31,154.01,535.43,0.14
5,193.0,28.213600000000003,35.68,20.8252,94.4696,30.897200000000005,21.630399999999998,26.2268,5.8168,2015.0,193.0,6.0968,27.0568,0.0,71.2896,20.6712,10.474800000000002,15.877199999999998,1.7091999999999998,2015.0,193.0,21.49538666666666,32.36373333333333,5.225466666666666,81.21455999999999,26.63152,16.3632,21.898373333333335,3.811973333333333,2015.0,8256.07,4943.63,229.72,2911.94,128.44,500.68,2.55
6,209.0,28.09,35.5728,16.488799999999998,89.0532,30.0908,21.5184,25.2444,6.130800000000001,2015.0,209.0,16.1228,27.095999999999997,0.0,63.371199999999995,23.9456,12.616,18.706400000000002,1.6956,2015.0,209.0,24.560986666666665,30.835386666666672,2.9380533333333334,74.68725333333333,26.970506666666665,16.359866666666665,21.94061333333333,3.7898666666666663,2015.0,8187.68,5291.19,288.64,3217.26,172.52,592.13,0.38
7,225.0,25.589599999999997,34.9432,27.0524,95.784,29.5444,20.3268,24.587600000000002,6.869199999999999,2015.0,225.0,2.62,26.35,0.0,66.7832,20.2748,9.551200000000001,15.5044,1.8623999999999998,2015.0,225.0,18.247413333333334,32.15482666666667,6.08272,79.28842666666668,25.753679999999996,16.38552,21.181146666666663,3.6201866666666667,2015.0,8051.58,4495.51,259.87,2654.88,145.66,519.14,0.19
8,241.0,24.4296,35.6276,22.983199999999997,91.4108,29.888799999999996,21.220399999999998,25.409999999999997,7.7324,2015.0,241.0,2.8372,25.240399999999998,0.0,65.65960000000001,19.544399999999996,8.578,14.354800000000001,1.4256000000000002,2015.0,241.0,18.406213333333334,31.008586666666666,2.146186666666667,80.71879999999999,25.042906666666664,14.799173333333336,19.8364,4.305893333333334,2015.0,7876.2,4151.26,267.62,2433.59,150.42,532.38,0.03
9,257.0,20.99,34.884800000000006,30.5156,85.0964,28.8648,20.304000000000002,24.174,8.166400000000001,2015.0,257.0,6.0212,24.2872,0.0,63.4336,17.7612,5.925599999999999,12.540000000000001,2.4524,2015.0,257.0,16.222186666666662,29.22781333333333,4.426640000000001,72.61184,23.67493333333333,12.266293333333332,18.095786666666665,4.594240000000001,2015.0,7322.27,3459.09,287.62,2070.14,154.43,536.21,2.56
10,273.0,17.885600000000004,32.9032,12.2424,82.258,26.356799999999996,16.436799999999998,20.5596,5.601999999999999,2015.0,273.0,7.916,21.7432,0.0,60.016799999999996,14.7248,3.3680000000000003,9.1036,1.0464,2015.0,273.0,14.694906666666668,27.39424,2.32728,72.52346666666665,20.532666666666664,9.1228,14.431333333333336,3.705573333333333,2015.0,6097.55,2688.54,399.52,1796.91,197.13,631.6,2.55
11,289.0,15.92,30.856,10.7344,84.6396,26.125999999999998,10.911200000000001,17.531200000000002,8.6148,2015.0,289.0,2.0032,20.2864,0.0,48.97520000000001,9.354,-2.0576,4.145200000000001,2.5848,2015.0,289.0,11.783146666666667,25.740719999999996,1.3925866666666669,61.20226666666666,17.521226666666667,5.2407200000000005,11.17584,5.282186666666666,2015.0,4972.55,1952.46,462.0,1464.26,236.29,841.04,2.55
12,305.0,11.8488,30.846799999999998,10.8896,88.13680000000001,21.034,9.766,13.9684,7.7536000000000005,2015.0,305.0,2.066,19.589599999999997,0.0,57.79560000000001,8.7444,-1.2744,3.2644,2.6008,2015.0,305.0,7.972106666666667,25.702373333333327,3.2921142857142858,75.35253333333333,14.322186666666667,3.2630400000000006,8.252693333333333,5.214853333333334,2015.0,5158.8,1563.48,334.09,1094.26,170.18,706.29,2.55
