,DOY,INSgdmax,RADmax,RAINmax,RHmax,TMAXmax,TMINmax,Tmax,WINDmax,YEAR,DOY,INSgdmin,RADmin,RAINmin,RHmin,TMAXmin,TMINmin,Tmin,WINDmin,YEAR,DOY,INSgdmean,RADmean,RAINmean,RHmean,TMAXmean,TMINmean,Tmean,WINDmean,YEAR,NDVI,EVI,RED,NIR,BLUE,MIR,pixrel
0,113.0,27.475999999999996,31.058,7.094,83.35600000000001,25.259999999999998,13.255999999999998,19.593999999999998,9.83,2015.0,113.0,3.6079999999999997,19.278,0.0,46.644,12.238,-2.4299999999999997,5.617999999999999,1.3940000000000001,2015.0,113.0,20.07786666666667,25.4344,1.1686666666666665,61.53306666666666,18.478266666666663,4.698666666666666,11.9652,4.8612,2015.0,5045.24,2036.73,485.42,1525.68,255.08,903.43,0.01
1,129.0,27.851999999999997,33.69800000000001,21.126000000000005,87.888,27.45,17.834,21.718000000000004,7.712,2015.0,129.0,5.094,24.492,0.0,58.916000000000004,17.88,5.088,11.329999999999998,2.662,2015.0,129.0,18.237866666666662,30.795066666666667,5.130533333333334,76.4948,23.390399999999996,12.018133333333331,17.809333333333335,4.9812,2015.0,5719.02,2431.36,420.63,1646.75,241.23,744.16,0.01
2,145.0,29.232,34.885999999999996,16.605999999999998,85.33200000000001,27.203999999999997,18.742,21.862,7.382,2015.0,145.0,6.5680000000000005,24.06,0.0,57.55200000000001,10.25,3.114,8.104,2.11,2015.0,145.0,21.49671428571429,29.166428571428575,3.2056000000000004,71.8076,22.329466666666665,10.291333333333334,16.76,4.582800000000001,2015.0,6734.62,3474.28,348.07,2140.14,224.02,584.98,0.0
3,161.0,29.421999999999997,36.263999999999996,29.128,91.024,31.592,20.78,26.098000000000003,5.533999999999999,2015.0,161.0,8.222,30.156,0.0,66.74,25.214000000000002,12.952000000000002,19.037999999999997,1.3780000000000001,2015.0,161.0,20.008714285714284,33.70306666666667,7.1308,78.59826666666665,27.8756,17.243333333333332,22.847466666666666,3.6437333333333335,2015.0,7956.99,4612.35,259.92,2744.0,163.15,529.05,0.28
4,177.0,29.424,36.28,51.205999999999996,89.102,29.694000000000003,20.794,25.503999999999998,6.198,2015.0,177.0,5.732,28.62,0.0,66.926,23.055999999999997,12.521999999999998,18.02,1.9299999999999997,2015.0,177.0,18.72057142857143,32.31653333333333,12.755466666666667,77.81693333333334,26.39226666666667,16.3936,21.65133333333333,3.6486666666666663,2015.0,8127.41,4417.4,200.46,2514.79,132.79,396.68,0.99
5,193.0,27.172,36.436,23.42,91.606,32.802,24.152,28.162000000000003,5.378,2015.0,193.0,7.3759999999999994,30.359999999999996,0.0,73.93199999999999,18.198,13.290000000000001,15.896,2.362,2015.0,193.0,19.578666666666667,33.84213333333333,6.7321333333333335,82.88333333333333,27.61546666666667,18.815466666666662,23.41386666666667,3.534266666666666,2015.0,8212.17,4675.88,219.23,2733.03,132.99,481.92,0.17
6,209.0,27.764000000000003,37.948,17.242,87.75,31.316,22.677999999999997,26.794000000000004,5.7700000000000005,2015.0,209.0,6.023999999999999,28.612000000000002,0.0,66.52799999999999,25.629999999999995,15.318000000000001,21.291999999999998,1.568,2015.0,209.0,21.680933333333336,32.31679999999999,5.225999999999999,75.8644,28.589466666666667,18.453599999999998,23.737333333333332,3.2650666666666663,2015.0,8035.32,4731.23,247.95,2792.48,167.09,491.45,0.45
7,225.0,25.908,35.348,24.422,92.362,30.46,20.256,25.252000000000002,6.444,2015.0,225.0,6.98,26.784,0.0,65.23400000000001,21.406000000000002,11.308000000000002,16.988,2.136,2015.0,225.0,19.466933333333333,32.281866666666666,3.8441333333333327,78.03666666666666,27.451733333333323,17.532400000000003,22.565733333333334,3.4212,2015.0,8110.12,4535.52,243.22,2654.79,149.82,481.97,0.07
8,241.0,24.688000000000002,35.436,10.192,84.34000000000002,33.488,22.266,27.216,6.172,2015.0,241.0,4.4239999999999995,26.044,0.0,61.674,23.296000000000003,9.946,16.65,1.8079999999999998,2015.0,241.0,18.8796,31.57333333333333,1.9309333333333334,72.72520000000002,28.042933333333334,16.1484,22.069066666666664,3.7960000000000003,2015.0,7809.57,3793.27,211.2,2150.74,126.67,402.22,0.0
9,257.0,21.680000000000003,36.04,24.924000000000003,86.62400000000001,32.386,23.17,26.384,7.11,2015.0,257.0,1.52,24.648,0.0,52.698,20.47,8.022,14.01,2.614,2015.0,257.0,17.08066666666667,30.41186666666666,5.695600000000001,67.53666666666666,26.807066666666664,14.39333333333333,20.481199999999994,4.472133333333334,2015.0,7177.04,3156.56,236.17,1805.55,144.17,379.4,0.01
10,273.0,18.558,32.428,6.306000000000001,81.254,28.622,16.088,21.838,6.196,2015.0,273.0,7.052,22.426,0.0,57.300000000000004,17.9,5.116,10.852,1.328,2015.0,273.0,14.890266666666667,28.620933333333326,0.4796000000000001,68.42680000000001,23.300533333333334,11.036933333333332,16.777733333333337,3.7764000000000006,2015.0,6447.06,2692.21,291.03,1655.4,157.36,424.68,2.55
11,289.0,15.692,31.683999999999997,9.190000000000001,87.50800000000001,28.236,13.548000000000002,18.753999999999998,7.561999999999999,2015.0,289.0,2.632,20.316,0.0,41.432,13.355999999999998,-1.6899999999999997,5.918,2.228,2015.0,289.0,12.390666666666668,26.518533333333334,1.6755999999999998,57.1816,20.641600000000004,7.478799999999999,13.521466666666667,5.0321333333333325,2015.0,5611.12,2062.68,345.49,1361.71,186.67,627.84,0.01
12,305.0,13.533999999999999,29.964,10.898,92.36599999999999,23.412,10.623999999999999,16.233999999999998,7.042,2015.0,305.0,1.9979999999999998,19.612000000000002,0.0,59.506,11.386000000000001,-1.3860000000000001,4.538,2.4539999999999997,2015.0,305.0,8.680800000000001,25.258933333333328,3.8445714285714288,74.03999999999999,16.313599999999997,4.442266666666667,9.712133333333332,4.779733333333333,2015.0,6002.78,1725.9,221.83,1039.0,122.12,444.28,2.56
