,DOY,INSgdmax,RADmax,RAINmax,RHmax,TMAXmax,TMINmax,Tmax,WINDmax,YEAR,DOY,INSgdmin,RADmin,RAINmin,RHmin,TMAXmin,TMINmin,Tmin,WINDmin,YEAR,DOY,INSgdmean,RADmean,RAINmean,RHmean,TMAXmean,TMINmean,Tmean,WINDmean,YEAR,NDVI,EVI,RED,NIR,BLUE,MIR,pixrel
0,113.0,27.5164,31.4747,5.0896,84.65530000000001,25.439,13.7861,19.639699999999998,9.4401,2015.0,113.0,5.1014,19.7012,0.0,48.222899999999996,13.044699999999999,-1.0455999999999999,6.3657,1.4739,2015.0,113.0,20.296546666666664,25.848853333333334,0.831773333333333,62.589119999999994,19.115153333333332,5.685526666666666,12.605386666666668,4.67158,2015.0,5326.23,2225.0,488.85,1608.04,289.56,648.51,0.0
1,129.0,27.9362,33.8113,22.853,89.89320000000001,27.369500000000002,18.0927,21.741,7.1895,2015.0,129.0,4.82,24.699599999999997,0.0,57.6244,18.377100000000002,5.76,12.186,2.5697,2015.0,129.0,18.250686666666663,30.923920000000003,5.416613333333334,76.58702666666667,23.736479999999997,12.800619999999999,18.389006666666667,4.818146666666667,2015.0,6218.1,2614.83,368.31,1647.3,237.28,614.86,0.01
2,145.0,29.045,34.7438,13.7364,86.4257,27.390900000000002,18.7562,21.8431,7.042400000000001,2015.0,145.0,6.5664,24.4222,0.0,60.0343,10.5616,3.0461,8.5068,2.4803999999999995,2015.0,145.0,20.690107142857137,29.770821428571434,2.99824,73.41437333333333,22.3883,10.733846666666667,17.018606666666667,4.48488,2015.0,6782.38,3408.24,359.34,2086.32,244.49,560.25,0.0
3,161.0,29.217799999999997,36.718199999999996,25.4684,91.5605,31.865499999999997,21.674799999999998,26.0864,5.5421,2015.0,161.0,9.3833,30.6487,0.0,68.06049999999999,23.774,13.282599999999999,18.712699999999998,1.4385,2015.0,161.0,20.311721428571424,34.112840000000006,6.520613333333333,80.95527333333332,27.94229333333333,18.160059999999998,23.278786666666665,3.723206666666667,2015.0,7873.58,4203.54,264.76,2413.71,200.13,452.99,0.54
4,177.0,29.0139,36.5488,62.5848,87.8321,30.1612,22.227899999999998,26.1772,6.3988000000000005,2015.0,177.0,4.4621,29.086100000000002,0.0,68.2201,22.795299999999997,13.080200000000001,18.579700000000003,2.1909,2015.0,177.0,19.040021428571432,32.80804666666667,12.822646666666667,79.08527333333333,26.806586666666668,17.352626666666666,22.308726666666665,3.7816,2015.0,7942.09,4387.47,263.66,2538.38,193.34,455.89,0.95
5,193.0,27.5812,36.7776,31.652800000000003,92.65499999999999,32.427,24.3991,28.2426,5.2851,2015.0,193.0,4.5935,31.2894,0.0,76.65199999999999,17.5958,13.281300000000002,15.556999999999999,2.1178,2015.0,193.0,19.50654,34.199259999999995,7.77956,84.76071999999999,27.626526666666663,19.403113333333334,23.681393333333332,3.618906666666667,2015.0,8214.86,4478.09,235.99,2574.57,164.23,451.2,0.0
6,209.0,27.520199999999996,37.4976,21.0413,87.2526,31.7399,23.1781,27.2199,5.2208000000000006,2015.0,209.0,6.838100000000001,29.4983,0.0,69.7133,25.817,16.250300000000003,21.658099999999997,1.6983000000000001,2015.0,209.0,22.244300000000003,32.86406666666666,5.576906666666666,77.39488000000001,28.915953333333334,19.092553333333335,24.244206666666663,3.0879666666666665,2015.0,7547.02,3941.39,316.58,2288.49,293.82,453.61,1.17
7,225.0,25.641400000000004,35.951,26.992700000000003,91.66120000000001,30.3055,21.3061,25.317899999999998,5.9177,2015.0,225.0,6.5374,27.0973,0.0,66.8086,21.6419,11.5245,16.939,1.9702000000000002,2015.0,225.0,20.261573333333335,32.398373333333325,3.581173333333333,78.54533333333333,27.79629333333333,17.991600000000002,22.9444,3.2405266666666668,2015.0,8131.2,3852.74,201.36,2120.43,152.37,347.2,0.03
8,241.0,24.9424,35.2114,13.0407,84.17940000000002,32.7562,22.25,27.096799999999998,5.6141000000000005,2015.0,241.0,5.3244,25.6376,0.0,61.4171,24.069499999999998,10.0044,17.077599999999997,1.9077,2015.0,241.0,19.1271,31.622806666666666,1.7415533333333335,74.25994,28.071226666666668,16.367873333333335,22.265033333333328,3.6916066666666665,2015.0,7552.18,3150.15,223.23,1753.41,154.69,366.86,0.0
9,257.0,21.71,36.441199999999995,19.850700000000003,86.644,31.747799999999998,22.454499999999996,26.0929,6.7226,2015.0,257.0,3.4291,25.153400000000005,0.0,54.352199999999996,20.329900000000002,8.3027,14.2611,2.0015,2015.0,257.0,17.368846666666666,30.662546666666664,5.023006666666667,69.7651,26.591100000000004,14.61318,20.57765333333333,4.327206666666667,2015.0,7424.61,2918.34,224.22,1633.99,150.56,367.48,0.0
10,273.0,18.7688,33.1434,7.6263000000000005,82.1259,28.2623,16.0205,21.5788,6.0079,2015.0,273.0,5.1009,22.584699999999998,0.0,57.8667,17.8763,5.2911,11.133700000000001,1.5314,2015.0,273.0,14.48432,28.8367,0.53876,69.84433333333332,23.360893333333333,11.293233333333333,16.963226666666667,3.7043600000000003,2015.0,6461.7,2328.67,295.06,1412.75,181.75,410.52,0.0
11,289.0,15.9301,31.9409,7.2055,89.01240000000001,27.7561,14.563699999999999,18.9508,7.1588,2015.0,289.0,2.7071,20.817100000000003,0.0,44.0034,13.431799999999999,-1.0676999999999999,6.2311,2.2275,2015.0,289.0,12.591753333333333,26.667446666666663,1.3885266666666665,58.21093333333333,21.04584,7.95622,14.020393333333335,4.807033333333333,2015.0,6108.76,2236.61,323.66,1412.73,181.15,544.74,0.0
12,305.0,13.806000000000001,30.162399999999998,8.2478,93.0724,22.7976,11.111699999999999,16.189,6.8258,2015.0,305.0,2.3884,19.537399999999998,0.0,58.8995,11.9612,-1.3141,4.6716,2.6855,2015.0,305.0,8.7375,25.38192,3.0035285714285713,74.44157999999999,16.546546666666668,4.64286,9.966873333333332,4.543046666666667,2015.0,6894.46,1847.7,188.62,1028.67,124.93,280.54,0.0
