,DOY,INSgdmax,RADmax,RAINmax,RHmax,TMAXmax,TMINmax,Tmax,WINDmax,YEAR,DOY,INSgdmin,RADmin,RAINmin,RHmin,TMAXmin,TMINmin,Tmin,WINDmin,YEAR,DOY,INSgdmean,RADmean,RAINmean,RHmean,TMAXmean,TMINmean,Tmean,WINDmean,YEAR,NDVI,EVI,RED,NIR,BLUE,MIR,pixrel
0,113.0,27.25,31.64,20.26,87.11,24.69,12.54,18.13,8.93,2015.0,113.0,3.74,19.44,0.0,46.33,11.34,-2.21,5.58,1.76,2015.0,113.0,19.643333333333334,25.65333333333334,3.0906666666666665,62.375333333333316,18.461333333333336,5.223333333333333,11.923333333333336,4.637333333333333,2015.0,4782.23,2952.01,944.9,2670.45,490.81,1904.51,0.39
1,129.0,28.55,33.59,27.05,89.29,27.87,17.14,21.33,8.32,2015.0,129.0,3.17,23.54,0.0,58.35,14.78,3.45,9.68,3.05,2015.0,129.0,15.412666666666672,30.574666666666666,6.683333333333334,75.68466666666669,22.494666666666667,11.234000000000004,16.856666666666666,5.603333333333335,2015.0,6353.83,4145.06,657.83,3046.68,350.74,1321.74,0.04
2,145.0,29.63,33.77,16.99,89.67,27.39,15.31,19.69,7.23,2015.0,145.0,6.01,24.05,0.0,59.28,13.95,2.02,8.43,2.97,2015.0,145.0,17.791428571428572,29.254999999999995,2.344,73.59333333333333,20.853999999999996,9.6,15.378666666666666,4.371333333333333,2015.0,6536.49,4198.39,602.45,2989.26,324.93,1056.17,0.0
3,161.0,30.2,35.71,33.08,89.58,32.07,19.75,25.29,5.58,2015.0,161.0,4.46,28.94,0.0,61.88,21.83,13.09,18.51,1.98,2015.0,161.0,19.174285714285713,33.13133333333334,8.689333333333332,79.486,26.518666666666658,16.16466666666667,21.663999999999998,3.5666666666666655,2015.0,6578.57,4378.95,650.41,3183.08,345.14,1490.18,0.05
4,177.0,30.1,35.86,26.69,84.94,31.66,19.47,25.28,6.5,2015.0,177.0,4.61,28.3,0.0,60.75,23.18,13.34,18.51,1.74,2015.0,177.0,20.065714285714286,32.407333333333334,5.599333333333334,75.14533333333334,27.291999999999994,16.186,22.08333333333333,3.786666666666666,2015.0,7035.98,5074.72,630.5,3648.92,339.7,1452.96,0.16
5,193.0,29.74,36.11,27.29,89.29,33.03,23.18,27.62,5.6,2015.0,193.0,4.72,26.6,0.0,67.1,22.38,12.35,17.46,2.27,2015.0,193.0,22.44142857142857,33.48733333333333,6.984666666666667,78.50999999999998,28.756000000000004,18.766666666666666,23.919333333333334,3.8160000000000007,2015.0,7553.11,5132.64,466.76,3404.59,254.32,1005.98,0.0
6,209.0,28.48,37.04,28.61,85.38,34.51,23.46,27.06,5.05,2015.0,209.0,7.92,28.76,0.0,51.58,26.15,14.62,20.94,1.97,2015.0,209.0,21.467999999999996,33.050000000000004,4.624666666666667,68.62266666666666,30.234,18.747333333333334,24.588666666666665,3.1853333333333325,2015.0,7851.29,5795.69,465.16,3906.28,249.94,986.84,0.02
7,225.0,26.17,36.25,30.98,90.42,32.44,22.25,25.73,7.28,2015.0,225.0,1.33,27.54,0.0,59.45,20.92,10.36,16.02,1.23,2015.0,225.0,18.82066666666667,32.25266666666667,7.165333333333334,69.06533333333333,28.644000000000002,17.22666666666667,23.051333333333336,3.555333333333333,2015.0,7983.97,5550.28,396.41,3586.66,217.76,861.86,0.02
8,241.0,25.2,35.64,13.78,81.77,34.53,22.28,28.02,6.29,2015.0,241.0,7.52,25.06,0.0,51.87,22.53,9.23,16.73,2.19,2015.0,241.0,18.899333333333335,31.564666666666657,2.1319999999999997,65.57266666666666,28.946000000000005,16.389333333333333,22.293333333333337,4.624666666666667,2015.0,7765.9,5024.29,399.81,3217.54,217.93,796.42,0.0
9,257.0,21.64,35.6,31.38,84.44,32.7,20.77,25.58,9.3,2015.0,257.0,4.43,24.37,0.0,53.88,20.11,6.47,13.88,2.22,2015.0,257.0,17.813333333333333,29.91733333333334,5.8533333333333335,66.45,26.276666666666664,13.787333333333333,19.862666666666666,4.814666666666667,2015.0,7293.33,4712.06,486.4,3145.55,264.42,922.82,0.0
10,273.0,18.65,34.49,32.13,88.5,29.19,18.38,21.58,5.92,2015.0,273.0,3.71,22.46,0.0,51.13,16.78,4.12,10.47,1.53,2015.0,273.0,14.928000000000003,28.34466666666667,3.7700000000000005,66.62266666666666,22.652666666666665,10.538,16.16,3.6906666666666665,2015.0,6657.08,3922.15,534.99,2706.7,278.23,1045.43,0.0
11,289.0,16.06,31.97,9.28,84.21,29.69,13.39,19.94,8.24,2015.0,289.0,3.31,21.38,0.0,39.95,13.91,0.4,7.05,2.81,2015.0,289.0,13.611333333333334,26.51,1.154,53.15599999999999,21.38133333333333,7.900666666666666,14.158666666666669,5.028,2015.0,5405.97,3083.1,751.22,2497.13,373.73,1382.79,0.0
12,305.0,13.64,30.06,23.48,85.01,23.89,12.61,15.86,8.31,2015.0,305.0,1.87,20.05,0.0,52.29,10.1,-0.05,5.15,2.89,2015.0,305.0,9.835333333333333,24.916000000000004,3.4642857142857144,66.50466666666667,16.776666666666667,4.480666666666666,9.764666666666667,5.104666666666668,2015.0,4850.57,2601.21,770.51,2219.25,388.66,1374.06,0.03
