,DOY,INSgdmax,RADmax,RAINmax,RHmax,TMAXmax,TMINmax,Tmax,WINDmax,YEAR,DOY,INSgdmin,RADmin,RAINmin,RHmin,TMAXmin,TMINmin,Tmin,WINDmin,YEAR,DOY,INSgdmean,RADmean,RAINmean,RHmean,TMAXmean,TMINmean,Tmean,WINDmean,YEAR,NDVI,EVI,RED,NIR,BLUE,MIR,pixrel
0,113.0,27.47,31.14,8.03,85.91,25.2,13.0,19.58,9.53,2015.0,113.0,4.0,19.26,0.0,48.32,11.36,-1.34,5.49,1.33,2015.0,113.0,20.080666666666662,25.65266666666667,1.188,62.79066666666666,18.711333333333336,4.7059999999999995,11.989333333333331,4.732666666666668,2015.0,4267.16,1550.06,446.06,1189.12,312.61,589.52,0.08
1,129.0,27.72,33.55,21.58,89.99,27.2,17.05,21.9,7.76,2015.0,129.0,4.93,24.62,0.0,58.41,16.63,5.03,11.45,2.51,2015.0,129.0,17.761333333333333,30.652,5.292000000000001,77.05999999999999,22.973999999999997,12.094666666666665,17.503999999999998,5.056666666666667,2015.0,5864.09,2154.45,297.43,1352.36,187.5,524.69,0.44
2,145.0,29.7,33.77,16.18,86.99,26.42,18.09,21.07,7.36,2015.0,145.0,6.08,24.19,0.0,61.0,11.1,2.57,8.56,2.36,2015.0,145.0,20.409285714285716,29.069285714285705,2.322666666666666,73.56600000000002,21.787333333333333,10.043333333333331,16.306,4.41,2015.0,5832.65,2467.59,306.08,1518.14,214.44,439.54,0.01
3,161.0,29.7,35.96,27.98,90.28,31.49,20.15,25.78,5.1,2015.0,161.0,5.22,29.95,0.0,67.97,21.46,13.89,17.99,1.51,2015.0,161.0,18.032857142857143,33.61133333333333,8.544,79.69933333333333,27.162666666666663,16.904,22.417333333333332,3.3433333333333324,2015.0,6999.71,2976.02,229.96,1712.7,160.93,355.86,0.16
4,177.0,29.88,36.29,44.7,88.18,30.81,19.43,25.52,6.11,2015.0,177.0,2.66,28.33,0.0,66.74,22.65,12.4,18.27,1.8,2015.0,177.0,17.761428571428574,32.57533333333333,12.435333333333336,77.79333333333332,26.68066666666667,16.324,21.921333333333333,3.624666666666666,2015.0,6931.24,3228.57,239.95,1831.67,204.8,380.7,0.55
5,193.0,28.15,36.29,23.76,92.04,33.15,23.6,27.94,5.22,2015.0,193.0,9.61,29.38,0.0,71.85,19.5,12.93,16.35,2.12,2015.0,193.0,21.18066666666666,33.590666666666664,5.5633333333333335,82.38133333333332,28.031333333333333,18.749333333333333,23.542666666666666,3.5639999999999996,2015.0,7616.93,3043.68,156.63,1664.22,104.18,295.51,2.72
6,209.0,27.61,37.33,44.41,88.25,31.6,23.37,26.83,5.56,2015.0,209.0,12.56,28.91,0.0,64.04,25.69,15.03,21.12,1.37,2015.0,209.0,21.967333333333336,32.49733333333333,7.8806666666666665,74.31133333333332,29.04466666666666,18.777333333333335,23.99266666666666,3.1686666666666667,2015.0,7500.71,3312.29,208.52,1864.39,146.3,383.07,0.25
7,225.0,25.81,36.18,28.75,93.96,31.99,20.65,25.84,6.86,2015.0,225.0,4.0,27.04,0.0,62.4,21.58,10.74,16.4,1.9,2015.0,225.0,19.06666666666667,32.321999999999996,5.978666666666666,74.44466666666668,28.15866666666666,17.406,22.811999999999998,3.386,2015.0,6764.82,2744.51,157.09,1571.21,89.09,300.73,10.21
8,241.0,25.06,35.28,12.63,80.39,34.9,22.14,27.83,6.55,2015.0,241.0,5.51,25.24,0.0,56.58,24.25,9.74,16.95,2.09,2015.0,241.0,19.128666666666668,31.54533333333333,1.4126666666666667,67.16133333333333,29.441999999999997,16.193333333333335,22.56333333333333,4.086,2015.0,6315.61,2469.64,226.87,1429.29,167.31,279.51,2.56
9,257.0,21.82,36.18,38.17,83.49,32.49,23.52,26.43,7.53,2015.0,257.0,3.56,24.3,0.0,54.06,20.33,7.45,14.29,2.69,2015.0,257.0,17.932,30.236,7.035333333333333,66.77466666666666,26.816666666666666,14.297999999999996,20.458000000000006,4.462666666666666,2015.0,6364.23,2205.29,182.45,1280.77,114.49,240.26,7.74
10,273.0,18.61,33.44,7.98,76.62,29.62,17.01,22.7,5.81,2015.0,273.0,7.6,22.39,0.0,52.95,17.67,5.02,10.89,1.42,2015.0,273.0,15.208666666666664,28.517333333333337,0.9226666666666667,65.202,23.786000000000005,10.84,16.95866666666667,3.568,2015.0,5007.32,1442.38,213.44,954.33,104.0,291.1,10.22
11,289.0,15.98,32.54,26.71,86.7,28.8,14.1,19.2,7.74,2015.0,289.0,2.88,21.02,0.0,40.73,13.39,-0.79,6.38,1.77,2015.0,289.0,12.282666666666666,26.502666666666663,2.8826666666666667,54.06333333333334,20.799333333333333,7.7926666666666655,13.760666666666669,5.0086666666666675,2015.0,5716.08,1414.17,143.87,869.98,59.8,287.78,12.77
12,305.0,13.64,29.88,8.8,90.45,24.26,10.32,15.77,7.51,2015.0,305.0,1.33,19.84,0.0,57.27,11.24,-0.6,5.15,2.26,2015.0,305.0,9.109333333333332,25.003333333333334,2.5,70.78133333333334,16.785333333333334,4.616666666666668,9.840666666666667,4.762666666666666,2015.0,5867.89,1235.48,115.18,749.38,76.03,269.29,15.38
