,DOY,INSgdmax,RADmax,RAINmax,RHmax,TMAXmax,TMINmax,Tmax,WINDmax,YEAR,DOY,INSgdmin,RADmin,RAINmin,RHmin,TMAXmin,TMINmin,Tmin,WINDmin,YEAR,DOY,INSgdmean,RADmean,RAINmean,RHmean,TMAXmean,TMINmean,Tmean,WINDmean,YEAR,NDVI,EVI,RED,NIR,BLUE,MIR,pixrel
0,113.0,27.47,30.82,10.78,85.9,24.26,11.0,17.49,9.31,2015.0,113.0,3.82,19.48,0.0,45.69,11.67,-2.97,4.89,2.03,2015.0,113.0,20.745999999999995,25.153999999999993,1.3033333333333332,59.76266666666666,17.869999999999997,4.521999999999999,11.375333333333334,4.873333333333332,2015.0,3082.42,1950.22,1376.32,2608.69,682.79,2741.83,0.84
1,129.0,28.37,33.8,17.08,85.35,28.85,15.79,20.78,9.49,2015.0,129.0,3.49,23.62,0.0,55.76,12.09,2.66,8.23,3.3,2015.0,129.0,16.192666666666668,29.886666666666667,5.0233333333333325,71.05133333333333,22.148000000000003,10.208666666666666,16.231333333333332,6.083333333333332,2015.0,4014.29,2510.93,1109.13,2629.57,561.35,2255.8,0.1
2,145.0,29.48,32.44,14.81,90.75,27.95,14.01,19.61,8.65,2015.0,145.0,6.48,24.3,0.0,54.87,13.25,1.31,7.9,2.59,2015.0,145.0,18.175,29.220714285714283,3.1693333333333333,69.372,20.465333333333334,9.01,15.056666666666665,4.54,2015.0,4554.37,2807.52,999.82,2664.89,507.58,2084.34,0.05
3,161.0,29.66,34.52,22.61,89.7,33.55,19.9,25.53,6.54,2015.0,161.0,6.16,29.52,0.0,57.41,20.1,11.95,17.73,2.3,2015.0,161.0,20.012857142857143,32.74466666666667,7.598666666666668,75.10999999999999,26.262666666666675,15.623333333333337,21.18133333333333,4.1979999999999995,2015.0,5508.79,3810.47,947.13,3271.9,484.16,2050.99,0.15
4,177.0,30.46,34.34,18.71,80.68,30.03,18.28,24.33,6.13,2015.0,177.0,5.11,27.47,0.0,60.28,24.17,12.81,18.88,1.19,2015.0,177.0,21.677142857142854,32.038,4.018666666666666,70.18866666666668,27.128666666666664,16.00133333333333,21.789333333333335,3.6413333333333333,2015.0,7450.25,5331.4,522.13,3682.61,276.67,1099.36,0.4
5,193.0,29.92,35.82,16.71,88.13,33.42,22.26,27.99,6.63,2015.0,193.0,8.03,25.7,0.0,60.35,22.18,11.34,16.62,1.72,2015.0,193.0,24.37571428571428,32.88266666666666,5.369333333333333,73.36333333333332,28.863333333333333,17.973333333333336,23.74866666666667,3.818,2015.0,7459.34,5582.26,563.16,3942.01,294.19,1191.9,0.01
6,209.0,28.76,36.29,13.72,81.04,34.99,23.1,27.4,5.08,2015.0,209.0,8.46,28.62,0.0,48.15,26.1,13.8,20.44,1.91,2015.0,209.0,22.340666666666667,32.206,3.4713333333333325,62.639333333333326,30.555333333333337,17.819999999999997,24.279333333333334,3.4000000000000004,2015.0,8318.37,6256.01,361.23,4079.05,188.86,778.04,0.16
7,225.0,25.85,35.06,44.95,91.45,32.51,20.93,25.41,8.25,2015.0,225.0,3.74,27.76,0.0,57.74,21.01,9.66,15.78,1.93,2015.0,225.0,19.14666666666667,32.117333333333335,7.339333333333332,71.53866666666667,27.588,17.038666666666664,22.354666666666663,3.9393333333333334,2015.0,8075.38,6206.69,402.69,4131.46,213.85,911.74,0.0
8,241.0,25.38,35.64,16.26,89.02,33.13,22.9,27.03,7.05,2015.0,241.0,5.54,24.77,0.0,50.73,21.94,8.76,15.8,2.49,2015.0,241.0,18.523333333333333,31.424,2.1613333333333333,70.59733333333334,27.180000000000003,15.566666666666668,21.106000000000005,4.832,2015.0,7314.72,5125.63,506.66,3490.07,272.76,966.44,0.03
9,257.0,21.67,34.49,15.71,76.9,29.99,18.05,23.94,9.17,2015.0,257.0,5.36,24.3,0.0,55.33,19.67,6.44,13.11,1.93,2015.0,257.0,16.070666666666668,29.63266666666668,2.669333333333334,66.516,25.149333333333335,12.675333333333334,18.85533333333333,4.819333333333333,2015.0,6510.36,4363.18,629.69,3164.56,336.26,1201.92,0.02
10,273.0,18.32,34.38,37.02,92.5,26.89,18.55,20.3,5.84,2015.0,273.0,5.98,22.86,0.0,52.12,15.15,3.84,9.78,1.75,2015.0,273.0,14.754666666666667,28.31866666666666,5.288666666666667,69.56466666666668,21.012000000000008,10.099333333333334,15.185333333333336,4.109333333333334,2015.0,5388.05,3103.59,720.76,2485.59,360.11,1279.32,0.0
11,289.0,15.7,31.82,7.28,85.63,29.22,12.9,19.9,8.11,2015.0,289.0,3.56,21.38,0.0,41.61,12.74,0.58,6.61,2.84,2015.0,289.0,12.931999999999999,26.38466666666666,1.0406666666666666,56.74933333333333,20.16,7.174666666666664,13.282666666666666,5.122666666666666,2015.0,4040.58,2346.56,1048.94,2468.79,496.05,1742.29,0.04
12,305.0,13.07,29.34,4.82,84.37,21.81,12.19,15.65,9.1,2015.0,305.0,4.46,19.91,0.0,54.38,7.79,-1.21,4.39,3.45,2015.0,305.0,9.496666666666666,24.92066666666667,1.5442857142857143,69.26533333333333,15.398666666666667,3.6420000000000003,8.912000000000003,5.272000000000002,2015.0,3365.61,1861.18,1099.76,2209.19,532.36,1705.01,0.17
