,DOY,INSgdmax,RADmax,RAINmax,RHmax,TMAXmax,TMINmax,Tmax,WINDmax,YEAR,DOY,INSgdmin,RADmin,RAINmin,RHmin,TMAXmin,TMINmin,Tmin,WINDmin,YEAR,DOY,INSgdmean,RADmean,RAINmean,RHmean,TMAXmean,TMINmean,Tmean,WINDmean,YEAR,NDVI,EVI,RED,NIR,BLUE,MIR,pixrel
0,113.0,27.14,30.92,18.05,86.75,24.56,11.4,18.27,9.95,2015.0,113.0,6.8,18.9,0.0,48.4,11.7,-2.54,4.3,1.8,2015.0,113.0,19.92,25.081333333333337,2.77,62.61133333333332,17.79933333333333,3.7679999999999993,10.921333333333335,5.19,2015.0,3658.67,1656.58,643.34,1503.24,399.42,858.54,0.28
1,129.0,28.51,33.44,21.97,92.28,28.17,15.53,20.99,8.72,2015.0,129.0,3.24,23.65,0.0,58.89,14.98,3.71,10.27,2.5,2015.0,129.0,17.386666666666663,29.706666666666663,4.341333333333334,75.29333333333332,21.993333333333336,10.674666666666667,16.281333333333336,5.793999999999999,2015.0,4256.63,1865.8,413.15,1546.47,215.06,691.67,28.26
2,145.0,29.66,32.9,13.05,89.29,27.62,15.41,19.98,8.65,2015.0,145.0,5.54,24.08,0.0,57.98,13.55,1.57,8.44,2.07,2015.0,145.0,19.00857142857143,28.976428571428574,2.2986666666666666,71.49799999999999,21.08066666666667,9.328666666666665,15.524666666666667,4.536000000000001,2015.0,4734.39,2052.79,189.36,1506.67,31.11,418.28,43.36
3,161.0,29.92,35.1,25.55,90.1,32.73,19.23,24.96,6.08,2015.0,161.0,4.82,28.87,0.0,62.97,22.06,12.2,17.97,1.81,2015.0,161.0,20.111428571428572,32.666000000000004,7.132666666666668,77.07066666666668,26.458000000000006,15.750666666666664,21.363999999999997,3.9679999999999995,2015.0,5490.93,3160.65,198.9,2158.89,56.0,444.33,38.37
4,177.0,30.1,34.52,30.86,85.4,30.04,18.1,24.15,6.06,2015.0,177.0,9.14,26.96,0.0,62.46,23.1,11.7,17.82,1.4,2015.0,177.0,19.584285714285716,31.582000000000004,6.877333333333334,74.25466666666667,26.40866666666666,15.138,21.140666666666664,3.6186666666666674,2015.0,6047.63,3477.39,200.98,2171.33,102.87,355.26,20.54
5,193.0,28.76,35.6,26.95,89.09,32.15,22.53,26.88,5.17,2015.0,193.0,10.4,26.14,0.0,67.53,21.85,11.13,16.78,2.02,2015.0,193.0,22.466666666666665,32.722,5.992000000000001,78.858,28.062666666666658,17.636000000000006,23.046666666666667,3.773333333333334,2015.0,6335.19,3641.2,257.84,2208.14,167.22,417.05,5.25
6,209.0,27.86,36.9,28.02,87.43,32.89,22.28,26.38,5.72,2015.0,209.0,4.72,28.33,0.0,57.03,24.76,13.33,20.09,1.85,2015.0,209.0,22.662666666666663,31.761333333333326,5.238666666666665,69.70266666666667,28.706000000000003,17.430000000000003,23.281999999999996,3.5039999999999996,2015.0,6119.26,3545.41,182.31,2250.4,78.87,405.83,25.68
7,225.0,25.56,35.68,35.25,93.8,30.87,20.29,24.98,7.51,2015.0,225.0,1.26,26.6,0.0,64.23,19.05,9.29,15.27,1.51,2015.0,225.0,18.186666666666667,32.14266666666667,7.438000000000001,74.258,26.722,16.711999999999996,21.967333333333325,3.5553333333333343,2015.0,6056.3,3152.96,218.7,1961.8,124.35,390.13,18.06
8,241.0,24.95,34.85,22.22,90.75,31.79,21.52,26.64,6.86,2015.0,241.0,4.36,24.8,0.0,61.77,21.3,9.4,15.39,1.8,2015.0,241.0,18.72533333333333,31.06533333333333,2.1079999999999997,75.28333333333333,26.47933333333334,15.313333333333333,20.79333333333333,4.251333333333334,2015.0,5937.93,2780.6,248.58,1743.33,171.95,361.33,15.55
9,257.0,21.42,35.06,22.45,81.47,29.65,20.05,24.84,8.24,2015.0,257.0,3.82,23.98,0.0,57.96,18.86,6.29,13.26,2.19,2015.0,257.0,16.909999999999997,29.25066666666667,4.3533333333333335,70.33266666666667,24.691999999999997,12.790666666666663,18.79533333333333,4.518,2015.0,5231.77,2055.61,118.48,1365.04,1.14,275.34,38.27
10,273.0,18.14,34.13,17.97,81.15,27.29,18.1,21.23,5.82,2015.0,273.0,6.91,22.18,0.0,58.36,15.36,3.87,9.75,0.98,2015.0,273.0,14.794,27.803999999999995,2.8080000000000003,70.72600000000001,21.483999999999995,9.891333333333334,15.328,3.5780000000000003,2015.0,4752.38,1765.5,379.78,1308.23,191.86,503.31,10.21
11,289.0,16.24,31.36,9.04,84.69,27.81,11.25,18.55,8.19,2015.0,289.0,2.95,21.17,0.0,46.94,10.98,-0.82,5.55,2.14,2015.0,289.0,12.37333333333333,25.829333333333334,1.51,57.76133333333334,18.930666666666664,6.424666666666666,12.386666666666667,5.079333333333334,2015.0,5338.77,1899.05,365.28,1296.89,200.59,537.41,2.56
12,305.0,13.0,30.13,14.17,85.24,22.68,10.89,14.72,8.28,2015.0,305.0,2.74,19.66,0.0,56.13,9.04,-1.22,4.55,2.7,2015.0,305.0,8.561333333333334,25.349333333333334,3.371428571428571,71.31933333333335,15.623999999999999,3.6786666666666665,8.936666666666666,5.131333333333333,2015.0,4249.69,1020.05,146.12,829.22,8.39,398.17,35.76
