,DOY,INSgdmax,RADmax,RAINmax,RHmax,TMAXmax,TMINmax,Tmax,WINDmax,YEAR,DOY,INSgdmin,RADmin,RAINmin,RHmin,TMAXmin,TMINmin,Tmin,WINDmin,YEAR,DOY,INSgdmean,RADmean,RAINmean,RHmean,TMAXmean,TMINmean,Tmean,WINDmean,YEAR,NDVI,EVI,RED,NIR,BLUE,MIR,pixrel
0,113.0,27.32,29.81,17.49,82.44,23.29,8.28,16.35,9.41,2015.0,113.0,3.74,18.61,0.0,47.89,6.94,-4.16,2.58,2.67,2015.0,113.0,19.124666666666666,24.662666666666663,2.280666666666667,65.75666666666667,15.440000000000003,1.9080000000000006,8.831333333333333,5.268,2015.0,4010.28,1912.23,734.17,1786.64,365.56,1320.93,2.56
1,129.0,28.12,33.98,22.76,86.36,25.57,15.98,19.79,7.8,2015.0,129.0,5.11,24.3,0.0,65.81,13.76,2.06,8.47,3.15,2015.0,129.0,16.838,29.774666666666672,4.187333333333333,77.09,20.312,9.000666666666666,14.771333333333335,5.703333333333334,2015.0,5878.7,3104.31,583.71,2243.54,336.47,977.64,0.05
2,145.0,29.81,33.7,21.59,91.89,25.79,16.75,20.0,8.28,2015.0,145.0,4.68,23.83,0.0,57.2,12.51,1.89,7.65,1.73,2015.0,145.0,18.99285714285714,28.147142857142853,4.224666666666666,73.234,19.953333333333333,8.791333333333334,14.62266666666667,4.460666666666667,2015.0,6969.27,4162.72,436.8,2729.2,242.29,793.34,2.67
3,161.0,29.59,33.73,28.95,89.85,30.25,16.79,23.25,6.11,2015.0,161.0,4.57,28.91,0.0,70.92,19.06,10.63,16.55,2.29,2015.0,161.0,19.09142857142857,31.728666666666662,7.5806666666666676,80.12866666666667,24.629333333333328,13.880666666666666,19.576000000000004,4.256000000000001,2015.0,7696.1,5275.0,384.74,3413.32,216.13,792.35,2.56
4,177.0,28.84,32.54,15.97,89.63,27.3,16.7,22.18,6.52,2015.0,177.0,7.85,27.18,0.0,69.78,19.94,9.72,15.57,1.68,2015.0,177.0,22.38714285714285,30.252000000000006,4.2826666666666675,77.69466666666668,24.2,13.928000000000003,19.352666666666668,3.3186666666666667,2015.0,8118.79,5464.97,301.3,3350.52,180.63,611.08,0.06
5,193.0,28.01,35.1,29.47,94.82,30.52,21.22,25.96,5.87,2015.0,193.0,5.44,28.73,0.0,73.04,20.19,10.91,16.02,1.74,2015.0,193.0,21.456666666666663,32.10333333333333,5.352666666666667,81.66333333333333,25.858666666666668,15.936666666666667,21.34466666666667,3.7286666666666672,2015.0,8155.25,5607.37,326.21,3510.51,193.81,677.44,0.13
6,209.0,28.08,35.42,6.55,88.34,29.44,20.9,24.96,6.3,2015.0,209.0,12.31,26.93,0.0,65.22,24.11,11.86,18.66,1.94,2015.0,209.0,24.57333333333333,30.621333333333336,1.5013333333333336,75.00666666666666,26.537999999999997,16.197333333333333,21.70133333333333,3.939333333333332,2015.0,8174.1,5535.83,318.63,3441.68,190.41,650.67,0.76
7,225.0,25.38,34.38,20.65,94.19,30.29,20.26,24.92,6.5,2015.0,225.0,2.77,26.93,0.0,67.96,20.7,10.57,16.12,1.91,2015.0,225.0,18.124,32.248666666666665,5.030666666666666,78.78533333333333,26.00333333333333,16.36733333333333,21.324000000000005,3.686666666666667,2015.0,8158.52,5147.57,293.38,3107.31,180.02,591.99,0.04
8,241.0,23.9,35.75,26.23,89.59,30.33,20.9,24.9,7.62,2015.0,241.0,1.44,26.71,0.0,64.22,19.08,9.06,14.62,1.72,2015.0,241.0,17.420666666666662,31.464000000000002,2.771333333333333,79.47866666666667,25.09666666666667,14.905999999999999,19.96333333333333,4.191999999999999,2015.0,8000.77,4507.87,277.78,2663.18,163.66,574.29,0.03
9,257.0,20.74,35.17,17.24,82.71,28.83,21.15,24.35,8.04,2015.0,257.0,6.44,24.88,0.0,62.34,17.57,5.63,12.69,2.68,2015.0,257.0,16.15733333333333,29.358,3.726666666666666,71.51466666666667,23.79133333333333,12.502666666666668,18.184000000000005,4.615333333333334,2015.0,7757.07,4191.61,275.93,2490.44,152.76,557.91,2.55
10,273.0,17.75,32.54,10.12,80.14,26.76,15.58,20.49,5.61,2015.0,273.0,5.44,21.82,0.0,59.9,15.57,3.36,9.17,1.12,2015.0,273.0,14.512666666666668,27.263333333333335,1.8619999999999999,71.21600000000002,20.766000000000005,8.902,14.472000000000001,3.7486666666666664,2015.0,7017.79,3449.42,338.09,2143.28,177.44,616.94,2.55
11,289.0,15.8,30.71,12.23,84.68,26.12,11.29,17.43,8.64,2015.0,289.0,3.17,20.12,0.0,48.33,9.34,-2.27,4.22,2.87,2015.0,289.0,11.637333333333334,25.675333333333334,1.353333333333333,61.778,17.535333333333334,5.209333333333334,11.113333333333333,5.400666666666667,2015.0,5417.56,2299.34,455.5,1648.44,230.12,825.7,2.55
12,305.0,11.45,31.43,12.5,90.52,20.38,9.04,14.4,7.2,2015.0,305.0,1.37,19.55,0.0,58.22,8.69,-0.93,3.04,2.14,2015.0,305.0,7.391333333333333,25.749333333333333,4.481428571428571,76.76933333333334,14.231333333333334,3.4739999999999998,8.264000000000001,5.2106666666666674,2015.0,5082.68,1868.9,423.19,1366.21,214.97,852.25,2.56
