,DOY,INSgdmax,RADmax,RAINmax,RHmax,TMAXmax,TMINmax,Tmax,WINDmax,YEAR,DOY,INSgdmin,RADmin,RAINmin,RHmin,TMAXmin,TMINmin,Tmin,WINDmin,YEAR,DOY,INSgdmean,RADmean,RAINmean,RHmean,TMAXmean,TMINmean,Tmean,WINDmean,YEAR,NDVI,EVI,RED,NIR,BLUE,MIR,pixrel
0,113.0,27.5,30.35,7.25,79.75,24.39,10.56,18.04,9.78,2015.0,113.0,5.94,18.86,0.0,46.49,10.55,-3.85,4.03,1.82,2015.0,113.0,20.416666666666668,24.956000000000003,1.0286666666666666,62.608666666666664,17.238,2.9213333333333327,10.378666666666668,5.204,2015.0,4728.06,2108.75,618.32,1715.38,322.08,1014.43,0.01
1,129.0,27.83,33.88,23.79,88.32,26.35,17.14,21.11,8.15,2015.0,129.0,5.4,25.2,0.0,62.41,15.8,3.66,9.88,2.96,2015.0,129.0,16.991333333333333,30.480000000000004,4.013333333333333,76.52866666666665,22.001333333333335,10.659333333333334,16.390666666666668,5.477999999999998,2015.0,6310.6,2758.49,406.32,1797.71,221.25,773.02,0.01
2,145.0,30.17,34.49,19.48,89.03,26.3,18.13,20.95,8.29,2015.0,145.0,5.72,23.22,0.0,57.6,11.5,2.23,8.33,1.88,2015.0,145.0,21.096428571428568,28.21857142857143,3.1719999999999997,72.37733333333334,21.281333333333333,9.475333333333333,15.707333333333331,4.537999999999999,2015.0,7324.24,3777.24,348.58,2310.33,196.42,647.58,0.01
3,161.0,29.99,34.38,27.22,89.31,31.14,18.91,23.89,5.6,2015.0,161.0,5.69,28.66,0.0,67.33,22.05,11.72,18.76,2.09,2015.0,161.0,20.12142857142857,32.43066666666667,7.875333333333333,78.14733333333334,26.43066666666666,15.296666666666665,21.223333333333336,3.9066666666666663,2015.0,8126.29,5218.62,319.13,3214.37,180.1,652.39,0.21
4,177.0,29.48,35.5,32.12,90.54,28.79,18.06,23.64,6.07,2015.0,177.0,7.63,27.61,0.0,66.75,22.31,10.59,17.07,1.44,2015.0,177.0,18.915,31.212666666666667,8.612666666666666,76.96933333333332,25.32266666666667,14.934666666666665,20.41066666666667,3.4746666666666663,2015.0,8497.7,5078.96,227.93,2951.78,133.14,483.61,0.2
5,193.0,27.72,36.32,23.18,93.38,31.93,22.56,27.19,5.27,2015.0,193.0,5.36,28.66,0.0,72.5,20.64,12.25,16.6,2.13,2015.0,193.0,19.53933333333333,32.83,5.843999999999999,82.11533333333335,26.922666666666668,17.409333333333336,22.409333333333333,3.6333333333333324,2015.0,8531.78,4951.46,219.88,2854.74,126.49,484.51,0.01
6,209.0,28.04,37.48,16.89,87.31,31.29,21.86,25.95,6.08,2015.0,209.0,14.58,27.65,0.0,64.54,24.29,12.87,20.02,1.44,2015.0,209.0,23.499999999999996,31.316666666666666,3.6166666666666676,73.78933333333335,27.746,17.292666666666666,22.717333333333332,3.68,2015.0,8354.01,5562.55,299.01,3411.93,170.25,615.79,0.92
7,225.0,25.67,35.42,22.27,91.88,30.15,20.36,25.05,6.95,2015.0,225.0,2.77,26.35,0.0,65.78,20.39,10.45,16.27,1.9,2015.0,225.0,17.848666666666663,32.178666666666665,4.896,76.65133333333333,26.604666666666667,16.89,21.872666666666664,3.606666666666667,2015.0,8214.18,5195.29,302.58,3159.19,171.28,630.09,0.03
8,241.0,24.44,35.64,23.07,87.27,32.13,22.24,26.37,6.89,2015.0,241.0,1.48,26.35,0.0,61.93,21.24,9.6,15.71,1.97,2015.0,241.0,19.096666666666668,31.252666666666663,2.1733333333333333,75.36266666666667,26.57533333333333,15.571999999999997,21.04733333333333,3.992,2015.0,8177.25,4368.65,246.06,2511.71,144.33,501.15,0.0
9,257.0,21.53,36.29,23.66,83.05,31.06,23.26,25.94,7.39,2015.0,257.0,4.43,24.19,0.0,57.66,19.16,6.81,13.08,2.64,2015.0,257.0,16.690666666666665,29.618666666666662,5.28,68.77066666666666,25.281999999999996,13.525333333333332,19.314000000000004,4.4479999999999995,2015.0,7771.37,3690.48,264.42,2134.1,148.12,483.62,0.03
10,273.0,18.22,31.64,9.39,78.13,27.79,16.14,21.47,6.03,2015.0,273.0,9.4,22.03,0.0,59.18,16.85,4.48,9.94,1.45,2015.0,273.0,15.521333333333336,27.736,1.2913333333333334,69.37799999999999,21.974666666666668,10.160666666666666,15.687999999999999,3.7880000000000007,2015.0,6959.62,3105.32,342.55,1915.91,179.59,545.76,0.0
11,289.0,15.55,30.92,5.17,86.52,27.59,11.13,18.13,8.1,2015.0,289.0,2.34,20.05,0.0,45.37,11.19,-1.99,5.4,2.61,2015.0,289.0,12.101333333333336,25.998666666666672,0.9233333333333333,58.104,18.910666666666664,6.327999999999999,12.254666666666662,5.227333333333333,2015.0,5552.85,2219.37,445.51,1556.14,232.57,789.24,0.0
12,305.0,12.82,30.92,11.41,91.25,23.03,9.34,15.31,7.31,2015.0,305.0,2.41,19.58,0.0,57.83,9.91,-1.55,4.12,2.14,2015.0,305.0,8.148,25.39666666666667,3.657142857142857,73.87466666666666,15.466000000000003,3.8686666666666674,8.994666666666667,5.030666666666667,2015.0,5834.61,1802.86,307.19,1161.82,159.88,641.17,0.0
