,DOY,INSgdmax,RADmax,RAINmax,RHmax,TMAXmax,TMINmax,Tmax,WINDmax,YEAR,DOY,INSgdmin,RADmin,RAINmin,RHmin,TMAXmin,TMINmin,Tmin,WINDmin,YEAR,DOY,INSgdmean,RADmean,RAINmean,RHmean,TMAXmean,TMINmean,Tmean,WINDmean,YEAR,NDVI,EVI,RED,NIR,BLUE,MIR,pixrel
0,113.0,27.32,30.89,12.74,87.47,25.08,11.15,18.23,8.69,2015.0,113.0,2.63,19.69,0.0,44.28,13.03,-2.11,6.43,1.62,2015.0,113.0,19.825,25.697333333333333,2.183333333333333,61.07666666666667,18.753333333333334,5.387333333333332,12.304,4.575999999999999,2015.0,3152.64,2023.97,1424.86,2710.22,698.75,2839.73,0.25
1,129.0,28.44,33.19,29.83,85.9,29.55,17.47,21.43,9.61,2015.0,129.0,4.61,23.76,0.0,56.9,14.64,3.41,9.51,3.51,2015.0,129.0,15.807333333333334,30.446000000000005,6.144666666666667,73.378,22.987999999999996,11.252,17.13,5.86,2015.0,3988.59,2485.58,1159.85,2666.56,572.09,2470.3,0.34
2,145.0,29.27,33.44,17.5,90.57,28.17,14.31,19.89,7.16,2015.0,145.0,6.55,23.98,0.0,55.61,13.72,2.54,8.41,3.11,2015.0,145.0,17.505714285714284,29.142857142857142,3.171333333333334,70.88000000000001,21.225999999999996,9.764,15.617333333333331,4.394,2015.0,4481.16,2890.17,1085.39,2837.56,545.72,2343.62,0.28
3,161.0,30.2,36.22,40.64,91.06,33.96,20.06,26.46,5.89,2015.0,161.0,5.76,29.05,0.0,55.77,21.11,13.18,18.15,2.24,2015.0,161.0,20.402142857142856,33.367333333333335,10.475333333333333,75.91066666666666,27.37533333333333,16.548,22.307333333333325,3.6873333333333336,2015.0,5075.55,3679.47,1139.9,3472.74,582.25,2538.72,0.06
4,177.0,30.02,35.5,14.13,78.57,32.79,20.38,25.84,6.83,2015.0,177.0,7.63,28.3,0.0,58.11,23.69,14.06,19.38,1.6,2015.0,177.0,20.537857142857142,32.66133333333333,3.18,68.886,29.076666666666668,17.096,23.199333333333335,3.8766666666666665,2015.0,7837.22,6376.04,539.02,4496.28,295.37,1205.51,0.02
5,193.0,30.02,36.11,19.54,87.34,35.24,23.38,28.69,6.45,2015.0,193.0,5.69,26.32,0.0,61.15,23.24,12.66,17.9,1.83,2015.0,193.0,22.415714285714287,33.734,5.626666666666668,72.074,30.266000000000005,19.28066666666667,24.945333333333338,3.9033333333333333,2015.0,8323.88,6695.46,405.2,4488.92,225.41,925.15,0.0
6,209.0,28.51,36.97,16.05,77.0,37.47,24.31,29.22,5.3,2015.0,209.0,8.93,29.16,0.0,42.68,28.13,15.52,22.03,2.21,2015.0,209.0,21.246666666666666,33.419999999999995,3.619999999999999,59.94000000000001,32.67066666666666,19.471333333333334,26.00066666666667,3.318666666666667,2015.0,8814.63,7043.2,278.37,4528.24,156.75,690.64,0.37
7,225.0,25.45,36.83,50.78,87.77,34.71,23.41,27.01,7.02,2015.0,225.0,2.99,28.08,0.0,50.97,22.83,11.1,16.85,1.76,2015.0,225.0,19.01533333333333,32.684,8.482000000000001,63.85000000000001,30.122,17.846666666666668,23.971333333333334,3.875333333333334,2015.0,8683.52,6693.5,290.05,4259.49,163.17,680.91,0.0
8,241.0,25.27,36.04,12.52,82.56,36.16,23.33,29.1,6.86,2015.0,241.0,7.45,25.13,0.0,45.4,24.03,9.62,17.74,2.48,2015.0,241.0,19.165999999999997,31.868000000000002,1.6726666666666672,61.14666666666667,30.186,16.813333333333333,23.07,4.906666666666666,2015.0,8149.61,5905.11,379.99,3818.68,212.33,773.35,0.0
9,257.0,22.0,36.14,17.47,76.58,34.21,20.17,26.31,9.99,2015.0,257.0,4.68,24.52,0.0,47.97,21.39,7.91,14.73,2.26,2015.0,257.0,17.32,30.25666666666667,3.1813333333333333,60.61999999999999,27.90733333333333,14.472666666666663,20.817999999999998,5.106,2015.0,6738.81,4212.71,563.36,2950.55,297.42,952.68,0.02
10,273.0,18.68,34.85,43.03,88.38,30.52,19.33,21.98,5.74,2015.0,273.0,4.28,23.18,0.0,49.46,17.49,4.44,10.78,1.64,2015.0,273.0,15.485333333333331,28.60733333333333,5.223333333333333,64.14866666666666,23.215999999999998,11.125999999999998,16.68133333333333,3.840666666666668,2015.0,4709.87,2556.12,795.07,2221.9,404.73,1364.66,0.01
11,289.0,16.24,32.65,10.94,80.23,32.03,14.5,21.01,8.34,2015.0,289.0,4.68,22.43,0.0,36.96,14.86,1.61,8.06,2.89,2015.0,289.0,13.59066666666667,27.021333333333327,1.0086666666666666,50.87133333333334,22.49533333333334,8.542666666666667,15.066,5.137333333333333,2015.0,3457.77,2184.81,1308.63,2656.96,638.91,1933.55,0.34
12,305.0,13.79,29.59,1.65,82.3,24.67,12.67,16.52,8.22,2015.0,305.0,2.95,20.09,0.0,51.59,10.31,0.12,5.36,2.87,2015.0,305.0,10.408666666666669,24.85133333333333,0.5171428571428571,65.39066666666668,17.102666666666668,4.455333333333333,9.991999999999997,4.991333333333333,2015.0,3161.27,1890.03,1284.87,2432.15,638.93,2042.76,0.19
