,DOY,INSgdmax,RADmax,RAINmax,RHmax,TMAXmax,TMINmax,Tmax,WINDmax,YEAR,DOY,INSgdmin,RADmin,RAINmin,RHmin,TMAXmin,TMINmin,Tmin,WINDmin,YEAR,DOY,INSgdmean,RADmean,RAINmean,RHmean,TMAXmean,TMINmean,Tmean,WINDmean,YEAR,NDVI,EVI,RED,NIR,BLUE,MIR,pixrel
0,113.0,27.223699999999997,31.113700000000005,18.2932,85.2328,24.6089,11.6399,17.8626,9.1462,2015.0,113.0,3.5059,19.3891,0.0,46.689299999999996,11.8869,-2.4516,5.2395000000000005,1.8709999999999998,2015.0,113.0,20.14009,25.348760000000006,2.5554733333333335,61.44438666666666,18.250840000000004,4.781319999999999,11.641153333333335,4.808813333333333,2015.0,4807.12,2948.59,927.75,2643.85,481.71,1958.0,0.12
1,129.0,28.4861,33.446,23.0848,88.35810000000001,28.4174,16.269099999999998,21.101,8.9455,2015.0,129.0,3.6154,23.7028,0.0,57.365300000000005,13.822199999999999,3.1382000000000003,9.1651,2.9130000000000003,2015.0,129.0,16.35402666666667,30.108286666666665,5.687253333333333,73.92389333333334,22.3282,10.683086666666668,16.551213333333337,5.804633333333334,2015.0,6001.4,3846.09,708.35,2929.61,372.68,1420.82,0.0
2,145.0,29.1956,33.1171,14.895499999999998,89.74499999999999,27.8444,14.715,19.817,7.9705,2015.0,145.0,5.9742,24.2157,0.0,57.368700000000004,13.7027,1.754,8.2186,2.722,2015.0,145.0,18.09772857142857,29.15854999999999,2.477273333333333,71.56944,20.846293333333332,9.36316,15.340266666666668,4.46692,2015.0,6295.11,3976.96,636.08,2897.54,339.7,1173.63,0.0
3,161.0,29.801600000000004,35.30630000000001,27.622999999999998,89.86439999999999,33.0769,19.710700000000003,25.5693,6.0752999999999995,2015.0,161.0,5.2786,29.0313,0.0,59.1767,20.9274,12.4561,18.264599999999998,2.0552,2015.0,161.0,20.07202142857143,32.88054666666667,7.921086666666666,76.96621999999999,26.552126666666663,15.937033333333334,21.53611333333333,3.8777799999999996,2015.0,6144.51,4080.31,735.16,3112.18,389.94,1681.0,0.03
4,177.0,30.199599999999997,35.003,24.512,82.79830000000001,30.9525,18.9499,24.882599999999996,6.2983,2015.0,177.0,4.5208,27.7298,0.0,59.857600000000005,23.4143,12.8448,18.622899999999998,1.4372,2015.0,177.0,20.522078571428573,32.16574,4.9319266666666675,72.40316666666668,27.345966666666666,15.989313333333333,21.971853333333332,3.739713333333333,2015.0,7080.62,4825.85,563.72,3369.11,301.67,1289.89,0.4
5,193.0,29.9638,36.1566,29.009099999999997,87.7517,33.140100000000004,22.7316,27.7545,5.9313,2015.0,193.0,6.5573,26.09,0.0,64.63369999999999,22.3042,11.6781,17.0346,2.1574,2015.0,193.0,23.145039999999998,33.22922666666667,6.586673333333334,76.07037333333332,28.90363333333333,18.332393333333336,23.849526666666666,3.8365800000000005,2015.0,7104.57,4755.38,542.95,3275.18,290.09,1241.17,0.0
6,209.0,28.3151,36.6857,20.7682,84.50800000000001,34.6408,23.1777,27.275199999999998,5.1745,2015.0,209.0,8.444700000000001,28.688399999999998,0.0,50.750400000000006,26.223599999999998,14.152199999999999,20.7133,1.9580000000000002,2015.0,209.0,21.886346666666665,32.55126,4.176353333333333,65.91469333333333,30.28051333333333,18.2676,24.39237333333333,3.3135999999999997,2015.0,7735.67,5608.42,475.6,3775.73,260.97,990.84,0.11
7,225.0,25.757,35.8694,36.88,91.4611,32.4767,21.5612,25.7262,7.6698,2015.0,225.0,2.1098,27.538,0.0,59.980999999999995,20.8081,10.0146,15.8349,1.6189,2015.0,225.0,18.75786666666667,32.28199333333333,7.233233333333333,70.17536666666668,28.109099999999998,17.162826666666668,22.730466666666665,3.7358133333333337,2015.0,7911.48,5481.07,410.66,3559.92,224.39,906.59,0.0
8,241.0,25.152900000000002,35.4564,15.283800000000001,87.2377,33.1519,22.3945,27.2766,6.6531,2015.0,241.0,5.5139000000000005,24.932299999999998,0.0,52.683899999999994,22.1416,9.1995,16.2635,2.3097000000000003,2015.0,241.0,18.611653333333336,31.447139999999997,1.9957533333333333,69.53087333333333,27.733200000000004,16.001626666666667,21.5813,4.63926,2015.0,7669.31,5033.86,422.45,3264.27,230.26,832.95,0.0
9,257.0,21.5458,35.087,20.9687,81.2596,30.920900000000003,19.0976,24.651899999999998,9.0839,2015.0,257.0,4.3925,24.3099,0.0,56.0029,19.733,6.284,13.409699999999999,2.0836,2015.0,257.0,17.014026666666666,29.74068666666667,3.6182133333333333,67.90162,25.56489333333333,13.136333333333333,19.246673333333334,4.763073333333333,2015.0,7176.94,4644.28,499.19,3125.44,271.05,999.19,0.02
10,273.0,18.470299999999998,34.4574,33.6114,90.10419999999999,28.0087,18.6025,20.8904,5.6624,2015.0,273.0,5.0809,22.5198,0.0,54.2839,15.6861,3.8712,9.9435,1.4676999999999998,2015.0,273.0,15.100666666666669,28.121906666666664,4.171226666666667,69.58432666666667,21.70314,10.159533333333332,15.549933333333332,3.7600733333333336,2015.0,6429.35,3832.33,581.27,2724.87,300.67,1155.23,0.0
11,289.0,15.7906,31.7672,8.875399999999999,85.05279999999999,29.112000000000002,12.6927,19.7647,8.2042,2015.0,289.0,3.5572999999999997,21.5837,0.0,42.0489,13.0619,0.19210000000000008,6.6493,2.8544,2015.0,289.0,13.125899999999998,26.38768666666666,1.1833066666666665,55.85811333333333,20.505380000000002,7.4038466666666665,13.543006666666669,5.031466666666667,2015.0,5109.53,2958.82,811.22,2505.13,402.07,1517.59,0.0
12,305.0,13.3199,30.0855,13.3079,84.8125,22.8288,12.2998,15.744800000000001,8.6023,2015.0,305.0,2.4884,19.9202,0.0,53.77160000000001,8.9555,-0.5521,4.8367,3.0984,2015.0,305.0,9.406706666666667,24.951566666666665,2.5986142857142855,68.58791333333335,16.07120666666667,4.0362800000000005,9.32318,5.168800000000001,2015.0,4678.65,2539.79,806.75,2228.89,406.57,1403.21,0.03
