,DOY,INSgdmax,RADmax,RAINmax,RHmax,TMAXmax,TMINmax,Tmax,WINDmax,YEAR,DOY,INSgdmin,RADmin,RAINmin,RHmin,TMAXmin,TMINmin,Tmin,WINDmin,YEAR,DOY,INSgdmean,RADmean,RAINmean,RHmean,TMAXmean,TMINmean,Tmean,WINDmean,YEAR,NDVI,EVI,RED,NIR,BLUE,MIR,pixrel
0,113.0,27.3457,31.547600000000003,17.689300000000003,88.6115,24.967200000000002,12.549900000000001,18.2785,8.814499999999999,2015.0,113.0,3.9083000000000006,19.6413,0.0,46.151799999999994,12.1848,-1.8008,6.0849,1.6841,2015.0,113.0,19.520793333333337,25.913813333333337,2.7850866666666665,63.10749333333332,18.759433333333334,5.568293333333333,12.269833333333334,4.519633333333333,2015.0,3683.55,2407.51,1299.67,2804.14,644.54,2644.41,0.37
1,129.0,28.536800000000003,33.5405,26.9939,89.5441,27.8964,17.2852,21.5445,8.287,2015.0,129.0,3.1931,23.625799999999998,0.0,58.1454,15.4928,3.7107,10.1123,2.8091,2015.0,129.0,15.19024666666667,30.701606666666667,6.670133333333334,75.34344666666667,22.842266666666667,11.644960000000001,17.240126666666665,5.4942133333333345,2015.0,4948.09,3112.48,926.31,2756.76,477.77,1869.44,0.07
2,145.0,29.616799999999998,33.77,18.2506,89.9043,27.39,15.9436,19.8055,6.8901,2015.0,145.0,6.4984,24.0863,0.0,60.279900000000005,13.8246,2.7196,8.9019,2.8644,2015.0,145.0,17.575042857142854,29.311571428571423,2.4040600000000003,74.27489333333332,20.962679999999995,9.940119999999999,15.570946666666666,4.263313333333333,2015.0,5217.15,3423.33,916.44,2948.13,476.44,1893.56,0.35
3,161.0,30.0218,36.030100000000004,38.680099999999996,90.405,32.3571,20.1559,25.841099999999997,5.3853,2015.0,161.0,5.9813,29.2271,0.0,62.2859,22.1204,13.736799999999999,18.8631,1.9272,2015.0,161.0,19.36615714285714,33.35353333333334,9.128233333333332,79.87826,26.873086666666662,16.697286666666667,22.037119999999998,3.4861466666666665,2015.0,5155.81,3543.93,1019.03,3189.08,523.01,2305.79,0.0
4,177.0,29.8855,35.9062,27.4358,84.7024,32.221,20.172900000000002,25.7486,6.635300000000001,2015.0,177.0,5.3096,28.689400000000003,0.0,63.852000000000004,23.0942,13.8185,18.873,1.8654000000000002,2015.0,177.0,20.142557142857143,32.63965333333334,5.803053333333334,75.88849333333334,27.647299999999998,16.67242,22.444353333333332,3.8498066666666664,2015.0,7188.86,5588.75,661.58,4099.64,357.34,1471.32,0.02
5,193.0,29.2648,36.2651,30.692299999999996,89.6893,33.168600000000005,23.4638,27.801499999999997,5.481199999999999,2015.0,193.0,5.0038,27.8144,0.0,68.5058,21.8487,12.643699999999999,17.529300000000003,2.1545,2015.0,193.0,21.703517142857137,33.819093333333335,7.5742666666666665,80.00071999999999,28.759740000000004,19.106786666666665,24.09357333333333,3.7955400000000004,2015.0,7838.99,5785.91,461.73,3873.65,255.59,977.24,0.01
6,209.0,28.265500000000003,37.1258,27.553999999999995,85.22489999999999,33.8434,23.611800000000002,27.353699999999996,4.8289,2015.0,209.0,8.943,29.0702,0.0,55.606,26.083999999999996,15.022599999999999,21.204,1.9337,2015.0,209.0,21.847059999999995,33.24250000000001,4.814306666666667,71.41006666666667,30.047880000000003,19.09053333333333,24.717366666666663,3.0520133333333326,2015.0,8438.33,6905.99,385.84,4634.46,214.05,938.4,0.0
7,225.0,25.981900000000003,36.2632,29.1881,89.3211,32.0572,22.9034,26.159,6.785,2015.0,225.0,1.9141,27.645599999999998,0.0,59.908699999999996,21.4018,10.729600000000001,16.2576,1.131,2015.0,225.0,19.15594666666667,32.226706666666665,6.695633333333333,70.34265333333333,28.65368,17.37692666666667,23.167933333333337,3.3942933333333327,2015.0,8553.66,6525.89,316.64,4174.18,178.32,742.32,0.01
8,241.0,25.3056,35.6532,16.0933,80.2949,34.959,22.2899,28.208099999999998,6.2108,2015.0,241.0,8.246,25.2382,0.0,51.75449999999999,23.0415,9.2696,17.218400000000003,2.2262999999999997,2015.0,241.0,19.341973333333335,31.715146666666662,2.5224999999999995,64.87328666666666,29.429560000000002,16.616373333333332,22.647093333333334,4.555586666666667,2015.0,8138.69,5999.5,392.16,3902.71,221.66,817.41,0.0
9,257.0,21.7225,35.778200000000005,29.8092,82.8197,33.1554,21.647799999999997,26.0387,9.138300000000001,2015.0,257.0,4.1792,24.488799999999998,0.0,53.23650000000001,20.7898,7.0409,14.2859,2.2893000000000003,2015.0,257.0,17.955233333333332,30.18705333333334,6.084773333333333,65.69166,26.972966666666665,14.268693333333335,20.376586666666665,4.785406666666667,2015.0,7014.56,4953.85,612.43,3533.57,335.23,1008.77,0.05
10,273.0,18.696199999999997,34.3712,23.4807,85.5003,29.5002,18.5054,21.9298,5.5834,2015.0,273.0,5.359999999999999,22.5788,0.0,49.5361,17.0209,4.3147,10.790099999999999,1.3947,2015.0,273.0,15.053840000000001,28.498006666666665,2.7969400000000006,65.73254666666666,23.130726666666668,10.794520000000002,16.52828,3.5899066666666664,2015.0,5420.09,3221.04,745.32,2579.96,379.83,1272.77,0.0
11,289.0,16.2382,32.0393,10.4482,82.0056,29.894599999999997,14.017,20.1281,8.2895,2015.0,289.0,3.6895000000000002,21.808999999999997,0.0,38.276900000000005,14.599700000000002,0.8554,7.4525999999999994,2.9486,2015.0,289.0,13.646753333333335,26.7289,1.35156,52.0593,22.059153333333335,8.347046666666667,14.717466666666667,4.99808,2015.0,4038.05,2603.81,1181.55,2756.69,588.18,1809.97,0.34
12,305.0,13.8446,29.8686,19.7345,85.5908,24.210099999999997,12.6364,15.925999999999998,7.9536,2015.0,305.0,2.0020000000000002,20.0269,0.0,51.9897,10.7402,0.006099999999999994,5.4206,2.8305999999999996,2015.0,305.0,9.920253333333331,24.914680000000004,3.1041142857142856,66.19006666666667,17.190046666666667,4.647426666666666,10.060566666666666,4.931306666666668,2015.0,3773.67,2323.3,1154.82,2547.15,580.82,1725.97,0.13
