,DOY,INSgdmax,RADmax,RAINmax,RHmax,TMAXmax,TMINmax,Tmax,WINDmax,YEAR,DOY,INSgdmin,RADmin,RAINmin,RHmin,TMAXmin,TMINmin,Tmin,WINDmin,YEAR,DOY,INSgdmean,RADmean,RAINmean,RHmean,TMAXmean,TMINmean,Tmean,WINDmean,YEAR,NDVI,EVI,RED,NIR,BLUE,MIR,pixrel
0,113.0,27.453599999999998,30.980300000000003,6.8539,83.2461,25.218,13.2336,19.5429,9.8405,2015.0,113.0,3.7998,19.2703,0.0,46.5684,12.2303,-2.4684999999999997,5.6103,1.4094000000000002,2015.0,113.0,20.083653333333334,25.41214,1.1315666666666666,61.56984,18.440793333333332,4.7017,11.93552,4.864653333333333,2015.0,5309.38,2251.7,442.24,1583.1,252.02,733.6,0.0
1,129.0,27.8597,33.6728,21.0791,88.1113,27.4885,17.852899999999998,21.689300000000003,7.6987,2015.0,129.0,5.189900000000001,24.5102,0.0,58.9881,17.8485,5.0592999999999995,11.3195,2.6592000000000002,2015.0,129.0,18.235719999999993,30.795673333333333,5.12512,76.49088,23.394273333333327,12.009546666666665,17.811433333333333,4.9774199999999995,2015.0,5778.46,2423.21,389.76,1593.36,243.43,601.43,0.12
2,145.0,29.194200000000002,34.8986,16.9826,85.4097,27.2439,18.774199999999997,21.8872,7.3687000000000005,2015.0,145.0,6.5603,24.052999999999997,0.0,57.46170000000001,10.1905,3.0944,8.0704,2.096,2015.0,145.0,21.467064285714287,29.173928571428576,3.278726666666667,71.73862666666668,22.34398,10.302066666666667,16.7726,4.596146666666667,2015.0,6476.7,3212.24,373.05,1992.97,255.49,538.55,0.01
3,161.0,29.3737,36.3074,29.120299999999997,91.03240000000001,31.5892,20.822000000000003,26.093799999999998,5.570399999999999,2015.0,161.0,8.201699999999999,30.175600000000003,0.0,66.6805,25.2224,12.8652,19.0548,1.3878000000000001,2015.0,161.0,20.020514285714285,33.685473333333334,7.122446666666667,78.53722666666665,27.881993333333334,17.232366666666667,22.848213333333334,3.66534,2015.0,7847.62,4268.24,252.53,2491.14,173.2,450.6,0.49
4,177.0,29.4044,36.251999999999995,51.2956,89.1727,29.670900000000003,20.872400000000003,25.4914,6.1937999999999995,2015.0,177.0,5.5962,28.62,0.0,66.9666,23.079099999999997,12.4877,17.9955,1.944,2015.0,177.0,18.788271428571427,32.27845333333333,12.757146666666666,77.82029333333335,26.361793333333335,16.38366,21.620999999999995,3.6516999999999995,2015.0,7754.76,3949.63,217.44,2203.29,169.61,319.91,0.85
5,193.0,27.1692,36.4486,23.206500000000002,91.5486,32.788700000000006,24.1667,28.1627,5.3877999999999995,2015.0,193.0,7.451600000000001,30.3775,0.0,73.76469999999999,18.123800000000003,13.307500000000001,15.870099999999999,2.3276999999999997,2015.0,193.0,19.515666666666668,33.85081333333333,6.809646666666666,82.8887,27.595213333333334,18.804313333333333,23.39608666666667,3.5327266666666666,2015.0,8021.37,4071.83,198.64,2302.89,134.87,362.38,0.15
6,209.0,27.8039,37.824799999999996,17.1657,87.7465,31.293599999999998,22.6248,26.7709,5.780500000000001,2015.0,209.0,6.0674,28.584699999999998,0.0,66.6253,25.6265,15.2333,21.2857,1.5988,2015.0,209.0,21.725360000000006,32.28908,5.172566666666666,75.95484,28.56151333333333,18.414026666666665,23.712600000000002,3.272673333333333,2015.0,7954.65,3900.24,205.68,2196.18,144.53,388.74,0.28
7,225.0,25.8898,35.3228,24.2512,92.5412,30.400499999999997,20.258100000000002,25.1897,6.4279,2015.0,225.0,7.106,26.7714,0.0,65.4139,21.408099999999997,11.345799999999999,17.0258,2.1486,2015.0,225.0,19.49222666666667,32.280186666666665,3.8210799999999994,78.2028,27.415939999999992,17.531373333333335,22.54884,3.4267533333333335,2015.0,7968.36,4034.66,211.65,2283.98,149.74,347.26,0.32
8,241.0,24.6733,35.4031,10.378200000000001,84.5325,33.3683,22.2716,27.1586,6.1587,2015.0,241.0,4.3484,26.111900000000002,0.0,61.90639999999999,23.242099999999997,9.9586,16.6325,1.7792999999999999,2015.0,241.0,18.85286,31.586166666666667,1.9816600000000002,73.06208666666669,27.96089333333333,16.14854,22.034206666666666,3.777333333333333,2015.0,7664.59,3457.42,198.28,1926.99,128.49,315.21,0.0
9,257.0,21.669500000000003,36.04,24.9919,86.7409,32.2831,23.121,26.3434,7.0680000000000005,2015.0,257.0,1.5725,24.731300000000005,0.0,53.0648,20.438499999999998,8.0332,13.982,2.5909000000000004,2015.0,257.0,17.04216666666667,30.406453333333328,5.764293333333335,67.79403333333333,26.749806666666665,14.371866666666666,20.443586666666665,4.4621466666666665,2015.0,7243.2,2971.68,206.84,1654.76,136.15,302.64,0.0
10,273.0,18.5503,32.437799999999996,5.9616,81.7769,28.535200000000003,16.101300000000002,21.7883,6.2226,2015.0,273.0,7.014200000000001,22.4386,0.0,57.5415,17.819499999999998,5.114599999999999,10.8422,1.3518000000000001,2015.0,273.0,14.87706,28.62732666666666,0.4514600000000001,68.77731333333335,23.227919999999997,11.031893333333333,16.737040000000004,3.7886733333333336,2015.0,6581.47,2613.3,279.51,1555.18,176.91,303.41,0.0
11,289.0,15.6892,31.6994,8.945,87.4688,28.1541,13.4878,18.7099,7.5626999999999995,2015.0,289.0,2.7481999999999998,20.2831,0.0,41.6182,13.3336,-1.7075,5.8683,2.2798,2015.0,289.0,12.355666666666668,26.530153333333338,1.6357933333333332,57.40779333333333,20.61906,7.461346666666667,13.498413333333335,5.034513333333333,2015.0,5851.34,2115.35,306.05,1352.29,165.66,476.03,2.55
12,305.0,13.5214,29.968899999999998,12.5318,92.3996,23.346200000000003,10.7899,16.270400000000002,7.039199999999999,2015.0,305.0,2.0183,19.6092,0.0,59.522099999999995,11.3251,-1.4091,4.540800000000001,2.4659,2015.0,305.0,8.67128,25.289126666666668,4.089671428571428,74.1807,16.286859999999997,4.4451600000000004,9.706813333333333,4.7831399999999995,2015.0,6301.19,1627.95,149.73,935.99,81.15,277.67,7.65
