,DOY,INSgdmax,RADmax,RAINmax,RHmax,TMAXmax,TMINmax,Tmax,WINDmax,YEAR,DOY,INSgdmin,RADmin,RAINmin,RHmin,TMAXmin,TMINmin,Tmin,WINDmin,YEAR,DOY,INSgdmean,RADmean,RAINmean,RHmean,TMAXmean,TMINmean,Tmean,WINDmean,YEAR,NDVI,EVI,RED,NIR,BLUE,MIR,pixrel
0,113.0,27.1196,30.4848,16.404400000000003,85.1996,23.7984,9.7952,17.182000000000002,9.984,2015.0,113.0,4.549200000000001,18.628,0.0,47.9376,9.272400000000001,-3.356,3.3344,2.2148000000000003,2015.0,113.0,19.249520000000004,24.940800000000003,2.9812533333333335,64.29274666666667,16.719946666666665,3.0236266666666665,10.013306666666667,5.371786666666668,2015.0,3971.82,1679.08,619.14,1555.04,290.8,1076.44,7.68
1,129.0,27.680400000000002,33.004799999999996,16.9108,92.8716,26.510800000000003,14.6324,20.0312,8.475200000000001,2015.0,129.0,3.6071999999999997,23.5072,0.0,62.1132,13.8784,3.5536000000000003,9.1888,2.6292,2015.0,129.0,17.529919999999997,29.23202666666667,3.71664,76.89586666666666,20.942053333333334,9.68504,15.271759999999999,5.955386666666667,2015.0,5015.56,2384.06,697.76,1960.67,421.44,1074.62,0.19
2,145.0,29.5376,33.1448,11.8124,91.1464,27.4908,14.5668,20.1568,8.9356,2015.0,145.0,5.0028,23.8896,0.0,53.71640000000001,11.108800000000002,0.9648000000000001,7.2568,1.6892,2015.0,145.0,18.90122857142857,28.636428571428574,2.863066666666667,71.55239999999999,20.379813333333335,8.992293333333334,15.000613333333334,4.515146666666667,2015.0,5759.64,2830.09,481.71,1959.53,262.68,782.35,0.04
3,161.0,29.620800000000003,34.583200000000005,26.57,90.2564,32.424,18.1624,24.7084,6.5016,2015.0,161.0,3.9156000000000004,29.019599999999997,0.0,65.3568,20.033599999999996,11.526800000000001,17.1404,2.0276,2015.0,161.0,20.037599999999998,32.300160000000005,6.561466666666667,77.42608000000001,25.655146666666667,15.105573333333332,20.674026666666666,4.15704,2015.0,6566.57,3836.92,381.44,2545.26,196.18,716.79,10.48
4,177.0,29.678400000000003,33.3708,18.994,83.2852,29.1832,17.0596,23.2592,6.311599999999999,2015.0,177.0,6.522,26.769599999999997,0.0,66.32240000000002,21.828400000000002,10.1768,16.8476,1.7331999999999999,2015.0,177.0,21.461085714285716,30.976346666666664,5.176426666666666,74.20208,25.788960000000003,14.537786666666666,20.540000000000003,3.51304,2015.0,7357.98,4380.63,299.55,2704.12,163.32,578.8,5.22
5,193.0,28.692,35.4776,24.529200000000003,90.8852,31.4768,21.8432,26.268,6.0268,2015.0,193.0,9.325600000000001,26.452800000000003,0.0,69.1688,21.183600000000002,10.212,15.9504,2.0948,2015.0,193.0,22.532853333333335,32.45317333333334,5.275733333333333,79.72341333333334,27.28112,16.761973333333337,22.378906666666666,3.8844000000000003,2015.0,7414.48,4256.74,236.86,2604.09,110.75,523.69,12.76
6,209.0,28.0368,35.8936,20.172800000000002,89.17760000000001,30.877200000000002,21.43,25.2716,5.89,2015.0,209.0,9.4392,27.5752,0.0,60.634,24.4404,12.786000000000001,19.308,1.6052,2015.0,209.0,23.942426666666666,31.210079999999998,3.6859999999999995,72.95261333333333,27.501493333333336,16.42541333333334,22.255653333333335,3.68352,2015.0,7245.8,4265.09,275.78,2666.18,134.29,591.77,12.79
7,225.0,25.5328,34.8912,33.5704,95.398,30.108400000000003,19.807199999999998,24.6536,7.2924,2015.0,225.0,2.5588,26.3076,0.0,64.8896,19.084000000000003,9.0792,15.2496,1.8840000000000001,2015.0,225.0,18.050213333333332,32.20930666666667,6.875866666666667,76.81933333333333,26.134933333333336,16.37925333333333,21.408373333333333,3.6972266666666673,2015.0,7100.85,3906.16,273.23,2432.56,127.16,591.33,12.75
8,241.0,24.678000000000004,35.727199999999996,18.738400000000002,93.19120000000001,30.1104,21.4724,25.484,7.4788,2015.0,241.0,4.897200000000001,24.7796,0.0,62.96000000000001,19.7292,8.7812,14.6216,1.7456,2015.0,241.0,18.432026666666665,30.996426666666665,2.2340266666666673,79.56416000000002,25.266213333333333,14.95928,19.936533333333337,4.465306666666668,2015.0,6907.08,3435.1,312.12,2116.52,165.65,586.83,5.13
9,257.0,21.0052,35.0872,19.4716,84.632,28.9972,18.6356,23.5344,8.641200000000001,2015.0,257.0,4.8468,24.1976,0.0,61.0132,18.451999999999998,5.848,12.7432,2.2036,2015.0,257.0,16.022826666666667,29.28330666666667,3.4774933333333333,71.96466666666667,23.89232,12.101600000000001,18.07725333333333,4.65672,2015.0,5909.9,2553.14,364.34,1728.33,167.81,723.03,10.21
10,273.0,17.9224,34.007600000000004,21.2408,88.2764,25.766800000000003,17.3724,20.0672,5.378,2015.0,273.0,4.0744,21.8808,0.0,55.02120000000001,14.217600000000001,3.3668,9.097199999999999,1.2452,2015.0,273.0,14.457173333333333,27.5524,3.0292266666666667,72.53389333333332,20.406879999999997,9.264373333333335,14.450346666666665,3.6677599999999995,2015.0,4547.5,1734.98,445.83,1406.92,191.52,779.91,12.75
11,289.0,15.478399999999999,31.36,8.8156,85.0504,26.5996,10.7264,18.196399999999997,8.747599999999998,2015.0,289.0,2.6304,20.823200000000003,0.0,49.0208,9.8036,-1.6767999999999998,4.5164,2.378,2015.0,289.0,12.07096,25.815733333333334,1.07752,60.132266666666666,17.960533333333334,5.6852800000000006,11.621893333333334,5.242986666666665,2015.0,4556.35,1707.28,439.95,1389.22,182.42,897.6,12.75
12,305.0,12.020800000000001,30.2048,12.4904,86.13759999999999,21.299599999999998,10.618,14.393600000000001,8.3344,2015.0,305.0,2.8624,19.904799999999998,0.0,57.666799999999995,8.230799999999999,-1.5259999999999998,3.734,2.598,2015.0,305.0,8.048613333333334,25.584613333333333,3.6152571428571427,73.67349333333334,14.754506666666668,3.2448266666666674,8.407626666666665,5.307226666666667,2015.0,4544.15,1395.83,350.37,1106.95,139.94,788.59,12.75
