,DOY,INSgdmax,RADmax,RAINmax,RHmax,TMAXmax,TMINmax,Tmax,WINDmax,YEAR,DOY,INSgdmin,RADmin,RAINmin,RHmin,TMAXmin,TMINmin,Tmin,WINDmin,YEAR,DOY,INSgdmean,RADmean,RAINmean,RHmean,TMAXmean,TMINmean,Tmean,WINDmean,YEAR,NDVI,EVI,RED,NIR,BLUE,MIR,pixrel
0,113.0,27.1187,30.465600000000002,16.3318,85.1312,23.764799999999997,9.7244,17.134,9.985499999999998,2015.0,113.0,4.4498999999999995,18.616,0.0,47.9172,9.1653,-3.3920000000000003,3.2918,2.2331000000000003,2015.0,113.0,19.21994,24.9346,2.9905733333333333,64.36692666666666,16.672326666666663,2.9907866666666667,9.973246666666666,5.379806666666668,2015.0,4377.94,2061.12,627.59,1721.13,332.2,1074.55,0.08
1,129.0,27.6438,32.9856,16.687599999999996,92.89770000000001,26.4376,14.5928,19.988899999999997,8.4644,2015.0,129.0,3.6233999999999997,23.500899999999998,0.0,62.2554,13.829799999999999,3.5467000000000004,9.1411,2.6349,2015.0,129.0,17.536239999999996,29.21108666666667,3.68908,76.96656666666667,20.895673333333335,9.64138,15.227219999999999,5.962506666666666,2015.0,6089.04,3050.18,653.07,2242.78,470.94,884.86,0.21
2,145.0,29.532199999999996,33.1556,11.7578,91.22829999999999,27.485100000000003,14.5296,20.1646,8.9482,2015.0,145.0,4.9791,23.8812,0.0,53.5283,11.001100000000001,0.9381,7.204599999999999,1.6723999999999997,2015.0,145.0,18.896492857142857,28.621428571428574,2.887966666666667,71.55479999999999,20.348893333333336,8.977453333333333,14.977493333333332,4.5142266666666675,2015.0,6286.69,3517.83,424.51,2325.22,243.05,637.44,2.81
3,161.0,29.607599999999998,34.5604,26.615000000000002,90.26329999999999,32.4105,18.115299999999998,24.6973,6.520199999999999,2015.0,161.0,3.8757,29.026200000000003,0.0,65.46209999999999,19.9442,11.4971,17.1038,2.0372,2015.0,161.0,20.034342857142857,32.28402,6.536266666666667,77.44176000000002,25.619726666666665,15.077113333333333,20.643586666666668,4.16538,2015.0,7094.04,4269.3,221.02,2667.43,94.23,483.61,17.9
4,177.0,29.659799999999997,33.3201,18.4705,83.1919,29.145400000000002,17.0137,23.2199,6.322699999999999,2015.0,177.0,6.406499999999999,26.7612,0.0,66.49279999999999,21.7723,10.1096,16.8047,1.7478999999999998,2015.0,177.0,21.543885714285718,30.949626666666667,5.1013866666666665,74.19976,25.761620000000004,14.511306666666668,20.5135,3.5083800000000007,2015.0,7364.7,4539.13,290.31,2757.05,180.06,477.77,0.51
5,193.0,28.689,35.4722,24.4224,90.9644,31.4471,21.8129,26.241,6.0645999999999995,2015.0,193.0,9.2782,26.466600000000003,0.0,69.24109999999999,21.154200000000003,10.1715,15.913799999999998,2.0981,2015.0,193.0,22.53577333333334,32.44131333333334,5.244133333333334,79.76159333333334,27.246640000000006,16.723413333333337,22.349446666666665,3.8893000000000004,2015.0,7273.84,4325.68,170.35,2640.1,65.1,421.45,20.4
6,209.0,28.0446,35.8492,19.8266,89.2547,30.788400000000003,21.3925,25.222700000000003,5.8975,2015.0,209.0,9.647400000000001,27.5419,0.0,60.793000000000006,24.426299999999998,12.762,19.2735,1.5944000000000003,2015.0,209.0,23.998886666666667,31.185759999999995,3.6174999999999997,73.09599333333333,27.448353333333337,16.381093333333336,22.210373333333333,3.69144,2015.0,7294.2,4451.18,189.13,2772.71,72.57,464.2,20.43
7,225.0,25.531599999999997,34.8564,33.496300000000005,95.4685,30.0748,19.785899999999998,24.6392,7.2828,2015.0,225.0,2.6161000000000003,26.294700000000002,0.0,64.9187,19.085500000000003,9.0699,15.2487,1.9004999999999999,2015.0,225.0,18.044193333333332,32.21224666666667,6.851066666666667,76.93233333333333,26.109033333333333,16.36457333333333,21.383713333333333,3.7034866666666675,2015.0,7306.98,3929.09,190.22,2350.64,85.27,425.71,15.34
8,241.0,24.665999999999997,35.7659,18.5848,93.2989,30.036299999999997,21.4703,25.433,7.506099999999999,2015.0,241.0,4.9209000000000005,24.7787,0.0,63.0125,19.6599,8.7539,14.587700000000002,1.7432,2015.0,241.0,18.419086666666665,30.993386666666666,2.239586666666667,79.75302,25.212693333333334,14.943659999999998,19.898733333333332,4.474746666666667,2015.0,6722.52,3391.83,269.41,2079.56,141.69,469.92,10.26
9,257.0,20.9869,35.0884,19.3402,84.7715,28.968400000000003,18.5732,23.476800000000004,8.6589,2015.0,257.0,4.8921,24.2072,0.0,61.1479,18.434,5.8285,12.7204,2.2042,2015.0,257.0,15.983686666666665,29.284746666666667,3.4388533333333333,72.03666666666666,23.85704,12.071200000000001,18.045573333333333,4.66284,2015.0,6374.85,2962.64,231.34,1877.23,89.54,482.77,20.4
10,273.0,17.9128,34.0022,21.3851,88.5908,25.699599999999997,17.3403,20.015900000000002,5.3585,2015.0,273.0,3.9493000000000005,21.8676,0.0,54.873900000000006,14.1672,3.3446,9.068399999999999,1.2569000000000001,2015.0,273.0,14.442313333333335,27.5413,3.0389866666666667,72.61365333333333,20.359359999999995,9.236713333333336,14.411626666666667,3.6717199999999997,2015.0,5142.89,2189.74,373.53,1615.97,152.68,581.61,17.86
11,289.0,15.444799999999999,31.36,8.8057,85.0663,26.5462,10.7033,18.1808,8.7722,2015.0,289.0,2.6163000000000003,20.8079,0.0,49.1126,9.7517,-1.7146000000000001,4.4708,2.3885000000000005,2015.0,289.0,12.05762,25.815133333333335,1.05844,60.23686666666667,17.917733333333334,5.65266,11.588153333333334,5.250206666666666,2015.0,4467.13,1833.14,439.21,1529.94,172.34,789.69,20.4
12,305.0,11.977599999999999,30.208099999999998,12.4163,86.1772,21.238699999999998,10.606,14.3792,8.336799999999998,2015.0,305.0,2.8678,19.915599999999998,0.0,57.7346,8.1951,-1.5394999999999999,3.6979999999999995,2.5934999999999997,2015.0,305.0,8.025993333333332,25.594993333333335,3.6260142857142856,73.77735333333334,14.716146666666667,3.2256866666666673,8.384286666666666,5.314986666666667,2015.0,4838.07,1461.84,259.48,1088.84,84.86,619.56,20.41
