,DOY,INSgdmax,RADmax,RAINmax,RHmax,TMAXmax,TMINmax,Tmax,WINDmax,YEAR,DOY,INSgdmin,RADmin,RAINmin,RHmin,TMAXmin,TMINmin,Tmin,WINDmin,YEAR,DOY,INSgdmean,RADmean,RAINmean,RHmean,TMAXmean,TMINmean,Tmean,WINDmean,YEAR,NDVI,EVI,RED,NIR,BLUE,MIR,pixrel
0,113.0,27.32,31.39,15.38,88.82,25.3,12.89,19.34,8.59,2015.0,113.0,5.36,19.84,0.0,49.54,13.66,-0.85,6.49,1.38,2015.0,113.0,19.048000000000002,26.386,1.8159999999999998,65.27333333333334,19.254,6.1693333333333324,12.868666666666668,4.325333333333333,2015.0,4845.24,3018.72,937.75,2693.75,488.43,1878.68,0.19
1,129.0,28.48,33.44,24.44,90.74,26.32,17.3,21.91,6.97,2015.0,129.0,2.02,23.69,0.0,57.84,17.16,4.67,12.01,2.17,2015.0,129.0,15.141999999999998,30.89066666666667,6.224666666666667,76.18133333333334,23.546666666666667,12.735333333333331,18.146666666666665,4.949999999999999,2015.0,6337.95,4275.75,696.79,3186.46,370.71,1485.47,0.01
2,145.0,29.52,33.88,18.23,90.4,26.67,16.86,20.32,5.88,2015.0,145.0,6.48,24.19,0.0,63.57,12.73,3.59,9.43,2.64,2015.0,145.0,18.309285714285718,29.51071428571429,2.5340000000000003,76.08666666666664,21.651999999999997,10.418666666666669,16.284,4.1,2015.0,6736.17,4564.58,602.24,3246.45,326.5,1126.43,0.02
3,161.0,29.56,36.76,33.88,93.19,32.14,21.71,26.69,5.09,2015.0,161.0,7.09,29.99,0.0,66.39,22.15,15.12,18.56,1.47,2015.0,161.0,19.059285714285718,33.919999999999995,8.484666666666666,82.93599999999998,27.309333333333328,17.953333333333333,22.82,3.3080000000000003,2015.0,7220.43,4995.36,551.22,3447.92,298.65,1278.18,0.0
4,177.0,29.48,35.89,42.57,86.79,32.11,21.65,26.53,6.83,2015.0,177.0,9.9,28.94,0.0,70.13,21.98,14.59,19.07,2.39,2015.0,177.0,19.82785714285714,33.09933333333334,8.982,79.404,27.627333333333336,17.476666666666667,22.858,3.9126666666666665,2015.0,7777.21,5459.26,446.0,3595.83,249.28,1001.63,1.02
5,193.0,28.22,36.5,35.57,91.31,32.88,24.07,28.04,4.62,2015.0,193.0,7.34,31.57,0.0,75.6,17.37,12.01,15.82,1.83,2015.0,193.0,19.90866666666666,34.458666666666666,8.812666666666667,85.33066666666667,28.212000000000003,19.404666666666667,24.041999999999998,3.602,2015.0,7902.73,5688.61,431.34,3743.56,240.88,888.19,0.04
6,209.0,27.72,37.15,19.98,87.4,31.54,24.19,27.75,4.53,2015.0,209.0,16.02,29.81,0.0,68.8,26.01,15.73,21.56,1.7,2015.0,209.0,22.974666666666668,33.571333333333335,5.200666666666667,78.44,29.265333333333327,19.709333333333337,24.773999999999997,2.7779999999999996,2015.0,7989.63,5973.42,435.82,3972.25,241.99,944.17,0.0
7,225.0,25.74,36.22,31.74,91.42,30.52,22.83,26.07,5.91,2015.0,225.0,2.59,27.54,0.0,66.56,21.92,11.23,16.17,1.14,2015.0,225.0,20.005999999999997,32.313333333333325,6.582666666666666,76.33733333333333,28.218000000000007,17.786,23.291333333333338,2.9520000000000004,2015.0,8100.78,5791.68,386.71,3737.11,217.7,854.2,0.0
8,241.0,25.31,34.88,10.94,83.53,33.86,21.94,27.52,5.86,2015.0,241.0,4.79,25.42,0.0,56.79,24.27,9.34,17.45,1.6,2015.0,241.0,19.773333333333333,31.733333333333327,2.4033333333333333,69.84133333333334,29.246000000000002,16.506666666666668,22.627999999999997,3.9206666666666674,2015.0,7606.61,5194.82,472.71,3471.97,259.13,917.68,0.8
9,257.0,21.35,36.43,23.76,86.57,31.85,22.8,25.87,7.13,2015.0,257.0,6.73,24.66,0.0,58.23,20.51,7.69,14.67,2.65,2015.0,257.0,18.362666666666666,30.712,6.261333333333335,70.60999999999999,26.729999999999997,14.554,20.575333333333337,4.432666666666667,2015.0,6863.12,4544.5,583.27,3186.49,318.81,1087.17,0.02
10,273.0,18.86,33.88,8.58,81.9,28.79,17.83,22.29,5.1,2015.0,273.0,6.16,22.61,0.0,51.56,17.66,4.84,11.21,1.33,2015.0,273.0,14.703999999999999,28.688666666666666,0.8546666666666667,68.518,23.282666666666668,11.137333333333334,16.856,3.4093333333333335,2015.0,6320.27,3817.78,618.26,2771.2,315.18,1230.63,0.0
11,289.0,16.45,32.58,11.76,84.11,28.3,15.38,19.72,7.59,2015.0,289.0,3.96,21.67,0.0,41.14,14.65,0.47,6.98,2.74,2015.0,289.0,13.252000000000002,26.979999999999997,2.024,54.564666666666675,22.52333333333333,8.6,14.862,4.794,2015.0,4956.65,2875.97,868.57,2535.29,424.54,1541.67,0.0
12,305.0,14.18,30.02,8.0,88.98,23.34,10.96,15.86,6.9,2015.0,305.0,1.58,19.8,0.0,54.1,12.34,-0.43,5.48,2.71,2015.0,305.0,9.807333333333332,24.940666666666672,2.251428571428572,70.786,17.237999999999996,4.558000000000001,10.197333333333331,4.371333333333334,2015.0,4759.89,2719.08,848.88,2388.3,439.48,1451.13,0.12
