,DOY,INSgdmax,RADmax,RAINmax,RHmax,TMAXmax,TMINmax,Tmax,WINDmax,YEAR,DOY,INSgdmin,RADmin,RAINmin,RHmin,TMAXmin,TMINmin,Tmin,WINDmin,YEAR,DOY,INSgdmean,RADmean,RAINmean,RHmean,TMAXmean,TMINmean,Tmean,WINDmean,YEAR,NDVI,EVI,RED,NIR,BLUE,MIR,pixrel
0,113.0,27.301000000000002,31.636499999999998,19.320600000000002,88.1197,25.1109,13.075600000000001,19.2303,9.063099999999999,2015.0000000000002,113.0,5.1486,19.5676,0.0,48.782,12.032499999999999,-1.3333,5.883100000000001,1.5363,2015.0000000000002,113.0,19.434593333333332,25.981766666666672,2.418413333333333,64.07478,18.82842666666667,5.555973333333332,12.31916,4.524873333333334,2015.0000000000002,5185.62,3170.54,848.05,2677.41,442.43,1716.42,0.04
1,129.0,28.413600000000002,33.2707,23.734099999999998,90.28629999999998,27.0126,16.9812,21.7517,7.5752,2015.0000000000002,129.0,3.8980999999999995,23.8166,0.0,57.8146,16.4164,4.4687,11.4682,2.2763999999999998,2015.0000000000002,129.0,15.63108,30.662619999999997,5.785173333333333,76.29674,23.082306666666668,12.217273333333333,17.614046666666667,5.177759999999999,2015.0000000000002,7053.92,4808.77,562.58,3341.98,306.33,1153.38,0.02
2,145.0,29.826099999999997,33.6593,17.259900000000002,89.5997,26.951700000000002,17.3142,20.3869,6.7353000000000005,2015.0000000000002,145.0,6.499700000000001,24.2313,0.0,62.300999999999995,12.8154,2.7935,9.2675,2.7165,2015.0000000000002,145.0,18.48885,29.335178571428578,2.3682133333333333,74.63839999999999,21.45695333333333,10.153873333333333,16.067546666666665,4.245046666666666,2015.0000000000002,7416.76,5065.0,486.59,3392.08,270.54,884.1,0.0
3,161.0,29.847,36.5299,27.052200000000003,91.9888,31.779399999999995,20.5192,25.9379,5.1681,2015.0000000000002,161.0,4.5627,29.912399999999998,0.0,66.2656,22.5128,14.2091,18.6632,1.4934,2015.0000000000002,161.0,17.78074285714286,33.69373333333333,8.825873333333336,80.96292,27.045633333333335,17.162779999999998,22.378593333333335,3.3484066666666665,2015.0000000000002,7468.06,5217.52,505.12,3525.88,277.48,1119.02,0.0
4,177.0,29.882699999999996,35.9324,38.4279,87.2168,31.7029,20.273999999999997,25.907500000000002,6.4424,2015.0000000000002,177.0,8.4868,28.274800000000003,0.0,65.144,22.6264,13.320899999999998,18.667900000000003,2.0236,2015.0000000000002,177.0,19.36227857142857,32.68696666666668,9.09986,77.79940666666666,27.238866666666667,16.70614,22.36591333333334,3.7902199999999997,2015.0000000000002,8074.24,5415.81,361.72,3414.54,199.61,805.17,1.0
5,193.0,28.284,36.3253,33.0594,90.9787,33.278000000000006,23.6402,27.9443,4.9714,2015.0000000000002,193.0,5.9962,29.257200000000005,0.0,71.2267,19.738100000000003,12.6417,16.543999999999997,1.9929999999999999,2015.0000000000002,193.0,21.105600952380954,33.971933333333325,7.4609266666666665,82.25556666666667,28.453306666666663,19.035539999999997,23.90291333333333,3.6427733333333334,2015.0000000000002,7980.41,5505.89,391.01,3528.49,219.56,754.46,0.0
6,209.0,27.813000000000002,37.1489,34.6087,88.05690000000001,32.625,23.804499999999997,27.444200000000002,5.1574,2015.0000000000002,209.0,9.503499999999999,29.268800000000002,0.0,61.3566,26.1456,15.047900000000002,21.2427,1.7514999999999998,2015.0000000000002,209.0,22.064526666666666,33.09276,6.545446666666667,73.63954,29.676806666666664,19.162913333333336,24.570033333333335,3.0472199999999994,2015.0000000000002,7942.62,5903.86,446.69,3931.91,249.62,924.95,0.0
7,225.0,25.500299999999996,36.1715,31.1956,92.70320000000001,32.0276,21.9519,26.0788,6.6008,2015.0000000000002,225.0,1.9613,27.3631,0.0,63.0912,21.361,10.910200000000001,16.211199999999998,1.2568000000000001,2015.0000000000002,225.0,19.4118,32.33956666666666,6.995973333333332,72.92913333333333,28.545560000000002,17.546166666666668,23.235253333333333,3.234973333333334,2015.0000000000002,7974.26,5410.43,387.65,3461.09,215.44,819.8,0.0
8,241.0,25.199099999999998,35.0462,14.463700000000001,80.9199,34.848800000000004,22.102,28.012999999999998,6.2059,2015.0000000000002,241.0,5.4761,25.282200000000003,0.0,53.861599999999996,23.9476,9.656099999999999,17.211,1.6791,2015.0000000000002,241.0,19.126533333333334,31.66413999999999,2.2684533333333334,66.52823333333333,29.695213333333335,16.50834,22.733233333333335,4.179026666666667,2015.0000000000002,7680.98,4864.97,404.88,3110.02,222.74,821.48,0.0
9,257.0,21.548100000000005,36.074,27.9232,85.2372,31.9073,22.883399999999995,25.983,7.871500000000001,2015.0000000000002,257.0,5.5236,24.522900000000003,0.0,56.71639999999999,20.4938,7.299600000000001,14.5157,2.4139,2015.0000000000002,257.0,18.29454666666667,30.38075333333333,6.386980000000001,68.59362666666667,26.475773333333336,14.29664,20.32542666666667,4.521073333333334,2015.0000000000002,7328.48,4619.43,463.97,3036.62,257.02,893.83,0.01
10,273.0,18.6383,34.2155,11.3775,79.038,29.403999999999996,18.140499999999996,22.3866,5.6084,2015.0000000000002,273.0,6.3063,22.565800000000003,0.0,51.83630000000001,17.2059,4.661999999999999,10.9525,1.4296000000000002,2015.0000000000002,273.0,14.645849999999996,28.526219999999995,1.6247666666666667,66.75322666666666,23.3333,10.875953333333335,16.738833333333336,3.50568,2015.0000000000002,6810.49,4031.07,510.46,2732.96,271.38,1004.87,0.0
11,289.0,16.0984,32.3543,10.9666,84.2452,28.905600000000003,14.292600000000002,19.618499999999997,8.0052,2015.0000000000002,289.0,3.3800999999999997,21.5146,0.0,41.006099999999996,13.965499999999999,0.01789999999999997,6.7001,2.3686000000000003,2015.0000000000002,289.0,13.064053333333334,26.675586666666668,1.8534466666666667,53.70796666666668,21.781946666666663,8.161126666666666,14.34948,4.9443666666666655,2015.0000000000002,5444.38,3124.75,736.85,2500.72,376.79,1327.39,0.0
12,305.0,13.8269,29.581200000000003,16.023799999999998,87.67150000000001,23.998199999999997,11.141200000000001,15.6221,7.4997,2015.0000000000002,305.0,1.4731,19.936700000000002,0.0,54.2649,11.732000000000001,-0.3469,5.5682,2.4494999999999996,2015.0000000000002,305.0,9.604686666666668,24.950586666666666,3.0182142857142855,68.86642,17.117486666666665,4.601146666666667,10.074666666666666,4.703186666666667,2015.0000000000002,5267.94,2825.05,693.55,2249.8,357.21,1233.67,0.01
