,DOY,INSgdmax,RADmax,RAINmax,RHmax,TMAXmax,TMINmax,Tmax,WINDmax,YEAR,DOY,INSgdmin,RADmin,RAINmin,RHmin,TMAXmin,TMINmin,Tmin,WINDmin,YEAR,DOY,INSgdmean,RADmean,RAINmean,RHmean,TMAXmean,TMINmean,Tmean,WINDmean,YEAR,NDVI,EVI,RED,NIR,BLUE,MIR,pixrel
0,113.0,27.6876,31.532200000000003,10.748,88.9048,25.800600000000003,12.9226,18.415999999999997,8.358600000000001,2015.0,113.0,4.0696,20.345200000000002,0.0,45.6096,14.2444,-0.5846,7.5446,1.7513999999999998,2015.0,113.0,19.20913333333333,26.31529333333333,1.915386666666667,63.40281333333334,19.52757333333333,6.256093333333334,13.112733333333333,4.32276,2015.0,2825.7,1854.74,1566.72,2796.82,736.61,3030.6,0.33
1,129.0,28.485400000000002,33.358000000000004,31.5786,89.33840000000001,28.3354,17.9818,22.0538,9.4336,2015.0,129.0,4.683199999999999,23.857400000000005,0.0,56.1802,16.817,4.281000000000001,10.6702,2.3692,2015.0,129.0,14.902666666666669,30.950039999999994,6.233880000000001,73.08118666666667,23.738786666666662,12.269413333333333,18.036706666666667,5.525226666666665,2015.0,3283.05,2104.81,1378.15,2725.82,650.2,2850.75,0.73
2,145.0,29.4998,33.294399999999996,22.9748,90.134,27.750799999999998,16.287,20.154799999999998,6.3476,2015.0,145.0,6.7766,24.0698,0.0,59.3908,14.3572,3.607,9.5894,2.896,2015.0,145.0,16.517785714285715,29.80245714285714,3.4799333333333347,74.10012,21.36756,10.65472,15.990853333333334,4.18668,2015.0,3673.87,2323.11,1247.98,2699.97,599.64,2450.58,0.15
3,161.0,29.725599999999996,36.9178,51.4358,90.9484,34.1044,21.0374,27.411,5.5312,2015.0,161.0,7.569400000000001,29.834600000000002,0.0,59.78079999999999,21.316000000000003,14.992600000000003,18.686199999999996,1.8773999999999997,2015.0,161.0,20.48902857142857,33.728680000000004,10.739293333333332,78.32946666666666,27.97697333333333,17.6666,23.048319999999997,3.499786666666667,2015.0,4875.95,3580.72,1229.03,3564.73,606.85,2706.67,0.04
4,177.0,29.507399999999997,35.8524,20.299,85.327,34.3194,21.452399999999997,27.0608,7.2379999999999995,2015.0,177.0,6.787400000000001,29.9228,0.0,64.50840000000001,23.494,15.060599999999999,20.225,2.0134000000000003,2015.0,177.0,20.249957142857145,33.24198666666666,4.656480000000001,73.92928000000002,29.318773333333333,18.018066666666666,23.723453333333335,4.09936,2015.0,7851.42,6335.53,524.2,4446.18,283.46,1191.83,0.29
5,193.0,28.9478,36.5472,27.227,90.91820000000001,34.27,23.9908,28.596400000000003,5.7074,2015.0,193.0,5.9079999999999995,28.886,0.0,65.78399999999999,22.2378,14.338799999999999,18.3096,2.0922,2015.0,193.0,21.025333333333336,34.46970666666667,7.052066666666667,79.74405333333334,29.539226666666664,20.141733333333335,24.869906666666665,3.873173333333334,2015.0,8360.52,6763.21,397.67,4536.45,218.09,927.19,0.0
6,209.0,27.920199999999998,37.71,24.7868,82.9092,34.622,23.6002,28.278000000000002,4.5931999999999995,2015.0,209.0,7.002000000000001,29.8804,0.0,57.15440000000001,26.3846,16.127000000000002,21.781,2.065,2015.0,209.0,22.215413333333338,33.8684,3.951293333333334,72.35324,30.810893333333333,20.014200000000002,25.540093333333335,2.943693333333334,2015.0,9024.5,7452.65,242.19,4794.69,133.39,655.13,0.48
7,225.0,26.100200000000005,36.699999999999996,39.178399999999996,80.8416,33.781,24.7794,27.923800000000004,6.0178,2015.0,225.0,3.8954000000000004,28.302799999999998,0.0,50.9754,24.151199999999996,12.1606,17.7732,1.5777999999999999,2015.0,225.0,20.052599999999998,32.33143999999999,6.188079999999999,65.64128000000001,30.39588,18.093640000000004,24.233959999999996,3.522706666666666,2015.0,8956.52,7170.21,245.66,4561.27,136.43,665.75,0.0
8,241.0,25.585600000000007,36.270399999999995,17.460800000000003,75.47959999999999,37.511,23.3268,29.680600000000002,6.632199999999999,2015.0,241.0,8.039,25.9772,0.0,44.0826,25.3428,9.8748,18.9808,2.1688,2015.0,241.0,19.870026666666664,32.408253333333334,2.9518,57.207119999999996,31.858359999999998,17.884213333333335,24.404000000000003,4.77504,2015.0,8535.74,6516.26,326.38,4191.54,179.71,713.9,0.0
9,257.0,22.0376,37.206,25.406399999999998,77.60300000000001,36.449799999999996,23.3398,28.1098,9.7858,2015.0,257.0,3.3502,25.353199999999998,0.0,45.2634,23.104799999999997,9.2578,16.0448,2.2496,2015.0,257.0,17.67316,31.12006666666666,5.559733333333333,59.17022666666668,29.377226666666665,15.842413333333333,22.164559999999998,5.025573333333333,2015.0,6796.58,4421.14,588.64,3129.23,309.7,960.4,0.11
10,273.0,18.8228,35.073,9.9708,79.5658,30.7614,19.817800000000002,23.2058,4.8672,2015.0,273.0,9.4234,23.2628,0.0,45.9966,16.7884,4.8002,11.333400000000001,1.1036000000000001,2015.0,273.0,15.705666666666666,28.967320000000004,1.6407866666666666,61.995053333333345,24.408559999999998,11.579373333333335,17.51052,3.355266666666666,2015.0,4919.87,2732.26,786.28,2331.72,388.95,1322.16,0.03
11,289.0,16.7148,32.745799999999996,12.3936,73.7334,32.155,16.0854,21.633399999999998,9.1362,2015.0,289.0,5.853999999999999,23.1802,0.0,31.9034,16.942999999999998,2.7148000000000003,9.213,3.3529999999999998,2015.0,289.0,13.807226666666663,27.426986666666668,1.6438800000000002,46.64505333333334,24.178253333333334,9.980400000000001,16.626079999999998,5.152173333333333,2015.0,3323.99,2180.42,1378.84,2737.48,652.95,1890.2,0.68
12,305.0,14.284600000000001,29.5456,7.2674,84.74459999999999,25.712799999999994,13.017999999999999,16.88,7.5416,2015.0,305.0,3.6557999999999997,20.307999999999996,0.0,47.681799999999996,12.236799999999999,0.2758,6.240600000000001,2.5951999999999997,2015.0,305.0,10.590133333333332,24.88357333333333,1.2014285714285715,62.83166666666666,18.490173333333335,5.25004,11.025959999999998,4.6864799999999995,2015.0,2935.58,1851.91,1434.32,2616.66,683.49,2104.85,0.15
