,DOY,INSgdmax,RADmax,RAINmax,RHmax,TMAXmax,TMINmax,Tmax,WINDmax,YEAR,DOY,INSgdmin,RADmin,RAINmin,RHmin,TMAXmin,TMINmin,Tmin,WINDmin,YEAR,DOY,INSgdmean,RADmean,RAINmean,RHmean,TMAXmean,TMINmean,Tmean,WINDmean,YEAR,NDVI,EVI,RED,NIR,BLUE,MIR,pixrel
0,113.0,27.4586,31.6672,10.5598,87.3724,25.4848,13.7139,19.3939,8.1203,2015.0,113.0,5.5602,19.863100000000003,0.0,49.7171,13.4598,-0.5574,6.3822,1.3492,2015.0,113.0,19.823133333333335,26.24124,1.0516466666666666,64.08188666666668,19.447526666666665,6.101060000000001,12.868666666666664,4.105626666666667,2015.0,5407.37,3162.98,765.53,2561.52,394.74,1502.89,0.05
1,129.0,28.202800000000003,33.524699999999996,23.747,90.0855,26.712699999999998,17.5464,21.9716,6.3155,2015.0,129.0,4.6765,23.713099999999997,0.0,57.40110000000001,17.3217,5.070400000000001,12.4104,2.3317,2015.0,129.0,16.642473333333335,30.91222666666667,6.139453333333334,76.66848666666668,23.55796,12.896006666666668,18.256006666666664,4.437180000000001,2015.0,7561.73,5290.34,481.24,3538.96,263.1,979.43,0.0
2,145.0,29.273600000000002,34.1264,18.3378,88.7522,26.439,17.499100000000002,20.9514,5.6952,2015.0,145.0,5.979500000000001,24.3286,0.0,63.7779,11.467199999999998,3.1126,9.0296,2.5476,2015.0,145.0,18.703085714285713,29.88966428571429,2.603813333333333,75.37980666666667,21.94665333333333,10.461273333333331,16.546826666666668,3.9064733333333326,2015.0,7757.42,5687.37,468.43,3806.71,258.96,946.24,0.0
3,161.0,29.4753,37.229699999999994,23.900800000000004,93.7444,31.8859,22.1027,26.305,4.7512,2015.0,161.0,6.2353000000000005,30.3211,0.0,66.6595,21.2106,14.357700000000001,17.7746,1.3930000000000002,2015.0,161.0,19.42393571428572,34.12225333333333,7.4200133333333325,82.95294,27.397626666666667,18.206406666666663,23.016606666666668,3.2084133333333327,2015.0,7971.33,5543.47,398.85,3569.88,221.24,842.95,0.0
4,177.0,28.9564,36.0825,50.547200000000004,87.20580000000001,31.2784,22.350699999999996,26.460700000000003,6.1601,2015.0,177.0,8.1521,29.1633,0.0,69.8528,22.1571,13.589,18.8544,2.2437,2015.0,177.0,19.84380714285714,33.091633333333334,10.800226666666667,79.49126666666666,27.303419999999996,17.488473333333335,22.733773333333332,3.5646266666666664,2015.0,7145.2,5414.99,639.87,3838.8,358.25,877.44,1.64
5,193.0,28.143000000000004,36.6155,29.856599999999997,92.7191,32.1947,24.231700000000004,28.0169,4.481400000000001,2015.0,193.0,5.3457,31.7394,0.0,76.832,16.846400000000003,12.210199999999999,15.4042,1.6529,2015.0,193.0,19.680746666666664,34.510000000000005,7.9025266666666685,85.66074,27.96611333333334,19.41339333333333,23.861306666666664,3.301186666666667,2015.0,8130.8,5811.11,386.2,3746.0,215.71,786.41,0.0
6,209.0,27.612199999999998,37.203900000000004,30.598300000000005,88.1161,31.3629,24.0437,27.334200000000003,4.2759,2015.0,209.0,12.1392,29.917800000000003,0.0,70.3785,26.010000000000005,15.914800000000001,21.536900000000003,1.7924000000000002,2015.0,209.0,22.142553333333332,33.50203333333333,6.251973333333333,78.50622000000003,29.19911333333333,19.451126666666667,24.57585333333333,2.66558,2015.0,8166.95,5763.64,374.82,3690.41,209.87,786.05,0.0
7,225.0,25.655299999999997,36.081399999999995,33.04130000000001,91.2352,30.4892,22.152399999999997,25.5079,5.3787,2015.0,225.0,4.9231,27.432199999999998,0.0,66.90650000000001,21.8969,11.168400000000002,16.1854,1.5481,2015.0,225.0,20.409479999999995,32.36774666666666,4.977986666666666,77.16533999999999,28.216460000000005,17.99082,23.17224,2.778493333333333,2015.0,7936.37,5358.99,404.53,3450.3,223.33,857.87,0.02
8,241.0,25.2253,34.8569,15.921899999999999,84.6465,32.6357,21.7167,26.9733,4.9899000000000004,2015.0,241.0,7.4465,25.42,0.0,57.6601,24.4009,9.678799999999999,17.4038,1.5384000000000002,2015.0,241.0,19.745099999999997,31.688673333333334,2.5321800000000003,72.14004,28.66388,16.31724666666667,22.42420666666667,3.43608,2015.0,7641.9,4697.02,409.48,3009.59,222.14,810.05,0.96
9,257.0,21.4886,36.7919,23.144000000000002,86.97040000000001,31.5574,22.2687,25.708299999999998,6.1829,2015.0,257.0,6.6222,24.8294,0.0,57.5601,20.225099999999998,7.767,14.5468,2.2111,2015.0,257.0,18.274373333333333,30.675553333333333,5.3378466666666675,71.11255333333334,26.375799999999998,14.472380000000003,20.440326666666667,3.929086666666666,2015.0,7281.93,4463.91,467.5,2939.13,257.07,920.6,0.0
10,273.0,18.9216,33.0176,3.652,82.2542,28.4204,16.9137,21.8126,4.7766,2015.0,273.0,5.605600000000001,22.556099999999997,0.0,55.1251,17.8525,4.7938,10.979000000000001,1.5225000000000002,2015.0,273.0,14.21582,28.83137333333333,0.4250066666666667,70.23715333333332,23.11942666666667,11.10448,16.74358,3.1567733333333337,2015.0,7004.27,4156.31,496.09,2792.92,261.79,1023.21,0.0
11,289.0,16.5655,32.6878,15.933399999999999,87.99849999999999,27.622400000000003,15.433899999999998,19.2811,6.581300000000001,2015.0,289.0,3.5442,21.3389,0.0,44.3432,14.0725,-0.16910000000000003,6.4256,2.3857999999999997,2015.0,289.0,12.93116666666667,26.900433333333332,1.93006,56.80228666666667,21.755386666666666,8.333066666666667,14.40924,4.271939999999999,2015.0,5747.33,2988.48,597.56,2232.08,295.5,1098.06,0.0
12,305.0,14.1569,29.996900000000004,6.8989,92.0292,22.6932,10.5134,15.944700000000001,6.122299999999999,2015.0,305.0,2.5502,19.6922,0.0,57.033699999999996,11.9011,-0.5224,5.0719,2.6175999999999995,2015.0,305.0,9.498306666666668,25.079780000000003,2.3647285714285715,73.33777999999998,16.7375,4.472786666666668,10.01972,3.9729866666666664,2015.0,5309.58,2772.9,657.89,2175.35,338.38,1287.44,0.0
