,DOY,INSgdmax,RADmax,RAINmax,RHmax,TMAXmax,TMINmax,Tmax,WINDmax,YEAR,DOY,INSgdmin,RADmin,RAINmin,RHmin,TMAXmin,TMINmin,Tmin,WINDmin,YEAR,DOY,INSgdmean,RADmean,RAINmean,RHmean,TMAXmean,TMINmean,Tmean,WINDmean,YEAR,NDVI,EVI,RED,NIR,BLUE,MIR,pixrel
0,113.0,27.2123,30.410199999999996,13.342199999999998,89.72449999999999,23.2354,8.7889,16.549100000000003,9.6652,2015.0,113.0,4.699,18.6674,0.0,47.6549,7.237199999999999,-4.111999999999999,2.4894,2.5029999999999997,2015.0,113.0,19.30104,24.764306666666663,2.907686666666667,66.35685999999998,15.49218,2.177333333333333,9.015600000000001,5.449893333333333,2015.0,4052.62,1887.33,689.11,1703.88,355.57,1229.23,0.0
1,129.0,27.4853,33.3673,16.566699999999997,89.82990000000001,25.544,15.409699999999999,19.663700000000002,8.1182,2015.0,129.0,3.9474,24.741999999999997,0.0,65.5179,14.038899999999998,3.1172999999999997,8.494,2.9132,2015.0,129.0,17.19309333333333,29.413526666666666,3.2317066666666667,77.88932000000001,20.356813333333335,9.242893333333333,14.770006666666667,5.943913333333334,2015.0,6249.16,3079.25,434.47,2026.45,259.6,746.11,0.0
2,145.0,30.224,33.799400000000006,22.417900000000003,92.9035,26.444200000000006,15.462700000000002,20.1749,8.7259,2015.0,145.0,4.6198,23.8651,0.0,54.369800000000005,9.774,0.8566999999999999,7.0348,1.8262,2015.0,145.0,18.83277857142857,28.379442857142855,3.9297066666666667,72.48381999999998,19.885700000000003,8.84888,14.6889,4.543773333333334,2015.0,7166.06,4039.47,372.84,2519.31,227.19,632.46,0.03
3,161.0,29.6474,33.9401,26.836100000000002,91.3716,31.452299999999997,17.4833,24.0134,6.0025,2015.0,161.0,4.1596,28.885400000000004,0.0,68.88869999999999,19.312499999999996,11.2472,16.8709,2.0927999999999995,2015.0,161.0,20.218085714285714,31.653699999999997,6.453246666666668,79.53455333333333,24.980973333333328,14.45914,19.95749333333333,4.2708,2015.0,8110.08,4992.27,264.92,3025.23,161.22,513.01,0.2
4,177.0,28.949900000000003,33.0997,14.637600000000003,86.10300000000001,27.942999999999998,16.356099999999998,22.468,6.6438999999999995,2015.0,177.0,4.7599,26.679999999999996,0.0,67.00540000000001,20.709200000000003,9.366999999999999,16.1296,1.9737,2015.0,177.0,22.295128571428577,30.511533333333333,4.576880000000001,75.79429333333333,24.872373333333336,14.100333333333332,19.82643333333333,3.4261333333333335,2015.0,8151.49,5028.26,259.3,3011.4,160.31,509.26,0.18
5,193.0,28.325200000000002,35.4944,20.507,94.77109999999999,30.5741,21.408399999999997,25.9149,6.0673,2015.0,193.0,5.434799999999999,27.0092,0.0,71.68839999999999,20.432899999999997,10.0311,15.5135,1.665,2015.0,193.0,21.735059999999997,32.154306666666656,4.955406666666667,81.32602666666666,26.35409333333333,16.020826666666665,21.643066666666666,3.8498666666666663,2015.0,8232.7,5004.6,247.3,2949.9,158.16,500.48,0.0
6,209.0,28.147899999999996,35.2898,13.2808,89.7489,29.3162,21.1137,24.9174,6.1374,2015.0,209.0,17.4911,26.848000000000003,0.0,64.4969,23.8157,12.2975,18.3076,1.6388,2015.0,209.0,24.953866666666666,30.64376666666667,2.237373333333333,75.61226,26.55894666666667,16.019626666666667,21.596586666666667,3.8411599999999995,2015.0,8207.55,5410.72,301.39,3324.56,189.02,599.38,0.23
7,225.0,25.520000000000003,34.7618,26.7815,96.17790000000001,29.266399999999997,20.2589,24.360500000000002,6.7622,2015.0,225.0,2.6027000000000005,26.337400000000002,0.0,67.69239999999999,20.243899999999996,9.426400000000001,15.4167,1.9855999999999998,2015.0,225.0,18.26066,32.15324666666667,5.927473333333333,80.36640666666669,25.50464666666666,16.21460666666667,20.95871333333333,3.6492999999999998,2015.0,8211.36,4479.76,230.22,2576.75,140.04,463.21,0.07
8,241.0,24.3175,35.777300000000004,22.028999999999996,92.4707,29.208399999999997,21.078,24.986499999999996,7.955999999999999,2015.0,241.0,3.104,25.272199999999998,0.0,66.1705,18.99,8.3598,14.0089,1.348,2015.0,241.0,18.198520000000002,30.973920000000003,2.2536533333333333,82.30716666666666,24.53289333333333,14.63146666666667,19.489313333333335,4.362640000000001,2015.0,7723.73,4104.43,273.74,2429.08,159.46,520.61,0.0
9,257.0,20.810000000000002,34.5606,28.9324,86.1479,28.401699999999998,19.5045,23.6175,8.355699999999999,2015.0,257.0,6.167,24.3372,0.0,65.11909999999999,17.488100000000003,5.6958,12.314,2.489,2015.0,257.0,15.919053333333329,29.19884666666666,3.9141133333333338,73.68808666666666,23.260559999999995,11.933573333333333,17.746153333333332,4.6420200000000005,2015.0,7193.46,3520.02,305.12,2117.92,177.38,517.3,0.0
10,273.0,17.7828,32.8805,13.201,84.655,25.8033,16.2953,20.0873,5.449,2015.0,273.0,7.5202,21.647,0.0,60.3785,14.2008,3.0835,8.8272,1.0445,2015.0,273.0,14.512566666666668,27.283340000000003,2.5015533333333333,73.82176666666665,20.001060000000003,8.824873333333333,14.016873333333335,3.7186800000000004,2015.0,5878.5,2648.71,446.16,1844.31,216.62,613.63,0.0
11,289.0,15.919800000000002,30.6904,9.0169,84.5039,25.5836,10.796199999999999,17.3139,8.749600000000001,2015.0,289.0,1.8848,20.2322,0.0,50.0558,8.878,-2.3404,3.6952,2.7411000000000003,2015.0,289.0,11.737086666666668,25.63139333333333,1.18338,62.42041999999999,17.11588,4.936193333333334,10.85094,5.31504,2015.0,5058.52,2094.87,500.31,1571.02,264.29,889.84,0.07
12,305.0,11.5228,30.844499999999996,10.546800000000001,88.06660000000001,20.482599999999998,9.7274,13.728499999999999,7.764799999999999,2015.0,305.0,1.9807,19.610799999999998,0.0,58.4644,8.4452,-1.4561,2.9222000000000006,2.6709,2015.0,305.0,7.732313333333334,25.78461333333333,3.2742999999999998,76.42185333333333,13.903893333333334,3.0326066666666676,7.993746666666665,5.26104,2015.0,5021.34,1615.39,356.62,1139.37,185.77,708.51,0.0
