,DOY,INSgdmax,RADmax,RAINmax,RHmax,TMAXmax,TMINmax,Tmax,WINDmax,YEAR,DOY,INSgdmin,RADmin,RAINmin,RHmin,TMAXmin,TMINmin,Tmin,WINDmin,YEAR,DOY,INSgdmean,RADmean,RAINmean,RHmean,TMAXmean,TMINmean,Tmean,WINDmean,YEAR,NDVI,EVI,RED,NIR,BLUE,MIR,pixrel
0,113.0,27.354799999999997,31.556,16.8172,87.0556,25.072,13.128,19.323999999999998,9.421199999999999,2015.0,113.0,4.6655999999999995,19.3496,0.0,48.339200000000005,11.1488,-1.5192,5.5028,1.5219999999999998,2015.0,113.0,19.819119999999998,25.705573333333337,2.2085866666666667,63.15248,18.620453333333337,5.008933333333333,11.98549333333333,4.6780533333333345,2015.0,3277.79,1270.64,472.46,1115.73,331.09,562.76,2.77
1,129.0,28.136,33.300399999999996,22.6424,90.00919999999999,27.3472,16.877200000000002,21.7464,7.8751999999999995,2015.0,129.0,5.026,24.1592,0.0,58.0132,16.214,4.6012,11.2644,2.3948,2015.0,129.0,16.595253333333336,30.568799999999996,5.4229866666666675,76.62394666666665,22.864346666666666,11.976906666666668,17.370026666666668,5.220506666666667,2015.0,4488.75,1656.24,301.55,1175.64,193.85,468.18,8.19
2,145.0,29.9048,33.61,16.4872,88.34039999999999,26.868000000000002,17.7956,20.666800000000002,7.296,2015.0,145.0,6.361599999999999,24.2348,0.0,61.3584,12.219999999999999,2.4036,8.9568,2.6159999999999997,2015.0,145.0,19.259114285714286,29.170314285714287,2.285973333333333,73.68589333333334,21.50445333333333,10.01432,16.07432,4.360933333333333,2015.0,4719.47,2021.09,294.62,1341.65,187.86,390.62,5.14
3,161.0,29.9048,36.2416,24.6008,90.92,31.528399999999998,19.9196,25.588,5.1704,2015.0,161.0,3.7928,29.9052,0.0,66.8756,22.285600000000002,13.742799999999999,18.4636,1.5036,2015.0,161.0,17.34714285714286,33.57975999999999,8.861866666666668,79.73688,26.98816,16.764906666666665,22.224053333333334,3.3604,2015.0,5910.96,2583.66,190.53,1601.17,117.75,239.0,12.97
4,177.0,30.04,36.0788,39.1576,87.7576,31.2196,19.43,25.526400000000002,6.1676,2015.0,177.0,5.8664000000000005,28.0292,0.0,63.776799999999994,22.8868,12.4832,18.366000000000003,1.8000000000000003,2015.0,177.0,18.59297142857143,32.48530666666667,10.38434666666667,77.18533333333332,26.88248,16.266826666666667,22.012640000000005,3.6818400000000002,2015.0,6022.32,2791.97,243.05,1671.7,187.86,318.5,2.81
5,193.0,28.246000000000002,36.2452,28.7712,91.2464,33.3932,23.4592,27.908,5.1944,2015.0,193.0,6.7748,28.407200000000003,0.0,69.7508,20.568800000000003,13.000399999999999,16.7532,2.1008,2015.0,193.0,21.595813333333336,33.64570666666666,6.243866666666667,81.11413333333331,28.394426666666668,18.788159999999998,23.717599999999997,3.6288533333333337,2015.0,6305.76,2764.5,190.29,1622.57,135.31,296.05,5.26
6,209.0,27.770000000000003,37.2148,44.032399999999996,88.4164,32.668800000000005,23.497999999999998,27.1052,5.553599999999999,2015.0,209.0,8.022400000000001,28.9292,0.0,59.4576,26.0356,14.774000000000001,21.075200000000002,1.6324,2015.0,209.0,21.672933333333333,32.68805333333333,7.582426666666667,72.02013333333333,29.607439999999997,18.810613333333336,24.28066666666667,3.196826666666666,2015.0,6289.55,2774.27,194.6,1649.94,141.89,243.11,7.75
7,225.0,25.5092,36.1544,30.1004,93.69120000000001,32.6108,21.13,26.0,6.962400000000001,2015.0,225.0,2.4512,27.1744,0.0,61.497600000000006,21.2216,10.7272,16.2976,1.5352000000000001,2015.0,225.0,19.056853333333333,32.344613333333335,6.792746666666666,72.15645333333333,28.535839999999993,17.40344,23.06245333333333,3.3988,2015.0,5904.05,2443.7,169.21,1466.79,98.49,255.6,10.24
8,241.0,25.104799999999997,35.1904,15.215600000000002,79.67960000000001,35.2648,22.1784,28.1436,6.466799999999999,2015.0,241.0,5.7404,25.214399999999998,0.0,53.6936,23.9428,9.816799999999999,17.026799999999998,1.8532,2015.0,241.0,18.871813333333332,31.594826666666656,1.9080266666666668,65.44528,29.791013333333332,16.396853333333333,22.71864,4.2438666666666665,2015.0,5924.97,2201.65,186.05,1268.12,140.48,219.87,2.69
9,257.0,21.724,35.9752,33.2356,84.0852,32.1316,23.168,26.1932,8.0292,2015.0,257.0,4.3472,24.3896,0.0,55.186400000000006,20.432399999999998,7.206799999999999,14.379599999999998,2.4212000000000002,2015.0,257.0,18.14192,30.201439999999998,6.676080000000001,67.15738666666668,26.49922666666667,14.199866666666665,20.278373333333334,4.532213333333333,2015.0,5487.43,1929.57,166.2,1197.31,95.19,200.86,15.49
10,273.0,18.5396,34.0672,11.052,76.9272,29.7288,17.854799999999997,22.5464,5.8804,2015.0,273.0,6.8576,22.485999999999997,0.0,52.3548,17.1964,4.725599999999999,10.832400000000002,1.4647999999999999,2015.0,273.0,14.822319999999998,28.46016,1.6565333333333332,65.49256,23.523600000000002,10.762346666666668,16.777333333333335,3.564586666666667,2015.0,4028.79,1128.97,168.7,858.19,65.9,244.81,25.51
11,289.0,15.916,32.3352,16.3356,85.1832,29.1008,13.799199999999999,19.424,8.072799999999999,2015.0,289.0,2.9696,21.276000000000003,0.0,40.864399999999996,13.486,-0.4572,6.4696,2.0004,2015.0,289.0,12.702079999999999,26.493706666666668,2.1633066666666667,53.500133333333345,21.136826666666668,7.856239999999999,13.935173333333335,5.026586666666667,2015.0,4471.6,1152.56,149.26,789.78,70.04,214.68,17.92
12,305.0,13.6208,29.5088,16.544,88.17800000000001,24.356,10.9024,15.578,7.734,2015.0,305.0,1.3748,19.955199999999998,0.0,55.43320000000001,11.329600000000001,-0.408,5.4572,2.2727999999999997,2015.0,305.0,9.343146666666666,24.973893333333333,3.1326857142857136,68.81525333333333,16.95344,4.6252,9.944773333333332,4.852693333333334,2015.0,4059.25,760.13,38.26,579.04,-8.76,169.08,35.78
