,DOY,INSgdmax,RADmax,RAINmax,RHmax,TMAXmax,TMINmax,Tmax,WINDmax,YEAR,DOY,INSgdmin,RADmin,RAINmin,RHmin,TMAXmin,TMINmin,Tmin,WINDmin,YEAR,DOY,INSgdmean,RADmean,RAINmean,RHmean,TMAXmean,TMINmean,Tmean,WINDmean,YEAR,NDVI,EVI,RED,NIR,BLUE,MIR,pixrel
0,113.0,27.11,30.85,20.52,82.8,24.46,11.26,17.61,9.44,2015.0,113.0,3.56,19.22,0.0,48.07,11.96,-2.64,4.63,2.01,2015.0,113.0,20.49866666666667,25.03133333333334,2.5660000000000003,61.244666666666674,17.996666666666666,4.279333333333333,11.246000000000002,5.011333333333334,2015.0,3146.01,1702.56,1041.77,2008.68,557.8,1810.85,0.58
1,129.0,28.48,33.34,18.99,89.22,28.34,15.27,20.88,9.07,2015.0,129.0,3.64,23.83,0.0,57.14,13.19,2.91,8.86,2.5,2015.0,129.0,17.327333333333332,29.674,4.899333333333332,73.41933333333333,22.004666666666665,10.16,16.18066666666667,5.876666666666668,2015.0,4226.2,2131.03,760.07,1911.97,410.77,1411.17,0.11
2,145.0,28.76,32.65,12.34,89.27,28.06,14.56,19.94,8.68,2015.0,145.0,5.62,24.41,0.0,57.09,13.61,1.37,8.06,2.42,2015.0,145.0,18.53142857142857,29.073571428571423,2.1693333333333333,70.74866666666665,20.79533333333334,9.118000000000002,15.27866666666667,4.550666666666667,2015.0,5307.98,2975.88,690.65,2325.65,379.03,1422.21,0.04
3,161.0,29.38,34.85,19.88,89.7,33.44,19.51,25.48,6.42,2015.0,161.0,5.54,28.98,0.0,58.69,20.35,11.82,18.24,1.99,2015.0,161.0,20.673571428571428,32.542,6.481999999999999,75.80533333333332,26.35333333333333,15.614666666666665,21.244666666666664,4.114,2015.0,6673.08,4424.03,611.97,3149.9,341.64,1250.75,0.81
4,177.0,30.28,34.31,27.89,83.13,29.96,18.19,24.36,5.99,2015.0,177.0,3.2,27.14,0.0,59.68,23.32,12.03,18.38,1.2,2015.0,177.0,20.6,31.829333333333338,5.250666666666666,72.032,26.822,15.436666666666666,21.489333333333335,3.6773333333333342,2015.0,7320.68,5100.44,542.75,3528.32,298.19,957.83,0.76
5,193.0,30.13,36.29,36.67,86.6,32.41,22.26,27.47,5.84,2015.0,193.0,7.96,25.7,0.0,64.96,21.94,10.88,16.49,2.29,2015.0,193.0,23.66533333333333,32.92866666666667,6.906666666666667,76.22533333333332,28.54266666666667,17.738,23.42733333333333,3.833333333333334,2015.0,7543.81,5302.32,499.04,3592.37,276.51,836.37,0.06
6,209.0,28.01,36.4,17.97,87.33,33.65,22.57,26.72,5.25,2015.0,209.0,8.68,28.48,0.0,53.6,25.63,13.38,20.13,1.87,2015.0,209.0,22.335333333333335,31.93133333333334,4.190666666666667,66.70066666666666,29.398000000000003,17.567333333333334,23.690666666666672,3.392,2015.0,7418.08,5314.25,545.55,3671.98,296.24,894.01,0.17
7,225.0,25.52,35.42,34.63,93.6,31.7,20.51,25.34,8.07,2015.0,225.0,2.02,27.29,0.0,64.15,19.95,9.44,15.34,1.8,2015.0,225.0,18.523999999999997,32.20066666666666,6.815333333333333,72.982,27.093999999999998,16.898,22.124666666666663,3.779333333333333,2015.0,6881.34,4408.62,587.81,3089.14,312.94,936.05,0.12
8,241.0,25.02,35.06,17.22,92.78,31.0,22.03,26.1,6.77,2015.0,241.0,3.24,24.8,0.0,56.39,21.21,9.13,15.48,2.3,2015.0,241.0,18.20866666666667,31.209999999999994,1.9646666666666668,75.38133333333333,26.036000000000005,15.510666666666669,20.603333333333335,4.509333333333332,2015.0,6597.62,4158.72,604.96,2955.88,327.63,1029.34,0.02
9,257.0,21.28,34.45,15.29,81.47,28.57,17.65,23.5,8.57,2015.0,257.0,4.03,24.19,0.0,60.7,18.86,5.52,12.64,1.95,2015.0,257.0,16.50133333333333,29.44333333333333,2.244,71.97266666666665,24.267999999999997,12.257333333333332,18.294666666666668,4.586666666666667,2015.0,6237.49,3663.78,617.68,2654.92,329.62,1067.99,0.01
10,273.0,18.29,34.31,30.6,91.41,26.45,18.53,20.1,5.39,2015.0,273.0,6.23,22.25,0.0,59.0,14.31,3.48,9.27,1.29,2015.0,273.0,15.181333333333335,27.726666666666667,3.844666666666667,73.85733333333334,20.581333333333337,9.531333333333333,14.753333333333336,3.702666666666667,2015.0,4699.34,2485.42,757.69,2128.23,401.04,1261.94,0.04
11,289.0,15.44,31.28,8.2,87.3,27.59,11.45,19.15,8.15,2015.0,289.0,3.35,21.49,0.0,45.62,11.83,-0.57,5.84,2.88,2015.0,289.0,12.624666666666664,26.066,1.3026666666666664,59.54999999999999,19.188666666666666,6.661333333333333,12.577333333333337,4.974666666666666,2015.0,4408.41,2182.56,738.88,1927.61,390.98,1271.92,0.01
12,305.0,12.96,30.46,11.5,85.66,21.58,11.95,15.4,8.85,2015.0,305.0,2.34,19.76,0.0,55.57,7.85,-1.03,4.51,3.26,2015.0,305.0,8.690666666666667,25.022666666666666,2.912857142857143,71.20533333333334,15.308666666666666,3.631333333333333,8.835333333333333,5.257999999999999,2015.0,4118.16,1739.88,628.68,1531.64,330.45,1042.15,0.0
