,DOY,INSgdmax,RADmax,RAINmax,RHmax,TMAXmax,TMINmax,Tmax,WINDmax,YEAR,DOY,INSgdmin,RADmin,RAINmin,RHmin,TMAXmin,TMINmin,Tmin,WINDmin,YEAR,DOY,INSgdmean,RADmean,RAINmean,RHmean,TMAXmean,TMINmean,Tmean,WINDmean,YEAR,NDVI,EVI,RED,NIR,BLUE,MIR,pixrel
0,113.0,27.416999999999998,29.1548,9.615499999999999,75.9403,24.3402,9.895999999999999,17.7744,9.5393,2015.0,113.0,4.6867,18.8019,0.0,46.846900000000005,10.4255,-3.8749,4.0134,2.0441,2015.0,113.0,19.796933333333335,24.86248666666667,1.4276200000000001,62.197540000000004,17.019986666666668,2.954533333333334,10.212666666666667,5.005353333333334,2015.0,1516.61,-25.92,-78.49,566.65,-235.11,185.74,107.18
1,129.0,27.888099999999994,33.788700000000006,21.7814,89.6895,26.3334,16.2851,20.802899999999998,8.100200000000001,2015.0,129.0,5.4332,24.5111,0.0,62.6507,15.4763,3.2200999999999995,9.9215,3.1010999999999997,2015.0,129.0,16.955366666666663,30.431860000000004,4.18044,76.73505999999998,21.910033333333338,10.453493333333336,16.284980000000004,5.289313333333333,2015.0,2527.27,968.41,406.77,1195.62,313.81,501.06,46.6
2,145.0,30.1119,34.4568,21.828899999999997,88.5735,26.607100000000003,18.0221,21.190699999999996,7.8833,2015.0,145.0,5.0975,23.037399999999998,0.0,57.616600000000005,10.869200000000001,2.7114000000000003,7.9233,1.9049,2015.0,145.0,20.934578571428574,28.132607142857143,3.7103933333333337,72.30982666666668,21.29959333333333,9.334233333333334,15.680220000000002,4.589459999999999,2015.0,3022.21,1066.18,-113.72,972.67,-189.88,57.75,86.93
3,161.0,29.9568,34.9444,24.0411,88.21439999999998,30.5424,19.1673,23.7074,5.8158,2015.0,161.0,4.8849,28.5355,0.0,67.0478,22.9796,10.508199999999999,18.1126,2.3722000000000003,2015.0,161.0,19.902664285714287,32.52418,7.355753333333333,77.74174,26.20933333333333,15.226946666666668,21.138120000000004,3.938206666666667,2015.0,3593.28,1773.03,-206.78,1426.26,-267.27,-53.54,99.53
4,177.0,28.7662,34.9024,39.805800000000005,91.5609,27.910200000000003,18.641000000000002,23.3495,6.0036000000000005,2015.0,177.0,6.7336,27.8839,0.0,67.5883,21.9282,9.677,16.5222,1.5562,2015.0,177.0,19.694014285714285,30.92880666666666,8.994466666666668,77.65657333333334,24.85122666666667,14.631993333333334,19.976300000000005,3.4420200000000003,2015.0,3596.75,1721.98,-242.93,1335.96,-295.28,-88.66,99.53
5,193.0,26.8568,35.8469,18.2913,92.965,31.846999999999998,22.966700000000003,27.1153,5.236800000000001,2015.0,193.0,6.7378,29.3738,0.0,71.2882,19.9677,12.0425,16.226499999999998,2.0719000000000003,2015.0,193.0,19.669919999999998,32.80620666666666,5.4052066666666665,81.88846666666669,26.540313333333337,17.251633333333334,22.184126666666668,3.539266666666667,2015.0,3759.66,1986.06,-205.2,1499.82,-259.38,-28.51,91.95
6,209.0,28.3139,36.998599999999996,17.6121,86.9614,30.7173,21.195999999999998,25.8089,6.237699999999999,2015.0,209.0,5.3172,27.708099999999995,0.0,64.8222,24.5556,12.753800000000002,20.1445,1.4483000000000001,2015.0,209.0,22.7115,31.215960000000003,2.9897400000000007,73.47116666666668,27.73604,17.073546666666665,22.71733333333333,3.7447399999999997,2015.0,3515.57,1823.48,-241.45,1420.11,-288.07,-81.99,102.6
7,225.0,25.5787,35.2706,21.896499999999996,87.25690000000002,31.5029,20.227199999999996,25.5148,6.916799999999999,2015.0,225.0,5.011,26.557500000000005,0.0,64.12,20.6556,11.271700000000001,17.1166,2.0079,2015.0,225.0,18.12146,32.35960666666667,4.424560000000001,74.85576666666667,27.256493333333328,17.129040000000003,22.26774666666667,3.7123533333333336,2015.0,3807.04,1970.74,104.7,1631.74,89.09,184.9,71.97
8,241.0,23.7594,35.4906,20.5302,85.8175,33.0596,22.654999999999998,26.560900000000004,6.898300000000001,2015.0,241.0,1.8618,27.520300000000002,0.0,58.80920000000001,21.9206,10.097999999999999,16.315900000000003,1.7044,2015.0,241.0,18.45037333333333,31.644426666666668,2.9087133333333335,73.12443333333333,27.212220000000002,15.81436,21.38708,3.824893333333333,2015.0,3177.59,1170.95,-280.36,992.94,-330.99,-133.68,107.15
9,257.0,21.496799999999997,36.530699999999996,24.863500000000002,83.9049,31.1015,23.011,25.94,6.9169,2015.0,257.0,3.1435,25.1445,0.0,56.556099999999994,19.5667,7.6317,13.2792,2.6317,2015.0,257.0,16.380246666666665,29.885373333333334,5.7614,68.54158666666667,25.544833333333333,13.672519999999999,19.390913333333337,4.456853333333334,2015.0,3294.72,1014.81,-283.05,887.14,-336.2,-172.91,107.13
10,273.0,18.095499999999998,32.030100000000004,17.200300000000002,82.7282,27.3916,15.0859,20.9305,6.2292,2015.0,273.0,8.4372,22.1213,0.0,62.8901,17.0492,4.6958,9.9068,1.3753,2015.0,273.0,15.005073333333334,27.82564,1.5768533333333332,72.16956666666667,21.643219999999996,10.093713333333334,15.443426666666669,3.8355866666666674,2015.0,2672.75,487.26,-218.85,662.32,-307.99,-138.15,104.55
11,289.0,15.433800000000002,30.596300000000003,8.0584,86.6694,27.241400000000002,11.4205,17.7897,7.851,2015.0,289.0,2.6388000000000003,19.958700000000004,0.0,45.718599999999995,11.613299999999999,-2.4713999999999996,5.0514,3.1494999999999997,2015.0,289.0,11.947506666666667,25.989813333333338,1.363786666666667,60.29741333333334,19.165753333333335,6.3390666666666675,12.230319999999999,5.224013333333333,2015.0,1943.88,-84.78,-232.18,359.73,-322.05,-80.11,109.65
12,305.0,12.844899999999999,31.0445,20.54,92.56970000000001,22.332800000000002,9.9542,15.725000000000001,7.1689,2015.0,305.0,1.6962,19.497,0.0,61.3492,9.8685,-1.9484,3.8544,2.0902000000000003,2015.0,305.0,8.110373333333335,25.579820000000005,5.044428571428571,76.088,15.31438666666667,4.04186,9.006286666666668,4.9780999999999995,2015.0,1999.84,-197.76,-254.65,267.36,-328.39,-67.24,109.74
