,DOY,INSgdmax,RADmax,RAINmax,RHmax,TMAXmax,TMINmax,Tmax,WINDmax,YEAR,DOY,INSgdmin,RADmin,RAINmin,RHmin,TMAXmin,TMINmin,Tmin,WINDmin,YEAR,DOY,INSgdmean,RADmean,RAINmean,RHmean,TMAXmean,TMINmean,Tmean,WINDmean,YEAR,NDVI,EVI,RED,NIR,BLUE,MIR,pixrel
0,113.0,27.423499999999997,30.8417,11.387599999999999,86.3867,24.5142,11.0465,17.7194,9.117799999999999,2015.0,113.0,3.4511,19.5451,0.0,45.2529,12.0916,-2.7034000000000002,5.3674,1.9028999999999998,2015.0,113.0,20.460489999999997,25.32243333333333,1.576133333333333,60.170006666666666,18.143833333333333,4.790253333333332,11.66322,4.781159999999999,2015.0,3639.99,2286.87,1246.54,2642.57,631.3,2565.22,0.23
1,129.0,28.3917,33.6109,21.0325,85.5205,29.067,16.3108,20.981500000000004,9.5272,2015.0,129.0,3.8372,23.6634,0.0,56.1134,12.880500000000001,2.8925,8.6268,3.3650999999999995,2015.0,129.0,16.073213333333335,30.060059999999996,5.370946666666667,71.7726,22.4084,10.5321,16.50992,6.0141,2015.0,4726.22,2883.15,932.25,2610.73,480.22,1877.14,0.06
2,145.0,29.414900000000003,32.75,15.643899999999999,90.6942,28.0182,14.103,19.6968,8.1881,2015.0,145.0,6.5017,24.2008,0.0,55.099399999999996,13.3957,1.6913,8.0581,2.7512,2015.0,145.0,17.96752142857143,29.196578571428567,3.169953333333334,69.83948,20.70114,9.243739999999999,15.230473333333332,4.49474,2015.0,4894.0,3066.3,942.6,2741.95,485.7,2189.6,0.07
3,161.0,29.827399999999997,35.047,28.1993,90.1216,33.677099999999996,19.9496,25.8183,6.3385,2015.0,161.0,6.036,29.3743,0.0,56.9016,20.4131,12.331299999999999,17.8602,2.2814,2015.0,161.0,20.133535714285713,32.937693333333335,8.490433333333335,75.35820666666666,26.607593333333337,15.909980000000001,21.530393333333333,4.039693333333333,2015.0,5289.2,3623.45,983.46,3181.07,510.15,2253.87,0.07
4,177.0,30.323600000000003,34.699600000000004,17.2902,80.02590000000001,30.8856,18.931,24.798099999999998,6.3469999999999995,2015.0,177.0,5.8912,27.7273,0.0,59.607299999999995,24.0212,13.197500000000002,19.035,1.3171,2015.0,177.0,21.323964285714286,32.23123333333333,3.758679999999999,69.78484,27.732546666666664,16.34068,22.226433333333333,3.714286666666667,2015.0,7258.58,5469.52,612.9,3931.12,330.87,1401.28,0.2
5,193.0,29.951,35.9099,17.5873,87.8851,33.9842,22.6072,28.207,6.5742,2015.0,193.0,7.3046,25.892200000000003,0.0,60.598000000000006,22.5086,11.7492,17.0168,1.7540999999999998,2015.0,193.0,23.768114285714283,33.14658,5.449106666666665,72.96363999999998,29.298160000000003,18.37860666666667,24.119633333333336,3.844453333333333,2015.0,7549.47,5542.83,523.56,3815.04,283.86,1225.82,0.0
6,209.0,28.6825,36.5008,14.442300000000001,79.7876,35.7588,23.4751,27.964199999999998,5.148199999999999,2015.0,209.0,8.605699999999999,28.787399999999998,0.0,46.4543,26.729300000000002,14.333200000000001,20.932900000000004,2.003,2015.0,209.0,22.001526666666667,32.58234,3.5174199999999995,61.80254,31.211086666666667,18.33191333333333,24.81294666666667,3.374786666666667,2015.0,8581.96,6676.5,319.72,4326.0,174.69,797.68,0.23
7,225.0,25.726,35.6087,46.7573,90.3092,33.192,21.698800000000002,25.906,7.8687,2015.0,225.0,3.5075000000000003,27.859199999999998,0.0,55.6413,21.574199999999998,10.1064,16.1117,1.8773,2015.0,225.0,19.105953333333336,32.293,7.69356,69.15518000000002,28.37354,17.289146666666667,22.85583333333333,3.9194933333333335,2015.0,8543.5,6686.85,328.71,4345.07,182.06,826.72,0.01
8,241.0,25.3459,35.763999999999996,15.1006,87.01740000000001,34.0693,23.033299999999997,27.6717,6.991099999999999,2015.0,241.0,6.1321,24.8816,0.0,49.0777,22.587900000000005,9.026599999999998,16.401400000000002,2.4869,2015.0,241.0,18.722559999999998,31.561640000000004,2.009846666666667,67.66762666666668,28.111860000000004,15.953133333333334,21.714840000000002,4.855146666666666,2015.0,8180.05,5925.31,370.49,3827.21,203.73,812.89,0.0
9,257.0,21.7723,35.00149999999999,16.2556,76.80080000000001,31.2982,18.7072,24.6747,9.424199999999999,2015.0,257.0,5.1492,24.3682,0.0,53.0484,20.203200000000002,6.8957,13.6122,2.0322999999999998,2015.0,257.0,16.45796,29.826106666666675,2.828053333333334,64.68824,26.004313333333332,13.232506666666668,19.463759999999997,4.9082,2015.0,7146.35,4840.52,529.99,3325.56,286.79,978.87,0.11
10,273.0,18.4316,34.5257,38.8831,91.2228,28.015300000000003,18.7918,20.8208,5.808999999999999,2015.0,273.0,5.452999999999999,22.9592,0.0,51.295399999999994,15.8754,4.026,10.09,1.7159,2015.0,273.0,14.981173333333334,28.40815333333333,5.268413333333333,67.88570666666668,21.695240000000005,10.4176,15.649093333333333,4.026046666666668,2015.0,5731.15,3365.43,685.41,2582.44,351.4,1184.97,0.0
11,289.0,15.8674,32.0773,8.4146,83.95599999999999,30.0911,13.396,20.2441,8.1813,2015.0,289.0,3.9072000000000005,21.7055,0.0,40.1685,13.397200000000002,0.8993,7.0595,2.8554999999999997,2015.0,289.0,13.136186666666665,26.58203333333333,1.0307466666666665,54.92715333333333,20.883953333333334,7.598746666666666,13.8355,5.127213333333333,2015.0,4259.37,2529.53,1038.78,2549.56,500.91,1749.24,0.0
12,305.0,13.293199999999999,29.417500000000004,3.8373000000000004,83.7283,22.6966,12.338799999999999,15.9197,8.8272,2015.0,305.0,3.9919,19.9658,0.0,53.515100000000004,8.5712,-0.7977,4.6907,3.2702,2015.0,305.0,9.779386666666667,24.899173333333334,1.2258714285714285,68.06418666666667,15.926906666666667,3.8941333333333334,9.2468,5.184993333333335,2015.0,3632.2,2070.94,1102.89,2318.98,546.02,1757.94,0.09
