,DOY,INSgdmax,RADmax,RAINmax,RHmax,TMAXmax,TMINmax,Tmax,WINDmax,YEAR,DOY,INSgdmin,RADmin,RAINmin,RHmin,TMAXmin,TMINmin,Tmin,WINDmin,YEAR,DOY,INSgdmean,RADmean,RAINmean,RHmean,TMAXmean,TMINmean,Tmean,WINDmean,YEAR,NDVI,EVI,RED,NIR,BLUE,MIR,pixrel
0,113.0,27.2038,29.9112,9.889999999999999,84.25879999999998,23.708599999999997,9.097999999999999,16.154799999999998,9.5486,2015.0,113.0,5.702800000000001,18.8762,0.0,46.824799999999996,10.370800000000001,-3.4394000000000005,3.7603999999999997,2.4909999999999997,2015.0,113.0,20.55653047619048,24.86989333333333,1.71692,60.24330666666666,17.14,3.5483733333333336,10.50684,5.178066666666666,2015.0,2790.63,1434.45,998.38,1812.11,520.34,1747.73,0.7
1,129.0,28.447000000000003,32.9638,12.9864,89.2442,27.428000000000004,14.021799999999999,19.4986,9.3398,2015.0,129.0,4.332,23.6588,0.0,57.43579999999999,9.950400000000002,1.664,6.7906,2.7258,2015.0,129.0,16.745506666666664,29.10397333333333,3.9746133333333336,72.25917333333334,20.899333333333338,8.95124,15.023773333333335,6.221933333333332,2015.0,3883.56,1895.69,736.26,1767.06,386.41,1468.08,0.01
2,145.0,29.6824,32.635,13.1042,90.1182,27.8704,13.9772,19.8,9.8564,2015.0,145.0,5.250400000000001,24.035,0.0,55.1712,11.329999999999998,0.26820000000000005,6.4796000000000005,2.224,2015.0,145.0,18.21014285714286,28.5871,3.1132266666666664,69.07605333333333,19.98594666666667,8.55904,14.3956,4.6863600000000005,2015.0,5116.19,2781.49,686.08,2220.99,360.92,1413.86,0.01
3,161.0,29.5424,33.902,21.154199999999996,86.4276,33.1806,17.9702,25.1736,7.108,2015.0,161.0,5.117000000000001,29.637999999999998,0.0,58.9216,17.860799999999998,12.2288,16.0348,2.1944,2015.0,161.0,19.843971428571425,32.26336,5.545306666666667,73.09617333333335,25.928520000000002,14.959293333333331,20.57672,4.4366,2015.0,7216.91,4865.44,495.19,3327.68,258.9,1027.16,0.57
4,177.0,29.958399999999997,32.766999999999996,12.862800000000002,81.43339999999999,29.1958,17.1894,23.2498,5.763999999999999,2015.0,177.0,13.451600000000001,28.0162,0.0,60.869,22.862000000000002,10.675600000000001,17.5116,1.8142,2015.0,177.0,23.025514285714284,31.22872,3.18004,68.32404,26.595066666666668,14.962426666666667,21.13169333333333,3.604946666666666,2015.0,7664.39,5393.99,475.76,3673.86,242.63,867.76,0.97
5,193.0,29.4694,35.3104,20.168200000000002,85.1284,32.619,21.642400000000002,27.2566,6.495,2015.0,193.0,10.5962,25.3588,0.0,60.9986,21.7958,9.752,15.855,2.3798,2015.0,193.0,24.552413333333334,32.39781333333334,4.772266666666667,73.12566666666666,28.09150666666666,16.881773333333335,22.909813333333332,4.012759999999999,2015.0,7767.36,5648.75,473.68,3846.89,250.08,741.89,0.03
6,209.0,28.4246,35.162000000000006,9.057599999999999,88.532,32.3554,21.3968,26.1184,5.477400000000001,2015.0,209.0,13.286,27.58,0.0,48.1362,25.446000000000005,13.036200000000001,19.968600000000002,1.7548000000000001,2015.0,209.0,24.109359999999995,31.496546666666664,2.2514933333333333,63.185520000000004,28.870453333333334,16.833853333333337,23.099600000000002,3.753666666666666,2015.0,7349.11,5157.34,570.06,3634.9,286.57,815.02,0.09
7,225.0,25.591200000000004,35.7096,27.7992,93.6576,31.79,19.321199999999997,25.54,8.359599999999999,2015.0,225.0,4.1092,27.0066,0.0,52.0692,19.950200000000002,8.6806,15.351600000000001,2.0092,2015.0,225.0,17.70837333333333,32.24970666666667,6.844973333333333,68.41038666666667,27.4746,16.623306666666664,21.96804,4.308386666666667,2015.0,6405.9,3944.75,675.25,2929.67,321.0,1051.47,0.0
8,241.0,24.8158,35.8904,17.7362,91.60100000000001,31.7338,22.252399999999998,26.3374,8.265600000000001,2015.0,241.0,7.1084,24.7154,0.0,49.212599999999995,21.0174,8.9978,15.457399999999998,2.2488,2015.0,241.0,18.33916,30.89969333333334,2.8107199999999994,71.26828,26.019733333333335,15.133466666666665,20.390813333333334,5.008666666666667,2015.0,5955.28,3709.42,721.92,2841.38,376.4,1183.26,0.01
9,257.0,21.0274,34.1842,12.620999999999999,73.79560000000001,30.499399999999998,18.802,24.203799999999998,9.427999999999999,2015.0,257.0,3.2576,24.5588,0.0,45.482400000000005,19.222,6.087400000000001,13.078,1.9639999999999997,2015.0,257.0,16.14244,29.420706666666657,1.8005866666666668,60.577053333333325,25.28841333333333,12.277946666666665,18.751640000000002,5.112160000000001,2015.0,5625.45,3203.39,648.71,2424.53,337.84,1183.35,0.0
10,273.0,17.9212,33.8792,20.9698,92.05700000000002,25.866799999999998,18.176,19.921799999999998,6.4028,2015.0,273.0,3.8966000000000003,22.537,0.0,42.7848,15.3902,3.6994,9.767600000000002,2.1828000000000003,2015.0,273.0,13.965505714285719,28.02377333333333,3.1248666666666667,65.33882666666666,20.67852,9.486426666666667,14.765119999999998,4.274320000000001,2015.0,4264.12,2143.02,701.36,1872.26,364.32,1301.43,0.0
11,289.0,15.269200000000001,31.3412,5.3452,86.36000000000001,28.2564,12.468,19.5744,9.55,2015.0,289.0,2.2458,21.865000000000002,0.0,39.3954,11.638000000000002,-0.0966,5.394599999999999,2.4299999999999997,2015.0,289.0,12.347573333333335,25.96752,0.8347866666666666,55.557386666666666,19.243826666666667,6.3353600000000005,12.542879999999997,5.2090933333333345,2015.0,4128.65,2020.87,708.61,1814.14,363.67,1269.27,0.04
12,305.0,12.386600000000001,29.9134,10.665799999999999,84.0714,21.0534,11.5572,15.1962,9.3932,2015.0,305.0,3.777,19.777600000000003,0.0,52.9088,7.208,-1.8905999999999998,4.006799999999999,2.3742,2015.0,305.0,8.444360000000001,25.154613333333327,3.8961428571428574,68.84922666666665,14.774453333333335,3.290133333333333,8.499853333333334,5.576173333333334,2015.0,3780.14,1545.75,600.41,1405.21,306.34,867.73,0.17
