,DOY,INSgdmax,RADmax,RAINmax,RHmax,TMAXmax,TMINmax,Tmax,WINDmax,YEAR,DOY,INSgdmin,RADmin,RAINmin,RHmin,TMAXmin,TMINmin,Tmin,WINDmin,YEAR,DOY,INSgdmean,RADmean,RAINmean,RHmean,TMAXmean,TMINmean,Tmean,WINDmean,YEAR,NDVI,EVI,RED,NIR,BLUE,MIR,pixrel
0,113.0,27.5036,30.4216,11.116,85.9288,24.111199999999997,11.096,17.537999999999997,9.2716,2015.0,113.0,4.3,19.7872,0.0,44.4996,12.159600000000001,-2.8451999999999997,5.1972,1.8716,2015.0,113.0,20.580879999999993,25.244239999999994,1.4713333333333334,59.41258666666667,18.051759999999998,4.681039999999999,11.515173333333333,4.863733333333332,2015.0,3545.04,2287.39,1301.71,2707.56,666.58,2491.84,0.36
1,129.0,28.2116,33.5792,15.961599999999999,83.6268,29.296400000000002,15.823599999999999,20.9816,9.6436,2015.0,129.0,4.9588,23.8264,0.0,54.497600000000006,12.2244,2.8232,8.2108,3.6599999999999997,2015.0,129.0,16.400986666666665,29.894666666666662,4.744293333333332,70.02317333333332,22.30032,10.183706666666668,16.30109333333333,6.155333333333333,2015.0,4472.45,2923.11,1057.42,2801.59,555.56,1998.44,0.05
2,145.0,29.6528,32.488,15.885200000000001,89.238,27.9356,13.9524,19.749200000000002,8.6644,2015.0,145.0,6.5664,24.2328,0.0,53.9244,12.9572,1.4444000000000001,7.8376,2.6668000000000003,2015.0,145.0,18.157514285714285,29.193971428571427,3.5629333333333335,68.53935999999999,20.61029333333333,9.04712,15.086746666666667,4.57744,2015.0,4853.72,3192.14,1007.59,2915.68,523.55,2171.92,0.23
3,161.0,29.7128,34.3472,22.5908,89.76240000000001,33.646,19.616799999999998,25.6308,6.362399999999999,2015.0,161.0,5.9008,29.7456,0.0,57.1556,20.2392,12.1228,17.6436,2.5448,2015.0,161.0,20.45274285714286,32.67970666666667,6.871306666666667,75.2396,26.23674666666667,15.647653333333334,21.156693333333333,4.19096,2015.0,5416.78,3745.63,959.23,3219.53,509.96,1997.31,0.09
4,177.0,29.9752,34.3592,14.486,80.8672,29.9196,18.5776,24.181199999999997,6.273999999999999,2015.0,177.0,5.5612,28.089199999999998,0.0,60.7936,23.843600000000002,13.1508,18.9136,1.2235999999999998,2015.0,177.0,22.163999999999994,32.15448000000001,3.5268266666666666,70.12690666666666,27.360346666666665,16.241333333333333,21.953493333333334,3.6384533333333335,2015.0,7328.23,5778.2,618.96,4165.9,348.4,1255.68,0.11
5,193.0,29.8816,36.3576,18.596400000000003,87.96200000000002,33.765600000000006,22.0824,28.0476,6.8748,2015.0,193.0,8.0108,25.7864,0.0,59.342,22.434399999999997,11.0712,16.812,1.6720000000000002,2015.0,193.0,24.381931428571427,33.13162666666666,5.417333333333333,72.28813333333332,29.052133333333337,18.058773333333335,23.85618666666667,3.80808,2015.0,7333.77,5497.62,569.81,3858.1,318.75,1180.03,0.06
6,209.0,28.52,36.3908,10.9504,78.17439999999999,35.71,23.0424,27.529600000000002,5.0224,2015.0,209.0,9.4776,28.639200000000002,0.0,46.047599999999996,26.3784,13.991999999999999,20.651200000000003,1.9148,2015.0,209.0,22.57970666666667,32.4396,3.056613333333333,60.747493333333324,31.002693333333337,18.05072,24.60285333333333,3.4563200000000003,2015.0,8180.4,6237.01,377.95,4082.28,215.78,778.87,0.45
7,225.0,25.7636,35.5112,44.30200000000001,89.5444,33.1436,20.6036,25.9092,8.1972,2015.0,225.0,4.3448,28.206400000000002,0.0,52.3976,21.389200000000002,10.360800000000001,16.3176,1.7476000000000003,2015.0,225.0,19.542186666666666,32.25045333333333,6.846213333333333,69.57578666666666,28.0024,17.177226666666662,22.594026666666664,4.020613333333333,2015.0,8175.97,6250.73,375.73,4090.8,215.75,790.06,0.08
8,241.0,25.4328,36.004799999999996,12.717600000000001,85.7944,34.589200000000005,23.2504,27.9372,7.4963999999999995,2015.0,241.0,6.735199999999999,24.77,0.0,46.3236,22.703200000000002,9.2544,16.4192,2.2788,2015.0,241.0,18.892613333333333,31.541440000000005,2.103733333333333,65.37621333333334,28.372320000000002,15.891786666666668,21.77192,4.9984,2015.0,7546.81,5354.42,469.3,3582.57,264.9,866.47,0.05
9,257.0,21.482800000000005,34.5908,15.5948,74.31280000000001,31.4828,19.5524,25.063200000000002,9.4436,2015.0,257.0,4.2896,24.578400000000002,0.0,51.6964,19.7036,6.6224,13.614,2.0308,2015.0,257.0,16.184586666666668,29.816026666666666,2.8162133333333337,62.49264,25.936213333333335,13.103493333333333,19.427173333333332,4.926213333333333,2015.0,6477.98,4160.15,600.45,2959.21,340.79,967.67,0.13
10,273.0,18.3584,34.4472,30.2664,92.5864,27.072400000000002,18.7468,20.3624,6.0032,2015.0,273.0,4.8376,23.2728,0.0,51.4576,15.5964,3.9215999999999998,9.8712,1.9419999999999997,2015.0,273.0,14.179306666666665,28.738186666666664,4.597786666666667,68.49714666666668,21.330720000000007,10.323653333333333,15.412853333333334,4.124373333333333,2015.0,5279.28,3026.2,731.17,2425.34,383.75,1187.07,0.02
11,289.0,15.819999999999999,32.0456,8.504,84.5548,29.983199999999997,13.706400000000002,20.322400000000002,8.4316,2015.0,289.0,4.236800000000001,21.451999999999998,0.0,39.4884,13.320799999999998,1.0168,7.0084,2.7728,2015.0,289.0,13.14896,26.466906666666667,1.0592266666666668,55.47413333333333,20.703359999999996,7.422666666666665,13.682026666666667,5.2017066666666665,2015.0,4229.5,2475.8,1009.97,2463.9,499.39,1646.52,0.02
12,305.0,13.084399999999999,29.3064,4.676,82.6516,22.3236,12.0412,15.913999999999998,9.263200000000001,2015.0,305.0,5.1368,20.0108,0.0,53.7416,7.9483999999999995,-1.1284,4.462,3.0612,2015.0,305.0,9.649626666666666,24.866586666666667,1.4188,67.86821333333333,15.729226666666666,3.6948000000000003,9.07712,5.237760000000001,2015.0,3420.25,2006.2,1161.52,2337.17,596.16,1836.21,0.21
