,DOY,INSgdmax,RADmax,RAINmax,RHmax,TMAXmax,TMINmax,Tmax,WINDmax,YEAR,DOY,INSgdmin,RADmin,RAINmin,RHmin,TMAXmin,TMINmin,Tmin,WINDmin,YEAR,DOY,INSgdmean,RADmean,RAINmean,RHmean,TMAXmean,TMINmean,Tmean,WINDmean,YEAR,NDVI,EVI,RED,NIR,BLUE,MIR,pixrel
0,113.0,27.1562,31.110700000000005,20.434199999999997,84.22229999999999,24.5359,11.682400000000001,17.781599999999997,9.2717,2015.0,113.0,3.6194,19.2926,0.0,47.495799999999996,11.755400000000002,-2.4981,4.9435,1.9274999999999998,2015.0,113.0,20.21640666666667,25.23659333333334,2.73914,61.61778666666667,18.150006666666666,4.590853333333333,11.469520000000003,4.8879133333333336,2015.0,4523.16,2642.01,900.16,2417.91,469.19,1831.33,0.45
1,129.0,28.503100000000003,33.4225,21.6498,89.2431,28.1849,15.887099999999998,21.0285,8.8225,2015.0,129.0,3.4849,23.734299999999998,0.0,57.5393,13.7147,3.0882,9.130600000000001,2.6814999999999998,2015.0,129.0,16.695493333333335,29.97122,5.488053333333332,74.16689333333333,22.166366666666665,10.514420000000001,16.40374666666667,5.786466666666667,2015.0,6134.59,3882.46,639.17,2861.53,339.43,1219.61,0.0
2,145.0,29.0471,33.0196,13.8745,89.402,27.838900000000002,14.807500000000001,19.8575,8.2015,2015.0,145.0,5.7486999999999995,24.2912,0.0,57.81270000000001,13.7222,1.5845,8.1821,2.6015,2015.0,145.0,18.28722857142857,29.13344285714285,2.2269733333333335,71.68740666666666,20.814693333333334,9.277060000000002,15.311666666666667,4.491486666666667,2015.0,6694.16,4371.12,582.71,3089.4,312.81,1101.01,0.0
3,161.0,29.6506,35.1338,24.236,89.66040000000001,32.9879,19.589199999999998,25.417299999999997,6.1428,2015.0,161.0,5.1836,28.966800000000003,0.0,59.7427,20.8384,12.2391,18.3291,1.9867000000000001,2015.0,161.0,20.178807142857142,32.73648,7.210419999999999,77.01995333333333,26.407893333333327,15.796166666666666,21.38304666666666,3.9333799999999997,2015.0,7137.35,4896.99,552.87,3392.42,298.44,1185.82,0.19
4,177.0,30.2206,34.8215,27.494000000000003,83.7273,30.521,18.6124,24.663599999999995,6.1583000000000006,2015.0,177.0,3.6653000000000002,27.522800000000004,0.0,60.0331,23.2738,12.462299999999999,18.422900000000002,1.3782,2015.0,177.0,20.42368571428571,32.020073333333336,5.365726666666667,73.0594,26.9771,15.683946666666667,21.685353333333335,3.7134133333333335,2015.0,7491.34,5219.31,502.9,3541.23,270.98,1079.98,0.39
5,193.0,30.0013,36.230599999999995,33.574600000000004,87.4877,32.614599999999996,22.5636,27.5195,5.7608,2015.0,193.0,6.8908000000000005,25.997,0.0,65.66619999999999,22.0852,11.3651,16.8101,2.2834,2015.0,193.0,23.26144476190476,33.11302666666667,6.932406666666667,76.97927333333332,28.61306666666667,18.07746,23.58969333333333,3.8276133333333338,2015.0,7682.12,5124.73,432.9,3344.55,234.74,893.46,0.12
6,209.0,28.165100000000002,36.6112,21.4812,86.6865,33.9338,22.8637,26.8322,5.184,2015.0,209.0,8.4292,28.572400000000002,0.0,52.933400000000006,25.8016,13.789200000000001,20.3973,1.903,2015.0,209.0,22.04911333333333,32.300493333333335,4.333886666666667,67.33492666666666,29.673879999999997,17.956733333333336,23.987006666666666,3.3237999999999994,2015.0,7728.92,5405.22,449.46,3582.89,243.62,894.53,0.13
7,225.0,25.734499999999997,35.693900000000006,33.4255,92.5506,31.944200000000002,21.084200000000003,25.4687,7.8093,2015.0,225.0,1.7923,27.372499999999995,0.0,62.599000000000004,20.2701,9.7436,15.5644,1.6119,2015.0,225.0,18.621899999999997,32.21782666666667,6.930833333333333,71.6895,27.6055,17.00646,22.430466666666664,3.705413333333333,2015.0,7646.56,4963.48,424.21,3218.76,230.17,869.12,0.0
8,241.0,25.0794,35.251400000000004,16.0848,89.14670000000001,32.1649,22.1125,26.733600000000003,6.611599999999999,2015.0,241.0,4.6524,24.885799999999996,0.0,54.898399999999995,21.6456,9.163,15.892500000000002,2.2637,2015.0,241.0,18.436586666666667,31.327039999999997,2.0198866666666664,72.14447333333334,26.996300000000005,15.800626666666666,21.161033333333336,4.547393333333333,2015.0,7335.71,4471.44,439.53,2908.66,239.03,846.51,0.0
9,257.0,21.3988,34.8295,20.5997,82.45009999999999,29.932900000000004,18.6796,24.1864,8.8109,2015.0,257.0,4.162,24.2494,0.0,58.449400000000004,19.2725,5.8335,13.049199999999999,2.0391,2015.0,257.0,16.93429333333333,29.59975333333333,3.43508,70.15018666666666,24.930860000000003,12.762233333333333,18.812106666666665,4.661906666666667,2015.0,6800.59,4080.91,518.6,2777.93,280.77,1001.8,0.0
10,273.0,18.4088,34.3694,31.104900000000004,90.44969999999999,27.3542,18.4805,20.5884,5.5649,2015.0,273.0,5.3984000000000005,22.319300000000002,0.0,56.4029,15.1251,3.6912000000000003,9.665999999999999,1.3692000000000002,2015.0,273.0,15.097733333333334,27.930606666666666,3.820026666666667,71.46989333333335,21.264873333333334,9.863533333333333,15.217533333333332,3.6987066666666673,2015.0,6059.23,3411.69,591.8,2470.2,306.84,1149.23,0.0
11,289.0,15.644599999999999,31.507700000000003,8.5564,86.28029999999998,28.283,12.0902,19.4107,8.1797,2015.0,289.0,3.3368,21.453699999999998,0.0,43.748900000000006,12.5164,-0.24989999999999996,6.2393,2.8568999999999996,2015.0,289.0,12.950266666666666,26.212519999999998,1.2536066666666668,57.43997999999999,19.912246666666668,7.070313333333333,13.099173333333336,4.992266666666666,2015.0,5025.86,2723.02,739.38,2261.79,374.24,1350.44,0.0
12,305.0,13.1844,30.328,15.4534,85.4455,22.342299999999998,12.1678,15.5518,8.6718,2015.0,305.0,2.1849,19.8557,0.0,54.4876,8.5925,-0.7066,4.7212,3.1378999999999997,2015.0,305.0,9.068406666666666,24.987466666666666,3.0948285714285713,69.65411333333333,15.793106666666667,3.9116133333333334,9.142013333333333,5.207400000000001,2015.0,4775.53,2340.73,676.35,1944.02,344.88,1223.24,0.02
