,DOY,INSgdmax,RADmax,RAINmax,RHmax,TMAXmax,TMINmax,Tmax,WINDmax,YEAR,DOY,INSgdmin,RADmin,RAINmin,RHmin,TMAXmin,TMINmin,Tmin,WINDmin,YEAR,DOY,INSgdmean,RADmean,RAINmean,RHmean,TMAXmean,TMINmean,Tmean,WINDmean,YEAR,NDVI,EVI,RED,NIR,BLUE,MIR,pixrel
0,113.0,27.54,31.36,12.47,91.66,25.53,12.57,18.58,8.58,2015.0,113.0,4.25,20.05,0.0,45.79,13.9,-0.97,7.11,1.53,2015.0,113.0,19.272000000000002,26.442666666666675,2.1646666666666667,64.59400000000001,19.364666666666665,6.268666666666666,12.973333333333333,4.280666666666666,2015.0,3817.35,2418.01,1210.52,2685.34,608.48,2483.29,0.28
1,129.0,28.51,33.44,26.88,90.06,27.95,17.58,21.98,8.22,2015.0,129.0,3.24,23.8,0.0,57.73,16.94,4.24,10.99,2.32,2015.0,129.0,14.738666666666665,30.959333333333337,6.6433333333333335,74.65066666666665,23.548,12.479333333333335,18.018666666666665,5.272666666666667,2015.0,5042.06,3249.09,957.24,2895.77,490.67,2019.63,0.08
2,145.0,29.59,33.77,20.81,90.38,27.39,17.23,20.04,6.2,2015.0,145.0,7.49,24.16,0.0,62.31,13.57,4.14,9.86,2.65,2015.0,145.0,17.135714285714286,29.42642857142857,2.5260000000000002,75.65866666666665,21.183333333333334,10.630666666666663,15.961333333333332,4.044,2015.0,5415.84,3522.2,848.65,2917.87,442.59,1657.69,0.39
3,161.0,29.66,36.68,50.05,92.08,32.94,20.98,26.96,4.99,2015.0,161.0,9.07,29.81,0.0,63.11,22.71,15.05,19.58,1.82,2015.0,161.0,19.755714285714284,33.80466666666667,10.019333333333332,80.67466666666665,27.592666666666663,17.778666666666663,22.794666666666668,3.3226666666666675,2015.0,5412.65,3669.91,940.0,3157.32,480.18,2166.16,0.1
4,177.0,29.45,36.0,28.95,84.22,33.36,21.6,26.7,6.91,2015.0,177.0,6.73,29.48,0.0,70.15,22.92,14.79,19.61,2.12,2015.0,177.0,20.298571428571428,33.11133333333334,6.216666666666666,77.39733333333334,28.36866666666667,17.66,23.17733333333333,3.9780000000000006,2015.0,7449.84,5530.6,559.0,3880.08,299.16,1264.14,0.39
5,193.0,28.3,36.58,37.6,90.5,33.45,24.04,28.17,5.24,2015.0,193.0,5.58,30.28,0.0,71.36,20.77,13.24,17.67,1.92,2015.0,193.0,20.205333333333332,34.492666666666665,8.771333333333333,83.02733333333336,28.76733333333333,19.797333333333334,24.447333333333336,3.7539999999999996,2015.0,7760.63,5561.43,459.67,3716.39,247.93,986.36,0.01
6,209.0,27.83,37.3,25.41,84.91,32.49,23.92,27.95,4.38,2015.0,209.0,11.02,29.7,0.0,63.78,25.95,15.84,21.74,1.86,2015.0,209.0,22.616666666666664,33.63333333333333,5.199333333333334,77.06933333333335,29.67,19.78733333333333,24.978666666666673,2.7813333333333334,2015.0,8265.04,6627.45,415.43,4471.23,226.7,980.99,0.01
7,225.0,25.6,36.29,25.55,87.09,31.28,24.23,27.03,5.78,2015.0,225.0,3.1,27.86,0.0,60.84,22.38,11.48,16.74,0.93,2015.0,225.0,19.836666666666666,32.174,5.742000000000001,72.93599999999999,28.673333333333336,17.682000000000002,23.40466666666667,3.067333333333333,2015.0,8532.37,6361.19,312.11,4047.73,171.84,726.44,0.0
8,241.0,25.52,35.68,20.79,77.3,35.83,22.31,28.59,6.05,2015.0,241.0,9.72,25.6,0.0,51.52,24.08,9.35,18.21,2.3,2015.0,241.0,20.240666666666662,32.02066666666666,3.3153333333333332,63.45333333333333,30.41133333333333,17.077333333333332,23.365333333333332,4.415333333333333,2015.0,8094.19,5831.76,391.8,3790.77,215.24,807.29,0.0
9,257.0,21.89,36.14,26.62,79.53,34.08,23.43,26.97,8.81,2015.0,257.0,3.67,24.73,0.0,51.93,22.17,8.2,15.11,2.43,2015.0,257.0,18.243333333333336,30.734666666666666,6.554666666666666,64.152,28.386666666666667,15.246000000000004,21.42,4.726,2015.0,7027.36,4984.15,619.98,3571.09,337.34,1036.38,0.03
10,273.0,18.79,34.13,5.92,79.41,30.13,18.76,22.64,4.9,2015.0,273.0,8.71,22.82,0.0,46.3,17.51,4.71,11.44,1.12,2015.0,273.0,15.309333333333335,28.809333333333328,0.8213333333333334,63.925333333333334,24.101333333333333,11.315333333333335,17.276,3.3853333333333326,2015.0,5659.14,3286.96,696.04,2554.48,347.87,1238.57,0.0
11,289.0,16.6,32.18,12.82,77.53,30.31,15.29,20.51,8.39,2015.0,289.0,4.46,22.68,0.0,34.88,16.0,1.78,8.27,3.23,2015.0,289.0,13.718666666666667,27.17333333333334,1.7526666666666666,49.83266666666666,23.435333333333336,9.253333333333334,15.851999999999999,4.937333333333333,2015.0,4196.8,2593.53,1105.43,2666.64,552.49,1743.78,0.09
12,305.0,14.26,29.48,12.13,86.77,24.86,12.69,16.06,7.23,2015.0,305.0,2.27,19.98,0.0,51.38,12.04,0.12,5.97,2.71,2015.0,305.0,10.092666666666664,24.912,2.372857142857143,65.55133333333336,18.029333333333334,4.986,10.661333333333335,4.5793333333333335,2015.0,4003.11,2357.37,1060.96,2441.26,530.99,1658.55,0.19
