,DOY,INSgdmax,RADmax,RAINmax,RHmax,TMAXmax,TMINmax,Tmax,WINDmax,YEAR,DOY,INSgdmin,RADmin,RAINmin,RHmin,TMAXmin,TMINmin,Tmin,WINDmin,YEAR,DOY,INSgdmean,RADmean,RAINmean,RHmean,TMAXmean,TMINmean,Tmean,WINDmean,YEAR,NDVI,EVI,RED,NIR,BLUE,MIR,pixrel
0,113.0,27.29,30.71,21.71,89.94,24.64,10.87,18.38,10.07,2015.0,113.0,5.47,18.97,0.0,46.64,10.92,-3.41,4.22,1.72,2015.0,113.0,20.664666666666665,24.962,2.501333333333333,62.799333333333344,17.595333333333333,3.166666666666666,10.681333333333333,5.248666666666668,2015.0,4656.11,2149.81,661.91,1799.87,336.34,1188.28,0.09
1,129.0,27.72,33.73,24.38,89.37,27.2,16.88,21.32,8.4,2015.0,129.0,3.24,24.59,0.0,59.82,16.45,4.43,10.11,2.68,2015.0,129.0,17.057333333333336,30.233333333333334,4.459333333333334,75.33533333333335,22.160666666666668,10.94,16.488,5.740666666666667,2015.0,6272.67,2962.43,456.56,1986.98,243.97,866.28,0.0
2,145.0,30.24,33.59,16.45,89.27,27.05,18.12,20.62,8.54,2015.0,145.0,6.16,23.83,0.0,56.69,12.86,1.91,8.74,2.02,2015.0,145.0,20.128571428571426,28.547857142857143,3.010666666666667,71.45533333333333,21.269333333333336,9.526666666666667,15.749333333333334,4.533333333333333,2015.0,7346.42,4162.66,396.12,2626.99,217.92,740.36,0.0
3,161.0,29.99,34.52,24.33,89.52,32.18,19.19,24.66,5.56,2015.0,161.0,4.86,28.94,0.0,64.4,21.19,12.57,17.86,1.9,2015.0,161.0,19.854285714285716,32.53933333333334,7.578,77.314,26.646000000000004,15.76533333333333,21.444000000000003,3.9620000000000006,2015.0,8516.27,5405.15,253.95,3222.57,144.92,549.87,0.37
4,177.0,29.3,34.92,29.89,87.97,29.9,18.37,24.0,6.21,2015.0,177.0,6.37,27.43,0.0,64.31,22.77,11.38,17.7,1.48,2015.0,177.0,18.216428571428573,31.574666666666662,8.924000000000001,75.25199999999998,26.088666666666665,15.212666666666667,20.971333333333334,3.543999999999999,2015.0,8623.68,5784.86,251.47,3486.89,144.09,563.98,0.52
5,193.0,27.94,36.25,22.52,92.79,32.06,22.36,27.23,5.11,2015.0,193.0,9.0,27.11,0.0,69.61,21.53,11.82,17.04,1.96,2015.0,193.0,20.934,33.068000000000005,6.076666666666666,80.57666666666664,27.64333333333333,17.526,22.807333333333336,3.7126666666666663,2015.0,8734.25,5443.99,209.66,3157.7,122.9,478.58,0.0
6,209.0,27.9,36.5,27.41,86.91,32.69,22.78,26.24,6.07,2015.0,209.0,10.4,27.97,0.0,59.29,24.47,13.68,20.12,1.84,2015.0,209.0,23.219333333333328,31.515333333333338,5.328,71.48866666666666,28.36333333333333,17.421333333333333,23.072000000000003,3.61,2015.0,8800.09,5477.9,202.4,3181.82,114.42,463.41,0.81
7,225.0,25.81,35.46,29.34,94.53,30.54,20.38,25.34,7.31,2015.0,225.0,2.81,26.35,0.0,63.31,20.1,9.84,15.74,1.49,2015.0,225.0,18.139999999999997,32.18066666666667,6.737333333333334,75.31666666666666,26.62666666666667,16.92866666666667,21.930000000000003,3.555333333333333,2015.0,8489.19,5035.54,240.61,2945.32,139.79,523.23,0.37
8,241.0,24.84,35.24,24.83,88.5,32.07,21.76,26.74,6.98,2015.0,241.0,2.48,25.02,0.0,63.41,21.3,9.3,15.51,1.76,2015.0,241.0,19.086666666666666,31.116,1.8153333333333337,75.51533333333333,26.696666666666662,15.368666666666666,20.946000000000005,4.174666666666667,2015.0,8183.69,4421.92,253.82,2562.97,142.72,535.86,0.0
9,257.0,21.56,36.04,32.94,81.76,30.4,22.47,25.77,7.68,2015.0,257.0,5.36,24.12,0.0,57.46,18.81,6.64,13.3,2.27,2015.0,257.0,17.10733333333333,29.34333333333334,5.847333333333333,68.97600000000001,25.048,13.282666666666666,19.201333333333334,4.462000000000001,2015.0,7623.43,3735.68,297.93,2211.72,162.87,568.28,0.0
10,273.0,18.22,33.23,11.49,76.33,27.93,17.06,21.92,6.02,2015.0,273.0,8.03,22.07,0.0,57.22,16.26,4.28,9.97,1.13,2015.0,273.0,15.221333333333337,27.781333333333336,1.926,68.308,22.191999999999997,10.100666666666667,15.748666666666669,3.6620000000000004,2015.0,6373.58,2869.47,423.49,1897.27,214.64,693.73,0.0
11,289.0,15.73,31.54,16.1,85.24,27.95,11.2,18.39,8.25,2015.0,289.0,2.52,20.56,0.0,45.54,10.95,-1.1,5.65,2.03,2015.0,289.0,11.97466666666667,26.129333333333328,1.9813333333333332,57.065333333333335,18.897333333333332,6.300666666666667,12.302666666666664,5.179333333333333,2015.0,5359.55,2279.68,511.07,1684.22,253.78,983.7,0.0
12,305.0,12.89,30.71,12.25,88.0,22.82,10.07,14.85,7.86,2015.0,305.0,2.56,19.62,0.0,55.66,9.55,-0.75,4.45,2.35,2015.0,305.0,8.749333333333334,25.420666666666662,3.4571428571428577,71.57533333333332,15.751999999999999,3.994666666666667,9.111999999999998,5.099333333333333,2015.0,5689.68,1812.07,330.36,1194.39,166.73,683.64,0.0
