,DOY,INSgdmax,RADmax,RAINmax,RHmax,TMAXmax,TMINmax,Tmax,WINDmax,YEAR,DOY,INSgdmin,RADmin,RAINmin,RHmin,TMAXmin,TMINmin,Tmin,WINDmin,YEAR,DOY,INSgdmean,RADmean,RAINmean,RHmean,TMAXmean,TMINmean,Tmean,WINDmean,YEAR,NDVI,EVI,RED,NIR,BLUE,MIR,pixrel
0,113.0,27.2885,30.7121,21.673399999999997,89.9081,24.639200000000002,10.8753,18.378899999999998,10.068800000000001,2015.0,113.0,5.483299999999999,18.9693,0.0,46.657599999999995,10.927799999999998,-3.4013,4.2208,1.7208,2015.0,113.0,20.657220000000002,24.963193333333333,2.5040199999999997,62.797453333333344,17.597373333333334,3.1726799999999997,10.683733333333333,5.248080000000001,2015.0,5317.03,2428.15,576.26,1853.93,286.42,961.48,0.0
1,129.0,27.727899999999998,33.7271,24.3559,89.3991,27.209699999999998,16.8665,21.3167,8.4032,2015.0,129.0,3.2400000000000007,24.580599999999997,0.0,59.810700000000004,16.435299999999998,4.4228,10.111600000000001,2.6782,2015.0,129.0,17.060626666666668,30.228066666666663,4.4581533333333345,75.33491333333335,22.15899333333333,10.937346666666665,16.48593333333333,5.741200000000001,2015.0,6601.33,3153.51,427.47,2059.7,225.1,732.51,0.08
2,145.0,30.234199999999998,33.5831,16.416,89.27019999999999,27.0557,18.0929,20.6136,8.541099999999998,2015.0,145.0,6.1538,23.832499999999996,0.0,56.70289999999999,12.8669,1.9066,8.737,2.0204999999999997,2015.0,145.0,20.117371428571428,28.552142857142854,3.0035466666666664,71.45576,21.267446666666665,9.524686666666668,15.747086666666668,4.53336,2015.0,7259.29,3719.24,368.11,2307.43,201.31,599.89,0.02
3,161.0,29.989299999999997,34.525800000000004,24.3422,89.52579999999999,32.1855,19.1904,24.663000000000004,5.5652,2015.0,161.0,4.8596,28.9393,0.0,64.3857,21.1987,12.5663,17.8611,1.8991,2015.0,161.0,19.856857142857145,32.540600000000005,7.573546666666666,77.31156666666666,26.644120000000004,15.765186666666665,21.443200000000004,3.96206,2015.0,8060.41,4628.36,295.94,2779.55,166.79,556.16,0.4
4,177.0,29.308,34.916000000000004,29.8997,87.94430000000001,29.9014,18.367300000000004,24.0015,6.2085,2015.0,177.0,6.3977,27.425300000000004,0.0,64.2915,22.773300000000003,11.383200000000002,17.7012,1.4792,2015.0,177.0,18.230107142857143,31.57473999999999,8.903533333333334,75.24202666666666,26.091866666666665,15.211920000000001,20.97302666666667,3.544746666666666,2015.0,8330.89,4964.68,261.88,2930.71,150.14,513.1,0.89
5,193.0,27.9482,36.243500000000004,22.5643,92.75300000000001,32.0609,22.3617,27.226499999999998,5.110600000000001,2015.0,193.0,9.014,27.100299999999997,0.0,69.5892,21.5332,11.8131,17.037399999999998,1.9606,2015.0,193.0,20.949326666666668,33.06454,6.075819999999999,80.55947999999997,27.647526666666664,17.5271,22.809726666666673,3.713273333333333,2015.0,8382.97,4940.91,252.85,2898.86,144.38,497.64,0.0
6,209.0,27.8996,36.504,27.416100000000004,86.91520000000001,32.692,22.775000000000002,26.2414,6.0665000000000004,2015.0,209.0,10.343200000000001,27.973599999999998,0.0,59.2674,24.472899999999996,13.676499999999999,20.1197,1.8400999999999998,2015.0,209.0,23.213766666666668,31.517793333333337,5.327106666666666,71.47080666666668,28.36676,17.421419999999998,23.0741,3.60894,2015.0,8217.96,5162.73,306.25,3137.32,177.36,589.04,0.2
7,225.0,25.8075,35.4622,29.399099999999997,94.5227,30.543300000000002,20.379099999999998,25.336399999999998,7.311999999999999,2015.0,225.0,2.7944999999999998,26.3525,0.0,63.3192,20.0895,9.8345,15.735299999999999,1.4901999999999997,2015.0,225.0,18.140466666666665,32.18028666666667,6.744339999999999,75.30608,26.627620000000007,16.9265,21.930373333333335,3.555333333333333,2015.0,8276.26,4454.19,244.13,2572.32,136.64,472.7,0.01
8,241.0,24.8411,35.2361,24.8039,88.5225,32.0672,21.7576,26.738999999999997,6.978800000000001,2015.0,241.0,2.4988,25.0178,0.0,63.39359999999999,21.300000000000004,9.301,15.5088,1.7604000000000002,2015.0,241.0,19.083053333333332,31.115493333333333,1.8182600000000002,75.51301333333333,26.694493333333327,15.368113333333334,20.944473333333335,4.175433333333333,2015.0,7579.42,3767.99,313.48,2255.03,174.4,524.03,0.0
9,257.0,21.558600000000002,36.0302,32.8351,81.75710000000001,30.3925,22.4458,25.7607,7.685599999999999,2015.0,257.0,5.3446,24.1186,0.0,57.464999999999996,18.810499999999998,6.6365,13.2996,2.2692,2015.0,257.0,17.105359999999994,29.34240666666667,5.832393333333333,68.98956666666669,25.044439999999998,13.277746666666667,19.19727333333333,4.462560000000001,2015.0,7375.76,3400.63,311.42,2041.51,163.82,558.83,0.0
10,273.0,18.2192,33.23899999999999,11.5548,76.37819999999999,27.9236,17.0704,21.913100000000004,6.017999999999999,2015.0,273.0,8.018799999999999,22.0711,0.0,57.231399999999994,16.251000000000005,4.275900000000001,9.9678,1.1284999999999998,2015.0,273.0,15.217060000000004,27.781560000000002,1.9348200000000002,68.33218000000002,22.184919999999998,10.098573333333334,15.74446,3.66116,2015.0,6044.34,2521.83,414.96,1688.11,216.85,606.45,0.0
11,289.0,15.7351,31.5382,16.0294,85.23450000000001,27.948599999999995,11.2005,18.391600000000004,8.2494,2015.0,289.0,2.5242999999999998,20.5661,0.0,45.554,10.950299999999999,-1.0972,5.649000000000001,2.0310999999999995,2015.0,289.0,11.978653333333336,26.12633333333333,1.97662,57.07229333333333,18.897666666666666,6.301906666666667,12.303506666666665,5.178333333333333,2015.0,5778.8,2405.59,452.2,1686.31,220.57,772.73,0.0
12,305.0,12.891100000000002,30.7042,12.2692,87.97240000000001,22.8186,10.0782,14.8487,7.864199999999999,2015.0,305.0,2.5618,19.6204,0.0,55.664699999999996,9.544900000000002,-0.7547,4.451,2.3535000000000004,2015.0,305.0,8.747453333333334,25.419953333333332,3.456285714285715,71.57277333333333,15.75072,3.991506666666667,9.110246666666665,5.099653333333333,2015.0,6190.37,2029.98,312.99,1293.9,153.0,614.36,0.0
