,DOY,INSgdmax,RADmax,RAINmax,RHmax,TMAXmax,TMINmax,Tmax,WINDmax,YEAR,DOY,INSgdmin,RADmin,RAINmin,RHmin,TMAXmin,TMINmin,Tmin,WINDmin,YEAR,DOY,INSgdmean,RADmean,RAINmean,RHmean,TMAXmean,TMINmean,Tmean,WINDmean,YEAR,NDVI,EVI,RED,NIR,BLUE,MIR,pixrel
0,113.0,27.54,31.28,7.78,83.67,25.38,13.32,19.74,9.8,2015.0,113.0,3.06,19.3,0.0,46.86,12.26,-2.32,5.64,1.35,2015.0,113.0,20.061333333333334,25.498,1.2746666666666664,61.42799999999999,18.58533333333333,4.6899999999999995,12.05,4.851333333333333,2015.0,4591.56,1727.88,392.82,1256.87,233.86,566.74,0.03
1,129.0,27.83,33.77,21.26,87.25,27.34,17.78,21.8,7.75,2015.0,129.0,4.82,24.44,0.0,58.71,17.97,5.17,11.36,2.67,2015.0,129.0,18.243999999999996,30.793333333333337,5.146,76.506,23.379333333333328,12.042666666666667,17.803333333333335,4.992,2015.0,5762.3,2238.01,290.32,1395.41,190.57,481.91,0.52
2,145.0,29.34,34.85,15.53,85.11,27.09,18.65,21.79,7.42,2015.0,145.0,6.59,24.08,0.0,57.81,10.42,3.17,8.2,2.15,2015.0,145.0,21.581428571428567,29.145000000000003,2.9966666666666675,72.00466666666667,22.287999999999997,10.260666666666669,16.724,4.544666666666667,2015.0,5838.14,2868.32,343.36,1802.25,252.51,473.96,0.01
3,161.0,29.56,36.14,29.15,91.0,31.6,20.66,26.11,5.43,2015.0,161.0,8.28,30.1,0.0,66.91,25.19,13.2,18.99,1.35,2015.0,161.0,19.974999999999998,33.75333333333334,7.154666666666667,78.77266666666665,27.85733333333333,17.27466666666667,22.845333333333333,3.582,2015.0,7192.77,3683.98,245.76,2177.49,190.58,401.99,0.93
4,177.0,29.48,36.36,50.95,88.9,29.76,20.57,25.54,6.21,2015.0,177.0,6.12,28.62,0.0,66.81,22.99,12.62,18.09,1.89,2015.0,177.0,18.527142857142856,32.425333333333334,12.750666666666667,77.80733333333335,26.47933333333334,16.422,21.737999999999996,3.6399999999999992,2015.0,7178.77,3556.45,231.28,2088.24,169.97,288.13,0.86
5,193.0,27.18,36.4,24.03,91.77,32.84,24.11,28.16,5.35,2015.0,193.0,7.16,30.31,0.0,74.41,18.41,13.24,15.97,2.46,2015.0,193.0,19.758666666666667,33.81733333333333,6.510666666666666,82.868,27.673333333333336,18.84733333333333,23.464666666666673,3.538666666666666,2015.0,7417.12,3572.54,178.69,2075.54,124.58,272.29,2.58
6,209.0,27.65,38.3,17.46,87.76,31.38,22.83,26.86,5.74,2015.0,209.0,5.9,28.69,0.0,66.25,25.64,15.56,21.31,1.48,2015.0,209.0,21.554000000000006,32.395999999999994,5.378666666666664,75.60600000000001,28.669333333333334,18.566666666666666,23.808000000000003,3.243333333333333,2015.0,7237.07,3416.42,230.8,1964.2,208.86,301.21,0.7
7,225.0,25.96,35.42,24.91,91.85,30.63,20.25,25.43,6.49,2015.0,225.0,6.62,26.82,0.0,64.72,21.4,11.2,16.88,2.1,2015.0,225.0,19.39466666666667,32.28666666666666,3.9099999999999993,77.562,27.55399999999999,17.535333333333334,22.613999999999997,3.405333333333333,2015.0,7542.93,3315.56,167.68,1850.17,130.35,242.1,0.31
8,241.0,24.73,35.53,9.66,83.79,33.83,22.25,27.38,6.21,2015.0,241.0,4.64,25.85,0.0,61.01,23.45,9.91,16.7,1.89,2015.0,241.0,18.956,31.536666666666665,1.786,71.76266666666668,28.277333333333335,16.148,22.168666666666663,3.8493333333333335,2015.0,6873.93,2693.33,204.0,1536.09,143.96,266.72,0.15
9,257.0,21.71,36.04,24.73,86.29,32.68,23.31,26.5,7.23,2015.0,257.0,1.37,24.41,0.0,51.65,20.56,7.99,14.09,2.68,2015.0,257.0,17.19066666666667,30.427333333333326,5.499333333333334,66.80133333333333,26.970666666666666,14.454666666666666,20.588666666666665,4.500666666666667,2015.0,6702.69,2393.07,170.79,1372.31,109.09,257.31,5.21
10,273.0,18.58,32.4,7.29,79.76,28.87,16.05,21.98,6.12,2015.0,273.0,7.16,22.39,0.0,56.61,18.13,5.12,10.88,1.26,2015.0,273.0,14.927999999999999,28.60266666666666,0.56,67.42533333333334,23.507999999999996,11.051333333333334,16.894000000000002,3.741333333333334,2015.0,5639.24,1988.51,272.94,1251.42,163.05,333.54,0.0
11,289.0,15.7,31.64,9.89,87.62,28.47,13.72,18.88,7.56,2015.0,289.0,2.3,20.41,0.0,40.9,13.42,-1.64,6.06,2.08,2015.0,289.0,12.490666666666666,26.485333333333337,1.789333333333333,56.53533333333334,20.706,7.528666666666665,13.587333333333333,5.025333333333333,2015.0,5001.15,1634.71,248.29,1091.13,135.44,403.85,7.68
12,305.0,13.57,29.95,6.23,92.27,23.6,10.15,16.13,7.05,2015.0,305.0,1.94,19.62,0.0,59.46,11.56,-1.32,4.53,2.42,2015.0,305.0,8.708,25.172666666666665,3.1442857142857137,73.63799999999999,16.389999999999997,4.434,9.727333333333332,4.77,2015.0,5729.54,1157.35,57.54,720.46,7.77,153.79,25.5
