,DOY,INSgdmax,RADmax,RAINmax,RHmax,TMAXmax,TMINmax,Tmax,WINDmax,YEAR,DOY,INSgdmin,RADmin,RAINmin,RHmin,TMAXmin,TMINmin,Tmin,WINDmin,YEAR,DOY,INSgdmean,RADmean,RAINmean,RHmean,TMAXmean,TMINmean,Tmean,WINDmean,YEAR,NDVI,EVI,RED,NIR,BLUE,MIR,pixrel
0,113.0,27.3476,31.581999999999997,17.366400000000002,87.1272,25.064,13.136,19.308,9.4144,2015.0,113.0,4.7072,19.3552,0.0,48.3404,11.1356,-1.5304000000000002,5.5036000000000005,1.5339999999999998,2015.0,113.0,19.802773333333334,25.708880000000004,2.2723733333333334,63.175093333333336,18.61477333333334,5.027866666666666,11.98525333333333,4.674640000000001,2015.0,5215.05,2422.33,567.88,1842.35,313.58,1038.45,0.01
1,129.0,28.162000000000003,33.2848,22.708799999999997,90.0104,27.3564,16.8664,21.736800000000002,7.8824000000000005,2015.0,129.0,5.032,24.130399999999998,0.0,57.9884,16.188000000000002,4.574400000000001,11.2528,2.3876,2015.0,129.0,16.522373333333334,30.563599999999997,5.431173333333334,76.59669333333332,22.85749333333333,11.969546666666666,17.361653333333333,5.2307466666666675,2015.0,6379.86,3419.33,477.74,2308.58,277.77,920.99,0.03
2,145.0,29.9176,33.6,16.5064,88.42479999999999,26.896,17.7772,20.6416,7.292,2015.0,145.0,6.379199999999999,24.2376,0.0,61.380799999999994,12.29,2.3932,8.9816,2.6319999999999997,2015.0,145.0,19.187228571428573,29.176628571428573,2.2836799999999995,73.69338666666667,21.48677333333333,10.012506666666665,16.059839999999998,4.357866666666666,2015.0,6792.79,3697.19,439.74,2426.11,256.26,806.0,0.0
3,161.0,29.9176,36.2592,24.3896,90.96000000000001,31.5308,19.9052,25.576,5.174799999999999,2015.0,161.0,3.7036000000000002,29.9024,0.0,66.8072,22.337200000000003,13.7336,18.4932,1.5032,2015.0,161.0,17.304285714285715,33.57778666666667,8.881733333333335,79.73922666666667,26.977253333333337,16.75621333333333,22.211973333333336,3.3614666666666664,2015.0,7396.51,4346.47,400.77,2736.84,248.43,791.59,0.0
4,177.0,30.050000000000004,36.0656,38.8112,87.7312,31.245199999999997,19.43,25.526799999999998,6.171200000000001,2015.0,177.0,6.0668,28.0104,0.0,63.59159999999999,22.9016,12.4884,18.372000000000003,1.8,2015.0,177.0,18.64494285714286,32.47968,10.256160000000001,77.14733333333332,26.895093333333335,16.263253333333335,22.018346666666673,3.685413333333333,2015.0,7736.19,4516.93,345.93,2784.44,215.27,707.23,0.24
5,193.0,28.252,36.2424,29.0844,91.1968,33.4084,23.4504,27.906,5.1928,2015.0,193.0,6.5976,28.346400000000003,0.0,69.61959999999999,20.635600000000004,13.0048,16.7784,2.0996,2015.0,193.0,21.621760000000002,33.64914666666666,6.2864,81.03493333333331,28.417119999999997,18.790586666666666,23.72853333333333,3.632906666666667,2015.0,7852.25,4457.83,327.23,2716.61,200.1,685.5,0.02
6,209.0,27.78,37.2076,44.0088,88.4268,32.7356,23.506,27.1224,5.5531999999999995,2015.0,209.0,7.7388,28.930400000000002,0.0,59.171200000000006,26.0572,14.758,21.072400000000002,1.6488,2015.0,209.0,21.654533333333337,32.69997333333333,7.563786666666665,71.87693333333334,29.64261333333333,18.812693333333335,24.29866666666667,3.198586666666666,2015.0,7705.64,4492.2,352.1,2768.9,225.17,706.22,0.18
7,225.0,25.490399999999998,36.1528,30.1848,93.6744,32.6496,21.159999999999997,26.009999999999998,6.9688,2015.0,225.0,2.3544,27.1828,0.0,61.441199999999995,21.199199999999998,10.7264,16.291199999999996,1.5124,2015.0,225.0,19.056240000000003,32.346026666666674,6.843626666666665,72.01344,28.55941333333333,17.403279999999995,23.078106666666663,3.3996,2015.0,7607.63,4165.34,329.25,2537.55,199.61,675.88,0.03
8,241.0,25.107599999999998,35.184799999999996,15.377200000000002,79.6352,35.2876,22.180799999999998,28.1632,6.4616,2015.0,241.0,5.7547999999999995,25.212799999999998,0.0,53.5132,23.9236,9.8216,17.031599999999997,1.8384,2015.0,241.0,18.85576,31.597919999999995,1.938986666666667,65.33802666666666,29.812826666666666,16.409573333333334,22.728346666666667,4.253733333333333,2015.0,7475.5,3774.76,325.62,2293.22,200.75,644.68,0.03
9,257.0,21.718000000000004,35.9624,32.9272,84.1224,32.1092,23.146,26.1784,8.060400000000001,2015.0,257.0,4.3964,24.3952,0.0,55.2568,20.4388,7.191599999999999,14.385200000000001,2.4044,2015.0,257.0,18.15504,30.199279999999995,6.653626666666667,67.18130666666667,26.47938666666667,14.19373333333333,20.26714666666667,4.53656,2015.0,7133.73,3335.55,329.87,2028.34,198.93,610.5,0.01
10,273.0,18.5352,34.1064,11.244,76.94639999999998,29.7356,17.9076,22.5368,5.8848,2015.0,273.0,6.8111999999999995,22.492,0.0,52.317600000000006,17.166800000000002,4.7072,10.828800000000001,1.4675999999999998,2015.0,273.0,14.79817333333333,28.456586666666666,1.7024,65.51071999999999,23.5072,10.757493333333334,16.766000000000002,3.564373333333333,2015.0,6167.76,2688.75,404.7,1785.59,228.65,702.53,0.0
11,289.0,15.912,32.3224,15.6872,85.0884,29.1196,13.7804,19.438000000000002,8.093599999999999,2015.0,289.0,2.9752,21.292,0.0,40.8728,13.491999999999999,-0.4364,6.475199999999999,2.0148,2015.0,289.0,12.728293333333333,26.493146666666668,2.1183466666666666,53.46493333333335,21.15792,7.860213333333332,13.946080000000002,5.027706666666666,2015.0,6065.06,2297.72,393.25,1539.29,214.83,723.03,0.0
12,305.0,13.619599999999998,29.485599999999998,17.028,88.036,24.362000000000002,10.9388,15.566,7.748,2015.0,305.0,1.3776,19.9624,0.0,55.3184,11.3352,-0.396,5.4764,2.2736,2015.0,305.0,9.35776,24.97205333333333,3.1722285714285707,68.69237333333334,16.96394666666667,4.625733333333334,9.951279999999999,4.858320000000001,2015.0,5970.59,2198.37,401.04,1489.48,230.37,757.34,0.0
