,DOY,INSgdmax,RADmax,RAINmax,RHmax,TMAXmax,TMINmax,Tmax,WINDmax,YEAR,DOY,INSgdmin,RADmin,RAINmin,RHmin,TMAXmin,TMINmin,Tmin,WINDmin,YEAR,DOY,INSgdmean,RADmean,RAINmean,RHmean,TMAXmean,TMINmean,Tmean,WINDmean,YEAR,NDVI,EVI,RED,NIR,BLUE,MIR,pixrel
0,113.0,27.2724,31.4,17.8536,87.2252,24.814799999999998,12.095199999999998,18.162,8.8532,2015.0,113.0,3.3848000000000003,19.520000000000003,0.0,45.674,11.8808,-2.178,5.852,1.7152000000000003,2015.0,113.0,19.70146666666667,25.667413333333336,2.8003199999999997,61.95975999999999,18.554773333333337,5.275813333333333,12.04514666666667,4.617706666666666,2015.0,3540.18,2286.35,1346.87,2776.97,670.36,2728.32,0.58
1,129.0,28.5148,33.462,27.939600000000002,88.2052,28.4076,17.2456,21.362,8.7328,2015.0,129.0,3.6308000000000002,23.610400000000002,0.0,57.886,14.735199999999999,3.4372,9.6256,3.1971999999999996,2015.0,129.0,15.538960000000003,30.533493333333332,6.510960000000001,74.94653333333335,22.65253333333333,11.239760000000004,16.944133333333333,5.685466666666668,2015.0,4673.97,2897.47,997.06,2696.98,503.55,2073.16,0.39
2,145.0,29.5148,33.6644,17.1532,89.958,27.6396,14.99,19.754,7.2076,2015.0,145.0,6.1828,24.0276,0.0,58.1056,13.8764,2.1864,8.4236,3.0148,2015.0,145.0,17.7,29.219114285714284,2.6087466666666668,72.72506666666666,20.973039999999997,9.652479999999999,15.455039999999997,4.378586666666667,2015.0,5007.64,3203.22,942.11,2835.72,481.86,2112.42,0.41
3,161.0,30.199999999999996,35.8732,35.4992,90.05359999999999,32.674800000000005,19.8492,25.6644,5.6792,2015.0,161.0,4.8759999999999994,28.9752,0.0,59.924800000000005,21.5996,13.1188,18.3948,2.0632,2015.0,161.0,19.567199999999996,33.206853333333335,9.260853333333333,78.34189333333333,26.792799999999996,16.287333333333336,21.869866666666663,3.6052799999999996,2015.0,5222.48,3589.89,1011.38,3205.38,518.23,2330.75,0.02
4,177.0,30.074400000000004,35.7448,22.6708,82.9016,32.0216,19.761200000000002,25.459200000000003,6.6056,2015.0,177.0,5.5764,28.3,0.0,59.9052,23.3432,13.5704,18.7884,1.6952,2015.0,177.0,20.2168,32.48861333333333,4.825146666666667,73.14234666666667,27.86309333333333,16.4772,22.44045333333333,3.8154666666666657,2015.0,6833.29,5164.23,727.2,3893.1,390.91,1655.96,0.0
5,193.0,29.8296,36.11,24.810000000000002,88.66600000000001,33.7372,23.244,27.962400000000002,5.872,2015.0,193.0,5.0304,26.5104,0.0,65.196,22.6552,12.4492,17.6008,2.1292,2015.0,193.0,22.4332,33.56626666666667,6.550106666666666,76.45047999999998,29.239200000000004,18.931146666666667,24.247653333333336,3.8439466666666675,2015.0,7916.63,5848.9,436.26,3886.64,242.83,942.91,0.0
6,209.0,28.489600000000003,37.017599999999995,24.590799999999998,82.69839999999999,35.4572,23.732,27.7512,5.13,2015.0,209.0,8.243199999999998,28.887999999999998,0.0,48.732,26.783599999999996,14.908,21.288800000000002,2.0468,2015.0,209.0,21.39717333333333,33.1684,4.3031733333333335,65.84421333333333,31.013733333333334,18.979013333333334,25.040506666666666,3.2279999999999993,2015.0,8527.86,6989.35,358.55,4659.34,199.49,866.55,0.0
7,225.0,25.9396,36.435599999999994,37.316,89.572,33.1664,22.6212,26.1396,7.1968,2015.0,225.0,1.8612000000000002,27.7128,0.0,56.7364,21.531200000000002,10.5968,16.2856,1.3996,2015.0,225.0,18.882960000000004,32.39069333333333,7.586666666666667,67.39642666666666,29.11696,17.42506666666667,23.345733333333335,3.657733333333333,2015.0,8576.45,6815.23,336.3,4451.04,187.89,770.0,0.01
8,241.0,25.2224,35.768,13.3768,82.0228,35.0516,22.616,28.3656,6.4724,2015.0,241.0,7.4976,25.0824,0.0,49.7996,23.009999999999998,9.3548,17.0532,2.2828,2015.0,241.0,18.984666666666666,31.66173333333333,1.9850133333333333,64.15634666666666,29.342800000000004,16.525013333333334,22.541866666666667,4.714906666666667,2015.0,8240.52,6033.2,361.22,3882.96,203.55,743.24,0.0
9,257.0,21.7552,35.772800000000004,26.9288,81.9248,33.18320000000001,20.578,25.813599999999997,9.520800000000001,2015.0,257.0,4.51,24.418,0.0,51.988800000000005,20.5196,6.9308,14.152000000000001,2.2328,2015.0,257.0,17.655466666666666,30.025920000000003,4.998293333333334,64.5844,26.798479999999998,14.00664,20.16837333333333,4.907893333333333,2015.0,6990.65,4953.4,622.12,3567.82,334.6,1021.61,0.03
10,273.0,18.659599999999998,34.6052,35.618,88.4616,29.6156,18.683999999999997,21.708,5.8624,2015.0,273.0,3.8924000000000003,22.6904,0.0,50.5956,17.007199999999997,4.2224,10.5692,1.5652,2015.0,273.0,15.106346666666667,28.42872,4.2350666666666665,65.83098666666666,22.832933333333333,10.72616,16.32682666666667,3.738666666666667,2015.0,5407.1,3106.96,720.63,2465.44,370.59,1222.11,0.0
11,289.0,16.1176,32.1876,9.8112,82.93639999999999,30.4388,13.7452,20.282400000000003,8.272,2015.0,289.0,3.7483999999999997,21.716,0.0,38.9932,14.213999999999999,0.7872,7.3732,2.8356000000000003,2015.0,289.0,13.60472,26.673626666666664,1.1074933333333332,52.424906666666665,21.737813333333335,8.106106666666665,14.449013333333335,5.062986666666666,2015.0,4013.58,2517.32,1153.37,2670.95,574.48,1760.57,0.16
12,305.0,13.687999999999999,29.909599999999998,16.4944,84.1428,24.1396,12.6292,16.0712,8.2812,2015.0,305.0,2.2156000000000002,20.0628,0.0,52.065999999999995,10.1672,0.004399999999999994,5.217200000000001,2.8836,2015.0,305.0,10.018799999999999,24.895306666666666,2.5212000000000003,66.14818666666667,16.880986666666665,4.47256,9.837413333333332,5.0684000000000005,2015.0,3667.12,2171.63,1133.07,2420.43,564.38,1697.1,0.19
