,DOY,INSgdmax,RADmax,RAINmax,RHmax,TMAXmax,TMINmax,Tmax,WINDmax,YEAR,DOY,INSgdmin,RADmin,RAINmin,RHmin,TMAXmin,TMINmin,Tmin,WINDmin,YEAR,DOY,INSgdmean,RADmean,RAINmean,RHmean,TMAXmean,TMINmean,Tmean,WINDmean,YEAR,NDVI,EVI,RED,NIR,BLUE,MIR,pixrel
0,113.0,27.192500000000003,31.2245,19.3485,87.08250000000001,24.714,12.030000000000001,18.588499999999996,9.743500000000001,2015.0,113.0,6.184,19.075,0.0,48.3825,11.4655,-2.218,4.7235,1.7405,2015.0,113.0,19.8332,25.31023333333334,2.7744333333333335,62.871966666666665,18.06883333333333,4.261966666666666,11.293033333333334,5.000066666666666,2015.0,4980.2,2216.24,626.99,1772.86,368.72,948.62,0.08
1,129.0,28.461000000000002,33.342,22.4145,91.489,27.911,15.967500000000001,21.2245,8.447000000000001,2015.0,129.0,3.8840000000000003,23.7375,0.0,58.504999999999995,15.330000000000002,3.9375000000000004,10.5815,2.4405,2015.0,129.0,16.8801,29.992033333333328,4.745700000000001,75.6732,22.276600000000002,11.107266666666668,16.636000000000003,5.625533333333332,2015.0,5698.25,2615.92,420.6,1823.77,213.75,747.97,10.32
2,145.0,29.786,33.117000000000004,14.313500000000001,89.2235,27.445,16.187,20.141000000000002,8.163499999999999,2015.0,145.0,5.883000000000001,24.142999999999997,0.0,59.233,13.305,1.8290000000000002,8.699000000000002,2.3114999999999997,2015.0,145.0,18.86982142857143,29.064178571428574,2.287,72.28736666666666,21.1733,9.562933333333332,15.671433333333333,4.465066666666667,2015.0,6190.39,2908.05,380.7,1908.71,204.24,621.74,7.66
3,161.0,29.955,35.555,24.552500000000002,90.513,32.317,19.426000000000002,25.142000000000003,5.7755,2015.0,161.0,4.1795,29.2235,0.0,64.1215,22.301499999999997,12.711,18.236,1.7015000000000002,2015.0,161.0,19.008928571428573,32.979600000000005,7.800466666666669,78.01123333333334,26.609200000000005,16.078266666666664,21.626966666666664,3.7586999999999997,2015.0,6995.59,3948.08,348.94,2489.33,197.07,637.51,7.7
4,177.0,30.110500000000002,35.024,32.672999999999995,86.142,30.5335,18.5655,24.633000000000003,6.109,2015.0,177.0,8.625499999999999,27.275,0.0,62.337500000000006,23.072,11.9905,18.03,1.54,2015.0,177.0,19.401035714285715,31.880433333333336,7.7010000000000005,75.16069999999999,26.61423333333333,15.521833333333333,21.463833333333337,3.6520333333333337,2015.0,7407.41,4185.22,319.39,2510.87,201.46,582.83,0.11
5,193.0,28.599000000000004,35.817,28.573999999999998,89.6885,32.633,22.8275,27.2335,5.1735,2015.0,193.0,8.573,26.741999999999997,0.0,67.894,21.612000000000002,11.7985,16.85,2.0445,2015.0,193.0,22.2436,33.056133333333335,6.214133333333333,79.39816666666667,28.250266666666665,18.0469,23.315933333333334,3.7355333333333336,2015.0,7405.44,3955.37,248.42,2363.51,133.06,524.8,10.2
6,209.0,27.86,36.9875,33.55,87.80800000000002,33.022999999999996,22.731500000000004,26.688000000000002,5.6605,2015.0,209.0,4.9825,28.543499999999998,0.0,56.977500000000006,25.274500000000003,13.785,20.426,1.8255,2015.0,209.0,22.258300000000002,32.12323333333333,6.000266666666666,70.0627,29.1323,17.91976666666667,23.68823333333333,3.402033333333333,2015.0,7392.34,4246.66,335.28,2598.23,213.63,642.96,2.76
7,225.0,25.482999999999997,35.840999999999994,33.713499999999996,93.709,31.6015,20.6785,25.3685,7.3385,2015.0,225.0,1.372,26.8275,0.0,63.096000000000004,19.7395,9.7905,15.6095,1.447,2015.0,225.0,18.4893,32.217800000000004,7.372433333333333,73.07196666666667,27.4311,16.9535,22.399933333333326,3.503066666666667,2015.0,7336.47,3652.31,295.04,2176.51,175.88,570.68,2.61
8,241.0,25.012999999999998,34.9515,20.2775,86.7355,33.078,21.758,27.228,6.706,2015.0,241.0,4.8885000000000005,24.94,0.0,58.375,22.1645,9.561,15.978000000000002,1.7719999999999998,2015.0,241.0,18.726033333333334,31.260399999999997,2.135533333333333,71.50216666666667,27.70713333333334,15.732633333333332,21.497766666666664,4.2798,2015.0,7234.92,3276.24,245.91,1903.88,140.1,486.89,5.12
9,257.0,21.5075,35.34,25.253500000000003,82.5025,30.448,21.072,25.267,8.2645,2015.0,257.0,4.1594999999999995,24.141,0.0,57.211,19.4305,6.563000000000001,13.6695,2.218,2015.0,257.0,17.3825,29.576633333333334,5.095566666666667,69.29666666666667,25.262033333333335,13.264566666666664,19.27903333333333,4.536666666666666,2015.0,6875.38,2906.14,271.9,1735.9,150.9,473.52,5.16
10,273.0,18.266000000000002,34.231500000000004,16.1535,79.7325,28.165,18.180500000000002,21.6605,5.855,2015.0,273.0,6.7455,22.305999999999997,0.0,56.141,15.9095,4.1115,10.1175,1.1585,2015.0,273.0,14.727849999999997,28.022399999999998,2.5494666666666665,68.9515,22.1462,10.180900000000001,15.799566666666665,3.572633333333333,2015.0,5309.23,2014.99,388.41,1430.8,192.77,570.4,7.65
11,289.0,16.114,31.661,9.550999999999998,84.564,28.320999999999998,12.083,18.9,8.2145,2015.0,289.0,2.9745,21.257500000000004,0.0,44.839999999999996,11.876000000000001,-0.6275,5.8895,2.1365,2015.0,289.0,12.570966666666667,26.060100000000002,1.5970333333333333,56.15903333333334,19.769266666666667,6.938233333333333,12.963000000000001,5.064400000000001,2015.0,5839.94,2159.37,375.53,1428.33,199.71,616.24,0.0
12,305.0,13.2135,29.8395,16.5255,85.821,23.2855,11.009,14.982500000000002,8.133,2015.0,305.0,2.271,19.786,0.0,55.5245,9.859,-0.8979999999999999,4.928,2.553,2015.0,305.0,8.881,25.21213333333333,3.4124285714285714,70.05583333333334,16.1224,4.011633333333333,9.309999999999999,5.051533333333333,2015.0,5683.68,1696.86,251.61,1112.46,110.85,528.4,10.2
