,DOY,INSgdmax,RADmax,RAINmax,RHmax,TMAXmax,TMINmax,Tmax,WINDmax,YEAR,DOY,INSgdmin,RADmin,RAINmin,RHmin,TMAXmin,TMINmin,Tmin,WINDmin,YEAR,DOY,INSgdmean,RADmean,RAINmean,RHmean,TMAXmean,TMINmean,Tmean,WINDmean,YEAR,NDVI,EVI,RED,NIR,BLUE,MIR,pixrel
0,113.0,27.305300000000003,30.228099999999998,9.428099999999999,83.4941,23.6879,9.5071,15.937800000000001,9.440999999999999,2015.0,113.0,5.348,19.279700000000002,0.0,44.1849,11.350000000000001,-3.6479999999999997,4.2108,2.2192999999999996,2015.0,113.0,21.546883333333334,24.842559999999995,1.2365133333333334,58.81741333333334,17.74174,3.8711933333333337,10.90616,5.169553333333333,2015.0,3284.11,1843.72,1053.09,2124.0,547.34,2173.98,0.29
1,129.0,28.480000000000004,33.0969,11.596300000000001,84.5061,28.302000000000003,14.279599999999999,19.5095,9.3984,2015.0,129.0,5.809200000000001,23.65,0.0,51.7604,10.1644,1.7707000000000002,6.6932,3.2477,2015.0,129.0,16.846226666666663,29.307626666666668,3.75162,69.72395333333333,21.482480000000002,8.979106666666667,15.299713333333337,6.277239999999999,2015.0,4441.57,2449.7,803.37,2185.18,417.58,1697.6,0.01
2,145.0,30.4888,32.350899999999996,12.235299999999999,87.8465,27.8237,14.472999999999999,19.8085,9.805699999999998,2015.0,145.0,5.826600000000001,24.2012,0.0,53.7914,12.7751,0.437,6.992999999999999,2.6771,2015.0,145.0,18.023007142857143,28.757700000000003,3.0882866666666664,67.34581999999999,20.52686,8.517439999999999,14.56938,4.752586666666667,2015.0,5227.43,3073.54,748.25,2486.68,390.09,1783.89,0.13
3,161.0,29.670599999999997,34.0775,19.3324,85.9153,33.951,18.1243,25.737199999999998,6.7271,2015.0,161.0,3.9571,30.4026,0.0,55.54679999999999,18.2414,12.0687,16.197000000000003,2.7819000000000003,2015.0,161.0,19.876871428571434,32.29849333333333,5.047506666666666,71.41074666666667,26.43666,15.050213333333332,20.855379999999997,4.423439999999999,2015.0,6155.29,3967.79,695.4,2997.92,360.64,1681.42,0.69
4,177.0,29.656599999999997,33.7638,11.1747,80.96600000000001,29.6709,18.1169,23.4433,5.8069,2015.0,177.0,12.4171,29.066900000000004,0.0,58.0888,23.1475,12.2509,18.144,1.3476,2015.0,177.0,23.289588461538457,31.662746666666667,3.572866666666666,66.54120666666667,27.16162,15.6707,21.664266666666666,3.5310999999999995,2015.0,7402.79,5212.88,516.65,3603.92,266.52,1133.13,0.8
5,193.0,29.5346,35.120900000000006,16.078200000000002,82.22380000000001,33.9955,21.4783,27.834,6.7949,2015.0,193.0,11.6554,25.4059,0.0,56.221399999999996,22.8069,9.9986,16.5578,2.0677,2015.0,193.0,25.471053333333334,32.545073333333335,3.758766666666667,68.94416,29.052906666666665,17.320333333333334,23.511713333333336,3.977193333333333,2015.0,7630.12,5341.1,475.91,3618.28,243.87,930.83,0.0
6,209.0,28.613799999999998,35.6219,7.9661,79.2153,34.408,21.915599999999998,26.9536,5.7876,2015.0,209.0,16.5325,27.943399999999997,0.0,42.084700000000005,26.413700000000002,13.479199999999999,20.7136,1.9954,2015.0,209.0,24.671759999999995,32.01616,2.0505799999999996,56.824140000000014,30.49956,17.58434666666667,24.2344,3.866273333333334,2015.0,7803.58,5489.53,435.29,3649.42,225.84,844.77,0.04
7,225.0,26.026600000000002,36.096,36.2671,90.3876,33.2424,19.780299999999997,26.4874,8.6269,2015.0,225.0,5.1439,27.678799999999995,0.0,46.8841,20.3559,9.325199999999999,15.8582,1.7641,2015.0,225.0,18.392806666666665,32.4161,7.256873333333333,61.83017333333333,28.989393333333332,17.036126666666668,22.92478666666667,4.403466666666667,2015.0,7174.6,4751.65,524.43,3265.59,267.7,1055.88,0.0
8,241.0,25.1244,35.7878,16.9626,85.4632,34.424099999999996,22.9014,27.8703,8.869800000000001,2015.0,241.0,10.055299999999999,24.613099999999996,0.0,45.2993,21.982100000000003,9.0079,15.8065,2.3822,2015.0,241.0,18.63730666666667,31.025266666666667,2.649006666666666,64.31278666666667,27.69788666666667,15.500426666666664,21.303753333333333,5.204266666666667,2015.0,6788.67,4211.24,558.18,2930.18,290.68,1075.53,0.0
9,257.0,21.1237,34.3891,10.227799999999998,65.7,32.2315,20.4445,25.931500000000003,9.2841,2015.0,257.0,3.4459999999999997,24.6053,0.0,42.026300000000006,20.0927,6.5313,13.6609,2.1965000000000003,2015.0,257.0,17.2327,29.289393333333333,2.0550333333333337,53.9827,26.814466666666664,12.755993333333333,19.679813333333332,5.157373333333333,2015.0,5480.18,3281.14,752.16,2620.68,390.63,1372.43,0.04
10,273.0,18.0169,33.8,16.0155,92.3464,26.938000000000002,18.5439,20.1881,6.8702000000000005,2015.0,273.0,3.7708999999999997,23.6438,0.0,42.8351,16.0718,4.365600000000001,10.309700000000001,2.6034,2015.0,273.0,13.12762,28.607940000000003,2.7340199999999997,62.640139999999995,21.39850666666667,10.201833333333333,15.374186666666668,4.53632,2015.0,4669.73,2530.24,794.52,2225.77,403.68,1474.55,0.0
11,289.0,15.8372,31.6654,5.4789,85.63499999999999,29.831900000000005,13.7996,19.6721,9.778500000000001,2015.0,289.0,3.8342,21.887800000000002,0.0,38.437999999999995,12.843799999999998,0.288,6.215199999999999,2.1146000000000003,2015.0,289.0,12.960886666666667,25.971940000000004,0.9501333333333333,53.949586666666676,20.20672666666667,6.531413333333333,13.122720000000001,5.114113333333332,2015.0,4052.27,2116.14,863.14,2055.18,433.95,1698.02,0.03
12,305.0,12.5453,29.6678,4.763199999999999,82.6099,21.8658,10.978,15.1099,9.719100000000001,2015.0,305.0,4.456600000000001,19.8232,0.0,52.0911,7.2616,-2.3213,3.8619999999999997,2.9182,2015.0,305.0,9.045886666666668,24.85792,1.8844857142857143,67.61775999999999,15.072253333333334,3.3286133333333336,8.539946666666665,5.425286666666667,2015.0,3657.69,1643.51,768.95,1656.3,394.0,1345.64,0.06
