,DOY,INSgdmax,RADmax,RAINmax,RHmax,TMAXmax,TMINmax,Tmax,WINDmax,YEAR,DOY,INSgdmin,RADmin,RAINmin,RHmin,TMAXmin,TMINmin,Tmin,WINDmin,YEAR,DOY,INSgdmean,RADmean,RAINmean,RHmean,TMAXmean,TMINmean,Tmean,WINDmean,YEAR,NDVI,EVI,RED,NIR,BLUE,MIR,pixrel
0,113.0,27.486800000000002,31.4632,4.4439,84.90799999999999,25.416600000000003,13.8783,19.5828,9.373999999999999,2015.0,113.0,5.7296000000000005,19.790300000000002,0.0,48.4895,13.2136,-0.7952999999999999,6.530600000000001,1.5179,2015.0,113.0,20.332199999999997,25.911126666666668,0.7200599999999999,62.932399999999994,19.19742666666667,5.90156,12.70346666666667,4.634993333333332,2015.0,5338.7,2387.22,519.71,1736.73,299.44,778.85,0.04
1,129.0,27.969100000000005,33.8031,23.123299999999997,90.6101,27.409,18.183799999999998,21.725499999999997,7.0632,2015.0,129.0,4.839500000000001,24.7618,0.0,57.4949,18.4762,5.8813,12.362699999999998,2.5267,2015.0,129.0,18.261379999999996,30.954126666666667,5.4887733333333335,76.61817333333333,23.829473333333336,12.977646666666667,18.532133333333334,4.7753000000000005,2015.0,5856.04,2514.53,430.83,1684.96,254.48,717.9,0.06
2,145.0,28.9572,34.7324,13.5638,86.8268,27.497799999999998,18.808799999999998,21.884500000000003,6.9831,2015.0,145.0,6.5531,24.476,0.0,60.462999999999994,10.5541,3.0051000000000005,8.540000000000001,2.552,2015.0,145.0,20.498557142857134,29.91942142857143,3.036113333333333,73.715,22.43029333333333,10.859153333333332,17.102926666666665,4.484253333333333,2015.0,6738.35,3376.42,389.42,2109.95,248.06,630.53,0.0
3,161.0,29.107100000000003,36.88239999999999,24.7299,91.69630000000001,31.929299999999998,21.9388,26.0666,5.597899999999999,2015.0,161.0,9.684,30.781700000000004,0.0,68.3464,23.5392,13.2126,18.6713,1.4788999999999999,2015.0,161.0,20.408707142857143,34.185273333333335,6.362793333333332,81.41336666666665,27.979779999999998,18.35825333333333,23.383239999999994,3.772906666666667,2015.0,7906.04,4527.33,297.24,2687.2,196.87,547.62,0.65
4,177.0,28.9049,36.580400000000004,65.3468,87.65140000000001,30.2325,22.637300000000003,26.3158,6.4238,2015.0,177.0,3.9817,29.2255,0.0,68.5969,22.779399999999995,13.1759,18.6762,2.2643,2015.0,177.0,19.192907142857145,32.884006666666664,12.793006666666669,79.4187,26.862326666666668,17.559566666666665,22.418646666666667,3.8153533333333334,2015.0,7972.07,4459.63,268.17,2594.74,183.66,481.52,1.0
5,192.99999999999997,27.679599999999997,36.865399999999994,33.553700000000006,92.828,32.3237,24.4816,28.261699999999998,5.2771,2015.0,192.99999999999997,4.0701,31.486099999999997,0.0,77.0859,17.3728,13.3246,15.4467,2.0378999999999996,2015.0,192.99999999999997,19.407446666666672,34.29299333333333,8.116193333333332,85.20195333333334,27.598366666666664,19.528853333333334,23.718159999999997,3.6361133333333338,2015.0,8162.44,4381.21,242.1,2512.69,161.78,473.85,0.02
6,209.0,27.500899999999998,37.244,21.587600000000002,87.13830000000002,31.7965,23.227099999999997,27.2794,5.1033,2015.0,209.0,7.240500000000001,29.6668,0.0,70.54200000000002,25.860700000000005,16.361800000000002,21.738799999999998,1.7453,2015.0,209.0,22.441966666666673,32.94528,5.552886666666667,77.88124,28.951426666666666,19.18198,24.324686666666665,3.0519333333333334,2015.0,7787.39,4451.18,302.92,2595.98,245.42,542.87,0.7
7,225.0,25.5476,36.065,27.3237,91.7508,30.1914,21.5336,25.261799999999994,5.775799999999999,2015.0,225.0,6.638199999999999,27.143300000000004,0.0,67.4541,21.714999999999996,11.6293,17.0004,1.9512,2015.0,225.0,20.466253333333334,32.42189333333333,3.5101199999999997,78.90522666666666,27.8253,18.09516,23.00814666666666,3.2060133333333334,2015.0,8134.44,4270.43,235.42,2430.89,155.44,451.36,0.72
8,241.0,24.980900000000005,35.1205,13.699500000000002,84.3515,32.4253,22.263199999999998,26.993000000000002,5.4622,2015.0,241.0,5.4887999999999995,25.616300000000003,0.0,61.776500000000006,24.1578,10.035,17.146099999999997,1.8824,2015.0,241.0,19.14957333333333,31.648106666666664,1.7498133333333339,75.10148,27.963640000000005,16.421466666666667,22.26176,3.6402333333333328,2015.0,7789.56,3505.14,228.18,1970.11,146.19,407.28,0.0
9,257.0,21.7039,36.5364,18.974800000000002,86.8793,31.450899999999997,22.2105,25.969699999999996,6.579400000000001,2015.0,257.0,3.8638000000000003,25.3567,0.0,55.303799999999995,20.2254,8.3813,14.2637,1.8362000000000003,2015.0,257.0,17.355719999999998,30.70484,4.944033333333333,70.6632,26.457586666666668,14.635406666666668,20.54265333333333,4.2803,2015.0,7407.41,3115.59,249.03,1773.78,156.19,415.35,0.0
10,273.0,18.810299999999998,33.343999999999994,7.3493,82.935,28.0745,16.034399999999998,21.4623,6.0099,2015.0,273.0,4.6465,22.644699999999997,0.0,58.3024,17.7348,5.3403,11.1905,1.6016,2015.0,273.0,14.38962,28.897613333333332,0.5136866666666666,70.6081,23.29126666666666,11.347940000000001,16.95792,3.70786,2015.0,6418.38,2473.68,321.89,1522.22,196.11,450.52,0.01
11,289.0,15.982299999999999,31.9957,6.471499999999999,89.2676,27.5536,14.692900000000002,18.945899999999998,7.0630999999999995,2015.0,289.0,2.9010999999999996,20.866400000000002,0.0,44.797200000000004,13.407800000000002,-0.9450000000000001,6.2467999999999995,2.2959,2015.0,289.0,12.621006666666664,26.706146666666665,1.2641466666666665,58.74747333333334,21.110899999999997,8.036513333333334,14.103086666666666,4.757719999999999,2015.0,6090.57,2338.56,351.69,1496.14,201.02,604.59,0.0
12,305.0,13.8538,30.246499999999997,9.536,93.2832,22.5742,11.4406,16.2314,6.778200000000001,2015.0,305.0,2.4803000000000006,19.5178,0.0,58.77460000000001,12.013900000000001,-1.3302,4.7064,2.7396000000000003,2015.0,305.0,8.734553333333334,25.46483333333334,3.112714285714286,74.72712,16.570846666666668,4.693526666666666,10.022633333333332,4.4943599999999995,2015.0,6784.05,2001.2,214.67,1141.4,126.17,341.14,0.0
