,DOY,INSgdmax,RADmax,RAINmax,RHmax,TMAXmax,TMINmax,Tmax,WINDmax,YEAR,DOY,INSgdmin,RADmin,RAINmin,RHmin,TMAXmin,TMINmin,Tmin,WINDmin,YEAR,DOY,INSgdmean,RADmean,RAINmean,RHmean,TMAXmean,TMINmean,Tmean,WINDmean,YEAR,NDVI,EVI,RED,NIR,BLUE,MIR,pixrel
0,113.0,27.340399999999995,30.8304,17.8796,88.8116,24.7968,11.4664,18.716,9.9188,2015.0,113.0,5.0584,19.0512,0.0,47.1104,11.043199999999999,-2.8304,4.5756,1.6108,2015.0,113.0,20.501146666666667,25.155386666666665,2.1336,62.79690666666667,17.907813333333333,3.5976799999999995,11.047573333333332,5.104186666666667,2015.0,4511.98,2214.15,762.64,1972.77,379.06,1241.62,0.0
1,129.0,27.72,33.67959999999999,23.596,89.5436,27.2,16.927599999999998,21.4824,8.2208,2015.0,129.0,3.7132,24.598399999999998,0.0,59.425200000000004,16.5004,4.598,10.485199999999999,2.6324,2015.0,129.0,17.254453333333334,30.35056,4.692480000000001,75.81824,22.388399999999997,11.263306666666665,16.772479999999998,5.549146666666667,2015.0,6120.68,3043.22,515.3,2120.81,274.2,894.06,0.03
2,145.0,30.0888,33.64040000000001,16.374399999999998,88.63159999999999,26.873600000000003,18.1116,20.746000000000002,8.209599999999998,2015.0,145.0,6.1376,23.930799999999998,0.0,57.8968,12.3672,2.0947999999999998,8.6896,2.1151999999999997,2015.0,145.0,20.207171428571428,28.693857142857144,2.8180266666666665,72.04632000000001,21.41437333333333,9.671333333333333,15.9052,4.4988,2015.0,6988.21,3926.19,456.03,2572.14,248.81,732.82,0.07
3,161.0,29.9088,34.9232,25.351999999999997,89.7328,31.9868,19.4588,24.973599999999998,5.4312,2015.0,161.0,4.9608,29.222800000000007,0.0,65.39959999999999,21.2656,12.9396,17.8964,1.7908,2015.0,161.0,19.344285714285714,32.83949333333334,7.84848,77.98189333333332,26.79066666666667,16.084159999999997,21.716533333333338,3.7887733333333333,2015.0,7977.49,5236.92,364.8,3309.51,207.92,692.47,0.73
4,177.0,29.462400000000002,35.3036,34.0368,88.0288,30.154799999999998,18.666800000000002,24.4256,6.1819999999999995,2015.0,177.0,5.3312,27.682000000000002,0.0,64.9904,22.7364,11.6656,17.859599999999997,1.5696,2015.0,177.0,18.08902857142857,31.85485333333333,9.907173333333336,75.96357333333331,26.254426666666667,15.523840000000003,21.237333333333332,3.566586666666666,2015.0,8227.35,5259.21,305.05,3203.22,173.31,604.27,0.93
5,193.0,27.998800000000003,36.2612,22.867200000000004,92.58000000000001,32.3652,22.7072,27.4288,5.1408000000000005,2015.0,193.0,9.1708,27.745600000000003,0.0,70.2372,20.9616,12.130799999999999,16.846799999999998,2.0048,2015.0,193.0,21.003066666666665,33.21434666666667,5.932933333333333,81.08197333333331,27.751973333333332,17.868533333333335,23.013226666666668,3.6710399999999996,2015.0,8318.12,5271.03,286.57,3179.1,164.04,560.43,0.0
6,209.0,27.8188,36.7324,32.17,87.2852,32.3848,22.945200000000003,26.4052,5.9272,2015.0,209.0,11.0048,28.2332,0.0,60.620000000000005,24.8116,14.058,20.400000000000002,1.7084000000000001,2015.0,209.0,22.868773333333333,31.79029333333333,6.042746666666667,72.27901333333332,28.554106666666662,17.801013333333334,23.329786666666667,3.486426666666667,2015.0,8301.93,5420.66,305.0,3332.29,172.29,618.95,0.35
7,225.0,25.81,35.6616,29.1748,94.37039999999999,30.945999999999998,20.455599999999997,25.48,7.183999999999999,2015.0,225.0,3.1432,26.543200000000002,0.0,63.0552,20.514400000000002,10.092,15.924799999999998,1.6048,2015.0,225.0,18.399466666666665,32.22024,6.524906666666666,75.07250666666667,27.05562666666667,17.06232,22.17696,3.50792,2015.0,8199.69,4771.15,277.71,2839.13,154.84,552.48,0.03
8,241.0,24.9016,35.251200000000004,21.413999999999998,86.22919999999999,32.862399999999994,21.866400000000002,27.0452,6.8596,2015.0,241.0,3.3284000000000002,25.0816,0.0,61.49759999999999,22.126,9.423200000000001,15.9132,1.8523999999999998,2015.0,241.0,19.09842666666667,31.236213333333332,1.7025866666666667,73.17621333333332,27.465359999999993,15.599573333333332,21.398853333333335,4.149840000000001,2015.0,7624.01,4036.42,326.49,2440.82,182.64,596.99,0.0
9,257.0,21.6328,36.0792,34.404399999999995,82.2444,30.9852,22.764,25.9548,7.638,2015.0,257.0,4.856,24.1704,0.0,56.508,19.235599999999998,6.8668,13.577200000000001,2.3876,2015.0,257.0,17.338239999999995,29.59328,6.179973333333333,68.35962666666667,25.543226666666666,13.56696,19.553200000000004,4.462186666666668,2015.0,7327.88,3793.24,362.3,2354.56,195.52,673.69,0.0
10,273.0,18.3292,33.288799999999995,10.507200000000001,76.41120000000001,28.4032,17.046,22.138400000000004,5.9612,2015.0,273.0,7.909599999999999,22.1596,0.0,56.0244,16.6548,4.4872000000000005,10.2276,1.2111999999999998,2015.0,273.0,15.217786666666669,27.987413333333336,1.6450666666666667,67.43832,22.63832,10.307680000000001,16.087466666666668,3.6356800000000002,2015.0,5813.91,2590.01,479.81,1816.25,249.51,781.15,0.0
11,289.0,15.8,31.82,19.0708,85.6488,28.188,12.012,18.6168,8.1072,2015.0,289.0,2.6208,20.688799999999997,0.0,44.193200000000004,11.633199999999999,-1.0132,5.8544,1.9572,2015.0,289.0,12.060906666666668,26.233866666666664,2.2337066666666665,56.22477333333333,19.429893333333332,6.718426666666667,12.710906666666668,5.131546666666667,2015.0,5546.31,2563.16,544.81,1903.45,271.18,1009.08,0.0
12,305.0,13.100000000000001,30.477600000000002,11.284,88.686,23.2232,10.14,15.107600000000001,7.762000000000001,2015.0,305.0,2.2156,19.6816,0.0,56.1108,10.023200000000001,-0.7080000000000001,4.646000000000001,2.3248,2015.0,305.0,8.850133333333334,25.303813333333327,3.1891428571428575,71.35301333333332,16.041333333333334,4.168826666666667,9.316026666666666,5.005066666666666,2015.0,5535.3,2007.78,415.35,1415.3,203.46,774.65,0.0
