,DOY,INSgdmax,RADmax,RAINmax,RHmax,TMAXmax,TMINmax,Tmax,WINDmax,YEAR,DOY,INSgdmin,RADmin,RAINmin,RHmin,TMAXmin,TMINmin,Tmin,WINDmin,YEAR,DOY,INSgdmean,RADmean,RAINmean,RHmean,TMAXmean,TMINmean,Tmean,WINDmean,YEAR,NDVI,EVI,RED,NIR,BLUE,MIR,pixrel
0,113.0,27.3116,30.172,9.5848,85.4248,23.8424,9.6464,16.474799999999995,9.4612,2015.0,113.0,5.375200000000001,19.0912,0.0,46.1364,10.8708,-3.3444000000000003,4.1052,2.354,2015.0,113.0,20.871794285714287,24.931279999999997,1.5346933333333332,59.71610666666666,17.37608,3.8634399999999998,10.788773333333333,5.076373333333334,2015.0,2271.87,1104.93,1004.19,1617.64,540.87,1973.15,0.69
1,129.0,28.4492,33.2312,13.7176,87.8196,28.000400000000006,14.565999999999999,19.8368,9.4468,2015.0,129.0,4.318,23.641599999999997,0.0,56.4296,10.4988,1.8319999999999999,7.077999999999999,2.904,2015.0,129.0,16.418266666666664,29.342346666666664,4.290853333333333,71.39741333333333,21.30176,9.264986666666667,15.377413333333333,6.210053333333333,2015.0,3200.88,1468.42,755.12,1546.87,404.15,1490.33,0.06
2,145.0,29.7968,32.5408,13.485199999999999,90.1668,27.842000000000002,13.9452,19.6676,9.5788,2015.0,145.0,5.7024,24.069599999999998,0.0,54.8556,11.9468,0.5108,6.848800000000001,2.374,2015.0,145.0,18.187857142857144,28.772771428571428,3.142453333333333,68.904,20.111093333333336,8.653839999999999,14.541626666666666,4.665760000000001,2015.0,4039.84,2052.72,767.77,1883.35,411.94,1670.66,0.37
3,161.0,29.587999999999997,34.059200000000004,21.0692,86.93520000000001,33.3268,18.5248,25.2924,6.9648,2015.0,161.0,5.4328,29.6208,0.0,57.82039999999999,18.386400000000002,12.3028,16.4556,2.3,2015.0,161.0,19.76137142857143,32.421146666666665,5.991626666666667,73.30808,26.05386666666667,15.131813333333334,20.744533333333333,4.39672,2015.0,6455.62,4200.46,590.02,3028.68,305.44,1226.62,0.79
4,177.0,30.1432,33.2312,14.462,81.2272,29.3676,17.5312,23.538,5.8347999999999995,2015.0,177.0,11.229999999999999,27.9884,0.0,59.9992,23.291599999999995,11.434800000000001,18.0088,1.6219999999999999,2015.0,177.0,22.823446153846156,31.45384,3.2540266666666664,68.26818666666668,26.804666666666662,15.310133333333333,21.373173333333334,3.624533333333333,2015.0,7854.99,6060.77,479.42,4222.18,242.86,825.18,0.79
5,193.0,29.790399999999998,35.4816,18.200400000000002,85.4588,33.0096,21.828000000000003,27.5364,6.572399999999999,2015.0,193.0,9.9236,25.3688,0.0,59.846000000000004,22.0,10.1808,16.1088,2.1807999999999996,2015.0,193.0,24.63272,32.541386666666675,4.784213333333333,72.39757333333333,28.39917333333333,17.218773333333335,23.20530666666667,3.97016,2015.0,7692.53,6040.66,543.25,4324.8,273.58,748.42,0.06
6,209.0,28.529600000000002,35.462,9.2416,85.94319999999999,33.3196,21.883200000000002,26.6008,5.3392,2015.0,209.0,11.5704,27.871199999999998,0.0,47.2356,25.740000000000002,13.296,20.159200000000002,1.8235999999999999,2015.0,209.0,23.557946666666663,31.74472,2.5041333333333333,61.979333333333344,29.511813333333336,17.199840000000002,23.549253333333333,3.66784,2015.0,7450.08,5638.95,564.31,4001.81,285.13,725.45,0.16
7,225.0,25.67,35.5784,31.594,92.71,32.15,19.778,25.5828,8.458799999999998,2015.0,225.0,3.9488000000000003,27.292,0.0,52.8872,20.419600000000003,8.9184,15.5064,1.9300000000000002,2015.0,225.0,18.111306666666664,32.18645333333334,6.904933333333334,68.53242666666667,27.659999999999997,16.748266666666666,22.142506666666662,4.243173333333334,2015.0,5833.61,3941.23,806.62,3164.2,385.09,1203.25,0.03
8,241.0,24.9912,35.848800000000004,17.3688,90.39520000000002,32.4748,22.525599999999997,26.742,8.0076,2015.0,241.0,6.476000000000001,24.7196,0.0,48.714,21.4072,8.9328,15.605599999999999,2.3100000000000005,2015.0,241.0,18.33085333333333,31.019360000000006,2.637973333333333,70.07605333333335,26.499840000000003,15.285386666666664,20.68072,5.00144,2015.0,5296.41,3238.35,827.74,2693.83,424.33,1319.65,0.0
9,257.0,21.2596,34.252399999999994,13.002799999999999,73.95519999999999,30.5516,18.892400000000002,24.321599999999997,9.371599999999999,2015.0,257.0,3.7544000000000004,24.48,0.0,46.906000000000006,19.331599999999998,6.2384,13.102799999999998,1.9228,2015.0,257.0,16.264586666666666,29.47234666666666,2.096213333333334,61.058400000000006,25.42677333333333,12.475173333333332,18.892293333333335,5.057413333333334,2015.0,4347.08,2465.86,875.43,2283.12,447.32,1515.04,0.0
10,273.0,18.0392,33.9624,25.053600000000003,91.7296,26.242,18.3124,19.9976,6.365600000000001,2015.0,273.0,4.554399999999999,22.7304,0.0,44.4736,15.5748,3.8544,9.9168,2.1028000000000002,2015.0,273.0,14.22138666666667,28.174666666666663,3.6552266666666666,65.64114666666667,20.856480000000005,9.746533333333332,14.967893333333333,4.298453333333334,2015.0,3513.76,1793.87,892.06,1892.16,465.93,1469.32,0.0
11,289.0,15.412000000000003,31.5608,5.4656,85.918,28.744799999999998,12.8424,19.7416,9.225999999999999,2015.0,289.0,2.6312,21.848,0.0,39.212399999999995,12.1208,0.256,5.8252,2.4656,2015.0,289.0,12.639199999999999,26.076506666666663,0.8693066666666667,55.25605333333334,19.63584,6.625066666666667,12.844426666666664,5.183626666666667,2015.0,3105.43,1396.63,787.1,1547.08,407.61,1405.04,0.24
12,305.0,12.6524,29.678399999999996,9.283999999999999,83.77959999999999,21.27,11.7724,15.3692,9.3808,2015.0,305.0,4.1504,19.802,0.0,52.680800000000005,7.386800000000001,-1.7428000000000001,4.123599999999999,2.7372,2015.0,305.0,8.801626666666667,25.037786666666662,3.279485714285715,68.41429333333332,14.965706666666666,3.3981600000000003,8.62592,5.5086400000000015,2015.0,3061.26,1145.3,633.03,1219.01,327.88,1033.52,0.74
