,DOY,INSgdmax,RADmax,RAINmax,RHmax,TMAXmax,TMINmax,Tmax,WINDmax,YEAR,DOY,INSgdmin,RADmin,RAINmin,RHmin,TMAXmin,TMINmin,Tmin,WINDmin,YEAR,DOY,INSgdmean,RADmean,RAINmean,RHmean,TMAXmean,TMINmean,Tmean,WINDmean,YEAR,NDVI,EVI,RED,NIR,BLUE,MIR,pixrel
0,113.0,27.369199999999996,30.828400000000002,13.5072,85.032,24.316000000000003,11.072799999999999,17.523600000000002,9.346400000000001,2015.0,113.0,3.7471999999999994,19.4072,0.0,46.3564,11.7512,-2.8775999999999997,4.8172,2.0244,2015.0,113.0,20.676746666666663,25.11965333333333,1.6568800000000001,60.177626666666676,17.905466666666666,4.4540533333333325,11.33912,4.911973333333333,2015.0,4112.84,2564.23,1086.87,2608.71,567.53,2272.94,0.54
1,129.0,28.4008,33.6712,17.614799999999995,86.4336,28.7072,15.644399999999997,20.808,9.372399999999999,2015.0,129.0,3.5320000000000005,23.6788,0.0,56.1464,12.398,2.73,8.4064,3.0759999999999996,2015.0,129.0,16.510373333333334,29.827119999999994,4.9886133333333325,71.71437333333333,22.107866666666666,10.195039999999999,16.217146666666668,6.0254666666666665,2015.0,5295.0,3380.25,819.54,2785.02,433.43,1627.91,0.02
2,145.0,29.2784,32.4988,14.1184,90.3356,27.9808,14.164000000000001,19.7024,8.6584,2015.0,145.0,6.2392,24.330800000000004,0.0,55.4916,13.3508,1.3268,7.944800000000001,2.5423999999999998,2015.0,145.0,18.274800000000003,29.179514285714284,2.889333333333333,69.75746666666666,20.557733333333335,9.04024,15.118826666666667,4.542986666666667,2015.0,5685.28,3592.11,736.39,2800.57,392.72,1444.24,0.04
3,161.0,29.5816,34.6124,21.845599999999997,89.7,33.5192,19.7908,25.516000000000002,6.5064,2015.0,161.0,5.9864,29.3688,0.0,57.76839999999999,20.17,11.913599999999999,17.872799999999998,2.2132,2015.0,161.0,20.197857142857142,32.687920000000005,7.286000000000001,75.30469333333332,26.288053333333334,15.62090666666667,21.199066666666663,4.17448,2015.0,5698.7,3838.6,838.4,3113.73,444.62,1920.94,0.11
4,177.0,30.4096,34.33160000000001,21.2804,81.36600000000001,30.010399999999997,18.2548,24.338399999999996,6.0908,2015.0,177.0,4.575200000000001,27.377599999999997,0.0,60.112,23.932000000000002,12.5916,18.74,1.1927999999999999,2015.0,177.0,21.375542857142854,31.97957333333333,4.363626666666667,70.7048,27.0428,15.843226666666663,21.705333333333336,3.6514133333333336,2015.0,6871.85,4498.22,565.7,3137.86,306.2,1333.03,0.84
5,193.0,29.9788,35.9516,22.2988,87.70159999999998,33.13720000000001,22.26,27.8444,6.408799999999999,2015.0,193.0,8.0104,25.7,0.0,61.6408,22.1128,11.2112,16.5836,1.8796,2015.0,193.0,24.176807619047615,32.89554666666666,5.799786666666666,74.16469333333332,28.773546666666665,17.90744,23.658693333333336,3.8222933333333335,2015.0,6972.15,4854.88,595.5,3440.62,320.88,1395.98,0.02
6,209.0,28.550000000000004,36.320800000000006,14.91,82.8012,34.6148,22.951600000000003,27.2096,5.1276,2015.0,209.0,8.521600000000001,28.580799999999996,0.0,49.676,25.968400000000003,13.682400000000001,20.3532,1.8987999999999996,2015.0,209.0,22.339173333333335,32.12909333333334,3.672746666666667,63.776506666666656,30.23128,17.749253333333332,24.114506666666667,3.39776,2015.0,7876.26,5517.13,411.33,3597.99,225.36,927.18,0.23
7,225.0,25.7576,35.1608,42.0604,92.052,32.2832,20.812400000000004,25.3904,8.1996,2015.0,225.0,3.2584,27.628400000000003,0.0,59.534800000000004,20.7132,9.5984,15.656799999999999,1.8936000000000002,2015.0,225.0,18.972320000000003,32.14066666666667,7.192613333333333,71.9428,27.44968,16.99928,22.290266666666664,3.8945333333333334,2015.0,7837.46,5577.02,433.51,3684.8,234.95,1003.67,0.02
8,241.0,25.279199999999996,35.477599999999995,16.5288,90.0728,32.5336,22.656399999999998,26.7696,6.9716,2015.0,241.0,4.896,24.7784,0.0,52.3148,21.7356,8.8636,15.7104,2.4368000000000003,2015.0,241.0,18.43522666666667,31.36408,2.1062666666666665,71.93685333333335,26.85968,15.550986666666667,20.965253333333333,4.741653333333333,2015.0,7588.44,5240.08,461.19,3486.59,252.66,902.07,0.02
9,257.0,21.560800000000004,34.47880000000001,15.592400000000001,78.1796,29.592399999999998,17.938000000000002,23.8168,9.002,2015.0,257.0,4.9876000000000005,24.2692,0.0,56.8336,19.4432,6.1824,12.9784,1.9356000000000002,2015.0,257.0,16.191253333333336,29.57965333333334,2.5502400000000005,68.04386666666666,24.90256,12.558293333333333,18.698346666666666,4.754186666666667,2015.0,7043.06,4646.61,531.57,3193.73,284.1,1082.45,0.01
10,273.0,18.3116,34.3604,35.2224,92.19479999999999,26.766799999999996,18.544400000000003,20.244000000000003,5.714,2015.0,273.0,6.050000000000001,22.6892,0.0,54.04639999999999,14.9148,3.7392000000000003,9.6372,1.6212,2015.0,273.0,14.874133333333333,28.152906666666667,4.884346666666667,70.76661333333334,20.89141333333334,9.940293333333333,15.064373333333336,3.9954666666666667,2015.0,6224.92,3818.35,642.23,2808.89,332.95,1225.62,0.0
11,289.0,15.627199999999998,31.668799999999997,7.537599999999999,86.0976,28.763600000000004,12.494,19.689999999999998,8.1212,2015.0,289.0,3.5012,21.4108,0.0,42.7328,12.4852,0.258,6.394399999999999,2.8512,2015.0,289.0,12.845946666666665,26.29544,1.1140266666666667,57.533519999999996,19.888026666666665,7.030933333333332,13.085173333333335,5.081226666666666,2015.0,4635.62,2798.9,964.44,2624.8,467.47,1688.91,0.03
12,305.0,13.0392,29.6536,6.6904,84.7312,21.7456,12.1228,15.579999999999998,9.03,2015.0,305.0,3.8663999999999996,19.868000000000002,0.0,54.7132,7.806799999999999,-1.1596000000000002,4.4236,3.3968,2015.0,305.0,9.270986666666667,24.949226666666668,1.927485714285714,69.80853333333333,15.373466666666666,3.6390133333333337,8.890533333333336,5.26808,2015.0,4016.61,2268.41,972.69,2286.46,487.53,1579.11,0.01
