,DOY,INSgdmax,RADmax,RAINmax,RHmax,TMAXmax,TMINmax,Tmax,WINDmax,YEAR,DOY,INSgdmin,RADmin,RAINmin,RHmin,TMAXmin,TMINmin,Tmin,WINDmin,YEAR,DOY,INSgdmean,RADmean,RAINmean,RHmean,TMAXmean,TMINmean,Tmean,WINDmean,YEAR,NDVI,EVI,RED,NIR,BLUE,MIR,pixrel
0,113.0,27.11,30.28,15.63,84.47,23.44,9.04,16.67,10.0,2015.0,113.0,3.49,18.5,0.0,47.72,8.13,-3.74,2.88,2.41,2015.0,113.0,18.934,24.874666666666666,3.0806666666666667,65.084,16.212,2.6733333333333333,9.586,5.4573333333333345,2015.0,4161.54,2042.78,776.99,1893.65,390.43,1437.13,0.06
1,129.0,27.29,32.8,14.53,93.15,25.73,14.21,19.58,8.36,2015.0,129.0,3.78,23.44,0.0,63.63,13.36,3.48,8.68,2.69,2015.0,129.0,17.59733333333333,29.008666666666667,3.4226666666666663,77.64999999999999,20.447333333333333,9.219333333333333,14.796666666666665,6.031333333333333,2015.0,6229.24,3203.81,508.57,2193.37,291.01,938.64,0.04
2,145.0,29.48,33.26,11.23,92.02,27.43,14.17,20.24,9.07,2015.0,145.0,4.75,23.8,0.0,51.71,9.96,0.68,6.7,1.51,2015.0,145.0,18.850714285714286,28.476428571428574,3.128666666666667,71.57799999999999,20.05,8.834000000000001,14.753999999999998,4.505333333333334,2015.0,7197.94,4172.58,420.52,2672.71,238.34,789.52,0.23
3,161.0,29.48,34.34,27.05,90.33,32.28,17.66,24.59,6.7,2015.0,161.0,3.49,29.09,0.0,66.48,19.08,11.21,16.75,2.13,2015.0,161.0,20.002857142857142,32.128,6.292666666666666,77.59333333333335,25.27733333333333,14.802,20.349333333333334,4.246,2015.0,8409.13,5550.68,250.5,3365.88,138.9,557.25,2.61
4,177.0,29.48,32.83,13.41,82.29,28.78,16.57,22.84,6.43,2015.0,177.0,5.29,26.68,0.0,68.14,21.23,9.46,16.39,1.89,2015.0,177.0,22.344285714285714,30.691333333333333,4.3759999999999994,74.17733333333332,25.49733333333334,14.255333333333335,20.257333333333335,3.463333333333333,2015.0,8442.04,5721.83,297.83,3493.38,195.21,594.64,0.06
5,193.0,28.66,35.42,23.39,91.73,31.16,21.52,25.98,6.43,2015.0,193.0,8.82,26.6,0.0,69.94,20.87,9.78,15.56,2.13,2015.0,193.0,22.564000000000007,32.32666666666667,4.938666666666666,80.13066666666667,26.91333333333334,16.35066666666667,22.064666666666668,3.936666666666666,2015.0,8507.72,5678.96,227.32,3395.72,132.51,548.4,2.55
6,209.0,28.12,35.42,16.48,90.0,29.93,21.03,24.75,5.97,2015.0,209.0,11.66,27.22,0.0,62.33,24.29,12.53,18.94,1.49,2015.0,209.0,24.544666666666668,30.950666666666667,2.955333333333334,74.482,26.934666666666672,15.95266666666667,21.772666666666666,3.7680000000000002,2015.0,8432.51,5750.57,261.66,3495.51,152.75,589.79,0.15
7,225.0,25.52,34.52,32.78,96.15,29.75,19.58,24.5,7.19,2015.0,225.0,3.17,26.17,0.0,65.2,19.1,8.98,15.24,2.06,2015.0,225.0,17.985999999999997,32.24066666666667,6.6113333333333335,78.02466666666668,25.858666666666668,16.222666666666665,21.145333333333337,3.764000000000001,2015.0,8305.23,5017.31,235.16,2952.26,132.41,524.88,2.55
8,241.0,24.55,36.14,17.1,94.34,29.32,21.45,24.94,7.77,2015.0,241.0,5.15,24.77,0.0,63.52,18.99,8.49,14.26,1.72,2015.0,241.0,18.294,30.963999999999995,2.293333333333334,81.57866666666668,24.695333333333334,14.792666666666667,19.533333333333335,4.566000000000001,2015.0,7602.18,4070.5,325.34,2448.06,188.57,610.09,0.01
9,257.0,20.81,35.1,18.07,86.12,28.69,17.97,22.92,8.83,2015.0,257.0,5.33,24.3,0.0,62.45,18.26,5.64,12.5,2.21,2015.0,257.0,15.605333333333332,29.29866666666667,3.0653333333333332,72.73266666666667,23.516000000000005,11.777333333333337,17.739333333333335,4.722,2015.0,7163.68,3658.62,360.26,2258.4,199.85,697.07,0.01
10,273.0,17.82,33.95,22.78,91.63,25.05,17.03,19.52,5.17,2015.0,273.0,2.74,21.74,0.0,53.45,13.68,3.13,8.79,1.37,2015.0,273.0,14.298666666666668,27.434,3.1333333333333333,73.38466666666666,19.9,8.969333333333335,14.037333333333331,3.7099999999999995,2015.0,5331.72,2285.44,486.04,1674.93,244.77,866.67,2.55
11,289.0,15.12,31.36,8.71,85.22,26.03,10.48,18.03,9.01,2015.0,289.0,2.48,20.66,0.0,50.0,9.25,-2.08,4.03,2.49,2015.0,289.0,11.928666666666665,25.809333333333335,0.8740000000000001,61.248000000000005,17.504,5.3373333333333335,11.262,5.3199999999999985,2015.0,4917.43,2105.94,560.24,1647.98,286.1,1036.86,0.07
12,305.0,11.56,30.24,11.7,86.56,20.65,10.49,14.24,8.36,2015.0,305.0,2.92,20.02,0.0,58.39,7.85,-1.67,3.35,2.55,2015.0,305.0,7.807333333333333,25.695333333333334,3.73,74.78133333333334,14.345333333333336,3.040666666666667,8.158666666666667,5.39,2015.0,4863.87,1635.13,396.52,1227.0,188.34,829.73,5.1
