,DOY,INSgdmax,RADmax,RAINmax,RHmax,TMAXmax,TMINmax,Tmax,WINDmax,YEAR,DOY,INSgdmin,RADmin,RAINmin,RHmin,TMAXmin,TMINmin,Tmin,WINDmin,YEAR,DOY,INSgdmean,RADmean,RAINmean,RHmean,TMAXmean,TMINmean,Tmean,WINDmean,YEAR,NDVI,EVI,RED,NIR,BLUE,MIR,pixrel
0,113.0,27.25,29.92,9.12,85.24,23.68,9.12,16.08,9.52,2015.0,113.0,5.98,18.94,0.0,46.31,10.56,-3.49,3.8,2.48,2015.0,113.0,20.920714285714283,24.84466666666667,1.6246666666666667,59.69799999999999,17.184,3.6073333333333335,10.560666666666666,5.155333333333334,2015.0,2109.54,922.71,907.76,1394.84,502.71,1739.87,0.54
1,129.0,28.48,33.01,12.41,88.78,27.67,14.09,19.47,9.43,2015.0,129.0,4.64,23.65,0.0,56.69,9.88,1.51,6.63,2.75,2015.0,129.0,16.505999999999997,29.130666666666663,4.006,71.532,20.97266666666667,8.898000000000001,15.045333333333334,6.259333333333333,2015.0,2744.53,1100.73,738.1,1303.0,405.28,1468.22,0.13
2,145.0,29.92,32.58,12.97,89.94,27.8,13.92,19.69,9.94,2015.0,145.0,5.4,23.98,0.0,54.85,11.44,0.2,6.44,2.29,2015.0,145.0,18.192857142857143,28.598571428571425,3.1319999999999997,68.722,19.973333333333336,8.515333333333333,14.341333333333331,4.714666666666668,2015.0,3872.86,1873.48,764.16,1759.92,418.07,1663.56,0.54
3,161.0,29.56,33.88,20.47,85.86,33.24,17.99,25.2,7.13,2015.0,161.0,5.15,29.66,0.0,57.98,17.72,12.44,15.96,2.3,2015.0,161.0,19.663571428571426,32.29533333333333,5.366666666666666,72.60733333333334,25.97266666666667,14.940666666666663,20.574666666666666,4.474,2015.0,6405.5,4473.62,629.03,3287.46,334.42,1321.71,0.95
4,177.0,30.02,32.8,12.81,81.44,29.11,17.24,23.23,5.72,2015.0,177.0,13.61,28.19,0.0,59.89,22.95,10.9,17.67,1.79,2015.0,177.0,23.26923076923077,31.226666666666667,2.956666666666666,67.52133333333333,26.67866666666667,15.041333333333334,21.211333333333332,3.6179999999999994,2015.0,7811.38,6117.97,513.02,4297.08,266.54,838.66,0.95
5,193.0,29.74,35.35,18.78,84.42,32.85,21.66,27.36,6.55,2015.0,193.0,10.66,25.24,0.0,59.65,21.93,9.73,15.91,2.36,2015.0,193.0,24.73266666666667,32.408666666666676,4.556666666666667,72.022,28.218666666666664,16.925333333333334,22.994000000000007,4.029333333333333,2015.0,7863.38,6412.01,534.99,4576.56,276.16,695.07,0.0
6,209.0,28.44,35.14,7.5,87.85,32.67,21.41,26.29,5.44,2015.0,209.0,12.78,27.58,0.0,46.88,25.6,13.1,20.05,1.79,2015.0,209.0,24.03133333333333,31.56533333333333,2.128,61.722666666666676,29.106000000000005,16.95866666666667,23.265333333333327,3.7719999999999994,2015.0,7241.3,5727.22,662.74,4235.73,336.85,767.16,0.28
7,225.0,25.6,35.78,26.4,93.2,32.01,19.33,25.65,8.54,2015.0,225.0,4.03,27.11,0.0,51.0,20.19,8.63,15.4,1.93,2015.0,225.0,17.708666666666666,32.21333333333334,6.736000000000001,67.36333333333333,27.688,16.63533333333333,22.06,4.3613333333333335,2015.0,5245.36,3589.48,1007.49,3186.74,475.72,1447.6,0.08
8,241.0,24.84,35.93,17.8,90.93,32.22,22.38,26.63,8.38,2015.0,241.0,6.84,24.7,0.0,47.93,21.2,9.0,15.53,2.24,2015.0,241.0,18.255999999999997,30.86200000000001,2.8233333333333324,69.87333333333335,26.235333333333333,15.175999999999998,20.515333333333334,5.067333333333333,2015.0,4790.55,3000.34,961.62,2712.14,497.9,1461.7,0.0
9,257.0,21.1,34.16,11.95,72.81,30.77,19.22,24.47,9.45,2015.0,257.0,3.13,24.55,0.0,43.63,19.2,6.16,13.1,1.92,2015.0,257.0,16.34,29.40999999999999,1.8733333333333335,58.93600000000001,25.534666666666663,12.39733333333333,18.90666666666667,5.150000000000001,2015.0,3657.5,2002.98,975.62,2120.44,502.8,1636.95,0.0
10,273.0,17.93,33.8,20.4,91.43,25.99,18.22,19.88,6.57,2015.0,273.0,4.0,22.68,0.0,41.5,15.74,3.86,9.97,2.24,2015.0,273.0,14.014000000000003,28.11866666666667,3.02,64.11533333333333,20.796000000000003,9.609333333333332,14.883333333333333,4.372000000000001,2015.0,2959.11,1383.3,861.21,1607.0,465.88,1506.35,0.06
11,289.0,15.3,31.46,4.76,86.03,28.56,12.82,19.68,9.66,2015.0,289.0,2.27,22.03,0.0,38.28,11.88,0.13,5.52,2.32,2015.0,289.0,12.525333333333332,25.956666666666663,0.8026666666666666,54.675333333333334,19.432000000000002,6.411333333333334,12.674,5.2073333333333345,2015.0,2821.89,1193.17,754.28,1377.04,409.31,1344.67,0.24
12,305.0,12.49,29.81,11.02,83.55,21.06,11.61,15.26,9.49,2015.0,305.0,4.03,19.76,0.0,52.02,7.23,-1.95,4.02,2.46,2015.0,305.0,8.531333333333334,25.08333333333333,3.9542857142857146,68.08333333333331,14.797333333333336,3.3033333333333332,8.514666666666667,5.600666666666668,2015.0,2893.2,1026.42,604.51,1115.04,324.59,967.61,0.59
