,DOY,INSgdmax,RADmax,RAINmax,RHmax,TMAXmax,TMINmax,Tmax,WINDmax,YEAR,DOY,INSgdmin,RADmin,RAINmin,RHmin,TMAXmin,TMINmin,Tmin,WINDmin,YEAR,DOY,INSgdmean,RADmean,RAINmean,RHmean,TMAXmean,TMINmean,Tmean,WINDmean,YEAR,NDVI,EVI,RED,NIR,BLUE,MIR,pixrel
0,113.0,27.266399999999997,31.7015,20.875000000000004,87.3519,24.8171,12.810599999999997,18.560499999999998,9.106300000000001,2015.0,113.0,4.273000000000001,19.4236,0.0,47.1582,11.2129,-1.9680999999999997,5.5513,1.7067,2015.0,113.0,19.655086666666666,25.686953333333342,2.964386666666667,62.777406666666664,18.505613333333336,5.2052933333333335,11.947933333333335,4.6414333333333335,2015.0,4962.56,3087.26,907.01,2709.27,471.79,1847.91,0.39
1,129.0,28.4762,33.4137,25.4879,89.58930000000001,27.6896,16.9924,21.4653,8.164200000000001,2015.0,129.0,3.9531,23.687599999999996,0.0,58.120400000000004,15.272000000000002,3.8231000000000006,10.2868,2.7548,2015.0,129.0,15.628600000000002,30.553073333333334,6.1968,75.96920666666668,22.62094666666667,11.511433333333336,17.036246666666667,5.484160000000001,2015.0,6896.72,4644.93,579.6,3261.87,312.94,1186.38,0.0
2,145.0,29.7899,33.667500000000004,16.8547,89.43629999999999,27.2793,16.261200000000002,19.997500000000002,7.2423,2015.0,145.0,6.219099999999999,24.1361,0.0,60.2148,13.498999999999999,2.1389,8.7375,2.8839,2015.0,145.0,18.12792142857143,29.24357857142857,2.311746666666666,73.65893333333334,21.05544666666666,9.763179999999998,15.610453333333332,4.355753333333333,2015.0,6985.74,4659.94,537.13,3205.32,292.88,986.42,0.0
3,161.0,30.126199999999997,35.9929,28.824199999999998,90.277,31.8568,19.766399999999997,25.3679,5.4283,2015.0,161.0,3.8572999999999995,29.325400000000002,0.0,63.6758,22.2072,13.3237,18.6002,1.7832,2015.0,161.0,18.267014285714286,33.30790666666667,8.83338,79.59752,26.67091333333333,16.378686666666667,21.849046666666666,3.4860333333333333,2015.0,6990.07,4788.73,584.45,3360.89,314.06,1347.85,0.0
4,177.0,30.112299999999998,35.900999999999996,30.5235,85.9978,31.573900000000002,19.4536,25.3825,6.377000000000001,2015.0,177.0,5.864599999999999,28.1196,0.0,61.307599999999994,23.1144,13.0079,18.473100000000002,1.7646,2015.0,177.0,19.653664285714285,32.41854,7.088180000000001,75.84151333333332,27.17064,16.205953333333333,22.075406666666666,3.756873333333333,2015.0,7865.58,5399.45,416.87,3505.96,229.71,926.47,0.93
5,193.0,29.1496,36.1551,29.052999999999997,89.9091,33.235,23.262,27.7307,5.4277999999999995,2015.0,193.0,4.9086,27.1166,0.0,67.7027,21.883899999999997,12.6329,17.2632,2.1962,2015.0,193.0,22.190469523809522,33.56495999999999,6.837886666666667,79.28544666666664,28.691493333333334,18.784433333333332,23.876966666666668,3.7542266666666673,2015.0,7876.6,5410.81,404.8,3495.43,223.49,798.25,0.0
6,209.0,28.2258,37.0851,34.8461,86.6633,34.0016,23.5051,27.142,5.254999999999999,2015.0,209.0,6.9155,28.833800000000004,0.0,53.753,26.1828,14.6241,20.985100000000003,1.8921000000000001,2015.0,209.0,21.48412666666667,32.94558666666667,5.768566666666667,69.48722,30.106899999999996,18.780953333333336,24.528806666666664,3.196539999999999,2015.0,7871.48,5849.01,462.43,3932.84,253.14,955.15,0.0
7,225.0,25.829700000000003,36.204899999999995,30.930799999999998,91.6992,32.6532,21.9015,25.8776,7.173400000000001,2015.0,225.0,1.4325,27.4211,0.0,60.0814,20.961000000000002,10.5076,16.1102,1.271,2015.0,225.0,18.91524,32.29558,7.20032,69.80497333333332,28.686639999999997,17.298553333333334,23.113653333333332,3.4941066666666667,2015.0,7968.12,5514.48,400.32,3565.46,219.51,869.14,0.0
8,241.0,25.171300000000002,35.435,14.9649,80.7491,34.9154,22.2472,28.143,6.343299999999999,2015.0,241.0,6.843500000000001,25.1174,0.0,51.952,23.0384,9.4883,16.869400000000002,1.9973,2015.0,241.0,18.828813333333333,31.588446666666655,2.1544133333333333,65.12467333333333,29.37294666666667,16.439353333333333,22.503526666666666,4.504946666666667,2015.0,7755.23,5056.8,408.01,3244.0,226.13,816.92,0.0
9,257.0,21.6523,35.7066,31.0028,84.43180000000001,32.3843,21.672,25.776799999999998,8.8941,2015.0,257.0,4.5776,24.3987,0.0,54.675399999999996,20.2658,6.715999999999999,14.105500000000001,2.2405,2015.0,257.0,17.99646666666667,30.02584666666667,6.107806666666667,66.82829333333335,26.29470666666667,13.933839999999998,19.99168,4.7149,2015.0,7241.37,4615.25,487.98,3077.06,267.57,927.76,0.03
10,273.0,18.5885,34.4613,24.1965,83.82600000000001,29.436,18.359499999999997,21.9408,5.92,2015.0,273.0,4.8293,22.492800000000003,0.0,51.4949,16.841500000000003,4.3004,10.6053,1.5135999999999998,2015.0,273.0,14.795569999999998,28.37883333333333,3.072726666666667,66.22633333333333,22.949233333333332,10.612073333333335,16.371286666666666,3.638186666666667,2015.0,6672.26,3973.95,531.12,2735.42,278.01,1051.45,0.0
11,289.0,15.9862,32.072500000000005,9.7802,84.25919999999999,29.5178,13.4884,19.7801,8.2482,2015.0,289.0,3.1910999999999996,21.3964,0.0,40.355900000000005,13.758300000000002,0.12530000000000002,6.832699999999999,2.5312,2015.0,289.0,13.335266666666667,26.50125333333333,1.4019133333333333,53.16720666666667,21.35892,7.897113333333332,14.107280000000001,5.031553333333333,2015.0,5503.29,3179.11,730.26,2526.81,367.93,1313.06,0.03
12,305.0,13.627699999999999,29.748399999999997,22.422199999999997,85.7849,24.1032,12.0442,15.700099999999999,8.125499999999999,2015.0,305.0,1.6773000000000002,20.0377,0.0,53.155100000000004,10.6248,-0.1525,5.3468,2.6399,2015.0,305.0,9.68746,24.93294666666667,3.4742428571428565,66.99858,16.887913333333334,4.541893333333333,9.86252,5.022120000000001,2015.0,5116.34,2837.71,755.87,2339.38,387.4,1306.68,0.03
