,DOY,INSgdmax,RADmax,RAINmax,RHmax,TMAXmax,TMINmax,Tmax,WINDmax,YEAR,DOY,INSgdmin,RADmin,RAINmin,RHmin,TMAXmin,TMINmin,Tmin,WINDmin,YEAR,DOY,INSgdmean,RADmean,RAINmean,RHmean,TMAXmean,TMINmean,Tmean,WINDmean,YEAR,NDVI,EVI,RED,NIR,BLUE,MIR,pixrel
0,113.0,27.481699999999996,31.3779,8.4551,86.3117,25.3326,13.374400000000001,19.5137,8.9255,2015.0,113.0,4.6318,19.4979,0.0,48.88550000000001,12.1556,-1.0007000000000001,5.8254,1.3339000000000003,2015.0,113.0,20.070526666666666,25.865346666666667,1.04578,63.15544666666666,19.020993333333337,5.24212,12.332273333333331,4.462526666666667,2015.0,4858.25,1939.92,446.09,1395.24,283.1,652.16,0.0
1,129.0,27.875999999999998,33.55,22.3444,89.951,27.055699999999998,17.2723,21.9351,7.1204,2015.0,129.0,5.140599999999999,24.269000000000002,0.0,57.9654,16.918599999999998,5.0924000000000005,11.871199999999998,2.4593,2015.0,129.0,17.499773333333334,30.756,5.612580000000001,76.96405999999999,23.20306,12.425906666666666,17.810019999999998,4.755326666666667,2015.0,5863.65,2437.98,378.0,1582.43,243.42,640.55,0.28
2,145.0,29.505000000000003,33.93770000000001,17.034100000000002,87.4853,26.4005,17.934,21.0973,6.6892,2015.0,145.0,5.9825,24.260200000000005,0.0,62.107600000000005,11.0961,2.726,8.6965,2.4223999999999997,2015.0,145.0,19.78974285714286,29.43337857142857,2.4404466666666664,74.19104,21.88379333333333,10.21129333333333,16.43054,4.1910799999999995,2015.0,6160.42,2959.86,396.98,1883.71,275.4,589.46,0.0
3,161.0,29.6025,36.5099,25.226599999999998,91.69569999999999,31.6148,20.957299999999996,25.9399,4.9245,2015.0,161.0,5.5164,30.133300000000002,0.0,67.49029999999999,21.2533,13.983600000000003,17.8145,1.4554,2015.0,161.0,18.617857142857144,33.83415333333333,7.9816199999999995,80.97021333333333,27.264586666666666,17.441419999999997,22.673953333333333,3.279113333333333,2015.0,7076.52,3531.29,301.72,2074.23,225.13,466.88,0.05
4,177.0,29.458799999999997,36.2315,47.9097,87.8485,30.8958,20.6507,25.8788,6.051500000000001,2015.0,177.0,4.5983,28.680999999999997,0.0,67.92169999999999,22.4784,12.7471,18.4728,1.956,2015.0,177.0,18.575414285714288,32.77579333333333,12.009453333333333,78.46569333333332,26.885806666666667,16.779520000000005,22.223713333333336,3.5607066666666665,2015.0,7334.02,3596.8,267.05,2075.07,199.04,447.46,0.49
5,193.0,28.1383,36.4304,25.472099999999998,92.46900000000001,32.697599999999994,23.8652,27.9673,4.9158,2015.0,193.0,7.714599999999999,30.319899999999997,0.0,73.9365,18.4041,12.6726,15.9327,1.9172,2015.0,193.0,20.569146666666665,33.95518666666666,6.369593333333333,83.69875333333333,27.97725333333333,19.00933333333333,23.645886666666666,3.42646,2015.0,7478.5,3671.54,263.07,2115.57,192.71,445.45,0.07
6,209.0,27.598300000000002,37.287099999999995,40.2604,88.28120000000001,31.4869,23.6157,26.9782,5.029599999999999,2015.0,209.0,11.943800000000001,29.315600000000003,0.0,66.6959,25.8148,15.3966,21.279900000000005,1.5455,2015.0,209.0,21.938733333333335,32.88109333333333,7.367946666666666,75.95505333333332,29.097186666666666,19.010033333333332,24.19702666666666,2.959366666666667,2015.0,7489.36,3661.02,264.96,2098.93,202.91,439.15,0.05
7,225.0,25.739799999999995,36.1254,30.575200000000002,92.8758,31.4011,21.156999999999996,25.645,6.220400000000001,2015.0,225.0,4.6318,27.1804,0.0,64.1979,21.700899999999997,10.8999,16.318099999999998,1.8102999999999998,2015.0,225.0,19.63736666666667,32.34618,5.401466666666667,75.60218666666668,28.181026666666668,17.65794,22.93862,3.12886,2015.0,7403.0,3408.27,247.18,1944.95,175.45,422.56,0.0
8,241.0,25.114599999999996,35.1123,14.494200000000001,82.18010000000001,33.874300000000005,21.9489,27.432199999999998,5.8402,2015.0,241.0,6.5747,25.310200000000002,0.0,57.10260000000001,24.3241,9.7556,17.1216,1.8677,2015.0,241.0,19.36578666666667,31.59603333333333,1.8642866666666669,69.37081333333333,29.070719999999998,16.219593333333336,22.485333333333333,3.77608,2015.0,6968.08,2870.55,233.01,1612.84,171.53,336.82,0.0
9,257.0,21.7069,36.4608,32.2381,84.89399999999999,32.0922,22.970100000000002,26.1297,6.8943,2015.0,257.0,4.7417,24.5262,0.0,55.34700000000001,20.2559,7.5826,14.375799999999998,2.4521,2015.0,257.0,18.055239999999998,30.40318,6.265733333333333,68.52498666666666,26.603466666666662,14.356499999999999,20.435380000000002,4.195906666666667,2015.0,6744.71,2652.66,258.45,1533.62,182.05,367.76,0.02
10,273.0,18.7387,33.1748,5.718,78.8586,29.109099999999998,16.8657,22.298300000000005,5.369299999999999,2015.0,273.0,6.7576,22.4485,0.0,54.2136,17.7636,4.9264,10.8978,1.4824,2015.0,273.0,14.764586666666666,28.656433333333336,0.6785266666666667,67.36598000000001,23.507019999999997,10.93932,16.86168666666667,3.3781999999999996,2015.0,5869.1,1962.87,312.53,1243.74,204.83,407.77,0.03
11,289.0,16.2218,32.6102,22.993299999999998,87.6594,28.2618,14.6265,19.1805,7.1706,2015.0,289.0,3.0906000000000002,21.105800000000002,0.0,42.512299999999996,13.588900000000002,-0.6223000000000001,6.3332,1.9688999999999997,2015.0,289.0,12.498206666666668,26.64852666666667,2.500206666666667,55.39219333333333,21.082733333333334,7.972326666666666,13.960866666666668,4.660526666666667,2015.0,6345.9,1889.9,217.12,1107.54,136.06,373.51,2.55
12,305.0,13.838900000000002,29.9229,7.930300000000001,91.4211,23.5736,10.343399999999999,15.848,6.8782,2015.0,305.0,1.9189,19.7698,0.0,57.5196,11.4467,-0.5805,5.072,2.3887,2015.0,305.0,9.225033333333332,25.049353333333336,2.460442857142857,72.07561333333332,16.708373333333334,4.550626666666668,9.889806666666667,4.408286666666666,2015.0,6367.99,1725.0,198.89,996.46,141.49,367.63,2.73
