,DOY,INSgdmax,RADmax,RAINmax,RHmax,TMAXmax,TMINmax,Tmax,WINDmax,YEAR,DOY,INSgdmin,RADmin,RAINmin,RHmin,TMAXmin,TMINmin,Tmin,WINDmin,YEAR,DOY,INSgdmean,RADmean,RAINmean,RHmean,TMAXmean,TMINmean,Tmean,WINDmean,YEAR,NDVI,EVI,RED,NIR,BLUE,MIR,pixrel
0,113.0,27.29,31.79,21.76,87.7,25.0,13.2,19.18,9.36,2015.0,113.0,5.04,19.4,0.0,48.35,11.03,-1.62,5.51,1.63,2015.0,113.0,19.672,25.735333333333344,2.7826666666666666,63.356,18.569333333333336,5.179333333333333,11.983333333333333,4.647333333333334,2015.0,4877.11,2329.88,649.74,1893.09,340.0,1141.09,0.03
1,129.0,28.37,33.16,23.24,90.02,27.43,16.78,21.66,7.94,2015.0,129.0,5.08,23.9,0.0,57.79,15.98,4.36,11.16,2.33,2015.0,129.0,15.939333333333336,30.521999999999995,5.496666666666667,76.37866666666666,22.802666666666667,11.910666666666668,17.294666666666668,5.312666666666667,2015.0,5657.72,2951.6,584.97,2171.88,313.38,1031.0,0.14
2,145.0,30.02,33.52,16.66,89.1,27.12,17.63,20.44,7.26,2015.0,145.0,6.52,24.26,0.0,61.56,12.85,2.31,9.18,2.76,2015.0,145.0,18.612142857142857,29.227142857142862,2.265333333333333,73.75333333333333,21.34533333333333,9.998,15.943999999999996,4.333333333333333,2015.0,6078.31,3186.87,525.38,2225.16,287.87,878.16,0.01
3,161.0,30.02,36.4,22.7,91.28,31.55,19.79,25.48,5.21,2015.0,161.0,2.99,29.88,0.0,66.26,22.75,13.66,18.73,1.5,2015.0,161.0,16.961428571428574,33.562,9.040666666666668,79.758,26.890000000000004,16.686666666666664,22.11533333333334,3.37,2015.0,6918.88,4133.33,485.02,2742.95,276.73,904.19,0.02
4,177.0,30.13,35.96,36.04,87.52,31.45,19.43,25.53,6.2,2015.0,177.0,7.67,27.86,0.0,62.11,23.02,12.53,18.42,1.8,2015.0,177.0,19.060714285714287,32.43466666666667,9.230666666666668,76.84333333333332,26.996,16.234666666666666,22.064000000000007,3.7140000000000004,2015.0,7492.62,4513.59,395.37,2854.2,231.19,746.43,0.08
5,193.0,28.3,36.22,31.59,90.8,33.53,23.38,27.89,5.18,2015.0,193.0,5.18,27.86,0.0,68.57,21.17,13.04,16.98,2.09,2015.0,193.0,21.829333333333338,33.67666666666666,6.626666666666668,80.40133333333333,28.598666666666666,18.81,23.816,3.6653333333333338,2015.0,7696.6,4514.04,349.62,2778.8,205.4,686.68,0.06
6,209.0,27.86,37.15,43.82,88.51,33.27,23.57,27.26,5.55,2015.0,209.0,5.47,28.94,0.0,56.88,26.23,14.63,21.05,1.78,2015.0,209.0,21.507333333333335,32.79533333333333,7.414666666666665,70.73133333333334,29.923999999999996,18.829333333333338,24.442666666666675,3.212666666666666,2015.0,7591.16,4481.85,379.33,2813.31,227.65,718.25,0.22
7,225.0,25.34,36.14,30.86,93.54,32.96,21.4,26.09,7.02,2015.0,225.0,1.58,27.25,0.0,60.99,21.02,10.72,16.24,1.33,2015.0,225.0,19.051333333333332,32.35733333333334,7.250666666666666,70.86933333333333,28.747999999999998,17.401999999999997,23.203333333333326,3.406,2015.0,7598.43,4039.23,328.03,2456.61,188.37,641.65,0.07
8,241.0,25.13,35.14,16.67,79.28,35.47,22.2,28.32,6.42,2015.0,241.0,5.87,25.2,0.0,52.07,23.77,9.86,17.07,1.72,2015.0,241.0,18.72733333333333,31.622666666666657,2.186666666666667,64.48,29.987333333333336,16.511333333333333,22.805999999999997,4.332666666666666,2015.0,7281.29,3702.4,350.85,2275.21,198.41,668.98,0.0
9,257.0,21.67,35.86,30.46,84.42,31.93,22.97,26.06,8.31,2015.0,257.0,4.79,24.44,0.0,55.82,20.49,7.07,14.43,2.27,2015.0,257.0,18.26,30.182,6.474000000000001,67.37266666666669,26.32066666666667,14.144666666666664,20.177333333333333,4.571333333333333,2015.0,6914.46,3326.76,377.2,2092.2,212.96,695.14,0.0
10,273.0,18.5,34.42,12.78,77.1,29.79,18.33,22.46,5.92,2015.0,273.0,6.44,22.54,0.0,52.02,16.93,4.56,10.8,1.49,2015.0,273.0,14.604999999999995,28.427999999999997,2.0693333333333332,65.65599999999999,23.375999999999998,10.718666666666667,16.675333333333334,3.5626666666666664,2015.0,5554.02,2422.46,487.14,1741.42,252.9,811.03,0.0
11,289.0,15.88,32.22,10.5,84.33,29.27,13.63,19.55,8.26,2015.0,289.0,3.02,21.42,0.0,40.94,13.54,-0.27,6.52,2.13,2015.0,289.0,12.937999999999999,26.488666666666674,1.7586666666666668,53.18333333333335,21.326666666666668,7.891999999999999,14.033333333333335,5.036666666666666,2015.0,5504.82,2193.23,468.77,1581.3,241.33,843.56,0.0
12,305.0,13.61,29.3,20.9,86.9,24.41,11.23,15.47,7.86,2015.0,305.0,1.4,20.02,0.0,54.4,11.38,-0.3,5.63,2.28,2015.0,305.0,9.474666666666668,24.95733333333333,3.4885714285714275,67.70933333333333,17.048000000000002,4.63,10.003333333333332,4.903333333333334,2015.0,5435.91,1954.88,433.37,1413.54,219.89,796.0,0.0
