,DOY,INSgdmax,RADmax,RAINmax,RHmax,TMAXmax,TMINmax,Tmax,WINDmax,YEAR,DOY,INSgdmin,RADmin,RAINmin,RHmin,TMAXmin,TMINmin,Tmin,WINDmin,YEAR,DOY,INSgdmean,RADmean,RAINmean,RHmean,TMAXmean,TMINmean,Tmean,WINDmean,YEAR,NDVI,EVI,RED,NIR,BLUE,MIR,pixrel
0,113.0,27.72,31.57,10.37,88.3,25.86,13.0,18.38,8.31,2015.0,113.0,4.03,20.41,0.0,45.57,14.32,-0.5,7.64,1.8,2015.0,113.0,19.19533333333333,26.287333333333333,1.860666666666667,63.141333333333336,19.56333333333333,6.253333333333334,13.143333333333334,4.332,2015.0,2767.34,1820.97,1592.63,2805.27,752.61,3059.19,0.19
1,129.0,28.48,33.34,32.61,89.18,28.42,18.07,22.07,9.7,2015.0,129.0,5.0,23.87,0.0,55.84,16.79,4.29,10.6,2.38,2015.0,129.0,14.938666666666668,30.947999999999993,6.144000000000001,72.73666666666668,23.78066666666666,12.223333333333333,18.040666666666667,5.580666666666665,2015.0,3331.79,2095.83,1325.49,2651.5,629.15,2788.06,0.55
2,145.0,29.48,33.19,23.45,90.08,27.83,16.08,20.18,6.38,2015.0,145.0,6.62,24.05,0.0,58.75,14.53,3.49,9.53,2.95,2015.0,145.0,16.382142857142856,29.885,3.6893333333333347,73.758,21.408,10.66,15.997333333333334,4.218,2015.0,3770.29,2441.43,1297.54,2842.51,622.17,2719.09,0.23
3,161.0,29.74,36.97,51.74,90.7,34.36,21.05,27.51,5.65,2015.0,161.0,7.24,29.84,0.0,59.05,21.01,14.98,18.49,1.89,2015.0,161.0,20.65,33.712,10.89733333333333,77.81466666666665,28.061333333333334,17.642,23.103999999999996,3.538666666666667,2015.0,5100.26,3809.33,1204.23,3682.18,601.88,2623.39,0.05
4,177.0,29.52,35.82,18.4,85.57,34.53,21.42,27.14,7.31,2015.0,177.0,6.8,30.02,0.0,63.27,23.62,15.12,20.36,1.99,2015.0,177.0,20.239285714285717,33.27066666666666,4.314000000000001,73.16800000000002,29.527333333333335,18.096666666666668,23.84333333333334,4.1259999999999994,2015.0,7889.73,6537.65,544.35,4658.59,293.38,1265.0,0.24
5,193.0,29.09,36.54,24.95,91.01,34.45,23.98,28.69,5.81,2015.0,193.0,5.98,28.58,0.0,64.56,22.56,14.58,18.45,2.13,2015.0,193.0,21.20533333333334,34.464666666666666,6.674666666666667,79.02333333333334,29.70866666666667,20.217333333333336,24.962666666666667,3.8993333333333338,2015.0,8731.62,7432.03,334.01,4977.8,184.55,857.31,0.0
6,209.0,27.94,37.8,24.65,82.47,35.09,23.53,28.35,4.64,2015.0,209.0,6.12,29.92,0.0,55.7,26.48,16.19,21.79,2.11,2015.0,209.0,22.127333333333336,33.92,3.6773333333333342,71.318,31.061333333333334,20.064000000000004,25.663333333333334,2.979333333333334,2015.0,9068.84,7572.05,234.68,4877.47,130.32,645.03,0.91
7,225.0,26.21,36.79,42.17,79.47,34.33,24.9,28.12,6.07,2015.0,225.0,4.07,28.4,0.0,48.81,24.54,12.31,18.0,1.72,2015.0,225.0,20.1,32.36599999999999,6.2860000000000005,64.04,30.774,18.184,24.415999999999993,3.6226666666666665,2015.0,8923.14,7175.19,253.35,4589.42,139.56,700.88,0.0
8,241.0,25.6,36.4,16.73,75.08,37.88,23.55,29.92,6.76,2015.0,241.0,7.67,26.06,0.0,42.45,25.62,9.99,19.15,2.14,2015.0,241.0,19.788666666666668,32.49333333333333,2.872,55.83599999999999,32.175999999999995,18.061333333333334,24.632,4.854,2015.0,8151.25,5940.28,381.35,3853.2,211.66,781.19,0.0
9,257.0,22.07,37.44,25.14,77.18,36.97,23.32,28.36,10.0,2015.0,257.0,3.28,25.49,0.0,43.8,23.31,9.49,16.25,2.21,2015.0,257.0,17.548,31.204666666666657,5.341333333333333,58.07666666666668,29.59466666666667,15.973333333333333,22.327999999999996,5.091333333333334,2015.0,6084.9,3690.07,620.81,2739.87,318.68,1046.34,0.05
10,273.0,18.83,35.28,10.86,79.6,30.9,20.05,23.33,4.86,2015.0,273.0,9.58,23.36,0.0,45.93,16.63,4.82,11.31,1.1,2015.0,273.0,15.792666666666667,29.002000000000006,1.8206666666666669,61.57133333333334,24.476,11.637333333333334,17.561999999999998,3.348666666666667,2015.0,4197.24,2353.64,956.56,2329.71,463.99,1572.76,0.0
11,289.0,16.74,32.87,12.3,72.9,32.56,16.26,21.88,9.3,2015.0,289.0,6.16,23.29,0.0,31.25,17.15,2.92,9.42,3.38,2015.0,289.0,13.826666666666664,27.48266666666667,1.6200000000000003,45.94533333333333,24.34133333333334,10.140000000000002,16.796,5.199333333333333,2015.0,3273.13,2163.31,1415.56,2769.37,674.32,2063.25,0.69
12,305.0,14.29,29.56,6.2,84.3,25.9,13.09,17.06,7.61,2015.0,305.0,3.96,20.38,0.0,46.87,12.28,0.31,6.3,2.57,2015.0,305.0,10.699333333333334,24.877333333333333,0.9442857142857143,62.23466666666666,18.591333333333335,5.308000000000001,11.106,4.709999999999999,2015.0,2889.3,1911.84,1472.21,2659.25,716.45,2237.66,0.72
